49 8782 0:0 51
50 337 0:0 51
50 8781 0:0 51
50 8778 0:0 51
50 8779 0:0 51
50 8783 0:0 51
105 8929 21:0 113
112 8930 0:0 113
112 8931 21:0 179
177 8932 0:0 179
181 8962 21:0 189
188 8963 0:0 189
188 8964 21:0 255
253 8965 0:0 255
257 8995 21:0 265
264 8997 0:0 265
264 8996 0:0 265
265 8998 21:0 331
333 9028 0:0 336
338 9029 21:0 396
340 9030 0:0 341
395 9031 0:0 407
409 9061 0:0 412
414 9062 21:0 472
416 9063 0:0 417
471 9064 0:0 483
485 9094 21:0 493
492 9096 0:0 493
492 9095 21:0 559
557 9097 0:0 559
561 9127 0:0 564
566 9128 21:0 624
568 9129 0:0 569
623 9130 0:0 635
637 9160 21:0 645
642 9162 0:0 645
642 9161 0:0 645
645 9163 21:0 711
713 9193 0:0 716
718 9194 21:0 776
720 9195 0:0 721
775 9196 0:0 787
789 9226 21:0 797
796 9227 0:0 797
796 9228 21:0 863
861 9229 0:0 863
865 9259 21:0 873
872 9260 0:0 873
872 9261 21:0 939
937 9262 0:0 939
941 9292 21:0 949
948 9293 0:0 949
948 9294 0:0 949
949 9295 21:0 1015
1017 9325 0:0 1020
1022 9327 21:0 1080
1024 9326 0:0 1025
1079 9328 0:0 1091
1093 9358 21:0 1101
1100 9360 0:0 1101
1100 9359 0:0 1101
1101 9361 21:0 1167
1169 9391 21:0 1177
1176 9393 0:0 1177
1176 9392 0:0 1177
1177 9394 21:0 1243
1245 9424 0:0 1248
1250 9426 21:0 1308
1252 9425 0:0 1253
1307 9427 0:0 1319
1425 9503 21:0 1435
1463 9427 1:0 1698
1464 9426 1:0 1705
1472 9425 1:0 1704
1472 9424 1:0 1714
1478 9394 1:0 1820
1585 9392 1:0 1826
1586 9393 1:0 1827
1586 9391 1:0 1836
1594 9361 1:0 1942
1594 9359 1:0 1948
1604 9360 1:0 1949
1707 9358 1:0 1958
1708 9328 1:0 2064
1708 9327 1:0 2071
1716 9326 1:0 2070
1722 9325 1:0 2080
1740 9295 1:0 2186
1829 9294 1:0 2193
1830 9293 1:0 2192
1838 9292 1:0 2202
1838 9262 1:0 2308
1844 9261 1:0 2315
1847 9705 21:0 1869
1863 9260 1:0 2314
1951 9259 1:0 2324
1952 9229 1:0 2430
1960 9227 1:0 2436
1960 9228 1:0 2437
1966 9226 1:0 2446
1969 9762 21:0 1991
2073 9196 1:0 2552
2074 9194 1:0 2558
2074 9195 1:0 2559
2082 9193 1:0 2568
2082 9163 1:0 2674
2091 9819 21:0 2113
2092 9162 1:0 2681
2195 9161 1:0 2680
2196 9160 1:0 2690
2196 9130 1:0 2796
2204 9128 1:0 2802
2210 9129 1:0 2803
2228 9127 1:0 2812
2317 9097 1:0 2918
2318 9095 1:0 2924
2326 9096 1:0 2925
2326 9094 1:0 2934
2332 9064 1:0 3040
2439 9062 1:0 3046
2440 9063 1:0 3047
2440 9061 1:0 3056
2448 9031 1:0 3162
2448 9029 1:0 3168
2458 9030 1:0 3169
2472 335 1:0 3648
2561 9028 1:0 3178
2562 8998 1:0 3284
2570 8996 1:0 3290
2570 8997 1:0 3291
2576 8995 1:0 3300
2579 10047 21:0 2601
2595 8965 1:0 3406
2683 8964 1:0 3413
2684 8963 1:0 3412
2692 8962 1:0 3422
2692 8932 1:0 3528
2698 8931 1:0 3535
2805 8930 1:0 3534
2806 8929 1:0 3544
3067 10275 21:0 3089
3311 10389 21:0 3333
3646 334 21:0 3696
3696 10565 21:0 3712
3714 10580 21:0 3722
3721 10581 0:0 3722
3721 10582 0:0 3722
3721 10579 0:0 3722
3722 10583 21:0 3788
3790 10613 21:0 3798
3791 29 0:0 3793
3797 10614 0:0 3798
3797 10615 21:0 3864
3862 10616 0:0 3864
3866 10646 21:0 3874
3867 47 0:0 3869
3873 51 0:0 3874
3873 10648 0:0 3874
3873 10647 21:0 3940
3928 10662 0:0 3929
3938 10649 0:0 3940
3939 10677 0:0 3940
3942 10679 21:0 3950
3949 10680 0:0 3950
3949 10678 0:0 3950
3949 10681 21:0 4016
3998 10691 0:0 4000
4004 10695 0:0 4005
4014 10682 0:0 4016
4018 10712 21:0 4026
4025 10713 0:0 4026
4025 10714 21:0 4092
4090 10715 0:0 4092
4091 10717 0:0 4092
4094 10745 21:0 4102
4101 10746 0:0 4102
4101 10747 21:0 4168
4150 10757 0:0 4152
4156 10764 0:0 4157
4166 10748 0:0 4168
4170 10778 21:0 4178
4177 10777 0:0 4178
4177 10780 0:0 4178
4177 10779 21:0 4244
4190 10770 0:0 4192
4242 10781 0:0 4244
4246 10811 21:0 4254
4247 137 0:0 4249
4253 10813 0:0 4254
4253 141 0:0 4254
4253 10812 21:0 4320
4308 10829 0:0 4309
4308 10827 0:0 4309
4318 10814 0:0 4320
4319 10816 0:0 4320
4319 10842 0:0 4320
4322 10844 21:0 4330
4329 10846 0:0 4330
4329 10845 21:0 4396
4342 10836 0:0 4344
4343 10855 0:0 4344
4394 10847 0:0 4396
4398 10877 21:0 4406
4405 10879 0:0 4406
4405 10878 21:0 4472
4470 10880 0:0 4472
4474 10910 21:0 4482
4481 195 0:0 4482
4481 10909 0:0 4482
4481 10912 0:0 4482
4481 10911 21:0 4548
4530 10922 0:0 4532
4536 10928 0:0 4537
4546 10913 0:0 4548
4550 10943 21:0 4558
4557 10944 0:0 4558
4557 10945 21:0 4624
4622 10946 0:0 4624
4626 10976 21:0 4634
4633 10977 0:0 4634
4633 10978 21:0 4700
4646 229 0:0 4648
4688 10994 0:0 4689
4698 10979 0:0 4700
4699 10981 0:0 4700
4702 11009 21:0 4710
4709 11011 0:0 4710
4709 11010 21:0 4776
4774 11012 0:0 4776
4778 11042 21:0 4786
4785 11044 0:0 4786
4785 267 0:0 4786
4785 11043 21:0 4852
4799 11053 0:0 4800
4840 11058 0:0 4841
4850 11045 0:0 4852
4854 11075 21:0 4862
4861 11076 0:0 4862
4861 11077 21:0 4928
4926 11078 0:0 4928
4930 11108 21:0 4938
4937 11110 0:0 4938
4937 303 0:0 4938
4937 11109 21:0 5004
5002 11111 0:0 5004
5006 11141 21:0 5014
5034 11154 21:0 5044
5043 10690 21:0 5067
5066 11062 21:0 5067
5066 10882 21:0 5070
5075 11141 1:0 5083
5076 11111 1:0 5196
5085 11109 1:0 5203
5085 11110 1:0 5204
5091 303 1:0 5209
5091 11108 1:0 5214
5094 9534 21:0 5118
5112 11078 1:0 5327
5206 11077 1:0 5335
5207 11076 1:0 5334
5207 11075 1:0 5345
5216 11062 1:0 5375
5216 11058 1:0 5384
5216 11053 1:0 5437
5216 11045 1:0 5458
5222 11043 1:0 5465
5225 9591 21:0 5249
5243 11044 1:0 5466
5243 267 1:0 5471
5335 9641 21:0 5340
5337 11042 1:0 5476
5337 9705 1:0 5485
5338 11012 1:0 5589
5346 9645 21:0 5349
5347 11010 1:0 5596
5347 11011 1:0 5597
5350 11009 1:0 5607
5353 9762 1:0 5616
5353 10994 1:0 5646
5356 9648 21:0 5380
5373 10979 1:0 5720
5374 10981 1:0 5704
5468 229 1:0 5722
5468 10978 1:0 5728
5469 10977 1:0 5727
5478 10976 1:0 5738
5478 9819 1:0 5747
5478 10946 1:0 5851
5484 10945 1:0 5859
5504 10944 1:0 5858
5599 10943 1:0 5869
5599 10928 1:0 5908
5599 10922 1:0 5934
5600 10913 1:0 5982
5609 10911 1:0 5989
5609 10912 1:0 5990
5609 10909 1:0 5993
5615 10910 1:0 6000
5617 195 1:0 5995
5620 10882 1:0 6097
5730 10880 1:0 6113
5731 10878 1:0 6120
5731 10879 1:0 6121
5740 10877 1:0 6131
5740 10855 1:0 6223
5740 10847 1:0 6244
5748 10845 1:0 6251
5779 10846 1:0 6252
5859 9869 21:0 5864
5861 10844 1:0 6262
5862 10047 1:0 6271
5862 10842 1:0 6272
5862 10836 1:0 6277
5862 10827 1:0 6301
5862 10829 1:0 6301
5871 10816 1:0 6359
5871 10814 1:0 6375
5871 10812 1:0 6382
5877 10813 1:0 6383
5898 10811 1:0 6393
5910 141 1:0 6388
5992 137 1:0 6397
5993 10781 1:0 6506
5993 10779 1:0 6513
5993 10777 1:0 6517
6001 9930 21:0 6004
6002 10780 1:0 6514
6002 10778 1:0 6524
6005 10770 1:0 6539
6008 10764 1:0 6563
6008 10757 1:0 6589
6028 10748 1:0 6637
6121 9983 21:0 6126
6123 10747 1:0 6645
6124 10746 1:0 6644
6124 10745 1:0 6655
6133 10717 1:0 6752
6133 10715 1:0 6768
6133 10714 1:0 6776
6141 10713 1:0 6775
6172 10712 1:0 6786
6254 10275 1:0 6795
6254 10695 1:0 6825
6254 10691 1:0 6851
6254 10690 1:0 6878
6255 10682 1:0 6899
6263 10044 21:0 6266
6264 10680 1:0 6906
6264 10681 1:0 6907
6264 10678 1:0 6910
6270 10679 1:0 6917
6270 10677 1:0 6927
6272 10662 1:0 6956
6303 10649 1:0 7030
6385 10647 1:0 7037
6386 10648 1:0 7038
6386 51 1:0 7043
6395 10646 1:0 7048
6395 47 1:0 7052
6395 10389 1:0 7057
6401 10616 1:0 7161
6404 10104 21:0 6428
6406 10615 1:0 7169
6434 10614 1:0 7168
6516 10613 1:0 7179
6517 29 1:0 7183
6517 10583 1:0 7292
6526 10581 1:0 7299
6526 10582 1:0 7300
6526 10579 1:0 7303
6534 10580 1:0 7310
6537 10565 1:0 7349
6552 336 1:0 7421
6928 10332 21:0 6952
7038 10382 21:0 7043
7049 10386 21:0 7052
7419 335 21:0 7469
7487 12231 0:0 7490
7492 12233 21:0 7550
7494 12232 0:0 7495
7549 12234 0:0 7561
7550 12251 21:0 7561
7563 12264 0:0 7566
7568 12265 21:0 7626
7570 12266 0:0 7571
7583 31 0:0 7585
7625 12267 0:0 7637
7625 12283 21:0 7637
7636 12276 21:0 7637
7639 12297 21:0 7647
7646 12299 0:0 7647
7646 12296 0:0 7647
7646 51 0:0 7647
7646 12298 21:0 7713
7711 12300 0:0 7713
7715 12330 21:0 7723
7722 69 0:0 7723
7722 12332 0:0 7723
7722 12331 21:0 7789
7787 12333 0:0 7789
7788 12335 0:0 7789
7791 12363 21:0 7799
7798 12364 0:0 7799
7798 12365 21:0 7865
7847 12375 0:0 7849
7863 12366 0:0 7865
7867 12396 21:0 7875
7868 101 0:0 7870
7874 12397 0:0 7875
7874 12398 21:0 7941
7939 12399 0:0 7941
7940 12427 0:0 7941
7943 12429 21:0 7951
7944 119 0:0 7946
7950 12430 0:0 7951
7950 12431 21:0 8017
8005 12447 0:0 8006
8015 12432 0:0 8017
8016 12449 0:0 8017
8019 12462 21:0 8027
8026 12464 0:0 8027
8026 12461 0:0 8027
8026 12463 21:0 8093
8081 12480 0:0 8082
8091 12465 0:0 8093
8092 12467 0:0 8093
8095 12495 21:0 8103
8102 12497 0:0 8103
8102 12496 21:0 8169
8167 12498 0:0 8169
8171 12528 21:0 8179
8178 12529 0:0 8179
8178 177 0:0 8179
8178 12530 21:0 8245
8191 175 0:0 8193
8227 12540 0:0 8229
8243 12531 0:0 8245
8247 12561 21:0 8255
8254 195 0:0 8255
8254 12562 0:0 8255
8254 12563 21:0 8321
8309 12577 0:0 8310
8319 12564 0:0 8321
8320 12581 0:0 8321
8323 12594 21:0 8331
8330 12596 0:0 8331
8330 12595 21:0 8397
8395 12597 0:0 8397
8399 12627 21:0 8407
8406 12628 0:0 8407
8406 12629 21:0 8473
8471 12630 0:0 8473
8475 12660 21:0 8483
8476 245 0:0 8478
8482 12662 0:0 8483
8482 12661 21:0 8549
8495 247 0:0 8497
8496 12671 0:0 8497
8537 12676 0:0 8538
8537 12678 0:0 8538
8547 12663 0:0 8549
8551 12693 21:0 8559
8558 12695 0:0 8559
8558 12694 21:0 8625
8623 12696 0:0 8625
8627 12726 21:0 8635
8634 12727 0:0 8635
8634 12728 21:0 8701
8699 12729 0:0 8701
8703 12759 21:0 8711
8710 12761 0:0 8711
8710 12760 21:0 8777
8775 12762 0:0 8777
8776 12416 21:0 8782
8781 12599 21:0 8782
8781 285 21:0 8787
8807 12805 21:0 8817
8816 12792 21:0 8843
8848 12792 1:0 8856
8848 9534 1:0 8865
8849 12762 1:0 8969
8858 12760 1:0 8976
8858 12761 1:0 8977
8864 12759 1:0 8987
8864 285 1:0 9020
8866 9591 1:0 8996
8867 9534 21:0 8891
8869 9645 1:0 9071
8884 9641 1:0 9100
8977 9584 21:0 8982
8979 12729 1:0 9100
8980 12727 1:0 9107
8980 12728 1:0 9108
8989 12726 1:0 9118
8989 9648 1:0 9127
8989 12696 1:0 9231
8995 12694 1:0 9238
8998 9591 21:0 9022
9016 12695 1:0 9239
9110 12693 1:0 9249
9110 12678 1:0 9288
9110 12676 1:0 9288
9111 12671 1:0 9341
9111 12663 1:0 9362
9111 247 1:0 9364
9120 12661 1:0 9369
9120 12662 1:0 9370
9128 12660 1:0 9380
9129 9648 21:0 9153
9131 245 1:0 9384
9159 12630 1:0 9493
9239 9698 21:0 9244
9241 12629 1:0 9501
9242 12628 1:0 9500
9250 9702 21:0 9253
9251 12627 1:0 9511
9251 9869 1:0 9595
9251 12599 1:0 9608
9251 12597 1:0 9624
9257 12595 1:0 9631
9277 12596 1:0 9632
9370 9755 21:0 9375
9372 12594 1:0 9642
9372 12581 1:0 9672
9372 12577 1:0 9681
9373 9930 1:0 9755
9373 12564 1:0 9755
9382 12562 1:0 9762
9382 12563 1:0 9763
9382 195 1:0 9768
9388 12561 1:0 9773
9390 12540 1:0 9838
9421 12531 1:0 9886
9503 9983 1:0 9886
9504 175 1:0 9888
9504 12529 1:0 9893
9504 12530 1:0 9894
9513 177 1:0 9899
9513 12528 1:0 9904
9513 10044 1:0 10017
9519 12498 1:0 10017
9539 12496 1:0 10024
9632 9869 21:0 9637
9634 12497 1:0 10025
9635 12495 1:0 10035
9635 12480 1:0 10074
9635 12465 1:0 10148
9644 12467 1:0 10132
9644 12463 1:0 10155
9644 12461 1:0 10159
9650 12464 1:0 10156
9670 12462 1:0 10166
9671 12449 1:0 10196
9683 10104 1:0 10175
9763 9926 21:0 9768
9765 12447 1:0 10205
9766 12432 1:0 10279
9766 12431 1:0 10287
9775 12430 1:0 10286
9775 12429 1:0 10297
9775 119 1:0 10301
9775 12416 1:0 10327
9781 12427 1:0 10307
9786 12399 1:0 10410
9896 12398 1:0 10418
9897 12397 1:0 10417
9897 12396 1:0 10428
9897 101 1:0 10432
9906 12375 1:0 10493
9906 12366 1:0 10541
9912 12365 1:0 10549
9917 12364 1:0 10548
10027 12363 1:0 10559
10028 12335 1:0 10656
10028 12333 1:0 10672
10028 12331 1:0 10679
10037 12332 1:0 10680
10037 69 1:0 10685
10043 12330 1:0 10690
10043 10332 1:0 10699
10043 10386 1:0 10774
10045 10382 1:0 10803
10076 12300 1:0 10803
10158 12298 1:0 10810
10159 12299 1:0 10811
10159 12296 1:0 10814
10159 51 1:0 10816
10168 12297 1:0 10821
10168 12276 1:0 10851
10168 12283 1:0 10860
10174 12267 1:0 10934
10174 31 1:0 10936
10195 12265 1:0 10941
10289 12266 1:0 10942
10290 12264 1:0 10952
10290 12251 1:0 10982
10299 12234 1:0 11065
10299 12233 1:0 11073
10305 12232 1:0 11072
10325 12231 1:0 11083
10326 337 1:0 11194
10418 10211 21:0 10423
10570 10275 21:0 10594
10680 10325 21:0 10685
10701 10332 21:0 10725
10963 10446 21:0 10987
11084 10500 21:0 11087
11192 336 21:0 11242
11241 13861 21:0 11247
11255 13880 21:0 11258
11257 13869 21:0 11258
11260 13882 21:0 11268
11267 13883 0:0 11268
11267 13884 21:0 11334
11332 13885 0:0 11334
11336 13915 21:0 11344
11343 13916 0:0 11344
11343 13917 0:0 11344
11344 13918 21:0 11410
11398 13934 0:0 11399
11409 13914 21:0 11415
11412 13948 0:0 11415
11414 13933 21:0 11415
11417 13949 21:0 11475
11419 13950 0:0 11420
11474 51 21:0 11486
11474 13951 0:0 11486
11485 13968 21:0 11486
11488 13981 21:0 11496
11495 13983 0:0 11496
11495 13982 21:0 11562
11560 13984 0:0 11562
11561 69 21:0 11567
11564 14014 0:0 11567
11566 13940 21:0 11567
11569 14016 21:0 11627
11570 14013 0:0 11572
11571 14015 0:0 11572
11584 14006 0:0 11586
11626 14017 0:0 11638
11626 85 21:0 11638
11637 13865 21:0 11638
11640 14047 0:0 11643
11645 14048 21:0 11703
11647 14049 0:0 11648
11702 14050 0:0 11714
11702 103 21:0 11714
11713 14065 21:0 11714
11713 105 21:0 11719
11716 14080 0:0 11719
11718 14063 21:0 11719
11721 14082 21:0 11779
11723 14081 0:0 11724
11778 14083 0:0 11790
11778 14079 21:0 11790
11789 14099 21:0 11790
11792 14113 0:0 11795
11797 14115 21:0 11855
11799 14114 0:0 11800
11854 139 21:0 11866
11854 14116 0:0 11866
11868 14146 0:0 11871
11873 14147 21:0 11931
11875 14148 0:0 11876
11930 14149 0:0 11942
11930 157 21:0 11942
11941 14157 21:0 11942
11944 14179 0:0 11947
11949 14180 21:0 12007
11951 14181 0:0 11952
11964 175 0:0 11966
12006 14182 0:0 12018
12006 14197 21:0 12018
12017 14171 21:0 12018
12020 14212 21:0 12028
12027 14214 0:0 12028
12027 14213 21:0 12094
12076 14224 0:0 12078
12092 14215 0:0 12094
12096 14245 21:0 12104
12103 14247 0:0 12104
12103 213 0:0 12104
12103 14246 21:0 12170
12168 14248 0:0 12170
12172 14278 21:0 12180
12179 14280 0:0 12180
12179 14279 21:0 12246
12244 14281 0:0 12246
12248 14311 21:0 12256
12255 14312 0:0 12256
12255 14313 21:0 12322
12320 14314 0:0 12322
12324 14344 21:0 12332
12331 14345 0:0 12332
12331 14346 21:0 12398
12396 14347 0:0 12398
12400 14377 21:0 12408
12407 14379 0:0 12408
12407 14378 21:0 12474
12472 14380 0:0 12474
12476 14410 21:0 12484
12483 14412 0:0 12484
12483 14411 21:0 12550
12548 14413 0:0 12550
12552 14443 21:0 12560
12559 14244 21:0 12590
12631 14443 1:0 12639
12632 9534 1:0 12648
12632 9584 1:0 12723
12632 14413 1:0 12724
12641 6279 1:0 12792
12641 6280 1:0 12793
12641 6281 1:0 12802
12641 6282 1:0 12803
12641 6283 1:0 12812
12641 6284 1:0 12813
12647 14411 1:0 12849
12667 14412 1:0 12850
12721 14410 1:0 12860
12721 9591 1:0 12869
12734 6428 1:0 13023
12751 14380 1:0 13062
12800 6427 1:0 13014
12810 6426 1:0 13013
12822 6283 21:0 12844
12843 6279 0:0 12844
12843 6280 0:0 12844
12843 6284 0:0 12844
12843 6281 0:0 12844
12843 6282 0:0 12844
12852 6429 1:0 13024
12852 6430 1:0 13033
12852 6431 1:0 13034
12853 14378 1:0 13070
12862 14379 1:0 13071
12862 14377 1:0 13081
12862 9648 1:0 13090
12862 9702 1:0 13114
12862 9698 1:0 13165
12870 14347 1:0 13166
12873 6573 1:0 13234
12888 6574 1:0 13235
12889 6575 1:0 13244
12901 6576 1:0 13245
12901 6577 1:0 13254
12942 6578 1:0 13255
12942 6723 1:0 13466
12971 14346 1:0 13292
13021 6721 1:0 13456
13031 6720 1:0 13455
13033 6428 21:0 13065
13063 6430 0:0 13065
13064 6426 0:0 13065
13064 6427 0:0 13065
13064 6431 0:0 13065
13064 6429 0:0 13065
13073 14345 1:0 13291
13074 14344 1:0 13302
13074 9755 1:0 13386
13074 6722 1:0 13465
13083 6724 1:0 13475
13083 6725 1:0 13476
13083 14314 1:0 13504
13089 14313 1:0 13513
13109 14312 1:0 13512
13110 6867 1:0 13676
13163 14311 1:0 13523
13176 6868 1:0 13677
13193 14281 1:0 13725
13242 6869 1:0 13686
13244 6573 21:0 13286
13252 6870 1:0 13687
13284 6577 0:0 13286
13285 6578 0:0 13286
13285 6576 0:0 13286
13285 6575 0:0 13286
13285 6574 0:0 13286
13294 6871 1:0 13696
13294 6872 1:0 13697
13295 14279 1:0 13733
13295 14280 1:0 13734
13304 14278 1:0 13744
13304 14244 1:0 13777
13304 9869 1:0 13828
13304 7015 1:0 13898
13310 14248 1:0 13829
13312 7014 1:0 13897
13315 7016 1:0 13907
13330 7017 1:0 13908
13331 7018 1:0 13917
13343 7019 1:0 13918
13397 14246 1:0 13954
13414 14247 1:0 13955
13472 6723 21:0 13507
13505 6724 0:0 13507
13506 6722 0:0 13507
13506 6721 0:0 13507
13506 6720 0:0 13507
13506 6725 0:0 13507
13515 213 1:0 13960
13515 14245 1:0 13965
13515 9926 1:0 14049
13516 14224 1:0 14030
13516 7161 1:0 14118
13516 7162 1:0 14119
13516 7163 1:0 14128
13516 7164 1:0 14129
13516 7165 1:0 14138
13525 7166 1:0 14139
13525 14215 1:0 14168
13531 14213 1:0 14175
13536 14214 1:0 14176
13564 14212 1:0 14186
13605 14197 1:0 14225
13605 7308 1:0 14339
13634 14182 1:0 14271
13684 7309 1:0 14340
13686 6867 21:0 13728
13694 7310 1:0 14349
13726 6871 0:0 13728
13727 6869 0:0 13728
13727 6872 0:0 13728
13727 6870 0:0 13728
13727 6868 0:0 13728
13736 7311 1:0 14350
13736 7312 1:0 14359
13736 7313 1:0 14360
13736 175 1:0 14391
13737 14180 1:0 14396
13746 14181 1:0 14397
13746 14179 1:0 14407
13746 14171 1:0 14422
13746 14157 1:0 14440
13752 157 1:0 14491
13757 14149 1:0 14492
13772 7459 1:0 14580
13773 7455 1:0 14560
13785 7456 1:0 14561
13785 7457 1:0 14570
13826 7458 1:0 14571
13826 7460 1:0 14581
13855 14147 1:0 14617
13856 7607 1:0 14802
13904 7015 21:0 13949
13905 7602 1:0 14781
13915 7603 1:0 14782
13947 7018 0:0 13949
13948 7016 0:0 13949
13948 7014 0:0 13949
13948 7019 0:0 13949
13948 7017 0:0 13949
13957 14148 1:0 14618
13958 14146 1:0 14628
13958 139 1:0 14712
13958 7604 1:0 14791
13967 7605 1:0 14792
13967 7606 1:0 14801
13967 14116 1:0 14830
13973 14115 1:0 14839
13993 14114 1:0 14838
14047 14113 1:0 14849
14047 14099 1:0 14882
14060 14079 1:0 14933
14077 14083 1:0 14934
14126 7749 1:0 15002
14128 7161 21:0 14170
14136 7750 1:0 15003
14169 7166 0:0 14170
14169 7162 0:0 14170
14169 7163 0:0 14170
14169 7165 0:0 14170
14169 7164 0:0 14170
14178 7751 1:0 15012
14178 7752 1:0 15013
14178 7753 1:0 15022
14178 7754 1:0 15023
14179 14082 1:0 15060
14188 14081 1:0 15059
14188 14080 1:0 15070
14188 14063 1:0 15075
14188 14065 1:0 15103
14194 103 1:0 15103
14194 10211 1:0 15154
14194 7899 1:0 15234
14215 14050 1:0 15272
14227 7896 1:0 15223
14227 7897 1:0 15224
14268 7898 1:0 15233
14276 7900 1:0 15243
14281 7901 1:0 15244
14347 14048 1:0 15280
14349 7308 21:0 14391
14389 7312 0:0 14391
14390 7311 0:0 14391
14390 7310 0:0 14391
14390 7313 0:0 14391
14390 7309 0:0 14391
14399 14049 1:0 15281
14399 105 1:0 15286
14400 14047 1:0 15291
14400 85 1:0 15375
14400 8045 1:0 15454
14409 8043 1:0 15444
14409 8044 1:0 15445
14409 8046 1:0 15455
14409 8047 1:0 15464
14409 14017 1:0 15493
14415 8048 1:0 15465
14420 14016 1:0 15502
14448 14015 1:0 15501
14489 14013 1:0 15505
14518 14014 1:0 15512
14518 10275 1:0 15521
14519 69 1:0 15545
14568 14006 1:0 15527
14578 10325 1:0 15596
14590 7459 21:0 14612
14611 7456 0:0 14612
14611 7455 0:0 14612
14611 7458 0:0 14612
14611 7460 0:0 14612
14611 7457 0:0 14612
14620 8190 1:0 15665
14620 8191 1:0 15666
14620 8192 1:0 15675
14620 8193 1:0 15676
14621 8194 1:0 15685
14621 8195 1:0 15686
14621 13984 1:0 15714
14630 13982 1:0 15722
14630 13983 1:0 15723
14638 13981 1:0 15733
14641 10332 1:0 15742
14656 13968 1:0 15763
14657 8340 1:0 15897
14669 8337 1:0 15886
14669 8338 1:0 15887
14738 13951 1:0 15935
14739 8339 1:0 15896
14739 8341 1:0 15906
14740 8342 1:0 15907
14808 7607 21:0 14833
14831 7605 0:0 14833
14831 7604 0:0 14833
14832 7606 0:0 14833
14832 7603 0:0 14833
14832 7602 0:0 14833
14841 13949 1:0 15943
14842 13950 1:0 15944
14842 51 1:0 15949
14851 13948 1:0 15954
14851 13940 1:0 15956
14851 13933 1:0 15993
14851 13934 1:0 15993
14851 13918 1:0 16038
14857 8484 1:0 16107
14857 8485 1:0 16108
14857 8486 1:0 16117
14859 8487 1:0 16118
14862 8488 1:0 16127
14877 8489 1:0 16128
14931 13917 1:0 16165
14960 13916 1:0 16164
14960 13914 1:0 16168
15012 7749 21:0 15054
15052 7751 0:0 15054
15052 7753 0:0 15054
15053 7752 0:0 15054
15053 7754 0:0 15054
15053 7750 0:0 15054
15062 13915 1:0 16175
15062 13865 1:0 16180
15062 13869 1:0 16208
15063 10446 1:0 16184
15063 10500 1:0 16259
15063 8631 1:0 16328
15063 8632 1:0 16329
15063 8633 1:0 16338
15063 8634 1:0 16339
15072 8635 1:0 16348
15072 8636 1:0 16349
15072 13885 1:0 16378
15078 13884 1:0 16386
15098 13883 1:0 16385
15152 13882 1:0 16396
15152 13880 1:0 16401
15160 12805 1:0 16419
15165 11154 1:0 16419
15180 13861 1:0 16419
15180 9503 1:0 16429
15181 334 1:0 16480
15181 8780 1:0 16559
15231 8778 1:0 16549
15240 7899 21:0 15275
15241 8779 1:0 16550
15273 7897 0:0 15275
15273 7900 0:0 15275
15274 7901 0:0 15275
15274 7898 0:0 15275
15274 7896 0:0 15275
15283 8781 1:0 16560
15283 8782 1:0 16569
15283 8783 1:0 16570
15464 8045 21:0 15496
15494 8047 0:0 15496
15494 8043 0:0 15496
15494 8044 0:0 15496
15495 8048 0:0 15496
15495 8046 0:0 15496
15685 8192 21:0 15717
15715 8194 0:0 15717
15716 8191 0:0 15717
15716 8190 0:0 15717
15716 8195 0:0 15717
15716 8193 0:0 15717
15903 8340 21:0 15938
15936 8341 0:0 15938
15937 8339 0:0 15938
15937 8337 0:0 15938
15937 8342 0:0 15938
15937 8338 0:0 15938
16127 8486 21:0 16159
16157 8488 0:0 16159
16158 8487 0:0 16159
16158 8489 0:0 16159
16158 8485 0:0 16159
16158 8484 0:0 16159
16344 8631 21:0 16380
16378 8632 0:0 16380
16379 8634 0:0 16380
16379 8635 0:0 16380
16379 8636 0:0 16380
16379 8633 0:0 16380
16569 8780 21:0 67
