49 8782 0:0 51
49 8781 0:0 51
49 8780 0:0 51
49 8779 0:0 51
49 8778 0:0 51
50 337 0:0 51
105 8929 21:0 113
112 8931 0:0 113
112 8930 21:0 179
177 8932 0:0 179
181 8962 21:0 189
188 8963 0:0 189
188 8964 21:0 255
253 8965 0:0 255
257 8995 0:0 260
262 8997 21:0 320
264 8996 0:0 265
319 8998 0:0 331
333 9028 0:0 336
338 9029 21:0 396
340 9030 0:0 341
395 9031 0:0 407
409 9061 21:0 417
416 9062 0:0 417
416 9063 0:0 417
417 9064 21:0 483
485 9094 0:0 488
490 9095 21:0 548
492 9096 0:0 493
547 9097 0:0 559
561 9127 0:0 564
566 9128 21:0 624
568 9129 0:0 569
623 9130 0:0 635
637 9160 0:0 640
642 9162 21:0 700
644 9161 0:0 645
699 9163 0:0 711
713 9193 0:0 716
718 9195 21:0 776
720 9194 0:0 721
775 9196 0:0 787
789 9226 0:0 792
794 9227 21:0 852
796 9228 0:0 797
851 9229 0:0 863
865 9259 0:0 868
870 9261 21:0 928
872 9260 0:0 873
927 9262 0:0 939
941 9292 21:0 949
948 9294 0:0 949
948 9293 21:0 1015
1013 9295 0:0 1015
1017 9325 0:0 1020
1022 9326 21:0 1080
1024 9327 0:0 1025
1079 9328 0:0 1091
1093 9358 0:0 1096
1098 9359 21:0 1156
1100 9360 0:0 1101
1155 9361 0:0 1167
1169 9391 0:0 1172
1174 9392 21:0 1232
1176 9393 0:0 1177
1231 9394 0:0 1243
1250 9426 21:0 1308
1252 9425 0:0 1253
1307 9427 21:0 1324
1323 9424 21:0 1379
1378 9458 21:0 1400
1425 9503 21:0 1435
1434 9460 21:0 1459
1463 9460 1:0 1576
1464 9458 1:0 1582
1472 9427 1:0 1698
1472 9426 1:0 1705
1478 9425 1:0 1704
1481 9534 21:0 1503
1497 9424 1:0 1714
1584 9584 21:0 1588
1585 9394 1:0 1820
1586 9392 1:0 1826
1594 9393 1:0 1827
1594 9391 1:0 1836
1600 9361 1:0 1942
1619 9359 1:0 1948
1707 9360 1:0 1949
1708 9358 1:0 1958
1716 9645 21:0 1718
1716 9328 1:0 2064
1716 9326 1:0 2070
1722 9327 1:0 2071
1828 9698 21:0 1832
1829 9325 1:0 2080
1830 9295 1:0 2186
1830 9293 1:0 2192
1838 9294 1:0 2193
1838 9292 1:0 2202
1844 9262 1:0 2308
1847 9705 21:0 1869
1863 9261 1:0 2315
1951 9260 1:0 2314
1952 9259 1:0 2324
1960 9229 1:0 2430
1960 9227 1:0 2436
1966 9228 1:0 2437
2072 9812 21:0 2076
2073 9226 1:0 2446
2074 9196 1:0 2552
2074 9195 1:0 2559
2082 9816 21:0 2084
2082 9194 1:0 2558
2082 9193 1:0 2568
2088 9163 1:0 2674
2195 9162 1:0 2681
2196 9161 1:0 2680
2196 9160 1:0 2690
2204 9130 1:0 2796
2210 9128 1:0 2802
2228 9129 1:0 2803
2317 9127 1:0 2812
2318 9097 1:0 2918
2326 9095 1:0 2924
2326 9096 1:0 2925
2332 9094 1:0 2934
2438 9983 21:0 2442
2439 9064 1:0 3040
2440 9062 1:0 3046
2440 9063 1:0 3047
2448 9061 1:0 3056
2448 9031 1:0 3162
2454 9029 1:0 3168
2457 9990 21:0 2479
2561 9030 1:0 3169
2562 9028 1:0 3178
2562 8998 1:0 3284
2570 10044 21:0 2572
2570 8996 1:0 3290
2570 8997 1:0 3291
2576 8995 1:0 3300
2579 10047 21:0 2601
2595 8965 1:0 3406
2683 8964 1:0 3413
2684 8963 1:0 3412
2692 8962 1:0 3422
2692 8932 1:0 3528
2698 8930 1:0 3534
2702 335 1:0 3648
2805 8931 1:0 3535
2806 8929 1:0 3544
2814 10158 21:0 2816
3189 10332 21:0 3211
3433 10446 21:0 3455
3555 10503 21:0 3577
3646 334 21:0 3696
3659 10558 0:0 3660
3695 10559 21:0 3701
3709 10578 21:0 3712
3711 10566 21:0 3712
3714 10580 21:0 3722
3721 10582 0:0 3722
3721 10581 21:0 3788
3735 10591 0:0 3736
3786 10583 0:0 3788
3790 10613 21:0 3798
3797 10614 0:0 3798
3797 10615 21:0 3864
3862 10616 0:0 3864
3863 10644 0:0 3864
3863 10633 0:0 3864
3863 10618 0:0 3864
3866 10646 21:0 3874
3873 10647 0:0 3874
3873 10648 21:0 3940
3928 10665 0:0 3929
3938 10649 0:0 3940
3942 10679 21:0 3950
3949 10680 0:0 3950
3949 10681 21:0 4016
3962 67 0:0 3964
3963 10690 0:0 3964
4014 10682 0:0 4016
4018 10712 21:0 4026
4025 10713 0:0 4026
4025 10714 21:0 4092
4038 10704 0:0 4040
4039 10723 0:0 4040
4090 10715 0:0 4092
4094 10745 21:0 4102
4101 10746 0:0 4102
4101 10747 21:0 4168
4114 103 0:0 4116
4115 10756 0:0 4116
4156 10763 0:0 4157
4166 10748 0:0 4168
4167 10776 0:0 4168
4170 10778 21:0 4178
4177 10779 0:0 4178
4177 10780 21:0 4244
4226 10790 0:0 4228
4232 10794 0:0 4233
4242 10781 0:0 4244
4243 10783 0:0 4244
4246 10811 21:0 4254
4247 137 0:0 4249
4253 10813 0:0 4254
4253 10812 21:0 4320
4266 139 0:0 4268
4267 10822 0:0 4268
4318 10814 0:0 4320
4322 10844 21:0 4330
4329 10846 0:0 4330
4329 10845 21:0 4396
4394 10847 0:0 4396
4398 10877 21:0 4406
4405 10876 0:0 4406
4405 10878 0:0 4406
4405 10879 21:0 4472
4470 10880 0:0 4472
4471 10897 0:0 4472
4474 10910 21:0 4482
4481 10912 0:0 4482
4481 10911 21:0 4548
4536 10929 0:0 4537
4546 10913 0:0 4548
4550 10943 21:0 4558
4551 209 0:0 4553
4557 10944 0:0 4558
4557 10945 21:0 4624
4570 211 0:0 4572
4571 10954 0:0 4572
4612 10959 0:0 4613
4622 10946 0:0 4624
4623 10974 0:0 4624
4623 10963 0:0 4624
4626 10976 21:0 4634
4633 231 0:0 4634
4633 10978 0:0 4634
4633 10977 21:0 4700
4647 10987 0:0 4648
4698 10979 0:0 4700
4699 10981 0:0 4700
4702 11009 21:0 4710
4709 11010 0:0 4710
4709 11011 21:0 4776
4774 11012 0:0 4776
4778 11042 21:0 4786
4785 11044 0:0 4786
4785 11043 21:0 4852
4834 11054 0:0 4836
4850 11045 0:0 4852
4854 11075 21:0 4862
4861 11077 0:0 4862
4861 11076 21:0 4928
4926 11078 0:0 4928
4930 11108 21:0 4938
4937 11109 0:0 4938
4937 11110 21:0 5004
5002 11111 0:0 5004
5006 11141 21:0 5014
5034 11154 21:0 5044
5075 11141 1:0 5083
5076 9534 1:0 5092
5076 11111 1:0 5196
5076 9584 1:0 5196
5085 11109 1:0 5203
5085 11110 1:0 5204
5093 11108 1:0 5214
5094 9534 21:0 5118
5096 9645 1:0 5327
5124 11078 1:0 5327
5204 9584 21:0 5209
5206 11076 1:0 5334
5207 11077 1:0 5335
5216 11075 1:0 5345
5216 11054 1:0 5410
5216 11045 1:0 5458
5216 9698 1:0 5458
5222 11043 1:0 5465
5243 11044 1:0 5466
5337 11042 1:0 5476
5337 9705 1:0 5485
5338 11012 1:0 5589
5347 11010 1:0 5596
5347 11011 1:0 5597
5353 11009 1:0 5607
5353 9812 1:0 5691
5374 10979 1:0 5720
5386 9816 1:0 5720
5468 10987 1:0 5699
5468 10981 1:0 5704
5469 10977 1:0 5727
5469 10978 1:0 5728
5478 231 1:0 5733
5478 10976 1:0 5738
5478 10974 1:0 5748
5478 10963 1:0 5768
5478 10959 1:0 5777
5486 10946 1:0 5851
5489 10954 1:0 5830
5504 211 1:0 5853
5597 9755 21:0 5602
5599 10945 1:0 5859
5600 10944 1:0 5858
5600 10943 1:0 5869
5600 209 1:0 5873
5609 10929 1:0 5908
5609 10913 1:0 5982
5615 10911 1:0 5989
5618 9762 21:0 5642
5620 10912 1:0 5990
5648 10910 1:0 6000
5730 10897 1:0 6030
5730 9983 1:0 6113
5731 10880 1:0 6113
5731 10879 1:0 6121
5740 10878 1:0 6120
5740 10876 1:0 6124
5746 10877 1:0 6131
5746 9990 1:0 6140
5746 10044 1:0 6244
5767 10847 1:0 6244
5861 10845 1:0 6251
5862 10846 1:0 6252
5870 9873 21:0 5873
5871 10844 1:0 6262
5871 10047 1:0 6271
5871 10822 1:0 6354
5871 10814 1:0 6375
5871 139 1:0 6377
5877 10812 1:0 6382
5898 10813 1:0 6383
5992 10811 1:0 6393
5992 137 1:0 6397
5993 10794 1:0 6432
5993 10790 1:0 6458
5993 10158 1:0 6506
6001 9930 21:0 6004
6002 10783 1:0 6490
6002 10781 1:0 6506
6002 10780 1:0 6514
6008 10779 1:0 6513
6013 10778 1:0 6524
6028 10776 1:0 6534
6029 10763 1:0 6563
6123 10756 1:0 6616
6123 10748 1:0 6637
6124 103 1:0 6639
6124 10747 1:0 6645
6132 9987 21:0 6135
6133 10746 1:0 6644
6133 10745 1:0 6655
6139 10723 1:0 6747
6139 10715 1:0 6768
6142 9990 21:0 6166
6160 10714 1:0 6776
6254 10713 1:0 6775
6255 10712 1:0 6786
6255 10704 1:0 6801
6264 10690 1:0 6878
6264 10682 1:0 6899
6264 67 1:0 6901
6264 10681 1:0 6907
6270 10680 1:0 6906
6291 10679 1:0 6917
6303 10332 1:0 6926
6385 10665 1:0 6956
6386 10649 1:0 7030
6386 10648 1:0 7038
6394 10101 21:0 6397
6395 10647 1:0 7037
6395 10646 1:0 7048
6395 10644 1:0 7058
6398 10633 1:0 7078
6403 10616 1:0 7161
6406 10618 1:0 7145
6516 10615 1:0 7169
6517 10614 1:0 7168
6517 10613 1:0 7179
6517 10446 1:0 7188
6525 10158 21:0 6528
6526 10591 1:0 7271
6526 10583 1:0 7292
6529 10581 1:0 7299
6534 10582 1:0 7300
6565 10580 1:0 7310
6647 10559 1:0 7315
6647 10503 1:0 7319
6647 10578 1:0 7320
6647 10566 1:0 7349
6648 10558 1:0 7402
6648 336 1:0 7421
7049 10386 21:0 7052
7311 10500 21:0 7314
7321 10503 21:0 7345
7419 335 21:0 7469
7468 12209 21:0 7474
7474 12218 21:0 7485
7484 12214 21:0 7485
7487 12231 21:0 7495
7488 11 0:0 7490
7494 12233 0:0 7495
7494 12232 21:0 7561
7508 12242 0:0 7509
7559 12234 0:0 7561
7563 12264 21:0 7571
7570 12265 0:0 7571
7570 12266 21:0 7637
7583 12256 0:0 7585
7584 12275 0:0 7585
7635 12267 0:0 7637
7636 12295 0:0 7637
7639 12297 21:0 7647
7640 47 0:0 7642
7646 12299 0:0 7647
7646 12298 21:0 7713
7660 12308 0:0 7661
7711 12300 0:0 7713
7715 12330 21:0 7723
7722 12331 0:0 7723
7722 12332 21:0 7789
7735 12322 0:0 7737
7736 12341 0:0 7737
7771 12342 0:0 7773
7787 12333 0:0 7789
7788 12335 0:0 7789
7791 12363 21:0 7799
7792 83 0:0 7794
7798 12364 0:0 7799
7798 12365 21:0 7865
7863 12366 0:0 7865
7864 12368 0:0 7865
7867 12396 21:0 7875
7874 12397 0:0 7875
7874 12398 21:0 7941
7887 12388 0:0 7889
7939 12399 0:0 7941
7940 12401 0:0 7941
7940 12427 0:0 7941
7943 12429 21:0 7951
7950 12430 0:0 7951
7950 12431 21:0 8017
7999 12441 0:0 8001
8005 12447 0:0 8006
8015 12432 0:0 8017
8016 12449 0:0 8017
8019 12462 21:0 8027
8026 12464 0:0 8027
8026 12463 21:0 8093
8091 12465 0:0 8093
8092 12482 0:0 8093
8095 12495 21:0 8103
8102 12496 0:0 8103
8102 12497 21:0 8169
8115 157 0:0 8117
8167 12498 0:0 8169
8168 12515 0:0 8169
8171 12528 21:0 8179
8172 173 0:0 8174
8178 12529 0:0 8179
8178 12530 21:0 8245
8192 12539 0:0 8193
8233 12544 0:0 8234
8243 12531 0:0 8245
8247 12561 21:0 8255
8254 12563 0:0 8255
8254 12562 21:0 8321
8319 12564 0:0 8321
8323 12594 21:0 8331
8330 12596 0:0 8331
8330 12595 21:0 8397
8343 12586 0:0 8345
8395 12597 0:0 8397
8396 12625 0:0 8397
8399 12627 21:0 8407
8400 227 0:0 8402
8406 12629 0:0 8407
8406 12626 0:0 8407
8406 12628 21:0 8473
8461 12645 0:0 8462
8471 12630 0:0 8473
8475 12660 21:0 8483
8482 12661 0:0 8483
8482 12662 21:0 8549
8496 12671 0:0 8497
8531 12672 0:0 8533
8547 12663 0:0 8549
8551 12693 21:0 8559
8558 12694 0:0 8559
8558 12695 21:0 8625
8623 12696 0:0 8625
8624 12713 0:0 8625
8627 12726 21:0 8635
8634 12727 0:0 8635
8634 12728 21:0 8701
8699 12729 0:0 8701
8703 12759 21:0 8711
8710 12761 0:0 8711
8710 12760 21:0 8777
8775 12762 0:0 8777
8779 12792 21:0 8787
8807 12805 21:0 8817
8816 12315 21:0 8840
8839 12346 21:0 8840
8848 12792 1:0 8856
8849 9534 1:0 8865
8849 9584 1:0 8969
8849 12762 1:0 8969
8858 12760 1:0 8976
8858 12761 1:0 8977
8866 12759 1:0 8987
8867 9534 21:0 8891
8885 12729 1:0 9100
8979 12728 1:0 9108
8980 12727 1:0 9107
8989 12726 1:0 9118
8989 12713 1:0 9148
8989 12696 1:0 9231
8995 12695 1:0 9239
8998 9591 21:0 9022
9015 12694 1:0 9238
9110 12693 1:0 9249
9110 12672 1:0 9314
9111 12671 1:0 9341
9111 12663 1:0 9362
9111 9755 1:0 9362
9120 12661 1:0 9369
9120 12662 1:0 9370
9126 12660 1:0 9380
9126 9762 1:0 9389
9128 12645 1:0 9419
9129 9648 21:0 9153
9147 12630 1:0 9493
9239 9698 21:0 9244
9241 12628 1:0 9500
9242 12629 1:0 9501
9242 12626 1:0 9504
9251 12627 1:0 9511
9251 227 1:0 9515
9251 12625 1:0 9521
9251 9873 1:0 9624
9251 12597 1:0 9624
9259 12595 1:0 9631
9260 9705 21:0 9284
9278 12596 1:0 9632
9372 12594 1:0 9642
9372 12586 1:0 9657
9373 12564 1:0 9755
9373 9930 1:0 9755
9382 12562 1:0 9762
9382 12563 1:0 9763
9388 12561 1:0 9773
9390 12544 1:0 9812
9391 9762 21:0 9415
9393 9987 1:0 9886
9421 12531 1:0 9886
9503 12539 1:0 9865
9504 12529 1:0 9893
9504 12530 1:0 9894
9513 12528 1:0 9904
9513 173 1:0 9908
9513 9990 1:0 9913
9513 12515 1:0 9934
9519 12498 1:0 10017
9539 12497 1:0 10025
9540 157 1:0 10019
9632 9869 21:0 9637
9634 12496 1:0 10024
9635 12495 1:0 10035
9635 12482 1:0 10065
9643 9873 21:0 9646
9644 10101 1:0 10148
9644 12465 1:0 10148
9644 12463 1:0 10155
9650 12464 1:0 10156
9655 12462 1:0 10166
9670 12449 1:0 10196
9671 12441 1:0 10231
9683 12447 1:0 10205
9765 10158 1:0 10279
9766 12432 1:0 10279
9766 12431 1:0 10287
9774 9930 21:0 9777
9775 12430 1:0 10286
9775 12429 1:0 10297
9775 12427 1:0 10307
9781 12399 1:0 10410
9783 12401 1:0 10394
9814 12398 1:0 10418
9894 9983 21:0 9899
9896 12397 1:0 10417
9897 12396 1:0 10428
9897 12388 1:0 10443
9906 12368 1:0 10525
9906 12366 1:0 10541
9906 12365 1:0 10549
9912 12364 1:0 10548
9933 12363 1:0 10559
9945 83 1:0 10563
10027 12346 1:0 10598
10027 12342 1:0 10624
10028 12341 1:0 10651
10028 12335 1:0 10656
10028 12333 1:0 10672
10036 10044 21:0 10039
10037 12331 1:0 10679
10037 12332 1:0 10680
10043 12330 1:0 10690
10043 12322 1:0 10705
10043 12315 1:0 10729
10045 10386 1:0 10803
10076 12300 1:0 10803
10158 12308 1:0 10782
10159 12298 1:0 10810
10159 12299 1:0 10811
10168 12297 1:0 10821
10168 47 1:0 10825
10168 12295 1:0 10831
10174 12275 1:0 10913
10174 12267 1:0 10934
10177 10104 21:0 10201
10194 12266 1:0 10942
10287 10154 21:0 10292
10289 12265 1:0 10941
10290 12264 1:0 10952
10290 12256 1:0 10967
10290 10500 1:0 11065
10290 12234 1:0 11065
10298 10158 21:0 10301
10299 12242 1:0 11044
10299 12232 1:0 11072
10302 12233 1:0 11073
10307 12231 1:0 11083
10310 11 1:0 11087
10325 10503 1:0 11092
10326 12218 1:0 11113
10338 12214 1:0 11122
10420 12209 1:0 11175
10420 337 1:0 11194
10549 10268 21:0 10554
10811 10382 21:0 10816
10822 10386 21:0 10825
10832 10389 21:0 10856
11192 336 21:0 11242
11241 13860 21:0 11247
11242 13865 0:0 11247
11249 337 21:0 11258
11257 13880 21:0 11258
11260 13882 0:0 11263
11265 13884 21:0 11323
11267 13883 0:0 11268
11322 13885 0:0 11334
11322 13874 21:0 11334
11333 13 21:0 11334
11333 13913 21:0 11339
11336 13915 0:0 11339
11341 13917 21:0 11399
11343 13916 0:0 11344
11356 13907 0:0 11358
11398 13918 0:0 11410
11399 13935 21:0 11410
11409 13933 21:0 11410
11409 13931 21:0 11415
11412 13948 0:0 11415
11417 13949 21:0 11475
11418 13947 0:0 11420
11419 13950 0:0 11420
11474 13951 0:0 11486
11474 13966 21:0 11486
11485 49 21:0 11486
11488 13981 21:0 11496
11495 13982 0:0 11496
11495 13983 21:0 11562
11560 13984 0:0 11562
11561 13993 21:0 11567
11564 14014 0:0 11567
11566 14001 21:0 11567
11569 14016 21:0 11627
11571 14015 0:0 11572
11626 14017 0:0 11638
11626 14032 21:0 11638
11637 13973 21:0 11638
11640 14047 21:0 11648
11647 14049 0:0 11648
11647 14048 21:0 11714
11661 14058 0:0 11662
11712 14050 0:0 11714
11713 14039 21:0 11719
11716 14080 0:0 11719
11718 119 21:0 11719
11721 14082 21:0 11779
11723 14081 0:0 11724
11778 14083 0:0 11790
11778 14098 21:0 11790
11789 14100 21:0 11790
11789 14026 21:0 11795
11792 14113 0:0 11795
11794 14046 21:0 11795
11797 14114 21:0 11855
11799 14115 0:0 11800
11813 14124 0:0 11814
11854 14059 21:0 11866
11854 14116 0:0 11866
11865 105 21:0 11866
11868 14146 21:0 11876
11875 14148 0:0 11876
11875 14147 0:0 11876
11876 14149 21:0 11942
11944 14179 21:0 11952
11951 14180 0:0 11952
11951 14181 21:0 12018
12016 14182 0:0 12018
12020 14212 21:0 12028
12027 14214 0:0 12028
12027 14213 0:0 12028
12028 14215 21:0 12094
12093 14243 0:0 12094
12096 14245 21:0 12104
12103 14246 0:0 12104
12103 14247 21:0 12170
12168 14248 0:0 12170
12172 14278 21:0 12180
12179 14279 0:0 12180
12179 14280 21:0 12246
12193 14289 0:0 12194
12234 14297 0:0 12235
12244 14281 0:0 12246
12248 14311 21:0 12256
12255 14313 0:0 12256
12255 14312 21:0 12322
12268 247 0:0 12270
12320 14314 0:0 12322
12321 14342 0:0 12322
12324 14344 21:0 12332
12331 14345 0:0 12332
12331 14346 21:0 12398
12396 14347 0:0 12398
12400 14377 21:0 12408
12407 14378 0:0 12408
12407 14379 21:0 12474
12472 14380 0:0 12474
12476 14410 21:0 12484
12483 14412 0:0 12484
12483 14411 21:0 12550
12548 14413 0:0 12550
12552 14443 21:0 12560
12559 281 21:0 12590
12631 14443 1:0 12639
12632 9534 1:0 12648
12632 14413 1:0 12724
12632 6281 1:0 12802
12641 6279 1:0 12792
12641 6280 1:0 12793
12641 6282 1:0 12803
12641 6283 1:0 12812
12641 6284 1:0 12813
12647 14411 1:0 12849
12652 14412 1:0 12850
12680 14410 1:0 12860
12721 9591 1:0 12869
12721 6430 1:0 13033
12734 6426 1:0 13013
12751 14380 1:0 13063
12800 6427 1:0 13014
12810 6428 1:0 13023
12812 6281 21:0 12844
12842 6283 0:0 12844
12843 6284 0:0 12844
12843 6282 0:0 12844
12843 6280 0:0 12844
12843 6279 0:0 12844
12852 6429 1:0 13024
12852 6431 1:0 13034
12853 14378 1:0 13070
12853 14379 1:0 13071
12862 14377 1:0 13081
12862 281 1:0 13085
12862 9648 1:0 13090
12862 9698 1:0 13165
12868 14347 1:0 13166
12870 6578 1:0 13255
12873 6573 1:0 13234
12888 6574 1:0 13235
12889 6575 1:0 13244
12901 6576 1:0 13245
12901 6577 1:0 13254
12970 14346 1:0 13292
13031 14345 1:0 13291
13043 6430 21:0 13065
13064 6428 0:0 13065
13064 6427 0:0 13065
13064 6426 0:0 13065
13064 6429 0:0 13065
13064 6431 0:0 13065
13073 14344 1:0 13302
13074 9705 1:0 13311
13074 14342 1:0 13312
13074 6720 1:0 13455
13074 6721 1:0 13456
13074 6722 1:0 13465
13074 6723 1:0 13466
13083 6724 1:0 13475
13083 6725 1:0 13476
13083 14314 1:0 13504
13083 247 1:0 13507
13089 14312 1:0 13512
13110 14313 1:0 13513
13163 14311 1:0 13523
13176 9762 1:0 13532
13191 14297 1:0 13562
13192 6867 1:0 13676
13192 6868 1:0 13677
13193 14289 1:0 13615
13242 6869 1:0 13686
13252 6870 1:0 13687
13261 6578 21:0 13286
13284 6577 0:0 13286
13284 6573 0:0 13286
13284 6576 0:0 13286
13285 6574 0:0 13286
13285 6575 0:0 13286
13294 14281 1:0 13725
13295 6871 1:0 13696
13295 6872 1:0 13697
13295 14280 1:0 13734
13304 14279 1:0 13733
13304 14278 1:0 13744
13310 9873 1:0 13777
13310 9869 1:0 13828
13330 14248 1:0 13829
13331 7015 1:0 13898
13343 7014 1:0 13897
13343 7016 1:0 13907
13384 7017 1:0 13908
13384 7018 1:0 13917
13397 7019 1:0 13918
13414 14247 1:0 13955
13472 6723 21:0 13507
13505 6724 0:0 13507
13506 6721 0:0 13507
13506 6720 0:0 13507
13506 6722 0:0 13507
13506 6725 0:0 13507
13515 14246 1:0 13954
13516 14245 1:0 13965
13516 14215 1:0 14049
13525 14243 1:0 13975
13525 7161 1:0 14118
13525 7162 1:0 14119
13525 7163 1:0 14128
13525 7164 1:0 14129
13525 7165 1:0 14138
13525 7166 1:0 14139
13531 14214 1:0 14176
13552 14213 1:0 14175
13564 9930 1:0 14179
13618 14212 1:0 14186
13633 9983 1:0 14270
13686 6867 21:0 13728
13694 14182 1:0 14271
13726 6871 0:0 13728
13727 6869 0:0 13728
13727 6872 0:0 13728
13727 6870 0:0 13728
13727 6868 0:0 13728
13736 7308 1:0 14339
13736 7309 1:0 14340
13736 7310 1:0 14349
13736 7311 1:0 14350
13737 7312 1:0 14359
13737 7313 1:0 14360
13737 14181 1:0 14397
13746 14180 1:0 14396
13746 14179 1:0 14407
13754 14149 1:0 14491
13757 7460 1:0 14581
13772 7455 1:0 14560
13773 7456 1:0 14561
13785 7457 1:0 14570
13785 7458 1:0 14571
13826 7459 1:0 14580
13855 14148 1:0 14618
13904 7015 21:0 13949
13915 14147 1:0 14617
13947 7018 0:0 13949
13948 7016 0:0 13949
13948 7017 0:0 13949
13948 7014 0:0 13949
13948 7019 0:0 13949
13957 10044 1:0 14621
13957 14124 1:0 14720
13957 7603 1:0 14782
13957 7607 1:0 14802
13958 14146 1:0 14628
13958 7602 1:0 14781
13958 7604 1:0 14791
13967 7605 1:0 14792
13967 7606 1:0 14801
13967 14116 1:0 14830
13973 14114 1:0 14838
13993 14115 1:0 14839
14047 14113 1:0 14849
14047 10104 1:0 14854
14060 10154 1:0 14879
14075 14100 1:0 14879
14076 14098 1:0 14888
14076 7753 1:0 15022
14077 7749 1:0 15002
14125 7162 21:0 14170
14126 7750 1:0 15003
14136 7751 1:0 15012
14168 7163 0:0 14170
14169 7166 0:0 14170
14169 7165 0:0 14170
14169 7161 0:0 14170
14169 7164 0:0 14170
14178 14083 1:0 15052
14179 7752 1:0 15013
14179 7754 1:0 15023
14179 14082 1:0 15060
14188 14081 1:0 15059
14188 14080 1:0 15070
14194 10158 1:0 15069
14194 119 1:0 15074
14194 14059 1:0 15103
14196 105 1:0 15103
14199 14046 1:0 15154
14214 7901 1:0 15244
14268 14050 1:0 15272
14276 7896 1:0 15223
14281 7897 1:0 15224
14296 14058 1:0 15162
14297 7898 1:0 15233
14297 7899 1:0 15234
14347 7900 1:0 15243
14356 7311 21:0 14391
14357 8043 1:0 15444
14389 7312 0:0 14391
14390 7313 0:0 14391
14390 7309 0:0 14391
14390 7308 0:0 14391
14390 7310 0:0 14391
14399 14048 1:0 15280
14400 14049 1:0 15281
14400 8044 1:0 15445
14409 14047 1:0 15291
14409 14026 1:0 15296
14409 14039 1:0 15306
14409 14032 1:0 15324
14409 10268 1:0 15375
14415 14017 1:0 15494
14417 8045 1:0 15454
14420 8046 1:0 15455
14435 8047 1:0 15464
14436 8048 1:0 15465
14489 14016 1:0 15502
14518 14015 1:0 15501
14519 8190 1:0 15665
14587 7460 21:0 14612
14610 7458 0:0 14612
14610 7459 0:0 14612
14611 7456 0:0 14612
14611 7457 0:0 14612
14611 7455 0:0 14612
14620 14014 1:0 15512
14620 14001 1:0 15542
14620 13993 1:0 15577
14621 8191 1:0 15666
14621 8192 1:0 15675
14621 13984 1:0 15714
14630 8193 1:0 15676
14630 8194 1:0 15685
14630 8195 1:0 15686
14630 13983 1:0 15723
14636 13982 1:0 15722
14657 13981 1:0 15733
14669 49 1:0 15738
14669 13966 1:0 15766
14710 13973 1:0 15748
14710 10382 1:0 15817
14723 8342 1:0 15907
14740 13951 1:0 15935
14789 8338 1:0 15887
14799 8337 1:0 15886
14808 7607 21:0 14833
14831 7605 0:0 14833
14831 7606 0:0 14833
14832 7602 0:0 14833
14832 7603 0:0 14833
14832 7604 0:0 14833
14841 8339 1:0 15896
14841 8340 1:0 15897
14841 8341 1:0 15906
14842 13949 1:0 15943
14851 13950 1:0 15944
14851 13947 1:0 15947
14851 10386 1:0 15953
14851 13948 1:0 15954
14851 13931 1:0 15959
14857 10389 1:0 15963
14857 13935 1:0 15984
14857 13933 1:0 15993
14878 13918 1:0 16039
14890 8485 1:0 16108
14890 8486 1:0 16117
14931 8484 1:0 16107
14939 8487 1:0 16118
14944 8488 1:0 16127
14959 8489 1:0 16128
15020 13917 1:0 16165
15032 7753 21:0 15054
15053 7752 0:0 15054
15053 7751 0:0 15054
15053 7750 0:0 15054
15053 7754 0:0 15054
15053 7749 0:0 15054
15062 13916 1:0 16164
15063 13915 1:0 16175
15063 13913 1:0 16185
15063 13907 1:0 16190
15072 13 1:0 16259
15072 8631 1:0 16328
15072 8632 1:0 16329
15072 8633 1:0 16338
15072 13885 1:0 16378
15078 8634 1:0 16339
15078 8635 1:0 16348
15078 8636 1:0 16349
15099 13884 1:0 16386
15152 13883 1:0 16385
15181 13882 1:0 16396
15182 13860 1:0 16398
15231 13880 1:0 16398
15241 13874 1:0 16401
15250 7901 21:0 15275
15273 7899 0:0 15275
15273 7900 0:0 15275
15274 7898 0:0 15275
15274 7896 0:0 15275
15274 7897 0:0 15275
15283 12805 1:0 16419
15283 337 1:0 16419
15283 11154 1:0 16419
15283 9503 1:0 16429
15283 334 1:0 16480
15284 13865 1:0 16431
15284 8778 1:0 16549
15284 8779 1:0 16550
15284 8780 1:0 16559
15284 8781 1:0 16560
15284 8783 1:0 16570
15293 8782 1:0 16569
15454 8043 21:0 15496
15495 8044 0:0 15496
15495 8046 0:0 15496
15495 8048 0:0 15496
15495 8047 0:0 15496
15495 8045 0:0 15496
15675 8190 21:0 15717
15715 8192 0:0 15717
15716 8194 0:0 15717
15716 8195 0:0 15717
15716 8191 0:0 15717
15716 8193 0:0 15717
15913 8342 21:0 15938
15936 8338 0:0 15938
15936 8337 0:0 15938
15936 8340 0:0 15938
15936 8339 0:0 15938
15937 8341 0:0 15938
16127 8486 21:0 16159
16158 8487 0:0 16159
16158 8489 0:0 16159
16158 8488 0:0 16159
16158 8485 0:0 16159
16158 8484 0:0 16159
16348 8633 21:0 16380
16379 8635 0:0 16380
16379 8634 0:0 16380
16379 8632 0:0 16380
16379 8636 0:0 16380
16379 8631 0:0 16380
16576 8783 21:0 87
