49 8780 21:0 49
51 8655 21:0 88
60 8781 21:0 60
87 8654 21:0 93
88 8787 21:0 88
88 8788 21:0 88
88 8785 21:0 88
92 8652 21:0 104
93 8789 21:0 93
95 8774 21:0 95
103 8743 21:0 104
103 8653 21:0 104
103 8656 21:0 104
103 8744 21:0 104
103 8648 21:0 106
105 8790 21:0 106
106 8802 21:0 114
109 8801 21:0 109
113 8804 21:0 164
125 8813 21:0 125
136 8814 21:0 136
163 8803 21:0 180
164 8821 21:0 164
164 8820 21:0 164
169 8822 21:0 169
179 8805 21:0 190
185 8834 21:0 185
189 8835 21:0 240
192 8827 21:0 192
239 8837 21:0 256
240 8851 21:0 240
245 8855 21:0 245
247 8840 21:0 247
255 8836 21:0 266
261 8867 21:0 261
265 8838 21:0 316
277 8879 21:0 277
288 8880 21:0 288
315 8868 21:0 332
316 8884 21:0 316
316 8886 21:0 316
316 8887 21:0 316
321 8888 21:0 321
329 8899 21:0 329
331 8869 21:0 342
337 8900 21:0 337
341 8870 21:0 392
344 8893 21:0 344
364 8913 21:0 364
391 8871 21:0 408
392 8920 21:0 392
392 8917 21:0 392
399 8906 21:0 399
405 8932 21:0 405
407 8901 21:0 418
417 8903 21:0 468
420 8926 21:0 420
429 8945 21:0 429
467 8902 21:0 484
468 8953 21:0 468
468 8950 21:0 468
473 8954 21:0 473
475 8939 21:0 475
483 8904 21:0 494
489 8966 21:0 489
493 8934 21:0 544
496 8959 21:0 496
505 8978 21:0 505
516 8979 21:0 516
543 8936 21:0 560
544 8983 21:0 544
544 8986 21:0 544
551 8972 21:0 551
557 8998 21:0 557
559 8935 21:0 570
565 8999 21:0 565
569 8937 21:0 615
581 9011 21:0 581
614 8967 21:0 636
620 9016 21:0 620
620 9018 21:0 620
625 9020 21:0 625
627 9005 21:0 627
633 9031 21:0 633
635 8968 21:0 646
641 9032 21:0 641
645 8969 21:0 668
648 9025 21:0 648
657 9044 21:0 657
667 8970 21:0 712
668 9045 21:0 668
696 9052 21:0 696
696 9049 21:0 696
696 9051 21:0 696
701 9053 21:0 701
703 9038 21:0 703
709 9064 21:0 709
711 9000 21:0 722
717 9065 21:0 717
721 9001 21:0 744
724 9058 21:0 724
733 9077 21:0 733
743 9002 21:0 788
744 9078 21:0 744
772 9085 21:0 772
779 9071 21:0 779
785 9097 21:0 785
787 9003 21:0 796
795 9033 21:0 816
800 9091 21:0 800
809 9110 21:0 809
815 9034 21:0 864
820 9111 21:0 820
848 9115 21:0 848
848 9118 21:0 848
863 9035 21:0 869
868 9036 21:0 892
869 9131 21:0 869
876 9124 21:0 876
891 9066 21:0 940
924 9148 21:0 924
924 9150 21:0 924
924 9151 21:0 924
929 9152 21:0 929
931 9137 21:0 931
939 9068 21:0 945
944 9067 21:0 964
945 9164 21:0 945
952 9157 21:0 952
961 9176 21:0 961
963 9069 21:0 1016
972 9177 21:0 972
1000 9183 21:0 1000
1000 9181 21:0 1000
1005 9185 21:0 1005
1013 9196 21:0 1013
1015 9099 21:0 1021
1020 9101 21:0 1040
1021 9197 21:0 1021
1028 9190 21:0 1028
1039 9100 21:0 1092
1048 9210 21:0 1048
1076 9217 21:0 1076
1076 9216 21:0 1076
1081 9218 21:0 1081
1089 9229 21:0 1089
1091 9102 21:0 1097
1096 9132 21:0 1116
1097 9230 21:0 1097
1102 9234 21:0 1102
1104 9223 21:0 1104
1113 9242 21:0 1113
1115 9134 21:0 1168
1124 9243 21:0 1124
1152 9247 21:0 1152
1152 9249 21:0 1152
1157 9251 21:0 1157
1159 9236 21:0 1159
1165 9262 21:0 1165
1167 9133 21:0 1173
1170 9264 21:0 1170
1172 9135 21:0 1192
1173 9263 21:0 1173
1175 9265 21:0 1175
1175 9266 21:0 1175
1178 9267 21:0 1178
1191 9165 21:0 1244
1228 9283 21:0 1228
1228 9282 21:0 1228
1233 9284 21:0 1233
1235 9269 21:0 1235
1241 9295 21:0 1241
1243 9166 21:0 1249
1246 9297 21:0 1246
1248 9167 21:0 1268
1251 9298 21:0 1251
1251 9299 21:0 1251
1254 9300 21:0 1254
1256 9289 21:0 1256
1267 9168 21:0 1320
1304 9315 21:0 1304
1311 9302 21:0 1311
1317 9328 21:0 1317
1319 9198 21:0 1325
1322 9330 21:0 1322
1324 9199 21:0 1344
1327 9331 21:0 1327
1327 9332 21:0 1327
1330 9333 21:0 1330
1341 9341 21:0 1341
1343 9200 21:0 1396
1395 9201 21:0 1401
1398 9363 21:0 1398
1400 9231 21:0 1421
1403 9364 21:0 1403
1403 9365 21:0 1403
1406 9366 21:0 1406
1420 9233 21:0 1473
1472 9375 21:0 1473
1472 9385 21:0 1473
1472 7 21:0 1475
1472 8643 21:0 1473
1472 8649 21:0 1473
1472 8647 21:0 1473
1472 8650 21:0 1473
1473 13 21:0 1473
1474 9219 21:0 1475
1474 8823 21:0 1475
1474 9087 21:0 1475
1474 8856 21:0 1475
1474 9153 21:0 1475
1475 9397 21:0 1483
1482 9398 21:0 1533
1483 15 21:0 1483
1532 9399 21:0 1549
1546 9428 21:0 1546
1548 9400 21:0 1559
1554 35 21:0 1554
1558 9430 21:0 1609
1608 9432 21:0 1625
1624 9431 21:0 1635
1625 49 21:0 1625
1634 9433 21:0 1685
1635 51 21:0 1635
1657 9475 21:0 1657
1684 9463 21:0 1701
1698 9494 21:0 1698
1700 9465 21:0 1711
1706 71 21:0 1706
1710 9464 21:0 1761
1711 69 21:0 1711
1733 9508 21:0 1733
1760 9466 21:0 1777
1776 9496 21:0 1787
1777 85 21:0 1777
1786 9498 21:0 1837
1787 87 21:0 1787
1809 9541 21:0 1809
1836 9497 21:0 1853
1837 9548 21:0 1837
1850 9560 21:0 1850
1852 9499 21:0 1863
1862 9529 21:0 1913
1863 105 21:0 1863
1865 9554 21:0 1865
1885 9574 21:0 1885
1912 9530 21:0 1929
1913 9581 21:0 1913
1913 9580 21:0 1913
1928 9531 21:0 1939
1934 125 21:0 1934
1938 9532 21:0 1961
1939 123 21:0 1939
1960 9562 21:0 2005
1989 9614 21:0 1989
2002 9626 21:0 2002
2004 9564 21:0 2015
2005 139 21:0 2005
2014 9565 21:0 2037
2015 141 21:0 2015
2026 9639 21:0 2026
2036 9563 21:0 2081
2037 9640 21:0 2037
2065 9644 21:0 2065
2070 9648 21:0 2070
2078 9659 21:0 2078
2080 9595 21:0 2091
2081 157 21:0 2081
2086 161 21:0 2086
2090 9596 21:0 2109
2091 159 21:0 2091
2093 9653 21:0 2093
2108 9597 21:0 2157
2156 9598 21:0 2164
2157 175 21:0 2157
2162 179 21:0 2162
2163 9628 21:0 2185
2184 9629 21:0 2233
2217 9713 21:0 2217
2224 9699 21:0 2224
2232 9630 21:0 2238
2237 9631 21:0 2257
2238 9726 21:0 2238
2243 195 21:0 2243
2256 9661 21:0 2309
2293 9745 21:0 2293
2300 9732 21:0 2300
2308 9662 21:0 2314
2313 9663 21:0 2333
2314 215 21:0 2314
2314 9759 21:0 2314
2332 9664 21:0 2385
2369 9776 21:0 2369
2369 9778 21:0 2369
2369 9779 21:0 2369
2374 9780 21:0 2374
2384 9694 21:0 2390
2389 9696 21:0 2409
2397 9785 21:0 2397
2408 9695 21:0 2461
2417 9805 21:0 2417
2445 9811 21:0 2445
2458 9824 21:0 2458
2460 9697 21:0 2466
2465 9727 21:0 2485
2466 251 21:0 2466
2471 249 21:0 2471
2473 9818 21:0 2473
2484 9729 21:0 2537
2493 9838 21:0 2493
2521 9845 21:0 2521
2521 9844 21:0 2521
2526 9846 21:0 2526
2528 9831 21:0 2528
2536 9728 21:0 2542
2541 9730 21:0 2561
2558 9870 21:0 2558
2560 9760 21:0 2613
2569 9871 21:0 2569
2597 9877 21:0 2597
2597 9875 21:0 2597
2602 9879 21:0 2602
2604 9864 21:0 2604
2610 9890 21:0 2610
2612 9762 21:0 2618
2617 9761 21:0 2637
2618 9891 21:0 2618
2636 9763 21:0 2689
2645 9904 21:0 2645
2673 9911 21:0 2673
2673 9908 21:0 2673
2678 9912 21:0 2678
2680 9897 21:0 2680
2686 9923 21:0 2686
2688 9793 21:0 2694
2693 9795 21:0 2713
2710 9936 21:0 2710
2712 9794 21:0 2765
2721 9937 21:0 2721
2749 9943 21:0 2749
2749 9941 21:0 2749
2754 9945 21:0 2754
2764 9796 21:0 2770
2769 9826 21:0 2781
2774 336 1:0 2777
2777 9950 21:0 2777
2780 9366 1:0 2780
2780 9827 21:0 2784
2783 9828 21:0 2791
2786 9364 1:0 2786
2787 9365 1:0 2787
2790 9829 21:0 2799
2796 9363 1:0 2796
2798 9859 21:0 2802
2801 9860 21:0 2867
2806 9971 21:0 2806
2866 9861 21:0 2903
2882 9341 1:0 2882
2902 9333 1:0 2902
2902 9862 21:0 2913
2908 9331 1:0 2908
2909 9332 1:0 2909
2912 9892 21:0 2916
2915 9893 21:0 2921
2918 9330 1:0 2918
2920 9894 21:0 2947
2927 9328 1:0 2927
2946 9895 21:0 3025
2954 9315 1:0 2954
3008 9302 1:0 3008
3024 9300 1:0 3024
3024 9925 21:0 3028
3027 9926 21:0 3035
3030 9298 1:0 3030
3031 10078 21:0 3031
3031 9299 1:0 3031
3034 9927 21:0 3043
3040 9297 1:0 3040
3041 10082 21:0 3041
3042 9928 21:0 3046
3045 9958 21:0 3114
3049 9295 1:0 3049
3050 10085 21:0 3050
3053 9289 1:0 3053
3068 9284 1:0 3068
3076 9283 1:0 3076
3076 9282 1:0 3076
3113 9959 21:0 3147
3130 9269 1:0 3130
3146 9267 1:0 3146
3146 9960 21:0 3157
3152 9265 1:0 3152
3153 9266 1:0 3153
3156 9263 1:0 3156
3156 9961 21:0 3160
3159 336 21:0 3160
3159 9232 21:0 3168
3162 9264 1:0 3162
3167 9369 21:0 3168
3167 9382 21:0 3168
3167 9395 21:0 3191
3171 9262 1:0 3171
3172 10142 21:0 3172
3190 9251 1:0 3190
3190 9376 21:0 3194
3190 9232 1:0 3267
3193 9384 21:0 3236
3198 9247 1:0 3198
3198 9249 1:0 3198
3224 9243 1:0 3224
3235 9383 21:0 3245
3244 9380 21:0 3269
3248 9242 1:0 3248
3252 9236 1:0 3252
3268 9234 1:0 3268
3268 9396 21:0 3269
3268 9389 21:0 3269
3268 9417 21:0 3272
3268 9233 1:0 3274
3270 249 1:0 3270
3271 9413 21:0 3272
3271 9402 21:0 3272
3271 9415 21:0 3279
3278 9230 1:0 3278
3278 9408 21:0 3279
3278 9416 21:0 3279
3278 9409 21:0 3282
3278 9231 1:0 3283
3280 251 1:0 3280
3281 9422 21:0 3282
3281 9461 21:0 3282
3281 9462 21:0 3287
3286 9442 21:0 3287
3286 9429 21:0 3287
3286 9449 21:0 3290
3286 9201 1:0 3311
3289 9448 21:0 3290
3289 9441 21:0 3290
3289 9483 21:0 3313
3293 9229 1:0 3293
3297 9223 1:0 3297
3309 9219 1:0 3311
3312 9218 1:0 3312
3312 9482 21:0 3316
3312 9200 1:0 3389
3315 9481 21:0 3358
3320 9217 1:0 3320
3320 9216 1:0 3320
3346 9210 1:0 3346
3357 9495 21:0 3367
3366 9515 21:0 3391
3390 9512 21:0 3391
3390 9516 21:0 3391
3390 9474 21:0 3394
3390 9199 1:0 3395
3393 9468 21:0 3394
3393 9534 21:0 3394
3393 9521 21:0 3401
3400 9197 1:0 3400
3400 9514 21:0 3401
3400 9561 21:0 3401
3400 9455 21:0 3404
3400 9198 1:0 3405
3403 9501 21:0 3404
3403 9527 21:0 3404
3403 9594 21:0 3409
3408 9620 21:0 3409
3408 9507 21:0 3409
3408 9446 21:0 3412
3408 9168 1:0 3419
3411 9660 21:0 3412
3411 9679 21:0 3412
3411 9672 21:0 3435
3415 9196 1:0 3415
3419 9190 1:0 3419
3420 9167 1:0 3511
3434 9185 1:0 3434
3434 9692 21:0 3438
3437 9666 21:0 3486
3442 9183 1:0 3442
3442 9181 1:0 3442
3468 9177 1:0 3468
3485 9479 21:0 3489
3488 9647 21:0 3513
3492 9176 1:0 3492
3512 9573 21:0 3513
3512 9545 21:0 3513
3512 9549 21:0 3516
3512 9166 1:0 3517
3515 9611 21:0 3516
3515 9673 21:0 3516
3515 9528 21:0 3523
3522 9164 1:0 3522
3522 9606 21:0 3523
3522 9693 21:0 3523
3522 9633 21:0 3526
3522 9165 1:0 3527
3524 215 1:0 3524
3525 9719 21:0 3526
3525 9686 21:0 3526
3525 9450 21:0 3531
3529 10310 21:0 3529
3530 9706 21:0 3531
3530 9725 21:0 3531
3530 9680 21:0 3534
3530 9135 1:0 3555
3533 9752 21:0 3534
3533 9627 21:0 3534
3533 9714 21:0 3557
3539 9153 1:0 3555
3541 9157 1:0 3541
3555 9133 1:0 3633
3556 9152 1:0 3556
3556 9765 21:0 3560
3559 9772 21:0 3608
3564 9148 1:0 3564
3564 9150 1:0 3564
3564 9151 1:0 3564
3607 9746 21:0 3611
3609 9134 1:0 3640
3610 9600 21:0 3635
3618 9137 1:0 3618
3631 9132 1:0 3649
3634 9747 21:0 3635
3634 9739 21:0 3635
3634 9804 21:0 3638
3634 8644 21:0 3635
3636 195 1:0 3636
3637 10199 21:0 3638
3637 9677 21:0 3638
3637 10192 21:0 3645
3642 9102 1:0 3677
3643 9100 1:0 3755
3644 9131 1:0 3644
3644 9743 21:0 3645
3644 9646 21:0 3645
3644 9587 21:0 3648
3646 9101 1:0 3762
3647 9825 21:0 3648
3647 9813 21:0 3648
3647 9792 21:0 3653
3649 9099 1:0 3771
3651 9069 1:0 3799
3651 9087 1:0 3799
3652 9567 21:0 3653
3652 9540 21:0 3653
3652 9615 21:0 3656
3654 9067 1:0 3877
3655 9878 21:0 3656
3655 9798 21:0 3656
3655 10028 21:0 3679
3657 9068 1:0 3884
3657 9066 1:0 3893
3663 9124 1:0 3663
3678 9435 21:0 3713
3686 9115 1:0 3686
3686 9118 1:0 3686
3687 9036 1:0 3921
3712 9111 1:0 3712
3712 9968 21:0 3730
3727 9035 1:0 3999
3729 10306 21:0 3733
3732 9607 21:0 3757
3736 9110 1:0 3736
3752 9034 1:0 4005
3756 9771 21:0 3757
3756 9681 21:0 3757
3756 9957 21:0 3760
3759 9547 21:0 3760
3759 9944 21:0 3760
3759 10135 21:0 3767
3764 9033 1:0 4015
3765 9003 1:0 4043
3766 9842 21:0 3767
3766 9710 21:0 3767
3766 9578 21:0 3770
3768 179 1:0 3768
3768 9002 1:0 4121
3769 10363 21:0 3770
3769 9488 21:0 3770
3769 9812 21:0 3775
3771 9001 1:0 4127
3773 9000 1:0 4137
3774 9858 21:0 3775
3774 303 21:0 3775
3774 9930 21:0 3778
3776 175 1:0 3776
3776 8970 1:0 4165
3777 9791 21:0 3778
3777 9758 21:0 3778
3777 9837 21:0 3801
3779 8969 1:0 4243
3779 8968 1:0 4249
3781 9097 1:0 3781
3785 9091 1:0 3785
3798 8967 1:0 4259
3800 9956 21:0 3835
3808 9085 1:0 3808
3834 9078 1:0 3834
3834 9613 21:0 3852
3849 8937 1:0 4287
3851 9924 21:0 3855
3854 305 21:0 3879
3858 9077 1:0 3858
3862 9071 1:0 3862
3874 8935 1:0 4365
3878 9712 21:0 3879
3878 9851 21:0 3879
3878 269 21:0 3882
3880 159 1:0 3880
3881 9705 21:0 3882
3881 10388 21:0 3882
3881 10445 21:0 3882
3881 10196 21:0 3889
3886 8936 1:0 4372
3887 8934 1:0 4381
3888 9065 1:0 3888
3888 10345 21:0 3889
3888 10420 21:0 3889
3888 10477 21:0 3889
3888 10256 21:0 3892
3890 161 1:0 3890
3890 8904 1:0 4409
3891 9593 21:0 3892
3891 10249 21:0 3892
3891 9884 21:0 3897
3896 10174 21:0 3897
3896 9738 21:0 3897
3896 10274 21:0 3897
3896 9809 21:0 3900
3898 157 1:0 3898
3899 251 21:0 3900
3899 10459 21:0 3900
3899 10402 21:0 3900
3899 10331 21:0 3900
3899 9857 21:0 3900
3899 9 21:0 3900
3899 10399 21:0 3900
3899 8922 21:0 3902
3901 9715 21:0 3902
3901 9550 21:0 3904
3903 9064 1:0 3903
3903 9484 21:0 3904
3903 8922 1:0 4409
3903 8902 1:0 4487
3903 8903 1:0 4494
3903 8901 1:0 4503
3903 8871 1:0 4531
3903 8870 1:0 4609
3904 10484 21:0 3926
3907 9058 1:0 3907
3920 8869 1:0 4615
3922 9053 1:0 3922
3925 9814 21:0 3926
3925 10340 21:0 3926
3925 9649 21:0 3926
3925 9583 21:0 3926
3925 9682 21:0 3926
3925 9451 21:0 3926
3925 9781 21:0 3926
3925 9616 21:0 3926
3925 10456 21:0 3926
3925 9517 21:0 3926
3925 10397 21:0 3926
3925 10454 21:0 3926
3925 10342 21:0 3926
3925 9418 21:0 3926
3925 9748 21:0 3926
3925 10288 21:0 3926
3925 9847 21:0 3926
3929 10502 21:0 3960
3930 9052 1:0 3930
3930 9049 1:0 3930
3930 9051 1:0 3930
3956 9045 1:0 3956
3959 9903 21:0 3974
3971 8868 1:0 4625
3973 10367 21:0 3977
3976 9913 21:0 3977
3976 9946 21:0 3977
3976 9880 21:0 3977
3976 10513 21:0 3977
3980 9044 1:0 3980
3981 10516 21:0 4001
3982 8838 1:0 4653
3982 8856 1:0 4653
3984 9038 1:0 3984
4000 9917 21:0 4001
4000 9910 21:0 4001
4000 231 21:0 4004
4002 141 1:0 4002
4003 10228 21:0 4004
4003 10117 21:0 4004
4003 10217 21:0 4004
4003 10114 21:0 4004
4003 10226 21:0 4004
4003 10160 21:0 4004
4003 10171 21:0 4004
4003 10169 21:0 4004
4003 10231 21:0 4004
4003 10285 21:0 4004
4003 10283 21:0 4004
4003 10511 21:0 4004
4003 9582 21:0 4004
4003 10103 21:0 4004
4003 10112 21:0 4007
4007 10534 21:0 4011
4008 8836 1:0 4731
4009 8837 1:0 4738
4009 8835 1:0 4747
4010 9032 1:0 4010
4010 10055 21:0 4011
4010 10057 21:0 4011
4010 10060 21:0 4011
4010 315 21:0 4011
4010 10046 21:0 4011
4010 9989 21:0 4011
4010 10003 21:0 4011
4010 10000 21:0 4011
4010 9998 21:0 4011
4010 313 21:0 4011
4010 317 21:0 4011
4010 311 21:0 4011
4010 293 21:0 4014
4013 295 21:0 4014
4013 241 21:0 4014
4013 297 21:0 4014
4013 279 21:0 4014
4013 243 21:0 4014
4013 257 21:0 4014
4013 263 21:0 4014
4013 261 21:0 4014
4013 259 21:0 4014
4013 275 21:0 4014
4013 281 21:0 4014
4013 277 21:0 4014
4013 299 21:0 4014
4015 8805 1:0 4775
4015 8823 1:0 4775
4017 8803 1:0 4853
4020 139 1:0 4020
4023 8804 1:0 4860
4025 9031 1:0 4025
4029 9025 1:0 4029
4041 8802 1:0 4869
4041 8790 1:0 4905
4041 9 1:0 4933
4041 7 1:0 4941
4044 9020 1:0 4044
4051 10559 21:0 4082
4052 9016 1:0 4052
4052 9018 1:0 4052
4053 9910 1:0 5954
4085 10568 21:0 4087
4094 10570 21:0 4096
4102 9011 1:0 4102
4103 10573 21:0 4123
4106 9005 1:0 4106
4124 123 1:0 4124
4130 9582 1:0 5954
4130 231 1:0 5954
4132 8999 1:0 4132
4134 125 1:0 4134
4147 8998 1:0 4147
4173 10616 21:0 4204
4174 8983 1:0 4174
4174 8986 1:0 4174
4200 8979 1:0 4200
4207 10625 21:0 4209
4216 10627 21:0 4218
4224 8978 1:0 4224
4225 10630 21:0 4245
4228 8972 1:0 4228
4246 105 1:0 4246
4251 10648 21:0 4255
4254 8966 1:0 4254
4261 10652 21:0 4263
4273 8959 1:0 4273
4288 8954 1:0 4288
4295 10673 21:0 4326
4296 8953 1:0 4296
4296 8950 1:0 4296
4329 10682 21:0 4331
4338 10684 21:0 4340
4346 8945 1:0 4346
4347 10687 21:0 4367
4350 8939 1:0 4350
4368 87 1:0 4368
4373 10705 21:0 4377
4383 10709 21:0 4385
4386 85 1:0 4386
4391 8932 1:0 4391
4395 8926 1:0 4395
4417 10730 21:0 4448
4418 8920 1:0 4418
4418 8917 1:0 4418
4444 8913 1:0 4444
4451 10739 21:0 4453
4460 10741 21:0 4462
4469 10744 21:0 4489
4472 8906 1:0 4472
4490 69 1:0 4490
4495 10762 21:0 4495
4498 8900 1:0 4498
4500 71 1:0 4500
4505 10766 21:0 4507
4513 8899 1:0 4513
4514 10769 21:0 4514
4517 8893 1:0 4517
4532 8888 1:0 4532
4539 10787 21:0 4570
4540 8884 1:0 4540
4540 8886 1:0 4540
4540 8887 1:0 4540
4566 8880 1:0 4566
4573 10796 21:0 4575
4582 10798 21:0 4584
4590 8879 1:0 4590
4591 10801 21:0 4611
4612 51 1:0 4612
4617 10819 21:0 4621
4620 8867 1:0 4620
4627 10823 21:0 4627
4630 49 1:0 4630
4636 10826 21:0 4636
4654 8855 1:0 4654
4661 10844 21:0 4692
4662 8851 1:0 4662
4695 10853 21:0 4697
4704 10855 21:0 4706
4713 10858 21:0 4733
4716 8840 1:0 4716
4739 10876 21:0 4739
4742 8834 1:0 4742
4744 35 1:0 4744
4749 10880 21:0 4751
4758 10883 21:0 4758
4761 8827 1:0 4761
4776 8822 1:0 4776
4783 10901 21:0 4814
4784 8821 1:0 4784
4784 8820 1:0 4784
4810 8814 1:0 4810
4817 10910 21:0 4819
4826 10912 21:0 4828
4834 8813 1:0 4834
4835 10915 21:0 4855
4856 15 1:0 4856
4861 10933 21:0 4865
4864 8801 1:0 4864
4874 13 1:0 4874
4880 10940 21:0 4902
4898 8789 1:0 4898
4905 10958 21:0 4936
4906 8787 1:0 4906
4906 8788 1:0 4906
4906 8785 1:0 4906
4932 8781 1:0 4932
4939 10967 21:0 4941
4948 10969 21:0 4950
4956 8780 1:0 4956
4960 8774 1:0 4960
4984 10997 21:0 4995
4994 7 21:0 4995
4995 10998 21:0 5028
5027 9 21:0 5028
5027 10972 21:0 5028
5027 5 21:0 5028
5027 11007 21:0 5028
5030 10991 21:0 5039
5038 11017 21:0 5039
5038 11005 21:0 5039
5039 13 21:0 5039
5041 11019 21:0 5049
5044 17 21:0 5044
5048 11020 21:0 5099
5049 15 21:0 5049
5098 11021 21:0 5115
5099 11037 21:0 5099
5106 11024 21:0 5106
5114 11022 21:0 5125
5115 31 21:0 5115
5124 11052 21:0 5175
5125 33 21:0 5125
5174 11054 21:0 5191
5182 11057 21:0 5182
5190 11053 21:0 5201
5200 11055 21:0 5251
5203 11077 21:0 5203
5223 11097 21:0 5223
5250 11085 21:0 5267
5264 11116 21:0 5264
5266 11087 21:0 5277
5267 67 21:0 5267
5276 11086 21:0 5327
5277 69 21:0 5277
5279 11110 21:0 5279
5326 11088 21:0 5343
5327 11137 21:0 5327
5342 11118 21:0 5353
5348 89 21:0 5348
5352 11119 21:0 5403
5353 87 21:0 5353
5402 11120 21:0 5419
5418 11121 21:0 5429
5419 103 21:0 5419
5424 107 21:0 5424
5428 11151 21:0 5451
5429 105 21:0 5429
5450 11153 21:0 5495
5479 11200 21:0 5479
5484 11204 21:0 5484
5494 11154 21:0 5502
5495 121 21:0 5495
5501 11152 21:0 5523
5516 11228 21:0 5516
5522 11184 21:0 5571
5555 11233 21:0 5555
5555 11235 21:0 5555
5560 11237 21:0 5560
5570 11185 21:0 5576
5571 139 21:0 5571
5575 11186 21:0 5595
5592 11261 21:0 5592
5594 11187 21:0 5647
5631 11266 21:0 5631
5636 11270 21:0 5636
5644 11281 21:0 5644
5646 11217 21:0 5652
5647 157 21:0 5647
5651 11218 21:0 5671
5659 11275 21:0 5659
5668 11294 21:0 5668
5670 11219 21:0 5723
5679 11295 21:0 5679
5707 11299 21:0 5707
5712 11303 21:0 5712
5714 11288 21:0 5714
5722 11220 21:0 5728
5727 11250 21:0 5747
5728 179 21:0 5728
5733 177 21:0 5733
5735 11308 21:0 5735
5744 11327 21:0 5744
5746 11252 21:0 5799
5755 11328 21:0 5755
5783 11332 21:0 5783
5783 11334 21:0 5783
5788 11336 21:0 5788
5796 11347 21:0 5796
5798 11251 21:0 5804
5803 11253 21:0 5823
5804 197 21:0 5804
5804 11348 21:0 5804
5820 11360 21:0 5820
5822 11283 21:0 5875
5831 11361 21:0 5831
5859 11368 21:0 5859
5859 11365 21:0 5859
5866 11354 21:0 5866
5872 11380 21:0 5872
5874 11285 21:0 5880
5879 11284 21:0 5899
5885 213 21:0 5885
5898 11286 21:0 5951
5935 11398 21:0 5935
5942 11387 21:0 5942
5950 11316 21:0 5956
5951 229 21:0 5951
5955 9903 1:0 5959
5955 10367 1:0 5959
5955 9917 1:0 5959
5955 11317 21:0 5961
5956 233 21:0 5956
5956 11414 21:0 5956
5960 243 1:0 5961
5960 251 1:0 5973
5960 9857 1:0 5973
5960 9809 1:0 5973
5960 11318 21:0 6027
5961 231 21:0 5961
5962 241 1:0 5973
5974 10534 1:0 6009
5983 11427 21:0 5983
6010 9738 1:0 6025
6011 11431 21:0 6011
6015 263 1:0 6025
6015 257 1:0 6025
6018 11420 21:0 6018
6024 11446 21:0 6024
6026 9884 1:0 6030
6026 10249 1:0 6030
6026 9593 1:0 6030
6026 11319 21:0 6032
6027 247 21:0 6027
6031 261 1:0 6035
6031 10420 1:0 6035
6031 10256 1:0 6035
6031 10477 1:0 6035
6031 11349 21:0 6037
6032 251 21:0 6032
6036 10766 1:0 6049
6036 10196 1:0 6049
6036 9705 1:0 6049
6036 11350 21:0 6103
6037 249 21:0 6037
6038 259 1:0 6049
6039 11440 21:0 6039
6048 11459 21:0 6048
6050 269 1:0 6085
6086 9851 1:0 6101
6087 11466 21:0 6087
6087 11467 21:0 6087
6087 11464 21:0 6087
6091 281 1:0 6101
6091 275 1:0 6101
6102 305 1:0 6106
6102 9924 1:0 6106
6102 9712 1:0 6106
6102 11351 21:0 6108
6103 265 21:0 6103
6107 10940 1:0 6111
6107 9956 1:0 6111
6107 9613 1:0 6111
6107 277 1:0 6111
6107 11352 21:0 6113
6108 269 21:0 6108
6112 10819 1:0 6125
6112 9791 1:0 6125
6112 9837 1:0 6125
6112 11382 21:0 6179
6114 279 1:0 6125
6126 9758 1:0 6161
6135 11493 21:0 6135
6162 9930 1:0 6177
6163 11497 21:0 6163
6163 11500 21:0 6163
6167 299 1:0 6168
6167 293 1:0 6177
6169 295 1:0 6177
6176 11512 21:0 6176
6178 9858 1:0 6182
6178 9812 1:0 6182
6178 303 1:0 6182
6178 11384 21:0 6184
6183 10652 1:0 6187
6183 9488 1:0 6187
6183 10363 1:0 6187
6183 11383 21:0 6189
6184 287 21:0 6184
6184 11513 21:0 6184
6188 10933 1:0 6201
6188 9578 1:0 6201
6188 9842 1:0 6201
6188 11385 21:0 6255
6189 285 21:0 6189
6190 297 1:0 6201
6191 11506 21:0 6191
6200 11525 21:0 6200
6202 9710 1:0 6237
6238 10135 1:0 6253
6239 11532 21:0 6239
6239 11533 21:0 6239
6243 311 1:0 6253
6243 317 1:0 6253
6252 11545 21:0 6252
6254 9957 1:0 6258
6254 9547 1:0 6258
6254 9944 1:0 6258
6254 11415 21:0 6260
6259 10709 1:0 6263
6259 9771 1:0 6263
6259 9681 1:0 6263
6259 11417 21:0 6265
6264 313 1:0 6265
6264 10880 1:0 6277
6264 10306 1:0 6277
6264 9607 1:0 6277
6264 11416 21:0 6331
6266 315 1:0 6277
6276 11558 21:0 6276
6278 9968 1:0 6313
6287 11559 21:0 6287
6314 9961 1:0 6334
6315 11563 21:0 6315
6315 11565 21:0 6315
6320 11567 21:0 6320
6322 11552 21:0 6322
6328 11578 21:0 6328
6330 11418 21:0 6336
6335 11448 21:0 6341
6335 9960 1:0 6345
6336 323 21:0 6336
6336 11579 21:0 6336
6340 337 1:0 6343
6340 9435 1:0 6345
6340 11449 21:0 6350
6346 9959 1:0 6352
6349 10028 1:0 6356
6349 10648 1:0 6356
6349 11451 21:0 6358
6350 337 21:0 6350
6357 11450 21:0 6361
6357 9958 1:0 6363
6359 323 1:0 6359
6360 9989 1:0 6365
6360 10003 1:0 6365
6360 10000 1:0 6365
6360 9878 1:0 6365
6360 9998 1:0 6365
6360 11481 21:0 6370
6366 9928 1:0 6393
6369 10484 1:0 6393
6369 9798 1:0 6393
6369 11483 21:0 6398
6373 9971 1:0 6373
6379 9950 1:0 6379
6382 337 1:0 6382
6391 9946 1:0 6393
6394 9945 1:0 6394
6394 9927 1:0 6476
6397 11482 21:0 6478
6403 9943 1:0 6403
6403 9941 1:0 6403
6429 9937 1:0 6429
6456 9936 1:0 6456
6477 11484 21:0 6481
6477 9926 1:0 6483
6480 9615 1:0 6487
6480 10705 1:0 6487
6480 11514 21:0 6492
6488 9925 1:0 6494
6491 10057 1:0 6496
6491 10060 1:0 6496
6491 10055 1:0 6496
6491 10046 1:0 6496
6491 9540 1:0 6496
6491 11515 21:0 6498
6497 11516 21:0 6501
6497 9895 1:0 6524
6500 9792 1:0 6524
6500 9567 1:0 6524
6500 11517 21:0 6580
6505 9923 1:0 6505
6522 9913 1:0 6524
6525 9912 1:0 6525
6525 9894 1:0 6607
6534 9911 1:0 6534
6534 9908 1:0 6534
6560 9904 1:0 6560
6579 11547 21:0 6612
6592 9897 1:0 6592
6608 9893 1:0 6614
6610 285 1:0 6610
6611 9813 1:0 6618
6611 9825 1:0 6618
6611 11549 21:0 6620
6614 10078 1:0 6614
6619 9891 1:0 6619
6619 11548 21:0 6623
6619 9892 1:0 6625
6621 287 1:0 6621
6622 10103 1:0 6627
6622 9587 1:0 6627
6622 10114 1:0 6627
6622 10112 1:0 6627
6622 10117 1:0 6627
6622 11550 21:0 6632
6625 10082 1:0 6625
6628 9862 1:0 6655
6631 9646 1:0 6655
6631 9743 1:0 6655
6631 11580 21:0 6660
6635 10085 1:0 6635
6636 10085 21:0 6636
6636 9890 1:0 6636
6653 9880 1:0 6655
6656 9879 1:0 6656
6656 9861 1:0 6738
6659 11581 21:0 6740
6665 9877 1:0 6665
6665 9875 1:0 6665
6691 9871 1:0 6691
6718 9870 1:0 6718
6723 9864 1:0 6723
6739 11582 21:0 6743
6739 9860 1:0 6745
6742 10192 1:0 6749
6742 10199 1:0 6749
6742 11583 21:0 6754
6750 9859 1:0 6756
6752 269 1:0 6752
6753 337 21:0 6754
6753 11006 21:0 6754
6753 9677 1:0 6758
6753 10169 1:0 6758
6753 10174 1:0 6758
6753 10171 1:0 6758
6753 10160 1:0 6758
6753 11002 21:0 6760
6759 11031 21:0 6760
6759 11004 21:0 6760
6759 11018 21:0 6763
6759 9829 1:0 6786
6761 265 1:0 6761
6762 11039 21:0 6763
6762 11050 21:0 6763
6762 9804 1:0 6786
6762 9747 1:0 6786
6762 11011 21:0 6788
6766 10142 1:0 6766
6767 10142 21:0 6767
6784 9847 1:0 6786
6787 9846 1:0 6787
6787 11083 21:0 6791
6787 9828 1:0 6869
6790 11063 21:0 6832
6796 9845 1:0 6796
6796 9844 1:0 6796
6822 9838 1:0 6822
6831 11038 21:0 6842
6841 11035 21:0 6866
6854 9831 1:0 6854
6865 11030 21:0 6871
6870 11096 21:0 6871
6870 11072 21:0 6874
6870 9827 1:0 6876
6872 249 1:0 6872
6873 11084 21:0 6874
6873 11105 21:0 6874
6873 11149 21:0 6878
6873 9600 1:0 6880
6873 9739 1:0 6880
6877 11134 21:0 6882
6881 11129 21:0 6882
6881 11123 21:0 6885
6881 9826 1:0 6887
6883 251 1:0 6883
6884 11130 21:0 6885
6884 11044 21:0 6885
6884 10226 1:0 6889
6884 10228 1:0 6889
6884 9746 1:0 6889
6884 10231 1:0 6889
6884 10217 1:0 6889
6884 11183 21:0 6891
6888 10196 21:0 6888
6890 11138 21:0 6891
6890 11162 21:0 6891
6890 11090 21:0 6894
6890 9796 1:0 6917
6892 247 1:0 6892
6893 11167 21:0 6894
6893 11064 21:0 6894
6893 11202 21:0 6915
6893 9765 1:0 6917
6893 9772 1:0 6917
6898 9824 1:0 6898
6903 9818 1:0 6903
6914 11189 21:0 6922
6915 9814 1:0 6917
6918 9794 1:0 7000
6921 11068 21:0 6963
6927 9811 1:0 6927
6953 9805 1:0 6953
6962 11222 21:0 6973
6972 11070 21:0 6995
6994 11171 21:0 7002
7001 11051 21:0 7002
7001 11182 21:0 7005
7001 9795 1:0 7008
7003 231 1:0 7003
7004 11282 21:0 7005
7004 11156 21:0 7005
7004 11117 21:0 7009
7004 9714 1:0 7011
7004 9752 1:0 7011
7008 11249 21:0 7013
7012 11381 21:0 7013
7012 11393 21:0 7016
7012 9793 1:0 7018
7014 233 1:0 7014
7015 11400 21:0 7016
7015 11413 21:0 7016
7015 10274 1:0 7020
7015 10285 1:0 7020
7015 10283 1:0 7020
7015 10288 1:0 7020
7015 9627 1:0 7020
7015 11401 21:0 7022
7020 9763 1:0 7048
7021 11103 21:0 7022
7021 11315 21:0 7022
7021 11143 21:0 7025
7023 229 1:0 7023
7023 9781 1:0 7048
7023 9680 1:0 7048
7023 9725 1:0 7048
7024 11136 21:0 7025
7024 11248 21:0 7025
7024 10139 21:0 7044
7026 9761 1:0 7131
7028 9762 1:0 7139
7029 10256 21:0 7029
7031 9450 1:0 7142
7034 9785 1:0 7034
7043 11321 21:0 7053
7045 9706 1:0 7142
7049 9780 1:0 7049
7052 11176 21:0 7094
7058 9776 1:0 7058
7058 9778 1:0 7058
7058 9779 1:0 7058
7059 9760 1:0 7149
7059 9748 1:0 7151
7059 9686 1:0 7151
7059 10331 1:0 7151
7059 10345 1:0 7151
7059 10342 1:0 7151
7093 11262 21:0 7104
7103 11236 21:0 7120
7105 9730 1:0 7179
7113 9719 1:0 7179
7119 11150 21:0 7133
7120 9633 1:0 7179
7120 10340 1:0 7179
7132 11203 21:0 7133
7132 11195 21:0 7136
7134 213 1:0 7134
7135 11196 21:0 7136
7135 11215 21:0 7136
7135 11169 21:0 7139
7138 11426 21:0 7144
7139 10306 21:0 7139
7141 9728 1:0 7262
7142 9729 1:0 7270
7142 9693 1:0 7273
7142 9606 1:0 7273
7143 9759 1:0 7143
7143 11480 21:0 7144
7143 11229 21:0 7144
7143 11539 21:0 7147
7145 10397 1:0 7279
7145 9727 1:0 7280
7145 10402 1:0 7282
7146 11407 21:0 7147
7146 11479 21:0 7150
7148 9528 1:0 7282
7148 10388 1:0 7282
7148 9715 1:0 7282
7149 10310 1:0 7149
7149 11163 21:0 7153
7151 9697 1:0 7310
7151 9673 1:0 7310
7151 9611 1:0 7310
7151 10399 1:0 7310
7151 9695 1:0 7393
7152 321 21:0 7153
7152 11302 21:0 7156
7155 11519 21:0 7156
7155 11453 21:0 7156
7155 11314 21:0 7169
7157 9696 1:0 7401
7157 9666 1:0 7404
7157 9549 1:0 7404
7162 9694 1:0 7411
7162 10459 1:0 7413
7168 11501 21:0 7184
7169 9692 1:0 7413
7169 10456 1:0 7413
7169 10445 1:0 7413
7169 10454 1:0 7413
7183 10253 21:0 7219
7189 9745 1:0 7189
7190 9664 1:0 7441
7190 9672 1:0 7441
7218 10135 21:0 7235
7231 9679 1:0 7441
7231 9682 1:0 7441
7234 11572 21:0 7248
7244 9663 1:0 7524
7247 9732 1:0 7247
7247 11255 21:0 7264
7263 11242 21:0 7264
7263 11170 21:0 7264
7263 11216 21:0 7267
7266 11367 21:0 7267
7266 11468 21:0 7267
7266 11269 21:0 7275
7272 9662 1:0 7531
7272 9573 1:0 7535
7272 9660 1:0 7535
7273 9661 1:0 7542
7273 10502 1:0 7544
7273 9545 1:0 7544
7273 10516 1:0 7544
7273 10511 1:0 7544
7273 10513 1:0 7544
7274 9726 1:0 7274
7274 11492 21:0 7275
7274 11530 21:0 7275
7274 10028 21:0 7278
7276 197 1:0 7276
7276 9631 1:0 7572
7277 11073 21:0 7278
7277 11106 21:0 7278
7277 11435 21:0 7278
7277 11172 21:0 7278
7277 11434 21:0 7278
7277 11040 21:0 7278
7277 11238 21:0 7281
7279 9649 1:0 7572
7279 9479 1:0 7572
7279 9647 1:0 7572
7280 11139 21:0 7281
7281 10367 21:0 7284
7282 9630 1:0 7655
7282 9629 1:0 7662
7282 9446 1:0 7666
7283 11104 21:0 7284
7283 11374 21:0 7287
7285 9620 1:0 7666
7286 10331 21:0 7287
7286 10345 21:0 7287
7286 10342 21:0 7287
7286 10288 21:0 7287
7286 9964 21:0 7287
7286 11526 21:0 7287
7286 10340 21:0 7289
7288 11205 21:0 7289
7288 11271 21:0 7291
7288 9628 1:0 7673
7288 10570 1:0 7675
7288 9507 1:0 7675
7288 10559 1:0 7675
7288 10573 1:0 7675
7288 10568 1:0 7675
7290 11304 21:0 7291
7291 10370 21:0 7315
7293 9598 1:0 7703
7308 9501 1:0 7703
7309 9616 1:0 7703
7309 9594 1:0 7703
7314 11499 21:0 7350
7320 9713 1:0 7320
7321 9597 1:0 7786
7349 10388 21:0 7356
7355 11071 21:0 7369
7368 10274 21:0 7369
7368 10397 21:0 7369
7368 10399 21:0 7369
7368 10283 21:0 7369
7368 10285 21:0 7369
7368 10160 21:0 7369
7368 11337 21:0 7369
7368 11370 21:0 7369
7368 11403 21:0 7371
7370 11436 21:0 7371
7370 11469 21:0 7373
7370 9596 1:0 7793
7373 10402 21:0 7395
7375 9527 1:0 7797
7378 9699 1:0 7378
7390 9455 1:0 7797
7394 305 21:0 7395
7394 11394 21:0 7395
7394 10310 21:0 7398
7396 177 1:0 7396
7397 11473 21:0 7398
7397 301 21:0 7398
7397 11566 21:0 7406
7403 9595 1:0 7804
7403 10616 1:0 7806
7403 10630 1:0 7806
7403 10627 1:0 7806
7404 9514 1:0 7806
7404 10625 1:0 7806
7404 9583 1:0 7834
7404 9563 1:0 7834
7404 9521 1:0 7834
7404 9561 1:0 7834
7405 11546 21:0 7406
7405 11534 21:0 7406
7405 10082 21:0 7409
7407 179 1:0 7407
7408 11301 21:0 7409
7408 11486 21:0 7409
7408 11369 21:0 7415
7410 9565 1:0 7917
7412 10424 21:0 7412
7413 9564 1:0 7925
7413 9534 1:0 7928
7413 9468 1:0 7928
7414 11433 21:0 7415
7414 11447 21:0 7415
7414 11101 21:0 7418
7416 9562 1:0 7935
7416 10673 1:0 7937
7416 10684 1:0 7937
7416 10682 1:0 7937
7416 10687 1:0 7937
7416 9474 1:0 7937
7417 11460 21:0 7418
7417 229 21:0 7418
7417 11268 21:0 7443
7419 9550 1:0 7965
7419 9532 1:0 7965
7419 9516 1:0 7965
7419 9512 1:0 7965
7422 10427 21:0 7422
7440 9531 1:0 8048
7442 11341 21:0 7446
7445 10226 21:0 7446
7445 10217 21:0 7446
7445 10228 21:0 7446
7445 11568 21:0 7446
7445 11502 21:0 7446
7445 11535 21:0 7446
7449 10445 21:0 7481
7452 9530 1:0 8055
7452 9515 1:0 8059
7480 10171 21:0 7481
7480 10169 21:0 7481
7484 10454 21:0 7487
7486 10231 21:0 7490
7489 10112 21:0 7490
7493 9495 1:0 8059
7494 10456 21:0 7497
7496 11402 21:0 7500
7499 10057 21:0 7500
7499 10055 21:0 7500
7499 10114 21:0 7500
7499 10174 21:0 7500
7504 10459 21:0 7526
7506 9529 1:0 8066
7506 10744 1:0 8068
7506 10739 1:0 8068
7521 10730 1:0 8068
7521 10741 1:0 8068
7522 9481 1:0 8068
7525 11335 21:0 7526
7525 11209 21:0 7526
7525 10249 21:0 7529
7528 10103 21:0 7529
7528 10046 21:0 7529
7528 10117 21:0 7529
7528 10060 21:0 7529
7528 303 21:0 7529
7528 315 21:0 7529
7528 313 21:0 7529
7528 10000 21:0 7529
7528 9998 21:0 7529
7528 9989 21:0 7529
7528 10003 21:0 7529
7528 311 21:0 7537
7534 9499 1:0 8096
7535 9483 1:0 8096
7535 9482 1:0 8096
7535 9517 1:0 8096
7535 9497 1:0 8179
7536 239 21:0 7537
7536 223 21:0 7537
7536 245 21:0 7537
7536 241 21:0 7537
7536 317 21:0 7537
7536 295 21:0 7537
7536 297 21:0 7537
7536 299 21:0 7537
7536 293 21:0 7537
7536 277 21:0 7537
7536 279 21:0 7537
7536 281 21:0 7537
7536 275 21:0 7537
7536 259 21:0 7537
7536 261 21:0 7537
7536 257 21:0 7537
7536 263 21:0 7537
7536 243 21:0 7537
7536 225 21:0 7540
7543 10481 21:0 7546
7544 9498 1:0 8187
7544 9448 1:0 8190
7544 9441 1:0 8190
7544 10798 1:0 8196
7544 9496 1:0 8197
7544 9484 1:0 8199
7544 10787 1:0 8199
7544 10801 1:0 8199
7544 9449 1:0 8199
7547 157 1:0 7547
7550 9466 1:0 8227
7552 9442 1:0 8227
7553 9659 1:0 7553
7553 10484 21:0 7577
7555 10796 1:0 8227
7555 9429 1:0 8227
7558 9653 1:0 7558
7573 9648 1:0 7573
7580 10502 21:0 7612
7582 9644 1:0 7582
7583 9464 1:0 8310
7608 9640 1:0 7608
7615 10511 21:0 7618
7625 10513 21:0 7628
7635 9639 1:0 7635
7635 10516 21:0 7657
7665 9465 1:0 8318
7666 9462 1:0 8321
7666 9461 1:0 8321
7666 9463 1:0 8328
7674 10538 21:0 7677
7675 9422 1:0 8330
7675 10858 1:0 8330
7675 10855 1:0 8330
7675 10853 1:0 8330
7675 10844 1:0 8330
7675 9433 1:0 8358
7675 9409 1:0 8358
7675 9416 1:0 8358
7675 9451 1:0 8358
7678 139 1:0 7678
7681 9431 1:0 8441
7684 9626 1:0 7684
7684 10541 21:0 7708
7701 9432 1:0 8449
7702 9408 1:0 8452
7702 9415 1:0 8452
7711 10559 21:0 7743
7713 9614 1:0 7713
7746 10568 21:0 7749
7756 10570 21:0 7759
7766 10573 21:0 7788
7796 9430 1:0 8459
7796 9413 1:0 8461
7796 10901 1:0 8461
7796 10915 1:0 8461
7796 10910 1:0 8461
7796 10912 1:0 8461
7797 9400 1:0 8489
7797 9402 1:0 8489
7797 9417 1:0 8489
7797 9418 1:0 8489
7806 9399 1:0 8572
7806 9398 1:0 8579
7809 121 1:0 7809
7812 9389 1:0 8583
7812 9396 1:0 8583
7815 10598 21:0 7839
7832 9397 1:0 8590
7833 9380 1:0 8592
7833 9383 1:0 8595
7842 10616 21:0 7874
7844 9581 1:0 7844
7844 9580 1:0 7844
7845 9384 1:0 8595
7870 9574 1:0 7870
7877 10625 21:0 7880
7887 10627 21:0 7890
7897 10630 21:0 7919
7920 105 1:0 7920
7925 10648 21:0 7930
7927 9395 1:0 8600
7927 10958 1:0 8623
7927 9376 1:0 8623
7927 9385 1:0 8623
7927 9382 1:0 8623
7927 9 1:0 8623
7927 10967 1:0 8661
7927 7 1:0 8664
7927 10969 1:0 8671
7927 9369 1:0 8674
7927 5 1:0 8674
7928 10972 1:0 8681
7928 9375 1:0 8682
7928 225 1:0 9602
7928 10249 1:0 9607
7928 303 1:0 9607
7928 11209 1:0 9607
7928 11341 1:0 9612
7928 11402 1:0 9612
7931 107 1:0 7931
7936 10652 21:0 7936
7937 11335 1:0 9612
7940 103 1:0 7940
7946 9560 1:0 7946
7951 9554 1:0 7951
7973 10673 21:0 8005
7975 9548 1:0 7975
8001 9541 1:0 8001
8008 10682 21:0 8011
8018 10684 21:0 8021
8028 10687 21:0 8050
8051 87 1:0 8051
8056 10705 21:0 8061
8062 89 1:0 8062
8067 10709 21:0 8070
8077 10712 21:0 8101
8104 10730 21:0 8136
8132 9508 1:0 8132
8139 10739 21:0 8142
8149 10741 21:0 8152
8159 10744 21:0 8181
8182 69 1:0 8182
8186 10762 1:0 8186
8187 10762 21:0 8192
8202 67 1:0 8202
8207 10769 1:0 8207
8208 9494 1:0 8208
8235 10787 21:0 8267
8263 9475 1:0 8263
8270 10796 21:0 8273
8280 10798 21:0 8283
8290 10801 21:0 8312
8318 10819 21:0 8323
8328 10823 1:0 8328
8329 10823 21:0 8329
8338 10826 1:0 8338
8339 10826 21:0 8339
8366 10844 21:0 8398
8401 10853 21:0 8404
8411 10855 21:0 8414
8421 10858 21:0 8443
8444 33 1:0 8444
8448 10876 1:0 8448
8460 10880 21:0 8463
8464 31 1:0 8464
8469 10883 1:0 8469
8470 9428 1:0 8470
8470 10883 21:0 8494
8497 10901 21:0 8529
8532 10910 21:0 8535
8542 10912 21:0 8545
8552 10915 21:0 8574
8575 15 1:0 8575
8586 17 1:0 8586
8591 10937 21:0 8594
8595 13 1:0 8595
8601 10940 21:0 8601
8628 10958 21:0 8660
8663 10967 21:0 8666
8673 10969 21:0 8676
8683 10972 21:0 8712
8713 12619 21:0 8724
8723 3 21:0 8724
8724 12620 21:0 8757
8756 12627 21:0 8768
8767 12639 21:0 8768
8767 12613 21:0 8768
8767 7 21:0 8768
8767 11 21:0 8768
8767 10990 21:0 8768
8767 5 21:0 8768
8767 9 21:0 8770
8768 13 21:0 8768
8769 12629 21:0 8770
8770 12641 21:0 8778
8773 12640 21:0 8773
8773 17 21:0 8773
8777 12642 21:0 8828
8827 12643 21:0 8844
8828 12657 21:0 8828
8828 12659 21:0 8828
8841 12672 21:0 8841
8843 12644 21:0 8854
8849 35 21:0 8849
8849 12673 21:0 8849
8853 12674 21:0 8904
8876 12686 21:0 8876
8903 12676 21:0 8920
8904 12693 21:0 8904
8904 12692 21:0 8904
8904 12690 21:0 8904
8909 12694 21:0 8909
8911 12679 21:0 8911
8919 12677 21:0 8930
8929 12675 21:0 8980
8930 51 21:0 8930
8932 12699 21:0 8932
8941 12718 21:0 8941
8979 12707 21:0 8996
8980 12726 21:0 8980
8987 12712 21:0 8987
8995 12708 21:0 9006
9001 12739 21:0 9001
9005 12709 21:0 9056
9008 12732 21:0 9008
9028 12752 21:0 9028
9055 12741 21:0 9072
9056 12759 21:0 9056
9056 12758 21:0 9056
9071 12742 21:0 9082
9077 12772 21:0 9077
9081 12710 21:0 9132
9084 12765 21:0 9084
9093 12784 21:0 9093
9131 12740 21:0 9148
9132 12792 21:0 9132
9132 12791 21:0 9132
9137 12793 21:0 9137
9139 12778 21:0 9139
9145 12804 21:0 9145
9147 12776 21:0 9158
9148 103 21:0 9148
9157 12774 21:0 9203
9202 12743 21:0 9224
9208 12825 21:0 9208
9223 12806 21:0 9234
9229 12838 21:0 9229
9229 125 21:0 9229
9233 12775 21:0 9256
9234 123 21:0 9234
9236 12831 21:0 9236
9245 12850 21:0 9245
9255 12807 21:0 9300
9256 12851 21:0 9256
9284 12857 21:0 9284
9284 12858 21:0 9284
9289 12859 21:0 9289
9297 12870 21:0 9297
9299 12808 21:0 9310
9300 139 21:0 9300
9305 12871 21:0 9305
9309 12839 21:0 9328
9312 12864 21:0 9312
9327 12773 21:0 9376
9332 12884 21:0 9332
9360 12890 21:0 9360
9373 12903 21:0 9373
9375 12809 21:0 9383
9381 12904 21:0 9381
9382 12842 21:0 9404
9397 12916 21:0 9397
9403 12840 21:0 9452
9408 12917 21:0 9408
9436 12921 21:0 9436
9443 12910 21:0 9443
9451 12841 21:0 9457
9452 175 21:0 9452
9456 12872 21:0 9476
9457 179 21:0 9457
9457 12937 21:0 9457
9473 12949 21:0 9473
9475 12873 21:0 9528
9484 12950 21:0 9484
9517 12958 21:0 9517
9519 12943 21:0 9519
9527 12874 21:0 9533
9532 12875 21:0 9552
9538 195 21:0 9538
9540 12963 21:0 9540
9549 12982 21:0 9549
9551 12905 21:0 9604
9560 12983 21:0 9560
9588 12989 21:0 9588
9588 12990 21:0 9588
9593 12991 21:0 9593
9601 13002 21:0 9601
9603 12907 21:0 9609
9604 211 21:0 9604
9608 12906 21:0 9628
9613 10648 1:0 9626
9613 10880 1:0 9626
9613 11268 1:0 9626
9615 223 1:0 9626
9625 13015 21:0 9625
9627 229 1:0 9662
9627 12908 21:0 9680
9636 13016 21:0 9636
9663 11460 1:0 9678
9664 13023 21:0 9664
9664 13022 21:0 9664
9668 239 1:0 9678
9668 245 1:0 9678
9679 11433 1:0 9683
9679 11101 1:0 9683
9679 11447 1:0 9683
9679 12938 21:0 9685
9684 10538 1:0 9688
9684 11369 1:0 9688
9684 11301 1:0 9688
9684 241 1:0 9688
9684 12940 21:0 9704
9685 13036 21:0 9685
9689 10082 1:0 9702
9689 11486 1:0 9702
9689 11546 1:0 9702
9691 243 1:0 9702
9692 13029 21:0 9692
9703 11534 1:0 9738
9703 12939 21:0 9756
9739 11566 1:0 9754
9744 263 1:0 9745
9744 257 1:0 9745
9746 261 1:0 9754
9755 301 1:0 9759
9755 11473 1:0 9759
9755 10310 1:0 9759
9755 12941 21:0 9761
9760 11394 1:0 9764
9760 305 1:0 9764
9760 11071 1:0 9764
9760 12971 21:0 9780
9761 13069 21:0 9761
9765 11526 1:0 9778
9765 10484 1:0 9778
9765 11499 1:0 9778
9766 249 21:0 9766
9767 259 1:0 9778
9777 13081 21:0 9777
9779 9964 1:0 9814
9779 12972 21:0 9832
9815 11374 1:0 9830
9816 13089 21:0 9816
9820 275 1:0 9830
9820 281 1:0 9830
9823 13075 21:0 9823
9831 10937 1:0 9835
9831 10709 1:0 9835
9831 11104 1:0 9835
9831 12973 21:0 9837
9836 279 1:0 9840
9836 10598 1:0 9840
9836 11435 1:0 9840
9836 11434 1:0 9840
9836 12974 21:0 9856
9841 10712 1:0 9854
9841 10028 1:0 9854
9841 10370 1:0 9854
9843 277 1:0 9854
9855 11530 1:0 9890
9855 13004 21:0 9908
9891 11492 1:0 9906
9896 299 1:0 9906
9896 293 1:0 9906
9907 11468 1:0 9911
9907 11269 1:0 9911
9907 11367 1:0 9911
9907 13006 21:0 9913
9912 11216 1:0 9916
9912 11170 1:0 9916
9912 297 1:0 9916
9912 10481 1:0 9916
9912 13005 21:0 9928
9917 11572 1:0 9930
9917 11255 1:0 9930
9917 11242 1:0 9930
9919 295 1:0 9930
9927 13007 21:0 9984
9931 10135 1:0 9966
9967 10253 1:0 9982
9972 311 1:0 9973
9972 317 1:0 9973
9974 315 1:0 9982
9983 11453 1:0 9987
9983 11314 1:0 9987
9983 11501 1:0 9987
9983 13037 21:0 9989
9988 321 1:0 9992
9988 11519 1:0 9992
9988 11302 1:0 9992
9988 13038 21:0 9994
9991 13171 21:0 9991
9993 11163 1:0 10006
9993 10705 1:0 10006
9993 11479 1:0 10006
9993 13039 21:0 10060
9995 313 1:0 10006
10007 10541 1:0 10042
10043 11583 1:0 10063
10059 13072 21:0 10065
10064 13040 21:0 10070
10064 11582 1:0 10074
10067 13203 21:0 10067
10067 13204 21:0 10067
10069 338 1:0 10072
10069 11407 1:0 10074
10069 13071 21:0 10079
10070 13205 21:0 10070
10075 11581 1:0 10081
10078 10762 1:0 10085
10078 10819 1:0 10085
10078 13070 21:0 10087
10086 11579 1:0 10086
10086 13073 21:0 10090
10086 11580 1:0 10092
10089 11539 1:0 10094
10089 10003 1:0 10094
10089 9989 1:0 10094
10089 9998 1:0 10094
10089 10000 1:0 10094
10089 13136 21:0 10099
10095 11550 1:0 10122
10098 13190 21:0 10099
10098 12624 21:0 10099
10098 12626 21:0 10099
10098 12728 21:0 10099
10098 13124 21:0 10099
10098 12992 21:0 10099
10098 12926 21:0 10101
10098 11480 1:0 10122
10098 11229 1:0 10122
10100 12794 21:0 10101
10100 12860 21:0 10103
10102 13157 21:0 10103
10102 12761 21:0 10104
10103 11578 1:0 10103
10103 12827 21:0 10104
10103 13025 21:0 10105
10104 12893 21:0 10105
10104 45 21:0 10112
10113 338 21:0 10127
10120 11568 1:0 10122
10123 11567 1:0 10123
10123 11548 1:0 10205
10126 13103 21:0 10207
10132 11563 1:0 10132
10132 11565 1:0 10132
10158 11559 1:0 10158
10185 11558 1:0 10185
10190 11552 1:0 10190
10206 13106 21:0 10210
10206 11549 1:0 10213
10209 11426 1:0 10216
10209 10367 1:0 10216
10209 13138 21:0 10218
10217 11547 1:0 10223
10217 13139 21:0 10227
10220 10883 1:0 10225
10220 10046 1:0 10225
10220 10060 1:0 10225
10220 10057 1:0 10225
10220 10055 1:0 10225
10226 13137 21:0 10230
10226 11517 1:0 10253
10229 11169 1:0 10253
10229 6304 1:0 10253
10229 13105 21:0 10309
10234 11545 1:0 10234
10251 11535 1:0 10253
10254 11516 1:0 10336
10263 11532 1:0 10263
10263 11533 1:0 10263
10308 13104 21:0 10338
10316 11525 1:0 10316
10337 11515 1:0 10343
10337 13169 21:0 10349
10340 6299 1:0 10347
10340 6301 1:0 10347
10348 11513 1:0 10348
10348 13170 21:0 10352
10348 11514 1:0 10354
10351 10114 1:0 10356
10351 6303 1:0 10356
10351 10117 1:0 10356
10351 10103 1:0 10356
10351 10112 1:0 10356
10351 13202 21:0 10361
10357 11484 1:0 10384
10360 6302 1:0 10384
10360 6300 1:0 10384
10360 13172 21:0 10389
10364 10085 1:0 10364
10365 11512 1:0 10365
10370 11506 1:0 10370
10382 11502 1:0 10384
10385 11482 1:0 10467
10388 12976 21:0 10424
10394 11497 1:0 10394
10394 11500 1:0 10394
10420 11493 1:0 10420
10423 12888 21:0 10440
10439 12837 21:0 10445
10444 13055 21:0 10469
10468 13009 21:0 10469
10468 13114 21:0 10469
10468 23 21:0 10472
10468 11483 1:0 10475
10471 10055 21:0 10472
10471 297 21:0 10472
10471 10057 21:0 10472
10471 9998 21:0 10472
10471 10114 21:0 10472
10471 10112 21:0 10472
10471 295 21:0 10472
10471 279 21:0 10472
10471 277 21:0 10472
10471 10000 21:0 10472
10471 315 21:0 10472
10471 313 21:0 10472
10471 25 21:0 10472
10471 13091 21:0 10472
10471 12959 21:0 10472
10471 13058 21:0 10472
10471 101 21:0 10472
10471 97 21:0 10472
10471 131 21:0 10472
10471 119 21:0 10472
10471 155 21:0 10472
10471 115 21:0 10472
10471 63 21:0 10472
10471 171 21:0 10472
10471 27 21:0 10472
10471 207 21:0 10472
10471 61 21:0 10472
10471 351 21:0 10472
10471 153 21:0 10472
10471 135 21:0 10472
10471 243 21:0 10472
10471 12695 21:0 10472
10471 259 21:0 10472
10471 117 21:0 10472
10471 79 21:0 10472
10471 12662 21:0 10472
10471 6155 1:0 10478
10471 6154 1:0 10478
10479 11481 1:0 10485
10482 10139 1:0 10484
10482 135 1:0 10487
10482 153 1:0 10487
10482 10160 1:0 10487
10482 243 1:0 10487
10482 259 1:0 10487
10482 10169 1:0 10487
10482 10171 1:0 10487
10482 10174 1:0 10487
10488 11450 1:0 10515
10491 6157 1:0 10515
10491 6156 1:0 10515
10495 10142 1:0 10495
10511 351 1:0 10512
10513 11469 1:0 10515
10516 11451 1:0 10598
10520 263 21:0 10555
10525 11466 1:0 10525
10525 11467 1:0 10525
10525 11464 1:0 10525
10554 10160 21:0 10561
10560 261 21:0 10561
10560 10169 21:0 10564
10563 351 21:0 10564
10568 10171 21:0 10571
10570 259 21:0 10571
10574 257 21:0 10600
10578 11459 1:0 10578
10599 11449 1:0 10605
10601 249 1:0 10601
10602 6152 1:0 10609
10602 6153 1:0 10609
10610 11448 1:0 10616
10613 10231 1:0 10618
10613 10226 1:0 10618
10613 63 1:0 10618
10613 61 1:0 10618
10613 27 1:0 10618
10613 10228 1:0 10618
10613 10217 1:0 10618
10613 207 1:0 10618
10613 11196 1:0 10618
10616 10196 1:0 10616
10619 11418 1:0 10646
10622 11195 1:0 10646
10622 11215 1:0 10646
10627 11446 1:0 10627
10632 11440 1:0 10632
10642 351 1:0 10643
10644 11436 1:0 10646
10647 11416 1:0 10729
10654 10217 21:0 10686
10656 11431 1:0 10656
10682 11427 1:0 10682
10685 245 21:0 10692
10691 243 21:0 10692
10691 10226 21:0 10695
10694 351 21:0 10695
10699 10228 21:0 10702
10701 241 21:0 10702
10705 239 21:0 10731
10714 11420 1:0 10714
10730 10231 21:0 10731
10730 11417 1:0 10737
10733 11203 1:0 10740
10733 11401 1:0 10740
10741 11414 1:0 10741
10741 11415 1:0 10747
10744 351 1:0 10746
10744 155 1:0 10746
10744 10288 1:0 10749
10744 10274 1:0 10749
10744 10285 1:0 10749
10744 11413 1:0 10749
10747 11403 1:0 10749
10750 11385 1:0 10777
10753 11400 1:0 10777
10753 11393 1:0 10777
10757 10256 1:0 10757
10771 10283 1:0 10777
10778 11383 1:0 10860
10785 10274 21:0 10817
10787 11398 1:0 10787
10816 227 21:0 10823
10822 10283 21:0 10823
10822 225 21:0 10826
10825 351 21:0 10826
10830 10285 21:0 10833
10832 223 21:0 10833
10836 221 21:0 10862
10845 11387 1:0 10845
10861 11384 1:0 10868
10864 11381 1:0 10871
10864 11150 1:0 10871
10867 10306 1:0 10867
10872 11382 1:0 10878
10875 351 1:0 10877
10875 119 1:0 10877
10875 10345 1:0 10880
10875 11236 1:0 10880
10875 10340 1:0 10880
10875 10331 1:0 10880
10878 11370 1:0 10880
10881 11352 1:0 10908
10883 211 1:0 10883
10884 11176 1:0 10908
10884 11262 1:0 10908
10889 11380 1:0 10889
10902 10342 1:0 10908
10909 11351 1:0 10991
10913 209 21:0 10948
10918 11368 1:0 10918
10918 11365 1:0 10918
10944 11361 1:0 10944
10947 351 21:0 10948
10951 10340 21:0 10954
10953 207 21:0 10954
10961 10342 21:0 10964
10963 205 21:0 10964
10967 203 21:0 10993
10971 11360 1:0 10971
10976 11354 1:0 10976
10992 10345 21:0 10993
10992 11350 1:0 10998
10994 195 1:0 10994
10995 11136 1:0 11002
10995 11321 1:0 11002
11003 11348 1:0 11003
11003 11349 1:0 11009
11006 131 1:0 11011
11006 10388 1:0 11011
11006 10399 1:0 11011
11006 10397 1:0 11011
11006 11248 1:0 11011
11006 10402 1:0 11011
11012 11319 1:0 11039
11015 11103 1:0 11039
11015 11143 1:0 11039
11020 11347 1:0 11020
11035 351 1:0 11036
11037 11337 1:0 11039
11040 11336 1:0 11040
11040 11318 1:0 11122
11049 11332 1:0 11049
11049 11334 1:0 11049
11066 351 21:0 11076
11075 11328 1:0 11075
11079 189 21:0 11085
11084 10397 21:0 11085
11088 187 21:0 11095
11094 10399 21:0 11095
11102 11327 1:0 11102
11123 11317 1:0 11129
11126 11249 1:0 11133
11126 11315 1:0 11133
11134 11316 1:0 11140
11136 179 1:0 11136
11137 171 1:0 11142
11137 10456 1:0 11142
11137 10454 1:0 11142
11137 10459 1:0 11142
11137 10445 1:0 11142
11137 97 1:0 11142
11137 115 1:0 11142
11137 11117 1:0 11142
11137 25 1:0 11142
11140 10424 1:0 11140
11143 11286 1:0 11170
11145 175 1:0 11145
11146 11156 1:0 11170
11146 11282 1:0 11170
11150 10427 1:0 11150
11156 11308 1:0 11156
11166 351 1:0 11167
11168 11304 1:0 11170
11171 11303 1:0 11171
11171 11284 1:0 11253
11180 11299 1:0 11180
11197 351 21:0 11207
11206 11295 1:0 11206
11210 171 21:0 11216
11215 10454 21:0 11216
11219 169 21:0 11226
11225 10456 21:0 11226
11233 11294 1:0 11233
11238 11288 1:0 11238
11254 11285 1:0 11261
11257 11051 1:0 11264
11257 11182 1:0 11264
11265 11283 1:0 11271
11268 10502 1:0 11273
11268 10516 1:0 11273
11268 101 1:0 11273
11268 11171 1:0 11273
11268 10511 1:0 11273
11268 10513 1:0 11273
11274 11253 1:0 11301
11277 11222 1:0 11301
11277 11070 1:0 11301
11282 11281 1:0 11282
11287 11275 1:0 11287
11297 351 1:0 11298
11299 11271 1:0 11301
11302 11270 1:0 11302
11302 11251 1:0 11384
11311 11266 1:0 11311
11328 351 21:0 11338
11364 11261 1:0 11364
11385 11252 1:0 11392
11388 339 1:0 11395
11388 11068 1:0 11395
11396 11250 1:0 11402
11399 10568 1:0 11404
11399 117 1:0 11404
11399 10570 1:0 11404
11399 79 1:0 11404
11399 45 1:0 11404
11399 11189 1:0 11404
11399 10559 1:0 11404
11399 10456 1:0 11404
11399 10573 1:0 11404
11405 11220 1:0 11432
11407 139 1:0 11407
11408 11167 1:0 11432
11408 11202 1:0 11432
11428 351 1:0 11429
11430 11238 1:0 11432
11433 11237 1:0 11433
11433 11219 1:0 11515
11442 11233 1:0 11442
11442 11235 1:0 11442
11459 351 21:0 11469
11495 11228 1:0 11495
11516 11218 1:0 11522
11518 123 1:0 11518
11519 11064 1:0 11526
11519 11090 1:0 11526
11527 11217 1:0 11533
11529 125 1:0 11529
11530 10684 1:0 11535
11530 10682 1:0 11535
11530 10739 1:0 11535
11530 11162 1:0 11535
11530 10627 1:0 11535
11530 10630 1:0 11535
11530 10616 1:0 11535
11530 313 1:0 11535
11530 10625 1:0 11535
11536 11187 1:0 11563
11539 11183 1:0 11563
11539 11138 1:0 11563
11559 351 1:0 11560
11561 11205 1:0 11563
11564 11204 1:0 11564
11564 11186 1:0 11646
11573 11200 1:0 11573
11590 351 21:0 11600
11647 11185 1:0 11653
11650 11044 1:0 11657
11650 11130 1:0 11657
11658 11184 1:0 11664
11661 10855 1:0 11666
11661 10853 1:0 11666
11661 11123 1:0 11666
11661 10687 1:0 11666
11661 23 1:0 11666
11661 10673 1:0 11666
11664 10652 1:0 11664
11667 11152 1:0 11694
11669 103 1:0 11669
11670 11129 1:0 11694
11670 11134 1:0 11694
11690 351 1:0 11691
11692 11172 1:0 11694
11695 11154 1:0 11777
11721 351 21:0 11731
11778 11153 1:0 11785
11781 11149 1:0 11788
11781 11105 1:0 11788
11789 11151 1:0 11795
11792 10912 1:0 11797
11792 10744 1:0 11797
11792 10730 1:0 11797
11792 10345 1:0 11797
11792 11084 1:0 11797
11792 10741 1:0 11797
11798 11121 1:0 11825
11801 11072 1:0 11825
11801 11096 1:0 11825
11821 351 1:0 11822
11823 11139 1:0 11825
11826 11120 1:0 11908
11835 11137 1:0 11835
11852 351 21:0 11862
11909 11119 1:0 11915
11912 11035 1:0 11919
11912 11030 1:0 11919
11920 11118 1:0 11926
11923 10787 1:0 11928
11923 10796 1:0 11928
11923 257 1:0 11928
11923 10798 1:0 11928
11923 11038 1:0 11928
11923 10801 1:0 11928
11929 11088 1:0 11956
11932 11063 1:0 11956
11932 11083 1:0 11956
11937 11116 1:0 11937
11942 11110 1:0 11942
11952 351 1:0 11953
11954 11106 1:0 11956
11957 11086 1:0 12039
11983 351 21:0 11993
11992 11097 1:0 11992
12040 11087 1:0 12047
12042 51 1:0 12042
12043 11039 1:0 12050
12043 11011 1:0 12050
12051 11085 1:0 12057
12054 10858 1:0 12059
12054 10160 1:0 12059
12054 9 1:0 12059
12054 10910 1:0 12059
12054 10844 1:0 12059
12054 11050 1:0 12059
12057 10823 1:0 12057
12060 11055 1:0 12087
12063 11018 1:0 12087
12063 11004 1:0 12087
12067 10826 1:0 12067
12073 11077 1:0 12073
12083 351 1:0 12084
12085 11073 1:0 12087
12088 11053 1:0 12170
12114 351 21:0 12124
12155 11057 1:0 12155
12171 11054 1:0 12178
12174 11031 1:0 12181
12174 11002 1:0 12181
12182 11052 1:0 12188
12184 35 1:0 12184
12185 10915 1:0 12190
12185 10901 1:0 12190
12185 10958 1:0 12190
12185 11006 1:0 12190
12185 7 1:0 12190
12185 10969 1:0 12190
12191 11022 1:0 12218
12194 11017 1:0 12218
12194 11005 1:0 12218
12214 351 1:0 12215
12216 11040 1:0 12218
12219 11021 1:0 12301
12228 11037 1:0 12228
12245 351 21:0 12255
12286 11024 1:0 12286
12302 11020 1:0 12308
12305 10998 1:0 12312
12305 10991 1:0 12312
12313 11019 1:0 12319
12315 17 1:0 12315
12316 13172 1:0 12324
12322 11007 1:0 12324
12322 351 1:0 12324
12322 11 1:0 12324
12322 10972 1:0 12324
12322 5 1:0 12324
12324 13 1:0 12324
12325 13202 1:0 12403
12329 10940 1:0 12329
12353 10997 1:0 12403
12354 11 21:0 12389
12388 10967 1:0 12390
12388 10958 21:0 12395
12394 9 21:0 12395
12394 10967 21:0 12398
12394 6297 1:0 12403
12397 351 21:0 12398
12397 10990 1:0 12403
12402 10969 21:0 12405
12404 7 21:0 12405
12404 13170 1:0 12437
12433 10990 21:0 12436
12435 13205 1:0 12435
12435 5 21:0 12436
12435 10972 21:0 12436
12435 10000 1:0 12437
12435 6145 1:0 12437
12435 315 1:0 12437
12435 6291 1:0 12437
12438 13169 1:0 12448
12442 13203 1:0 12442
12443 13204 1:0 12443
12446 13114 1:0 12448
12446 351 1:0 12448
12446 13009 1:0 12448
12449 13104 1:0 12457
12455 13190 1:0 12457
12455 6148 1:0 12457
12455 6150 1:0 12457
12455 6151 1:0 12457
12455 13055 1:0 12457
12455 6144 1:0 12457
12455 9998 1:0 12457
12458 13105 1:0 12539
12473 339 21:0 12487
12486 12837 1:0 12526
12509 351 21:0 12519
12521 6149 1:0 12526
12527 12888 1:0 12539
12537 6147 1:0 12539
12537 6146 1:0 12539
12540 13137 1:0 12658
12582 6147 21:0 12607
12612 6153 21:0 12657
12623 10057 1:0 12658
12633 297 1:0 12658
12633 10055 1:0 12658
12656 6152 21:0 12657
12656 6157 21:0 12657
12656 6156 21:0 12660
12658 13139 1:0 12669
12659 6154 21:0 12660
12659 6155 21:0 12660
12659 6150 21:0 12665
12664 13171 1:0 12664
12664 6151 21:0 12668
12666 351 1:0 12669
12666 12976 1:0 12669
12666 6447 1:0 12669
12666 13138 1:0 12678
12666 6298 1:0 12678
12666 6445 1:0 12678
12666 295 1:0 12678
12666 6292 1:0 12678
12666 6293 1:0 12678
12666 13157 1:0 12678
12666 13124 1:0 12899
12666 13091 1:0 13148
12667 6148 21:0 12668
12667 6149 21:0 12668
12667 6146 21:0 12668
12667 319 21:0 12668
12667 6145 21:0 12668
12667 6144 21:0 12668
12669 319 1:0 1392
12675 6446 1:0 12678
12675 6449 1:0 12747
12675 6294 1:0 12747
12675 13106 1:0 12760
12675 6296 1:0 12760
12675 6295 1:0 12760
12675 6451 1:0 12760
12681 13103 1:0 12879
12683 10114 1:0 12879
12683 10112 1:0 12879
12683 279 1:0 12879
12683 277 1:0 12899
12683 6439 1:0 12899
12683 6440 1:0 12899
12683 6444 1:0 12899
12683 13058 1:0 13359
12686 6450 1:0 12890
12714 13136 1:0 12890
12755 6448 1:0 12890
12755 6438 1:0 12899
12784 13073 1:0 12899
12785 6598 1:0 12899
12793 6292 21:0 12845
12834 6441 1:0 12968
12834 6597 1:0 12968
12844 6298 21:0 12878
12844 6596 1:0 12981
12877 6300 21:0 12878
12877 6302 21:0 12878
12877 6303 21:0 12881
12880 6301 21:0 12881
12880 6299 21:0 12881
12880 6304 21:0 12889
12886 13070 1:0 12981
12887 6442 1:0 12981
12887 6443 1:0 12981
12887 13071 1:0 13100
12887 10454 1:0 13100
12887 171 1:0 13100
12887 169 1:0 13100
12887 6593 1:0 13111
12887 6594 1:0 13111
12887 263 1:0 13120
12887 10399 1:0 13120
12887 187 1:0 13120
12887 6592 1:0 13120
12887 259 1:0 13148
12888 6293 21:0 12889
12888 6296 21:0 12889
12888 6291 21:0 12889
12888 6297 21:0 12889
12888 6295 21:0 12889
12888 6294 21:0 12889
12890 6585 1:0 13148
12890 261 1:0 13148
12896 13040 1:0 13111
12896 13072 1:0 13120
12902 6595 1:0 13120
12902 6586 1:0 13120
12902 6890 1:0 13148
12902 12624 1:0 13148
12904 10397 1:0 13138
12904 205 1:0 13145
12904 10171 1:0 13148
12904 12626 1:0 13148
12907 6591 1:0 13148
12907 10169 1:0 13186
12907 6590 1:0 13189
12907 6589 1:0 13189
12907 10342 1:0 13272
12907 203 1:0 13318
12907 13025 1:0 13587
12922 6887 1:0 13189
12923 6588 1:0 13202
12923 6587 1:0 13202
12923 6888 1:0 13202
12935 6889 1:0 13318
12935 223 1:0 13321
12935 207 1:0 13321
12935 209 1:0 13321
12935 227 1:0 13321
12935 221 1:0 13321
12976 7036 1:0 13321
12976 7039 1:0 13321
12984 10285 1:0 13329
12984 10228 1:0 13338
12984 243 1:0 13341
12984 6736 1:0 13366
12989 6741 1:0 13329
13004 7918 1:0 13329
13005 7035 1:0 13329
13005 225 1:0 13332
13005 10283 1:0 13332
13005 10274 1:0 13332
13005 239 1:0 13332
13005 10231 1:0 13332
13005 6734 1:0 13459
13014 6439 21:0 13066
13055 7182 1:0 13332
13065 6443 21:0 13073
13065 6740 1:0 13332
13077 6450 21:0 13099
13098 6448 21:0 13099
13098 6451 21:0 13102
13101 6446 21:0 13102
13101 6449 21:0 13102
13101 6447 21:0 13107
13106 6444 21:0 13110
13107 241 1:0 13338
13107 6738 1:0 13338
13107 245 1:0 13338
13107 10217 1:0 13338
13107 7480 1:0 13338
13107 6891 1:0 13338
13107 10226 1:0 13338
13107 6733 1:0 13341
13107 6739 1:0 13341
13107 6737 1:0 13341
13107 6732 1:0 13341
13107 6884 1:0 13493
13107 6886 1:0 13539
13108 6743 1:0 13341
13108 7034 1:0 13341
13108 6735 1:0 13359
13108 6745 1:0 13366
13108 6744 1:0 13366
13108 6742 1:0 13366
13108 8064 1:0 13550
13108 6892 1:0 13550
13108 6881 1:0 13559
13108 6880 1:0 13559
13108 6885 1:0 13559
13108 6879 1:0 13559
13108 6882 1:0 13559
13109 6438 21:0 13110
13109 6442 21:0 13110
13109 6441 21:0 13110
13109 6440 21:0 13110
13109 6445 21:0 13110
13117 13039 1:0 13539
13117 13038 1:0 13546
13125 13037 1:0 13557
13128 7475 1:0 13559
13143 8067 1:0 13587
13144 12992 1:0 13780
13155 13089 1:0 13155
13197 13007 1:0 13587
13205 7185 1:0 13587
13208 13081 1:0 13208
13210 6883 1:0 13690
13210 10340 1:0 13714
13210 7026 1:0 13760
13210 7032 1:0 13780
13213 13075 1:0 13213
13227 13005 1:0 13760
13235 6586 21:0 13287
13276 8507 1:0 13771
13286 7038 1:0 13771
13288 6595 21:0 13320
13288 7028 1:0 13780
13288 7030 1:0 13911
13288 189 1:0 13935
13288 7176 1:0 14001
13319 6594 21:0 13320
13319 6593 21:0 13320
13319 6596 21:0 13323
13322 6598 21:0 13323
13322 6597 21:0 13323
13322 6591 21:0 13331
13328 13006 1:0 13768
13329 13004 1:0 13778
13329 7029 1:0 13780
13329 7033 1:0 13780
13329 7027 1:0 13780
13329 7333 1:0 13780
13329 7037 1:0 13808
13329 7179 1:0 13981
13329 12959 1:0 14001
13329 7177 1:0 14132
13330 13069 1:0 13330
13330 6590 21:0 13331
13330 6588 21:0 13331
13330 6592 21:0 13331
13330 6589 21:0 13331
13330 6587 21:0 13331
13330 6585 21:0 13331
13338 7031 1:0 13808
13338 8359 1:0 13808
13338 12974 1:0 13808
13344 12973 1:0 13981
13349 12972 1:0 13988
13364 7181 1:0 13992
13365 7186 1:0 13992
13377 7323 1:0 14156
13426 12971 1:0 13999
13431 7174 1:0 14001
13431 7173 1:0 14001
13431 7180 1:0 14001
13431 7175 1:0 14001
13431 12926 1:0 14250
13431 7324 1:0 14353
13431 12893 1:0 14471
13446 7770 1:0 14001
13459 6732 21:0 13510
13507 12941 1:0 14029
13509 6734 21:0 13516
13516 6745 21:0 13541
13540 6744 21:0 13541
13540 6742 21:0 13544
13543 6740 21:0 13544
13543 6743 21:0 13544
13543 6741 21:0 13548
13547 6739 21:0 13552
13549 7184 1:0 14029
13549 7183 1:0 14029
13549 7178 1:0 14029
13549 7320 1:0 14202
13549 7331 1:0 14213
13549 7472 1:0 14377
13549 7467 1:0 14423
13549 7474 1:0 14443
13549 7471 1:0 14574
13550 12939 1:0 14202
13550 12940 1:0 14210
13551 13036 1:0 13551
13551 6733 21:0 13552
13551 6738 21:0 13552
13551 6736 21:0 13552
13551 6735 21:0 13552
13551 6737 21:0 13552
13559 7329 1:0 14213
13559 12938 1:0 14220
13559 7326 1:0 14222
13559 7322 1:0 14222
13559 7325 1:0 14222
13559 7327 1:0 14222
13559 7321 1:0 14222
13559 7328 1:0 14222
13559 7616 1:0 14598
13565 12908 1:0 14250
13567 7332 1:0 14250
13570 7330 1:0 14250
13573 13029 1:0 13573
13597 13023 1:0 13597
13597 13022 1:0 13597
13598 12906 1:0 14423
13623 13016 1:0 13623
13650 13015 1:0 13650
13667 12907 1:0 14431
13668 7477 1:0 14434
13668 7627 1:0 14434
13680 6879 21:0 13731
13718 7473 1:0 14443
13718 7469 1:0 14443
13718 7478 1:0 14443
13718 7470 1:0 14443
13718 7468 1:0 14443
13728 7615 1:0 14644
13730 6883 21:0 13737
13737 6892 21:0 13762
13761 6891 21:0 13762
13761 6889 21:0 13765
13764 6888 21:0 13765
13764 6887 21:0 13765
13764 6890 21:0 13769
13768 6880 21:0 13773
13770 12905 1:0 14441
13770 7479 1:0 14471
13771 12875 1:0 14471
13771 7476 1:0 14471
13771 7623 1:0 14655
13771 7622 1:0 14655
13772 6884 21:0 13773
13772 6882 21:0 13773
13772 6881 21:0 13773
13772 6886 21:0 13773
13772 6885 21:0 13773
13780 12874 1:0 14644
13780 12873 1:0 14651
13788 12872 1:0 14662
13789 13002 1:0 13789
13791 7620 1:0 14664
13791 7614 1:0 14664
13791 7618 1:0 14664
13791 7621 1:0 14664
13791 7617 1:0 14664
13806 7626 1:0 14664
13807 7625 1:0 14692
13809 12991 1:0 13809
13818 12989 1:0 13818
13818 12990 1:0 13818
13844 12983 1:0 13844
13860 12841 1:0 14692
13868 12860 1:0 14692
13868 7619 1:0 14796
13868 7763 1:0 14819
13868 12827 1:0 14913
13868 7765 1:0 15016
13868 12794 1:0 15134
13868 12761 1:0 15355
13868 12728 1:0 15576
13868 12695 1:0 15797
13868 12662 1:0 16018
13871 12982 1:0 13871
13873 7624 1:0 14692
13888 7761 1:0 14865
13888 7762 1:0 14885
13888 7764 1:0 14885
13888 7912 1:0 15040
13888 7913 1:0 15238
13921 7030 21:0 13934
13933 7031 21:0 13940
13939 7029 21:0 13947
13939 12842 1:0 14865
13941 8059 1:0 15261
13948 7037 21:0 13983
13949 7772 1:0 14876
13982 7034 21:0 13983
13982 7038 21:0 13983
13982 7035 21:0 13986
13985 7039 21:0 13986
13985 7036 21:0 13986
13985 7032 21:0 13994
13991 12840 1:0 14872
13992 7769 1:0 14876
13992 12839 1:0 14883
13992 7774 1:0 14885
13992 7766 1:0 14885
13992 7767 1:0 14885
13992 7768 1:0 14885
13992 7908 1:0 15086
13993 7033 21:0 13994
13993 7026 21:0 13994
13993 7028 21:0 13994
13993 7027 21:0 13994
14001 7773 1:0 14913
14001 7771 1:0 14913
14001 12809 1:0 14913
14007 12808 1:0 15086
14015 12963 1:0 14015
14027 12807 1:0 15093
14028 7916 1:0 15097
14030 12958 1:0 14030
14040 7920 1:0 15097
14065 12950 1:0 14065
14092 12949 1:0 14092
14094 12806 1:0 15104
14097 12943 1:0 14097
14109 7921 1:0 15106
14109 7914 1:0 15106
14110 7909 1:0 15106
14110 7915 1:0 15106
14110 7910 1:0 15106
14110 7911 1:0 15106
14110 8061 1:0 15307
14142 7177 21:0 14155
14154 7178 21:0 14161
14160 7176 21:0 14168
14169 7184 21:0 14204
14170 12775 1:0 15134
14203 7186 21:0 14204
14203 7183 21:0 14204
14203 7181 21:0 14207
14206 7182 21:0 14207
14206 7185 21:0 14207
14206 7173 21:0 14215
14212 7917 1:0 15134
14212 7919 1:0 15134
14212 8063 1:0 15318
14213 12776 1:0 15307
14213 12774 1:0 15314
14214 12937 1:0 14214
14214 7179 21:0 14215
14214 7175 21:0 14215
14214 7174 21:0 14215
14214 7180 21:0 14215
14216 8060 1:0 15459
14222 8210 1:0 15318
14222 12773 1:0 15325
14222 8058 1:0 15327
14222 8057 1:0 15327
14222 8062 1:0 15327
14222 8056 1:0 15327
14222 8055 1:0 15327
14222 8068 1:0 15327
14222 8204 1:0 15482
14228 12743 1:0 15355
14230 8066 1:0 15355
14233 8065 1:0 15355
14260 12921 1:0 14260
14261 12742 1:0 15528
14286 12917 1:0 14286
14302 8203 1:0 15528
14302 8212 1:0 15539
14302 8205 1:0 15548
14302 8206 1:0 15548
14302 8202 1:0 15548
14302 8207 1:0 15680
14313 12916 1:0 14313
14318 12910 1:0 14318
14331 12741 1:0 15535
14332 8215 1:0 15539
14340 7321 21:0 14392
14381 8209 1:0 15548
14381 8208 1:0 15548
14381 8353 1:0 15703
14381 8349 1:0 15749
14381 8354 1:0 15901
14391 8213 1:0 15548
14393 7330 21:0 14425
14393 8352 1:0 15769
14393 8350 1:0 15769
14424 7328 21:0 14425
14424 7332 21:0 14425
14424 7329 21:0 14428
14427 7331 21:0 14428
14427 7333 21:0 14428
14427 7327 21:0 14436
14433 12740 1:0 15546
14434 8211 1:0 15576
14434 12710 1:0 15576
14434 8214 1:0 15576
14434 8360 1:0 15760
14435 12904 1:0 14435
14435 7326 21:0 14436
14435 7323 21:0 14436
14435 7322 21:0 14436
14435 7320 21:0 14436
14435 7325 21:0 14436
14435 7324 21:0 14436
14443 12709 1:0 15749
14443 12708 1:0 15756
14449 8361 1:0 15760
14452 12903 1:0 14452
14454 12707 1:0 15767
14469 8351 1:0 15769
14469 8362 1:0 15769
14470 8355 1:0 15769
14470 8356 1:0 15769
14470 8498 1:0 15924
14470 8501 1:0 16122
14481 12890 1:0 14481
14507 12884 1:0 14507
14523 12675 1:0 15797
14536 8357 1:0 15797
14551 8358 1:0 15797
14591 7474 21:0 14618
14602 12677 1:0 15970
14612 8496 1:0 15970
14624 7479 21:0 14646
14645 7476 21:0 14646
14645 7478 21:0 14649
14648 7475 21:0 14649
14648 7477 21:0 14649
14648 7480 21:0 14654
14653 7468 21:0 14657
14654 12676 1:0 15978
14655 8506 1:0 15981
14655 8504 1:0 15981
14655 12674 1:0 15988
14655 8503 1:0 15990
14655 8497 1:0 15990
14655 8502 1:0 15990
14655 8508 1:0 15990
14655 8499 1:0 15990
14655 8500 1:0 15990
14655 8645 1:0 16283
14655 8646 1:0 16283
14656 12871 1:0 14656
14656 7469 21:0 14657
14656 7473 21:0 14657
14656 7472 21:0 14657
14656 7470 21:0 14657
14656 7471 21:0 14657
14656 7467 21:0 14657
14664 8509 1:0 16018
14664 12644 1:0 16018
14664 8505 1:0 16018
14670 12643 1:0 16191
14673 12870 1:0 14673
14678 12864 1:0 14678
14690 12642 1:0 16198
14691 12613 1:0 16202
14693 12859 1:0 14693
14702 12857 1:0 14702
14702 12858 1:0 14702
14703 12639 1:0 16202
14728 12851 1:0 14728
14755 12850 1:0 14755
14757 12641 1:0 16209
14772 10972 1:0 16211
14772 5 1:0 16211
14773 10958 1:0 16211
14773 12627 1:0 16211
14773 12620 1:0 16214
14773 11 1:0 16214
14774 8648 1:0 16283
14802 7619 21:0 14818
14817 7618 21:0 14824
14823 7617 21:0 14831
14823 12619 1:0 16214
14823 8650 1:0 16214
14823 8644 1:0 16214
14823 10990 1:0 16214
14833 8656 1:0 16242
14835 7624 21:0 14867
14866 7626 21:0 14867
14866 7625 21:0 14867
14866 7623 21:0 14870
14869 7622 21:0 14870
14869 7627 21:0 14870
14869 7621 21:0 14878
14875 7 1:0 16232
14875 10969 1:0 16239
14875 8652 1:0 16242
14875 9 1:0 16242
14875 8649 1:0 16242
14875 10967 1:0 16242
14875 8647 1:0 16242
14875 8643 1:0 16242
14875 12629 1:0 16242
14875 8653 1:0 16242
14875 8654 1:0 16283
14876 8655 1:0 16296
14876 3 1:0 16296
14876 8651 1:0 16362
14876 8743 1:0 16382
14876 8744 1:0 16423
14877 12838 1:0 14877
14877 7614 21:0 14878
14877 7616 21:0 14878
14877 7615 21:0 14878
14877 7620 21:0 14878
14899 12831 1:0 14899
14923 12825 1:0 14923
15003 7762 21:0 15055
15056 7771 21:0 15088
15087 7773 21:0 15088
15087 7774 21:0 15088
15087 7772 21:0 15091
15090 7769 21:0 15091
15090 7770 21:0 15091
15090 7768 21:0 15099
15098 7761 21:0 15099
15098 7766 21:0 15099
15098 7763 21:0 15099
15098 7767 21:0 15099
15098 7765 21:0 15099
15098 7764 21:0 15099
15115 12804 1:0 15115
15135 12793 1:0 15135
15144 12792 1:0 15144
15144 12791 1:0 15144
15197 12784 1:0 15197
15202 12778 1:0 15202
15237 7910 21:0 15260
15264 7917 21:0 15309
15308 7921 21:0 15309
15308 7919 21:0 15309
15308 7920 21:0 15312
15311 7918 21:0 15312
15311 7916 21:0 15312
15311 7915 21:0 15317
15316 7909 21:0 15320
15319 12772 1:0 15319
15319 7911 21:0 15320
15319 7913 21:0 15320
15319 7912 21:0 15320
15319 7908 21:0 15320
15319 7914 21:0 15320
15341 12765 1:0 15341
15365 12759 1:0 15365
15365 12758 1:0 15365
15391 12752 1:0 15391
15445 8056 21:0 15497
15498 8065 21:0 15530
15529 8066 21:0 15530
15529 8068 21:0 15530
15529 8063 21:0 15533
15532 8064 21:0 15533
15532 8067 21:0 15533
15532 8055 21:0 15541
15540 12739 1:0 15540
15540 8058 21:0 15541
15540 8060 21:0 15541
15540 8062 21:0 15541
15540 8059 21:0 15541
15540 8061 21:0 15541
15540 8057 21:0 15541
15562 12732 1:0 15562
15586 12726 1:0 15586
15639 12718 1:0 15639
15644 12712 1:0 15644
15676 8205 21:0 15701
15706 8211 21:0 15751
15750 8213 21:0 15751
15750 8214 21:0 15751
15750 8215 21:0 15754
15753 8212 21:0 15754
15753 8210 21:0 15754
15753 8208 21:0 15759
15758 8202 21:0 15762
15761 8206 21:0 15762
15761 8204 21:0 15762
15761 8207 21:0 15762
15761 8203 21:0 15762
15761 8209 21:0 15762
15783 12699 1:0 15783
15798 12694 1:0 15798
15807 12693 1:0 15807
15807 12692 1:0 15807
15807 12690 1:0 15807
15833 12686 1:0 15833
15865 12679 1:0 15865
15907 8354 21:0 15923
15927 8358 21:0 15972
15971 8362 21:0 15972
15971 8357 21:0 15972
15971 8360 21:0 15975
15974 8361 21:0 15975
15974 8359 21:0 15975
15974 8356 21:0 15980
15979 8350 21:0 15983
15982 12673 1:0 15982
15982 8355 21:0 15983
15982 8349 21:0 15983
15982 8353 21:0 15983
15982 8351 21:0 15983
15982 8352 21:0 15983
15999 12672 1:0 15999
16028 12657 1:0 16028
16028 12659 1:0 16028
16108 8497 21:0 16160
16159 8501 21:0 16167
16168 8509 21:0 16193
16192 8505 21:0 16193
16192 8508 21:0 16196
16195 8506 21:0 16196
16195 8504 21:0 16196
16195 8507 21:0 16200
16199 8502 21:0 16204
16203 12640 1:0 16203
16203 8503 21:0 16204
16203 8498 21:0 16204
16203 8499 21:0 16204
16203 8500 21:0 16204
16203 8496 21:0 16204
16339 8646 21:0 16364
16363 8645 21:0 16371
16372 8651 21:0 52
