0 13844 21:0 129
128 13751 0:0 151
129 13755 0:0 151
129 13750 0:0 151
129 13753 0:0 151
129 13752 0:0 151
150 13754 0:0 151
1373 14457 21:0 1383
3350 298 21:0 3390
21422 11550 1:0 24887
21422 11545 1:0 24952
21423 11697 1:0 25108
21423 11696 1:0 25193
21432 11695 1:0 25108
21432 11844 1:0 25329
21432 11842 1:0 25405
23732 24315 21:0 23798
24028 24444 21:0 24036
24036 24447 21:0 24102
24332 24576 21:0 24340
24791 11843 1:0 25329
24791 11840 1:0 25329
24792 11841 1:0 25329
24792 11991 1:0 25549
24792 11979 1:0 25576
24792 11986 1:0 25615
24801 11987 1:0 25616
24801 11989 1:0 25626
24801 11990 1:0 25635
24801 12137 1:0 25770
24807 12125 1:0 25796
24807 12133 1:0 25836
24811 12134 1:0 25837
24812 12126 1:0 25797
24827 12135 1:0 25846
24840 12131 1:0 25826
24840 12132 1:0 25827
24840 12136 1:0 25847
24881 12138 1:0 25857
24910 24576 1:0 25904
24960 12285 1:0 25991
24960 12272 1:0 26017
24962 11545 21:0 25004
24970 12280 1:0 26057
25003 11550 0:0 25004
25012 12273 1:0 26018
25012 12278 1:0 26047
25012 12279 1:0 26048
25012 12281 1:0 26058
25013 12284 1:0 26077
25013 12426 1:0 26269
25013 12427 1:0 26278
25022 12419 1:0 26238
25022 12420 1:0 26239
25022 12425 1:0 26268
25022 12428 1:0 26279
25022 12429 1:0 26288
25022 12430 1:0 26289
25022 12431 1:0 26298
25028 12432 1:0 26299
25028 12572 1:0 26489
25032 12574 1:0 26499
25048 12566 1:0 26459
25048 12575 1:0 26500
25049 12567 1:0 26460
25061 12573 1:0 26490
25061 12577 1:0 26510
25102 12578 1:0 26519
25110 12720 1:0 26711
25130 12579 1:0 26520
25181 24447 1:0 26654
25191 12721 1:0 26720
25201 12713 1:0 26680
25201 12714 1:0 26681
25201 12722 1:0 26721
25203 11696 21:0 25225
25224 11697 0:0 25225
25224 11695 0:0 25225
25233 12723 1:0 26730
25233 12724 1:0 26731
25234 12719 1:0 26710
25234 12726 1:0 26741
25234 12871 1:0 26907
25243 24444 1:0 26788
25243 12868 1:0 26907
25243 12867 1:0 26932
25249 12860 1:0 26901
25249 12861 1:0 26902
25249 12870 1:0 26907
25249 12866 1:0 26907
25251 12872 1:0 26961
25254 12873 1:0 26962
25270 13019 1:0 27096
25282 13007 1:0 27122
25282 13015 1:0 27162
25331 13016 1:0 27163
25336 13008 1:0 27123
25351 13017 1:0 27172
25352 13018 1:0 27173
25353 13013 1:0 27152
25402 13014 1:0 27153
25402 13154 1:0 27343
25411 11842 21:0 25446
25412 13162 1:0 27383
25422 13155 1:0 27344
25422 13163 1:0 27384
25444 11843 0:0 25446
25444 11841 0:0 25446
25444 11840 0:0 25446
25445 11844 0:0 25446
25447 13160 1:0 27373
25447 13164 1:0 27393
25447 13165 1:0 27394
25454 13161 1:0 27374
25454 13166 1:0 27403
25455 13167 1:0 27404
25455 24315 1:0 27484
25464 13311 1:0 27538
25464 13301 1:0 27564
25464 13302 1:0 27565
25464 13307 1:0 27594
25464 13308 1:0 27595
25464 13309 1:0 27604
25464 13312 1:0 27615
25470 13313 1:0 27624
25472 13314 1:0 27625
25475 13459 1:0 27759
25490 13449 1:0 27786
25503 13448 1:0 27785
25503 13456 1:0 27825
25544 13454 1:0 27815
25544 13455 1:0 27816
25544 13458 1:0 27835
25572 13460 1:0 27845
25573 13461 1:0 27846
25573 13602 1:0 28037
25582 11979 21:0 25639
25623 13607 1:0 28015
25633 13603 1:0 28015
25638 11987 0:0 25667
25642 11991 21:0 25667
25643 13606 1:0 28015
25665 11989 0:0 25667
25666 11990 0:0 25667
25666 11986 0:0 25667
25668 13595 1:0 28006
25668 13596 1:0 28007
25668 13601 1:0 28015
25668 13604 1:0 28015
25668 13605 1:0 28015
25675 13608 1:0 28067
25675 298 1:0 28201
25675 13742 1:0 28227
25676 13754 1:0 28223
25676 13751 1:0 28224
25676 13743 1:0 28228
25676 14457 1:0 28289
25685 13752 1:0 28223
25685 13750 1:0 28223
25685 13753 1:0 28224
25685 13748 1:0 28257
25685 13749 1:0 28258
25691 13755 1:0 28288
25691 13844 1:0 28328
25806 12125 21:0 25862
25861 12132 0:0 25876
25861 12134 0:0 25888
25862 12131 0:0 25879
25862 12126 0:0 25879
25867 12137 21:0 25888
25887 12136 0:0 25888
25887 12138 0:0 25888
25887 12133 0:0 25888
25887 12135 0:0 25888
26027 12272 21:0 26083
26082 12273 0:0 26097
26082 12279 0:0 26097
26083 12278 0:0 26100
26083 12280 0:0 26109
26085 12285 21:0 26109
26107 12281 0:0 26109
26108 12284 0:0 26109
26275 12426 21:0 26322
26321 12427 0:0 26330
26321 12430 0:0 26330
26322 12420 0:0 26330
26322 12419 0:0 26330
26322 12425 0:0 26330
26329 12432 0:0 26330
26329 12428 0:0 26330
26329 12431 0:0 26330
26329 12429 0:0 26330
26499 12572 21:0 26551
26549 12579 0:0 26551
26550 12578 0:0 26551
26550 12577 0:0 26551
26550 12566 0:0 26551
26550 12567 0:0 26551
26550 12575 0:0 26551
26550 12574 0:0 26551
26550 12573 0:0 26551
26717 12720 21:0 26764
26763 12723 0:0 26772
26763 12722 0:0 26772
26764 12714 0:0 26772
26764 12719 0:0 26772
26764 12713 0:0 26772
26771 12724 0:0 26772
26771 12721 0:0 26772
26771 12726 0:0 26772
26908 12861 0:0 26932
26938 12867 21:0 26985
26985 12868 0:0 26993
26985 12872 0:0 26993
26985 12866 0:0 26993
26985 12860 0:0 26993
26985 12871 0:0 26993
26992 12873 0:0 26993
26992 12870 0:0 26993
27132 13007 21:0 27188
27187 13008 0:0 27202
27187 13014 0:0 27202
27188 13013 0:0 27205
27188 13015 0:0 27214
27192 13019 21:0 27214
27213 13016 0:0 27214
27213 13017 0:0 27214
27213 13018 0:0 27214
27353 13154 21:0 27409
27408 13161 0:0 27422
27408 13155 0:0 27422
27409 13160 0:0 27426
27409 13162 0:0 27435
27411 13165 0:0 27435
27434 13164 0:0 27435
27434 13167 0:0 27435
27434 13166 0:0 27435
27434 13163 0:0 27435
27574 13301 21:0 27630
27629 13302 0:0 27643
27629 13308 0:0 27643
27630 13307 0:0 27647
27630 13309 0:0 27656
27632 13311 21:0 27656
27654 13313 0:0 27656
27655 13314 0:0 27656
27655 13312 0:0 27656
27792 13449 21:0 27849
27848 13459 21:0 27877
27875 13461 0:0 27877
27875 13456 0:0 27877
27875 13454 0:0 27877
27876 13458 0:0 27877
27876 13460 0:0 27877
27876 13448 0:0 27877
27876 13455 0:0 27877
28016 13595 0:0 28042
28043 13602 21:0 28090
28089 13608 0:0 28098
28090 13606 0:0 28098
28090 13603 0:0 28098
28090 13601 0:0 28098
28090 13596 0:0 28098
28097 13604 0:0 28098
28097 13607 0:0 28098
28097 13605 0:0 28098
28237 13742 21:0 28293
28293 13743 0:0 28310
28293 13748 0:0 28310
28295 13749 0:0 28317
