118 49172 0:0 129
118 49077 0:0 129
118 49078 0:0 170
128 49070 21:0 175
174 49071 21:0 179
178 49076 21:0 211
210 49072 21:0 211
210 329 21:0 227
1397 49785 21:0 1407
3374 298 21:0 3413
4610 51256 21:0 4620
4651 301 1:0 10094
6733 299 21:0 6772
7969 52727 21:0 7979
8010 302 1:0 13453
10092 300 21:0 10131
11328 54198 21:0 11338
11369 303 1:0 16812
13451 301 21:0 13491
14687 55669 21:0 14697
14728 304 1:0 20171
16810 302 21:0 16850
18046 57140 21:0 18056
18087 305 1:0 23530
20169 303 21:0 20208
21405 58611 21:0 21415
21446 306 1:0 26889
23528 304 21:0 23565
24764 60082 21:0 24774
24805 307 1:0 30248
26887 305 21:0 26925
28123 61553 21:0 28133
28164 308 1:0 33607
30246 306 21:0 30285
31482 63024 21:0 31492
31523 309 1:0 36966
33605 307 21:0 33644
34841 64495 21:0 34851
34882 310 1:0 40325
36964 308 21:0 37004
38200 65966 21:0 38210
38241 311 1:0 43684
40323 309 21:0 40363
41559 67437 21:0 41569
41600 312 1:0 47043
43682 310 21:0 43721
44918 68908 21:0 44928
44959 313 1:0 50402
47041 311 21:0 47078
48277 70379 21:0 48287
48318 314 1:0 53761
50400 312 21:0 50440
51636 71850 21:0 51646
51677 315 1:0 57120
53759 313 21:0 53797
54995 73321 21:0 55005
55036 316 1:0 60479
57118 314 21:0 57156
58354 74792 21:0 58364
58395 317 1:0 63838
60477 315 21:0 60517
61713 76263 21:0 61723
61754 318 1:0 67197
63836 316 21:0 63875
65072 77734 21:0 65082
65113 319 1:0 70556
67195 317 21:0 67234
70554 318 21:0 70593
71831 320 1:0 73915
73913 319 21:0 73953
75190 321 1:0 77274
75190 322 1:0 80633
75190 323 1:0 83992
75191 324 1:0 87351
77272 320 21:0 77312
78184 83476 21:0 78250
78549 83476 1:0 79063
80631 321 21:0 80671
81692 85011 21:0 81749
81908 85011 1:0 82167
81909 325 1:0 90710
83990 322 21:0 84030
84666 86316 21:0 84674
85267 86316 1:0 86192
87349 323 21:0 87389
87501 87559 21:0 87567
87574 87591 21:0 87630
88101 87820 21:0 88109
88334 87921 21:0 88390
88391 87921 1:0 89017
88391 87820 1:0 89420
88391 87591 1:0 90327
88626 87559 1:0 90450
88627 326 1:0 94069
90708 324 21:0 90748
91004 89093 21:0 91012
91985 89093 1:0 93565
94067 325 21:0 94106
95047 90861 21:0 95055
95344 299 1:0 3376
95344 300 1:0 6735
95344 327 1:0 97428
95344 328 1:0 100787
95345 90861 1:0 95745
97426 326 21:0 97466
98566 92401 21:0 98632
98631 92400 21:0 98642
98703 92401 1:0 98824
98704 92400 1:0 98832
100785 327 21:0 100824
101314 93606 21:0 101371
101545 93707 21:0 101611
102062 93707 1:0 102838
102063 93606 1:0 103238
102063 329 1:0 104146
102072 46875 1:0 105424
102072 46873 1:0 105432
102072 46877 1:0 105435
102072 46876 1:0 105441
104144 328 21:0 104183
104220 94881 21:0 104286
104440 94977 21:0 104448
104744 95109 21:0 104752
105048 95241 21:0 105056
105431 46874 1:0 105444
105431 46878 1:0 105472
105432 46871 1:0 105504
105432 46865 1:0 105523
105432 46872 1:0 105526
105432 46866 1:0 105553
105432 46868 1:0 105563
105432 47013 1:0 105645
105432 47021 1:0 105653
105441 47025 1:0 105656
105441 47024 1:0 105662
105441 47023 1:0 105665
105441 47019 1:0 105671
105441 47012 1:0 105671
105441 47018 1:0 105671
105447 47020 1:0 105737
105449 47022 1:0 105823
105449 47166 1:0 105866
105452 47172 1:0 105874
105468 47170 1:0 105877
105480 47168 1:0 105883
105521 47167 1:0 105886
105534 47169 1:0 105911
105549 47159 1:0 105914
105549 47165 1:0 105946
105550 47160 1:0 105965
105551 47171 1:0 106054
105559 46866 21:0 105616
105600 47306 1:0 106104
105600 47313 1:0 106107
105600 47312 1:0 106107
105600 47307 1:0 106107
105610 47308 1:0 106107
105612 47315 1:0 106113
105612 47311 1:0 106113
105615 46872 21:0 105644
105643 46865 21:0 105644
105643 46871 21:0 105644
105643 46878 21:0 105647
105646 46874 21:0 105655
105652 47314 1:0 106179
105652 47316 1:0 106265
105653 47319 1:0 106190
105653 47318 1:0 106190
105653 47317 1:0 106190
105654 46876 21:0 105658
105656 47459 1:0 106353
105656 47456 1:0 106353
105657 46877 21:0 105664
105659 47453 1:0 106356
105659 47460 1:0 106369
105659 47454 1:0 106400
105662 95241 1:0 106323
105662 47463 1:0 106411
105662 47464 1:0 106487
105663 46873 21:0 105667
105665 47462 1:0 106411
105666 46875 21:0 105695
105668 47466 1:0 106411
105668 47465 1:0 106411
105670 47461 1:0 106412
105670 47604 1:0 106577
105672 47607 1:0 106590
105672 47600 1:0 106621
105688 47611 1:0 106708
105689 47613 1:0 106632
105694 46868 21:0 105695
105696 47601 1:0 106632
105701 47608 1:0 106633
105742 47612 1:0 106632
105742 47606 1:0 106633
105755 47609 1:0 106632
105771 47610 1:0 106632
105771 47747 1:0 106798
105771 47751 1:0 106830
105771 47753 1:0 106830
105772 47754 1:0 106849
105821 47749 1:0 106854
105821 47760 1:0 106939
105831 47755 1:0 106854
105833 47022 21:0 105865
105864 47020 21:0 105868
105867 47019 21:0 105876
105873 47756 1:0 106853
105873 47757 1:0 106854
105874 47750 1:0 106853
105874 47748 1:0 106853
105874 47752 1:0 106853
105874 47758 1:0 106853
105874 47759 1:0 106854
105874 47896 1:0 107016
105874 47900 1:0 107019
105875 47023 21:0 105879
105878 47024 21:0 105879
105878 47012 21:0 105885
105880 47894 1:0 107032
105880 47895 1:0 107063
105880 47904 1:0 107149
105883 47901 1:0 107074
105883 47907 1:0 107074
105883 47906 1:0 107074
105883 47903 1:0 107074
105883 47902 1:0 107075
105883 47898 1:0 107075
105884 47018 21:0 105885
105884 47025 21:0 105888
105887 47021 21:0 105913
105889 47905 1:0 107074
105889 95109 1:0 107207
105891 48048 1:0 107240
105891 48047 1:0 107272
105893 48041 1:0 107291
105909 48054 1:0 107381
105910 48050 1:0 107295
105912 47013 21:0 105916
105914 48052 1:0 107295
105914 48045 1:0 107296
105922 48053 1:0 107296
105963 48049 1:0 107296
105976 48051 1:0 107296
105991 48042 1:0 107295
105991 48189 1:0 107461
105992 48188 1:0 107474
105992 48195 1:0 107505
106001 47160 21:0 106058
106042 48194 1:0 107517
106042 48198 1:0 107591
106052 48200 1:0 107516
106064 47171 21:0 106086
106085 47165 21:0 106089
106088 47159 21:0 106089
106088 47169 21:0 106097
106094 48199 1:0 107516
106094 48201 1:0 107516
106095 48197 1:0 107516
106095 48196 1:0 107517
106095 48341 1:0 107679
106095 48338 1:0 107682
106095 48336 1:0 107695
106095 48342 1:0 107726
106096 47167 21:0 106100
106099 47168 21:0 106106
106101 48346 1:0 107813
106104 48344 1:0 107737
106104 48348 1:0 107737
106104 48345 1:0 107737
106104 48347 1:0 107737
106104 48335 1:0 107738
106105 47170 21:0 106109
106107 48343 1:0 107738
106107 48483 1:0 107916
106107 48489 1:0 107947
106108 47172 21:0 106134
106110 48493 1:0 107958
106110 48492 1:0 108033
106112 48490 1:0 107959
106114 48482 1:0 107959
106115 48488 1:0 107959
106115 48486 1:0 107959
106115 48484 1:0 107959
106131 48491 1:0 107958
106131 48494 1:0 107958
106133 47166 21:0 106137
106143 48495 1:0 107958
106192 94977 1:0 108091
106197 48629 1:0 108124
106197 48636 1:0 108165
106197 48631 1:0 108168
106213 48630 1:0 108179
106213 48639 1:0 108254
106263 47311 21:0 106272
106263 48638 1:0 108179
106273 48642 1:0 108179
106275 47316 21:0 106307
106283 48641 1:0 108179
106283 48635 1:0 108180
106305 47318 0:0 106307
106306 47319 0:0 106307
106306 47317 0:0 106307
106306 47314 21:0 106310
106308 48640 1:0 108179
106308 48637 1:0 108180
106308 48776 1:0 108342
106309 47315 21:0 106318
106315 48777 1:0 108345
106315 48781 1:0 108377
106315 48778 1:0 108380
106315 48780 1:0 108386
106315 48783 1:0 108386
106315 48785 1:0 108466
106316 48786 1:0 108400
106316 48784 1:0 108400
106316 48789 1:0 108400
106317 47307 21:0 106321
106320 47308 21:0 106321
106320 47312 21:0 106321
106320 47306 21:0 106321
106320 47313 21:0 106321
106322 48779 1:0 108400
106322 48788 1:0 108400
106322 48787 1:0 108400
106325 48782 1:0 108401
106325 77734 1:0 108529
106325 76263 1:0 108529
106325 94881 1:0 108538
106325 73321 1:0 108563
106325 48929 1:0 108563
106325 74792 1:0 108563
106325 49072 1:0 108872
106331 48924 1:0 108566
106331 48923 1:0 108598
106331 48930 1:0 108617
106333 48935 1:0 108706
106336 48934 1:0 108621
106352 48928 1:0 108621
106352 48932 1:0 108621
106364 48931 1:0 108622
106405 48933 1:0 108622
106418 48936 1:0 108621
106433 68908 1:0 108747
106433 71850 1:0 108747
106434 70379 1:0 108747
106434 64495 1:0 108750
106434 67437 1:0 108750
106434 65966 1:0 108750
106435 63024 1:0 108756
106484 61553 1:0 108756
106484 60082 1:0 108756
106484 55669 1:0 108759
106493 47464 21:0 106528
106494 58611 1:0 108759
106494 57140 1:0 108759
106494 54198 1:0 108784
106504 52727 1:0 108784
106504 51256 1:0 108784
106504 49076 1:0 108787
106504 49173 1:0 108969
106526 47463 0:0 106528
106526 47462 0:0 106528
106526 47465 0:0 106528
106527 47466 0:0 106528
106527 47461 0:0 106528
106527 47454 21:0 106531
106529 49071 1:0 108819
106529 49070 1:0 108838
106529 298 1:0 108872
106529 49077 1:0 108872
106529 49078 1:0 108907
106529 49079 1:0 108908
106529 49785 1:0 108933
106529 49172 1:0 108968
106530 47460 21:0 106531
106530 47453 21:0 106531
106530 47459 21:0 106531
106530 47456 21:0 106534
106536 49080 1:0 108917
106536 49081 1:0 108918
106537 49082 1:0 108927
106537 49083 1:0 108928
106714 47611 21:0 106749
106747 47609 0:0 106749
106747 47612 0:0 106749
106747 47608 0:0 106749
106748 47601 0:0 106749
106748 47606 0:0 106749
106748 47610 0:0 106749
106748 47613 0:0 106749
106748 47600 21:0 106752
106751 47607 21:0 106752
106751 47604 21:0 106752
106945 47760 21:0 106970
106968 47755 0:0 106970
106968 47758 0:0 106970
106968 47759 0:0 106970
106968 47757 0:0 106970
106969 47756 0:0 106970
106969 47749 0:0 106970
106969 47750 0:0 106970
106969 47748 0:0 106970
106969 47752 0:0 106970
106969 47754 21:0 106973
106972 47751 21:0 106973
106972 47753 21:0 106973
106972 47747 21:0 106973
107159 47904 21:0 107191
107190 47905 0:0 107191
107190 47902 0:0 107191
107190 47898 0:0 107191
107190 47901 0:0 107191
107190 47903 0:0 107191
107190 47907 0:0 107191
107190 47906 0:0 107191
107190 47895 21:0 107194
107193 47894 21:0 107194
107193 47896 21:0 107194
107193 47900 21:0 107194
107387 48054 21:0 107412
107410 48053 0:0 107412
107410 48052 0:0 107412
107410 48050 0:0 107412
107410 48049 0:0 107412
107411 48045 0:0 107412
107411 48042 0:0 107412
107411 48051 0:0 107412
107411 48041 21:0 107415
107414 48047 21:0 107415
107414 48048 21:0 107415
107601 48198 21:0 107633
107632 48199 0:0 107633
107632 48194 0:0 107633
107632 48201 0:0 107633
107632 48200 0:0 107633
107632 48197 0:0 107633
107632 48196 0:0 107633
107632 48195 21:0 107636
107635 48188 21:0 107636
107635 48189 21:0 107636
107819 48346 21:0 107854
107852 48347 0:0 107854
107852 48344 0:0 107854
107852 48343 0:0 107854
107852 48345 0:0 107854
107853 48335 0:0 107854
107853 48348 0:0 107854
107853 48342 21:0 107857
107856 48341 21:0 107857
107856 48338 21:0 107857
107856 48336 21:0 107857
108043 48492 21:0 108075
108073 48494 0:0 108075
108074 48493 0:0 108075
108074 48495 0:0 108075
108074 48486 0:0 108075
108074 48488 0:0 108075
108074 48491 0:0 108075
108074 48482 0:0 108075
108074 48490 0:0 108075
108074 48484 0:0 108075
108074 48489 21:0 108078
108077 48483 21:0 108078
108264 48639 21:0 108296
108294 48641 0:0 108296
108295 48635 0:0 108296
108295 48631 21:0 108296
108295 48640 0:0 108296
108295 48637 0:0 108296
108295 48642 0:0 108296
108295 48638 0:0 108296
108295 48630 0:0 108296
108295 48636 21:0 108299
108298 48629 21:0 108299
108472 48785 21:0 108517
108515 48784 0:0 108517
108515 48786 0:0 108517
108516 48788 0:0 108517
108516 48779 0:0 108517
108516 48789 0:0 108517
108516 48787 0:0 108517
108516 48782 0:0 108517
108516 48783 21:0 108520
108519 48777 21:0 108520
108519 48776 21:0 108520
108519 48780 21:0 108520
108519 48781 21:0 108520
108519 48778 21:0 108520
108716 48935 21:0 108738
108737 48928 0:0 108738
108737 48931 0:0 108738
108737 48932 0:0 108738
108737 48934 0:0 108738
108737 48933 0:0 108738
108737 48936 0:0 108738
108737 48930 21:0 108741
108740 48923 21:0 108741
108740 48924 21:0 108741
108740 48929 21:0 108746
108934 49083 0:0 108957
108937 49082 0:0 108957
108956 49080 0:0 108957
108956 49081 0:0 108957
108956 49079 0:0 108957
108975 49173 21:0 119
