122 25620 0:0 129
122 25529 0:0 159
122 25526 0:0 159
150 25528 0:0 159
158 25527 0:0 163
1381 26233 21:0 1391
3358 298 21:0 3398
6717 299 21:0 6757
10076 300 21:0 10115
13435 301 21:0 13475
16794 302 21:0 16833
20153 303 21:0 20190
23512 304 21:0 23551
26871 305 21:0 26910
51671 299 1:0 3360
51671 300 1:0 6719
51671 301 1:0 10078
51671 23313 1:0 51792
51672 302 1:0 13437
51672 303 1:0 16796
51672 304 1:0 20155
51672 305 1:0 23514
51681 23314 1:0 51793
51681 23321 1:0 51832
51681 23322 1:0 51833
51681 23323 1:0 51842
51687 23319 1:0 51822
51687 23320 1:0 51823
51687 23324 1:0 51843
51689 23325 1:0 51852
51692 23326 1:0 51853
51708 23470 1:0 51987
51708 23460 1:0 52013
51720 23468 1:0 52053
51761 23469 1:0 52054
51769 23461 1:0 52014
51789 23466 1:0 52043
51789 23471 1:0 52064
51790 23467 1:0 52044
51791 23472 1:0 52073
51802 23313 21:0 51858
51840 23473 1:0 52074
51850 23620 1:0 52295
51857 23320 0:0 51871
51858 23319 0:0 51875
51858 23314 0:0 51875
51858 23321 0:0 51884
51860 23324 0:0 51884
51860 23615 1:0 52210
51862 23618 1:0 52209
51883 23323 0:0 51884
51883 23325 0:0 51884
51883 23322 0:0 51884
51883 23326 0:0 51884
51885 23608 1:0 52209
51885 23616 1:0 52209
51885 23614 1:0 52209
51885 23617 1:0 52210
51885 23607 1:0 52210
51892 23619 1:0 52210
51892 23613 1:0 52210
51892 23762 1:0 52495
51893 23767 1:0 52430
51893 23761 1:0 52430
51893 23764 1:0 52430
51902 23755 1:0 52430
51902 23766 1:0 52430
51902 23765 1:0 52430
51902 23763 1:0 52430
51902 23760 1:0 52431
51902 23754 1:0 52431
51908 23914 1:0 52682
51910 23913 1:0 52682
51910 23908 1:0 52707
51913 23912 1:0 52682
51929 23909 1:0 52682
51941 23911 1:0 52682
51982 23901 1:0 52676
51982 23910 1:0 52682
51990 23902 1:0 52677
51995 23907 1:0 52682
52011 24057 1:0 52906
52011 24058 1:0 52906
52023 23460 21:0 52079
52061 24056 1:0 52906
52071 24061 1:0 52906
52071 24054 1:0 52927
52078 23470 21:0 52105
52081 24059 1:0 52906
52103 23466 0:0 52105
52104 23468 0:0 52105
52104 23472 0:0 52105
52104 23469 0:0 52105
52104 23461 0:0 52105
52104 23467 0:0 52105
52104 23473 0:0 52105
52104 23471 0:0 52105
52106 24048 1:0 52897
52106 24049 1:0 52898
52106 24060 1:0 52906
52106 24055 1:0 52906
52106 24202 1:0 53149
52106 24203 1:0 53158
52106 24204 1:0 53159
52113 24195 1:0 53118
52113 24196 1:0 53119
52113 24205 1:0 53168
52114 24201 1:0 53148
52114 24206 1:0 53169
52114 24207 1:0 53178
52123 24208 1:0 53179
52123 24342 1:0 53339
52123 24343 1:0 53340
52123 24349 1:0 53370
52123 24350 1:0 53379
52123 24351 1:0 53380
52129 24352 1:0 53389
52129 24353 1:0 53390
52131 24348 1:0 53369
52134 24354 1:0 53399
52149 24355 1:0 53400
52150 24489 1:0 53560
52162 24497 1:0 53600
52203 24490 1:0 53561
52203 24498 1:0 53601
52231 24499 1:0 53610
52232 24495 1:0 53590
52232 24496 1:0 53591
52232 24500 1:0 53611
52282 24501 1:0 53620
52292 24502 1:0 53621
52301 23620 21:0 52326
52302 24648 1:0 53787
52324 23615 0:0 52326
52324 23617 0:0 52326
52324 23616 0:0 52326
52324 23619 0:0 52326
52325 23608 0:0 52326
52325 23614 0:0 52326
52325 23618 0:0 52326
52325 23613 0:0 52326
52325 23607 0:0 52326
52327 24644 1:0 53787
52327 24646 1:0 53787
52327 24647 1:0 53787
52327 24645 1:0 53787
52327 24642 1:0 53811
52334 24636 1:0 53781
52334 24637 1:0 53782
52334 24649 1:0 53787
52334 24643 1:0 53787
52334 24784 1:0 54003
52335 24783 1:0 54002
52335 24791 1:0 54042
52335 24792 1:0 54043
52344 24789 1:0 54032
52344 24790 1:0 54033
52344 24793 1:0 54052
52344 24794 1:0 54053
52344 24795 1:0 54062
52350 24796 1:0 54063
52350 24931 1:0 54224
52352 24938 1:0 54263
52355 24930 1:0 54223
52355 24939 1:0 54264
52371 24940 1:0 54273
52383 24936 1:0 54253
52383 24941 1:0 54274
52424 24937 1:0 54254
52437 24942 1:0 54283
52452 24943 1:0 54284
52453 25085 1:0 54450
52503 25086 1:0 54450
52505 23762 21:0 52547
52513 25087 1:0 54450
52513 25083 1:0 54474
52523 25090 1:0 54450
52545 23761 0:0 52547
52545 23764 0:0 52547
52545 23760 0:0 52547
52546 23763 0:0 52547
52546 23767 0:0 52547
52546 23765 0:0 52547
52546 23754 0:0 52547
52546 23766 0:0 52547
52546 23755 0:0 52547
52548 25077 1:0 54444
52548 25078 1:0 54445
52548 25084 1:0 54450
52548 25089 1:0 54450
52548 25088 1:0 54450
52548 25234 1:0 54694
52548 25231 1:0 54696
52555 25233 1:0 54694
52555 25236 1:0 54694
52556 25224 1:0 54665
52556 25225 1:0 54666
52556 25235 1:0 54694
52556 25232 1:0 54694
52565 25229 1:0 54686
52565 25230 1:0 54695
52565 25237 1:0 54726
52565 25381 1:0 54895
52565 25383 1:0 54895
52565 25377 1:0 54916
52571 25382 1:0 54895
52573 25379 1:0 54895
52576 25384 1:0 54895
52591 25380 1:0 54895
52592 25371 1:0 54886
52592 25372 1:0 54887
52604 25378 1:0 54895
52604 298 1:0 55081
52645 25527 1:0 55092
52653 25524 1:0 55137
52673 25526 1:0 55147
52673 26233 1:0 55161
52674 25518 1:0 55107
52674 25519 1:0 55108
52683 23902 0:0 52707
52684 25528 1:0 55157
52686 23901 0:0 52712
52686 25525 1:0 55138
52713 23908 21:0 52760
52724 25529 1:0 55158
52734 25530 1:0 55167
52744 25531 1:0 55168
52746 25620 1:0 55162
52746 25621 1:0 55194
52759 23912 0:0 52768
52760 23907 0:0 52768
52760 23913 0:0 52768
52760 23909 0:0 52768
52767 23910 0:0 52768
52767 23914 0:0 52768
52767 23911 0:0 52768
52907 24048 0:0 52933
52915 24049 0:0 52937
52937 24054 21:0 52988
52987 24060 0:0 52989
52987 24056 0:0 52989
52988 24057 0:0 52989
52988 24059 0:0 52989
52988 24055 0:0 52989
52988 24061 0:0 52989
52988 24058 0:0 52989
53155 24202 21:0 53202
53202 24201 0:0 53210
53202 24196 0:0 53210
53202 24207 0:0 53210
53202 24195 0:0 53210
53202 24203 0:0 53210
53209 24206 0:0 53210
53209 24204 0:0 53210
53209 24205 0:0 53210
53209 24208 0:0 53210
53376 24349 21:0 53423
53423 24348 0:0 53431
53423 24343 0:0 53431
53423 24355 0:0 53431
53423 24342 0:0 53431
53423 24354 0:0 53431
53430 24353 0:0 53431
53430 24352 0:0 53431
53430 24350 0:0 53431
53430 24351 0:0 53431
53570 24489 21:0 53626
53625 24490 0:0 53639
53625 24496 0:0 53639
53626 24495 0:0 53643
53626 24497 0:0 53652
53628 24500 0:0 53652
53651 24501 0:0 53652
53651 24498 0:0 53652
53651 24499 0:0 53652
53651 24502 0:0 53652
53788 24637 0:0 53813
53803 24636 0:0 53822
53821 24642 21:0 53872
53871 24644 0:0 53873
53871 24648 0:0 53873
53872 24647 0:0 53873
53872 24643 0:0 53873
53872 24646 0:0 53873
53872 24645 0:0 53873
53872 24649 0:0 53873
54009 24784 21:0 54066
54065 24790 0:0 54074
54065 24792 0:0 54094
54066 24789 0:0 54081
54066 24783 0:0 54081
54072 24791 0:0 54094
54093 24794 0:0 54094
54093 24793 0:0 54094
54093 24796 0:0 54094
54093 24795 0:0 54094
54230 24931 21:0 54287
54286 24937 0:0 54296
54287 24930 0:0 54302
54287 24936 0:0 54302
54287 24938 0:0 54315
54291 24941 0:0 54315
54314 24943 0:0 54315
54314 24939 0:0 54315
54314 24940 0:0 54315
54314 24942 0:0 54315
54451 25078 0:0 54476
54454 25077 0:0 54480
54484 25083 21:0 54535
54534 25089 0:0 54536
54535 25090 0:0 54536
54535 25086 0:0 54536
54535 25085 0:0 54536
54535 25087 0:0 54536
54535 25084 0:0 54536
54535 25088 0:0 54536
54695 25229 0:0 54701
54702 25231 21:0 54749
54748 25237 0:0 54757
54749 25225 0:0 54757
54749 25230 0:0 54757
54749 25224 0:0 54757
54750 25234 0:0 54757
54750 25233 0:0 54757
54756 25232 0:0 54757
54756 25235 0:0 54757
54756 25236 0:0 54757
54896 25371 0:0 54922
54905 25372 0:0 54927
54926 25377 21:0 54977
54976 25383 0:0 54978
54976 25381 0:0 54978
54977 25379 0:0 54978
54977 25384 0:0 54978
54977 25382 0:0 54978
54977 25380 0:0 54978
54977 25378 0:0 54978
55147 25524 21:0 55197
55195 25530 0:0 55197
55196 25519 0:0 55197
55196 25525 0:0 55197
55196 25518 0:0 55197
55196 25531 0:0 55197
55215 25621 21:0 122
