128 49172 0:0 129
128 49073 0:0 129
128 49072 0:0 129
128 49076 0:0 130
128 49077 0:0 130
128 49071 0:0 130
128 49070 0:0 130
174 49080 0:0 175
1397 49785 21:0 1428
3374 298 21:0 3440
4610 51256 21:0 4643
4651 301 1:0 10094
6733 299 21:0 6799
7969 52727 21:0 8002
8010 302 1:0 13453
10092 300 21:0 10158
11328 54198 21:0 11361
11369 303 1:0 16812
13451 301 21:0 13517
14687 55669 21:0 14720
14728 304 1:0 20171
16810 302 21:0 16876
18046 57140 21:0 18079
18087 305 1:0 23530
20169 303 21:0 20235
21405 58611 21:0 21438
21446 306 1:0 26889
23528 304 21:0 23594
24764 60082 21:0 24797
24805 307 1:0 30248
26887 305 21:0 26953
28123 61553 21:0 28156
28164 308 1:0 33607
30246 306 21:0 30312
31482 63024 21:0 31515
31523 309 1:0 36966
33605 307 21:0 33671
34841 64495 21:0 34874
34882 310 1:0 40325
36964 308 21:0 37030
38200 65966 21:0 38233
38241 311 1:0 43684
40323 309 21:0 40389
41559 67437 21:0 41592
41600 312 1:0 47043
43682 310 21:0 43748
44918 68908 21:0 44951
44959 313 1:0 50402
47041 311 21:0 47107
48277 70379 21:0 48310
48318 314 1:0 53761
50400 312 21:0 50466
51636 71850 21:0 51669
51677 315 1:0 57120
53759 313 21:0 53825
54995 73321 21:0 55028
55036 316 1:0 60479
57118 314 21:0 57184
58354 74792 21:0 58387
58395 317 1:0 63838
60477 315 21:0 60543
61713 76263 21:0 61746
61754 318 1:0 67197
63836 316 21:0 63902
65072 77734 21:0 65105
65113 319 1:0 70556
67195 317 21:0 67261
70554 318 21:0 70620
71831 320 1:0 73915
71831 321 1:0 77274
71831 322 1:0 80633
71831 323 1:0 83992
73913 319 21:0 73979
74293 81774 21:0 74440
75190 81774 1:0 76621
77272 320 21:0 77338
78029 83409 21:0 78174
78549 83409 1:0 79333
78550 324 1:0 87351
80631 321 21:0 80697
81008 84715 21:0 81153
81908 84715 1:0 83347
83990 322 21:0 84056
84823 86383 21:0 84968
85267 86383 1:0 85919
85268 325 1:0 90710
87349 323 21:0 87415
87574 87590 21:0 87719
88405 87952 21:0 88539
88540 87952 1:0 88896
88626 87590 1:0 90326
90708 324 21:0 90774
91769 89424 21:0 91914
91985 89424 1:0 92244
91986 326 1:0 94069
94067 325 21:0 94133
95128 90896 21:0 95273
95344 90896 1:0 95604
95345 327 1:0 97428
95345 328 1:0 100787
97426 326 21:0 97492
97806 92071 21:0 97953
98482 92365 21:0 98616
98703 92365 1:0 98973
98704 92071 1:0 100134
100785 327 21:0 100851
101005 93473 21:0 101139
101314 93606 21:0 101459
102062 93606 1:0 103238
102063 93473 1:0 103773
102063 77734 1:0 105432
102949 50190 21:0 102971
104046 50671 0:0 104067
104144 328 21:0 104210
104192 94857 0:0 104194
104198 94861 0:0 104199
104234 21 21:0 104286
105431 299 1:0 3376
105431 300 1:0 6735
105431 76263 1:0 105441
105431 74792 1:0 105656
105432 46865 1:0 105552
105432 46866 1:0 105553
105432 46873 1:0 105592
105432 46874 1:0 105593
105441 46868 1:0 105563
105441 46869 1:0 105572
105441 46871 1:0 105582
105441 46872 1:0 105583
105441 46875 1:0 105602
105441 46876 1:0 105603
105441 46877 1:0 105612
105441 73321 1:0 105665
105447 46878 1:0 105613
105447 71850 1:0 105728
105447 47018 1:0 105803
105449 47013 1:0 105748
105452 47025 1:0 105749
105468 47024 1:0 105749
105480 47021 1:0 105749
105521 47022 1:0 105749
105534 47020 1:0 105749
105534 47019 1:0 105749
105549 70379 1:0 105883
105550 47023 1:0 105749
105550 47012 1:0 105749
105599 46874 21:0 105658
105600 47170 1:0 106045
105610 47167 1:0 106033
105620 47169 1:0 106033
105643 46866 0:0 105644
105643 46877 0:0 105644
105643 46872 0:0 105644
105643 46871 0:0 105644
105643 46875 0:0 105644
105643 46873 0:0 105644
105643 46865 0:0 105644
105643 46869 0:0 105644
105643 46868 0:0 105644
105643 46878 0:0 105644
105643 46876 0:0 105644
105645 47159 1:0 105994
105645 47160 1:0 105995
105645 47168 1:0 106033
105645 47172 1:0 106033
105645 47171 1:0 106033
105652 47161 1:0 106004
105652 47162 1:0 106005
105652 47165 1:0 106024
105652 47166 1:0 106025
105652 68908 1:0 106104
105652 47314 1:0 106255
105653 47306 1:0 106215
105653 47307 1:0 106216
105653 47315 1:0 106256
105653 67437 1:0 106325
105659 47316 1:0 106265
105662 47312 1:0 106245
105662 47313 1:0 106246
105662 47317 1:0 106266
105662 47318 1:0 106275
105662 47319 1:0 106276
105662 47462 1:0 106477
105668 47453 1:0 106436
105668 47461 1:0 106476
105670 47454 1:0 106437
105673 47463 1:0 106486
105688 47464 1:0 106487
105689 47457 1:0 106456
105689 47459 1:0 106466
105689 47460 1:0 106467
105701 47458 1:0 106457
105701 47465 1:0 106496
105750 47466 1:0 106497
105755 65966 1:0 106546
105770 47608 1:0 106697
105771 47609 1:0 106698
105772 47600 1:0 106657
105780 47013 0:0 105804
105781 47601 1:0 106658
105783 47012 0:0 105809
105813 47018 21:0 105865
105821 47610 1:0 106707
105831 47603 1:0 106668
105831 47606 1:0 106687
105831 47611 1:0 106708
105841 47605 1:0 106678
105841 47607 1:0 106688
105841 50190 1:0 106758
105841 64495 1:0 106767
105863 47020 0:0 105865
105863 47022 0:0 105865
105863 47021 0:0 105865
105864 47023 0:0 105865
105864 47019 0:0 105865
105864 47024 0:0 105865
105864 47025 0:0 105865
105866 47612 1:0 106717
105866 47613 1:0 106718
105866 47758 1:0 106929
105873 47747 1:0 106878
105873 47748 1:0 106879
105873 47755 1:0 106918
105873 47756 1:0 106919
105874 47749 1:0 106888
105874 47751 1:0 106898
105874 47752 1:0 106899
105874 47753 1:0 106908
105874 47754 1:0 106909
105874 47757 1:0 106928
105874 63024 1:0 106988
105883 47759 1:0 106938
105883 47760 1:0 106939
105883 47902 1:0 107139
105883 47905 1:0 107150
105889 47894 1:0 107099
105889 47895 1:0 107100
105889 47903 1:0 107140
105893 47900 1:0 107129
105893 47904 1:0 107149
105894 47897 1:0 107110
105894 47899 1:0 107120
105894 47901 1:0 107130
105909 61553 1:0 107209
105910 47906 1:0 107159
105922 47907 1:0 107160
105963 48051 1:0 107370
105991 48049 1:0 107360
105992 48041 1:0 107320
105992 48042 1:0 107321
105992 48050 1:0 107361
106034 47165 0:0 106042
106041 47159 0:0 106048
106042 48047 1:0 107350
106042 48052 1:0 107371
106043 48043 1:0 107330
106044 48046 1:0 107341
106044 48048 1:0 107351
106051 47170 21:0 106100
106052 48053 1:0 107380
106062 48054 1:0 107381
106084 47171 0:0 106086
106084 47160 0:0 106086
106085 47161 0:0 106086
106085 47162 0:0 106086
106085 47172 0:0 106086
106085 47166 0:0 106086
106085 47168 0:0 106086
106085 47169 0:0 106086
106085 47167 0:0 106086
106087 60082 1:0 107430
106087 48196 1:0 107581
106087 48200 1:0 107601
106094 48188 1:0 107541
106094 48189 1:0 107542
106094 48197 1:0 107582
106094 48198 1:0 107591
106095 48190 1:0 107551
106095 48192 1:0 107561
106095 48194 1:0 107571
106095 48195 1:0 107572
106095 48199 1:0 107592
106095 58611 1:0 107651
106101 48201 1:0 107602
106104 48335 1:0 107762
106104 48336 1:0 107763
106104 48343 1:0 107802
106104 48344 1:0 107803
106104 48345 1:0 107812
106110 48337 1:0 107772
106110 48338 1:0 107773
106110 48339 1:0 107782
106110 48341 1:0 107792
106110 48342 1:0 107793
106110 48346 1:0 107813
106112 48347 1:0 107822
106115 48348 1:0 107823
106130 57140 1:0 107872
106143 48491 1:0 108024
106184 48482 1:0 107983
106184 48483 1:0 107984
106184 48490 1:0 108023
106197 48492 1:0 108033
106213 48484 1:0 107993
106213 48487 1:0 108004
106213 48488 1:0 108013
106213 48489 1:0 108014
106213 48493 1:0 108034
106214 55669 1:0 108093
106263 48494 1:0 108043
106265 47314 21:0 106321
106273 48495 1:0 108044
106283 48642 1:0 108265
106305 47316 0:0 106307
106306 47313 0:0 106307
106306 47317 0:0 106307
106306 47307 0:0 106307
106306 47312 0:0 106307
106306 47306 0:0 106307
106306 47319 0:0 106307
106306 47315 0:0 106307
106306 47318 0:0 106307
106308 48629 1:0 108204
106308 48630 1:0 108205
106308 48637 1:0 108244
106308 48638 1:0 108245
106315 48632 1:0 108215
106315 48633 1:0 108224
106315 48635 1:0 108234
106315 48636 1:0 108235
106315 48639 1:0 108254
106315 48640 1:0 108255
106316 48641 1:0 108264
106316 54198 1:0 108314
106316 48789 1:0 108486
106322 48784 1:0 108465
106325 48776 1:0 108425
106325 48777 1:0 108426
106325 48782 1:0 108455
106325 48785 1:0 108466
106325 48786 1:0 108475
106325 48787 1:0 108476
106331 48783 1:0 108456
106331 48788 1:0 108485
106331 21 1:0 108526
106333 52727 1:0 108535
106336 48931 1:0 108686
106352 48923 1:0 108646
106352 48932 1:0 108687
106364 48924 1:0 108647
106364 48933 1:0 108696
106405 49072 1:0 108861
106413 48934 1:0 108697
106418 48926 1:0 108657
106418 48929 1:0 108676
106418 48930 1:0 108677
106434 48935 1:0 108706
106435 48936 1:0 108707
106483 47462 21:0 106542
106484 51256 1:0 108756
106484 298 1:0 108820
106494 50671 1:0 108760
106504 94861 1:0 108793
106504 94857 1:0 108819
106526 47465 0:0 106528
106527 47460 0:0 106528
106527 47454 0:0 106528
106527 47458 0:0 106528
106527 47457 0:0 106528
106527 47464 0:0 106528
106527 47459 0:0 106528
106527 47466 0:0 106528
106527 47463 0:0 106528
106527 47461 0:0 106528
106527 47453 0:0 106528
106529 49077 1:0 108842
106529 49071 1:0 108842
106529 49070 1:0 108843
106529 49076 1:0 108843
106529 49073 1:0 108848
106529 49078 1:0 108907
106529 49785 1:0 108913
106529 49173 1:0 108969
106536 49079 1:0 108908
106536 49081 1:0 108913
106537 49080 1:0 108913
106537 49082 1:0 108913
106537 49083 1:0 108913
106543 49172 1:0 108968
106707 47608 21:0 106763
106748 47603 0:0 106749
106748 47612 0:0 106749
106748 47600 0:0 106749
106748 47613 0:0 106749
106748 47610 0:0 106749
106748 47609 0:0 106749
106748 47605 0:0 106749
106748 47607 0:0 106749
106748 47606 0:0 106749
106748 47601 0:0 106749
106748 47611 0:0 106749
106935 47758 21:0 106984
106968 47759 0:0 106970
106968 47757 0:0 106970
106969 47755 0:0 106970
106969 47760 0:0 106970
106969 47756 0:0 106970
106969 47748 0:0 106970
106969 47754 0:0 106970
106969 47752 0:0 106970
106969 47753 0:0 106970
106969 47747 0:0 106970
106969 47751 0:0 106970
106969 47749 0:0 106970
107156 47905 21:0 107205
107189 47903 0:0 107191
107189 47902 0:0 107191
107189 47906 0:0 107191
107190 47904 0:0 107191
107190 47900 0:0 107191
107190 47897 0:0 107191
107190 47899 0:0 107191
107190 47907 0:0 107191
107190 47901 0:0 107191
107190 47894 0:0 107191
107190 47895 0:0 107191
107380 48051 21:0 107426
107410 48053 0:0 107412
107410 48052 0:0 107412
107411 48043 0:0 107412
107411 48048 0:0 107412
107411 48049 0:0 107412
107411 48042 0:0 107412
107411 48047 0:0 107412
107411 48046 0:0 107412
107411 48050 0:0 107412
107411 48054 0:0 107412
107411 48041 0:0 107412
107611 48200 21:0 107647
107632 48195 0:0 107633
107632 48197 0:0 107633
107632 48188 0:0 107633
107632 48199 0:0 107633
107632 48189 0:0 107633
107632 48192 0:0 107633
107632 48201 0:0 107633
107632 48196 0:0 107633
107632 48198 0:0 107633
107632 48194 0:0 107633
107632 48190 0:0 107633
107812 48343 21:0 107868
107852 48347 0:0 107854
107853 48335 0:0 107854
107853 48339 0:0 107854
107853 48341 0:0 107854
107853 48337 0:0 107854
107853 48342 0:0 107854
107853 48345 0:0 107854
107853 48338 0:0 107854
107853 48336 0:0 107854
107853 48346 0:0 107854
107853 48344 0:0 107854
107853 48348 0:0 107854
108030 48491 21:0 108089
108073 48490 0:0 108075
108073 48492 0:0 108075
108073 48494 0:0 108075
108074 48493 0:0 108075
108074 48482 0:0 108075
108074 48488 0:0 108075
108074 48484 0:0 108075
108074 48495 0:0 108075
108074 48489 0:0 108075
108074 48483 0:0 108075
108074 48487 0:0 108075
108271 48642 21:0 108310
108294 48637 0:0 108296
108294 48638 0:0 108296
108294 48641 0:0 108296
108295 48633 0:0 108296
108295 48632 0:0 108296
108295 48629 0:0 108296
108295 48635 0:0 108296
108295 48639 0:0 108296
108295 48630 0:0 108296
108295 48636 0:0 108296
108295 48640 0:0 108296
108492 48789 21:0 108531
108515 48786 0:0 108517
108515 48787 0:0 108517
108516 48776 0:0 108517
108516 48783 0:0 108517
108516 48788 0:0 108517
108516 48777 0:0 108517
108516 48784 0:0 108517
108516 48785 0:0 108517
108516 48782 0:0 108517
108696 48931 21:0 108752
108736 48935 0:0 108738
108737 48924 0:0 108738
108737 48933 0:0 108738
108737 48923 0:0 108738
108737 48934 0:0 108738
108737 48936 0:0 108738
108737 48932 0:0 108738
108737 48929 0:0 108738
108737 48930 0:0 108738
108737 48926 0:0 108738
108914 49079 0:0 108944
108917 49078 0:0 108957
108932 49081 0:0 108957
108956 49082 0:0 108957
108956 49083 0:0 108957
108975 49173 21:0 175
