86 13812 21:0 91
86 13813 21:0 87
90 13710 21:0 123
122 13717 21:0 128
127 13721 21:0 139
138 13723 21:0 139
138 13722 21:0 144
143 13711 21:0 144
143 13716 21:0 144
143 13720 21:0 149
148 13718 21:0 163
162 305 21:0 199
1309 14393 21:0 1319
3286 298 21:0 3304
3359 15357 21:0 3376
3739 15523 21:0 3756
4038 15653 21:0 4046
4122 15689 21:0 4188
4563 15689 1:0 5208
4564 15653 1:0 5357
4564 301 1:0 10006
4573 15523 1:0 5871
4573 15357 1:0 6525
6645 299 21:0 6663
6789 16860 21:0 6797
6870 16895 21:0 6887
7630 17225 21:0 7647
7709 17259 21:0 7775
7922 17259 1:0 8174
7923 17225 1:0 8313
7932 16895 1:0 9623
7932 16860 1:0 9764
10004 300 21:0 10022
10533 18497 21:0 10550
10688 18565 21:0 10754
10832 18628 21:0 10840
11141 18762 21:0 11158
11281 18762 1:0 11410
11282 18628 1:0 11944
11282 302 1:0 13365
11291 18565 1:0 12188
11291 18497 1:0 12457
13363 301 21:0 13381
13431 19769 21:0 13439
13512 19804 21:0 13529
13659 19868 21:0 13667
14343 20165 21:0 14351
14640 299 1:0 3288
14640 303 1:0 16724
14640 304 1:0 20083
14641 20165 1:0 15041
14650 19868 1:0 16220
14650 19804 1:0 16472
14656 19769 1:0 16613
16722 302 21:0 16740
16866 21273 21:0 16874
17099 21373 21:0 17116
17115 21372 21:0 17168
17631 21605 21:0 17648
17783 21671 21:0 17800
17999 21671 1:0 18259
18000 21605 1:0 18521
18009 21373 1:0 19437
18009 21372 1:0 19448
18015 21273 1:0 19841
20081 303 21:0 20099
20149 22711 21:0 20157
20156 22712 21:0 20198
20610 22911 21:0 20627
20626 22909 21:0 20679
21218 23175 21:0 21235
21358 23175 1:0 21487
21359 22911 1:0 22535
21368 22909 1:0 22545
21368 22712 1:0 23320
21374 22711 1:0 23331
21374 305 1:0 23442
23440 304 21:0 23458
23820 24317 21:0 23886
24273 24513 21:0 24290
24349 24546 21:0 24366
24425 24580 21:0 24442
24501 24613 21:0 24518
24727 300 1:0 6647
24727 11518 1:0 24737
24728 11514 1:0 24740
24728 11513 1:0 24750
24728 11516 1:0 24778
24737 11515 1:0 24822
24737 11517 1:0 24908
24737 11663 1:0 24958
24737 11660 1:0 24961
24743 11661 1:0 24971
24745 11664 1:0 24999
24748 11662 1:0 25043
24764 11665 1:0 25130
24817 24613 1:0 25167
24830 11808 1:0 25173
24846 11810 1:0 25179
24846 11807 1:0 25182
24896 11805 1:0 25210
24896 11812 1:0 25210
24906 11811 1:0 25261
24916 11809 1:0 25340
24918 11517 21:0 24940
24939 11515 21:0 24943
24942 11516 21:0 24943
24942 11513 21:0 24951
24948 24580 1:0 25388
24949 11958 1:0 25394
24949 11956 1:0 25400
24949 11955 1:0 25403
24950 11514 21:0 24954
24953 11518 21:0 24954
24955 11959 1:0 25428
24955 11954 1:0 25466
24955 11946 1:0 25482
24958 11957 1:0 25562
24958 24546 1:0 25608
24958 12102 1:0 25615
24964 12101 1:0 25621
24966 12103 1:0 25624
24969 12106 1:0 25652
24985 12105 1:0 25652
24985 12094 1:0 25687
24997 12100 1:0 25687
24997 12099 1:0 25703
25038 12104 1:0 25783
25051 12250 1:0 25836
25067 24513 1:0 25829
25117 12252 1:0 25842
25127 12253 1:0 25845
25127 12247 1:0 25855
25136 11665 21:0 25161
25137 12251 1:0 25855
25160 11662 21:0 25164
25163 11664 21:0 25164
25163 11661 21:0 25172
25169 12249 1:0 25883
25169 12248 1:0 25927
25170 12241 1:0 25954
25170 12246 1:0 25983
25170 12396 1:0 26057
25170 12399 1:0 26063
25171 11660 21:0 25175
25174 11663 21:0 25175
25176 12400 1:0 26066
25176 12387 1:0 26091
25176 12394 1:0 26091
25176 12395 1:0 26094
25176 12388 1:0 26094
25179 12397 1:0 26145
25179 12398 1:0 26225
25179 12543 1:0 26278
25179 12545 1:0 26284
25185 12547 1:0 26287
25185 12540 1:0 26312
25187 12534 1:0 26312
25190 12542 1:0 26312
25190 12535 1:0 26315
25206 12546 1:0 26366
25218 12544 1:0 26445
25259 12691 1:0 26505
25259 12688 1:0 26508
25287 12689 1:0 26508
25287 12681 1:0 26518
25288 12682 1:0 26518
25288 12692 1:0 26518
25338 12690 1:0 26546
25348 12694 1:0 26590
25350 11809 21:0 25382
25358 12693 1:0 26676
25381 11811 21:0 25385
25384 11812 21:0 25385
25384 11805 21:0 25393
25390 12839 1:0 26720
25390 12841 1:0 26726
25391 12837 1:0 26729
25391 12834 1:0 26754
25391 12829 1:0 26754
25391 12840 1:0 26757
25391 12835 1:0 26757
25392 11807 21:0 25393
25392 11810 21:0 25396
25394 12838 1:0 26808
25395 11808 21:0 25396
25397 12836 1:0 26877
25397 12986 1:0 26947
25400 24317 1:0 26941
25400 12975 1:0 26947
25400 12976 1:0 26947
25400 12981 1:0 26950
25400 12985 1:0 26950
25406 12983 1:0 26978
25408 12988 1:0 26978
25411 12987 1:0 27029
25427 12984 1:0 27099
25439 13133 1:0 27162
25480 13130 1:0 27168
25493 13131 1:0 27171
25493 13129 1:0 27196
25509 13128 1:0 27196
25509 13132 1:0 27196
25509 13123 1:0 27199
25521 11946 21:0 25565
25559 13135 1:0 27250
25559 13122 1:0 27253
25568 11957 21:0 25603
25569 13134 1:0 27339
25579 13280 1:0 27383
25602 11954 21:0 25606
25605 11959 21:0 25606
25605 11955 21:0 25614
25611 13277 1:0 27389
25611 13281 1:0 27392
25611 13269 1:0 27417
25612 13282 1:0 27417
25612 13276 1:0 27417
25612 13275 1:0 27420
25612 13278 1:0 27471
25613 11956 21:0 25617
25615 13279 1:0 27550
25616 11958 21:0 25617
25618 13425 1:0 27604
25618 13424 1:0 27610
25621 13422 1:0 27613
25621 13427 1:0 27613
25621 13428 1:0 27638
25621 13423 1:0 27638
25621 13416 1:0 27638
25621 13417 1:0 27641
25627 13429 1:0 27692
25627 13426 1:0 27771
25627 13563 1:0 27825
25631 13575 1:0 27831
25632 13570 1:0 27831
25632 13564 1:0 27831
25648 13573 1:0 27834
25660 13569 1:0 27834
25660 13574 1:0 27862
25709 13576 1:0 27862
25729 13572 1:0 27913
25730 13571 1:0 27982
25739 12094 21:0 25785
25780 13718 1:0 28046
25780 298 1:0 28052
25789 12104 21:0 25824
25790 13720 1:0 28052
25800 13722 1:0 28055
25823 12100 21:0 25824
25823 12099 21:0 25824
25823 12105 21:0 25827
25826 12106 21:0 25835
25832 13716 1:0 28055
25832 13723 1:0 28083
25833 13721 1:0 28083
25833 13717 1:0 28118
25833 13711 1:0 28118
25833 13710 1:0 28134
25833 13719 1:0 28204
25833 14393 1:0 28220
25833 13812 1:0 28238
25833 13813 1:0 28265
25834 12103 21:0 25835
25834 12101 21:0 25838
25837 12102 21:0 25844
25960 12241 21:0 26006
26005 12248 21:0 26045
26044 12249 21:0 26048
26047 12246 21:0 26048
26047 12247 21:0 26048
26047 12251 21:0 26056
26055 12253 21:0 26056
26055 12252 21:0 26059
26058 12250 21:0 26065
26181 12388 21:0 26227
26231 12398 21:0 26266
26265 12397 21:0 26269
26268 12395 21:0 26269
26268 12387 21:0 26274
26273 12394 21:0 26277
26276 12400 21:0 26277
26276 12399 21:0 26280
26279 12396 21:0 26286
26402 12535 21:0 26448
26455 12544 21:0 26487
26486 12546 21:0 26490
26489 12534 21:0 26490
26489 12542 21:0 26498
26497 12547 21:0 26498
26497 12545 21:0 26501
26500 12540 21:0 26501
26500 12543 21:0 26507
26623 12682 21:0 26669
26686 12693 21:0 26708
26707 12694 21:0 26711
26710 12690 21:0 26711
26710 12692 21:0 26719
26718 12688 21:0 26719
26718 12681 21:0 26719
26718 12689 21:0 26722
26721 12691 21:0 26728
26887 12836 21:0 26929
26928 12838 21:0 26932
26931 12840 21:0 26932
26931 12835 21:0 26932
26931 12837 21:0 26940
26939 12834 21:0 26940
26939 12829 21:0 26943
26942 12841 21:0 26943
26942 12839 21:0 26949
27105 12984 21:0 27150
27149 12987 21:0 27153
27152 12983 21:0 27153
27152 12988 21:0 27161
27160 12985 21:0 27164
27163 12981 21:0 27164
27163 12986 21:0 27164
27163 12976 21:0 27170
27169 12975 21:0 27170
27289 13122 21:0 27333
27349 13134 21:0 27371
27370 13135 21:0 27374
27373 13123 21:0 27374
27373 13129 21:0 27374
27373 13128 21:0 27374
27373 13132 21:0 27382
27381 13131 21:0 27385
27384 13130 21:0 27385
27384 13133 21:0 27391
27510 13269 21:0 27554
27560 13279 21:0 27592
27591 13278 21:0 27595
27594 13275 21:0 27595
27594 13282 21:0 27603
27602 13276 21:0 27603
27602 13281 21:0 27603
27602 13277 21:0 27606
27605 13280 21:0 27612
27728 13417 21:0 27774
27781 13426 21:0 27813
27812 13429 21:0 27816
27815 13428 21:0 27816
27815 13427 21:0 27824
27823 13416 21:0 27824
27823 13423 21:0 27824
27823 13424 21:0 27827
27826 13422 21:0 27827
27826 13425 21:0 27833
27992 13571 21:0 28034
28033 13572 21:0 28037
28036 13574 21:0 28037
28036 13576 21:0 28045
28044 13573 21:0 28048
28047 13569 21:0 28048
28047 13575 21:0 28048
28047 13570 21:0 28054
28053 13563 21:0 28054
28053 13564 21:0 28054
28210 13719 21:0 87
