171 48165 21:0 176
175 48160 21:0 180
179 48166 21:0 212
211 48159 21:0 212
211 48169 21:0 228
227 48170 21:0 228
227 48167 21:0 233
232 48172 21:0 238
237 48259 21:0 238
237 48366 21:0 304
237 48171 21:0 238
237 48260 21:0 238
303 48367 21:0 309
311 48400 21:0 328
327 48399 21:0 380
379 48401 21:0 385
387 48433 21:0 404
458 48465 21:0 466
539 48499 21:0 556
555 48500 21:0 608
615 48532 21:0 632
691 48565 21:0 708
707 48567 21:0 760
762 48597 21:0 770
843 48631 21:0 860
922 48666 21:0 988
987 48664 21:0 993
992 48696 21:0 998
1071 48731 21:0 1088
1087 48732 21:0 1140
1447 48895 21:0 1455
1455 48898 21:0 1521
1520 48896 21:0 1526
1525 48928 21:0 1531
1531 48931 21:0 1597
1596 48929 21:0 1602
1604 48962 21:0 1621
1620 48963 21:0 1673
1675 48994 21:0 1683
1682 48995 21:0 1733
1732 48961 21:0 1749
1751 49027 21:0 1759
1758 48996 21:0 1809
1808 48930 21:0 1825
1827 49060 21:0 1835
1834 49062 21:0 1885
1884 49063 21:0 1901
1903 49093 21:0 1911
1910 49095 21:0 1961
1960 49094 21:0 1977
1976 49096 21:0 1982
1981 49126 21:0 2001
2000 49127 21:0 2053
2052 49128 21:0 2058
2057 49129 21:0 2063
2062 49159 21:0 2118
2117 49160 21:0 2134
2133 49161 21:0 2139
2138 49162 21:0 2189
2188 49192 21:0 2205
2204 49193 21:0 2215
2214 49194 21:0 2237
2236 49061 21:0 2281
2280 49030 21:0 2286
2285 48997 21:0 2305
2304 49228 21:0 2357
2356 49029 21:0 2362
2361 49227 21:0 2367
2366 48897 21:0 2422
2421 49258 21:0 2438
2437 49226 21:0 2443
2442 49028 21:0 2493
2492 49225 21:0 2509
2508 49291 21:0 2516
2515 49195 21:0 2533
2532 48964 21:0 2585
2584 49327 21:0 2590
2589 49293 21:0 2595
2594 49292 21:0 2604
2603 49261 21:0 2611
2634 328 21:0 2648
2649 328 1:0 2597
2649 48732 1:0 3087
2649 48731 1:0 3094
2649 48696 1:0 3225
2649 48666 1:0 3331
2649 48664 1:0 3337
2649 48631 1:0 3459
2730 48597 1:0 3591
2731 48567 1:0 3697
2731 48565 1:0 3703
2739 48532 1:0 3825
2745 48500 1:0 3941
2852 48499 1:0 3947
2853 48465 1:0 4079
2853 48433 1:0 4191
2861 48401 1:0 4307
2867 48400 1:0 4313
2974 48399 1:0 4323
2975 48367 1:0 4435
2975 48366 1:0 4445
2983 329 1:0 5767
2983 49327 1:0 6031
4622 50338 21:0 4639
4638 50340 21:0 4691
4693 50370 21:0 4701
4700 50372 21:0 4751
4750 50371 21:0 4767
4766 50373 21:0 4772
4771 50403 21:0 4791
4790 50404 21:0 4843
4842 50405 21:0 4848
4847 50406 21:0 4853
4852 50436 21:0 4908
4907 50439 21:0 4924
4923 50469 21:0 4929
4928 50470 21:0 4979
4978 50471 21:0 4995
4994 50472 21:0 5005
5004 50502 21:0 5027
5026 50504 21:0 5071
5070 50503 21:0 5076
5075 50505 21:0 5095
5094 50535 21:0 5147
5146 50538 21:0 5152
5151 50568 21:0 5157
5156 50569 21:0 5212
5211 50570 21:0 5228
5227 50438 21:0 5233
5232 50339 21:0 5283
5282 50536 21:0 5299
5301 50634 21:0 5309
5309 50637 21:0 5375
5377 50667 21:0 5385
5385 50670 21:0 5451
5450 50668 21:0 5456
5455 50604 21:0 5461
5460 50635 21:0 5516
5515 50636 21:0 5527
5526 50701 21:0 5537
5536 50702 21:0 5587
5586 50537 21:0 5603
5602 50735 21:0 5608
5607 50734 21:0 5627
5626 50733 21:0 5679
5678 50768 21:0 5684
5683 50700 21:0 5689
5688 50669 21:0 5744
5743 50602 21:0 5760
5759 50603 21:0 5765
5764 50736 21:0 5771
5770 50337 21:0 5782
5779 49292 1:0 6162
5780 49293 1:0 6170
5780 49291 1:0 6180
5789 49261 1:0 6293
5789 49258 1:0 6311
5795 49226 1:0 6344
5799 49228 1:0 6424
5808 329 21:0 5822
5828 49227 1:0 6432
5910 49225 1:0 6442
5911 49195 1:0 6475
5920 49194 1:0 6555
5920 49193 1:0 6562
5926 49192 1:0 6573
5931 49162 1:0 6606
5959 49161 1:0 6686
6041 49160 1:0 6693
6042 49159 1:0 6704
6051 49129 1:0 6737
6051 49128 1:0 6817
6057 49127 1:0 6824
6062 49126 1:0 6835
6090 49096 1:0 6868
6172 49094 1:0 6948
6173 49095 1:0 6956
6182 49093 1:0 6966
6182 49061 1:0 6999
6188 49063 1:0 7079
6208 49062 1:0 7087
6221 49060 1:0 7097
6303 49028 1:0 7130
6304 49030 1:0 7210
6313 49029 1:0 7218
6313 49027 1:0 7228
6321 48997 1:0 7261
6339 48996 1:0 7341
6434 48995 1:0 7348
6435 48994 1:0 7359
6435 48964 1:0 7392
6444 48963 1:0 7472
6444 48962 1:0 7479
6452 48961 1:0 7490
6471 48930 1:0 7523
6565 48931 1:0 7603
6566 48929 1:0 7610
6575 48928 1:0 7621
6575 48897 1:0 7654
6581 48898 1:0 7734
6585 48896 1:0 7741
6602 48895 1:0 7752
6614 330 1:0 9082
7937 51780 21:0 7954
7953 51779 21:0 8006
8008 51812 21:0 8016
8016 51815 21:0 8082
8084 51845 21:0 8092
8091 51847 21:0 8142
8141 51846 21:0 8158
8157 51848 21:0 8163
8162 51878 21:0 8182
8181 51880 21:0 8234
8233 51879 21:0 8239
8238 51881 21:0 8244
8243 51911 21:0 8299
8298 51912 21:0 8315
8314 51913 21:0 8320
8319 51914 21:0 8370
8369 51944 21:0 8386
8388 51977 21:0 8396
8395 51978 21:0 8446
8445 51979 21:0 8462
8461 51980 21:0 8467
8466 52010 21:0 8486
8485 52011 21:0 8538
8537 52013 21:0 8543
8545 52044 21:0 8562
8561 51945 21:0 8614
8613 52043 21:0 8619
8618 51781 21:0 8624
8623 51782 21:0 8690
8689 51946 21:0 8695
8694 52046 21:0 8700
8699 52012 21:0 8750
8749 52079 21:0 8766
8765 52110 21:0 8776
8775 51814 21:0 8815
8814 52045 21:0 8842
8841 52077 21:0 8847
8846 51947 21:0 8866
8865 52112 21:0 8918
8917 52145 21:0 8923
8922 52109 21:0 8928
8927 52175 21:0 8983
8982 52111 21:0 8999
8998 52208 21:0 9004
9003 52176 21:0 9054
9053 52209 21:0 9070
9069 51813 21:0 9080
9079 52078 21:0 9086
9081 50768 1:0 9354
9085 52274 21:0 9089
9088 52210 21:0 9097
9094 50736 1:0 9397
9095 50734 1:0 9477
9095 50735 1:0 9485
9104 50733 1:0 9495
9104 50702 1:0 9608
9110 50701 1:0 9615
9114 50700 1:0 9626
9123 330 21:0 9137
9143 50669 1:0 9659
9225 50670 1:0 9739
9226 50668 1:0 9746
9235 50667 1:0 9757
9235 50636 1:0 9790
9241 50637 1:0 9870
9246 50635 1:0 9877
9274 50634 1:0 9888
9356 50603 1:0 9921
9357 50604 1:0 10001
9366 50602 1:0 10008
9366 50570 1:0 10132
9372 50569 1:0 10139
9377 50568 1:0 10150
9405 50537 1:0 10183
9487 50538 1:0 10263
9488 50536 1:0 10270
9497 50535 1:0 10281
9497 50505 1:0 10314
9503 50503 1:0 10394
9523 50504 1:0 10402
9536 50502 1:0 10412
9618 50472 1:0 10445
9619 50471 1:0 10525
9628 50470 1:0 10532
9628 50469 1:0 10543
9636 50439 1:0 10656
9654 50438 1:0 10664
9749 50436 1:0 10674
9750 50406 1:0 10707
9750 50405 1:0 10787
9759 50404 1:0 10794
9759 50403 1:0 10805
9767 50373 1:0 10838
9786 50371 1:0 10918
9880 50372 1:0 10926
9881 50370 1:0 10936
9890 50339 1:0 10969
9890 50340 1:0 11049
9896 50338 1:0 11056
9900 50337 1:0 11067
9901 331 1:0 12397
9929 52274 1:0 12417
11247 53221 21:0 11255
11255 53224 21:0 11321
11323 53254 21:0 11331
11330 53255 21:0 11381
11380 53256 21:0 11397
11396 53257 21:0 11402
11401 53287 21:0 11421
11420 53288 21:0 11473
11472 53289 21:0 11478
11477 53290 21:0 11483
11482 53320 21:0 11538
11537 53323 21:0 11554
11553 53353 21:0 11559
11558 53355 21:0 11609
11608 53354 21:0 11625
11624 53356 21:0 11635
11634 53386 21:0 11657
11656 53387 21:0 11701
11700 53388 21:0 11706
11705 53419 21:0 11725
11724 53422 21:0 11777
11779 53452 21:0 11787
11786 53453 21:0 11837
11836 53454 21:0 11853
11852 53222 21:0 11858
11857 53421 21:0 11877
11876 53322 21:0 11929
11931 53518 21:0 11939
11939 53521 21:0 12005
12004 53223 21:0 12010
12009 53389 21:0 12015
12014 53553 21:0 12070
12069 53321 21:0 12083
12082 53519 21:0 12091
12090 53584 21:0 12141
12140 53488 21:0 12157
12156 53420 21:0 12162
12161 53617 21:0 12181
12180 53487 21:0 12233
12232 53520 21:0 12238
12237 53552 21:0 12243
12242 53619 21:0 12298
12297 53618 21:0 12314
12313 53455 21:0 12319
12318 53551 21:0 12369
12368 53587 21:0 12385
12384 53554 21:0 12395
12394 53653 21:0 12401
12396 52210 1:0 12661
12400 53585 21:0 12404
12409 52209 1:0 12668
12410 52208 1:0 12679
12419 52176 1:0 12799
12419 52175 1:0 12810
12425 52145 1:0 12923
12429 52111 1:0 12974
12438 331 21:0 12452
12458 52112 1:0 13054
12540 52110 1:0 13061
12541 52109 1:0 13072
12550 52078 1:0 13105
12550 52079 1:0 13185
12556 52077 1:0 13192
12561 52045 1:0 13236
12589 52046 1:0 13316
12671 52044 1:0 13323
12672 52043 1:0 13334
12681 52012 1:0 13367
12681 52013 1:0 13447
12687 52011 1:0 13454
12692 52010 1:0 13465
12720 51980 1:0 13498
12802 51979 1:0 13578
12803 51978 1:0 13585
12812 51977 1:0 13596
12812 51947 1:0 13629
12818 51946 1:0 13709
12838 51945 1:0 13716
12851 51944 1:0 13727
12933 51914 1:0 13760
12934 51913 1:0 13840
12943 51912 1:0 13847
12943 51911 1:0 13858
12951 51881 1:0 13891
12969 51879 1:0 13971
13064 51880 1:0 13979
13065 51878 1:0 13989
13065 51848 1:0 14022
13074 51846 1:0 14102
13074 51847 1:0 14110
13082 51845 1:0 14120
13101 51813 1:0 14153
13195 51815 1:0 14233
13196 51814 1:0 14241
13205 51812 1:0 14251
13205 51782 1:0 14284
13211 51781 1:0 14364
13215 51780 1:0 14371
13232 51779 1:0 14382
13244 332 1:0 15712
14562 54663 21:0 14570
14570 54666 21:0 14636
14638 54696 21:0 14646
14645 54697 21:0 14696
14695 54698 21:0 14712
14711 54699 21:0 14717
14716 54729 21:0 14736
14735 54731 21:0 14788
14787 54730 21:0 14793
14792 54732 21:0 14798
14797 54762 21:0 14853
14852 54765 21:0 14869
14868 54795 21:0 14874
14873 54797 21:0 14924
14923 54796 21:0 14940
14939 54798 21:0 14950
14949 54828 21:0 14972
14971 54830 21:0 15016
15015 54829 21:0 15021
15020 54861 21:0 15040
15039 54864 21:0 15092
15094 54894 21:0 15102
15101 54664 21:0 15152
15151 54665 21:0 15168
15167 54764 21:0 15173
15175 54929 21:0 15192
15191 54863 21:0 15244
15243 54897 21:0 15249
15251 54961 21:0 15268
15267 54862 21:0 15320
15319 54896 21:0 15325
15324 54895 21:0 15330
15329 54963 21:0 15396
15395 54960 21:0 15401
15400 54763 21:0 15406
15405 54927 21:0 15456
15455 54993 21:0 15472
15471 54930 21:0 15482
15481 55026 21:0 15517
15516 54996 21:0 15548
15547 54995 21:0 15553
15552 55029 21:0 15572
15571 55061 21:0 15624
15623 55092 21:0 15629
15628 54962 21:0 15634
15633 54994 21:0 15689
15688 55095 21:0 15705
15704 54831 21:0 15710
15724 53653 1:0 15976
15725 53618 1:0 16107
15734 53619 1:0 16115
15734 53617 1:0 16125
15740 53587 1:0 16238
15744 53585 1:0 16245
15753 332 21:0 15767
15773 53584 1:0 16256
15855 53554 1:0 16289
15856 53552 1:0 16369
15865 53553 1:0 16377
15865 53551 1:0 16387
15871 53520 1:0 16420
15876 53521 1:0 16500
15904 53519 1:0 16507
15986 53518 1:0 16518
15987 53488 1:0 16631
15996 53487 1:0 16639
15996 53455 1:0 16682
16002 53454 1:0 16762
16007 53453 1:0 16769
16035 53452 1:0 16780
16117 53420 1:0 16813
16118 53422 1:0 16893
16127 53421 1:0 16901
16127 53419 1:0 16911
16133 53389 1:0 16944
16153 53388 1:0 17024
16166 53387 1:0 17031
16248 53386 1:0 17042
16249 53356 1:0 17075
16258 53354 1:0 17155
16258 53355 1:0 17163
16266 53353 1:0 17173
16284 53321 1:0 17206
16379 53323 1:0 17286
16380 53322 1:0 17294
16380 53320 1:0 17304
16389 53290 1:0 17337
16389 53289 1:0 17417
16397 53288 1:0 17424
16416 53287 1:0 17435
16510 53257 1:0 17468
16511 53256 1:0 17548
16520 53255 1:0 17555
16520 53254 1:0 17566
16526 53223 1:0 17599
16530 53224 1:0 17679
16547 53222 1:0 17686
16559 333 1:0 19027
16641 53221 1:0 17697
17882 56107 21:0 17899
17898 56106 21:0 17951
17953 56138 21:0 17961
17960 56140 21:0 18011
18010 56139 21:0 18027
18026 56141 21:0 18032
18031 56171 21:0 18051
18050 56172 21:0 18103
18102 56173 21:0 18108
18107 56174 21:0 18113
18112 56204 21:0 18168
18167 56207 21:0 18184
18183 56237 21:0 18189
18188 56238 21:0 18239
18238 56239 21:0 18255
18254 56240 21:0 18265
18264 56270 21:0 18287
18286 56272 21:0 18331
18330 56271 21:0 18336
18338 56304 21:0 18355
18354 56305 21:0 18407
18406 56306 21:0 18412
18411 56336 21:0 18417
18416 56337 21:0 18483
18482 56339 21:0 18488
18487 56206 21:0 18493
18492 56205 21:0 18543
18542 56273 21:0 18559
18558 56370 21:0 18569
18568 56403 21:0 18605
18604 56108 21:0 18635
18634 56338 21:0 18640
18639 56303 21:0 18659
18658 56438 21:0 18711
18710 56372 21:0 18716
18715 56435 21:0 18721
18720 56402 21:0 18776
18775 56436 21:0 18792
18794 56502 21:0 18811
18810 56503 21:0 18863
18862 56404 21:0 18868
18870 56535 21:0 18887
18886 56504 21:0 18939
18938 56501 21:0 18944
18943 56470 21:0 18949
18948 56105 21:0 19015
19014 56570 21:0 19020
19019 56534 21:0 19025
19024 56567 21:0 19031
19039 55095 1:0 19291
19040 55092 1:0 19309
19049 55061 1:0 19430
19049 55029 1:0 19553
19055 55026 1:0 19571
19059 54994 1:0 19604
19068 333 21:0 19082
19088 54996 1:0 19684
19170 54995 1:0 19692
19171 54993 1:0 19702
19180 54962 1:0 19735
19180 54963 1:0 19815
19186 54961 1:0 19822
19191 54960 1:0 19833
19219 54930 1:0 19946
19301 54929 1:0 19954
19302 54927 1:0 19964
19311 54895 1:0 19997
19311 54897 1:0 20077
19317 54896 1:0 20085
19322 54894 1:0 20095
19350 54862 1:0 20128
19432 54864 1:0 20208
19433 54863 1:0 20216
19442 54861 1:0 20226
19442 54831 1:0 20259
19448 54829 1:0 20339
19468 54830 1:0 20347
19481 54828 1:0 20357
19563 54798 1:0 20390
19564 54796 1:0 20470
19573 54797 1:0 20478
19573 54795 1:0 20488
19581 54763 1:0 20521
19599 54765 1:0 20601
19694 54764 1:0 20609
19695 54762 1:0 20619
19695 54732 1:0 20652
19704 54730 1:0 20732
19704 54731 1:0 20740
19712 54729 1:0 20750
19731 54699 1:0 20783
19825 54698 1:0 20863
19826 54697 1:0 20870
19835 54696 1:0 20881
19835 54665 1:0 20914
19841 54666 1:0 20994
19845 54664 1:0 21001
19862 54663 1:0 21012
19874 334 1:0 22342
21192 57547 21:0 21200
21200 57550 21:0 21266
21268 57580 21:0 21276
21275 57581 21:0 21326
21325 57582 21:0 21342
21341 57583 21:0 21347
21346 57613 21:0 21366
21365 57615 21:0 21418
21417 57614 21:0 21423
21422 57616 21:0 21428
21427 57646 21:0 21483
21482 57649 21:0 21499
21498 57679 21:0 21504
21503 57680 21:0 21554
21553 57681 21:0 21570
21569 57682 21:0 21580
21579 57712 21:0 21602
21601 57714 21:0 21646
21645 57713 21:0 21651
21650 57715 21:0 21670
21669 57748 21:0 21722
21724 57778 21:0 21732
21732 57781 21:0 21798
21797 57548 21:0 21803
21802 57549 21:0 21808
21807 57745 21:0 21863
21862 57647 21:0 21876
21875 57746 21:0 21884
21883 57813 21:0 21934
21933 57648 21:0 21950
21949 57811 21:0 21955
21954 57780 21:0 21974
21973 57747 21:0 22026
22025 57880 21:0 22031
22030 57846 21:0 22036
22035 57877 21:0 22091
22090 57878 21:0 22107
22106 57879 21:0 22112
22111 57913 21:0 22162
22161 57847 21:0 22178
22177 57911 21:0 22188
22187 57976 21:0 22210
22209 57944 21:0 22254
22253 57943 21:0 22259
22258 57844 21:0 22278
22277 57814 21:0 22330
22329 57779 21:0 22335
22334 57946 21:0 22340
22354 56570 1:0 22475
22355 56567 1:0 22493
22364 56535 1:0 22613
22364 56534 1:0 22624
22370 56504 1:0 22657
22374 56503 1:0 22737
22383 334 21:0 22397
22403 56502 1:0 22744
22485 56501 1:0 22755
22486 56470 1:0 22876
22495 56438 1:0 22999
22495 56436 1:0 23006
22501 56435 1:0 23017
22506 56404 1:0 23130
22534 56403 1:0 23137
22616 56402 1:0 23148
22617 56372 1:0 23261
22626 56370 1:0 23268
22626 56338 1:0 23312
22632 56339 1:0 23392
22637 56337 1:0 23399
22665 56336 1:0 23410
22747 56306 1:0 23443
22748 56305 1:0 23523
22757 56304 1:0 23530
22757 56303 1:0 23541
22763 56273 1:0 23574
22783 56271 1:0 23654
22796 56272 1:0 23662
22878 56270 1:0 23672
22879 56240 1:0 23705
22888 56239 1:0 23785
22888 56238 1:0 23792
22896 56237 1:0 23803
22914 56205 1:0 23836
23009 56207 1:0 23916
23010 56206 1:0 23924
23010 56204 1:0 23934
23019 56174 1:0 23967
23019 56173 1:0 24047
23027 56172 1:0 24054
23046 56171 1:0 24065
23140 56141 1:0 24098
23141 56139 1:0 24178
23150 56140 1:0 24186
23150 56138 1:0 24196
23156 56108 1:0 24229
23160 56106 1:0 24309
23177 56107 1:0 24317
23189 335 1:0 25657
23271 56105 1:0 24327
24512 58990 21:0 24529
24528 58989 21:0 24581
24583 59022 21:0 24591
24590 59024 21:0 24641
24640 59023 21:0 24657
24656 59025 21:0 24662
24661 59055 21:0 24681
24680 59057 21:0 24733
24732 59056 21:0 24738
24737 59058 21:0 24743
24742 59088 21:0 24798
24797 59091 21:0 24814
24813 59121 21:0 24819
24818 59122 21:0 24869
24868 59123 21:0 24885
24884 59124 21:0 24895
24894 59154 21:0 24917
24916 59157 21:0 24961
24963 59187 21:0 24971
24970 59188 21:0 25021
25020 59189 21:0 25037
25036 59190 21:0 25042
25041 59220 21:0 25061
25060 59156 21:0 25113
25112 59221 21:0 25118
25117 59090 21:0 25123
25122 59255 21:0 25178
25177 59155 21:0 25194
25193 59223 21:0 25199
25198 59256 21:0 25249
25248 59289 21:0 25265
25267 59319 21:0 25275
25274 59321 21:0 25325
25324 59320 21:0 25341
25340 59287 21:0 25346
25345 59322 21:0 25365
25364 59254 21:0 25417
25416 59222 21:0 25422
25421 59286 21:0 25427
25426 59089 21:0 25482
25481 58992 21:0 25498
25500 59419 21:0 25517
25516 59353 21:0 25569
25568 59418 21:0 25574
25573 58991 21:0 25579
25578 59421 21:0 25645
25644 59253 21:0 25650
25649 59386 21:0 25655
25654 59354 21:0 25661
25669 57976 1:0 25939
25670 57946 1:0 26052
25679 57944 1:0 26059
25679 57943 1:0 26070
25685 57913 1:0 26183
25689 57911 1:0 26190
25698 335 21:0 25712
25718 57879 1:0 26234
25800 57880 1:0 26314
25801 57878 1:0 26321
25810 57877 1:0 26332
25810 57847 1:0 26445
25816 57846 1:0 26453
25821 57844 1:0 26463
25849 57814 1:0 26576
25931 57813 1:0 26584
25932 57811 1:0 26594
25941 57779 1:0 26627
25941 57781 1:0 26707
25947 57780 1:0 26715
25952 57778 1:0 26725
25980 57747 1:0 26758
26062 57748 1:0 26838
26063 57746 1:0 26845
26072 57745 1:0 26856
26072 57715 1:0 26889
26078 57713 1:0 26969
26098 57714 1:0 26977
26111 57712 1:0 26987
26193 57682 1:0 27020
26194 57681 1:0 27100
26203 57680 1:0 27107
26203 57679 1:0 27118
26211 57648 1:0 27151
26229 57649 1:0 27231
26324 57647 1:0 27238
26325 57646 1:0 27249
26325 57616 1:0 27282
26334 57614 1:0 27362
26334 57615 1:0 27370
26342 57613 1:0 27380
26361 57583 1:0 27413
26455 57582 1:0 27493
26456 57581 1:0 27500
26465 57580 1:0 27511
26465 57549 1:0 27544
26471 57550 1:0 27624
26475 57548 1:0 27631
26492 57547 1:0 27642
26504 336 1:0 28972
26586 59421 1:0 29236
27827 60432 21:0 27844
27843 60431 21:0 27896
27898 60464 21:0 27906
27905 60466 21:0 27956
27955 60465 21:0 27972
27971 60467 21:0 27977
27976 60497 21:0 27996
27995 60498 21:0 28048
28047 60499 21:0 28053
28052 60500 21:0 28058
28057 60530 21:0 28113
28112 60533 21:0 28129
28128 60563 21:0 28134
28133 60565 21:0 28184
28183 60564 21:0 28200
28199 60566 21:0 28210
28209 60596 21:0 28232
28231 60599 21:0 28276
28278 60629 21:0 28286
28285 60630 21:0 28336
28335 60631 21:0 28352
28351 60632 21:0 28357
28356 60662 21:0 28376
28375 60434 21:0 28428
28427 60433 21:0 28433
28432 60663 21:0 28438
28437 60695 21:0 28493
28492 60664 21:0 28509
28508 60532 21:0 28514
28514 60731 21:0 28580
28579 60597 21:0 28585
28584 60665 21:0 28590
28589 60598 21:0 28645
28644 60763 21:0 28658
28657 60764 21:0 28666
28665 60697 21:0 28716
28715 60696 21:0 28732
28731 60761 21:0 28737
28736 60797 21:0 28756
28755 60698 21:0 28808
28807 60728 21:0 28813
28812 60730 21:0 28818
28817 60795 21:0 28873
28872 60828 21:0 28889
28888 60827 21:0 28894
28893 60861 21:0 28944
28943 60729 21:0 28960
28959 60829 21:0 28970
28969 60762 21:0 28976
28984 59419 1:0 29243
28985 59418 1:0 29254
28994 59386 1:0 29374
28994 59354 1:0 29498
29000 59353 1:0 29505
29004 59322 1:0 29549
29013 336 21:0 29027
29033 59320 1:0 29629
29115 59321 1:0 29637
29116 59319 1:0 29647
29125 59289 1:0 29760
29125 59287 1:0 29767
29131 59286 1:0 29778
29136 59254 1:0 29811
29164 59256 1:0 29891
29246 59255 1:0 29899
29247 59253 1:0 29909
29256 59222 1:0 29942
29256 59223 1:0 30022
29262 59221 1:0 30029
29267 59220 1:0 30040
29295 59190 1:0 30073
29377 59189 1:0 30153
29378 59188 1:0 30160
29387 59187 1:0 30171
29387 59155 1:0 30204
29393 59157 1:0 30284
29413 59156 1:0 30292
29426 59154 1:0 30302
29508 59124 1:0 30335
29509 59123 1:0 30415
29518 59122 1:0 30422
29518 59121 1:0 30433
29526 59089 1:0 30466
29544 59091 1:0 30546
29639 59090 1:0 30554
29640 59088 1:0 30564
29640 59058 1:0 30597
29649 59056 1:0 30677
29649 59057 1:0 30685
29657 59055 1:0 30695
29676 59025 1:0 30728
29770 59023 1:0 30808
29771 59024 1:0 30816
29780 59022 1:0 30826
29780 58991 1:0 30859
29786 58992 1:0 30939
29790 58990 1:0 30946
29807 58989 1:0 30957
29819 337 1:0 32287
29901 60861 1:0 32558
31142 61874 21:0 31159
31158 61876 21:0 31211
31213 61906 21:0 31221
31220 61908 21:0 31271
31270 61907 21:0 31287
31286 61909 21:0 31292
31291 61939 21:0 31311
31310 61940 21:0 31363
31362 61941 21:0 31368
31367 61942 21:0 31373
31372 61972 21:0 31428
31427 61975 21:0 31444
31443 62005 21:0 31449
31448 62007 21:0 31499
31498 62006 21:0 31515
31514 62008 21:0 31525
31524 62038 21:0 31547
31546 62041 21:0 31591
31593 62071 21:0 31601
31600 62073 21:0 31651
31650 62072 21:0 31667
31666 62074 21:0 31672
31671 62104 21:0 31691
31690 62106 21:0 31743
31742 62040 21:0 31748
31747 62107 21:0 31753
31753 62140 21:0 31819
31818 62105 21:0 31824
31823 62039 21:0 31829
31828 62138 21:0 31884
31883 62139 21:0 31897
31896 61875 21:0 31905
31904 62137 21:0 31955
31954 62203 21:0 31971
31970 61973 21:0 31976
31981 62239 21:0 32047
32046 62204 21:0 32052
32051 62172 21:0 32057
32056 62205 21:0 32112
32111 62171 21:0 32125
32124 61873 21:0 32133
32132 62269 21:0 32183
32182 62236 21:0 32199
32198 62271 21:0 32204
32203 62304 21:0 32223
32222 62337 21:0 32275
32274 62206 21:0 32280
32279 62237 21:0 32285
32284 62302 21:0 32294
32299 60829 1:0 32682
32300 60828 1:0 32689
32309 60827 1:0 32700
32309 60797 1:0 32813
32315 60795 1:0 32820
32319 60762 1:0 32864
32328 337 21:0 32342
32348 60764 1:0 32944
32430 60763 1:0 32952
32431 60761 1:0 32962
32440 60729 1:0 32995
32440 60731 1:0 33075
32446 60730 1:0 33083
32451 60728 1:0 33093
32479 60698 1:0 33126
32561 60696 1:0 33206
32562 60697 1:0 33214
32571 60695 1:0 33224
32571 60665 1:0 33257
32577 60664 1:0 33337
32582 60663 1:0 33344
32610 60662 1:0 33355
32692 60632 1:0 33388
32693 60631 1:0 33468
32702 60630 1:0 33475
32702 60629 1:0 33486
32708 60598 1:0 33519
32728 60599 1:0 33599
32741 60597 1:0 33606
32823 60596 1:0 33617
32824 60566 1:0 33650
32833 60564 1:0 33730
32833 60565 1:0 33738
32841 60563 1:0 33748
32859 60533 1:0 33861
32954 60532 1:0 33869
32955 60530 1:0 33879
32955 60500 1:0 33912
32964 60499 1:0 33992
32964 60498 1:0 33999
32972 60497 1:0 34010
32991 60467 1:0 34043
33085 60465 1:0 34123
33086 60466 1:0 34131
33095 60464 1:0 34141
33095 60433 1:0 34174
33101 60434 1:0 34254
33105 60432 1:0 34261
33122 60431 1:0 34272
33134 338 1:0 35602
34452 63315 21:0 34460
34460 63318 21:0 34526
34528 63348 21:0 34536
34536 63351 21:0 34602
34604 63381 21:0 34612
34611 63382 21:0 34662
34661 63383 21:0 34678
34677 63384 21:0 34683
34682 63414 21:0 34702
34701 63415 21:0 34754
34753 63416 21:0 34759
34758 63417 21:0 34764
34763 63447 21:0 34819
34818 63450 21:0 34835
34834 63480 21:0 34840
34839 63481 21:0 34890
34889 63482 21:0 34906
34905 63483 21:0 34916
34915 63513 21:0 34938
34937 63514 21:0 34982
34981 63515 21:0 34987
34986 63516 21:0 35006
35005 63316 21:0 35058
35057 63317 21:0 35063
35062 63350 21:0 35068
35067 63580 21:0 35123
35122 63547 21:0 35139
35138 63549 21:0 35144
35143 63448 21:0 35194
35193 63449 21:0 35210
35209 63581 21:0 35220
35219 63579 21:0 35236
35235 63548 21:0 35286
35285 63582 21:0 35291
35290 63648 21:0 35296
35295 63546 21:0 35362
35361 63613 21:0 35367
35366 63679 21:0 35372
35371 63678 21:0 35427
35426 63647 21:0 35438
35437 63681 21:0 35448
35447 63615 21:0 35498
35497 63646 21:0 35514
35513 63349 21:0 35519
35518 63612 21:0 35538
35537 63746 21:0 35590
35589 63747 21:0 35595
35594 63712 21:0 35600
35614 62337 1:0 35743
35615 62304 1:0 35874
35624 62302 1:0 35884
35624 62271 1:0 36005
35630 62269 1:0 36015
35634 62239 1:0 36128
35643 338 21:0 35657
35663 62237 1:0 36135
35745 62236 1:0 36146
35746 62206 1:0 36179
35755 62205 1:0 36259
35755 62204 1:0 36266
35761 62203 1:0 36277
35766 62171 1:0 36390
35794 62172 1:0 36398
35876 62139 1:0 36441
35877 62140 1:0 36521
35886 62138 1:0 36528
35886 62137 1:0 36539
35892 62105 1:0 36572
35897 62107 1:0 36652
35925 62106 1:0 36660
36007 62104 1:0 36670
36008 62074 1:0 36703
36017 62072 1:0 36783
36017 62073 1:0 36791
36023 62071 1:0 36801
36043 62039 1:0 36834
36056 62041 1:0 36914
36138 62040 1:0 36922
36139 62038 1:0 36932
36148 62008 1:0 36965
36148 62006 1:0 37045
36156 62007 1:0 37053
36174 62005 1:0 37063
36269 61975 1:0 37176
36270 61973 1:0 37183
36270 61972 1:0 37194
36279 61942 1:0 37227
36279 61941 1:0 37307
36287 61940 1:0 37314
36306 61939 1:0 37325
36400 61909 1:0 37358
36401 61907 1:0 37438
36410 61908 1:0 37446
36410 61906 1:0 37456
36416 61875 1:0 37489
36420 61876 1:0 37569
36437 61874 1:0 37576
36449 339 1:0 38917
36531 61873 1:0 37587
37772 64759 21:0 37789
37788 64758 21:0 37841
37843 64790 21:0 37851
37850 64791 21:0 37901
37900 64792 21:0 37917
37916 64793 21:0 37922
37921 64823 21:0 37941
37940 64825 21:0 37993
37992 64824 21:0 37998
37997 64826 21:0 38003
38002 64856 21:0 38058
38057 64859 21:0 38074
38073 64889 21:0 38079
38078 64890 21:0 38129
38128 64891 21:0 38145
38144 64892 21:0 38155
38154 64922 21:0 38177
38176 64923 21:0 38221
38220 64924 21:0 38226
38225 64925 21:0 38245
38244 64958 21:0 38297
38299 64988 21:0 38307
38307 64991 21:0 38373
38372 64760 21:0 38378
38377 64757 21:0 38383
38382 64858 21:0 38438
38437 64857 21:0 38449
38448 64957 21:0 38459
38458 64955 21:0 38507
38506 65054 21:0 38525
38524 65023 21:0 38530
38529 65021 21:0 38549
38548 65055 21:0 38601
38600 65056 21:0 38606
38605 65087 21:0 38611
38610 65024 21:0 38666
38665 65120 21:0 38682
38681 65153 21:0 38687
38686 64989 21:0 38737
38736 64990 21:0 38753
38752 65089 21:0 38763
38762 65187 21:0 38781
38780 65188 21:0 38829
38828 65154 21:0 38834
38833 65155 21:0 38847
38846 65123 21:0 38905
38904 65189 21:0 38910
38909 65221 21:0 38915
38914 65219 21:0 38921
38929 63747 1:0 39181
38930 63746 1:0 39189
38939 63712 1:0 39319
38939 63681 1:0 39443
38945 63679 1:0 39450
38949 63678 1:0 39461
38958 339 21:0 38972
38978 63646 1:0 39494
39060 63648 1:0 39574
39061 63647 1:0 39582
39070 63615 1:0 39705
39070 63613 1:0 39712
39076 63612 1:0 39723
39081 63582 1:0 39756
39109 63581 1:0 39836
39191 63580 1:0 39843
39192 63579 1:0 39854
39201 63548 1:0 39887
39201 63549 1:0 39967
39207 63547 1:0 39974
39212 63546 1:0 39985
39240 63516 1:0 40018
39322 63515 1:0 40098
39323 63514 1:0 40105
39332 63513 1:0 40116
39332 63483 1:0 40149
39338 63482 1:0 40229
39358 63481 1:0 40236
39371 63480 1:0 40247
39453 63449 1:0 40280
39454 63450 1:0 40360
39463 63448 1:0 40367
39463 63447 1:0 40378
39471 63417 1:0 40411
39489 63416 1:0 40491
39584 63415 1:0 40498
39585 63414 1:0 40509
39585 63384 1:0 40542
39594 63383 1:0 40622
39594 63382 1:0 40629
39602 63381 1:0 40640
39621 63349 1:0 40673
39715 63351 1:0 40753
39716 63350 1:0 40761
39725 63348 1:0 40771
39725 63317 1:0 40804
39731 63318 1:0 40884
39735 63316 1:0 40891
39752 63315 1:0 40902
39764 340 1:0 42232
39846 65221 1:0 42373
39847 65219 1:0 42383
41087 66200 21:0 41104
41103 66199 21:0 41156
41158 66232 21:0 41166
41165 66233 21:0 41216
41215 66234 21:0 41232
41231 66235 21:0 41237
41236 66265 21:0 41256
41255 66267 21:0 41308
41307 66266 21:0 41313
41312 66268 21:0 41318
41317 66298 21:0 41373
41372 66301 21:0 41389
41388 66331 21:0 41394
41393 66332 21:0 41444
41443 66333 21:0 41460
41459 66334 21:0 41470
41469 66364 21:0 41492
41491 66367 21:0 41536
41538 66397 21:0 41546
41545 66398 21:0 41596
41595 66399 21:0 41612
41611 66400 21:0 41617
41616 66430 21:0 41636
41635 66431 21:0 41688
41687 66300 21:0 41693
41692 66201 21:0 41698
41697 66365 21:0 41753
41752 66432 21:0 41769
41768 66465 21:0 41774
41773 66497 21:0 41824
41823 66299 21:0 41840
41839 66496 21:0 41850
41849 66202 21:0 41872
41871 66499 21:0 41916
41915 66529 21:0 41921
41920 66530 21:0 41940
41939 66562 21:0 41992
41991 66564 21:0 41997
41996 66464 21:0 42002
42001 66466 21:0 42057
42056 66563 21:0 42073
42072 66597 21:0 42078
42077 66366 21:0 42128
42127 66565 21:0 42144
42143 66433 21:0 42151
42150 66532 21:0 42168
42167 66498 21:0 42220
42219 66663 21:0 42225
42224 66630 21:0 42230
42229 66629 21:0 42239
42244 65189 1:0 42416
42245 65188 1:0 42496
42254 65187 1:0 42503
42254 65155 1:0 42627
42260 65154 1:0 42634
42264 65153 1:0 42645
42273 340 21:0 42287
42293 65123 1:0 42758
42375 65120 1:0 42776
42376 65089 1:0 42897
42385 65087 1:0 42907
42385 65056 1:0 43020
42391 65055 1:0 43027
42396 65054 1:0 43038
42424 65024 1:0 43151
42506 65023 1:0 43159
42507 65021 1:0 43169
42516 64990 1:0 43202
42516 64991 1:0 43282
42522 64989 1:0 43289
42527 64988 1:0 43300
42555 64958 1:0 43413
42637 64957 1:0 43421
42638 64955 1:0 43431
42647 64925 1:0 43464
42647 64924 1:0 43544
42653 64923 1:0 43551
42673 64922 1:0 43562
42686 64892 1:0 43595
42768 64891 1:0 43675
42769 64890 1:0 43682
42778 64889 1:0 43693
42778 64857 1:0 43726
42786 64859 1:0 43806
42804 64858 1:0 43814
42899 64856 1:0 43824
42900 64826 1:0 43857
42900 64824 1:0 43937
42909 64825 1:0 43945
42909 64823 1:0 43955
42917 64793 1:0 43988
42936 64792 1:0 44068
43030 64791 1:0 44075
43031 64790 1:0 44086
43040 64760 1:0 44119
43040 64758 1:0 44199
43046 64759 1:0 44207
43050 64757 1:0 44217
43051 341 1:0 45547
44397 67641 21:0 44405
44404 67643 21:0 44455
44454 67644 21:0 44471
44473 67674 21:0 44481
44481 67677 21:0 44547
44549 67707 21:0 44557
44556 67709 21:0 44607
44606 67710 21:0 44623
44622 67708 21:0 44628
44627 67740 21:0 44647
44646 67741 21:0 44699
44698 67742 21:0 44704
44703 67743 21:0 44709
44708 67773 21:0 44764
44763 67776 21:0 44780
44779 67806 21:0 44785
44784 67807 21:0 44835
44834 67808 21:0 44851
44850 67809 21:0 44861
44860 67839 21:0 44883
44882 67842 21:0 44927
44929 67872 21:0 44937
44936 67874 21:0 44987
44986 67873 21:0 45003
45002 67676 21:0 45008
45007 67875 21:0 45027
45026 67675 21:0 45079
45078 67908 21:0 45084
45083 67775 21:0 45089
45088 67907 21:0 45144
45143 67774 21:0 45160
45159 67940 21:0 45165
45164 67939 21:0 45215
45214 67941 21:0 45231
45230 67971 21:0 45241
45240 67973 21:0 45263
45262 68007 21:0 45307
45306 67840 21:0 45312
45311 67906 21:0 45331
45330 68006 21:0 45383
45382 67938 21:0 45388
45387 67972 21:0 45393
45392 68004 21:0 45448
45447 67642 21:0 45464
45463 67974 21:0 45469
45468 68073 21:0 45519
45518 68039 21:0 45535
45559 66663 1:0 45688
45560 66629 1:0 45811
45569 66630 1:0 45819
45569 66597 1:0 45950
45575 66565 1:0 45993
45579 66563 1:0 46073
45588 341 21:0 45602
45608 66564 1:0 46081
45690 66562 1:0 46091
45691 66532 1:0 46204
45700 66530 1:0 46211
45700 66529 1:0 46222
45706 66498 1:0 46255
45711 66499 1:0 46335
45739 66497 1:0 46342
45821 66496 1:0 46353
45822 66466 1:0 46386
45831 66464 1:0 46466
45831 66465 1:0 46474
45837 66433 1:0 46517
45842 66432 1:0 46597
45870 66431 1:0 46604
45952 66430 1:0 46615
45953 66400 1:0 46648
45962 66399 1:0 46728
45962 66398 1:0 46735
45968 66397 1:0 46746
45988 66366 1:0 46779
46001 66367 1:0 46859
46083 66365 1:0 46866
46084 66364 1:0 46877
46093 66334 1:0 46910
46093 66333 1:0 46990
46101 66332 1:0 46997
46119 66331 1:0 47008
46214 66299 1:0 47041
46215 66301 1:0 47121
46215 66300 1:0 47129
46224 66298 1:0 47139
46224 66268 1:0 47169
46232 66266 1:0 47252
46251 66267 1:0 47260
46345 66265 1:0 47270
46346 66235 1:0 47303
46355 66234 1:0 47383
46355 66233 1:0 47390
46361 66232 1:0 47401
46365 66202 1:0 47434
46382 66201 1:0 47514
46394 342 1:0 48862
46476 66200 1:0 47521
46477 66199 1:0 47532
47712 69083 21:0 47720
47719 69085 21:0 47770
47769 69084 21:0 47786
47788 69116 21:0 47796
47795 69118 21:0 47846
47845 69117 21:0 47862
47861 69119 21:0 47867
47866 69149 21:0 47886
47885 69151 21:0 47938
47937 69150 21:0 47943
47942 69152 21:0 47948
47947 69182 21:0 48003
48002 69185 21:0 48019
48018 69215 21:0 48024
48023 69216 21:0 48074
48073 69217 21:0 48090
48089 69218 21:0 48100
48099 69248 21:0 48122
48121 69251 21:0 48166
48168 69281 21:0 48176
48175 69283 21:0 48226
48225 69282 21:0 48242
48241 69284 21:0 48247
48246 69314 21:0 48266
48265 69317 21:0 48318
48320 69347 21:0 48328
48327 69315 21:0 48378
48377 69249 21:0 48394
48396 69380 21:0 48404
48403 69183 21:0 48454
48453 69184 21:0 48470
48469 69350 21:0 48475
48477 69415 21:0 48494
48493 69381 21:0 48546
48545 69383 21:0 48551
48553 69447 21:0 48570
48569 69349 21:0 48622
48621 69413 21:0 48627
48626 69250 21:0 48632
48631 69316 21:0 48698
48697 69479 21:0 48703
48702 69512 21:0 48708
48707 69513 21:0 48763
48762 69514 21:0 48774
48773 69482 21:0 48784
48783 69545 21:0 48828
48827 69382 21:0 48850
48849 69481 21:0 48855
48854 69546 21:0 48866
48865 69547 21:0 48869
48874 68073 1:0 49126
48875 68039 1:0 49265
48884 68007 1:0 49388
48884 68006 1:0 49396
48890 68004 1:0 49406
48894 67974 1:0 49439
48903 342 21:0 48917
48923 67972 1:0 49519
49005 67973 1:0 49527
49006 67971 1:0 49537
49015 67941 1:0 49570
49015 67939 1:0 49650
49021 67940 1:0 49658
49026 67938 1:0 49668
49054 67906 1:0 49701
49136 67908 1:0 49781
49137 67907 1:0 49789
49146 67875 1:0 49832
49146 67873 1:0 49912
49152 67874 1:0 49920
49157 67872 1:0 49930
49185 67842 1:0 50043
49267 67840 1:0 50050
49268 67839 1:0 50061
49277 67809 1:0 50094
49277 67808 1:0 50174
49283 67807 1:0 50181
49303 67806 1:0 50192
49316 67774 1:0 50225
49398 67776 1:0 50305
49399 67775 1:0 50313
49408 67773 1:0 50323
49408 67743 1:0 50356
49416 67742 1:0 50436
49434 67741 1:0 50443
49529 67740 1:0 50454
49530 67708 1:0 50487
49530 67710 1:0 50567
49539 67709 1:0 50575
49539 67707 1:0 50585
49547 67675 1:0 50618
49566 67677 1:0 50698
49660 67676 1:0 50706
49661 67674 1:0 50716
49670 67642 1:0 50749
49670 67644 1:0 50829
49676 67643 1:0 50837
49680 67641 1:0 50847
49681 343 1:0 52177
49709 69547 1:0 52310
49791 69546 1:0 52317
51027 70525 21:0 51035
51034 70526 21:0 51085
51084 70528 21:0 51101
51103 70558 21:0 51111
51110 70560 21:0 51161
51160 70559 21:0 51177
51176 70561 21:0 51182
51181 70591 21:0 51201
51200 70594 21:0 51253
51255 70624 21:0 51263
51262 70625 21:0 51313
51312 70626 21:0 51329
51328 70627 21:0 51334
51333 70657 21:0 51353
51352 70659 21:0 51405
51404 70658 21:0 51410
51409 70660 21:0 51415
51414 70690 21:0 51470
51483 70723 21:0 51491
51490 70724 21:0 51541
51540 70725 21:0 51557
51556 70726 21:0 51562
51561 70756 21:0 51581
51580 70759 21:0 51633
51632 70527 21:0 51638
51637 70789 21:0 51643
51642 70593 21:0 51698
51697 70757 21:0 51714
51713 70692 21:0 51719
51718 70691 21:0 51769
51768 70825 21:0 51785
51784 70758 21:0 51795
51794 70792 21:0 51817
51816 70592 21:0 51861
51860 70856 21:0 51866
51865 70858 21:0 51885
51884 70824 21:0 51937
51936 70855 21:0 51942
51941 70822 21:0 51947
51946 70823 21:0 52002
52001 70888 21:0 52018
52017 70921 21:0 52023
52022 70693 21:0 52073
52072 70889 21:0 52089
52088 70790 21:0 52099
52098 70989 21:0 52113
52112 70891 21:0 52165
52164 70857 21:0 52170
52169 70922 21:0 52175
52189 69545 1:0 52328
52190 69514 1:0 52441
52199 69513 1:0 52448
52199 69512 1:0 52459
52205 69482 1:0 52572
52209 69481 1:0 52580
52218 343 21:0 52232
52238 69479 1:0 52590
52320 69447 1:0 52710
52321 69415 1:0 52842
52330 69413 1:0 52852
52330 69382 1:0 52885
52336 69383 1:0 52965
52341 69381 1:0 52972
52369 69380 1:0 52983
52451 69350 1:0 53096
52452 69349 1:0 53104
52461 69347 1:0 53114
52461 69316 1:0 53147
52467 69317 1:0 53227
52472 69315 1:0 53234
52500 69314 1:0 53245
52582 69284 1:0 53278
52583 69282 1:0 53358
52592 69283 1:0 53366
52592 69281 1:0 53376
52598 69250 1:0 53409
52618 69251 1:0 53489
52631 69249 1:0 53496
52713 69248 1:0 53507
52714 69218 1:0 53540
52723 69217 1:0 53620
52723 69216 1:0 53627
52731 69215 1:0 53638
52749 69184 1:0 53671
52844 69185 1:0 53751
52845 69183 1:0 53758
52845 69182 1:0 53769
52854 69152 1:0 53802
52854 69150 1:0 53882
52862 69151 1:0 53890
52881 69149 1:0 53900
52975 69119 1:0 53933
52976 69117 1:0 54013
52985 69118 1:0 54021
52985 69116 1:0 54031
52991 69084 1:0 54144
52995 69085 1:0 54152
53012 69083 1:0 54162
53024 344 1:0 55492
53106 70989 1:0 55633
54350 71970 21:0 54416
54418 72000 21:0 54426
54425 72002 21:0 54476
54475 72001 21:0 54492
54491 72003 21:0 54497
54496 72033 21:0 54516
54515 72035 21:0 54568
54567 72034 21:0 54573
54572 72036 21:0 54578
54577 72066 21:0 54633
54632 72069 21:0 54649
54648 72099 21:0 54654
54653 72100 21:0 54704
54703 72101 21:0 54720
54719 72102 21:0 54730
54729 72132 21:0 54752
54751 72135 21:0 54796
54798 72165 21:0 54806
54805 72166 21:0 54856
54855 72167 21:0 54872
54871 72168 21:0 54877
54876 72198 21:0 54896
54895 72134 21:0 54948
54947 72200 21:0 54953
54952 72133 21:0 54958
54958 72234 21:0 55024
55023 72231 21:0 55029
55028 71969 21:0 55034
55033 72233 21:0 55089
55088 72265 21:0 55102
55101 72266 21:0 55110
55109 72201 21:0 55160
55159 72264 21:0 55176
55175 72299 21:0 55181
55180 72300 21:0 55200
55199 72298 21:0 55252
55251 72232 21:0 55257
55256 72199 21:0 55262
55261 72331 21:0 55317
55316 72297 21:0 55333
55332 72267 21:0 55338
55337 72365 21:0 55388
55387 72332 21:0 55404
55403 72333 21:0 55414
55413 72068 21:0 55436
55435 72397 21:0 55480
55479 72398 21:0 55485
55484 72430 21:0 55496
55495 72396 21:0 55499
55504 70922 1:0 55894
55505 70921 1:0 55905
55514 70891 1:0 56018
55514 70889 1:0 56025
55520 70888 1:0 56036
55524 70857 1:0 56069
55533 344 21:0 55547
55553 70858 1:0 56149
55635 70856 1:0 56156
55636 70855 1:0 56167
55645 70823 1:0 56200
55645 70825 1:0 56280
55651 70824 1:0 56288
55656 70822 1:0 56298
55684 70792 1:0 56411
55766 70790 1:0 56418
55767 70789 1:0 56429
55776 70758 1:0 56462
55776 70759 1:0 56542
55782 70757 1:0 56549
55787 70756 1:0 56560
55815 70726 1:0 56593
55897 70725 1:0 56673
55898 70724 1:0 56680
55907 70723 1:0 56691
55907 70693 1:0 56724
55913 70691 1:0 56804
55933 70692 1:0 56812
55946 70690 1:0 56822
56028 70660 1:0 56855
56029 70658 1:0 56935
56038 70659 1:0 56943
56038 70657 1:0 56953
56046 70627 1:0 56986
56064 70626 1:0 57066
56159 70625 1:0 57073
56160 70624 1:0 57084
56160 70592 1:0 57117
56169 70594 1:0 57197
56169 70593 1:0 57205
56177 70591 1:0 57215
56196 70561 1:0 57248
56290 70559 1:0 57328
56291 70560 1:0 57336
56300 70558 1:0 57346
56300 70527 1:0 57379
56306 70528 1:0 57459
56310 70526 1:0 57466
56327 70525 1:0 57477
56339 345 1:0 58807
57662 73410 21:0 57679
57678 73411 21:0 57731
57733 73442 21:0 57741
57741 73445 21:0 57807
57809 73475 21:0 57817
57816 73476 21:0 57867
57866 73477 21:0 57883
57882 73478 21:0 57888
57887 73508 21:0 57907
57906 73509 21:0 57959
57958 73510 21:0 57964
57963 73511 21:0 57969
57968 73541 21:0 58024
58023 73544 21:0 58040
58039 73574 21:0 58045
58044 73576 21:0 58095
58094 73575 21:0 58111
58110 73577 21:0 58121
58120 73607 21:0 58143
58142 73610 21:0 58187
58189 73640 21:0 58197
58196 73642 21:0 58247
58246 73641 21:0 58263
58262 73409 21:0 58268
58267 73443 21:0 58287
58286 73675 21:0 58339
58338 73674 21:0 58344
58343 73542 21:0 58349
58348 73708 21:0 58404
58403 73676 21:0 58420
58419 73709 21:0 58425
58424 73706 21:0 58475
58474 73643 21:0 58491
58490 73741 21:0 58501
58500 73739 21:0 58523
58522 73773 21:0 58567
58566 73673 21:0 58572
58571 73543 21:0 58591
58590 73805 21:0 58643
58642 73444 21:0 58648
58647 73772 21:0 58653
58652 73807 21:0 58708
58707 73841 21:0 58724
58723 73412 21:0 58729
58728 73775 21:0 58779
58778 73608 21:0 58795
58794 73872 21:0 58805
58804 73609 21:0 58811
58819 72430 1:0 58947
58820 72398 1:0 59071
58829 72397 1:0 59078
58829 72396 1:0 59089
58835 72365 1:0 59210
58839 72333 1:0 59253
58848 345 21:0 58862
58868 72332 1:0 59333
58950 72331 1:0 59340
58951 72298 1:0 59384
58960 72300 1:0 59464
58960 72299 1:0 59472
58966 72297 1:0 59482
58971 72267 1:0 59515
58999 72266 1:0 59595
59081 72265 1:0 59602
59082 72264 1:0 59613
59091 72232 1:0 59646
59091 72234 1:0 59726
59097 72233 1:0 59734
59102 72231 1:0 59744
59130 72199 1:0 59777
59212 72201 1:0 59857
59213 72200 1:0 59865
59222 72198 1:0 59875
59222 72168 1:0 59908
59228 72167 1:0 59988
59248 72166 1:0 59995
59261 72165 1:0 60006
59343 72133 1:0 60039
59344 72135 1:0 60119
59353 72134 1:0 60127
59353 72132 1:0 60137
59361 72102 1:0 60170
59379 72101 1:0 60250
59474 72100 1:0 60257
59475 72099 1:0 60268
59475 72069 1:0 60381
59484 72068 1:0 60389
59484 72066 1:0 60399
59492 72036 1:0 60432
59511 72034 1:0 60512
59605 72035 1:0 60520
59606 72033 1:0 60530
59615 72003 1:0 60563
59615 72001 1:0 60643
59621 72002 1:0 60651
59625 72000 1:0 60661
59642 71970 1:0 60774
59654 346 1:0 62122
59736 71969 1:0 60782
59737 73872 1:0 62262
60977 74852 21:0 60994
60993 74851 21:0 61046
61048 74884 21:0 61056
61055 74886 21:0 61106
61105 74885 21:0 61122
61121 74887 21:0 61127
61126 74917 21:0 61146
61145 74918 21:0 61198
61197 74919 21:0 61203
61202 74920 21:0 61208
61207 74950 21:0 61263
61262 74953 21:0 61279
61278 74983 21:0 61284
61283 74984 21:0 61334
61333 74985 21:0 61350
61349 74986 21:0 61360
61359 75016 21:0 61382
61381 75019 21:0 61426
61428 75049 21:0 61436
61435 75050 21:0 61486
61485 75051 21:0 61502
61501 75052 21:0 61507
61506 75082 21:0 61526
61525 75018 21:0 61578
61577 74951 21:0 61583
61582 75084 21:0 61588
61587 74952 21:0 61643
61642 75118 21:0 61659
61658 75116 21:0 61664
61663 75083 21:0 61714
61713 75149 21:0 61730
61729 75117 21:0 61740
61739 75151 21:0 61762
61761 74854 21:0 61806
61805 74853 21:0 61811
61810 75150 21:0 61830
61829 75216 21:0 61882
61881 75085 21:0 61887
61886 75215 21:0 61892
61891 75183 21:0 61947
61946 75214 21:0 61963
61962 75148 21:0 61968
61967 75181 21:0 62018
62017 75247 21:0 62034
62033 75281 21:0 62044
62043 75115 21:0 62058
62057 75184 21:0 62110
62109 75249 21:0 62115
62114 75182 21:0 62120
62119 75248 21:0 62129
62128 75313 21:0 62137
62134 73841 1:0 62386
62135 73807 1:0 62525
62135 73805 1:0 62535
62144 73775 1:0 62648
62144 73773 1:0 62655
62150 73772 1:0 62666
62154 73741 1:0 62787
62163 346 21:0 62177
62183 73739 1:0 62797
62265 73709 1:0 62910
62266 73708 1:0 62918
62275 73706 1:0 62928
62275 73676 1:0 62961
62281 73674 1:0 63041
62286 73675 1:0 63049
62314 73673 1:0 63059
62396 73643 1:0 63092
62397 73641 1:0 63172
62406 73642 1:0 63180
62406 73640 1:0 63190
62412 73609 1:0 63223
62417 73610 1:0 63303
62445 73608 1:0 63310
62527 73607 1:0 63321
62528 73577 1:0 63354
62537 73575 1:0 63434
62537 73576 1:0 63442
62543 73574 1:0 63452
62563 73543 1:0 63485
62576 73544 1:0 63565
62658 73542 1:0 63572
62659 73541 1:0 63583
62668 73511 1:0 63616
62668 73510 1:0 63696
62676 73509 1:0 63703
62694 73508 1:0 63714
62789 73478 1:0 63747
62790 73477 1:0 63827
62790 73476 1:0 63834
62799 73475 1:0 63845
62799 73444 1:0 63878
62807 73445 1:0 63958
62826 73443 1:0 63965
62838 347 1:0 65437
62920 73442 1:0 63976
62921 73412 1:0 64009
62930 73411 1:0 64089
62930 73410 1:0 64096
62936 73409 1:0 64107
64292 76294 21:0 64309
64308 76293 21:0 64361
64363 76326 21:0 64371
64371 76329 21:0 64437
64439 76359 21:0 64447
64446 76361 21:0 64497
64496 76360 21:0 64513
64512 76362 21:0 64518
64517 76392 21:0 64537
64536 76393 21:0 64589
64588 76394 21:0 64594
64593 76395 21:0 64599
64598 76425 21:0 64654
64653 76428 21:0 64670
64669 76458 21:0 64675
64674 76459 21:0 64725
64724 76460 21:0 64741
64740 76461 21:0 64751
64750 76491 21:0 64773
64772 76494 21:0 64817
64819 76524 21:0 64827
64826 76525 21:0 64877
64876 76526 21:0 64893
64892 76295 21:0 64898
64897 76296 21:0 64917
64916 76557 21:0 64969
64968 76426 21:0 64974
64973 76527 21:0 64979
64978 76427 21:0 65034
65033 76592 21:0 65050
65049 76560 21:0 65055
65054 76328 21:0 65105
65104 76492 21:0 65121
65120 76493 21:0 65131
65130 76558 21:0 65153
65152 76626 21:0 65197
65196 76625 21:0 65202
65201 76624 21:0 65221
65220 76658 21:0 65273
65272 76591 21:0 65278
65277 76691 21:0 65283
65282 76657 21:0 65338
65337 76689 21:0 65354
65353 76656 21:0 65359
65358 76623 21:0 65409
65408 76593 21:0 65425
65449 75313 1:0 65588
65450 75281 1:0 65708
65459 75248 1:0 65832
65459 75249 1:0 65840
65465 75247 1:0 65850
65469 75215 1:0 65963
65478 347 21:0 65492
65498 75216 1:0 65971
65580 75214 1:0 65981
65581 75182 1:0 66014
65590 75184 1:0 66094
65590 75183 1:0 66102
65596 75181 1:0 66112
65601 75150 1:0 66145
65629 75151 1:0 66225
65711 75149 1:0 66232
65712 75148 1:0 66243
65721 75117 1:0 66276
65721 75118 1:0 66356
65727 75116 1:0 66363
65732 75115 1:0 66374
65760 75085 1:0 66407
65842 75083 1:0 66487
65843 75084 1:0 66495
65852 75082 1:0 66505
65852 75052 1:0 66538
65858 75051 1:0 66618
65878 75050 1:0 66625
65891 75049 1:0 66636
65973 75019 1:0 66749
65974 75018 1:0 66757
65983 75016 1:0 66767
65983 74986 1:0 66800
65991 74985 1:0 66880
66009 74984 1:0 66887
66104 74983 1:0 66898
66105 74952 1:0 66931
66105 74953 1:0 67011
66114 74951 1:0 67018
66114 74950 1:0 67029
66122 74920 1:0 67062
66141 74919 1:0 67142
66235 74918 1:0 67149
66236 74917 1:0 67160
66245 74887 1:0 67193
66245 74885 1:0 67273
66251 74886 1:0 67281
66255 74884 1:0 67291
66272 74853 1:0 67324
66284 348 1:0 68752
66366 74854 1:0 67404
66367 74852 1:0 67411
66376 74851 1:0 67422
67602 77735 21:0 67610
67609 77737 21:0 67660
67659 77738 21:0 67676
67678 77768 21:0 67686
67685 77770 21:0 67736
67735 77769 21:0 67752
67751 77771 21:0 67757
67756 77801 21:0 67776
67775 77803 21:0 67828
67827 77802 21:0 67833
67832 77804 21:0 67838
67837 77834 21:0 67893
67892 77837 21:0 67909
67908 77867 21:0 67914
67913 77869 21:0 67964
67963 77868 21:0 67980
67979 77870 21:0 67990
67989 77900 21:0 68012
68011 77903 21:0 68056
68058 77933 21:0 68066
68065 77935 21:0 68116
68115 77934 21:0 68132
68131 77936 21:0 68137
68136 77966 21:0 68156
68155 77835 21:0 68208
68207 77967 21:0 68213
68212 77902 21:0 68218
68217 77736 21:0 68273
68272 78001 21:0 68289
68288 77901 21:0 68294
68293 77999 21:0 68344
68343 77836 21:0 68360
68359 78034 21:0 68370
68369 77969 21:0 68392
68391 78002 21:0 68436
68435 78065 21:0 68441
68440 77968 21:0 68460
68459 78066 21:0 68512
68511 78000 21:0 68517
68516 78067 21:0 68522
68521 78100 21:0 68577
68576 78099 21:0 68593
68592 78132 21:0 68598
68597 78098 21:0 68648
68647 78101 21:0 68664
68663 78134 21:0 68671
68670 78033 21:0 68688
68687 78167 21:0 68740
68739 78198 21:0 68745
68744 78197 21:0 68750
68749 78164 21:0 68759
68764 76691 1:0 69155
68765 76689 1:0 69165
68774 76657 1:0 69278
68774 76658 1:0 69286
68780 76656 1:0 69296
68784 76624 1:0 69329
68793 348 21:0 68807
68813 76626 1:0 69409
68895 76625 1:0 69417
68896 76623 1:0 69427
68905 76593 1:0 69460
68905 76591 1:0 69540
68911 76592 1:0 69548
68916 76560 1:0 69671
68944 76558 1:0 69678
69026 76557 1:0 69689
69027 76527 1:0 69722
69036 76526 1:0 69802
69036 76525 1:0 69809
69042 76524 1:0 69820
69047 76493 1:0 69853
69075 76494 1:0 69933
69157 76492 1:0 69940
69158 76491 1:0 69951
69167 76461 1:0 69984
69167 76460 1:0 70064
69173 76459 1:0 70071
69193 76458 1:0 70082
69206 76427 1:0 70115
69288 76428 1:0 70195
69289 76426 1:0 70202
69298 76425 1:0 70213
69298 76395 1:0 70246
69306 76394 1:0 70326
69324 76393 1:0 70333
69419 76392 1:0 70344
69420 76362 1:0 70377
69420 76360 1:0 70457
69429 76361 1:0 70465
69429 76359 1:0 70475
69437 76329 1:0 70588
69456 76328 1:0 70596
69468 349 1:0 72067
69550 76326 1:0 70606
69551 76296 1:0 70639
69560 76295 1:0 70719
69560 76294 1:0 70726
69566 76293 1:0 70737
69571 78198 1:0 72207
70917 79177 21:0 70925
70925 79180 21:0 70991
70993 79210 21:0 71001
71001 79213 21:0 71067
71069 79243 21:0 71077
71076 79244 21:0 71127
71126 79245 21:0 71143
71142 79246 21:0 71148
71147 79276 21:0 71167
71166 79278 21:0 71219
71218 79277 21:0 71224
71223 79279 21:0 71229
71228 79309 21:0 71284
71283 79312 21:0 71300
71299 79342 21:0 71305
71304 79343 21:0 71355
71354 79344 21:0 71371
71370 79345 21:0 71381
71380 79375 21:0 71403
71402 79378 21:0 71447
71449 79408 21:0 71457
71456 79410 21:0 71507
71506 79409 21:0 71523
71522 79178 21:0 71528
71527 79179 21:0 71547
71546 79443 21:0 71599
71598 79377 21:0 71604
71603 79411 21:0 71609
71608 79311 21:0 71664
71677 79507 21:0 71685
71684 79509 21:0 71735
71734 79444 21:0 71751
71750 79212 21:0 71756
71761 79543 21:0 71827
71826 79376 21:0 71832
71831 79477 21:0 71837
71836 79510 21:0 71892
71891 79542 21:0 71905
71904 79476 21:0 71913
71912 79441 21:0 71963
71962 79540 21:0 71979
71978 79608 21:0 71984
71983 79609 21:0 72003
72002 79606 21:0 72055
72054 79211 21:0 72060
72059 79573 21:0 72065
72064 79508 21:0 72074
72073 79576 21:0 72082
72079 78197 1:0 72218
72080 78167 1:0 72331
72080 78164 1:0 72349
72081 79442 21:0 72085
72086 78134 1:0 72462
72089 78132 1:0 72469
72089 78101 1:0 72513
72095 78099 1:0 72593
72099 78100 1:0 72601
72108 349 21:0 72122
72128 78098 1:0 72611
72210 78067 1:0 72724
72211 78066 1:0 72731
72220 78065 1:0 72742
72220 78033 1:0 72855
72226 78034 1:0 72863
72231 78000 1:0 72906
72259 78002 1:0 72986
72341 78001 1:0 72994
72342 77999 1:0 73004
72351 77968 1:0 73037
72351 77969 1:0 73117
72357 77967 1:0 73124
72362 77966 1:0 73135
72390 77936 1:0 73168
72472 77934 1:0 73248
72473 77935 1:0 73256
72482 77933 1:0 73266
72482 77901 1:0 73299
72488 77903 1:0 73379
72508 77902 1:0 73387
72521 77900 1:0 73397
72603 77870 1:0 73430
72604 77868 1:0 73510
72613 77869 1:0 73518
72613 77867 1:0 73528
72621 77836 1:0 73561
72639 77837 1:0 73641
72734 77835 1:0 73648
72735 77834 1:0 73659
72735 77804 1:0 73692
72744 77802 1:0 73772
72744 77803 1:0 73780
72752 77801 1:0 73790
72771 77771 1:0 73823
72865 77769 1:0 73903
72866 77770 1:0 73911
72875 77768 1:0 73921
72875 77736 1:0 73954
72881 77738 1:0 74034
72885 77737 1:0 74042
72902 77735 1:0 74052
72914 350 1:0 75382
72996 79609 1:0 75646
74232 80619 21:0 74240
74240 80622 21:0 74306
74308 80652 21:0 74316
74315 80654 21:0 74366
74365 80653 21:0 74382
74381 80655 21:0 74387
74386 80685 21:0 74406
74405 80686 21:0 74458
74457 80687 21:0 74463
74462 80688 21:0 74468
74467 80718 21:0 74523
74522 80721 21:0 74539
74538 80751 21:0 74544
74543 80753 21:0 74594
74593 80752 21:0 74610
74609 80754 21:0 74620
74619 80784 21:0 74642
74641 80787 21:0 74686
74688 80817 21:0 74696
74695 80818 21:0 74746
74745 80819 21:0 74762
74761 80820 21:0 74767
74766 80850 21:0 74786
74785 80621 21:0 74838
74837 80620 21:0 74843
74842 80853 21:0 74848
74847 80785 21:0 74903
74902 80885 21:0 74919
74918 80719 21:0 74924
74923 80852 21:0 74974
74973 80919 21:0 74990
74989 80884 21:0 75000
74999 80918 21:0 75022
75021 80720 21:0 75066
75065 80952 21:0 75071
75070 80917 21:0 75090
75089 80951 21:0 75142
75141 80851 21:0 75147
75146 80984 21:0 75152
75151 80985 21:0 75207
75206 80786 21:0 75223
75222 80949 21:0 75228
75227 80982 21:0 75278
75277 81017 21:0 75294
75293 81048 21:0 75304
75303 80883 21:0 75318
75317 81018 21:0 75370
75369 81082 21:0 75375
75374 81015 21:0 75380
75394 79608 1:0 75654
75395 79606 1:0 75664
75404 79576 1:0 75777
75404 79573 1:0 75795
75410 79543 1:0 75908
75414 79542 1:0 75916
75423 350 21:0 75437
75443 79540 1:0 75926
75525 79508 1:0 75959
75526 79510 1:0 76039
75535 79509 1:0 76047
75535 79507 1:0 76057
75541 79477 1:0 76170
75546 79476 1:0 76178
75574 79442 1:0 76221
75656 79444 1:0 76301
75657 79443 1:0 76309
75666 79441 1:0 76319
75666 79411 1:0 76352
75672 79409 1:0 76432
75677 79410 1:0 76440
75705 79408 1:0 76450
75787 79376 1:0 76483
75788 79378 1:0 76563
75797 79377 1:0 76571
75797 79375 1:0 76581
75803 79345 1:0 76614
75823 79344 1:0 76694
75836 79343 1:0 76701
75918 79342 1:0 76712
75919 79312 1:0 76825
75928 79311 1:0 76833
75928 79309 1:0 76843
75936 79279 1:0 76876
75954 79277 1:0 76956
76049 79278 1:0 76964
76050 79276 1:0 76974
76050 79246 1:0 77007
76059 79245 1:0 77087
76059 79244 1:0 77094
76067 79243 1:0 77105
76086 79211 1:0 77138
76180 79213 1:0 77218
76181 79212 1:0 77226
76190 79210 1:0 77236
76190 79179 1:0 77269
76196 79180 1:0 77349
76200 79178 1:0 77356
76217 79177 1:0 77367
76229 351 1:0 78697
77547 82061 21:0 77555
77555 82064 21:0 77621
77623 82094 21:0 77631
77630 82096 21:0 77681
77680 82095 21:0 77697
77696 82097 21:0 77702
77701 82127 21:0 77721
77720 82129 21:0 77773
77772 82128 21:0 77778
77777 82130 21:0 77783
77782 82160 21:0 77838
77837 82163 21:0 77854
77853 82193 21:0 77859
77858 82195 21:0 77909
77908 82194 21:0 77925
77924 82196 21:0 77935
77934 82226 21:0 77957
77956 82229 21:0 78001
78003 82259 21:0 78011
78010 82260 21:0 78061
78060 82261 21:0 78077
78076 82262 21:0 78082
78081 82292 21:0 78101
78100 82161 21:0 78153
78152 82228 21:0 78158
78157 82294 21:0 78163
78162 82327 21:0 78218
78217 82063 21:0 78234
78233 82162 21:0 78239
78238 82328 21:0 78289
78288 82227 21:0 78305
78312 82393 21:0 78329
78328 82293 21:0 78381
78383 82424 21:0 78391
78390 82394 21:0 78441
78440 82361 21:0 78457
78456 82359 21:0 78462
78461 82392 21:0 78481
78480 82295 21:0 78533
78532 82426 21:0 78538
78537 82457 21:0 78543
78542 82391 21:0 78598
78597 82490 21:0 78614
78613 82460 21:0 78619
78618 82492 21:0 78669
78668 82524 21:0 78685
78684 82062 21:0 78695
78694 82325 21:0 78701
78696 81082 1:0 78837
78700 82491 21:0 78704
78709 81048 1:0 78979
78710 81018 1:0 79092
78719 81017 1:0 79100
78719 81015 1:0 79110
78725 80985 1:0 79223
78729 80984 1:0 79231
78738 351 21:0 78752
78758 80982 1:0 79241
78840 80952 1:0 79354
78841 80951 1:0 79362
78850 80949 1:0 79372
78850 80917 1:0 79405
78856 80919 1:0 79485
78861 80918 1:0 79493
78889 80884 1:0 79616
78971 80885 1:0 79624
78972 80883 1:0 79634
78981 80851 1:0 79667
78981 80853 1:0 79747
78987 80852 1:0 79755
78992 80850 1:0 79765
79020 80820 1:0 79798
79102 80819 1:0 79878
79103 80818 1:0 79885
79112 80817 1:0 79896
79112 80786 1:0 79929
79118 80787 1:0 80009
79138 80785 1:0 80016
79151 80784 1:0 80027
79233 80754 1:0 80060
79234 80752 1:0 80140
79243 80753 1:0 80148
79243 80751 1:0 80158
79251 80720 1:0 80191
79269 80721 1:0 80271
79364 80719 1:0 80278
79365 80718 1:0 80289
79365 80688 1:0 80322
79374 80687 1:0 80402
79374 80686 1:0 80409
79382 80685 1:0 80420
79401 80655 1:0 80453
79495 80653 1:0 80533
79496 80654 1:0 80541
79505 80652 1:0 80551
79505 80620 1:0 80584
79511 80622 1:0 80664
79515 80621 1:0 80672
79532 80619 1:0 80682
79544 352 1:0 82012
79626 82524 1:0 82152
80862 83503 21:0 80870
80870 83506 21:0 80936
80938 83536 21:0 80946
80945 83537 21:0 80996
80995 83538 21:0 81012
81011 83539 21:0 81017
81016 83569 21:0 81036
81035 83571 21:0 81088
81087 83570 21:0 81093
81092 83572 21:0 81098
81097 83602 21:0 81153
81152 83604 21:0 81169
81168 83603 21:0 81174
81173 83605 21:0 81224
81223 83637 21:0 81240
81239 83636 21:0 81250
81249 83638 21:0 81272
81271 83668 21:0 81316
81318 83701 21:0 81326
81325 83702 21:0 81376
81375 83703 21:0 81392
81391 83704 21:0 81397
81396 83734 21:0 81416
81415 83505 21:0 81468
81467 83504 21:0 81473
81472 83767 21:0 81478
81477 83669 21:0 81533
81532 83670 21:0 81549
81548 83671 21:0 81554
81553 83736 21:0 81604
81603 83803 21:0 81620
81619 83768 21:0 81630
81629 83735 21:0 81652
81651 83801 21:0 81696
81695 83836 21:0 81701
81700 83833 21:0 81720
81719 83834 21:0 81772
81771 83802 21:0 81777
81776 83770 21:0 81782
81782 83902 21:0 81848
81847 83901 21:0 81853
81855 83933 21:0 81872
81871 83932 21:0 81924
81923 83900 21:0 81929
81928 83800 21:0 81934
81933 83965 21:0 82000
81999 83966 21:0 82005
82004 83869 21:0 82010
82009 83967 21:0 82016
82024 82491 1:0 82276
82025 82492 1:0 82284
82034 82490 1:0 82294
82034 82460 1:0 82407
82040 82457 1:0 82425
82044 82426 1:0 82546
82053 352 21:0 82067
82073 82424 1:0 82556
82155 82392 1:0 82589
82156 82394 1:0 82669
82165 82393 1:0 82677
82165 82391 1:0 82687
82171 82361 1:0 82800
82176 82359 1:0 82807
82204 82328 1:0 82931
82286 82327 1:0 82939
82287 82325 1:0 82949
82296 82295 1:0 82982
82296 82293 1:0 83062
82302 82294 1:0 83070
82307 82292 1:0 83080
82335 82262 1:0 83113
82417 82261 1:0 83193
82418 82260 1:0 83200
82427 82259 1:0 83211
82427 82227 1:0 83244
82433 82229 1:0 83324
82453 82228 1:0 83332
82466 82226 1:0 83342
82548 82196 1:0 83375
82549 82194 1:0 83455
82558 82195 1:0 83463
82558 82193 1:0 83473
82566 82162 1:0 83506
82584 82163 1:0 83586
82679 82161 1:0 83593
82680 82160 1:0 83604
82680 82130 1:0 83637
82689 82128 1:0 83717
82689 82129 1:0 83725
82697 82127 1:0 83735
82716 82097 1:0 83768
82810 82095 1:0 83848
82811 82096 1:0 83856
82820 82094 1:0 83866
82820 82062 1:0 83899
82826 82064 1:0 83979
82830 82063 1:0 83987
82847 82061 1:0 83997
82859 353 1:0 85327
82941 83967 1:0 85460
84182 84946 21:0 84199
84198 84947 21:0 84251
84253 84978 21:0 84261
84261 84981 21:0 84327
84329 85011 21:0 84337
84336 85012 21:0 84387
84386 85013 21:0 84403
84402 85014 21:0 84408
84407 85044 21:0 84427
84426 85045 21:0 84479
84478 85046 21:0 84484
84483 85047 21:0 84489
84488 85077 21:0 84544
84543 85080 21:0 84560
84559 85110 21:0 84565
84564 85111 21:0 84615
84614 85112 21:0 84631
84630 85113 21:0 84641
84640 85143 21:0 84663
84662 85145 21:0 84707
84706 85144 21:0 84712
84711 85146 21:0 84731
84730 85179 21:0 84783
84782 85078 21:0 84788
84787 85079 21:0 84793
84792 85177 21:0 84859
84858 84945 21:0 84864
84863 84948 21:0 84869
84868 84980 21:0 84924
84923 85242 21:0 84940
84939 85209 21:0 84945
84944 85211 21:0 84995
84994 85277 21:0 85011
85010 84979 21:0 85016
85015 85276 21:0 85035
85034 85244 21:0 85087
85086 85243 21:0 85092
85091 85212 21:0 85097
85096 85308 21:0 85159
85158 85310 21:0 85168
85167 85176 21:0 85173
85172 85341 21:0 85223
85222 85178 21:0 85239
85238 85278 21:0 85249
85248 85311 21:0 85277
85276 85376 21:0 85315
85314 85342 21:0 85320
85319 85407 21:0 85331
85330 85275 21:0 85334
85339 83966 1:0 85467
85340 83965 1:0 85478
85349 83933 1:0 85598
85349 83932 1:0 85609
85355 83900 1:0 85642
85359 83902 1:0 85722
85368 353 21:0 85382
85388 83901 1:0 85730
85470 83869 1:0 85853
85471 83836 1:0 85984
85480 83834 1:0 85991
85480 83833 1:0 86002
85486 83802 1:0 86035
85491 83803 1:0 86115
85519 83801 1:0 86122
85601 83800 1:0 86133
85602 83770 1:0 86246
85611 83768 1:0 86253
85611 83767 1:0 86264
85617 83735 1:0 86377
85622 83736 1:0 86385
85650 83734 1:0 86395
85732 83704 1:0 86428
85733 83703 1:0 86508
85742 83702 1:0 86515
85742 83701 1:0 86526
85748 83671 1:0 86559
85768 83670 1:0 86639
85781 83669 1:0 86646
85863 83668 1:0 86657
85864 83638 1:0 86690
85873 83636 1:0 86770
85873 83637 1:0 86778
85881 83605 1:0 86821
85899 83603 1:0 86901
85994 83604 1:0 86909
85995 83602 1:0 86919
85995 83572 1:0 86952
86004 83570 1:0 87032
86004 83571 1:0 87040
86012 83569 1:0 87050
86031 83539 1:0 87083
86125 83538 1:0 87163
86126 83537 1:0 87170
86135 83536 1:0 87181
86135 83504 1:0 87214
86141 83506 1:0 87294
86145 83505 1:0 87302
86162 83503 1:0 87312
86174 354 1:0 88642
87497 86388 21:0 87514
87513 86390 21:0 87566
87568 86420 21:0 87576
87575 86422 21:0 87626
87625 86421 21:0 87642
87641 86423 21:0 87647
87646 86453 21:0 87666
87665 86454 21:0 87718
87717 86455 21:0 87723
87722 86456 21:0 87728
87727 86486 21:0 87783
87782 86489 21:0 87799
87798 86519 21:0 87804
87803 86521 21:0 87854
87853 86520 21:0 87870
87869 86522 21:0 87880
87879 86552 21:0 87902
87901 86553 21:0 87946
87948 86585 21:0 87956
87956 86588 21:0 88022
88024 86618 21:0 88032
88031 86620 21:0 88082
88081 86387 21:0 88098
88097 86389 21:0 88103
88102 86554 21:0 88122
88121 86587 21:0 88174
88173 86586 21:0 88179
88178 86651 21:0 88184
88184 86687 21:0 88250
88249 86487 21:0 88255
88254 86621 21:0 88260
88259 86654 21:0 88315
88314 86717 21:0 88328
88328 86750 21:0 88336
88335 86720 21:0 88386
88385 86718 21:0 88402
88401 86619 21:0 88407
88409 86784 21:0 88426
88425 86785 21:0 88478
88477 86555 21:0 88483
88482 86752 21:0 88488
88487 86652 21:0 88554
88553 86818 21:0 88559
88558 86753 21:0 88564
88563 86685 21:0 88614
88613 86684 21:0 88630
88629 86751 21:0 88640
88639 86783 21:0 88646
88654 85407 1:0 88793
88655 85376 1:0 88914
88664 85342 1:0 89044
88664 85341 1:0 89055
88670 85311 1:0 89168
88674 85310 1:0 89176
88683 354 21:0 88697
88703 85308 1:0 89186
88785 85278 1:0 89219
88786 85276 1:0 89299
88795 85277 1:0 89307
88795 85275 1:0 89317
88801 85243 1:0 89430
88806 85244 1:0 89438
88834 85242 1:0 89448
88916 85212 1:0 89561
88917 85211 1:0 89569
88926 85209 1:0 89579
88926 85178 1:0 89612
88932 85179 1:0 89692
88937 85177 1:0 89699
88965 85176 1:0 89710
89047 85146 1:0 89743
89048 85144 1:0 89823
89057 85145 1:0 89831
89057 85143 1:0 89841
89063 85113 1:0 89874
89083 85112 1:0 89954
89096 85111 1:0 89961
89178 85110 1:0 89972
89179 85079 1:0 90005
89188 85080 1:0 90085
89188 85078 1:0 90092
89196 85077 1:0 90103
89214 85047 1:0 90136
89309 85046 1:0 90216
89310 85045 1:0 90223
89310 85044 1:0 90234
89319 85014 1:0 90267
89319 85013 1:0 90347
89327 85012 1:0 90354
89346 85011 1:0 90365
89440 84979 1:0 90398
89441 84981 1:0 90478
89450 84980 1:0 90486
89450 84978 1:0 90496
89456 84948 1:0 90529
89460 84947 1:0 90609
89477 84946 1:0 90616
89489 355 1:0 91957
89571 84945 1:0 90627
89572 86818 1:0 92229
90807 87829 21:0 90815
90815 87832 21:0 90881
90883 87862 21:0 90891
90890 87864 21:0 90941
90940 87863 21:0 90957
90956 87865 21:0 90962
90961 87895 21:0 90981
90980 87897 21:0 91033
91032 87896 21:0 91038
91037 87898 21:0 91043
91042 87928 21:0 91098
91097 87931 21:0 91114
91113 87961 21:0 91119
91118 87962 21:0 91169
91168 87963 21:0 91185
91184 87964 21:0 91195
91194 87994 21:0 91217
91216 87995 21:0 91261
91260 87996 21:0 91266
91265 87997 21:0 91285
91284 88027 21:0 91337
91336 88030 21:0 91342
91341 88060 21:0 91347
91347 88063 21:0 91413
91412 87930 21:0 91418
91417 87830 21:0 91423
91422 88061 21:0 91478
91477 87831 21:0 91490
91489 88028 21:0 91499
91498 88029 21:0 91549
91548 88094 21:0 91565
91564 88095 21:0 91570
91569 87929 21:0 91589
91588 88062 21:0 91641
91640 88093 21:0 91646
91645 88127 21:0 91651
91650 88129 21:0 91706
91705 88159 21:0 91722
91721 88193 21:0 91727
91726 88194 21:0 91777
91776 88126 21:0 91793
91792 88128 21:0 91803
91802 88192 21:0 91825
91824 88161 21:0 91869
91868 88228 21:0 91874
91873 88225 21:0 91893
91892 88260 21:0 91945
91944 88227 21:0 91950
91949 88258 21:0 91955
91954 88259 21:0 91964
91969 86785 1:0 92352
91970 86784 1:0 92359
91979 86783 1:0 92370
91979 86751 1:0 92403
91985 86753 1:0 92483
91989 86752 1:0 92491
91998 355 21:0 92012
92018 86750 1:0 92501
92100 86720 1:0 92614
92101 86718 1:0 92621
92110 86717 1:0 92632
92110 86687 1:0 92745
92116 86685 1:0 92752
92121 86684 1:0 92763
92149 86654 1:0 92876
92231 86652 1:0 92883
92232 86651 1:0 92894
92241 86619 1:0 92927
92241 86621 1:0 93007
92247 86620 1:0 93015
92252 86618 1:0 93025
92280 86586 1:0 93058
92362 86588 1:0 93138
92363 86587 1:0 93146
92372 86585 1:0 93156
92372 86555 1:0 93189
92378 86554 1:0 93269
92398 86553 1:0 93276
92411 86552 1:0 93287
92493 86522 1:0 93320
92494 86520 1:0 93400
92503 86521 1:0 93408
92503 86519 1:0 93418
92511 86489 1:0 93531
92529 86487 1:0 93538
92624 86486 1:0 93549
92625 86456 1:0 93582
92625 86455 1:0 93662
92634 86454 1:0 93669
92634 86453 1:0 93680
92642 86423 1:0 93713
92661 86421 1:0 93793
92755 86422 1:0 93801
92756 86420 1:0 93811
92765 86389 1:0 93844
92765 86390 1:0 93924
92771 86388 1:0 93931
92775 86387 1:0 93942
92776 356 1:0 95272
94122 89271 21:0 94130
94129 89273 21:0 94180
94179 89274 21:0 94196
94198 89304 21:0 94206
94205 89306 21:0 94256
94255 89305 21:0 94272
94271 89307 21:0 94277
94276 89337 21:0 94296
94295 89338 21:0 94348
94347 89339 21:0 94353
94352 89340 21:0 94358
94357 89370 21:0 94413
94426 89403 21:0 94434
94433 89404 21:0 94484
94483 89405 21:0 94500
94499 89406 21:0 94505
94504 89436 21:0 94524
94523 89439 21:0 94576
94575 89373 21:0 94581
94583 89471 21:0 94600
94599 89470 21:0 94652
94651 89472 21:0 94657
94656 89502 21:0 94662
94662 89505 21:0 94728
94727 89503 21:0 94733
94732 89469 21:0 94738
94737 89537 21:0 94793
94792 89437 21:0 94806
94805 89535 21:0 94814
94813 89504 21:0 94864
94863 89372 21:0 94880
94879 89371 21:0 94885
94890 89604 21:0 94956
94955 89272 21:0 94961
94960 89603 21:0 94966
94965 89634 21:0 95021
95020 89569 21:0 95034
95033 89568 21:0 95042
95041 89536 21:0 95092
95091 89667 21:0 95108
95107 89570 21:0 95113
95112 89601 21:0 95132
95131 89602 21:0 95184
95183 89635 21:0 95189
95188 89668 21:0 95194
95193 89538 21:0 95249
95248 89670 21:0 95265
95284 88259 1:0 95536
95285 88260 1:0 95544
95294 88258 1:0 95554
95294 88228 1:0 95667
95300 88227 1:0 95675
95304 88225 1:0 95685
95313 356 21:0 95327
95333 88194 1:0 95798
95415 88193 1:0 95805
95416 88192 1:0 95816
95425 88161 1:0 95937
95425 88159 1:0 95947
95431 88128 1:0 95980
95436 88129 1:0 96060
95464 88127 1:0 96067
95546 88126 1:0 96078
95547 88095 1:0 96191
95556 88094 1:0 96198
95556 88093 1:0 96209
95562 88062 1:0 96242
95567 88063 1:0 96322
95595 88061 1:0 96329
95677 88060 1:0 96340
95678 88029 1:0 96373
95687 88030 1:0 96453
95687 88028 1:0 96460
95693 88027 1:0 96471
95713 87997 1:0 96504
95726 87996 1:0 96584
95808 87995 1:0 96591
95809 87994 1:0 96602
95818 87964 1:0 96635
95818 87963 1:0 96715
95826 87962 1:0 96722
95844 87961 1:0 96733
95939 87929 1:0 96766
95940 87931 1:0 96846
95940 87930 1:0 96854
95949 87928 1:0 96864
95949 87898 1:0 96897
95957 87896 1:0 96977
95976 87897 1:0 96985
96070 87895 1:0 96995
96071 87865 1:0 97028
96080 87863 1:0 97108
96080 87864 1:0 97116
96086 87862 1:0 97126
96090 87831 1:0 97159
96107 87832 1:0 97239
96119 357 1:0 98587
96201 87830 1:0 97246
96202 87829 1:0 97257
97442 90715 21:0 97459
97458 90714 21:0 97511
97513 90746 21:0 97521
97520 90748 21:0 97571
97570 90747 21:0 97587
97586 90749 21:0 97592
97591 90779 21:0 97611
97610 90780 21:0 97663
97662 90781 21:0 97668
97667 90782 21:0 97673
97672 90812 21:0 97728
97727 90813 21:0 97744
97743 90814 21:0 97749
97748 90815 21:0 97799
97798 90845 21:0 97815
97814 90847 21:0 97825
97824 90846 21:0 97847
97846 90848 21:0 97891
97890 90878 21:0 97896
97895 90879 21:0 97915
97914 90880 21:0 97967
97966 90881 21:0 97972
97971 90911 21:0 97977
97976 90914 21:0 98032
98031 90947 21:0 98048
98047 90977 21:0 98053
98052 90978 21:0 98103
98102 90716 21:0 98119
98118 90713 21:0 98126
98125 90912 21:0 98143
98142 90913 21:0 98195
98194 90944 21:0 98200
98199 90945 21:0 98205
98204 90946 21:0 98271
98270 90979 21:0 98276
98275 90980 21:0 98281
98280 91010 21:0 98331
98330 91012 21:0 98347
98346 91011 21:0 98357
98356 91013 21:0 98392
98391 91043 21:0 98423
98422 91044 21:0 98428
98427 91045 21:0 98447
98446 91046 21:0 98499
98498 91076 21:0 98504
98503 91077 21:0 98509
98508 91078 21:0 98564
98563 91079 21:0 98580
98579 91109 21:0 98585
98584 91111 21:0 98591
98590 91110 21:0 98599
98598 91112 21:0 98605
98599 89670 1:0 98982
98600 89668 1:0 98989
98600 89667 1:0 99000
98604 91142 21:0 98611
98606 89635 1:0 99120
98609 89634 1:0 99131
98609 89602 1:0 99164
98610 91175 21:0 98614
98612 89604 1:0 99244
98615 89603 1:0 99252
98615 89601 1:0 99262
98619 89570 1:0 99375
98628 357 21:0 98642
98648 89569 1:0 99382
98730 89568 1:0 99393
98731 89538 1:0 99426
98740 89536 1:0 99506
98740 89537 1:0 99514
98746 89535 1:0 99524
98751 89504 1:0 99557
98779 89505 1:0 99637
98861 89503 1:0 99644
98862 89502 1:0 99655
98870 49514 21:0 98873
98871 89472 1:0 99688
98871 89470 1:0 99768
98874 89471 1:0 99776
98879 89469 1:0 99786
98898 89439 1:0 99899
98992 89437 1:0 99906
98993 89436 1:0 99917
99002 89406 1:0 99950
99002 89405 1:0 100030
99008 89404 1:0 100037
99012 89403 1:0 100048
99041 89371 1:0 100081
99123 89373 1:0 100161
99124 89372 1:0 100169
99133 89370 1:0 100179
99133 89340 1:0 100212
99139 89339 1:0 100292
99142 49631 21:0 99166
99144 89338 1:0 100299
99167 89337 1:0 100310
99254 89307 1:0 100343
99255 89305 1:0 100423
99255 89306 1:0 100431
99264 89304 1:0 100441
99264 89272 1:0 100474
99272 89274 1:0 100554
99291 89273 1:0 100562
99303 358 1:0 101902
99385 89271 1:0 100572
99535 49802 21:0 99559
99645 49852 21:0 99650
99797 49916 21:0 99821
99824 49934 21:0 99856
99918 49970 21:0 99921
99955 49991 21:0 99987
100049 50027 21:0 100052
100086 50048 21:0 100118
100300 50137 21:0 100305
100442 50198 21:0 100445
100452 50201 21:0 100476
100573 50255 21:0 100576
100583 50258 21:0 100607
100695 92133 21:0 100702
100750 13 21:0 100755
100757 92157 21:0 100774
100773 92158 21:0 100826
100828 92188 21:0 100836
100835 92155 21:0 100886
100885 92190 21:0 100902
100904 92221 21:0 100912
100911 92223 21:0 100962
100961 92224 21:0 100978
100977 49 21:0 100983
100982 53 21:0 100983
100982 17 21:0 100988
100987 92187 21:0 100988
100988 92257 21:0 101054
101053 65 21:0 101054
101053 51 21:0 101054
101054 85 21:0 101059
101058 92206 21:0 101061
101061 92289 21:0 101078
101077 92290 21:0 101130
101129 92287 21:0 101135
101134 103 21:0 101140
101139 89 21:0 101140
101140 92323 21:0 101206
101205 33 21:0 101206
101208 92353 21:0 101216
101215 92354 21:0 101266
101265 92356 21:0 101282
101281 125 21:0 101287
101286 92312 21:0 101287
101289 92388 21:0 101306
101305 143 21:0 101347
101346 92386 21:0 101363
101362 92256 21:0 101368
101367 92288 21:0 101418
101417 92321 21:0 101434
101433 92255 21:0 101439
101441 92453 21:0 101458
101457 92452 21:0 101510
101509 92339 21:0 101510
101509 92200 21:0 101515
101514 92340 21:0 101515
101514 92430 21:0 101515
101517 92487 21:0 101534
101533 92468 21:0 101570
101651 92538 21:0 101662
101669 92553 21:0 101686
101685 92554 21:0 101738
101759 92595 21:0 101766
101835 92628 21:0 101842
101914 91175 1:0 101924
101915 49514 1:0 101924
101924 92554 1:0 101937
101924 49631 1:0 101937
101924 92255 1:0 102009
101930 92553 1:0 102038
101943 358 21:0 101957
101951 92321 1:0 102049
101963 50201 1:0 102049
102045 92288 1:0 102058
102046 49802 1:0 102058
102046 92256 1:0 102086
102055 92386 1:0 102166
102055 91142 1:0 102177
102061 33 1:0 102177
102066 91112 1:0 102186
102082 51 1:0 102186
102176 91110 1:0 102199
102176 17 1:0 102199
102177 91111 1:0 102271
102186 91109 1:0 102300
102186 92190 1:0 102311
102186 53 1:0 102311
102194 92452 1:0 102320
102197 50027 1:0 102320
102225 91079 1:0 102348
102307 91078 1:0 102428
102308 91077 1:0 102435
102317 49970 1:0 102439
102317 91076 1:0 102446
102323 92323 1:0 102451
102327 91046 1:0 102479
102356 91045 1:0 102559
102438 91044 1:0 102566
102438 89 1:0 102570
102439 91043 1:0 102577
102448 92487 1:0 102582
102448 91013 1:0 102610
102456 91011 1:0 102690
102474 91012 1:0 102698
102487 49916 1:0 102701
102569 91010 1:0 102708
102570 92155 1:0 102713
102579 90980 1:0 102741
102579 90979 1:0 102821
102585 90978 1:0 102828
102587 49852 1:0 102832
102606 90977 1:0 102839
102700 92188 1:0 102844
102701 90946 1:0 102872
102710 90947 1:0 102952
102710 90945 1:0 102959
102710 143 1:0 102963
102716 90944 1:0 102970
102736 92224 1:0 102975
102749 90913 1:0 103003
102831 90914 1:0 103083
102832 90912 1:0 103090
102841 125 1:0 103094
102841 90911 1:0 103101
102847 92453 1:0 103106
102847 49934 1:0 103106
102852 90881 1:0 103134
102880 90880 1:0 103214
102962 90879 1:0 103221
102963 103 1:0 103225
102963 90878 1:0 103232
102972 49991 1:0 103237
102972 92287 1:0 103237
102978 90848 1:0 103265
102982 90846 1:0 103345
103011 90847 1:0 103353
103011 85 1:0 103356
103093 90845 1:0 103363
103094 92257 1:0 103368
103094 50048 1:0 103368
103103 90815 1:0 103396
103103 90814 1:0 103476
103111 90813 1:0 103483
103114 50137 1:0 103487
103142 90812 1:0 103494
103224 92223 1:0 103499
103224 65 1:0 103499
103225 90782 1:0 103527
103234 90781 1:0 103607
103234 90780 1:0 103614
103240 49 1:0 103618
103244 90779 1:0 103625
103273 92388 1:0 103630
103355 90749 1:0 103658
103356 90747 1:0 103738
103365 90748 1:0 103746
103365 50198 1:0 103749
103365 90746 1:0 103756
103373 92158 1:0 103761
103392 90716 1:0 103789
103486 90714 1:0 103869
103487 90715 1:0 103877
103487 50255 1:0 103880
103496 90713 1:0 103887
103496 13 1:0 103889
103496 92356 1:0 103902
103502 50258 1:0 103896
103507 92290 1:0 103974
103522 359 1:0 104000
103523 92628 1:0 104050
103535 45966 1:0 104013
103617 45962 1:0 104016
103617 45964 1:0 104022
103618 45967 1:0 104025
103618 45963 1:0 104050
103627 45965 1:0 104088
103627 45960 1:0 104104
103627 45961 1:0 104107
103627 45954 1:0 104133
103627 45955 1:0 104134
103627 92354 1:0 104226
103633 46113 1:0 104234
103635 46110 1:0 104237
103638 46114 1:0 104243
103653 46112 1:0 104246
103654 92595 1:0 104271
103666 46109 1:0 104271
103748 46111 1:0 104309
103748 46107 1:0 104325
103748 46102 1:0 104328
103748 46101 1:0 104330
103748 46108 1:0 104385
103749 46261 1:0 104455
103749 46256 1:0 104458
103758 46260 1:0 104464
103758 46257 1:0 104467
103758 46258 1:0 104492
103758 46259 1:0 104530
103758 46249 1:0 104546
103764 46254 1:0 104549
103764 46248 1:0 104551
103764 46255 1:0 104606
103766 46406 1:0 104676
103769 46404 1:0 104679
103785 46405 1:0 104685
103797 46403 1:0 104688
103797 92538 1:0 104713
103879 46408 1:0 104713
103879 46407 1:0 104751
103880 46401 1:0 104767
103880 46402 1:0 104770
103880 46395 1:0 104796
103880 46396 1:0 104797
103880 46553 1:0 104897
103889 92353 1:0 104889
103889 46551 1:0 104900
103889 46552 1:0 104906
103895 46555 1:0 104909
103897 46554 1:0 104934
103900 46550 1:0 104972
103900 46548 1:0 104988
103915 46542 1:0 104991
103915 46543 1:0 105018
103916 46549 1:0 105048
103928 46701 1:0 105118
103969 46702 1:0 105121
104012 46700 1:0 105127
104012 46698 1:0 105130
104013 46699 1:0 105155
104013 92468 1:0 105155
104022 46697 1:0 105193
104022 46696 1:0 105209
104022 46689 1:0 105212
104022 46692 1:0 105214
104022 46690 1:0 105239
104022 46695 1:0 105268
104022 46845 1:0 105339
104022 46844 1:0 105342
104028 46846 1:0 105348
104028 46849 1:0 105351
104032 46848 1:0 105376
104041 359 21:0 104055
104048 92430 1:0 105376
104049 46847 1:0 105414
104056 46837 1:0 105430
104061 46843 1:0 105433
104061 46836 1:0 105435
104061 46842 1:0 105489
104102 46991 1:0 105560
104115 46992 1:0 105563
104131 46994 1:0 105569
104132 46996 1:0 105572
104140 45955 21:0 104186
104181 46995 1:0 105597
104185 45954 21:0 104225
104191 46993 1:0 105635
104191 46983 1:0 105651
104201 46990 1:0 105654
104201 46984 1:0 105681
104201 46989 1:0 105710
104224 45961 21:0 104225
104224 45960 21:0 104225
104224 45965 21:0 104228
104227 45963 21:0 104228
104227 45967 21:0 104236
104233 47138 1:0 105781
104233 47143 1:0 105784
104234 47139 1:0 105790
104234 47141 1:0 105793
104234 47140 1:0 105818
104235 45964 21:0 104239
104238 45962 21:0 104239
104238 45966 21:0 104245
104240 47142 1:0 105856
104240 47130 1:0 105872
104240 47131 1:0 105875
104240 47136 1:0 105877
104240 47137 1:0 105932
104243 47287 1:0 106002
104243 47290 1:0 106005
104243 92340 1:0 106011
104243 47288 1:0 106011
104243 92339 1:0 106039
104246 47285 1:0 106014
104249 47289 1:0 106039
104251 47286 1:0 106077
104253 47284 1:0 106093
104253 47283 1:0 106096
104254 47277 1:0 106122
104254 47278 1:0 106123
104254 47280 1:0 106130
104282 92289 1:0 106215
104323 47434 1:0 106223
104336 47433 1:0 106226
104352 47437 1:0 106232
104353 47436 1:0 106235
104391 46108 21:0 104416
104402 92312 1:0 106245
104412 47432 1:0 106260
104415 46101 21:0 104446
104422 47435 1:0 106298
104422 47430 1:0 106314
104422 47431 1:0 106317
104445 46102 21:0 104446
104445 46107 21:0 104446
104445 46111 21:0 104449
104448 46109 21:0 104449
104448 46112 21:0 104457
104454 47424 1:0 106343
104454 47425 1:0 106344
104454 47427 1:0 106351
104454 47583 1:0 106444
104455 92221 1:0 106436
104455 47581 1:0 106447
104456 46114 21:0 104460
104459 46110 21:0 104460
104459 46113 21:0 104466
104461 47584 1:0 106453
104461 47580 1:0 106456
104464 47579 1:0 106481
104464 47572 1:0 106484
104464 47578 1:0 106516
104464 47571 1:0 106528
104464 47582 1:0 106540
104464 47577 1:0 106594
104464 47728 1:0 106665
104467 47731 1:0 106668
104470 47729 1:0 106674
104470 47727 1:0 106677
104474 47730 1:0 106702
104490 47726 1:0 106740
104491 47725 1:0 106756
104491 47718 1:0 106759
104503 47723 1:0 106761
104503 47719 1:0 106786
104503 47724 1:0 106815
104544 47874 1:0 106886
104557 47876 1:0 106889
104572 92200 1:0 106895
104573 47878 1:0 106895
104574 92206 1:0 106923
104612 46255 21:0 104637
104623 47877 1:0 106898
104633 47873 1:0 106923
104633 47866 1:0 106926
104635 47865 1:0 106935
104636 46248 21:0 104667
104666 46254 21:0 104667
104666 46249 21:0 104667
104666 46259 21:0 104670
104669 46258 21:0 104670
104669 46257 21:0 104678
104675 47875 1:0 106980
104675 47871 1:0 106982
104675 47872 1:0 107037
104675 48024 1:0 107107
104676 92187 1:0 107107
104676 48023 1:0 107110
104676 48022 1:0 107116
104677 46260 21:0 104681
104679 48020 1:0 107119
104680 46256 21:0 104681
104680 46261 21:0 104687
104682 48025 1:0 107144
104682 48018 1:0 107147
104682 48019 1:0 107157
104685 48021 1:0 107201
104685 48012 1:0 107227
104685 48013 1:0 107228
104685 92157 1:0 107320
104685 48171 1:0 107328
104688 48172 1:0 107331
104691 48167 1:0 107337
104693 48170 1:0 107340
104696 92133 1:0 107365
104711 48169 1:0 107365
104712 48159 1:0 107368
104712 48160 1:0 107403
104724 48166 1:0 107403
104724 48165 1:0 107419
104765 48168 1:0 107489
104765 48260 1:0 107516
104765 48259 1:0 107548
104803 46396 21:0 104849
104848 46395 21:0 104888
104887 46401 21:0 104888
104887 46402 21:0 104888
104887 46407 21:0 104891
104890 46408 21:0 104891
104890 46403 21:0 104899
104898 46405 21:0 104902
104901 46404 21:0 104902
104901 46406 21:0 104908
105024 46543 21:0 105070
105069 46549 21:0 105109
105108 46548 21:0 105109
105108 46542 21:0 105109
105108 46550 21:0 105112
105111 46554 21:0 105112
105111 46555 21:0 105120
105119 46552 21:0 105123
105122 46551 21:0 105123
105122 46553 21:0 105129
105245 46690 21:0 105291
105290 46695 21:0 105330
105329 46696 21:0 105330
105329 46689 21:0 105330
105329 46697 21:0 105333
105332 46699 21:0 105333
105332 46698 21:0 105341
105340 46700 21:0 105344
105343 46702 21:0 105344
105343 46701 21:0 105350
105349 46692 21:0 105350
105499 46842 21:0 105523
105522 46836 21:0 105551
105550 46837 21:0 105551
105550 46843 21:0 105551
105550 46847 21:0 105554
105553 46848 21:0 105554
105553 46849 21:0 105562
105561 46846 21:0 105565
105564 46844 21:0 105565
105564 46845 21:0 105571
105687 46984 21:0 105733
105732 46989 21:0 105772
105771 46990 21:0 105772
105771 46983 21:0 105772
105771 46993 21:0 105775
105774 46995 21:0 105775
105774 46996 21:0 105783
105782 46994 21:0 105786
105785 46992 21:0 105786
105785 46991 21:0 105792
105938 47137 21:0 105963
105962 47136 21:0 105993
105992 47130 21:0 105993
105992 47131 21:0 105993
105992 47142 21:0 105996
105995 47140 21:0 105996
105995 47141 21:0 106004
106003 47139 21:0 106007
106006 47143 21:0 106007
106006 47138 21:0 106013
106129 47278 21:0 106175
106174 47277 21:0 106214
106213 47283 21:0 106214
106213 47284 21:0 106214
106213 47286 21:0 106217
106216 47289 21:0 106217
106216 47285 21:0 106225
106224 47288 21:0 106228
106227 47290 21:0 106228
106227 47287 21:0 106234
106233 47280 21:0 106234
106350 47425 21:0 106396
106395 47424 21:0 106435
106434 47431 21:0 106435
106434 47430 21:0 106435
106434 47435 21:0 106438
106437 47432 21:0 106438
106437 47436 21:0 106446
106445 47437 21:0 106449
106448 47433 21:0 106449
106448 47434 21:0 106455
106454 47427 21:0 106455
106604 47577 21:0 106628
106627 47582 21:0 106656
106655 47571 21:0 106656
106655 47578 21:0 106656
106655 47572 21:0 106659
106658 47579 21:0 106659
106658 47580 21:0 106667
106666 47584 21:0 106670
106669 47581 21:0 106670
106669 47583 21:0 106676
106792 47719 21:0 106838
106837 47724 21:0 106877
106876 47725 21:0 106877
106876 47718 21:0 106877
106876 47726 21:0 106880
106879 47730 21:0 106880
106879 47727 21:0 106888
106887 47729 21:0 106891
106890 47731 21:0 106891
106890 47728 21:0 106897
106896 47723 21:0 106897
107043 47872 21:0 107069
107068 47871 21:0 107098
107097 47875 21:0 107098
107097 47865 21:0 107098
107097 47866 21:0 107101
107100 47873 21:0 107101
107100 47877 21:0 107109
107108 47878 21:0 107112
107111 47876 21:0 107112
107111 47874 21:0 107118
107237 48012 21:0 107281
107280 48021 21:0 107319
107318 48013 21:0 107319
107318 48019 21:0 107319
107318 48018 21:0 107322
107321 48025 21:0 107322
107321 48020 21:0 107330
107329 48022 21:0 107333
107332 48023 21:0 107333
107332 48024 21:0 107339
107495 48168 21:0 172
