77 49236 21:0 161
160 49143 21:0 303
302 49146 21:0 344
343 49142 21:0 355
354 49144 21:0 360
359 49145 21:0 360
359 49147 21:0 365
364 329 21:0 365
1525 49913 21:0 1535
3502 298 21:0 3520
4738 51384 21:0 4748
4779 310 1:0 40453
6861 299 21:0 6879
8097 52855 21:0 8107
8138 311 1:0 43812
10220 300 21:0 10238
11456 54326 21:0 11466
11497 312 1:0 47171
13579 301 21:0 13597
14815 55797 21:0 14825
14856 313 1:0 50530
16938 302 21:0 16956
18174 57268 21:0 18184
18215 314 1:0 53889
20297 303 21:0 20315
21533 58739 21:0 21543
21574 315 1:0 57248
23656 304 21:0 23674
24892 60210 21:0 24902
24933 316 1:0 60607
27015 305 21:0 27033
28251 61681 21:0 28261
28292 317 1:0 63966
30374 306 21:0 30392
31610 63152 21:0 31620
31651 318 1:0 67325
33733 307 21:0 33751
37092 308 21:0 37110
40451 309 21:0 40469
41728 319 1:0 70684
43810 310 21:0 43828
47169 311 21:0 47187
48446 320 1:0 74043
50528 312 21:0 50546
53887 313 21:0 53905
55164 326 1:0 94197
57246 314 21:0 57264
60605 315 21:0 60623
63964 316 21:0 63982
67323 317 21:0 67341
70682 318 21:0 70700
74041 319 21:0 74059
75026 82165 21:0 75043
75044 82165 1:0 75709
77400 320 21:0 77418
94803 90827 21:0 94869
94868 90825 21:0 94874
94870 90827 1:0 96510
94875 90825 1:0 96517
97554 326 21:0 97572
98831 298 1:0 291
98831 299 1:0 3504
98831 300 1:0 6863
98831 301 1:0 10222
98832 302 1:0 13581
98832 303 1:0 16940
98832 304 1:0 20299
98832 305 1:0 23658
98841 306 1:0 27017
98841 328 1:0 100915
101138 93603 21:0 101155
101154 93602 21:0 101207
101445 93736 21:0 101511
102190 93736 1:0 103359
102191 93602 1:0 103883
102200 93603 1:0 103891
102200 329 1:0 104274
104272 328 21:0 104290
104345 95008 21:0 104362
104804 95207 21:0 104870
104948 95270 21:0 104956
105559 307 1:0 30376
105559 308 1:0 33735
105559 309 1:0 37094
105560 46935 1:0 105569
105560 46938 1:0 105569
105560 46939 1:0 105572
105560 46936 1:0 105572
105569 46930 1:0 105582
105569 46937 1:0 105582
105569 46929 1:0 105582
105569 46940 1:0 105610
105569 46942 1:0 105654
105575 46941 1:0 105740
105575 47086 1:0 105784
105579 47084 1:0 105790
105595 47087 1:0 105793
105596 47077 1:0 105803
105596 47076 1:0 105803
105608 47085 1:0 105803
105649 47088 1:0 105831
105662 47089 1:0 105875
105677 47083 1:0 105877
105677 47082 1:0 105931
105678 47223 1:0 106011
105679 47233 1:0 106011
105687 46930 21:0 105733
105728 47229 1:0 106014
105730 47232 1:0 106014
105738 47230 1:0 106024
105738 47224 1:0 106024
105748 47231 1:0 106024
105750 46941 21:0 105772
105771 46942 21:0 105775
105774 46940 21:0 105775
105774 46937 21:0 105783
105780 47234 1:0 106052
105780 47236 1:0 106096
105781 47235 1:0 106182
105781 47376 1:0 106226
105781 47381 1:0 106232
105781 47377 1:0 106232
105781 47370 1:0 106232
105782 46939 21:0 105786
105784 47378 1:0 106235
105785 46938 21:0 105786
105785 46929 21:0 105792
105787 47371 1:0 106235
105787 47383 1:0 106263
105790 47379 1:0 106263
105790 47382 1:0 106314
105790 47380 1:0 106393
105790 47524 1:0 106447
105790 47517 1:0 106453
105790 47518 1:0 106453
105790 47527 1:0 106453
105791 46936 21:0 105792
105791 46935 21:0 105792
105796 47523 1:0 106456
105796 47528 1:0 106456
105796 47529 1:0 106484
105800 47525 1:0 106484
105801 47520 1:0 106484
105816 47530 1:0 106535
105829 47519 1:0 106574
105829 47526 1:0 106605
105883 95270 1:0 106657
105898 47674 1:0 106665
105899 47672 1:0 106668
105941 47082 21:0 105965
105949 47673 1:0 106674
105959 47677 1:0 106677
105964 47083 21:0 105993
105969 47675 1:0 106702
105992 47089 21:0 105993
105992 47088 21:0 105996
105995 47085 21:0 106004
106001 47676 1:0 106740
106001 47665 1:0 106756
106001 47664 1:0 106759
106001 47671 1:0 106761
106002 47670 1:0 106815
106002 47824 1:0 106886
106002 47821 1:0 106889
106003 47087 21:0 106004
106003 47084 21:0 106007
106005 47822 1:0 106895
106005 47820 1:0 106898
106006 47086 21:0 106012
106008 47823 1:0 106923
106011 47076 21:0 106013
106011 47819 1:0 106961
106011 47812 1:0 106977
106011 47818 1:0 106980
106011 47813 1:0 106982
106011 47816 1:0 106982
106011 47811 1:0 107006
106011 47817 1:0 107036
106011 47967 1:0 107107
106011 47970 1:0 107110
106012 47077 21:0 106013
106013 47969 1:0 107116
106017 47968 1:0 107119
106017 47966 1:0 107144
106021 47971 1:0 107182
106022 47965 1:0 107198
106022 47964 1:0 107201
106037 47958 1:0 107227
106037 47959 1:0 107228
106091 95207 1:0 107320
106104 48113 1:0 107328
106119 48118 1:0 107331
106120 48117 1:0 107337
106129 47224 21:0 106175
106170 48116 1:0 107340
106180 48114 1:0 107365
106190 48115 1:0 107403
106190 48111 1:0 107419
106190 48106 1:0 107422
106192 47235 21:0 106214
106213 47236 21:0 106217
106216 47234 21:0 106217
106216 47231 21:0 106225
106222 48105 1:0 107448
106222 48112 1:0 107450
106222 48110 1:0 107469
106222 48261 1:0 107549
106223 48265 1:0 107552
106223 48264 1:0 107558
106223 48260 1:0 107561
106224 47232 21:0 106228
106227 47233 21:0 106228
106227 47230 21:0 106234
106229 48263 1:0 107586
106229 48262 1:0 107624
106229 48252 1:0 107640
106229 48258 1:0 107643
106229 48253 1:0 107670
106232 48259 1:0 107700
106232 48411 1:0 107770
106232 48410 1:0 107773
106232 48412 1:0 107779
106233 47229 21:0 106234
106233 47223 21:0 106234
106235 48408 1:0 107782
106238 48409 1:0 107807
106238 48407 1:0 107845
106240 48399 1:0 107861
106240 48406 1:0 107864
106242 48400 1:0 107866
106243 48405 1:0 107920
106258 48559 1:0 107991
106271 48557 1:0 107994
106312 48554 1:0 108000
106325 48555 1:0 108003
106340 48556 1:0 108028
106341 48558 1:0 108066
106342 48553 1:0 108082
106350 47371 21:0 106396
106391 48552 1:0 108085
106391 48546 1:0 108111
106391 48547 1:0 108112
106403 47380 21:0 106435
106411 95008 1:0 108204
106434 47382 21:0 106438
106437 47379 21:0 106438
106437 47383 21:0 106446
106443 48703 1:0 108212
106443 48705 1:0 108215
106444 48706 1:0 108221
106444 48704 1:0 108224
106444 48701 1:0 108249
106445 47378 21:0 106449
106447 48702 1:0 108287
106448 47370 21:0 106449
106448 47381 21:0 106449
106448 47377 21:0 106455
106450 48700 1:0 108303
106450 48693 1:0 108306
106450 48694 1:0 108333
106450 48699 1:0 108362
106450 48852 1:0 108433
106453 48849 1:0 108436
106453 48848 1:0 108442
106453 48853 1:0 108445
106453 48850 1:0 108470
106454 47376 21:0 106455
106459 48851 1:0 108508
106459 48841 1:0 108524
106459 48840 1:0 108527
106459 48843 1:0 108527
106459 48844 1:0 108531
106459 48845 1:0 108531
106459 48846 1:0 108531
106461 48847 1:0 108584
106464 48995 1:0 108654
106479 48998 1:0 108657
106492 48999 1:0 108663
106533 48996 1:0 108666
106546 48997 1:0 108691
106561 49000 1:0 108729
106562 48987 1:0 108745
106562 48993 1:0 108748
106562 48989 1:0 108752
106562 48988 1:0 108775
106563 48994 1:0 108805
106572 60210 1:0 108867
106584 47519 21:0 106603
106602 47520 21:0 106610
106611 47526 21:0 106656
106612 63152 1:0 108867
106612 61681 1:0 108867
106612 58739 1:0 108875
106622 49147 1:0 108875
106632 49145 1:0 108878
106655 47530 21:0 106659
106658 47529 21:0 106659
106658 47525 21:0 106667
106664 57268 1:0 108878
106664 49144 1:0 108884
106664 55797 1:0 108884
106664 54326 1:0 108887
106665 49142 1:0 108887
106665 51384 1:0 108912
106665 49146 1:0 108912
106665 52855 1:0 108912
106665 49135 1:0 108966
106666 47528 21:0 106670
106668 49134 1:0 108969
106668 49140 1:0 108973
106668 49137 1:0 108973
106669 47523 21:0 106670
106669 47527 21:0 106670
106669 47517 21:0 106676
106671 49143 1:0 108950
106671 49138 1:0 108973
106671 49141 1:0 109026
106671 49913 1:0 109083
106671 49236 1:0 109096
106671 49237 1:0 109097
106675 47518 21:0 106676
106675 47524 21:0 106676
106825 47670 21:0 106849
106848 47671 21:0 106877
106876 47665 21:0 106877
106876 47664 21:0 106877
106876 47676 21:0 106880
106879 47675 21:0 106880
106879 47677 21:0 106888
106887 47673 21:0 106891
106890 47672 21:0 106891
106890 47674 21:0 106897
107016 47811 21:0 107060
107059 47817 21:0 107098
107097 47812 21:0 107098
107097 47818 21:0 107098
107097 47819 21:0 107101
107100 47823 21:0 107101
107100 47820 21:0 107109
107108 47822 21:0 107112
107111 47821 21:0 107112
107111 47824 21:0 107118
107117 47816 21:0 107118
107117 47813 21:0 107118
107234 47959 21:0 107280
107279 47958 21:0 107319
107318 47965 21:0 107319
107318 47964 21:0 107319
107318 47971 21:0 107322
107321 47966 21:0 107322
107321 47968 21:0 107330
107329 47969 21:0 107333
107332 47970 21:0 107333
107332 47967 21:0 107339
107475 48110 21:0 107489
107488 48112 21:0 107512
107511 48105 21:0 107540
107539 48111 21:0 107540
107539 48106 21:0 107540
107539 48115 21:0 107543
107542 48114 21:0 107543
107542 48116 21:0 107551
107550 48117 21:0 107554
107553 48118 21:0 107554
107553 48113 21:0 107560
107676 48253 21:0 107722
107721 48259 21:0 107761
107760 48258 21:0 107761
107760 48252 21:0 107761
107760 48262 21:0 107764
107763 48263 21:0 107764
107763 48260 21:0 107772
107771 48264 21:0 107775
107774 48265 21:0 107775
107774 48261 21:0 107781
107930 48405 21:0 107954
107953 48400 21:0 107982
107981 48406 21:0 107982
107981 48399 21:0 107982
107981 48407 21:0 107985
107984 48409 21:0 107985
107984 48408 21:0 107993
107992 48412 21:0 107996
107995 48410 21:0 107996
107995 48411 21:0 108002
108121 48546 21:0 108165
108164 48547 21:0 108203
108202 48553 21:0 108203
108202 48552 21:0 108203
108202 48558 21:0 108206
108205 48556 21:0 108206
108205 48555 21:0 108214
108213 48554 21:0 108217
108216 48557 21:0 108217
108216 48559 21:0 108223
108339 48694 21:0 108385
108384 48699 21:0 108424
108423 48693 21:0 108424
108423 48700 21:0 108424
108423 48702 21:0 108427
108426 48701 21:0 108427
108426 48704 21:0 108435
108434 48706 21:0 108438
108437 48705 21:0 108438
108437 48703 21:0 108444
108570 48843 21:0 108590
108590 48847 21:0 108615
108614 48846 21:0 108645
108644 48845 21:0 108645
108644 48844 21:0 108645
108644 48841 21:0 108645
108644 48840 21:0 108645
108644 48851 21:0 108648
108647 48850 21:0 108648
108647 48853 21:0 108656
108655 48848 21:0 108659
108658 48849 21:0 108659
108658 48852 21:0 108665
108781 48988 21:0 108827
108826 48994 21:0 108866
108865 48993 21:0 108866
108865 48987 21:0 108866
108865 49000 21:0 108869
108868 48997 21:0 108869
108868 48996 21:0 108877
108876 48999 21:0 108880
108879 48998 21:0 108880
108879 48995 21:0 108886
108885 48989 21:0 108886
109012 49137 21:0 109032
109032 49141 21:0 109057
109056 49140 21:0 109085
109084 49138 21:0 109085
109084 49134 21:0 109085
109084 49135 21:0 109085
109103 49237 21:0 78
