149 15434 0:0 151
149 15435 0:0 151
149 15436 0:0 151
149 15437 0:0 151
149 15438 0:0 151
150 341 0:0 151
150 15426 0:0 151
169 15427 21:0 187
186 15432 21:0 192
191 15433 21:0 192
205 15633 0:0 208
210 15634 21:0 279
212 15635 0:0 213
277 15636 0:0 279
281 15666 0:0 284
286 15668 21:0 355
288 15667 0:0 289
353 15669 0:0 355
357 15699 0:0 360
362 15701 21:0 431
364 15700 0:0 365
429 15702 0:0 431
433 15732 21:0 441
440 15734 0:0 441
440 15733 0:0 441
441 15735 21:0 512
511 15765 0:0 512
514 15766 21:0 572
516 15767 0:0 517
571 15768 0:0 583
585 15798 21:0 593
592 15800 0:0 593
592 15799 0:0 593
593 15801 21:0 664
663 15831 0:0 664
666 15833 21:0 735
668 15832 0:0 669
733 15834 0:0 735
737 15864 0:0 740
742 15865 21:0 811
744 15866 0:0 745
809 15867 0:0 811
813 15897 21:0 821
820 15899 0:0 821
820 15898 21:0 887
885 15900 0:0 887
889 15930 0:0 892
894 15931 21:0 963
896 15932 0:0 897
961 15933 0:0 963
965 15963 21:0 973
972 15964 0:0 973
972 15965 21:0 1039
1037 15966 0:0 1039
1041 15996 0:0 1044
1046 15997 21:0 1111
1048 15998 0:0 1049
1117 16029 0:0 1120
1122 16030 21:0 1191
1193 16062 0:0 1196
1198 16063 21:0 1267
1200 16064 0:0 1201
1265 16065 0:0 1267
1269 16095 0:0 1272
1274 16096 21:0 1343
1350 16129 21:0 1419
1421 16161 21:0 1429
1428 16162 21:0 1495
1496 16162 1:0 1682
1496 16161 1:0 1692
1525 16207 21:0 1535
1563 16129 1:0 1804
1564 16096 1:0 1926
1564 16095 1:0 1936
1572 16065 1:0 2042
1572 16063 1:0 2048
1582 16064 1:0 2049
1685 16062 1:0 2058
1686 16030 1:0 2170
1694 16029 1:0 2180
1694 15997 1:0 2292
1700 15998 1:0 2293
1719 15996 1:0 2302
1807 15966 1:0 2408
1808 15965 1:0 2415
1816 15964 1:0 2414
1816 15963 1:0 2424
1822 15933 1:0 2530
1929 15931 1:0 2536
1930 15932 1:0 2537
1930 15930 1:0 2546
1938 15900 1:0 2652
1944 15898 1:0 2658
1962 15899 1:0 2659
2051 15897 1:0 2668
2052 15867 1:0 2774
2060 15865 1:0 2780
2060 15866 1:0 2781
2066 15864 1:0 2790
2173 15834 1:0 2896
2174 15832 1:0 2902
2174 15833 1:0 2903
2182 15831 1:0 2912
2182 15801 1:0 3018
2192 15800 1:0 3025
2295 15799 1:0 3024
2296 15798 1:0 3034
2304 15768 1:0 3140
2304 15766 1:0 3146
2310 15767 1:0 3147
2329 15765 1:0 3156
2417 15735 1:0 3262
2418 15733 1:0 3268
2426 15734 1:0 3269
2426 15732 1:0 3278
2432 15702 1:0 3384
2539 15701 1:0 3391
2540 15700 1:0 3390
2540 15699 1:0 3400
2548 15669 1:0 3506
2554 15668 1:0 3513
2572 15667 1:0 3512
2661 15666 1:0 3522
2662 15636 1:0 3628
2670 15634 1:0 3634
2670 15635 1:0 3635
2676 15633 1:0 3644
2680 335 1:0 3748
3746 334 21:0 3796
3814 17284 21:0 3822
3821 17285 0:0 3822
3821 17286 0:0 3822
3822 17287 21:0 3893
3892 17317 0:0 3893
3892 11 21:0 3893
3895 17318 21:0 3964
3897 17319 0:0 3898
3962 17320 0:0 3964
3963 17348 21:0 3964
3966 17350 21:0 3974
3971 17352 0:0 3974
3973 17351 0:0 3974
3974 17353 21:0 4045
4044 17383 0:0 4045
4047 17385 21:0 4105
4049 17384 0:0 4050
4104 17386 0:0 4116
4107 17388 21:0 4116
4118 17416 21:0 4126
4125 17417 0:0 4126
4125 17418 21:0 4192
4190 17419 0:0 4192
4194 17449 0:0 4197
4199 17450 21:0 4264
4201 17451 0:0 4202
4263 103 21:0 4268
4264 17452 0:0 4268
4270 17482 0:0 4273
4275 17484 21:0 4344
4277 17483 0:0 4278
4342 17485 0:0 4344
4343 17487 21:0 4344
4346 17515 21:0 4354
4353 17516 0:0 4354
4353 17517 21:0 4420
4418 17518 0:0 4420
4422 17548 21:0 4430
4429 17549 0:0 4430
4429 17550 21:0 4496
4494 17551 0:0 4496
4495 17579 21:0 4501
4498 17581 0:0 4501
4500 159 21:0 4501
4503 17582 21:0 4561
4505 17583 0:0 4506
4506 17584 0:0 4528
4560 17599 21:0 4572
4571 17597 21:0 4572
4574 17614 21:0 4582
4581 17615 0:0 4582
4581 17616 21:0 4648
4646 17617 0:0 4648
4650 17647 0:0 4653
4655 17649 21:0 4724
4657 17648 0:0 4658
4722 17650 0:0 4724
4726 17680 21:0 4734
4731 17682 0:0 4734
4733 17681 0:0 4734
4734 17683 21:0 4805
4804 17713 21:0 4810
4809 17715 0:0 4810
4809 17714 21:0 4876
4874 17716 0:0 4876
4878 17746 21:0 4886
4885 17748 0:0 4886
4885 17747 21:0 4952
4950 17749 0:0 4952
4954 17779 21:0 4962
4961 17781 0:0 4962
4961 17780 21:0 5028
5026 17782 0:0 5028
5030 17812 21:0 5038
5037 17813 0:0 5038
5037 17814 21:0 5104
5102 17815 0:0 5104
5106 17845 21:0 5114
5113 17846 0:0 5114
5115 17846 1:0 5172
5134 17858 21:0 5144
5175 17845 1:0 5183
5176 17815 1:0 5296
5185 17813 1:0 5303
5185 17814 1:0 5304
5191 17812 1:0 5314
5194 16238 21:0 5218
5211 17782 1:0 5427
5306 17780 1:0 5434
5307 17781 1:0 5435
5307 17779 1:0 5445
5316 17749 1:0 5558
5316 17747 1:0 5565
5322 17748 1:0 5566
5343 17746 1:0 5576
5437 17716 1:0 5689
5438 17714 1:0 5696
5446 16349 21:0 5449
5447 17715 1:0 5697
5447 17713 1:0 5707
5450 17683 1:0 5820
5455 17682 1:0 5828
5486 17681 1:0 5827
5568 17680 1:0 5838
5569 17650 1:0 5951
5578 17648 1:0 5958
5578 17649 1:0 5959
5584 17647 1:0 5969
5604 17617 1:0 6082
5699 17616 1:0 6090
5700 17615 1:0 6089
5700 17614 1:0 6100
5709 17597 1:0 6130
5709 17599 1:0 6139
5709 17584 1:0 6213
5715 17582 1:0 6220
5735 17583 1:0 6221
5830 17581 1:0 6231
5830 17579 1:0 6241
5830 159 1:0 6344
5831 17551 1:0 6344
5840 17549 1:0 6351
5840 17550 1:0 6352
5846 17548 1:0 6362
5866 17518 1:0 6475
5961 17517 1:0 6483
5962 17516 1:0 6482
5962 17515 1:0 6493
5971 17487 1:0 6590
5971 17485 1:0 6606
5977 17484 1:0 6614
5982 17483 1:0 6613
6092 17482 1:0 6624
6093 103 1:0 6737
6093 17452 1:0 6737
6093 17450 1:0 6744
6101 16634 21:0 6104
6102 17451 1:0 6745
6102 17449 1:0 6755
6108 17419 1:0 6868
6129 17418 1:0 6876
6223 17417 1:0 6875
6224 17416 1:0 6886
6233 17388 1:0 6983
6233 17386 1:0 6999
6233 17385 1:0 7007
6239 17384 1:0 7006
6259 17383 1:0 7017
6354 17353 1:0 7130
6355 17351 1:0 7137
6355 17352 1:0 7138
6364 17350 1:0 7148
6364 17348 1:0 7158
6370 17320 1:0 7261
6375 17318 1:0 7268
6485 17319 1:0 7269
6486 17317 1:0 7279
6486 17287 1:0 7392
6495 17285 1:0 7399
6495 17286 1:0 7400
6501 17284 1:0 7410
6503 11 1:0 7414
6506 336 1:0 7521
7519 335 21:0 7569
7587 18935 0:0 7590
7592 18937 21:0 7661
7594 18936 0:0 7595
7659 18938 0:0 7661
7663 18968 0:0 7666
7668 18969 21:0 7737
7670 18970 0:0 7671
7735 18971 0:0 7737
7739 19001 21:0 7747
7746 19002 0:0 7747
7746 19003 0:0 7747
7747 19004 21:0 7816
7759 18993 0:0 7761
7815 19034 21:0 7823
7820 19036 0:0 7823
7820 19035 0:0 7823
7823 19037 21:0 7889
7889 83 21:0 7894
7891 19067 0:0 7894
7896 19069 21:0 7954
7898 19068 0:0 7899
7953 19070 0:0 7965
7956 19072 21:0 7965
7967 19100 21:0 7975
7974 19101 0:0 7975
7974 19102 21:0 8041
8039 19103 0:0 8041
8043 19133 21:0 8051
8050 19135 0:0 8051
8050 19134 21:0 8117
8105 19152 0:0 8106
8115 19136 0:0 8117
8119 19166 0:0 8122
8124 19168 21:0 8190
8126 19167 0:0 8127
8189 19169 0:0 8193
8195 19199 21:0 8203
8200 19200 0:0 8203
8202 19201 0:0 8203
8203 19202 21:0 8269
8271 19232 0:0 8274
8276 19233 21:0 8334
8278 19234 0:0 8279
8333 19235 0:0 8345
8342 19263 21:0 8345
8347 19265 21:0 8355
8354 19267 0:0 8355
8354 19266 0:0 8355
8355 19268 21:0 8426
8425 19298 0:0 8426
8428 19300 21:0 8497
8430 19299 0:0 8431
8479 19310 0:0 8481
8495 19301 0:0 8497
8499 19331 21:0 8507
8506 19332 0:0 8507
8506 19333 21:0 8573
8571 19334 0:0 8573
8575 19364 21:0 8583
8582 19365 0:0 8583
8582 19366 21:0 8649
8647 19367 0:0 8649
8651 19397 21:0 8659
8658 19399 0:0 8659
8658 19398 21:0 8725
8723 19400 0:0 8725
8727 19430 21:0 8735
8734 19431 0:0 8735
8734 19432 21:0 8801
8799 19433 0:0 8801
8803 19463 21:0 8811
8810 19465 0:0 8811
8810 19464 21:0 8877
8875 19466 0:0 8877
8879 19496 21:0 8887
8907 19509 21:0 8917
8948 19496 1:0 8956
8949 16238 1:0 8965
8949 19466 1:0 9069
8958 19464 1:0 9076
8958 19465 1:0 9077
8964 19463 1:0 9087
8966 16349 1:0 9200
8967 16238 21:0 8991
8985 19433 1:0 9200
8992 12933 1:0 27896
9079 19432 1:0 9208
9080 19431 1:0 9207
9089 19430 1:0 9218
9089 19400 1:0 9331
9095 19398 1:0 9338
9100 19399 1:0 9339
9210 19397 1:0 9349
9211 19367 1:0 9462
9211 19366 1:0 9470
9220 19365 1:0 9469
9220 19364 1:0 9480
9226 19334 1:0 9593
9247 19333 1:0 9601
9341 19332 1:0 9600
9342 19331 1:0 9611
9342 19310 1:0 9676
9351 19301 1:0 9724
9351 19300 1:0 9732
9357 19299 1:0 9731
9377 19298 1:0 9742
9472 19268 1:0 9855
9473 19267 1:0 9863
9473 16634 1:0 9866
9482 19266 1:0 9862
9482 19265 1:0 9873
9482 19263 1:0 9883
9488 19235 1:0 9986
9508 19233 1:0 9993
9603 19234 1:0 9994
9604 19232 1:0 10004
9604 19202 1:0 10117
9613 19200 1:0 10124
9613 19201 1:0 10125
9621 19199 1:0 10135
9652 19169 1:0 10248
9734 19168 1:0 10256
9735 19167 1:0 10255
9744 19166 1:0 10266
9744 19152 1:0 10305
9744 19136 1:0 10379
9750 19134 1:0 10386
9771 19135 1:0 10387
9865 19133 1:0 10397
9866 19103 1:0 10510
9875 19101 1:0 10517
9875 19102 1:0 10518
9881 19100 1:0 10528
9881 19072 1:0 10625
9901 19070 1:0 10641
9996 19069 1:0 10649
9997 19068 1:0 10648
9997 19067 1:0 10659
10006 83 1:0 10663
10006 19037 1:0 10772
10012 19035 1:0 10779
10015 16694 21:0 10039
10017 19036 1:0 10780
10045 19034 1:0 10790
10127 19004 1:0 10903
10128 19002 1:0 10910
10137 19003 1:0 10911
10137 19001 1:0 10921
10137 18993 1:0 10936
10143 18971 1:0 11034
10164 18969 1:0 11041
10258 18970 1:0 11042
10259 18968 1:0 11052
10268 18938 1:0 11165
10268 18937 1:0 11173
10274 18936 1:0 11172
10277 16808 21:0 10301
10279 18935 1:0 11183
10294 337 1:0 11294
10922 17090 21:0 10925
11292 336 21:0 11342
11360 20586 21:0 11365
11365 20587 21:0 11434
11367 20588 0:0 11368
11432 20589 0:0 11434
11436 20619 0:0 11439
11441 20621 21:0 11510
11443 20620 0:0 11444
11508 20622 0:0 11510
11509 20635 21:0 11510
11512 20652 21:0 11520
11519 20654 0:0 11520
11519 20653 21:0 11586
11584 20655 0:0 11586
11588 20685 0:0 11591
11593 20686 21:0 11662
11595 20687 0:0 11596
11660 20688 0:0 11662
11664 20718 21:0 11672
11669 20719 0:0 11672
11671 20720 0:0 11672
11672 20721 21:0 11743
11742 20751 0:0 11743
11745 20752 21:0 11803
11747 20753 0:0 11748
11802 20754 0:0 11814
11802 20762 21:0 11814
11816 20784 21:0 11824
11823 20786 0:0 11824
11823 20785 21:0 11890
11888 20787 0:0 11890
11892 20817 21:0 11900
11899 20818 0:0 11900
11899 20819 21:0 11966
11964 20820 0:0 11966
11966 155 21:0 11971
11968 20850 0:0 11971
11970 20829 21:0 11971
11973 20851 21:0 12042
11975 20852 0:0 11976
12040 20853 0:0 12042
12041 20866 21:0 12042
12044 20883 21:0 12052
12051 20885 0:0 12052
12051 20884 21:0 12118
12116 20886 0:0 12118
12120 20916 21:0 12128
12127 20918 0:0 12128
12127 20917 21:0 12194
12192 20919 0:0 12194
12193 20899 21:0 12199
12196 20949 0:0 12199
12201 20951 21:0 12259
12203 20950 0:0 12204
12258 20952 0:0 12270
12272 20982 0:0 12275
12277 20983 21:0 12343
12279 20984 0:0 12280
12342 20985 0:0 12346
12348 21015 0:0 12351
12353 21016 21:0 12422
12355 21017 0:0 12356
12420 21018 0:0 12422
12424 21048 21:0 12432
12431 21049 0:0 12432
12431 21050 21:0 12498
12496 21051 0:0 12498
12500 21081 21:0 12508
12507 21082 0:0 12508
12507 21083 21:0 12574
12572 21084 0:0 12574
12576 21114 21:0 12584
12583 21116 0:0 12584
12583 21115 21:0 12650
12648 21117 0:0 12650
12652 21147 21:0 12660
12680 21160 21:0 12690
12721 21147 1:0 12729
12721 16238 1:0 12738
12722 21117 1:0 12842
12731 21115 1:0 12849
12731 21116 1:0 12850
12737 21114 1:0 12860
12757 21084 1:0 12973
12852 21083 1:0 12981
12853 21082 1:0 12980
12853 21081 1:0 12991
12862 21051 1:0 13104
12862 21050 1:0 13112
12870 21049 1:0 13111
12901 21048 1:0 13122
12981 16345 21:0 12986
12983 21018 1:0 13235
12984 21016 1:0 13242
12993 21017 1:0 13243
12993 21015 1:0 13253
12999 20985 1:0 13366
13004 20983 1:0 13373
13114 20984 1:0 13374
13115 20982 1:0 13384
13115 20952 1:0 13497
13124 20950 1:0 13504
13124 20951 1:0 13505
13130 20949 1:0 13515
13151 20919 1:0 13628
13245 20917 1:0 13635
13246 20918 1:0 13636
13255 20916 1:0 13646
13255 20899 1:0 13685
13255 20886 1:0 13759
13261 20884 1:0 13766
13281 20885 1:0 13767
13376 20883 1:0 13777
13376 16694 1:0 13786
13376 20866 1:0 13816
13377 20853 1:0 13890
13386 20851 1:0 13897
13386 20852 1:0 13898
13392 20850 1:0 13908
13392 155 1:0 13912
13394 20829 1:0 13973
13425 20820 1:0 14021
13507 20819 1:0 14029
13508 20818 1:0 14028
13517 20817 1:0 14039
13517 16808 1:0 14048
13517 20787 1:0 14152
13523 20785 1:0 14159
13544 20786 1:0 14160
13638 20784 1:0 14170
13639 20762 1:0 14262
13639 20754 1:0 14283
13647 16634 21:0 13650
13648 20752 1:0 14290
13648 20753 1:0 14291
13654 20751 1:0 14301
13657 16637 21:0 13681
13659 20721 1:0 14414
13687 20719 1:0 14421
13769 20720 1:0 14422
13770 20718 1:0 14432
13779 20688 1:0 14545
13779 20686 1:0 14552
13785 20687 1:0 14553
13805 20685 1:0 14563
13806 17090 1:0 14676
13900 20655 1:0 14676
13901 20653 1:0 14683
13910 20654 1:0 14684
13910 20652 1:0 14694
13910 20635 1:0 14733
13916 20622 1:0 14807
13936 20621 1:0 14815
14031 20620 1:0 14814
14032 20619 1:0 14825
14032 20589 1:0 14938
14041 20587 1:0 14945
14041 20588 1:0 14946
14049 20586 1:0 14956
14052 338 1:0 15067
14815 17143 21:0 14820
15065 337 21:0 15115
15133 22237 0:0 15136
15138 22239 21:0 15207
15140 22238 0:0 15141
15205 22240 0:0 15207
15206 22268 21:0 15207
15206 22248 21:0 15212
15209 22270 0:0 15212
15214 22272 21:0 15283
15216 22271 0:0 15217
15281 22273 0:0 15283
15285 22303 0:0 15288
15290 22305 21:0 15359
15292 22304 0:0 15293
15357 22306 0:0 15359
15361 22336 21:0 15369
15368 22338 0:0 15369
15368 22337 21:0 15435
15433 22339 0:0 15435
15437 22369 21:0 15445
15444 22371 0:0 15445
15444 22370 0:0 15445
15445 22372 21:0 15513
15513 22402 21:0 15521
15520 22403 0:0 15521
15520 22404 21:0 15587
15585 22405 0:0 15587
15586 22374 21:0 15592
15589 22435 0:0 15592
15594 22437 21:0 15663
15596 22436 0:0 15597
15597 22438 0:0 15619
15662 22466 21:0 15663
15665 22468 21:0 15673
15672 22470 0:0 15673
15672 22469 21:0 15739
15737 22471 0:0 15739
15738 141 21:0 15744
15741 22501 0:0 15744
15746 22503 21:0 15807
15748 22502 0:0 15749
15807 22504 0:0 15815
15817 22534 0:0 15820
15822 22535 21:0 15880
15824 22536 0:0 15825
15879 22537 0:0 15891
15893 22567 21:0 15901
15900 22569 0:0 15901
15900 22568 0:0 15901
15901 22570 21:0 15972
15971 22600 21:0 15977
15976 22601 0:0 15977
15976 22602 21:0 16043
16041 22603 0:0 16043
16042 211 21:0 16048
16045 22633 0:0 16048
16047 22579 21:0 16048
16050 22635 21:0 16119
16052 22634 0:0 16053
16117 22636 0:0 16119
16118 22644 21:0 16119
16121 22666 0:0 16124
16126 22668 21:0 16191
16128 22667 0:0 16129
16190 22685 21:0 16195
16191 22669 0:0 16195
16197 22699 21:0 16205
16204 22700 0:0 16205
16204 22701 21:0 16271
16269 22702 0:0 16271
16273 22732 21:0 16281
16280 22733 0:0 16281
16280 22734 21:0 16347
16345 22735 0:0 16347
16349 22765 21:0 16357
16356 22766 0:0 16357
16356 22767 21:0 16423
16422 22768 21:0 16433
16453 22811 21:0 16463
16494 22768 1:0 16615
16495 22767 1:0 16623
16504 22766 1:0 16622
16504 22765 1:0 16633
16504 16345 1:0 16746
16510 22735 1:0 16746
16531 22734 1:0 16754
16625 22733 1:0 16753
16626 22732 1:0 16764
16635 22702 1:0 16877
16635 22701 1:0 16885
16641 22700 1:0 16884
16646 22699 1:0 16895
16661 22685 1:0 16934
16756 22669 1:0 17008
16757 22667 1:0 17015
16757 22668 1:0 17016
16766 22666 1:0 17026
16766 22636 1:0 17139
16772 22644 1:0 17118
16777 22635 1:0 17147
16887 22634 1:0 17146
16888 22633 1:0 17157
16888 22603 1:0 17270
16888 211 1:0 17270
16897 22601 1:0 17277
16897 22602 1:0 17278
16905 22600 1:0 17288
16908 22579 1:0 17293
17018 22570 1:0 17401
17019 22568 1:0 17408
17019 22569 1:0 17409
17019 16634 1:0 17412
17028 22567 1:0 17419
17028 16637 1:0 17428
17034 22537 1:0 17532
17039 22535 1:0 17539
17149 22536 1:0 17540
17150 22534 1:0 17550
17150 22504 1:0 17663
17158 16520 21:0 17161
17159 22502 1:0 17670
17159 22503 1:0 17671
17165 22501 1:0 17681
17185 22471 1:0 17794
17186 141 1:0 17794
17280 22469 1:0 17801
17281 22470 1:0 17802
17290 22468 1:0 17812
17290 22466 1:0 17822
17290 22438 1:0 17925
17296 22437 1:0 17933
17316 22436 1:0 17932
17411 22435 1:0 17943
17412 22405 1:0 18056
17412 22404 1:0 18064
17421 22403 1:0 18063
17421 22402 1:0 18074
17427 22374 1:0 18079
17432 22372 1:0 18187
17542 22371 1:0 18195
17543 22370 1:0 18194
17543 22369 1:0 18205
17552 22339 1:0 18318
17552 22337 1:0 18325
17558 22338 1:0 18326
17579 22336 1:0 18336
17673 22306 1:0 18449
17674 22305 1:0 18457
17683 22304 1:0 18456
17683 22303 1:0 18467
17683 17143 1:0 18580
17689 22273 1:0 18580
17709 22272 1:0 18588
17804 22271 1:0 18587
17805 22270 1:0 18598
17805 22268 1:0 18608
17814 22248 1:0 18690
17814 22240 1:0 18711
17814 22239 1:0 18719
17820 22238 1:0 18718
17840 22237 1:0 18729
17841 339 1:0 18840
18838 338 21:0 18888
18901 23886 21:0 18904
18906 23888 21:0 18914
18913 23890 0:0 18914
18913 23889 0:0 18914
18914 23891 21:0 18985
18984 23921 0:0 18985
18987 23923 21:0 19056
18989 23922 0:0 18990
19044 23937 0:0 19045
19054 23924 0:0 19056
19058 23954 0:0 19061
19063 23956 21:0 19132
19065 23955 0:0 19066
19120 23972 0:0 19121
19130 23957 0:0 19132
19134 23987 21:0 19142
19141 23989 0:0 19142
19141 23988 21:0 19208
19206 23990 0:0 19208
19210 24020 21:0 19218
19215 24022 0:0 19218
19217 24021 0:0 19218
19218 24023 21:0 19286
19286 24053 0:0 19289
19291 24055 21:0 19360
19293 24054 0:0 19294
19358 24056 0:0 19360
19362 24086 21:0 19370
19367 24088 0:0 19370
19367 24087 0:0 19370
19370 24089 21:0 19441
19440 24119 0:0 19441
19443 24120 21:0 19512
19445 24121 0:0 19446
19510 24122 0:0 19512
19514 24152 21:0 19522
19521 24154 0:0 19522
19521 24153 21:0 19588
19586 24155 0:0 19588
19590 24185 21:0 19598
19597 24187 0:0 19598
19597 24186 21:0 19664
19662 24188 0:0 19664
19666 24218 21:0 19674
19673 24219 0:0 19674
19673 24220 21:0 19740
19738 24221 0:0 19740
19742 24251 21:0 19750
19747 24252 0:0 19750
19749 24253 0:0 19750
19750 24254 21:0 19821
19820 24284 21:0 19826
19825 24285 0:0 19826
19825 24286 21:0 19892
19890 24287 0:0 19892
19894 24317 21:0 19902
19901 24319 0:0 19902
19901 24318 21:0 19968
19966 24320 0:0 19968
19967 24348 0:0 19968
19970 24350 21:0 19978
19977 24351 0:0 19978
19977 24352 21:0 20044
20042 24353 0:0 20044
20046 24383 21:0 20054
20053 24384 0:0 20054
20053 285 0:0 20054
20053 24385 21:0 20120
20118 24386 0:0 20120
20122 24416 21:0 20130
20129 24417 0:0 20130
20129 24418 21:0 20196
20194 24419 0:0 20196
20198 24449 21:0 20206
20205 24450 0:0 20206
20205 24451 0:0 20206
20207 24450 1:0 20264
20207 24451 1:0 20265
20226 24462 21:0 20236
20235 155 21:0 20259
20258 303 21:0 20259
20258 229 21:0 20262
20267 24449 1:0 20275
20268 24419 1:0 20388
20268 303 1:0 20388
20277 24417 1:0 20395
20277 24418 1:0 20396
20283 24416 1:0 20406
20304 24386 1:0 20519
20398 24385 1:0 20527
20399 24384 1:0 20526
20399 285 1:0 20532
20408 24383 1:0 20537
20408 24353 1:0 20650
20414 24352 1:0 20658
20417 16295 21:0 20441
20434 24351 1:0 20657
20529 24350 1:0 20668
20529 24348 1:0 20678
20530 24320 1:0 20781
20530 24318 1:0 20788
20539 24319 1:0 20789
20539 24317 1:0 20799
20545 229 1:0 20883
20550 24287 1:0 20912
20565 16520 1:0 20912
20660 24286 1:0 20920
20661 24285 1:0 20919
20661 24284 1:0 20930
20670 24254 1:0 21043
20670 24253 1:0 21051
20678 24252 1:0 21050
20709 24251 1:0 21061
20791 24221 1:0 21174
20792 24220 1:0 21182
20801 24219 1:0 21181
20801 24218 1:0 21192
20807 24188 1:0 21305
20827 24186 1:0 21312
20922 24187 1:0 21313
20923 24185 1:0 21323
20923 24155 1:0 21436
20932 24153 1:0 21443
20932 24154 1:0 21444
20940 24152 1:0 21454
20943 155 1:0 21458
21053 24122 1:0 21567
21054 24120 1:0 21574
21054 24121 1:0 21575
21063 24119 1:0 21585
21063 24089 1:0 21698
21069 24087 1:0 21705
21090 24088 1:0 21706
21184 24086 1:0 21716
21185 24056 1:0 21829
21193 16634 21:0 21196
21194 24054 1:0 21836
21194 24055 1:0 21837
21197 24053 1:0 21847
21202 24023 1:0 21960
21233 24022 1:0 21968
21315 24021 1:0 21967
21316 24020 1:0 21978
21325 23990 1:0 22091
21325 23988 1:0 22098
21331 23989 1:0 22099
21351 23987 1:0 22109
21352 23972 1:0 22148
21446 23957 1:0 22222
21447 23956 1:0 22230
21456 23955 1:0 22229
21456 23954 1:0 22240
21456 23937 1:0 22279
21462 23924 1:0 22353
21482 23923 1:0 22361
21577 23922 1:0 22360
21578 23921 1:0 22371
21578 23891 1:0 22484
21587 23889 1:0 22491
21587 23890 1:0 22492
21595 23888 1:0 22502
21598 23886 1:0 22512
21613 340 1:0 22613
21614 12934 1:0 27896
21968 16972 21:0 21973
22611 339 21:0 22661
22679 25539 0:0 22682
22684 25540 21:0 22753
22686 25541 0:0 22687
22751 25542 0:0 22753
22755 25572 0:0 22758
22760 25574 21:0 22829
22762 25573 0:0 22763
22763 25575 0:0 22785
22831 25605 21:0 22839
22838 25607 0:0 22839
22838 25606 0:0 22839
22839 25608 21:0 22910
22909 25638 21:0 22915
22914 25639 0:0 22915
22914 25640 0:0 22915
22915 25641 21:0 22981
22983 25671 0:0 22986
22988 25673 21:0 23046
22990 25672 0:0 22991
23045 25674 0:0 23057
23046 25691 21:0 23057
23056 25689 21:0 23057
23059 25704 21:0 23067
23066 25705 0:0 23067
23066 25706 21:0 23133
23131 25707 0:0 23133
23135 25737 0:0 23138
23140 25739 21:0 23209
23142 25738 0:0 23143
23207 25740 0:0 23209
23211 25770 0:0 23214
23216 25771 21:0 23285
23218 25772 0:0 23219
23283 25773 0:0 23285
23287 25803 0:0 23290
23292 25805 21:0 23350
23294 25804 0:0 23295
23349 25806 0:0 23361
23363 25836 21:0 23371
23370 25837 0:0 23371
23370 25838 0:0 23371
23371 25839 21:0 23442
23441 25869 21:0 23447
23446 25870 0:0 23447
23446 25871 21:0 23513
23511 25872 0:0 23513
23515 25902 21:0 23523
23522 25904 0:0 23523
23522 25903 21:0 23589
23587 25905 0:0 23589
23588 25920 21:0 23594
23591 25935 0:0 23594
23593 25880 21:0 23594
23596 25937 21:0 23665
23598 25936 0:0 23599
23663 25938 0:0 23665
23664 25867 21:0 23665
23664 195 21:0 23665
23664 25907 21:0 23670
23667 25968 0:0 23670
23672 25970 21:0 23732
23674 25969 0:0 23675
23731 25971 0:0 23741
23743 26001 21:0 23751
23750 26002 0:0 23751
23750 26003 21:0 23817
23815 26004 0:0 23817
23819 26034 21:0 23827
23826 26036 0:0 23827
23826 26035 21:0 23893
23891 26037 0:0 23893
23895 26067 21:0 23903
23902 26069 0:0 23903
23902 26068 21:0 23969
23968 26070 21:0 23979
23978 26100 21:0 24035
24040 26100 1:0 24048
24041 26070 1:0 24161
24050 26068 1:0 24168
24050 26069 1:0 24169
24056 26067 1:0 24179
24056 16295 1:0 24188
24077 26037 1:0 24292
24171 26035 1:0 24299
24172 26036 1:0 24300
24181 26034 1:0 24310
24181 26004 1:0 24423
24187 26003 1:0 24431
24190 16295 21:0 24214
24192 26002 1:0 24430
24220 26001 1:0 24441
24302 25971 1:0 24554
24303 25970 1:0 24562
24312 25969 1:0 24561
24312 25968 1:0 24572
24318 25938 1:0 24685
24338 25937 1:0 24693
24433 25936 1:0 24692
24434 25935 1:0 24703
24434 25920 1:0 24742
24443 25907 1:0 24800
24443 25905 1:0 24816
24443 25903 1:0 24823
24449 25904 1:0 24824
24469 25902 1:0 24834
24470 195 1:0 24867
24482 25880 1:0 24918
24564 16634 1:0 24947
24565 25872 1:0 24947
24565 25871 1:0 24955
24574 25870 1:0 24954
24574 25869 1:0 24965
24574 25867 1:0 24970
24582 25839 1:0 25078
24613 25838 1:0 25086
24695 25837 1:0 25085
24696 25836 1:0 25096
24705 25806 1:0 25209
24705 25805 1:0 25217
24711 25804 1:0 25216
24731 25803 1:0 25227
24826 25773 1:0 25340
24827 25771 1:0 25347
24827 25772 1:0 25348
24836 25770 1:0 25358
24836 25740 1:0 25471
24844 25739 1:0 25479
24875 25738 1:0 25478
24957 25737 1:0 25489
24958 25707 1:0 25602
24967 25705 1:0 25609
24967 25706 1:0 25610
24973 25704 1:0 25620
24973 25691 1:0 25650
24975 25689 1:0 25659
25006 25674 1:0 25733
25088 16972 1:0 25733
25089 25672 1:0 25740
25089 25673 1:0 25741
25098 25671 1:0 25751
25098 25641 1:0 25864
25104 25640 1:0 25872
25125 25639 1:0 25871
25219 25638 1:0 25882
25220 25608 1:0 25995
25229 25606 1:0 26002
25229 25607 1:0 26003
25235 25605 1:0 26013
25240 25575 1:0 26126
25350 25574 1:0 26134
25351 25573 1:0 26133
25351 25572 1:0 26144
25360 25542 1:0 26257
25360 25540 1:0 26264
25366 25541 1:0 26265
25369 16808 21:0 25393
25387 25539 1:0 26275
25387 341 1:0 26386
25394 12928 1:0 27905
26384 340 21:0 26434
26433 27169 21:0 26450
26452 27190 21:0 26460
26457 27192 0:0 26460
26459 27191 0:0 26460
26460 27193 21:0 26531
26530 27209 21:0 26531
26530 27223 0:0 26531
26530 27210 21:0 26533
26533 27224 21:0 26602
26535 27225 0:0 26536
26600 27226 0:0 26602
26601 33 21:0 26602
26601 31 21:0 26607
26604 27256 0:0 26607
26609 27257 21:0 26678
26611 27258 0:0 26612
26676 27259 0:0 26678
26680 27289 0:0 26683
26685 27291 21:0 26743
26687 27290 0:0 26688
26742 27292 0:0 26754
26756 27322 0:0 26759
26761 27324 21:0 26819
26763 27323 0:0 26764
26818 85 21:0 26830
26818 27325 0:0 26830
26832 27355 0:0 26835
26837 27356 21:0 26906
26839 27357 0:0 26840
26904 27358 0:0 26906
26905 27374 21:0 26906
26908 27388 0:0 26911
26913 27389 21:0 26982
26915 27390 0:0 26916
26980 27391 0:0 26982
26984 27421 21:0 26992
26991 27423 0:0 26992
26991 27422 0:0 26992
26992 27424 21:0 27063
27057 27441 0:0 27058
27060 27454 0:0 27063
27062 27432 21:0 27063
27065 27456 21:0 27123
27067 27455 0:0 27068
27122 27457 0:0 27134
27122 157 21:0 27134
27136 27487 21:0 27144
27143 27488 0:0 27144
27143 27489 0:0 27144
27144 27490 21:0 27215
27214 27520 21:0 27220
27219 27521 0:0 27220
27219 27522 0:0 27220
27220 27523 21:0 27291
27290 27553 0:0 27291
27290 27503 21:0 27291
27293 27554 21:0 27362
27295 27555 0:0 27296
27360 27556 0:0 27362
27364 27586 21:0 27372
27371 27587 0:0 27372
27371 27588 21:0 27438
27436 27589 0:0 27438
27440 27619 21:0 27448
27447 27621 0:0 27448
27447 27620 21:0 27514
27512 27622 0:0 27514
27516 27652 21:0 27524
27523 27653 0:0 27524
27523 27654 21:0 27590
27588 27655 0:0 27590
27592 27685 21:0 27600
27599 27687 0:0 27600
27599 27686 21:0 27666
27664 27688 0:0 27666
27668 27718 21:0 27676
27675 27719 0:0 27676
27675 27720 21:0 27742
27741 265 21:0 27747
27746 27605 21:0 27747
27746 27721 21:0 27815
27775 12927 1:0 27915
27823 27721 1:0 27864
27824 12935 1:0 27984
27824 12936 1:0 27985
27824 12937 1:0 27994
27824 12938 1:0 27995
27824 12939 1:0 28004
27824 12940 1:0 28005
27833 27719 1:0 28041
27833 27720 1:0 28042
27841 27718 1:0 28052
27844 16295 1:0 28061
27859 13075 1:0 28117
27859 13081 1:0 28126
27859 13074 1:0 28136
27860 13082 1:0 28205
27913 27688 1:0 28137
27926 13083 1:0 28206
27941 13084 1:0 28215
27942 13080 1:0 28195
27942 13085 1:0 28216
27942 13086 1:0 28225
27943 13222 1:0 28303
27943 13227 1:0 28306
27943 13228 1:0 28306
27992 13087 1:0 28226
27994 12935 21:0 28036
28034 12939 0:0 28036
28035 12938 0:0 28036
28035 12936 0:0 28036
28035 12928 21:0 28036
28035 12940 0:0 28036
28035 12934 21:0 28036
28035 12933 21:0 28036
28035 12927 21:0 28036
28035 12937 0:0 28036
28044 27686 1:0 28262
28045 27687 1:0 28263
28045 27685 1:0 28273
28054 265 1:0 28357
28054 27655 1:0 28358
28054 13229 1:0 28426
28054 13230 1:0 28427
28054 13232 1:0 28437
28060 13221 1:0 28386
28060 13231 1:0 28436
28060 13233 1:0 28446
28060 13375 1:0 28559
28062 13234 1:0 28447
28093 27654 1:0 28484
28147 27653 1:0 28483
28164 27652 1:0 28494
28213 13369 1:0 28568
28213 13374 1:0 28578
28213 13515 1:0 28745
28215 13082 21:0 28257
28223 13381 1:0 28668
28233 13376 1:0 28647
28255 13084 0:0 28257
28256 13083 0:0 28257
28256 13085 0:0 28257
28256 13087 0:0 28257
28256 13086 0:0 28257
28256 13080 0:0 28257
28256 13075 21:0 28257
28256 13081 21:0 28257
28256 13074 21:0 28257
28265 27622 1:0 28579
28266 13368 1:0 28607
28266 13377 1:0 28648
28266 13378 1:0 28657
28266 13379 1:0 28658
28266 13380 1:0 28667
28266 27605 1:0 28754
28275 27620 1:0 28704
28275 27621 1:0 28705
28281 27619 1:0 28715
28283 13522 1:0 28789
28283 13521 1:0 28799
28286 13528 1:0 28889
28314 27589 1:0 28800
28355 13523 1:0 28868
28355 13524 1:0 28869
28368 13525 1:0 28878
28383 13516 1:0 28829
28383 13526 1:0 28879
28384 13527 1:0 28888
28443 13232 21:0 28478
28444 27588 1:0 28926
28454 13668 1:0 29001
28454 13663 1:0 29001
28454 13669 1:0 29010
28454 13662 1:0 29020
28476 13233 0:0 28478
28477 13222 21:0 28478
28477 13230 0:0 28478
28477 13231 0:0 28478
28477 13229 0:0 28478
28477 13234 0:0 28478
28477 13228 21:0 28478
28477 13227 21:0 28478
28477 13221 0:0 28478
28486 27587 1:0 28925
28487 27586 1:0 28936
28487 13670 1:0 29089
28487 13671 1:0 29090
28496 27556 1:0 29021
28496 13672 1:0 29099
28496 13673 1:0 29100
28496 13674 1:0 29109
28496 13675 1:0 29110
28504 27554 1:0 29146
28535 27555 1:0 29147
28589 27553 1:0 29157
28604 13810 1:0 29241
28604 13963 1:0 29371
28655 27523 1:0 29241
28665 13819 1:0 29320
28674 13381 21:0 28699
28675 13818 1:0 29311
28697 13379 0:0 28699
28697 13380 0:0 28699
28698 13376 0:0 28699
28698 13375 21:0 28699
28698 13369 21:0 28699
28698 13368 0:0 28699
28698 13374 21:0 28699
28698 13378 0:0 28699
28698 13377 0:0 28699
28707 13809 1:0 29270
28707 13815 1:0 29300
28707 13816 1:0 29301
28707 13817 1:0 29310
28707 13820 1:0 29321
28707 13821 1:0 29330
28707 13957 1:0 29371
28708 13822 1:0 29331
28708 27522 1:0 29368
28717 27521 1:0 29367
28717 27520 1:0 29378
28723 27490 1:0 29462
28725 27503 1:0 29417
28728 13956 1:0 29452
28728 13962 1:0 29462
28728 14110 1:0 29673
28743 13964 1:0 29531
28744 13965 1:0 29532
28756 13966 1:0 29541
28756 13967 1:0 29542
28797 13968 1:0 29551
28797 13969 1:0 29552
28826 27489 1:0 29589
28895 13528 21:0 28920
28896 27488 1:0 29588
28918 13526 0:0 28920
28918 13527 0:0 28920
28919 13515 21:0 28920
28919 13522 21:0 28920
28919 13521 21:0 28920
28919 13516 0:0 28920
28919 13523 0:0 28920
28919 13524 0:0 28920
28919 13525 0:0 28920
28928 27487 1:0 29599
28929 157 1:0 29664
28929 14109 1:0 29683
28929 27457 1:0 29684
28938 14103 1:0 29712
28938 14104 1:0 29713
28938 14111 1:0 29752
28938 14112 1:0 29753
28938 14113 1:0 29762
28938 14114 1:0 29763
28938 14115 1:0 29772
28938 14116 1:0 29773
28944 27456 1:0 29810
28964 27455 1:0 29809
29018 27454 1:0 29820
29018 27432 1:0 29822
29026 14257 1:0 29885
29047 27424 1:0 29904
29048 14256 1:0 29894
29048 14250 1:0 29904
29097 27441 1:0 29850
29099 13670 21:0 29141
29107 14260 1:0 29983
29117 14258 1:0 29973
29139 13672 0:0 29141
29140 13673 0:0 29141
29140 13669 21:0 29141
29140 13671 0:0 29141
29140 13675 0:0 29141
29140 13663 21:0 29141
29140 13668 21:0 29141
29140 13662 21:0 29141
29140 13674 0:0 29141
29149 14251 1:0 29934
29149 14259 1:0 29974
29149 14261 1:0 29984
29149 14262 1:0 29993
29149 14397 1:0 30106
29149 14404 1:0 30106
29149 14403 1:0 30115
29150 14263 1:0 29994
29150 27422 1:0 30030
29159 27423 1:0 30031
29159 27421 1:0 30041
29159 16808 1:0 30050
29167 27391 1:0 30126
29170 14398 1:0 30125
29170 14544 1:0 30336
29170 14545 1:0 30346
29185 14405 1:0 30194
29186 14406 1:0 30195
29198 14407 1:0 30204
29198 14408 1:0 30205
29239 14409 1:0 30214
29239 14410 1:0 30215
29268 27389 1:0 30251
29330 13819 21:0 29362
29338 27390 1:0 30252
29360 13821 0:0 29362
29360 13820 0:0 29362
29361 13817 0:0 29362
29361 13818 0:0 29362
29361 13809 0:0 29362
29361 13822 0:0 29362
29361 13816 0:0 29362
29361 13810 21:0 29362
29361 13815 0:0 29362
29370 27388 1:0 30262
29371 27374 1:0 30301
29371 27358 1:0 30347
29371 14553 1:0 30416
29380 14550 1:0 30405
29380 14551 1:0 30406
29380 14552 1:0 30415
29380 14554 1:0 30425
29380 14555 1:0 30426
29380 14556 1:0 30435
29380 14557 1:0 30436
29380 14692 1:0 30548
29386 27356 1:0 30472
29406 27357 1:0 30473
29460 27355 1:0 30483
29460 85 1:0 30516
29468 14691 1:0 30557
29489 27325 1:0 30568
29490 14698 1:0 30567
29490 14838 1:0 30778
29539 14702 1:0 30647
29541 13964 21:0 29583
29549 14699 1:0 30636
29559 14700 1:0 30637
29582 13966 0:0 29583
29582 13957 21:0 29583
29582 13968 0:0 29583
29582 13969 0:0 29583
29582 13967 0:0 29583
29582 13962 21:0 29583
29582 13956 21:0 29583
29582 13965 0:0 29583
29582 13963 21:0 29583
29591 14697 1:0 30626
29591 14701 1:0 30646
29591 14703 1:0 30656
29591 14704 1:0 30657
29591 14839 1:0 30788
29592 27324 1:0 30694
29592 14846 1:0 30857
29592 14851 1:0 30878
29601 27323 1:0 30693
29601 27322 1:0 30704
29607 14847 1:0 30858
29612 27292 1:0 30906
29627 14848 1:0 30867
29628 14844 1:0 30847
29628 14845 1:0 30848
29628 14849 1:0 30868
29640 14850 1:0 30877
29640 14991 1:0 31009
29694 27291 1:0 30915
29760 27290 1:0 30914
29770 14996 1:0 31089
29780 14994 1:0 31079
29782 14115 21:0 29804
29803 14103 0:0 29804
29803 14116 0:0 29804
29803 14104 0:0 29804
29803 14111 0:0 29804
29803 14114 0:0 29804
29803 14109 21:0 29804
29803 14113 0:0 29804
29803 14110 21:0 29804
29803 14112 0:0 29804
29812 27289 1:0 30925
29813 27259 1:0 31010
29813 14985 1:0 31038
29813 14986 1:0 31039
29813 14993 1:0 31078
29813 14995 1:0 31088
29822 14992 1:0 31069
29822 14997 1:0 31098
29822 14998 1:0 31099
29822 27257 1:0 31135
29822 15138 1:0 31211
29822 15132 1:0 31220
29822 15139 1:0 31230
29828 27258 1:0 31136
29849 27256 1:0 31146
29861 31 1:0 31179
29915 27226 1:0 31231
29930 15141 1:0 31300
29931 15140 1:0 31299
29931 15142 1:0 31309
29932 15286 1:0 31369
29932 15285 1:0 31369
29981 15133 1:0 31260
29981 15143 1:0 31310
29991 15144 1:0 31319
29993 14260 21:0 30025
30001 15145 1:0 31320
30023 14262 0:0 30025
30024 14261 0:0 30025
30024 14263 0:0 30025
30024 14258 0:0 30025
30024 14259 0:0 30025
30024 14250 21:0 30025
30024 14256 21:0 30025
30024 14251 0:0 30025
30024 14257 21:0 30025
30033 27224 1:0 31356
30034 27225 1:0 31357
30034 33 1:0 31362
30034 27210 1:0 31369
30043 27223 1:0 31367
30043 27193 1:0 31451
30049 27209 1:0 31406
30049 15279 1:0 31441
30049 15280 1:0 31451
30049 15287 1:0 31520
30051 15288 1:0 31521
30054 15289 1:0 31530
30069 15290 1:0 31531
30070 15291 1:0 31540
30082 15292 1:0 31541
30082 27169 1:0 31581
30151 27191 1:0 31577
30202 27192 1:0 31578
30204 14405 21:0 30246
30244 14407 0:0 30246
30245 14406 0:0 30246
30245 14409 0:0 30246
30245 14410 0:0 30246
30245 14398 21:0 30246
30245 14403 21:0 30246
30245 14397 21:0 30246
30245 14404 21:0 30246
30245 14408 0:0 30246
30254 27190 1:0 31588
30254 22811 1:0 31593
30254 19509 1:0 31593
30254 24462 1:0 31593
30254 15432 1:0 31611
30255 21160 1:0 31611
30255 17858 1:0 31611
30255 15433 1:0 31611
30255 15427 1:0 31611
30255 16207 1:0 31621
30255 334 1:0 31672
30255 15434 1:0 31741
30255 15435 1:0 31742
30255 15439 1:0 31762
30264 15426 1:0 31701
30264 15436 1:0 31751
30264 15437 1:0 31752
30264 15438 1:0 31761
30422 14553 21:0 30467
30465 14556 0:0 30467
30466 14550 0:0 30467
30466 14551 0:0 30467
30466 14544 21:0 30467
30466 14557 0:0 30467
30466 14554 0:0 30467
30466 14552 0:0 30467
30466 14555 0:0 30467
30466 14545 21:0 30467
30653 14702 21:0 30688
30686 14700 0:0 30688
30687 14691 21:0 30688
30687 14698 21:0 30688
30687 14703 0:0 30688
30687 14699 0:0 30688
30687 14701 0:0 30688
30687 14704 0:0 30688
30687 14692 21:0 30688
30687 14697 0:0 30688
30884 14851 21:0 30909
30907 14846 0:0 30909
30907 14850 0:0 30909
30907 14848 0:0 30909
30908 14844 0:0 30909
30908 14845 0:0 30909
30908 14839 21:0 30909
30908 14838 21:0 30909
30908 14849 0:0 30909
30908 14847 0:0 30909
31095 14996 21:0 31130
31128 14995 0:0 31130
31128 14997 0:0 31130
31129 14992 0:0 31130
31129 14994 0:0 31130
31129 14998 0:0 31130
31129 14991 21:0 31130
31129 14993 0:0 31130
31129 14985 0:0 31130
31129 14986 0:0 31130
31306 15141 21:0 31351
31349 15140 0:0 31351
31349 15142 0:0 31351
31350 15144 0:0 31351
31350 15133 0:0 31351
31350 15145 0:0 31351
31350 15143 0:0 31351
31350 15138 21:0 31351
31350 15132 21:0 31351
31350 15139 21:0 31351
31530 15287 21:0 31572
31570 15289 0:0 31572
31571 15286 21:0 31572
31571 15288 0:0 31572
31571 15290 0:0 31572
31571 15291 0:0 31572
31571 15292 0:0 31572
31571 15280 21:0 31572
31571 15279 21:0 31572
31571 15285 21:0 31572
31768 15439 21:0 170
