86 15167 0:0 88
86 15166 0:0 88
87 15156 0:0 88
87 15168 0:0 88
87 15163 0:0 88
87 15164 0:0 88
87 15162 0:0 88
87 15161 0:0 88
87 15155 0:0 88
124 15315 21:0 140
142 15330 21:0 150
149 15332 0:0 150
149 15331 21:0 216
204 15346 0:0 205
214 15333 0:0 216
218 15363 21:0 226
225 15365 0:0 226
225 15364 21:0 292
280 15382 0:0 281
280 15381 0:0 281
290 15366 0:0 292
291 15368 0:0 292
294 15396 21:0 302
301 15398 0:0 302
301 15397 21:0 368
366 15399 0:0 368
367 15427 0:0 368
370 15429 21:0 378
377 15430 0:0 378
377 15431 21:0 444
390 15421 0:0 392
442 15432 0:0 444
443 15434 0:0 444
446 15462 21:0 454
453 15464 0:0 454
453 15463 21:0 520
502 15474 0:0 504
518 15465 0:0 520
519 15482 0:0 520
522 15495 21:0 530
529 15497 0:0 530
529 15494 0:0 530
529 15496 21:0 596
578 15507 0:0 580
584 15511 0:0 585
594 15498 0:0 596
595 15515 0:0 596
598 15528 21:0 606
605 15529 0:0 606
605 15530 21:0 672
660 15547 0:0 661
670 15531 0:0 672
674 15561 21:0 682
681 15560 0:0 682
681 15562 0:0 682
681 15563 21:0 748
694 15553 0:0 696
695 15572 0:0 696
736 15579 0:0 737
736 15577 0:0 737
746 15564 0:0 748
747 15566 0:0 748
750 15594 21:0 758
757 15595 0:0 758
757 15596 21:0 824
770 15586 0:0 772
771 15605 0:0 772
812 15613 0:0 813
812 15612 0:0 813
822 15597 0:0 824
826 15627 21:0 834
833 15628 0:0 834
833 15629 21:0 900
888 15643 0:0 889
898 15630 0:0 900
902 15660 21:0 910
909 15662 0:0 910
909 15661 21:0 976
958 15672 0:0 960
964 15678 0:0 965
964 15679 0:0 965
974 15663 0:0 976
975 15691 0:0 976
978 15693 21:0 986
985 15692 0:0 986
985 15694 0:0 986
985 15695 21:0 1052
1050 15696 0:0 1052
1054 15726 21:0 1062
1061 15725 0:0 1062
1061 15728 0:0 1062
1061 15727 21:0 1128
1110 15738 0:0 1112
1116 15745 0:0 1117
1116 15742 0:0 1117
1126 15729 0:0 1128
1130 15759 21:0 1138
1137 15760 0:0 1138
1137 15761 21:0 1204
1202 15762 0:0 1204
1203 15790 0:0 1204
1206 15792 21:0 1214
1213 15794 0:0 1214
1213 15793 21:0 1280
1268 15808 0:0 1269
1278 15795 0:0 1280
1279 15823 0:0 1280
1279 15797 0:0 1280
1282 15825 21:0 1290
1289 15826 0:0 1290
1289 15827 21:0 1356
1338 15837 0:0 1340
1354 15828 0:0 1356
1358 15858 21:0 1366
1365 15859 0:0 1366
1365 15860 21:0 1432
1430 15861 0:0 1432
1434 15891 21:0 1442
1441 15892 0:0 1442
1441 15893 0:0 1442
1454 15903 21:0 1493
1491 15904 0:0 1493
1493 15910 0:0 1498
1493 15908 0:0 1498
1493 15911 0:0 1498
1500 15897 21:0 1509
1507 15912 0:0 1509
1507 15894 0:0 1509
1508 15923 21:0 1509
1510 15894 1:0 2815
1511 15925 21:0 1519
1512 13 0:0 1514
1518 15924 0:0 1519
1518 17 0:0 1519
1518 15926 0:0 1519
1518 15927 21:0 1585
1531 15917 0:0 1533
1532 15936 0:0 1533
1567 15937 0:0 1569
1573 15941 0:0 1574
1573 15944 0:0 1574
1573 15943 0:0 1574
1583 15928 0:0 1585
1584 15930 0:0 1585
1584 15956 0:0 1585
1584 15945 0:0 1585
1587 15958 21:0 1595
1594 15957 0:0 1595
1594 15960 0:0 1595
1594 15959 21:0 1661
1607 15950 0:0 1609
1607 33 0:0 1609
1608 15969 0:0 1609
1643 15970 0:0 1645
1649 15977 0:0 1650
1649 15974 0:0 1650
1649 15976 0:0 1650
1659 15961 0:0 1661
1660 15963 0:0 1661
1660 15978 0:0 1661
1660 15989 0:0 1661
1663 15991 21:0 1671
1670 15990 0:0 1671
1670 15992 0:0 1671
1670 15993 21:0 1737
1683 15983 0:0 1685
1684 16002 0:0 1685
1719 16003 0:0 1721
1725 16007 0:0 1726
1725 16010 0:0 1726
1725 16009 0:0 1726
1735 15994 0:0 1737
1736 16011 0:0 1737
1736 16022 0:0 1737
1736 15996 0:0 1737
1739 16024 21:0 1747
1746 71 0:0 1747
1746 16023 0:0 1747
1746 16026 0:0 1747
1746 16025 21:0 1813
1759 16016 0:0 1761
1760 16035 0:0 1761
1795 16036 0:0 1797
1801 16043 0:0 1802
1801 16040 0:0 1802
1801 16042 0:0 1802
1811 16027 0:0 1813
1812 16029 0:0 1813
1812 16044 0:0 1813
1812 16055 0:0 1813
1815 16057 21:0 1823
1822 16059 0:0 1823
1822 16056 0:0 1823
1822 16058 21:0 1889
1835 16049 0:0 1837
1836 16068 0:0 1837
1871 16069 0:0 1873
1877 16076 0:0 1878
1877 16075 0:0 1878
1877 16073 0:0 1878
1887 16060 0:0 1889
1888 16077 0:0 1889
1888 16088 0:0 1889
1888 16062 0:0 1889
1891 16090 21:0 1899
1898 16089 0:0 1899
1898 16091 0:0 1899
1898 107 0:0 1899
1898 16092 21:0 1965
1911 16082 0:0 1913
1912 16101 0:0 1913
1947 16102 0:0 1949
1953 16109 0:0 1954
1953 16108 0:0 1954
1953 16106 0:0 1954
1963 16093 0:0 1965
1964 16121 0:0 1965
1964 16110 0:0 1965
1967 16123 21:0 1975
1968 121 0:0 1970
1974 16122 0:0 1975
1974 16125 0:0 1975
1974 16124 21:0 2041
1987 16115 0:0 1989
1988 16134 0:0 1989
2023 16135 0:0 2025
2029 16142 0:0 2030
2029 16139 0:0 2030
2039 16126 0:0 2041
2040 16128 0:0 2041
2040 16143 0:0 2041
2040 16154 0:0 2041
2043 16156 21:0 2051
2050 16155 0:0 2051
2050 143 0:0 2051
2050 16158 0:0 2051
2050 16157 21:0 2117
2063 141 0:0 2065
2064 16167 0:0 2065
2099 16168 0:0 2101
2115 16159 0:0 2117
2116 16176 0:0 2117
2116 16187 0:0 2117
2116 16161 0:0 2117
2119 16189 21:0 2127
2120 157 0:0 2122
2126 16191 0:0 2127
2126 16188 0:0 2127
2126 161 0:0 2127
2126 16190 21:0 2193
2139 16181 0:0 2141
2140 16200 0:0 2141
2175 16201 0:0 2177
2191 16192 0:0 2193
2195 16222 21:0 2203
2196 175 0:0 2198
2202 16224 0:0 2203
2202 16221 0:0 2203
2202 16223 21:0 2269
2215 16214 0:0 2217
2216 16233 0:0 2217
2257 16240 0:0 2258
2267 16225 0:0 2269
2268 16227 0:0 2269
2268 16242 0:0 2269
2268 16253 0:0 2269
2271 16255 21:0 2279
2278 16257 0:0 2279
2278 197 0:0 2279
2278 16256 21:0 2345
2291 195 0:0 2293
2333 16271 0:0 2334
2343 16258 0:0 2345
2344 16286 0:0 2345
2347 16288 21:0 2355
2348 211 0:0 2350
2354 16289 0:0 2355
2354 16290 21:0 2421
2368 16299 0:0 2369
2403 16300 0:0 2405
2419 16291 0:0 2421
2423 16321 21:0 2431
2430 16322 0:0 2431
2430 16323 21:0 2497
2443 231 0:0 2445
2495 16324 0:0 2497
2499 16354 21:0 2507
2506 16355 0:0 2507
2506 16356 21:0 2573
2571 16357 0:0 2573
2575 16387 21:0 2583
2582 16388 0:0 2583
2582 16389 21:0 2649
2647 16390 0:0 2649
2651 16420 21:0 2659
2658 16422 0:0 2659
2658 16421 21:0 2725
2671 285 0:0 2673
2723 16423 0:0 2725
2727 16453 21:0 2735
2734 16454 0:0 2735
2734 16455 21:0 2801
2799 16456 0:0 2801
2803 16486 21:0 2811
2810 16488 0:0 2811
2810 16487 21:0 2820
2812 15892 1:0 2821
2812 15893 1:0 2822
2819 16489 21:0 2830
2824 15891 1:0 2831
2825 15861 1:0 2937
2829 16148 21:0 2835
2831 15860 1:0 2944
2833 15859 1:0 2943
2833 15858 1:0 2953
2833 15837 1:0 3015
2834 16141 21:0 2835
2834 16254 21:0 2838
2837 16234 21:0 2838
2839 15828 1:0 3059
2839 285 1:0 3061
2850 340 21:0 2864
2858 15827 1:0 3066
2909 15826 1:0 3065
2914 16339 21:0 2939
2938 16247 21:0 2939
2938 16174 21:0 2942
2941 16392 21:0 2942
2941 16209 21:0 2949
2946 15825 1:0 3075
2947 15823 1:0 3084
2947 15808 1:0 3111
2947 15797 1:0 3165
2947 15795 1:0 3181
2948 16373 21:0 2949
2948 16359 21:0 2952
2951 16372 21:0 2952
2951 16313 21:0 2957
2955 15793 1:0 3187
2955 15794 1:0 3188
2956 16403 21:0 2957
2956 16241 21:0 2960
2958 15792 1:0 3197
2959 16304 21:0 2960
2959 16418 21:0 2983
2961 15790 1:0 3206
2961 15762 1:0 3303
2980 15761 1:0 3310
2982 16365 21:0 2986
3031 15760 1:0 3309
3036 16398 21:0 3061
3060 16260 21:0 3061
3060 16340 21:0 3064
3063 16451 21:0 3064
3063 16280 21:0 3071
3068 15759 1:0 3319
3068 15745 1:0 3355
3069 15742 1:0 3355
3069 15738 1:0 3381
3069 15729 1:0 3425
3070 16266 21:0 3071
3070 16308 21:0 3074
3073 16438 21:0 3074
3073 16275 21:0 3079
3075 15727 1:0 3431
3077 231 1:0 3427
3077 15728 1:0 3432
3077 15725 1:0 3435
3078 16337 21:0 3079
3078 16352 21:0 3082
3081 16549 21:0 3082
3083 15726 1:0 3441
3083 15696 1:0 3547
3086 16613 21:0 3108
3102 15695 1:0 3554
3158 16553 21:0 3183
3182 16473 21:0 3183
3182 16293 21:0 3186
3185 16353 21:0 3186
3189 16663 21:0 3193
3190 15694 1:0 3553
3190 15692 1:0 3557
3191 15693 1:0 3563
3191 211 1:0 3567
3191 15691 1:0 3572
3191 15679 1:0 3599
3191 15678 1:0 3599
3191 15672 1:0 3625
3199 15663 1:0 3669
3205 195 1:0 3671
3205 15661 1:0 3675
3224 15662 1:0 3676
3311 16720 21:0 3315
3312 15660 1:0 3685
3313 197 1:0 3681
3313 15643 1:0 3721
3313 15630 1:0 3791
3321 15628 1:0 3797
3321 15629 1:0 3798
3330 16727 21:0 3352
3331 15627 1:0 3807
3345 175 1:0 3811
3346 15613 1:0 3843
3434 15612 1:0 3843
3435 15605 1:0 3893
3435 15597 1:0 3913
3435 15596 1:0 3920
3443 15595 1:0 3919
3449 161 1:0 3925
3449 15594 1:0 3929
3449 157 1:0 3933
3453 15586 1:0 3942
3467 15577 1:0 3965
3555 16834 21:0 3559
3556 15579 1:0 3965
3557 15572 1:0 4015
3557 15566 1:0 4019
3557 15564 1:0 4035
3557 15563 1:0 4042
3565 16838 21:0 3567
3565 141 1:0 4037
3565 15562 1:0 4041
3565 15560 1:0 4045
3565 143 1:0 4047
3571 15561 1:0 4051
3574 16841 21:0 3596
3575 15553 1:0 4064
3589 15547 1:0 4087
3678 15531 1:0 4157
3679 15529 1:0 4163
3679 15530 1:0 4164
3687 15528 1:0 4173
3687 121 1:0 4177
3687 15515 1:0 4201
3687 15511 1:0 4209
3693 15507 1:0 4235
3696 16898 21:0 3718
3711 15498 1:0 4279
3800 15496 1:0 4285
3801 15497 1:0 4286
3801 15494 1:0 4289
3809 107 1:0 4291
3809 15495 1:0 4295
3809 15482 1:0 4323
3809 15474 1:0 4357
3815 15465 1:0 4401
3922 15463 1:0 4407
3923 15464 1:0 4408
3923 15462 1:0 4417
3931 17009 21:0 3933
3931 15434 1:0 4507
3931 15432 1:0 4523
3934 15431 1:0 4530
3941 15430 1:0 4529
4044 71 1:0 4535
4044 15429 1:0 4539
4044 15421 1:0 4552
4045 15427 1:0 4548
4045 15399 1:0 4645
4053 15397 1:0 4651
4053 15398 1:0 4652
4062 17069 21:0 4084
4063 15396 1:0 4661
4077 15382 1:0 4697
4078 15381 1:0 4697
4165 17119 21:0 4169
4166 15366 1:0 4767
4167 15368 1:0 4751
4167 33 1:0 4769
4167 15364 1:0 4773
4175 15365 1:0 4774
4175 15363 1:0 4783
4181 15346 1:0 4819
4184 17126 21:0 4206
4199 15333 1:0 4889
4288 15331 1:0 4895
4289 15332 1:0 4896
4289 15330 1:0 4905
4297 17 1:0 4901
4297 13 1:0 4909
4297 15315 1:0 4941
4297 341 1:0 6370
4303 16489 1:0 6381
4306 17183 21:0 4328
4428 17240 21:0 4450
4541 17294 21:0 4543
5020 17525 21:0 5059
5057 17526 0:0 5059
5059 17530 0:0 5064
5059 17532 0:0 5064
5059 17533 0:0 5064
5066 17519 21:0 5075
5073 17534 0:0 5075
5074 17545 21:0 5075
5077 17547 21:0 5085
5084 17549 0:0 5085
5084 17546 0:0 5085
5084 17548 21:0 5151
5097 17539 0:0 5099
5098 17558 0:0 5099
5133 17559 0:0 5135
5139 17565 0:0 5140
5139 17566 0:0 5140
5139 17563 0:0 5140
5149 17550 0:0 5151
5150 17552 0:0 5151
5150 17578 0:0 5151
5150 17567 0:0 5151
5153 17580 21:0 5161
5160 17582 0:0 5161
5160 17579 0:0 5161
5160 17581 21:0 5227
5173 17572 0:0 5175
5174 17591 0:0 5175
5209 17592 0:0 5211
5215 17599 0:0 5216
5215 17596 0:0 5216
5215 17598 0:0 5216
5225 17583 0:0 5227
5226 17585 0:0 5227
5226 17611 0:0 5227
5226 17600 0:0 5227
5229 17613 21:0 5237
5236 17612 0:0 5237
5236 17615 0:0 5237
5236 17614 21:0 5303
5249 17605 0:0 5251
5250 17624 0:0 5251
5285 17625 0:0 5287
5291 17629 0:0 5292
5291 17632 0:0 5292
5291 17631 0:0 5292
5301 17616 0:0 5303
5302 17618 0:0 5303
5302 17644 0:0 5303
5302 17633 0:0 5303
5305 17646 21:0 5313
5312 17648 0:0 5313
5312 17645 0:0 5313
5312 17647 21:0 5379
5325 17638 0:0 5327
5326 17657 0:0 5327
5361 17658 0:0 5363
5367 17665 0:0 5368
5367 17664 0:0 5368
5367 17662 0:0 5368
5377 17649 0:0 5379
5378 17666 0:0 5379
5378 17677 0:0 5379
5378 17651 0:0 5379
5381 17679 21:0 5389
5388 17681 0:0 5389
5388 17678 0:0 5389
5388 17680 21:0 5455
5401 17671 0:0 5403
5402 17690 0:0 5403
5453 17682 0:0 5455
5454 17699 0:0 5455
5454 17710 0:0 5455
5454 17684 0:0 5455
5457 17712 21:0 5465
5464 17714 0:0 5465
5464 17713 21:0 5531
5477 17704 0:0 5479
5478 17723 0:0 5479
5513 17724 0:0 5515
5519 17730 0:0 5520
5519 17728 0:0 5520
5529 17715 0:0 5531
5530 17743 0:0 5531
5530 17732 0:0 5531
5530 17717 0:0 5531
5533 17745 21:0 5541
5540 17747 0:0 5541
5540 17746 21:0 5607
5605 17748 0:0 5607
5606 17765 0:0 5607
5606 17776 0:0 5607
5609 17778 21:0 5617
5616 17780 0:0 5617
5616 17779 21:0 5683
5629 17770 0:0 5631
5630 17789 0:0 5631
5665 17790 0:0 5667
5671 17796 0:0 5672
5671 17797 0:0 5672
5681 17781 0:0 5683
5682 17783 0:0 5683
5685 17811 21:0 5693
5692 17813 0:0 5693
5692 17812 21:0 5759
5705 17803 0:0 5707
5757 17814 0:0 5759
5761 17844 21:0 5769
5768 17845 0:0 5769
5768 17846 21:0 5835
5833 17847 0:0 5835
5837 17877 21:0 5845
5844 17879 0:0 5845
5844 17878 21:0 5911
5909 17880 0:0 5911
5913 17910 21:0 5921
5920 17911 0:0 5921
5920 17912 21:0 5987
5985 17913 0:0 5987
5989 17943 21:0 5997
5996 17945 0:0 5997
5996 17944 21:0 6063
6061 17946 0:0 6063
6065 17976 21:0 6073
6072 17978 0:0 6073
6072 17977 21:0 6139
6137 17979 0:0 6139
6141 18009 21:0 6149
6148 18010 0:0 6149
6148 18011 21:0 6215
6213 18012 0:0 6215
6217 18042 21:0 6225
6224 18043 0:0 6225
6224 18044 21:0 6291
6289 18045 0:0 6291
6293 18075 21:0 6301
6300 18076 0:0 6301
6300 18077 21:0 6367
6365 18078 0:0 6367
6369 18108 21:0 6377
6376 18109 0:0 6377
6376 18110 21:0 6386
6378 16487 1:0 6388
6378 16488 1:0 6389
6385 18111 21:0 6397
6391 16486 1:0 6399
6392 16473 1:0 6429
6392 16353 1:0 6432
6392 16553 1:0 6483
6396 17737 21:0 6403
6398 16456 1:0 6512
6398 16549 1:0 6512
6401 16454 1:0 6519
6401 16455 1:0 6520
6402 17843 21:0 6403
6402 17921 21:0 6406
6404 16453 1:0 6530
6405 17756 21:0 6406
6407 16293 1:0 6535
6407 16451 1:0 6540
6407 16663 1:0 6560
6407 16438 1:0 6569
6407 16352 1:0 6643
6420 341 21:0 6434
6435 16423 1:0 6643
6487 17823 21:0 6514
6489 16421 1:0 6650
6513 17926 21:0 6514
6513 17698 21:0 6517
6516 17831 21:0 6517
6516 17827 21:0 6525
6522 16422 1:0 6651
6523 16420 1:0 6661
6523 16398 1:0 6666
6523 16613 1:0 6670
6523 16418 1:0 6671
6523 16403 1:0 6700
6524 17930 21:0 6525
6524 17860 21:0 6528
6526 16392 1:0 6758
6527 17869 21:0 6528
6527 17829 21:0 6534
6532 16390 1:0 6774
6532 16389 1:0 6782
6533 17968 21:0 6534
6533 17711 21:0 6537
6535 16388 1:0 6781
6536 17855 21:0 6537
6536 17856 21:0 6557
6538 16387 1:0 6792
6538 16720 1:0 6797
6540 16365 1:0 6822
6543 16372 1:0 6822
6556 17897 21:0 6565
6558 16373 1:0 6831
6558 16359 1:0 6889
6571 16357 1:0 6905
6618 17849 21:0 6645
6644 17822 21:0 6645
6644 17909 21:0 6648
6647 17888 21:0 6648
6647 17975 21:0 6656
6653 16356 1:0 6913
6654 16355 1:0 6912
6654 16354 1:0 6923
6654 16337 1:0 6928
6654 16727 1:0 6932
6655 18021 21:0 6656
6655 17777 21:0 6659
6657 16340 1:0 6953
6658 18014 21:0 6659
6658 17962 21:0 6665
6660 16339 1:0 6962
6660 16838 1:0 7036
6663 16324 1:0 7036
6663 16323 1:0 7044
6664 17954 21:0 6665
6664 17994 21:0 6668
6667 17757 21:0 6668
6667 17761 21:0 6688
6669 16322 1:0 7043
6671 16321 1:0 7054
6674 16834 1:0 7059
6687 17763 21:0 6696
6689 16313 1:0 7069
6689 16308 1:0 7084
6690 16304 1:0 7093
6697 16300 1:0 7119
6749 18053 21:0 6776
6751 16291 1:0 7167
6756 16275 1:0 7167
6775 17731 21:0 6776
6775 17959 21:0 6779
6778 17902 21:0 6779
6778 18034 21:0 6787
6784 16299 1:0 7146
6785 16289 1:0 7174
6785 16290 1:0 7175
6786 17942 21:0 6787
6786 18041 21:0 6790
6789 17810 21:0 6790
6789 17893 21:0 6796
6791 16288 1:0 7185
6791 16266 1:0 7190
6794 16841 1:0 7194
6794 16286 1:0 7195
6794 16280 1:0 7200
6794 16271 1:0 7224
6794 16260 1:0 7269
6794 16254 1:0 7298
6795 17987 21:0 6796
6795 17941 21:0 6799
6797 16258 1:0 7298
6798 18086 21:0 6799
6800 16256 1:0 7305
6820 16257 1:0 7306
6915 16255 1:0 7316
6915 16898 1:0 7321
6915 16241 1:0 7346
6916 16253 1:0 7326
6916 16247 1:0 7331
6916 16242 1:0 7346
6916 16240 1:0 7355
6916 16234 1:0 7381
6925 16233 1:0 7408
6925 16227 1:0 7413
6925 16225 1:0 7429
6931 16223 1:0 7436
6934 16727 21:0 6958
6936 16224 1:0 7437
6951 16221 1:0 7440
7046 16222 1:0 7447
7046 16214 1:0 7462
7046 16209 1:0 7477
7046 16201 1:0 7512
7047 16200 1:0 7539
7047 17009 1:0 7560
7047 16192 1:0 7560
7056 16190 1:0 7567
7056 16191 1:0 7568
7062 16188 1:0 7571
7065 16784 21:0 7089
7067 16189 1:0 7578
7082 16187 1:0 7588
7083 16176 1:0 7608
7090 16181 1:0 7593
7095 16174 1:0 7617
7177 16168 1:0 7643
7178 16167 1:0 7670
7178 16161 1:0 7675
7178 16159 1:0 7691
7186 16838 21:0 7189
7187 16157 1:0 7698
7187 16158 1:0 7699
7187 16155 1:0 7702
7193 16156 1:0 7709
7193 17069 1:0 7718
7193 16148 1:0 7724
7195 16143 1:0 7739
7198 16154 1:0 7719
7213 16141 1:0 7748
7214 16139 1:0 7748
7226 16135 1:0 7774
7308 16142 1:0 7748
7309 16134 1:0 7801
7309 16128 1:0 7806
7309 16126 1:0 7822
7309 17119 1:0 7822
7318 16124 1:0 7829
7318 16125 1:0 7830
7318 16122 1:0 7833
7324 16123 1:0 7840
7326 16121 1:0 7850
7329 17126 1:0 7849
7344 16110 1:0 7870
7345 16115 1:0 7855
7357 16108 1:0 7879
7439 16109 1:0 7879
7439 16106 1:0 7879
7439 16102 1:0 7905
7440 16101 1:0 7932
7440 16093 1:0 7953
7449 16091 1:0 7960
7449 16092 1:0 7961
7449 16089 1:0 7964
7455 16090 1:0 7971
7457 16082 1:0 7986
7460 17183 1:0 7980
7475 16077 1:0 8001
7476 16088 1:0 7981
7488 16075 1:0 8010
7570 16076 1:0 8010
7570 16073 1:0 8010
7570 16069 1:0 8036
7571 16068 1:0 8063
7571 16062 1:0 8068
7571 16060 1:0 8084
7580 16058 1:0 8091
7580 16059 1:0 8092
7580 16056 1:0 8095
7588 16057 1:0 8102
7591 16049 1:0 8117
7606 16044 1:0 8132
7607 16055 1:0 8112
7619 17240 1:0 8111
7701 16040 1:0 8141
7701 16042 1:0 8141
7701 16043 1:0 8141
7701 16036 1:0 8167
7702 16029 1:0 8199
7702 16027 1:0 8215
7702 17294 1:0 8215
7711 16035 1:0 8194
7711 16025 1:0 8222
7711 16023 1:0 8226
7717 16026 1:0 8223
7737 16024 1:0 8233
7738 16011 1:0 8263
7750 16016 1:0 8248
7830 17119 21:0 7835
7832 16022 1:0 8243
7832 16009 1:0 8272
7832 16010 1:0 8272
7832 16007 1:0 8272
7833 16003 1:0 8298
7833 16002 1:0 8325
7833 15996 1:0 8330
7833 15994 1:0 8346
7842 15993 1:0 8354
7842 15990 1:0 8357
7848 15992 1:0 8353
7851 17126 0:0 7872
7853 15991 1:0 8364
7868 15983 1:0 8379
7869 15989 1:0 8374
7869 15978 1:0 8394
7881 15970 1:0 8429
7963 15976 1:0 8403
7963 15977 1:0 8403
7963 15974 1:0 8403
7964 15969 1:0 8456
7964 15963 1:0 8461
7964 15961 1:0 8477
7972 17180 21:0 7975
7973 15959 1:0 8484
7973 15960 1:0 8485
7973 15957 1:0 8488
7979 15958 1:0 8495
7981 15956 1:0 8505
7984 15945 1:0 8525
7999 15950 1:0 8510
8000 15937 1:0 8560
8012 15941 1:0 8534
8092 17233 21:0 8097
8094 15943 1:0 8534
8094 15944 1:0 8534
8095 15936 1:0 8587
8095 15930 1:0 8592
8095 15928 1:0 8608
8103 17237 21:0 8106
8104 15926 1:0 8615
8104 15927 1:0 8616
8104 15924 1:0 8619
8110 15925 1:0 8626
8110 15923 1:0 8636
8110 15912 1:0 8656
8112 15917 1:0 8641
8113 17240 0:0 8134
8115 15897 1:0 8710
8130 15911 1:0 8661
8131 15908 1:0 8661
8131 15904 1:0 8691
8143 15910 1:0 8661
8225 15903 1:0 8718
8225 342 1:0 10108
8226 18111 1:0 10104
8226 18110 1:0 10118
8496 17408 21:0 8499
8749 19147 21:0 8788
8786 19148 0:0 8788
8788 19154 0:0 8793
8788 19152 0:0 8793
8788 19155 0:0 8793
8795 19141 21:0 8804
8802 19156 0:0 8804
8803 19167 21:0 8804
8806 19169 21:0 8814
8807 13 0:0 8809
8813 19168 0:0 8814
8813 19171 0:0 8814
8813 19170 21:0 8880
8826 19161 0:0 8828
8827 19180 0:0 8828
8862 19181 0:0 8864
8868 19187 0:0 8869
8868 19185 0:0 8869
8868 19188 0:0 8869
8878 19172 0:0 8880
8879 19174 0:0 8880
8879 19189 0:0 8880
8879 19200 0:0 8880
8882 19202 21:0 8890
8889 19201 0:0 8890
8889 19203 0:0 8890
8889 19204 21:0 8956
8902 33 0:0 8904
8902 19194 0:0 8904
8903 19213 0:0 8904
8938 19214 0:0 8940
8944 19221 0:0 8945
8944 19218 0:0 8945
8944 19220 0:0 8945
8954 19205 0:0 8956
8955 19207 0:0 8956
8955 19233 0:0 8956
8955 19222 0:0 8956
8958 19235 21:0 8966
8965 53 0:0 8966
8965 19234 0:0 8966
8965 19237 0:0 8966
8965 19236 21:0 9032
8978 19227 0:0 8980
8979 19246 0:0 8980
9014 19247 0:0 9016
9020 19254 0:0 9021
9020 19253 0:0 9021
9020 19251 0:0 9021
9030 19238 0:0 9032
9031 19255 0:0 9032
9031 19240 0:0 9032
9031 19266 0:0 9032
9034 19268 21:0 9042
9041 19269 0:0 9042
9041 71 0:0 9042
9041 19267 0:0 9042
9041 19270 21:0 9108
9054 19260 0:0 9056
9054 69 0:0 9056
9055 19279 0:0 9056
9090 19280 0:0 9092
9096 19286 0:0 9097
9096 19284 0:0 9097
9096 19287 0:0 9097
9106 19271 0:0 9108
9107 19299 0:0 9108
9107 19288 0:0 9108
9107 19273 0:0 9108
9110 19301 21:0 9118
9117 89 0:0 9118
9117 19302 0:0 9118
9117 19300 0:0 9118
9117 19303 21:0 9184
9130 19293 0:0 9132
9131 19312 0:0 9132
9166 19313 0:0 9168
9172 19319 0:0 9173
9182 19304 0:0 9184
9183 19332 0:0 9184
9183 19306 0:0 9184
9183 19321 0:0 9184
9186 19334 21:0 9194
9193 19333 0:0 9194
9193 19335 0:0 9194
9193 19336 21:0 9260
9206 19326 0:0 9208
9207 19345 0:0 9208
9248 19352 0:0 9249
9258 19337 0:0 9260
9259 19354 0:0 9260
9259 19365 0:0 9260
9259 19339 0:0 9260
9262 19367 21:0 9270
9269 19366 0:0 9270
9269 19369 0:0 9270
9269 19368 21:0 9336
9282 19359 0:0 9284
9283 19378 0:0 9284
9318 19379 0:0 9320
9324 19385 0:0 9325
9334 19370 0:0 9336
9335 19372 0:0 9336
9335 19398 0:0 9336
9335 19387 0:0 9336
9338 19400 21:0 9346
9345 19402 0:0 9346
9345 19401 21:0 9412
9358 19392 0:0 9360
9359 19411 0:0 9360
9394 19412 0:0 9396
9400 19419 0:0 9401
9410 19403 0:0 9412
9414 19433 21:0 9422
9421 161 0:0 9422
9421 19434 0:0 9422
9421 19435 21:0 9488
9434 19425 0:0 9436
9434 159 0:0 9436
9435 19444 0:0 9436
9486 19436 0:0 9488
9490 19466 21:0 9498
9497 179 0:0 9498
9497 19468 0:0 9498
9497 19467 21:0 9564
9552 19485 0:0 9553
9552 19482 0:0 9553
9562 19469 0:0 9564
9566 19499 21:0 9574
9573 197 0:0 9574
9573 19498 0:0 9574
9573 19501 0:0 9574
9573 19500 21:0 9640
9587 19510 0:0 9588
9638 19502 0:0 9640
9642 19532 21:0 9650
9649 19534 0:0 9650
9649 19533 21:0 9716
9714 19535 0:0 9716
9718 19565 21:0 9726
9725 19566 0:0 9726
9725 233 0:0 9726
9725 19567 21:0 9792
9790 19568 0:0 9792
9794 19598 21:0 9802
9795 247 0:0 9797
9801 251 0:0 9802
9801 19599 0:0 9802
9801 19600 21:0 9868
9866 19601 0:0 9868
9870 19631 21:0 9878
9877 19633 0:0 9878
9877 19632 21:0 9944
9942 19634 0:0 9944
9946 19664 21:0 9954
9953 19666 0:0 9954
9953 287 0:0 9954
9953 19665 21:0 10020
10018 19667 0:0 10020
10022 19697 21:0 10030
10029 19699 0:0 10030
10029 19698 21:0 10096
10094 19700 0:0 10096
10098 19730 21:0 10106
10105 19732 0:0 10106
10105 19731 21:0 10115
10107 18109 1:0 10117
10114 19733 21:0 10126
10120 18108 1:0 10128
10121 18086 1:0 10220
10121 18078 1:0 10241
10121 18077 1:0 10249
10125 19431 21:0 10132
10127 18076 1:0 10248
10130 18075 1:0 10259
10130 18041 1:0 10343
10130 18053 1:0 10351
10131 19383 21:0 10132
10131 19518 21:0 10135
10133 18045 1:0 10372
10134 19346 21:0 10135
10136 18044 1:0 10380
10149 342 21:0 10163
10157 18043 1:0 10379
10164 287 1:0 10385
10216 19548 21:0 10243
10218 18042 1:0 10390
10223 17941 1:0 10395
10242 19458 21:0 10243
10242 19557 21:0 10246
10245 19531 21:0 10246
10245 19471 21:0 10254
10251 18034 1:0 10405
10251 17987 1:0 10420
10251 18021 1:0 10455
10251 18014 1:0 10487
10252 18012 1:0 10503
10253 19544 21:0 10254
10253 19504 21:0 10257
10255 18011 1:0 10511
10256 19451 21:0 10257
10256 19453 21:0 10263
10261 18010 1:0 10510
10261 18009 1:0 10521
10261 16838 1:0 10526
10261 17893 1:0 10551
10262 19486 21:0 10263
10262 19669 21:0 10266
10264 17942 1:0 10551
10264 17994 1:0 10560
10265 19517 21:0 10266
10265 19551 21:0 10287
10267 17975 1:0 10634
10267 17979 1:0 10634
10286 19649 21:0 10294
10288 17977 1:0 10641
10300 17978 1:0 10642
10347 19550 21:0 10374
10373 19350 21:0 10374
10373 19438 21:0 10377
10376 19584 21:0 10377
10376 19596 21:0 10385
10382 251 1:0 10647
10382 17976 1:0 10652
10382 247 1:0 10656
10382 16727 1:0 10657
10383 17968 1:0 10667
10383 17959 1:0 10682
10383 17962 1:0 10691
10383 17954 1:0 10744
10384 19530 21:0 10385
10384 19399 21:0 10388
10386 17946 1:0 10765
10387 19647 21:0 10388
10387 19320 21:0 10394
10392 17944 1:0 10772
10392 17945 1:0 10773
10393 19484 21:0 10394
10393 19597 21:0 10397
10395 17943 1:0 10783
10396 19630 21:0 10397
10396 19543 21:0 10417
10398 233 1:0 10778
10398 16784 1:0 10788
10398 17909 1:0 10813
10398 17930 1:0 10813
10398 17926 1:0 10822
10416 19491 21:0 10425
10418 17913 1:0 10896
10419 17921 1:0 10875
10472 17912 1:0 10904
10478 16606 21:0 10505
10504 19519 21:0 10505
10504 19570 21:0 10508
10507 19616 21:0 10508
10507 19576 21:0 10516
10513 17911 1:0 10903
10514 17910 1:0 10914
10514 17810 1:0 10919
10514 17902 1:0 10929
10514 17897 1:0 10944
10514 17888 1:0 10998
10514 17849 1:0 11027
10515 19603 21:0 10516
10515 19511 21:0 10519
10518 19695 21:0 10519
10518 19702 21:0 10525
10523 17880 1:0 11027
10523 17878 1:0 11034
10526 17879 1:0 11035
10529 197 1:0 11040
10534 17877 1:0 11045
10549 17856 1:0 11050
10550 17855 1:0 11075
10562 17869 1:0 11060
10644 17860 1:0 11084
10644 17843 1:0 11158
10645 17847 1:0 11158
10645 17846 1:0 11166
10654 17845 1:0 11165
10654 17844 1:0 11176
10660 179 1:0 11171
10660 17829 1:0 11181
10660 17831 1:0 11206
10662 17827 1:0 11206
10665 17823 1:0 11241
10680 17822 1:0 11268
10775 17814 1:0 11289
10776 159 1:0 11291
10776 17812 1:0 11296
10785 17813 1:0 11297
10785 161 1:0 11302
10785 17811 1:0 11307
10785 17803 1:0 11322
10785 17796 1:0 11346
10791 17797 1:0 11346
10791 17790 1:0 11372
10791 17777 1:0 11420
10812 17781 1:0 11420
10824 17783 1:0 11404
10906 17789 1:0 11399
10907 17779 1:0 11427
10907 17780 1:0 11428
10915 16838 21:0 10918
10916 17778 1:0 11438
10916 17763 1:0 11443
10916 17776 1:0 11448
10916 17770 1:0 11453
10916 17757 1:0 11471
10916 17761 1:0 11471
10919 17765 1:0 11468
10922 17119 1:0 11522
10927 17748 1:0 11551
10942 17756 1:0 11530
11035 16891 21:0 11040
11037 17746 1:0 11558
11038 17747 1:0 11559
11038 17745 1:0 11569
11038 17743 1:0 11579
11047 17126 1:0 11578
11047 17737 1:0 11584
11047 17732 1:0 11599
11047 17180 1:0 11599
11047 17730 1:0 11608
11047 17728 1:0 11608
11047 17731 1:0 11608
11047 17724 1:0 11634
11055 17715 1:0 11682
11056 16898 21:0 11080
11058 17711 1:0 11682
11073 17723 1:0 11661
11074 17717 1:0 11666
11168 17713 1:0 11689
11169 17714 1:0 11690
11169 17712 1:0 11700
11178 17710 1:0 11710
11178 17704 1:0 11715
11178 17237 1:0 11730
11178 17699 1:0 11730
11178 17698 1:0 11739
11178 17233 1:0 11813
11184 17690 1:0 11792
11184 17682 1:0 11813
11186 17684 1:0 11797
11217 17680 1:0 11820
11299 17681 1:0 11821
11300 17678 1:0 11824
11300 89 1:0 11826
11300 17679 1:0 11831
11308 17009 21:0 11311
11309 17240 1:0 11840
11309 17677 1:0 11841
11309 17671 1:0 11846
11309 17666 1:0 11861
11309 17664 1:0 11870
11309 17665 1:0 11870
11309 17662 1:0 11870
11309 17658 1:0 11896
11315 17649 1:0 11944
11317 17657 1:0 11923
11320 17651 1:0 11928
11348 17647 1:0 11951
11421 17012 21:0 11422
11430 69 1:0 11946
11431 17648 1:0 11952
11431 17645 1:0 11955
11431 71 1:0 11957
11439 17066 21:0 11442
11440 17646 1:0 11962
11440 17644 1:0 11972
11440 17638 1:0 11977
11440 17633 1:0 11992
11440 17631 1:0 12001
11440 17629 1:0 12001
11440 17632 1:0 12001
11440 17625 1:0 12027
11446 17616 1:0 12075
11448 17624 1:0 12054
11451 17618 1:0 12059
11561 17614 1:0 12082
11561 17612 1:0 12086
11562 17615 1:0 12083
11562 53 1:0 12088
11571 17613 1:0 12093
11571 17611 1:0 12103
11571 17605 1:0 12108
11571 17600 1:0 12123
11571 17596 1:0 12132
11571 17599 1:0 12132
11571 17598 1:0 12132
11571 17592 1:0 12158
11579 17583 1:0 12206
11582 17408 1:0 12206
11597 17591 1:0 12185
11598 17585 1:0 12190
11610 33 1:0 12208
11690 17176 21:0 11695
11692 17581 1:0 12213
11693 17582 1:0 12214
11693 17579 1:0 12217
11702 17580 1:0 12224
11702 17578 1:0 12234
11702 17572 1:0 12239
11702 17567 1:0 12254
11702 17565 1:0 12263
11702 17566 1:0 12263
11702 17559 1:0 12289
11708 17563 1:0 12263
11713 17550 1:0 12337
11728 17552 1:0 12321
11729 17558 1:0 12316
11821 17233 21:0 11826
11823 17548 1:0 12344
11824 17549 1:0 12345
11824 17546 1:0 12348
11833 17547 1:0 12355
11833 13 1:0 12359
11833 17545 1:0 12365
11833 17539 1:0 12370
11833 17534 1:0 12385
11833 17533 1:0 12390
11833 17526 1:0 12420
11833 17519 1:0 12439
11839 17530 1:0 12390
11839 17532 1:0 12390
11839 17525 1:0 12447
11841 343 1:0 13828
11872 19733 1:0 13839
11952 17290 21:0 11957
11954 19731 1:0 13846
12345 17461 21:0 12350
12478 20769 21:0 12517
12515 20770 0:0 12517
12517 20776 0:0 12522
12517 20777 0:0 12522
12517 20774 0:0 12522
12524 20763 21:0 12533
12531 20778 0:0 12533
12532 20789 21:0 12533
12535 20791 21:0 12543
12542 20793 0:0 12543
12542 20790 0:0 12543
12542 20792 21:0 12609
12555 20783 0:0 12557
12556 20802 0:0 12557
12591 20803 0:0 12593
12597 20810 0:0 12598
12597 20809 0:0 12598
12597 20807 0:0 12598
12607 20794 0:0 12609
12608 20822 0:0 12609
12608 20811 0:0 12609
12608 20796 0:0 12609
12611 20824 21:0 12619
12618 20826 0:0 12619
12618 20823 0:0 12619
12618 20825 21:0 12685
12631 20816 0:0 12633
12632 20835 0:0 12633
12667 20836 0:0 12669
12673 20842 0:0 12674
12673 20843 0:0 12674
12673 20840 0:0 12674
12683 20827 0:0 12685
12684 20844 0:0 12685
12684 20829 0:0 12685
12684 20855 0:0 12685
12687 20857 21:0 12695
12694 20856 0:0 12695
12694 20859 0:0 12695
12694 20858 21:0 12761
12707 20849 0:0 12709
12708 20868 0:0 12709
12743 20869 0:0 12745
12749 20875 0:0 12750
12749 20876 0:0 12750
12749 20873 0:0 12750
12759 20860 0:0 12761
12760 20877 0:0 12761
12760 20888 0:0 12761
12760 20862 0:0 12761
12763 20890 21:0 12771
12770 20891 0:0 12771
12770 20889 0:0 12771
12770 20892 21:0 12837
12783 20882 0:0 12785
12784 20901 0:0 12785
12819 20902 0:0 12821
12825 20906 0:0 12826
12825 20909 0:0 12826
12825 20908 0:0 12826
12835 20893 0:0 12837
12836 20921 0:0 12837
12836 20910 0:0 12837
12836 20895 0:0 12837
12839 20923 21:0 12847
12846 20924 0:0 12847
12846 20922 0:0 12847
12846 20925 21:0 12913
12859 20915 0:0 12861
12860 20934 0:0 12861
12895 20935 0:0 12897
12901 20939 0:0 12902
12901 20942 0:0 12902
12911 20926 0:0 12913
12912 20954 0:0 12913
12912 20928 0:0 12913
12912 20943 0:0 12913
12915 20956 21:0 12923
12922 20957 0:0 12923
12922 20955 0:0 12923
12922 20958 21:0 12989
12935 20948 0:0 12937
12936 20967 0:0 12937
12971 20968 0:0 12973
12977 20975 0:0 12978
12977 20974 0:0 12978
12977 20972 0:0 12978
12987 20959 0:0 12989
12988 20976 0:0 12989
12988 20987 0:0 12989
12988 20961 0:0 12989
12991 20989 21:0 12999
12998 20988 0:0 12999
12998 20990 0:0 12999
12998 20991 21:0 13065
13011 20981 0:0 13013
13047 21001 0:0 13049
13063 20992 0:0 13065
13064 21009 0:0 13065
13064 21020 0:0 13065
13067 21022 21:0 13075
13074 21021 0:0 13075
13074 21023 0:0 13075
13074 21024 21:0 13141
13087 21014 0:0 13089
13088 21033 0:0 13089
13123 21034 0:0 13125
13129 21038 0:0 13130
13129 21041 0:0 13130
13129 21040 0:0 13130
13139 21025 0:0 13141
13140 21027 0:0 13141
13140 21042 0:0 13141
13143 21055 21:0 13151
13150 21056 0:0 13151
13150 21057 21:0 13217
13163 21047 0:0 13165
13205 21074 0:0 13206
13215 21058 0:0 13217
13219 21088 21:0 13227
13226 21087 0:0 13227
13226 21089 0:0 13227
13226 21090 21:0 13293
13240 21099 0:0 13241
13275 21100 0:0 13277
13281 21106 0:0 13282
13291 21091 0:0 13293
13295 21121 21:0 13303
13302 21122 0:0 13303
13302 21123 21:0 13369
13367 21124 0:0 13369
13371 21154 21:0 13379
13378 21155 0:0 13379
13378 21156 21:0 13445
13443 21157 0:0 13445
13447 21187 21:0 13455
13454 21188 0:0 13455
13454 21189 21:0 13521
13519 21190 0:0 13521
13523 21220 21:0 13531
13530 21222 0:0 13531
13530 21221 21:0 13597
13595 21223 0:0 13597
13599 21253 21:0 13607
13606 21255 0:0 13607
13606 21254 21:0 13673
13671 21256 0:0 13673
13675 21286 21:0 13683
13682 21287 0:0 13683
13682 21288 21:0 13749
13747 21289 0:0 13749
13751 21319 21:0 13759
13758 21321 0:0 13759
13758 21320 21:0 13825
13823 21322 0:0 13825
13827 21352 21:0 13835
13834 21353 0:0 13835
13834 21354 21:0 13844
13836 19732 1:0 13847
13843 21355 21:0 13855
13849 19730 1:0 13857
13849 19702 1:0 13954
13850 19700 1:0 13970
13854 21126 21:0 13861
13856 19698 1:0 13977
13859 19699 1:0 13978
13859 19697 1:0 13988
13859 19695 1:0 13998
13859 16606 1:0 14072
13859 19669 1:0 14085
13860 20941 21:0 13861
13860 21053 21:0 13864
13863 21080 21:0 13864
13865 19667 1:0 14101
13867 19665 1:0 14108
13878 343 21:0 13892
13887 16499 0:0 13889
13893 19666 1:0 14109
13945 21008 21:0 13972
13947 19664 1:0 14119
13952 19511 1:0 14124
13971 21113 21:0 13972
13971 21066 21:0 13975
13974 21132 21:0 13975
13974 21137 21:0 13983
13980 19603 1:0 14149
13980 19647 1:0 14149
13980 19649 1:0 14158
13980 19630 1:0 14232
13981 19634 1:0 14232
13982 21067 21:0 13983
13982 21139 21:0 13986
13984 19632 1:0 14239
13985 21174 21:0 13986
13985 21107 21:0 13992
13990 19633 1:0 14240
13990 19631 1:0 14250
13990 19576 1:0 14255
13990 19570 1:0 14283
13991 21075 21:0 13992
13991 21120 21:0 13995
13993 19616 1:0 14283
13993 19519 1:0 14334
13994 21218 21:0 13995
13994 21173 21:0 14020
13996 19601 1:0 14363
13996 19597 1:0 14363
14017 19600 1:0 14371
14019 21203 21:0 14023
14029 19599 1:0 14370
14076 21170 21:0 14103
14102 21086 21:0 14103
14102 21166 21:0 14106
14105 21133 21:0 14106
14105 21298 21:0 14114
14111 19598 1:0 14381
14111 19543 1:0 14386
14111 19596 1:0 14391
14111 16838 1:0 14411
14112 19584 1:0 14420
14112 19568 1:0 14494
14112 19550 1:0 14494
14113 21265 21:0 14114
14113 21165 21:0 14117
14116 21219 21:0 14117
14116 21207 21:0 14123
14118 19567 1:0 14502
14121 19566 1:0 14501
14121 19565 1:0 14512
14122 21186 21:0 14123
14122 21297 21:0 14126
14124 19551 1:0 14517
14124 19557 1:0 14527
14125 21335 21:0 14126
14125 21172 21:0 14151
14127 19544 1:0 14542
14127 19548 1:0 14551
14127 19531 1:0 14625
14132 19535 1:0 14625
14150 21239 21:0 14154
14155 19533 1:0 14632
14207 21350 21:0 14234
14209 19534 1:0 14633
14233 21285 21:0 14234
14233 21198 21:0 14237
14236 21291 21:0 14237
14240 16663 21:0 14245
14242 19532 1:0 14643
14242 19530 1:0 14648
14243 19517 1:0 14673
14243 16891 1:0 14673
14243 19518 1:0 14682
14243 19502 1:0 14756
14244 21007 21:0 14245
14244 21306 21:0 14248
14246 19504 1:0 14740
14247 21185 21:0 14248
14249 19510 1:0 14735
14251 16667 21:0 14254
14252 19500 1:0 14763
14252 19501 1:0 14764
14252 19498 1:0 14767
14253 21324 21:0 14257
14258 19499 1:0 14774
14258 19491 1:0 14779
14260 16898 1:0 14783
14261 16670 21:0 14285
14263 19486 1:0 14804
14278 19484 1:0 14813
14279 19485 1:0 14813
14286 19482 1:0 14813
14291 19471 1:0 14871
14373 19469 1:0 14887
14374 19467 1:0 14894
14382 16724 21:0 14385
14383 19468 1:0 14895
14383 19466 1:0 14905
14383 17009 1:0 14910
14383 19453 1:0 14935
14386 19458 1:0 14920
14389 19451 1:0 14944
14389 19438 1:0 15002
14409 19436 1:0 15018
14410 19444 1:0 14997
14504 19435 1:0 15026
14505 19434 1:0 15025
14514 19433 1:0 15036
14514 17012 1:0 15045
14514 19431 1:0 15046
14514 19425 1:0 15051
14514 19419 1:0 15075
14514 19412 1:0 15101
14514 19399 1:0 15120
14514 17066 1:0 15149
14522 19403 1:0 15149
14525 19411 1:0 15128
14635 19401 1:0 15156
14636 19402 1:0 15157
14636 19400 1:0 15167
14636 19387 1:0 15197
14644 16838 21:0 14647
14645 19398 1:0 15177
14645 19392 1:0 15182
14645 19385 1:0 15206
14645 19383 1:0 15206
14645 19379 1:0 15232
14648 19370 1:0 15280
14651 19378 1:0 15259
14651 19372 1:0 15264
14671 19368 1:0 15287
14764 16891 21:0 14769
14766 19369 1:0 15288
14766 19366 1:0 15291
14767 19367 1:0 15298
14767 19365 1:0 15308
14767 19359 1:0 15313
14767 19354 1:0 15328
14767 19350 1:0 15328
14775 16895 21:0 14778
14776 19352 1:0 15337
14776 19346 1:0 15363
14776 19339 1:0 15395
14776 17176 1:0 15411
14776 19337 1:0 15411
14779 19345 1:0 15390
14784 19336 1:0 15419
14785 16898 21:0 14809
14787 19333 1:0 15422
14815 19335 1:0 15418
14895 16948 21:0 14900
14897 19334 1:0 15429
14898 19332 1:0 15439
14898 19326 1:0 15444
14898 19321 1:0 15459
14898 19320 1:0 15468
14898 19319 1:0 15468
14898 19313 1:0 15494
14907 19312 1:0 15521
14907 19306 1:0 15526
14907 19304 1:0 15542
14907 17233 1:0 15542
14913 19303 1:0 15550
14913 19300 1:0 15553
14934 19302 1:0 15549
15026 17005 21:0 15031
15028 19301 1:0 15560
15028 19299 1:0 15570
15029 19293 1:0 15575
15029 19288 1:0 15590
15029 19286 1:0 15599
15029 19284 1:0 15599
15029 19287 1:0 15599
15029 19280 1:0 15625
15038 19279 1:0 15652
15038 19273 1:0 15657
15038 17290 1:0 15673
15038 19271 1:0 15673
15044 19270 1:0 15681
15064 19269 1:0 15680
15065 19267 1:0 15684
15159 19268 1:0 15691
15159 19266 1:0 15701
15160 19260 1:0 15706
15160 19255 1:0 15721
15160 19251 1:0 15730
15160 19253 1:0 15730
15160 19254 1:0 15730
15160 19247 1:0 15756
15169 19246 1:0 15783
15169 19240 1:0 15788
15169 19238 1:0 15804
15175 19236 1:0 15811
15175 19234 1:0 15815
15196 19237 1:0 15812
15290 19235 1:0 15822
15290 19233 1:0 15832
15291 19227 1:0 15837
15291 19222 1:0 15852
15291 19220 1:0 15861
15291 19221 1:0 15861
15291 19218 1:0 15861
15291 19214 1:0 15887
15300 19213 1:0 15914
15300 19207 1:0 15919
15300 19205 1:0 15935
15306 19204 1:0 15943
15306 19201 1:0 15946
15327 19203 1:0 15942
15421 19202 1:0 15953
15421 19194 1:0 15968
15422 19200 1:0 15963
15422 19189 1:0 15983
15422 19187 1:0 15992
15422 19185 1:0 15992
15422 19188 1:0 15992
15422 19181 1:0 16018
15431 19180 1:0 16045
15431 19174 1:0 16050
15431 19172 1:0 16066
15431 17461 1:0 16066
15437 19170 1:0 16073
15440 17183 21:0 15464
15458 19171 1:0 16074
15465 19168 1:0 16077
15552 19169 1:0 16084
15552 19161 1:0 16099
15553 19167 1:0 16094
15553 19156 1:0 16114
15553 19152 1:0 16119
15553 19154 1:0 16119
15553 19148 1:0 16149
15553 19141 1:0 16168
15562 19155 1:0 16119
15562 19147 1:0 16176
15562 344 1:0 17557
15562 21324 1:0 17557
15562 21355 1:0 17568
15570 21354 1:0 17576
15833 17354 0:0 15854
15954 17408 21:0 15957
16207 22391 21:0 16246
16244 22392 0:0 16246
16246 22399 0:0 16251
16246 22396 0:0 16251
16246 22398 0:0 16251
16253 22385 21:0 16262
16260 22400 0:0 16262
16261 22411 21:0 16262
16264 22413 21:0 16272
16271 22414 0:0 16272
16271 22412 0:0 16272
16271 22415 21:0 16338
16284 22405 0:0 16286
16285 22424 0:0 16286
16320 22425 0:0 16322
16326 22431 0:0 16327
16326 22429 0:0 16327
16326 22432 0:0 16327
16336 22416 0:0 16338
16337 22418 0:0 16338
16337 22433 0:0 16338
16337 22444 0:0 16338
16340 22446 21:0 16348
16347 22445 0:0 16348
16347 22448 0:0 16348
16347 22447 21:0 16414
16360 22438 0:0 16362
16361 22457 0:0 16362
16396 22458 0:0 16398
16402 22464 0:0 16403
16402 22462 0:0 16403
16402 22465 0:0 16403
16412 22449 0:0 16414
16413 22451 0:0 16414
16413 22466 0:0 16414
16413 22477 0:0 16414
16416 22479 21:0 16424
16423 22478 0:0 16424
16423 53 0:0 16424
16423 22481 0:0 16424
16423 22480 21:0 16490
16436 22471 0:0 16438
16437 22490 0:0 16438
16472 22491 0:0 16474
16478 22497 0:0 16479
16478 22495 0:0 16479
16478 22498 0:0 16479
16488 22482 0:0 16490
16489 22510 0:0 16490
16489 22499 0:0 16490
16489 22484 0:0 16490
16492 22512 21:0 16500
16499 22514 0:0 16500
16499 22511 0:0 16500
16499 71 0:0 16500
16499 22513 21:0 16566
16512 22504 0:0 16514
16513 22523 0:0 16514
16548 22524 0:0 16550
16554 22530 0:0 16555
16554 22531 0:0 16555
16554 22528 0:0 16555
16564 22515 0:0 16566
16565 22517 0:0 16566
16565 22532 0:0 16566
16565 22543 0:0 16566
16568 22545 21:0 16576
16575 89 0:0 16576
16575 22547 0:0 16576
16575 22544 0:0 16576
16575 22546 21:0 16642
16588 22537 0:0 16590
16589 22556 0:0 16590
16624 22557 0:0 16626
16630 22561 0:0 16631
16630 22563 0:0 16631
16640 22548 0:0 16642
16641 22576 0:0 16642
16641 22550 0:0 16642
16641 22565 0:0 16642
16644 22578 21:0 16652
16651 22580 0:0 16652
16651 22577 0:0 16652
16651 22579 21:0 16718
16664 105 0:0 16666
16706 22596 0:0 16707
16706 22594 0:0 16707
16706 22597 0:0 16707
16716 22581 0:0 16718
16720 22611 21:0 16728
16727 22612 0:0 16728
16727 22613 21:0 16794
16740 22603 0:0 16742
16782 22629 0:0 16783
16782 22627 0:0 16783
16792 22614 0:0 16794
16796 22644 21:0 16804
16803 143 0:0 16804
16803 22646 0:0 16804
16803 22645 21:0 16870
16816 141 0:0 16818
16868 22647 0:0 16870
16872 22677 21:0 16880
16879 22678 0:0 16880
16879 22679 21:0 16946
16892 159 0:0 16894
16944 22680 0:0 16946
16948 22710 21:0 16956
16955 22712 0:0 16956
16955 22711 21:0 17022
17020 22713 0:0 17022
17024 22743 21:0 17032
17031 22744 0:0 17032
17031 22745 21:0 17098
17044 195 0:0 17046
17096 22746 0:0 17098
17100 22776 21:0 17108
17101 211 0:0 17103
17107 215 0:0 17108
17107 22778 0:0 17108
17107 22777 21:0 17174
17172 22779 0:0 17174
17176 22809 21:0 17184
17177 229 0:0 17179
17183 22810 0:0 17184
17183 22811 21:0 17250
17248 22812 0:0 17250
17252 22842 21:0 17260
17253 247 0:0 17255
17259 22844 0:0 17260
17259 22843 21:0 17326
17272 249 0:0 17274
17324 22845 0:0 17326
17328 22875 21:0 17336
17335 22877 0:0 17336
17335 22876 21:0 17402
17348 267 0:0 17350
17400 22878 0:0 17402
17404 22908 21:0 17412
17405 283 0:0 17407
17411 22909 0:0 17412
17411 22910 21:0 17478
17476 22911 0:0 17478
17480 22941 21:0 17488
17487 22942 0:0 17488
17487 22943 21:0 17554
17552 22944 0:0 17554
17556 22974 21:0 17564
17563 22976 0:0 17564
17563 22975 21:0 17573
17565 21353 1:0 17575
17572 22977 21:0 17584
17578 21352 1:0 17586
17578 21185 1:0 17591
17578 21306 1:0 17616
17579 16499 1:0 17595
17579 21350 1:0 17596
17579 21335 1:0 17625
17583 22807 21:0 17590
17585 21322 1:0 17699
17585 21291 1:0 17699
17588 21320 1:0 17706
17588 21321 1:0 17707
17589 22834 21:0 17590
17589 22643 21:0 17593
17591 21319 1:0 17717
17592 22676 21:0 17593
17594 16663 1:0 17722
17594 21285 1:0 17747
17594 16670 1:0 17747
17594 21298 1:0 17782
17594 21297 1:0 17809
17607 344 21:0 17621
17622 21289 1:0 17830
17674 22748 21:0 17701
17676 21288 1:0 17838
17700 22715 21:0 17701
17700 22598 21:0 17704
17703 22656 21:0 17704
17703 22861 21:0 17712
17709 21287 1:0 17837
17710 21286 1:0 17848
17710 283 1:0 17852
17710 21198 1:0 17853
17710 16667 1:0 17878
17710 21239 1:0 17878
17711 22655 21:0 17712
17711 22913 21:0 17715
17713 21265 1:0 17913
17714 22761 21:0 17715
17714 22762 21:0 17721
17719 21256 1:0 17961
17719 21172 1:0 17961
17719 267 1:0 17963
17719 21254 1:0 17968
17720 22796 21:0 17721
17720 22702 21:0 17724
17723 22693 21:0 17724
17723 22860 21:0 17744
17725 21255 1:0 17969
17727 21253 1:0 17979
17730 21186 1:0 17984
17743 22730 21:0 17752
17745 21207 1:0 18012
17745 21219 1:0 18012
17746 21165 1:0 18063
17799 21223 1:0 18092
17805 22867 21:0 17832
17807 16724 1:0 18092
17831 22854 21:0 17832
17831 22808 21:0 17835
17834 22696 21:0 17835
17834 22688 21:0 17843
17840 249 1:0 18094
17840 21221 1:0 18099
17841 21222 1:0 18100
17842 16606 21:0 17843
17842 22728 21:0 17846
17844 21220 1:0 18110
17845 22787 21:0 17846
17845 22895 21:0 17852
17847 247 1:0 18114
17847 16838 1:0 18115
17850 21218 1:0 18120
17850 21133 1:0 18140
17850 21203 1:0 18149
17850 21190 1:0 18223
17850 16891 1:0 18223
17851 22933 21:0 17852
17851 16556 21:0 17855
17854 22583 21:0 17855
17854 22792 21:0 17876
17856 21189 1:0 18231
17858 21188 1:0 18230
17875 22920 21:0 17883
17877 21187 1:0 18241
17884 229 1:0 18245
17889 21166 1:0 18246
17889 21170 1:0 18271
17930 21174 1:0 18271
17936 16613 21:0 17963
17938 21173 1:0 18280
17943 16895 1:0 18354
17962 22663 21:0 17963
17962 22887 21:0 17966
17965 22689 21:0 17966
17965 22939 21:0 17974
17971 21157 1:0 18354
17972 21156 1:0 18362
17973 22660 21:0 17974
17973 22697 21:0 17977
17975 21155 1:0 18361
17976 22726 21:0 17977
17976 22590 21:0 17983
17981 215 1:0 18367
17981 21154 1:0 18372
17981 211 1:0 18376
17981 21120 1:0 18377
17981 21139 1:0 18405
17981 21137 1:0 18405
17981 21132 1:0 18456
17982 22928 21:0 17983
17982 123 21:0 17986
17984 21126 1:0 18469
17987 21124 1:0 18485
17987 195 1:0 18487
18008 21123 1:0 18493
18100 16720 21:0 18105
18102 21122 1:0 18492
18103 21121 1:0 18503
18103 17005 1:0 18508
18103 16898 1:0 18512
18103 21113 1:0 18518
18103 21107 1:0 18542
18111 16724 21:0 18114
18112 21106 1:0 18542
18112 21100 1:0 18568
18112 21099 1:0 18595
18112 21091 1:0 18616
18112 16948 1:0 18616
18118 21090 1:0 18624
18120 21087 1:0 18627
18121 16727 21:0 18145
18146 21089 1:0 18623
18233 21088 1:0 18634
18233 21086 1:0 18639
18234 21080 1:0 18649
18234 21075 1:0 18664
18234 21074 1:0 18673
18234 21067 1:0 18699
18234 21066 1:0 18726
18242 16781 21:0 18245
18243 21058 1:0 18747
18243 159 1:0 18749
18243 21057 1:0 18755
18249 21056 1:0 18754
18270 21055 1:0 18765
18282 21053 1:0 18775
18362 16834 21:0 18367
18364 21047 1:0 18780
18364 21042 1:0 18795
18364 21041 1:0 18804
18364 21038 1:0 18804
18365 21040 1:0 18804
18365 21034 1:0 18830
18365 21027 1:0 18862
18365 21025 1:0 18878
18374 21033 1:0 18857
18374 141 1:0 18880
18374 21024 1:0 18886
18374 21021 1:0 18889
18380 21023 1:0 18885
18382 143 1:0 18891
18413 21022 1:0 18896
18495 21020 1:0 18906
18495 21014 1:0 18911
18495 21009 1:0 18926
18495 21007 1:0 18926
18496 21008 1:0 18935
18496 21001 1:0 18961
18496 123 1:0 19009
18505 20992 1:0 19009
18505 20991 1:0 19017
18511 20990 1:0 19016
18511 20988 1:0 19020
18531 20989 1:0 19027
18532 20981 1:0 19042
18544 20976 1:0 19057
18626 20987 1:0 19037
18626 20975 1:0 19066
18626 20972 1:0 19066
18626 20968 1:0 19092
18627 20974 1:0 19066
18627 20961 1:0 19124
18627 20959 1:0 19140
18636 20967 1:0 19119
18636 105 1:0 19142
18636 20958 1:0 19148
18642 20957 1:0 19147
18642 20955 1:0 19151
18663 20956 1:0 19158
18675 17183 1:0 19167
18757 20954 1:0 19168
18757 20948 1:0 19173
18757 20943 1:0 19188
18757 20941 1:0 19197
18758 20939 1:0 19197
18758 20942 1:0 19197
18758 20935 1:0 19223
18767 20934 1:0 19250
18767 20928 1:0 19255
18767 20926 1:0 19271
18767 20925 1:0 19279
18773 20924 1:0 19278
18775 20922 1:0 19282
18778 89 1:0 19284
18888 20923 1:0 19289
18888 20921 1:0 19299
18888 20915 1:0 19304
18888 20910 1:0 19319
18889 20908 1:0 19328
18889 20909 1:0 19328
18889 20906 1:0 19328
18889 20902 1:0 19354
18898 20901 1:0 19381
18898 20895 1:0 19386
18898 20893 1:0 19402
18898 20892 1:0 19410
18904 20889 1:0 19413
18909 20891 1:0 19409
18924 71 1:0 19415
19019 20890 1:0 19420
19019 20888 1:0 19430
19019 20882 1:0 19435
19020 20877 1:0 19450
19020 20875 1:0 19459
19020 20873 1:0 19459
19020 20876 1:0 19459
19020 20869 1:0 19485
19029 20868 1:0 19512
19029 20862 1:0 19517
19029 20860 1:0 19533
19035 20858 1:0 19540
19035 20856 1:0 19544
19055 20859 1:0 19541
19056 53 1:0 19546
19150 20857 1:0 19551
19150 17354 1:0 19560
19151 20855 1:0 19561
19151 20849 1:0 19566
19151 20844 1:0 19581
19151 20842 1:0 19590
19151 20840 1:0 19590
19151 20836 1:0 19616
19160 20843 1:0 19590
19160 20835 1:0 19643
19160 20829 1:0 19648
19160 20827 1:0 19664
19160 17408 1:0 19664
19168 20825 1:0 19671
19199 20826 1:0 19672
19279 17233 21:0 19284
19281 20823 1:0 19675
19282 20824 1:0 19682
19282 20822 1:0 19692
19282 20816 1:0 19697
19282 20811 1:0 19712
19282 20810 1:0 19721
19282 20809 1:0 19721
19282 20807 1:0 19721
19291 20803 1:0 19747
19291 20802 1:0 19774
19291 20796 1:0 19779
19291 20794 1:0 19795
19297 20792 1:0 19802
19318 20793 1:0 19803
19330 20790 1:0 19806
19403 17240 21:0 19404
19412 20791 1:0 19813
19412 20783 1:0 19828
19413 20789 1:0 19823
19413 20778 1:0 19843
19413 20776 1:0 19848
19413 20774 1:0 19848
19413 20770 1:0 19878
19413 20763 1:0 19897
19422 20777 1:0 19848
19422 20769 1:0 19905
19422 22977 1:0 21291
19422 345 1:0 21295
19428 22975 1:0 21304
19882 17468 21:0 19902
19936 24013 21:0 19975
19973 24014 0:0 19975
19975 24020 21:0 19991
19979 24018 0:0 19980
19979 24021 0:0 19980
19990 24022 0:0 19991
19990 24033 21:0 19991
19990 24007 0:0 19991
19993 24035 21:0 20001
20000 24037 0:0 20001
20000 24034 0:0 20001
20000 24036 21:0 20067
20013 24027 0:0 20015
20014 24046 0:0 20015
20049 24047 0:0 20051
20055 24053 0:0 20056
20055 24051 0:0 20056
20055 24054 0:0 20056
20065 24038 0:0 20067
20066 24055 0:0 20067
20066 24040 0:0 20067
20066 24066 0:0 20067
20069 24068 21:0 20077
20076 24067 0:0 20077
20076 24069 0:0 20077
20076 24070 21:0 20143
20089 24060 0:0 20091
20090 24079 0:0 20091
20125 24080 0:0 20127
20131 24084 0:0 20132
20131 24087 0:0 20132
20131 24086 0:0 20132
20141 24071 0:0 20143
20142 24073 0:0 20143
20142 24099 0:0 20143
20142 24088 0:0 20143
20145 24101 21:0 20153
20152 24103 0:0 20153
20152 24100 0:0 20153
20152 24102 21:0 20219
20165 24093 0:0 20167
20166 24112 0:0 20167
20201 24113 0:0 20203
20207 24120 0:0 20208
20207 24117 0:0 20208
20207 24119 0:0 20208
20217 24104 0:0 20219
20218 24106 0:0 20219
20218 24132 0:0 20219
20218 24121 0:0 20219
20221 24134 21:0 20229
20228 24133 0:0 20229
20228 24136 0:0 20229
20228 24135 21:0 20295
20241 24126 0:0 20243
20242 24145 0:0 20243
20277 24146 0:0 20279
20283 24150 0:0 20284
20283 24153 0:0 20284
20283 24152 0:0 20284
20293 24137 0:0 20295
20294 24154 0:0 20295
20294 24165 0:0 20295
20294 24139 0:0 20295
20297 24167 21:0 20305
20304 24168 0:0 20305
20304 24166 0:0 20305
20304 24169 21:0 20371
20317 24159 0:0 20319
20318 24178 0:0 20319
20353 24179 0:0 20355
20359 24183 0:0 20360
20359 24185 0:0 20360
20359 24186 0:0 20360
20369 24170 0:0 20371
20370 24172 0:0 20371
20370 24198 0:0 20371
20370 24187 0:0 20371
20373 24200 21:0 20381
20380 24201 0:0 20381
20380 24199 0:0 20381
20380 24202 21:0 20447
20393 24192 0:0 20395
20394 24211 0:0 20395
20429 24212 0:0 20431
20435 24218 0:0 20436
20435 24216 0:0 20436
20435 24219 0:0 20436
20445 24203 0:0 20447
20446 24205 0:0 20447
20446 24231 0:0 20447
20446 24220 0:0 20447
20449 24233 21:0 20457
20456 24234 0:0 20457
20456 24232 0:0 20457
20456 24235 21:0 20523
20469 24225 0:0 20471
20470 24244 0:0 20471
20505 24245 0:0 20507
20511 24251 0:0 20512
20511 24252 0:0 20512
20511 24249 0:0 20512
20521 24236 0:0 20523
20522 24264 0:0 20523
20522 24253 0:0 20523
20522 24238 0:0 20523
20525 24266 21:0 20533
20532 24265 0:0 20533
20532 24267 0:0 20533
20532 24268 21:0 20599
20545 24258 0:0 20547
20546 24277 0:0 20547
20581 24278 0:0 20583
20587 24282 0:0 20588
20587 24285 0:0 20588
20587 24284 0:0 20588
20597 24269 0:0 20599
20598 24271 0:0 20599
20598 24286 0:0 20599
20598 24297 0:0 20599
20601 24299 21:0 20609
20608 24300 0:0 20609
20608 24298 0:0 20609
20608 24301 21:0 20675
20621 24291 0:0 20623
20622 24310 0:0 20623
20657 24311 0:0 20659
20663 24315 0:0 20664
20663 24317 0:0 20664
20663 24318 0:0 20664
20673 24302 0:0 20675
20674 24330 0:0 20675
20674 24304 0:0 20675
20674 24319 0:0 20675
20677 24332 21:0 20685
20684 24331 0:0 20685
20684 24333 0:0 20685
20684 24334 21:0 20751
20697 24324 0:0 20699
20698 24343 0:0 20699
20733 24344 0:0 20735
20739 24348 0:0 20740
20749 24335 0:0 20751
20750 24337 0:0 20751
20753 24365 21:0 20761
20760 24367 0:0 20761
20760 24366 21:0 20827
20825 24368 0:0 20827
20829 24398 21:0 20837
20836 24400 0:0 20837
20836 24399 21:0 20903
20901 24401 0:0 20903
20905 24431 21:0 20913
20912 24432 0:0 20913
20912 24433 21:0 20979
20977 24434 0:0 20979
20981 24464 21:0 20989
20988 24465 0:0 20989
20988 24466 21:0 21055
21053 24467 0:0 21055
21057 24497 21:0 21065
21064 24498 0:0 21065
21064 24499 21:0 21131
21129 24500 0:0 21131
21133 24530 21:0 21141
21140 24531 0:0 21141
21140 24532 21:0 21207
21205 24533 0:0 21207
21209 24563 21:0 21217
21216 24565 0:0 21217
21216 24564 21:0 21283
21281 24566 0:0 21283
21285 24596 21:0 21293
21292 24597 0:0 21293
21292 24598 21:0 21302
21294 22976 1:0 21305
21301 24599 21:0 21313
21307 22974 1:0 21315
21307 22928 1:0 21399
21308 22944 1:0 21428
21308 22939 1:0 21428
21312 24351 21:0 21319
21314 22943 1:0 21436
21317 22942 1:0 21435
21317 22941 1:0 21446
21317 22920 1:0 21451
21318 24350 21:0 21319
21318 24352 21:0 21322
21320 16556 1:0 21455
21320 22933 1:0 21461
21321 24357 21:0 21322
21323 16606 1:0 21530
21323 22913 1:0 21543
21325 22911 1:0 21559
21336 345 21:0 21350
21356 22910 1:0 21567
21403 24363 21:0 21430
21410 22909 1:0 21566
21429 24381 21:0 21430
21429 24364 21:0 21433
21432 24396 21:0 21433
21432 24390 21:0 21441
21438 22908 1:0 21577
21439 16613 1:0 21586
21439 22895 1:0 21607
21439 22887 1:0 21642
21439 16720 1:0 21690
21440 24370 21:0 21441
21440 24377 21:0 21444
21442 22878 1:0 21690
21443 24383 21:0 21444
21443 24376 21:0 21450
21448 22876 1:0 21697
21448 22877 1:0 21698
21449 24385 21:0 21450
21449 24384 21:0 21453
21451 22875 1:0 21708
21452 24447 21:0 21453
21452 24397 21:0 21474
21454 22854 1:0 21713
21454 22867 1:0 21723
21454 22860 1:0 21738
21454 22861 1:0 21747
21454 16724 1:0 21821
21473 24475 21:0 21481
21475 22845 1:0 21821
21487 22843 1:0 21828
21534 24495 21:0 21561
21560 24517 21:0 21561
21560 24561 21:0 21564
21563 24549 21:0 21564
21563 24579 21:0 21572
21569 22844 1:0 21829
21570 22842 1:0 21839
21570 16727 1:0 21848
21570 22834 1:0 21854
21570 16781 1:0 21923
21571 24480 21:0 21572
21571 16499 21:0 21575
21573 22812 1:0 21952
21574 24522 21:0 21575
21574 24450 21:0 21581
21576 22808 1:0 21952
21579 22810 1:0 21959
21579 22811 1:0 21960
21580 24568 21:0 21581
21580 24588 21:0 21584
21583 24443 21:0 21584
21583 24430 21:0 21605
21585 22809 1:0 21970
21585 22792 1:0 21975
21585 22807 1:0 21980
21585 22796 1:0 22000
21585 16834 1:0 22054
21587 22787 1:0 22062
21604 24502 21:0 21612
21606 22779 1:0 22083
21665 24483 21:0 21692
21700 22777 1:0 22090
21701 22778 1:0 22091
21701 22776 1:0 22101
21701 22726 1:0 22131
21709 16667 21:0 21712
21710 22762 1:0 22131
21710 22761 1:0 22140
21710 22748 1:0 22198
21710 22746 1:0 22214
21716 22745 1:0 22222
21719 16670 21:0 21743
21736 22744 1:0 22221
21831 22743 1:0 22232
21831 22697 1:0 22237
21831 22730 1:0 22262
21831 22689 1:0 22262
21832 22728 1:0 22271
21832 22715 1:0 22329
21832 22713 1:0 22345
21841 22711 1:0 22352
21841 22712 1:0 22353
21849 22710 1:0 22363
21852 22688 1:0 22368
21867 22702 1:0 22378
21868 22696 1:0 22393
21880 22693 1:0 22402
21962 22680 1:0 22476
21963 22676 1:0 22476
21963 22679 1:0 22484
21971 16781 21:0 21974
21972 22678 1:0 22483
21972 22677 1:0 22494
21972 22660 1:0 22499
21975 22663 1:0 22524
21978 22655 1:0 22524
21978 22656 1:0 22559
21978 22643 1:0 22607
21981 16784 21:0 22005
21999 22647 1:0 22607
22093 22645 1:0 22614
22094 22646 1:0 22615
22094 22644 1:0 22625
22103 22629 1:0 22664
22103 22627 1:0 22664
22103 22614 1:0 22738
22109 22613 1:0 22746
22129 22612 1:0 22745
22222 16891 21:0 22227
22224 22611 1:0 22756
22224 22603 1:0 22771
22224 22598 1:0 22786
22225 22594 1:0 22795
22225 22596 1:0 22795
22225 22597 1:0 22795
22225 22590 1:0 22821
22233 16895 21:0 22236
22234 22583 1:0 22853
22234 22581 1:0 22869
22234 22579 1:0 22876
22234 22577 1:0 22880
22240 22580 1:0 22877
22260 22578 1:0 22887
22261 22576 1:0 22897
22273 22565 1:0 22917
22355 22561 1:0 22926
22355 22563 1:0 22926
22355 22557 1:0 22952
22356 22556 1:0 22979
22356 22550 1:0 22984
22356 22548 1:0 23000
22356 17233 1:0 23000
22365 22546 1:0 23007
22365 22544 1:0 23011
22371 22547 1:0 23008
22376 22545 1:0 23018
22391 22537 1:0 23033
22392 17240 1:0 23027
22404 22532 1:0 23048
22484 17005 21:0 22489
22486 22543 1:0 23028
22486 22531 1:0 23057
22486 22530 1:0 23057
22486 22524 1:0 23083
22487 22528 1:0 23057
22487 22523 1:0 23110
22487 22517 1:0 23115
22487 22515 1:0 23131
22496 22513 1:0 23138
22496 22514 1:0 23139
22502 22511 1:0 23142
22507 22512 1:0 23149
22522 22510 1:0 23159
22523 22504 1:0 23164
22535 22499 1:0 23179
22615 17062 21:0 22620
22617 22498 1:0 23188
22617 22497 1:0 23188
22617 22495 1:0 23188
22617 22491 1:0 23214
22618 22490 1:0 23241
22618 22484 1:0 23246
22618 22482 1:0 23262
22627 22480 1:0 23269
22627 22481 1:0 23270
22627 22478 1:0 23273
22635 22479 1:0 23280
22638 22471 1:0 23295
22653 22466 1:0 23310
22654 22477 1:0 23290
22666 22458 1:0 23345
22748 22464 1:0 23319
22748 22465 1:0 23319
22748 22462 1:0 23319
22749 22457 1:0 23372
22749 22451 1:0 23377
22749 22449 1:0 23393
22757 17123 21:0 22760
22758 22447 1:0 23400
22758 22448 1:0 23401
22758 22445 1:0 23404
22764 22446 1:0 23411
22766 22433 1:0 23441
22769 22438 1:0 23426
22784 22444 1:0 23421
22785 22425 1:0 23476
22797 22432 1:0 23450
22877 17176 21:0 22882
22879 22429 1:0 23450
22879 22431 1:0 23450
22880 22424 1:0 23503
22880 22418 1:0 23508
22880 22416 1:0 23524
22888 17180 21:0 22891
22889 22414 1:0 23531
22889 22415 1:0 23532
22889 22412 1:0 23535
22895 22413 1:0 23542
22895 17468 1:0 23551
22895 22400 1:0 23572
22897 22411 1:0 23552
22900 22405 1:0 23557
22915 22396 1:0 23577
22916 22392 1:0 23607
22928 22385 1:0 23626
23008 17233 21:0 23013
23010 22399 1:0 23577
23010 22398 1:0 23577
23010 22391 1:0 23634
23010 346 1:0 25015
23011 24599 1:0 25026
23139 17290 21:0 23144
23150 17294 21:0 23153
23281 17351 21:0 23284
23525 17411 21:0 23526
23665 25635 21:0 23704
23676 25636 0:0 23704
23704 25643 21:0 23720
23719 25629 21:0 23720
23722 25657 21:0 23730
23729 17 0:0 23730
23729 25656 0:0 23730
23729 25659 0:0 23730
23729 25658 21:0 23796
23742 25649 0:0 23744
23784 25676 0:0 23785
23784 25673 0:0 23785
23784 25675 0:0 23785
23794 25660 0:0 23796
23795 25662 0:0 23796
23798 25690 21:0 23806
23805 25689 0:0 23806
23805 25692 0:0 23806
23805 25691 21:0 23872
23818 25682 0:0 23820
23819 25701 0:0 23820
23854 25702 0:0 23856
23860 25709 0:0 23861
23860 25708 0:0 23861
23870 25693 0:0 23872
23871 25695 0:0 23872
23871 25721 0:0 23872
23871 25710 0:0 23872
23874 25723 21:0 23882
23881 25724 0:0 23882
23881 25722 0:0 23882
23881 25725 21:0 23948
23895 25734 0:0 23896
23930 25735 0:0 23932
23936 25739 0:0 23937
23936 25741 0:0 23937
23946 25726 0:0 23948
23947 25754 0:0 23948
23947 25743 0:0 23948
23947 25728 0:0 23948
23950 25756 21:0 23958
23951 67 0:0 23953
23957 25757 0:0 23958
23957 25758 21:0 24024
24012 25772 0:0 24013
24012 25775 0:0 24013
24012 25774 0:0 24013
24022 25759 0:0 24024
24023 25787 0:0 24024
24023 25776 0:0 24024
24026 25789 21:0 24034
24033 25790 0:0 24034
24033 25791 21:0 24100
24047 25800 0:0 24048
24082 25801 0:0 24084
24088 25807 0:0 24089
24088 25808 0:0 24089
24088 25805 0:0 24089
24098 25792 0:0 24100
24099 25809 0:0 24100
24102 25822 21:0 24110
24109 25824 0:0 24110
24109 25821 0:0 24110
24109 25823 21:0 24176
24164 25840 0:0 24165
24174 25825 0:0 24176
24175 25853 0:0 24176
24178 25855 21:0 24186
24185 25857 0:0 24186
24185 25854 0:0 24186
24185 25856 21:0 24252
24240 25873 0:0 24241
24250 25858 0:0 24252
24254 25888 21:0 24262
24261 25890 0:0 24262
24261 25889 21:0 24328
24275 25899 0:0 24276
24316 25907 0:0 24317
24326 25891 0:0 24328
24327 25908 0:0 24328
24330 25921 21:0 24338
24337 25922 0:0 24338
24337 25920 0:0 24338
24337 25923 21:0 24404
24386 25933 0:0 24388
24402 25924 0:0 24404
24403 25926 0:0 24404
24406 25954 21:0 24414
24413 25956 0:0 24414
24413 25955 21:0 24480
24427 25965 0:0 24428
24468 25970 0:0 24469
24478 25957 0:0 24480
24482 25987 21:0 24490
24489 197 0:0 24490
24489 25988 0:0 24490
24489 25989 21:0 24556
24538 25999 0:0 24540
24544 26005 0:0 24545
24554 25990 0:0 24556
24558 26020 21:0 24566
24565 26022 0:0 24566
24565 26021 21:0 24632
24620 26039 0:0 24621
24630 26023 0:0 24632
24631 26051 0:0 24632
24634 26053 21:0 24642
24641 26055 0:0 24642
24641 26054 21:0 24708
24654 231 0:0 24656
24655 26064 0:0 24656
24690 26065 0:0 24692
24696 26069 0:0 24697
24706 26056 0:0 24708
24707 26058 0:0 24708
24710 26086 21:0 24718
24717 26087 0:0 24718
24717 26085 0:0 24718
24717 26088 21:0 24784
24782 26089 0:0 24784
24786 26119 21:0 24794
24793 26121 0:0 24794
24793 26120 21:0 24860
24858 26122 0:0 24860
24862 26152 21:0 24870
24869 26154 0:0 24870
24869 26153 21:0 24936
24934 26155 0:0 24936
24938 26185 21:0 24946
24945 26186 0:0 24946
24945 26187 21:0 25012
25010 26188 0:0 25012
25014 26218 21:0 25022
25021 26220 0:0 25022
25021 26219 21:0 25031
25023 24597 1:0 25033
25023 24598 1:0 25034
25030 26221 21:0 25042
25036 340 1:0 2813
25037 24596 1:0 25044
25037 24483 1:0 25049
25037 16499 1:0 25053
25037 24588 1:0 25059
25037 24579 1:0 25083
25037 24568 1:0 25141
25041 85 21:0 25048
25043 24566 1:0 25157
25046 24564 1:0 25164
25046 24565 1:0 25165
25047 26106 21:0 25048
25047 26098 21:0 25051
25050 26071 21:0 25051
25052 24563 1:0 25175
25052 24502 1:0 25180
25052 24561 1:0 25185
25052 24430 1:0 25205
25054 24549 1:0 25214
25065 346 21:0 25079
25072 24443 1:0 25288
25085 24533 1:0 25288
25132 107 21:0 25159
25167 24532 1:0 25296
25168 24531 1:0 25295
25177 24530 1:0 25306
25177 16670 1:0 25311
25177 24522 1:0 25321
25177 24517 1:0 25336
25177 24450 1:0 25390
25177 16667 1:0 25419
25183 24500 1:0 25419
25204 24499 1:0 25427
25298 24498 1:0 25426
25299 24497 1:0 25437
25299 16781 1:0 25442
25299 24495 1:0 25447
25299 24480 1:0 25470
25308 16891 1:0 25521
25308 24475 1:0 25529
25308 24467 1:0 25550
25314 24466 1:0 25558
25334 24465 1:0 25557
25429 24464 1:0 25568
25429 24397 1:0 25573
25429 16895 1:0 25601
25430 24447 1:0 25601
25430 16784 1:0 25652
25430 24384 1:0 25681
25439 24434 1:0 25681
25439 231 1:0 25683
25439 24433 1:0 25689
25445 24432 1:0 25688
25465 24431 1:0 25699
25466 24385 1:0 25704
25478 24376 1:0 25732
25560 24383 1:0 25732
25560 24377 1:0 25783
25560 24370 1:0 25812
25561 24401 1:0 25812
25570 24399 1:0 25819
25570 24400 1:0 25820
25576 24398 1:0 25830
25576 24390 1:0 25835
25576 24364 1:0 25860
25578 24396 1:0 25840
25581 24381 1:0 25869
25691 24363 1:0 25943
25691 24368 1:0 25943
25692 24366 1:0 25950
25692 24367 1:0 25951
25701 197 1:0 25956
25701 24365 1:0 25961
25701 24357 1:0 25966
25701 24350 1:0 25991
25701 24352 1:0 25991
25707 24351 1:0 26000
25707 24348 1:0 26000
25707 24344 1:0 26026
25728 24335 1:0 26074
25740 24337 1:0 26058
25822 24343 1:0 26053
25823 24333 1:0 26081
25823 24334 1:0 26082
25823 24331 1:0 26085
25832 24332 1:0 26092
25832 24330 1:0 26102
25832 24324 1:0 26107
25832 24319 1:0 26122
25832 24318 1:0 26131
25838 24317 1:0 26131
25838 24315 1:0 26131
25838 24311 1:0 26157
25859 24302 1:0 26205
25871 17005 1:0 26205
25953 24310 1:0 26184
25953 24304 1:0 26189
25954 24300 1:0 26212
25954 24301 1:0 26213
25963 24298 1:0 26216
25963 24299 1:0 26223
25963 24297 1:0 26233
25963 24291 1:0 26238
25963 24286 1:0 26253
25969 24284 1:0 26262
25969 24282 1:0 26262
25969 24285 1:0 26262
25971 24278 1:0 26288
26002 24269 1:0 26336
26084 24277 1:0 26315
26084 24271 1:0 26320
26084 17062 1:0 26336
26085 24268 1:0 26344
26094 24267 1:0 26343
26094 24265 1:0 26347
26094 24266 1:0 26354
26094 24264 1:0 26364
26094 24253 1:0 26384
26100 24258 1:0 26369
26100 24252 1:0 26393
26100 24249 1:0 26393
26102 24251 1:0 26393
26105 24245 1:0 26419
26215 24244 1:0 26446
26215 24238 1:0 26451
26215 24236 1:0 26467
26215 17123 1:0 26467
26216 24235 1:0 26475
26225 24234 1:0 26474
26225 24232 1:0 26478
26225 24233 1:0 26485
26225 17180 1:0 26518
26231 24231 1:0 26495
26231 24225 1:0 26500
26231 24220 1:0 26515
26233 24218 1:0 26524
26236 24219 1:0 26524
26251 24216 1:0 26524
26252 107 1:0 26569
26264 24212 1:0 26550
26346 24203 1:0 26598
26347 24211 1:0 26577
26347 24205 1:0 26582
26347 17176 1:0 26598
26356 24201 1:0 26605
26356 24202 1:0 26606
26356 24199 1:0 26609
26362 24200 1:0 26616
26362 24192 1:0 26631
26364 24187 1:0 26646
26367 24198 1:0 26626
26382 24186 1:0 26655
26383 24179 1:0 26681
26395 24185 1:0 26655
26477 24183 1:0 26655
26478 24178 1:0 26708
26478 24172 1:0 26713
26478 17233 1:0 26729
26478 24170 1:0 26729
26487 24168 1:0 26736
26487 24169 1:0 26737
26487 24166 1:0 26740
26493 24167 1:0 26747
26495 85 1:0 26751
26498 24159 1:0 26762
26513 24154 1:0 26777
26514 24165 1:0 26757
26526 17290 1:0 26831
26608 24153 1:0 26786
26608 24152 1:0 26786
26608 24150 1:0 26786
26608 24146 1:0 26812
26609 24145 1:0 26839
26609 24137 1:0 26860
26609 17294 1:0 26860
26618 24139 1:0 26844
26618 24135 1:0 26867
26618 24133 1:0 26871
26624 24136 1:0 26868
26644 24134 1:0 26878
26645 67 1:0 26882
26657 24132 1:0 26888
26739 24126 1:0 26893
26739 24121 1:0 26908
26739 24117 1:0 26917
26739 24113 1:0 26943
26740 24119 1:0 26917
26740 24120 1:0 26917
26740 17351 1:0 26991
26749 24112 1:0 26970
26749 24106 1:0 26975
26749 24104 1:0 26991
26749 24102 1:0 26998
26749 24100 1:0 27002
26757 24103 1:0 26999
26788 24101 1:0 27009
26870 24099 1:0 27019
26870 24093 1:0 27024
26870 24088 1:0 27039
26870 24080 1:0 27074
26871 24084 1:0 27048
26871 24087 1:0 27048
26871 24086 1:0 27048
26880 24079 1:0 27101
26880 24073 1:0 27106
26880 24071 1:0 27122
26880 24070 1:0 27130
26880 24067 1:0 27133
26888 24069 1:0 27129
26919 24068 1:0 27140
27001 17411 1:0 27149
27001 24066 1:0 27150
27001 24055 1:0 27170
27001 347 1:0 27173
27002 24060 1:0 27155
27002 24053 1:0 27175
27002 24047 1:0 27175
27002 24051 1:0 27175
27002 24054 1:0 27175
27002 24033 1:0 27224
27011 24046 1:0 27232
27011 24040 1:0 27237
27011 24038 1:0 27253
27011 24020 1:0 27253
27017 24036 1:0 27260
27038 24037 1:0 27261
27050 24034 1:0 27264
27050 12657 1:0 27469
27132 17 1:0 27266
27133 24035 1:0 27271
27133 24013 1:0 27276
27133 26221 1:0 27386
27142 24022 1:0 27277
27142 24027 1:0 27278
27142 24014 1:0 27306
27142 24021 1:0 27306
27142 24018 1:0 27306
27142 24007 1:0 27368
27148 26219 1:0 27393
27168 26220 1:0 27394
27169 12656 1:0 27478
27169 12662 1:0 27488
27169 12810 1:0 27690
27181 12669 1:0 27578
27263 26218 1:0 27404
27264 12664 1:0 27557
27264 12665 1:0 27558
27264 26188 1:0 27607
27273 12663 1:0 27548
27273 12666 1:0 27567
27273 12667 1:0 27568
27273 12668 1:0 27577
27273 26187 1:0 27615
27279 26186 1:0 27614
27300 26185 1:0 27625
27312 12804 1:0 27699
27312 12803 1:0 27709
27312 12813 1:0 27788
27312 12951 1:0 27911
27396 26155 1:0 27828
27397 12809 1:0 27768
27397 12811 1:0 27778
27397 12812 1:0 27779
27397 12814 1:0 27789
27397 12815 1:0 27798
27397 12816 1:0 27799
27406 26153 1:0 27835
27406 26154 1:0 27836
27412 26152 1:0 27846
27414 12956 1:0 27911
27414 12950 1:0 27920
27414 12957 1:0 27930
27425 347 21:0 27439
27432 12963 1:0 28020
27445 26122 1:0 28049
27486 12958 1:0 27999
27486 12959 1:0 28000
27499 12960 1:0 28009
27514 12961 1:0 28010
27515 12962 1:0 28019
27584 12669 21:0 27609
27585 26120 1:0 28056
27607 12668 0:0 27609
27608 12667 0:0 27609
27608 12663 0:0 27609
27608 12662 21:0 27609
27608 12656 21:0 27609
27608 12657 21:0 27609
27608 12664 0:0 27609
27608 12665 0:0 27609
27608 12666 0:0 27609
27617 26121 1:0 28057
27618 26119 1:0 28067
27618 26106 1:0 28097
27618 26098 1:0 28132
27627 13097 1:0 28180
27627 13098 1:0 28181
27627 13105 1:0 28220
27627 13106 1:0 28221
27627 13107 1:0 28230
27627 13108 1:0 28231
27627 26089 1:0 28270
27633 13103 1:0 28210
27633 13104 1:0 28211
27633 13110 1:0 28235
27633 13109 1:0 28235
27654 26088 1:0 28278
27666 26085 1:0 28281
27720 26087 1:0 28277
27737 26086 1:0 28288
27786 26071 1:0 28327
27796 26065 1:0 28353
27798 12813 21:0 27830
27806 26069 1:0 28327
27829 12814 0:0 27830
27829 12815 0:0 27830
27829 12812 0:0 27830
27829 12816 0:0 27830
27829 12811 0:0 27830
27829 12809 0:0 27830
27829 12804 21:0 27830
27829 12810 21:0 27830
27829 12803 21:0 27830
27838 26064 1:0 28380
27838 26058 1:0 28385
27838 13253 1:0 28442
27838 13254 1:0 28451
27839 13244 1:0 28401
27839 13245 1:0 28402
27839 13252 1:0 28441
27839 13255 1:0 28452
27839 26056 1:0 28491
27848 13250 1:0 28431
27848 13251 1:0 28432
27848 13256 1:0 28461
27848 13257 1:0 28462
27848 26054 1:0 28498
27854 26055 1:0 28499
27875 26053 1:0 28509
27887 26051 1:0 28519
27887 26039 1:0 28548
27956 26023 1:0 28594
27957 13399 1:0 28662
27957 13400 1:0 28663
27958 13401 1:0 28672
28007 13402 1:0 28673
28017 13391 1:0 28622
28017 13392 1:0 28623
28017 13397 1:0 28652
28017 13398 1:0 28653
28026 12963 21:0 28051
28027 13403 1:0 28682
28049 12959 0:0 28051
28050 12962 0:0 28051
28050 12957 21:0 28051
28050 12950 21:0 28051
28050 12956 21:0 28051
28050 12951 21:0 28051
28050 12961 0:0 28051
28050 12958 0:0 28051
28050 12960 0:0 28051
28059 13404 1:0 28683
28059 13551 1:0 28904
28060 26021 1:0 28719
28060 26022 1:0 28720
28069 26020 1:0 28730
28069 26005 1:0 28769
28069 25999 1:0 28795
28069 13547 1:0 28884
28075 25990 1:0 28815
28077 13546 1:0 28883
28080 13548 1:0 28893
28095 13549 1:0 28894
28096 13538 1:0 28843
28096 13539 1:0 28844
28096 13544 1:0 28873
28096 13545 1:0 28874
28108 13550 1:0 28903
28162 25989 1:0 28941
28228 25988 1:0 28940
28236 13104 0:0 28244
28238 13694 1:0 29105
28243 13103 0:0 28272
28271 13107 0:0 28272
28271 13109 0:0 28272
28271 13097 21:0 28272
28271 13108 0:0 28272
28271 13110 0:0 28272
28271 13106 0:0 28272
28271 13105 0:0 28272
28271 13098 21:0 28272
28280 25987 1:0 28951
28280 25970 1:0 28990
28281 25965 1:0 29043
28281 13693 1:0 29104
28281 25957 1:0 29153
28290 13685 1:0 29064
28290 13686 1:0 29065
28290 13691 1:0 29094
28290 13692 1:0 29095
28290 13695 1:0 29114
28290 13696 1:0 29115
28290 13697 1:0 29124
28290 13698 1:0 29125
28296 25955 1:0 29161
28301 25956 1:0 29162
28329 25954 1:0 29172
28370 25933 1:0 29237
28370 13841 1:0 29326
28383 25926 1:0 29269
28400 25924 1:0 29374
28449 13840 1:0 29325
28459 13842 1:0 29335
28461 13254 21:0 28493
28469 13832 1:0 29285
28469 13843 1:0 29336
28492 13245 0:0 28493
28492 13250 0:0 28493
28492 13253 0:0 28493
28492 13256 0:0 28493
28492 13252 0:0 28493
28492 13255 0:0 28493
28492 13257 0:0 28493
28492 13251 0:0 28493
28492 13244 0:0 28493
28501 13833 1:0 29286
28501 13838 1:0 29315
28501 13839 1:0 29316
28501 13844 1:0 29345
28501 13845 1:0 29346
28502 25923 1:0 29383
28502 25920 1:0 29386
28511 25922 1:0 29382
28511 25921 1:0 29393
28511 25908 1:0 29423
28511 25907 1:0 29432
28519 25891 1:0 29478
28522 13991 1:0 29566
28537 13987 1:0 29546
28538 25899 1:0 29485
28550 13988 1:0 29547
28550 13989 1:0 29556
28591 13979 1:0 29506
28591 13980 1:0 29507
28591 13985 1:0 29536
28591 13986 1:0 29537
28591 13990 1:0 29557
28604 13992 1:0 29567
28621 25889 1:0 29603
28670 14134 1:0 29767
28672 13399 21:0 28714
28680 14135 1:0 29768
28690 14136 1:0 29777
28713 13398 0:0 28714
28713 13392 0:0 28714
28713 13397 0:0 28714
28713 13391 0:0 28714
28713 13403 0:0 28714
28713 13401 0:0 28714
28713 13400 0:0 28714
28713 13404 0:0 28714
28713 13402 0:0 28714
28722 25890 1:0 29604
28723 25888 1:0 29614
28723 25873 1:0 29653
28723 14137 1:0 29778
28732 14126 1:0 29727
28732 14127 1:0 29728
28732 14132 1:0 29757
28732 14133 1:0 29758
28732 14138 1:0 29787
28732 14139 1:0 29788
28732 25858 1:0 29816
28738 25856 1:0 29824
28740 25854 1:0 29828
28771 25857 1:0 29825
28825 25855 1:0 29835
28840 25853 1:0 29845
28841 25840 1:0 29874
28841 14284 1:0 29999
28891 14281 1:0 29988
28901 14282 1:0 29989
28910 13551 21:0 28935
28911 14273 1:0 29948
28911 14274 1:0 29949
28911 14283 1:0 29998
28933 13547 0:0 28935
28933 13550 0:0 28935
28933 13549 0:0 28935
28934 13545 0:0 28935
28934 13539 0:0 28935
28934 13544 0:0 28935
28934 13548 0:0 28935
28934 13538 0:0 28935
28934 13546 0:0 28935
28943 25825 1:0 30038
28944 14279 1:0 29978
28944 14280 1:0 29979
28944 14285 1:0 30008
28944 14286 1:0 30009
28953 25823 1:0 30045
28953 25824 1:0 30046
28953 25821 1:0 30049
28959 25822 1:0 30056
28959 25809 1:0 30086
28961 25805 1:0 30095
28964 25807 1:0 30095
28979 25801 1:0 30121
28980 25808 1:0 30095
29033 25792 1:0 30141
29046 14432 1:0 30229
29061 14428 1:0 30209
29062 25800 1:0 30148
29062 14429 1:0 30210
29063 14430 1:0 30219
29111 13694 21:0 29156
29112 14420 1:0 30169
29112 14431 1:0 30220
29122 14421 1:0 30170
29122 14426 1:0 30199
29122 14427 1:0 30200
29132 14433 1:0 30230
29154 13693 0:0 29156
29154 13695 0:0 29156
29154 13697 0:0 29156
29155 13685 0:0 29156
29155 13696 0:0 29156
29155 13691 0:0 29156
29155 13686 0:0 29156
29155 13692 0:0 29156
29155 13698 0:0 29156
29164 25791 1:0 30267
29165 25790 1:0 30266
29174 25789 1:0 30277
29174 25787 1:0 30287
29174 25776 1:0 30307
29174 25772 1:0 30316
29174 25775 1:0 30316
29174 25774 1:0 30316
29180 25759 1:0 30362
29182 14575 1:0 30430
29185 14576 1:0 30431
29200 14577 1:0 30440
29201 14567 1:0 30390
29201 14578 1:0 30441
29213 14568 1:0 30391
29213 14573 1:0 30420
29213 14574 1:0 30421
29213 14579 1:0 30450
29254 14580 1:0 30451
29283 25758 1:0 30488
29332 13841 21:0 29377
29353 25757 1:0 30487
29375 13842 0:0 29377
29376 13843 0:0 29377
29376 13838 0:0 29377
29376 13845 0:0 29377
29376 13840 0:0 29377
29376 13832 0:0 29377
29376 13844 0:0 29377
29376 13833 0:0 29377
29376 13839 0:0 29377
29385 25756 1:0 30498
29386 25754 1:0 30508
29386 25743 1:0 30528
29386 25741 1:0 30537
29386 25739 1:0 30537
29386 25735 1:0 30563
29386 14722 1:0 30651
29395 25726 1:0 30583
29395 25734 1:0 30590
29395 25728 1:0 30595
29395 14723 1:0 30652
29395 14724 1:0 30661
29401 14714 1:0 30611
29401 14715 1:0 30612
29401 14720 1:0 30641
29401 14721 1:0 30642
29401 14725 1:0 30662
29401 14726 1:0 30671
29403 14727 1:0 30672
29434 25725 1:0 30709
29434 25722 1:0 30712
29503 25724 1:0 30708
29554 25723 1:0 30719
29564 25710 1:0 30749
29574 25721 1:0 30729
29576 13991 21:0 29598
29597 13988 0:0 29598
29597 13986 0:0 29598
29597 13980 0:0 29598
29597 13990 0:0 29598
29597 13992 0:0 29598
29597 13989 0:0 29598
29597 13987 0:0 29598
29597 13985 0:0 29598
29597 13979 0:0 29598
29606 25708 1:0 30758
29606 25709 1:0 30758
29606 25702 1:0 30784
29606 14874 1:0 30893
29607 25701 1:0 30811
29607 14869 1:0 30872
29607 25693 1:0 30921
29616 25695 1:0 30816
29616 14861 1:0 30832
29616 14862 1:0 30833
29616 14867 1:0 30862
29616 14868 1:0 30863
29616 14870 1:0 30873
29616 14871 1:0 30882
29616 14872 1:0 30883
29616 14873 1:0 30892
29622 25691 1:0 30929
29642 25692 1:0 30930
29643 25689 1:0 30933
29696 25690 1:0 30940
29709 25682 1:0 30955
29724 25675 1:0 30979
29725 25673 1:0 30979
29725 25676 1:0 30979
29777 14134 21:0 29819
29795 25660 1:0 31025
29817 14138 0:0 29819
29818 14139 0:0 29819
29818 14132 0:0 29819
29818 14126 0:0 29819
29818 14127 0:0 29819
29818 14133 0:0 29819
29818 14137 0:0 29819
29818 14136 0:0 29819
29818 14135 0:0 29819
29827 25662 1:0 31037
29827 15016 1:0 31093
29827 15017 1:0 31094
29827 15021 1:0 31114
29828 15008 1:0 31053
29828 15009 1:0 31054
29828 15014 1:0 31083
29828 15015 1:0 31084
29828 15018 1:0 31103
29828 15019 1:0 31104
29828 15020 1:0 31113
29837 25658 1:0 31150
29837 25659 1:0 31151
29837 25656 1:0 31154
29843 25657 1:0 31161
29845 25635 1:0 31191
29848 25649 1:0 31176
29863 25629 1:0 31191
29864 25643 1:0 31200
29876 25636 1:0 31226
29876 15165 1:0 31324
29917 15163 1:0 31314
29925 15164 1:0 31315
29930 15166 1:0 31325
29945 15155 1:0 31274
29945 15156 1:0 31275
29945 15161 1:0 31304
29945 15162 1:0 31305
29946 15167 1:0 31334
29946 15168 1:0 31335
30005 14284 21:0 30040
30039 14286 0:0 30040
30039 14282 0:0 30040
30039 14283 0:0 30040
30039 14281 0:0 30040
30039 14285 0:0 30040
30039 14273 0:0 30040
30039 14280 0:0 30040
30039 14274 0:0 30040
30039 14279 0:0 30040
30239 14432 21:0 30261
30260 14428 0:0 30261
30260 14430 0:0 30261
30260 14431 0:0 30261
30260 14429 0:0 30261
30260 14433 0:0 30261
30260 14426 0:0 30261
30260 14427 0:0 30261
30260 14420 0:0 30261
30260 14421 0:0 30261
30440 14575 21:0 30482
30481 14568 0:0 30482
30481 14567 0:0 30482
30481 14579 0:0 30482
30481 14578 0:0 30482
30481 14577 0:0 30482
30481 14574 0:0 30482
30481 14573 0:0 30482
30481 14580 0:0 30482
30481 14576 0:0 30482
30661 14722 21:0 30703
30701 14724 0:0 30703
30702 14721 0:0 30703
30702 14727 0:0 30703
30702 14720 0:0 30703
30702 14715 0:0 30703
30702 14714 0:0 30703
30702 14726 0:0 30703
30702 14725 0:0 30703
30702 14723 0:0 30703
30899 14874 21:0 30924
30922 14873 0:0 30924
30922 14872 0:0 30924
30922 14870 0:0 30924
30922 14869 0:0 30924
30923 14871 0:0 30924
30923 14861 0:0 30924
30923 14862 0:0 30924
30923 14867 0:0 30924
30923 14868 0:0 30924
31120 15021 21:0 31145
31143 15019 0:0 31145
31143 15020 0:0 31145
31144 15014 0:0 31145
31144 15008 0:0 31145
31144 15009 0:0 31145
31144 15015 0:0 31145
31144 15017 0:0 31145
31144 15018 0:0 31145
31144 15016 0:0 31145
31334 15165 21:0 96
