118 49172 0:0 129
118 49078 21:0 211
210 49076 21:0 216
215 49072 21:0 216
215 49077 21:0 227
226 49070 21:0 227
226 49073 21:0 227
226 49074 21:0 227
226 329 21:0 232
1397 49785 21:0 1407
3374 298 21:0 3413
4610 51256 21:0 4620
4651 302 1:0 13453
6733 299 21:0 6772
7969 52727 21:0 7979
8010 303 1:0 16812
10092 300 21:0 10131
11328 54198 21:0 11338
11369 304 1:0 20171
13451 301 21:0 13491
14687 55669 21:0 14697
14728 305 1:0 23530
16810 302 21:0 16850
18046 57140 21:0 18056
18087 306 1:0 26889
20169 303 21:0 20208
21405 58611 21:0 21415
21446 307 1:0 30248
23528 304 21:0 23565
24764 60082 21:0 24774
24805 308 1:0 33607
26887 305 21:0 26925
28123 61553 21:0 28133
28164 309 1:0 36966
30246 306 21:0 30285
31482 63024 21:0 31492
31523 310 1:0 40325
33605 307 21:0 33644
34841 64495 21:0 34851
34882 311 1:0 43684
36964 308 21:0 37004
38200 65966 21:0 38210
38241 312 1:0 47043
40323 309 21:0 40363
41559 67437 21:0 41569
41600 313 1:0 50402
43682 310 21:0 43721
44918 68908 21:0 44928
44959 314 1:0 53761
47041 311 21:0 47078
48277 70379 21:0 48287
48318 315 1:0 57120
50400 312 21:0 50440
51636 71850 21:0 51646
51677 316 1:0 60479
53759 313 21:0 53797
54995 73321 21:0 55005
55036 317 1:0 63838
57118 314 21:0 57156
58354 74792 21:0 58364
58395 318 1:0 67197
60477 315 21:0 60517
61713 76263 21:0 61723
61754 319 1:0 70556
63836 316 21:0 63875
65072 77734 21:0 65082
65113 320 1:0 73915
67195 317 21:0 67234
70554 318 21:0 70593
73913 319 21:0 73953
75190 321 1:0 77274
77272 320 21:0 77312
78549 322 1:0 80633
78549 323 1:0 83992
78549 324 1:0 87351
78550 325 1:0 90710
80631 321 21:0 80671
81771 85046 21:0 81837
81908 85046 1:0 82029
83990 322 21:0 84030
85054 86484 21:0 85120
85267 86484 1:0 85519
85268 326 1:0 94069
87349 323 21:0 87389
88030 87788 21:0 88086
88626 87788 1:0 89540
90708 324 21:0 90748
90852 89027 21:0 90860
91985 89027 1:0 93827
91986 327 1:0 97428
94067 325 21:0 94106
95204 90929 21:0 95260
95344 90929 1:0 95473
97426 326 21:0 97466
97651 92003 21:0 97707
98703 299 1:0 3376
98703 300 1:0 6735
98703 301 1:0 10094
98703 328 1:0 100787
98704 92003 1:0 100403
100785 327 21:0 100824
101238 93574 21:0 101296
101545 93707 21:0 101611
102062 93707 1:0 102838
102063 93574 1:0 103370
102063 329 1:0 104146
102072 46874 1:0 105432
102072 46878 1:0 105435
104144 328 21:0 104183
104372 94947 21:0 104438
104437 94946 21:0 104448
104447 94945 21:0 104514
104513 94980 21:0 104524
104525 94980 1:0 105424
105431 46875 1:0 105441
105431 46876 1:0 105444
105432 46871 1:0 105469
105432 46872 1:0 105469
105432 46865 1:0 105469
105432 46866 1:0 105469
105432 46873 1:0 105523
105441 46877 1:0 105612
105441 47019 1:0 105645
105441 47023 1:0 105653
105441 47024 1:0 105656
105441 47020 1:0 105662
105447 47012 1:0 105665
105447 47018 1:0 105665
105447 47013 1:0 105665
105449 47025 1:0 105671
105452 47021 1:0 105737
105468 47022 1:0 105823
105468 47166 1:0 105866
105480 47165 1:0 105866
105521 47167 1:0 105874
105529 47170 1:0 105877
105549 47169 1:0 105883
105550 47171 1:0 105886
105559 46866 21:0 105616
105600 47168 1:0 105911
105610 47172 1:0 105965
105610 47160 1:0 105968
105610 47159 1:0 105994
105612 47313 1:0 106087
105622 46877 21:0 105644
105643 46873 21:0 105647
105646 46865 21:0 105655
105652 47307 1:0 106095
105652 47312 1:0 106095
105652 47306 1:0 106095
105652 47315 1:0 106098
105653 47316 1:0 106104
105653 47317 1:0 106107
105653 47308 1:0 106117
105653 47314 1:0 106132
105653 47309 1:0 106132
105654 46872 21:0 105655
105654 46871 21:0 105655
105654 46876 21:0 105658
105657 46875 21:0 105664
105659 47319 1:0 106186
105662 47318 1:0 106275
105662 47460 1:0 106308
105662 47459 1:0 106316
105662 47454 1:0 106316
105662 47453 1:0 106316
105662 47464 1:0 106319
105662 47466 1:0 106325
105662 47456 1:0 106325
105663 46878 21:0 105667
105665 47463 1:0 106328
105666 46874 21:0 105695
105668 47465 1:0 106397
105668 47461 1:0 106397
105670 47462 1:0 106477
105672 47601 1:0 106529
105673 47607 1:0 106537
105673 47600 1:0 106537
105688 47606 1:0 106537
105689 47611 1:0 106540
105696 47609 1:0 106546
105696 47602 1:0 106546
105701 47613 1:0 106549
105742 47610 1:0 106618
105770 47612 1:0 106618
105771 47608 1:0 106697
105771 47754 1:0 106750
105771 47747 1:0 106758
105772 47753 1:0 106758
105821 47748 1:0 106758
105831 47755 1:0 106761
105833 47022 21:0 105865
105864 47021 21:0 105868
105867 47025 21:0 105876
105873 47756 1:0 106767
105873 47758 1:0 106770
105874 47749 1:0 106780
105874 47759 1:0 106795
105874 47751 1:0 106795
105874 47757 1:0 106849
105874 47760 1:0 106939
105874 47894 1:0 106979
105874 47901 1:0 106982
105875 47012 21:0 105879
105877 47900 1:0 106982
105878 47020 21:0 105879
105878 47018 21:0 105885
105880 47895 1:0 106982
105880 47903 1:0 106988
105883 47906 1:0 106991
105883 47897 1:0 106997
105883 47902 1:0 106997
105883 47905 1:0 107063
105883 47904 1:0 107149
105884 47013 21:0 105885
105884 47024 21:0 105888
105887 47023 21:0 105913
105889 47907 1:0 107074
105889 94945 1:0 107203
105891 48047 1:0 107209
105891 48041 1:0 107212
105893 48042 1:0 107212
105894 48048 1:0 107212
105909 48051 1:0 107237
105909 48044 1:0 107237
105910 48052 1:0 107291
105912 47019 21:0 105916
105922 48054 1:0 107381
105963 48049 1:0 107296
105963 48043 1:0 107296
105971 48050 1:0 107295
105991 48053 1:0 107296
105992 48194 1:0 107430
105992 48193 1:0 107433
105992 48189 1:0 107433
106004 47159 21:0 106060
106042 94946 1:0 107424
106052 48188 1:0 107433
106052 48195 1:0 107433
106059 47160 21:0 106086
106085 47172 21:0 106089
106088 47168 21:0 106097
106094 48192 1:0 107433
106094 48200 1:0 107439
106094 48190 1:0 107439
106094 48342 1:0 107645
106095 48199 1:0 107505
106095 48201 1:0 107516
106095 48198 1:0 107591
106096 47171 21:0 106100
106098 48197 1:0 107516
106099 47169 21:0 106100
106099 47170 21:0 106106
106101 48196 1:0 107517
106101 48336 1:0 107651
106101 48339 1:0 107651
106101 48335 1:0 107651
106101 48341 1:0 107651
106104 94947 1:0 107642
106104 48347 1:0 107654
106104 48348 1:0 107660
106104 48340 1:0 107660
106105 47167 21:0 106109
106107 48345 1:0 107726
106108 47166 21:0 106134
106110 48344 1:0 107737
106110 48346 1:0 107813
106112 48343 1:0 107738
106114 48483 1:0 107855
106114 48485 1:0 107863
106115 48489 1:0 107863
106115 48488 1:0 107863
106130 48482 1:0 107863
106131 48493 1:0 107866
106133 47165 21:0 106137
106143 48487 1:0 107872
106143 48494 1:0 107872
106184 48490 1:0 107875
106184 48486 1:0 107882
106197 48491 1:0 107882
106213 48495 1:0 107947
106214 48492 1:0 108033
106223 48636 1:0 108084
106232 47309 21:0 106256
106255 47308 21:0 106264
106263 48629 1:0 108087
106263 48630 1:0 108087
106263 48635 1:0 108087
106263 48633 1:0 108093
106273 48637 1:0 108093
106285 47318 21:0 106307
106306 47319 21:0 106310
106309 47314 21:0 106318
106315 48642 1:0 108096
106315 48641 1:0 108102
106315 48631 1:0 108102
106316 48638 1:0 108168
106316 48640 1:0 108179
106316 48639 1:0 108254
106317 47317 21:0 106321
106319 48782 1:0 108305
106319 48779 1:0 108308
106320 47316 21:0 106327
106322 48777 1:0 108308
106322 48780 1:0 108308
106322 48783 1:0 108308
106322 48776 1:0 108308
106325 48788 1:0 108314
106325 48778 1:0 108314
106325 48789 1:0 108317
106325 48784 1:0 108386
106325 48787 1:0 108386
106326 47315 21:0 106330
106328 48785 1:0 108466
106329 47307 21:0 106330
106329 47306 21:0 106355
106331 48786 1:0 108400
106331 77734 1:0 108526
106331 76263 1:0 108526
106331 74792 1:0 108526
106331 48924 1:0 108529
106331 71850 1:0 108529
106331 73321 1:0 108529
106333 48930 1:0 108535
106333 48923 1:0 108535
106335 48929 1:0 108535
106351 48931 1:0 108538
106351 48927 1:0 108548
106352 48926 1:0 108563
106352 48932 1:0 108563
106354 47312 21:0 106358
106357 47313 21:0 106380
106364 48934 1:0 108617
106405 48935 1:0 108706
106418 48936 1:0 108621
106433 48933 1:0 108622
106434 68908 1:0 108739
106434 70379 1:0 108739
106434 67437 1:0 108739
106435 65966 1:0 108747
106453 47456 21:0 106477
106483 47462 21:0 106528
106484 64495 1:0 108747
106484 63024 1:0 108747
106484 61553 1:0 108750
106484 58611 1:0 108750
106494 60082 1:0 108750
106494 54198 1:0 108756
106494 55669 1:0 108756
106527 47461 21:0 106531
106530 47465 21:0 106539
106536 57140 1:0 108756
106536 51256 1:0 108759
106536 52727 1:0 108759
106536 49070 1:0 108759
106536 49073 1:0 108759
106536 49077 1:0 108784
106536 49076 1:0 108784
106536 49173 1:0 108969
106537 298 1:0 108784
106537 49071 1:0 108787
106537 49074 1:0 108822
106537 49785 1:0 108828
106537 49072 1:0 108828
106537 49078 1:0 108907
106537 49172 1:0 108968
106538 47463 21:0 106542
106540 49079 1:0 108908
106541 47466 21:0 106548
106543 49080 1:0 108917
106546 49081 1:0 108918
106546 49082 1:0 108927
106546 49083 1:0 108928
106547 47464 21:0 106551
106550 47454 21:0 106551
106550 47453 21:0 106555
106554 47459 21:0 106576
106575 47460 21:0 106579
106677 47602 21:0 106699
106707 47608 21:0 106749
106748 47612 21:0 106752
106751 47610 21:0 106760
106759 47613 21:0 106763
106762 47609 21:0 106769
106768 47611 21:0 106772
106771 47607 21:0 106772
106771 47606 21:0 106779
106778 47600 21:0 106797
106796 47601 21:0 106800
106908 47751 21:0 106922
106921 47749 21:0 106931
106945 47760 21:0 106970
106969 47757 21:0 106973
106972 47759 21:0 106981
106980 47758 21:0 106984
106983 47756 21:0 106990
106989 47755 21:0 106993
106992 47748 21:0 106993
106992 47753 21:0 107018
107017 47747 21:0 107021
107020 47754 21:0 107035
107116 47897 21:0 107140
107159 47904 21:0 107191
107190 47907 0:0 107191
107190 47905 21:0 107194
107193 47902 21:0 107202
107201 47906 21:0 107205
107204 47903 21:0 107211
107210 47901 21:0 107211
107210 47900 21:0 107214
107213 47894 21:0 107214
107213 47895 21:0 107214
107368 48043 0:0 107371
107370 48044 21:0 107379
107387 48054 21:0 107412
107410 48053 0:0 107412
107410 48050 0:0 107412
107410 48049 0:0 107412
107411 48052 21:0 107415
107414 48051 21:0 107423
107422 48041 21:0 107426
107425 48047 21:0 107426
107425 48042 21:0 107426
107425 48048 21:0 107426
107589 48190 21:0 107598
107601 48198 21:0 107633
107632 48197 0:0 107633
107632 48201 0:0 107633
107632 48196 0:0 107633
107632 48199 21:0 107636
107635 48200 21:0 107644
107643 48195 21:0 107647
107646 48194 21:0 107647
107646 48189 21:0 107647
107646 48192 21:0 107647
107646 48188 21:0 107647
107646 48193 21:0 107647
107789 48340 21:0 107805
107804 48339 21:0 107814
107819 48346 21:0 107854
107852 48344 0:0 107854
107852 48343 0:0 107854
107853 48345 21:0 107857
107856 48348 21:0 107865
107864 48347 21:0 107868
107867 48336 21:0 107868
107867 48335 21:0 107874
107873 48341 21:0 107874
107873 48342 21:0 107874
108013 48486 21:0 108027
108026 48487 21:0 108036
108043 48492 21:0 108075
108074 48495 21:0 108078
108077 48491 21:0 108086
108085 48490 21:0 108089
108088 48494 21:0 108095
108094 48493 21:0 108098
108097 48489 21:0 108098
108097 48482 21:0 108123
108122 48488 21:0 108123
108122 48483 21:0 108126
108125 48485 21:0 108144
108224 48631 21:0 108246
108245 48633 21:0 108255
108264 48639 21:0 108296
108295 48640 0:0 108296
108295 48638 21:0 108299
108298 48641 21:0 108307
108306 48642 21:0 108310
108309 48637 21:0 108316
108315 48629 21:0 108316
108315 48635 21:0 108319
108318 48630 21:0 108319
108318 48636 21:0 108319
108445 48778 21:0 108467
108472 48785 21:0 108517
108515 48786 0:0 108517
108516 48784 21:0 108520
108519 48787 21:0 108528
108527 48789 21:0 108531
108530 48788 21:0 108537
108536 48779 21:0 108537
108536 48783 21:0 108537
108536 48777 21:0 108540
108539 48782 21:0 108540
108539 48780 21:0 108540
108539 48776 21:0 108540
108663 48926 21:0 108687
108686 48927 21:0 108695
108716 48935 21:0 108738
108737 48936 0:0 108738
108737 48933 0:0 108738
108737 48934 21:0 108741
108740 48932 21:0 108749
108748 48931 21:0 108752
108751 48930 21:0 108758
108757 48924 21:0 108758
108757 48929 21:0 108758
108757 48923 21:0 108758
108934 49083 0:0 108957
108937 49082 0:0 108957
108956 49080 0:0 108957
108956 49081 0:0 108957
108956 49079 0:0 108957
108956 49071 21:0 108958
108975 49173 21:0 119
