54 7818 21:0 92
91 7812 21:0 103
102 7908 21:0 103
102 7819 21:0 103
102 7909 21:0 103
102 7816 21:0 108
107 7815 21:0 113
1273 8473 21:0 1283
3475 9503 21:0 3492
3630 9571 21:0 3696
3695 9569 21:0 3701
3703 9602 21:0 3720
4007 9734 21:0 4024
4086 9769 21:0 4152
4311 9867 21:0 4328
4527 9867 1:0 4787
4528 9769 1:0 5172
4537 9734 1:0 5310
4537 9602 1:0 5834
4543 9571 1:0 5958
4548 9569 1:0 5965
4576 9503 1:0 6227
6682 10909 21:0 6699
6753 10940 21:0 6761
6910 11007 21:0 6927
6986 11040 21:0 7003
7133 11105 21:0 7141
7445 11240 21:0 7511
7510 11239 21:0 7516
7886 11240 1:0 8531
7887 11239 1:0 8539
7896 11105 1:0 9073
7896 11040 1:0 9324
7902 11007 1:0 9455
7907 10940 1:0 9728
7935 10909 1:0 9849
10117 12413 21:0 10134
10264 12477 21:0 10272
10272 12480 21:0 10338
10500 12579 21:0 10566
10725 12677 21:0 10742
10801 12709 21:0 10818
10817 12708 21:0 10870
11255 5609 1:0 11268
11255 5614 1:0 11293
11255 5607 1:0 11296
11256 5613 1:0 11347
11256 5611 1:0 11426
11265 5761 1:0 11499
11265 5758 1:0 11526
11265 5759 1:0 11571
11265 5748 1:0 11597
11265 5906 1:0 11710
11271 5907 1:0 11735
11273 5908 1:0 11782
11276 5903 1:0 11794
11291 5902 1:0 11849
11292 6053 1:0 11931
11304 6048 1:0 11931
11345 6052 1:0 11959
11353 6055 1:0 11959
11373 6051 1:0 12010
11374 6050 1:0 12079
11424 6200 1:0 12149
11434 6199 1:0 12152
11436 5611 21:0 11468
11467 5613 21:0 11471
11470 5607 21:0 11471
11470 5614 21:0 11479
11476 6198 1:0 12162
11476 6197 1:0 12190
11477 6202 1:0 12234
11477 6190 1:0 12261
11477 6195 1:0 12290
11477 12709 1:0 12357
11478 5609 21:0 11479
11480 6346 1:0 12383
11486 12708 1:0 12368
11486 6348 1:0 12410
11486 6347 1:0 12455
11492 6349 1:0 12542
11496 12677 1:0 12579
11512 6494 1:0 12591
11525 6493 1:0 12594
11525 6484 1:0 12603
11566 6496 1:0 12603
11579 6492 1:0 12630
11594 6491 1:0 12676
11595 6495 1:0 12762
11596 6637 1:0 12824
11607 5748 21:0 11651
11645 6630 1:0 12824
11647 6640 1:0 12824
11654 5759 21:0 11689
11655 6641 1:0 12851
11665 6638 1:0 12897
11688 5758 21:0 11692
11691 5761 21:0 11692
11697 6643 1:0 12984
11697 6778 1:0 13027
11698 12579 1:0 13036
11698 6788 1:0 13036
11707 6787 1:0 13064
11707 6785 1:0 13064
11707 6789 1:0 13115
11707 6786 1:0 13185
11713 6933 1:0 13248
11715 6935 1:0 13254
11718 6932 1:0 13257
11734 6931 1:0 13285
11734 6936 1:0 13285
11746 6937 1:0 13336
11787 6934 1:0 13415
11795 7077 1:0 13478
11815 7079 1:0 13478
11816 7082 1:0 13506
11855 5902 21:0 11880
11866 7081 1:0 13506
11876 7080 1:0 13557
11876 7072 1:0 13560
11879 5903 21:0 11910
11886 7084 1:0 13647
11909 5908 21:0 11913
11912 5907 21:0 11913
11912 5906 21:0 11921
11918 12480 1:0 13690
11919 7227 1:0 13696
11919 7230 1:0 13699
11919 7224 1:0 13709
11919 7226 1:0 13709
11928 7229 1:0 13735
11928 7228 1:0 13781
11928 7231 1:0 13868
11928 7374 1:0 13917
11934 12477 1:0 13915
11938 7375 1:0 13920
11954 7376 1:0 13929
11955 7378 1:0 13956
11967 7373 1:0 14002
12008 7377 1:0 14088
12036 7522 1:0 14138
12037 7520 1:0 14141
12037 7513 1:0 14150
12037 7518 1:0 14150
12087 7523 1:0 14150
12089 6050 21:0 12131
12097 7524 1:0 14177
12107 7521 1:0 14223
12130 6051 21:0 12134
12133 6052 21:0 12134
12133 6055 21:0 12142
12139 7525 1:0 14310
12139 7671 1:0 14353
12140 12413 1:0 14347
12140 7668 1:0 14359
12140 7660 1:0 14362
12141 6053 21:0 12145
12143 7666 1:0 14362
12144 6048 21:0 12145
12146 7669 1:0 14390
12149 7670 1:0 14390
12149 7672 1:0 14441
12149 7667 1:0 14510
12149 7815 1:0 14580
12155 7816 1:0 14583
12157 7819 1:0 14608
12157 7909 1:0 14608
12157 7812 1:0 14611
12160 7818 1:0 14662
12176 7908 1:0 14738
12176 7817 1:0 14742
12188 8473 1:0 14779
12267 6190 21:0 12313
12327 6202 21:0 12352
12351 6197 21:0 12355
12354 6198 21:0 12355
12354 6195 21:0 12363
12362 6199 21:0 12363
12362 6200 21:0 12366
12548 6349 21:0 12573
12572 6347 21:0 12576
12575 6348 21:0 12576
12575 6346 21:0 12584
12709 6484 21:0 12755
12772 6495 21:0 12794
12793 6491 21:0 12797
12796 6492 21:0 12797
12796 6496 21:0 12805
12804 6493 21:0 12808
12807 6494 21:0 12808
12960 6637 21:0 12986
12990 6643 21:0 13015
13014 6638 21:0 13018
13017 6641 21:0 13018
13017 6640 21:0 13026
13025 6630 21:0 13026
13191 6786 21:0 13236
13235 6789 21:0 13239
13238 6785 21:0 13239
13238 6787 21:0 13247
13246 6788 21:0 13250
13249 6778 21:0 13250
13425 6934 21:0 13457
13456 6937 21:0 13460
13459 6936 21:0 13460
13459 6931 21:0 13468
13467 6932 21:0 13468
13467 6935 21:0 13471
13470 6933 21:0 13471
13593 7072 21:0 13639
13653 7084 21:0 13678
13677 7080 21:0 13681
13680 7081 21:0 13681
13680 7082 21:0 13689
13688 7079 21:0 13692
13691 7077 21:0 13692
13847 7224 21:0 13871
13874 7231 21:0 13899
13898 7228 21:0 13902
13901 7229 21:0 13902
13901 7226 21:0 13910
13909 7230 21:0 13913
13912 7227 21:0 13913
14098 7377 21:0 14120
14119 7373 21:0 14123
14122 7378 21:0 14123
14122 7376 21:0 14131
14130 7375 21:0 14134
14133 7374 21:0 14134
14289 7518 21:0 14313
14316 7525 21:0 14341
14340 7521 21:0 14344
14343 7524 21:0 14344
14343 7523 21:0 14352
14351 7520 21:0 14355
14354 7513 21:0 14355
14354 7522 21:0 14361
14520 7667 21:0 14562
14561 7672 21:0 14565
14564 7669 21:0 14565
14564 7670 21:0 14573
14572 7660 21:0 14573
14572 7666 21:0 14573
14572 7668 21:0 14576
14575 7671 21:0 14582
14748 7817 21:0 55
