50 8653 0:0 52
51 8656 0:0 52
51 8654 0:0 52
51 8651 0:0 52
51 8655 0:0 52
59 8780 0:0 88
88 8787 0:0 93
88 8788 0:0 93
93 8789 21:0 104
103 8800 21:0 104
106 8802 21:0 114
113 8801 0:0 114
113 8803 0:0 114
113 8804 21:0 180
127 8813 0:0 128
162 8814 0:0 164
168 8818 0:0 169
178 8805 0:0 180
179 8807 0:0 180
182 8835 21:0 190
189 8836 0:0 190
189 8837 21:0 256
244 8853 0:0 245
254 8838 0:0 256
255 8840 0:0 256
258 8868 21:0 266
265 8870 0:0 266
265 8869 21:0 332
320 8887 0:0 321
330 8871 0:0 332
334 8901 21:0 342
341 8903 0:0 342
341 8902 21:0 408
355 8912 0:0 356
396 8920 0:0 397
396 8917 0:0 397
396 8919 0:0 397
406 8904 0:0 408
410 8934 21:0 418
417 8933 0:0 418
417 8935 0:0 418
417 8936 21:0 484
430 8926 0:0 432
482 8937 0:0 484
486 8967 21:0 494
493 8968 0:0 494
493 8969 21:0 560
542 8979 0:0 544
548 8986 0:0 549
548 8985 0:0 549
548 8983 0:0 549
558 8970 0:0 560
559 8998 0:0 560
562 9000 21:0 570
569 9002 0:0 570
569 9001 21:0 636
583 9011 0:0 584
624 9019 0:0 625
624 9018 0:0 625
624 9016 0:0 625
634 9003 0:0 636
638 9033 21:0 646
645 9035 0:0 646
645 9032 0:0 646
645 9034 21:0 712
658 9025 0:0 660
659 9044 0:0 660
700 9051 0:0 701
700 9052 0:0 701
710 9036 0:0 712
711 9064 0:0 712
714 9066 21:0 722
721 9067 0:0 722
721 9065 0:0 722
721 9068 21:0 788
734 9058 0:0 736
770 9078 0:0 772
786 9069 0:0 788
787 9086 0:0 788
787 9097 0:0 788
790 9099 21:0 798
797 9101 0:0 798
797 9098 0:0 798
797 9100 21:0 864
810 9091 0:0 812
862 9102 0:0 864
863 9130 0:0 864
866 9132 21:0 874
873 9133 0:0 874
873 9134 21:0 940
938 9135 0:0 940
942 9165 21:0 950
949 9166 0:0 950
949 9167 21:0 1016
1014 9168 0:0 1016
1018 9198 21:0 1026
1025 9200 0:0 1026
1025 9197 0:0 1026
1025 9199 21:0 1092
1090 9201 0:0 1092
1091 9218 0:0 1092
1094 9231 21:0 1102
1101 9232 0:0 1102
1101 9233 21:0 1168
1114 9223 0:0 1116
1156 9250 0:0 1157
1156 9247 0:0 1157
1166 9234 0:0 1168
1170 9264 21:0 1178
1177 9265 0:0 1178
1177 9266 21:0 1244
1190 9256 0:0 1192
1242 9267 0:0 1244
1243 9295 0:0 1244
1243 9269 0:0 1244
1246 9297 21:0 1254
1253 9298 0:0 1254
1253 9299 21:0 1320
1266 9289 0:0 1268
1318 9300 0:0 1320
1322 9330 21:0 1330
1329 9332 0:0 1330
1329 9331 21:0 1396
1342 9322 0:0 1344
1394 9333 0:0 1396
1395 9335 0:0 1396
1398 9363 21:0 1406
1405 9365 0:0 1406
1405 9364 0:0 1406
1418 9375 21:0 1457
1455 9376 0:0 1457
1457 9383 0:0 1462
1457 9380 0:0 1462
1457 9382 0:0 1462
1464 9369 21:0 1473
1471 9366 0:0 1473
1471 9384 0:0 1473
1472 9395 21:0 1473
1474 9366 1:0 2779
1475 9397 21:0 1483
1482 9396 0:0 1483
1482 9398 0:0 1483
1482 9399 21:0 1549
1495 9389 0:0 1497
1496 9408 0:0 1497
1531 9409 0:0 1533
1537 9416 0:0 1538
1537 9413 0:0 1538
1537 9415 0:0 1538
1547 9400 0:0 1549
1548 9402 0:0 1549
1548 9417 0:0 1549
1548 9428 0:0 1549
1551 9430 21:0 1559
1552 31 0:0 1554
1558 9431 0:0 1559
1558 9429 0:0 1559
1558 9432 21:0 1625
1571 9422 0:0 1573
1572 9441 0:0 1573
1607 9442 0:0 1609
1613 9449 0:0 1614
1613 9448 0:0 1614
1613 9446 0:0 1614
1623 9433 0:0 1625
1624 9461 0:0 1625
1624 9450 0:0 1625
1624 9435 0:0 1625
1627 9463 21:0 1635
1628 49 0:0 1630
1634 9465 0:0 1635
1634 9462 0:0 1635
1634 9464 21:0 1701
1647 9455 0:0 1649
1648 9474 0:0 1649
1683 9475 0:0 1685
1689 9479 0:0 1690
1689 9481 0:0 1690
1689 9482 0:0 1690
1699 9466 0:0 1701
1700 9483 0:0 1701
1700 9494 0:0 1701
1700 9468 0:0 1701
1703 9496 21:0 1711
1710 9498 0:0 1711
1710 9495 0:0 1711
1710 9497 21:0 1777
1723 69 0:0 1725
1723 9488 0:0 1725
1724 9507 0:0 1725
1759 9508 0:0 1761
1765 9514 0:0 1766
1765 9512 0:0 1766
1765 9515 0:0 1766
1775 9499 0:0 1777
1776 9527 0:0 1777
1776 9501 0:0 1777
1776 9516 0:0 1777
1779 9529 21:0 1787
1786 9531 0:0 1787
1786 9530 21:0 1853
1799 87 0:0 1801
1799 9521 0:0 1801
1800 9540 0:0 1801
1835 9541 0:0 1837
1841 9547 0:0 1842
1841 9545 0:0 1842
1851 9532 0:0 1853
1852 9534 0:0 1853
1852 9560 0:0 1853
1852 9549 0:0 1853
1855 9562 21:0 1863
1862 9561 0:0 1863
1862 9564 0:0 1863
1862 9563 21:0 1929
1875 9554 0:0 1877
1876 9573 0:0 1877
1917 9581 0:0 1918
1917 9578 0:0 1918
1917 9580 0:0 1918
1927 9565 0:0 1929
1928 9567 0:0 1929
1928 9593 0:0 1929
1928 9582 0:0 1929
1931 9595 21:0 1939
1932 121 0:0 1934
1938 9597 0:0 1939
1938 125 0:0 1939
1938 9594 0:0 1939
1938 9596 21:0 2005
1951 9587 0:0 1953
1951 123 0:0 1953
1952 9606 0:0 1953
1987 9607 0:0 1989
1993 9613 0:0 1994
2003 9598 0:0 2005
2007 9628 21:0 2015
2008 139 0:0 2010
2014 9629 0:0 2015
2014 143 0:0 2015
2014 9630 21:0 2081
2027 9620 0:0 2029
2069 9647 0:0 2070
2069 9644 0:0 2070
2079 9631 0:0 2081
2080 9633 0:0 2081
2083 9661 21:0 2091
2084 157 0:0 2086
2090 9663 0:0 2091
2090 161 0:0 2091
2090 9662 21:0 2157
2104 9672 0:0 2105
2155 9664 0:0 2157
2156 9681 0:0 2157
2156 9692 0:0 2157
2159 9694 21:0 2167
2166 9695 0:0 2167
2166 9696 21:0 2233
2221 9713 0:0 2222
2221 9712 0:0 2222
2231 9697 0:0 2233
2232 9699 0:0 2233
2235 9727 21:0 2243
2242 9728 0:0 2243
2242 9729 21:0 2309
2297 9743 0:0 2298
2307 9730 0:0 2309
2311 9760 21:0 2319
2318 215 0:0 2319
2318 9761 0:0 2319
2318 9762 21:0 2385
2383 9763 0:0 2385
2387 9793 21:0 2395
2394 9794 0:0 2395
2394 9795 21:0 2461
2459 9796 0:0 2461
2463 9826 21:0 2471
2470 251 0:0 2471
2470 9827 0:0 2471
2470 9828 21:0 2537
2535 9829 0:0 2537
2539 9859 21:0 2547
2546 9860 0:0 2547
2546 9861 21:0 2613
2611 9862 0:0 2613
2615 9892 21:0 2623
2622 9894 0:0 2623
2622 9893 21:0 2689
2687 9895 0:0 2689
2691 9925 21:0 2699
2698 9926 0:0 2699
2698 9927 21:0 2765
2763 9928 0:0 2765
2767 9958 21:0 2775
2774 9959 0:0 2775
2774 9960 21:0 2784
2776 9364 1:0 2785
2776 9365 1:0 2786
2783 9961 21:0 2794
2788 9363 1:0 2795
2789 9335 1:0 2885
2789 9333 1:0 2901
2793 9666 21:0 2799
2795 9331 1:0 2907
2797 9332 1:0 2908
2797 9330 1:0 2917
2798 9686 21:0 2799
2798 9680 21:0 2802
2800 9322 1:0 2930
2801 9903 21:0 2802
2803 9300 1:0 3023
2814 336 21:0 2828
2822 9299 1:0 3030
2873 9298 1:0 3029
2878 9864 21:0 2903
2902 9776 21:0 2903
2902 9845 21:0 2906
2905 9813 21:0 2906
2905 9924 21:0 2913
2910 9297 1:0 3039
2911 9295 1:0 3048
2911 9289 1:0 3052
2911 9269 1:0 3129
2911 9267 1:0 3145
2912 9659 21:0 2913
2912 9875 21:0 2916
2915 9615 21:0 2916
2919 10025 21:0 2921
2919 9265 1:0 3151
2919 9266 1:0 3152
2920 9705 21:0 2924
2923 9792 21:0 2924
2923 9930 21:0 2924
2923 9779 21:0 2950
2925 9264 1:0 3161
2925 9256 1:0 3174
2925 9250 1:0 3197
2925 9247 1:0 3197
2943 9234 1:0 3267
3000 9838 21:0 3025
3031 10078 21:0 3035
3032 9233 1:0 3274
3033 9232 1:0 3273
3033 251 1:0 3279
3033 9231 1:0 3283
3033 9223 1:0 3296
3041 9218 1:0 3311
3041 9201 1:0 3389
3047 9199 1:0 3395
3154 9200 1:0 3396
3154 9197 1:0 3399
3155 9198 1:0 3405
3155 9168 1:0 3511
3163 9167 1:0 3518
3169 9166 1:0 3517
3169 215 1:0 3523
3188 9165 1:0 3527
3276 9135 1:0 3633
3277 9134 1:0 3640
3285 9133 1:0 3639
3285 9132 1:0 3649
3285 9130 1:0 3658
3295 9102 1:0 3755
3398 9100 1:0 3761
3398 9098 1:0 3765
3399 9101 1:0 3762
3407 9099 1:0 3771
3407 9097 1:0 3780
3407 9091 1:0 3784
3407 9086 1:0 3799
3407 9078 1:0 3833
3413 9069 1:0 3877
3520 9068 1:0 3884
3520 9065 1:0 3887
3521 9067 1:0 3883
3529 161 1:0 3889
3529 9066 1:0 3893
3529 157 1:0 3897
3529 9064 1:0 3902
3529 9058 1:0 3906
3529 9051 1:0 3929
3529 9052 1:0 3929
3539 9036 1:0 3999
3553 9044 1:0 3979
3642 9034 1:0 4005
3642 9032 1:0 4009
3643 9035 1:0 4006
3643 143 1:0 4011
3651 10367 21:0 3653
3651 9033 1:0 4015
3651 139 1:0 4019
3651 9025 1:0 4028
3651 9016 1:0 4051
3651 9019 1:0 4051
3654 9018 1:0 4051
3661 9003 1:0 4121
3675 9011 1:0 4101
3764 9001 1:0 4127
3765 123 1:0 4123
3765 9002 1:0 4128
3765 125 1:0 4133
3773 9000 1:0 4137
3773 121 1:0 4141
3773 8998 1:0 4146
3773 8985 1:0 4173
3779 8986 1:0 4173
3779 8983 1:0 4173
3779 8979 1:0 4199
3885 10477 21:0 3889
3886 8970 1:0 4243
3887 8968 1:0 4249
3887 8969 1:0 4250
3895 8967 1:0 4259
3895 8937 1:0 4365
3901 87 1:0 4367
3919 8936 1:0 4372
4007 10534 21:0 4011
4008 8935 1:0 4371
4008 8933 1:0 4375
4009 8934 1:0 4381
4009 8926 1:0 4394
4009 8919 1:0 4417
4009 8920 1:0 4417
4017 10538 21:0 4019
4017 8917 1:0 4417
4017 8912 1:0 4467
4017 8904 1:0 4487
4017 69 1:0 4489
4023 8902 1:0 4493
4130 8903 1:0 4494
4131 8901 1:0 4503
4131 8887 1:0 4539
4139 8871 1:0 4609
4139 8869 1:0 4615
4145 8870 1:0 4616
4164 8868 1:0 4625
4175 49 1:0 4629
4220 10598 21:0 4245
4252 8853 1:0 4661
4253 8840 1:0 4715
4253 8838 1:0 4731
4253 8837 1:0 4738
4261 8836 1:0 4737
4267 8835 1:0 4747
4267 31 1:0 4751
4267 8818 1:0 4783
4271 8814 1:0 4809
4373 10705 21:0 4377
4374 8813 1:0 4833
4374 8805 1:0 4853
4375 8807 1:0 4837
4375 8804 1:0 4860
4375 8801 1:0 4863
4383 10709 21:0 4385
4383 8803 1:0 4859
4383 8802 1:0 4869
4386 8800 1:0 4878
4389 8789 1:0 4897
4389 8788 1:0 4905
4389 8787 1:0 4905
4393 8780 1:0 4955
4407 337 1:0 6334
4496 9961 1:0 6345
4758 10883 21:0 4780
4984 10997 21:0 5023
5021 10998 0:0 5023
5023 11002 21:0 5039
5027 11004 0:0 5028
5027 11005 0:0 5028
5038 11006 0:0 5039
5038 10991 0:0 5039
5038 11017 21:0 5039
5041 11019 21:0 5049
5048 11018 0:0 5049
5048 11021 0:0 5049
5048 11020 21:0 5115
5061 11011 0:0 5063
5062 11030 0:0 5063
5097 11031 0:0 5099
5103 11038 0:0 5104
5103 11037 0:0 5104
5103 11035 0:0 5104
5113 11022 0:0 5115
5114 11024 0:0 5115
5114 11050 0:0 5115
5114 11039 0:0 5115
5117 11052 21:0 5125
5124 11054 0:0 5125
5124 11051 0:0 5125
5124 11053 21:0 5191
5137 11044 0:0 5139
5138 11063 0:0 5139
5173 11064 0:0 5175
5179 11068 0:0 5180
5179 11070 0:0 5180
5179 11071 0:0 5180
5189 11055 0:0 5191
5190 11072 0:0 5191
5190 11057 0:0 5191
5190 11083 0:0 5191
5193 11085 21:0 5201
5200 11084 0:0 5201
5200 11086 0:0 5201
5200 11087 21:0 5267
5213 11077 0:0 5215
5214 11096 0:0 5215
5249 11097 0:0 5251
5255 11104 0:0 5256
5255 11103 0:0 5256
5255 11101 0:0 5256
5265 11088 0:0 5267
5266 11105 0:0 5267
5266 11090 0:0 5267
5266 11116 0:0 5267
5269 11118 21:0 5277
5276 11117 0:0 5277
5276 11120 0:0 5277
5276 11119 21:0 5343
5289 11110 0:0 5291
5290 11129 0:0 5291
5325 11130 0:0 5327
5331 11136 0:0 5332
5331 11137 0:0 5332
5331 11134 0:0 5332
5341 11121 0:0 5343
5342 11123 0:0 5343
5342 11138 0:0 5343
5342 11149 0:0 5343
5345 11151 21:0 5353
5352 11150 0:0 5353
5352 11153 0:0 5353
5352 11152 21:0 5419
5365 11143 0:0 5367
5366 11162 0:0 5367
5401 11163 0:0 5403
5407 11167 0:0 5408
5407 11169 0:0 5408
5407 11170 0:0 5408
5417 11154 0:0 5419
5418 11156 0:0 5419
5418 11171 0:0 5419
5418 11182 0:0 5419
5421 11184 21:0 5429
5428 11186 0:0 5429
5428 11183 0:0 5429
5428 11185 21:0 5495
5441 11176 0:0 5443
5442 11195 0:0 5443
5477 11196 0:0 5479
5483 11203 0:0 5484
5483 11202 0:0 5484
5483 11200 0:0 5484
5493 11187 0:0 5495
5494 11204 0:0 5495
5494 11189 0:0 5495
5494 11215 0:0 5495
5497 11217 21:0 5505
5504 11219 0:0 5505
5504 11216 0:0 5505
5504 11218 21:0 5571
5517 11209 0:0 5519
5518 11228 0:0 5519
5553 11229 0:0 5555
5559 11235 0:0 5560
5559 11236 0:0 5560
5559 11233 0:0 5560
5569 11220 0:0 5571
5570 11222 0:0 5571
5570 11237 0:0 5571
5570 11248 0:0 5571
5573 11250 21:0 5581
5580 11252 0:0 5581
5580 11249 0:0 5581
5580 11251 21:0 5647
5593 11242 0:0 5595
5594 11261 0:0 5595
5629 11262 0:0 5631
5635 11266 0:0 5636
5635 11269 0:0 5636
5635 11268 0:0 5636
5645 11253 0:0 5647
5646 11255 0:0 5647
5646 11281 0:0 5647
5646 11270 0:0 5647
5649 11283 21:0 5657
5656 11284 0:0 5657
5656 11282 0:0 5657
5656 11285 21:0 5723
5669 11275 0:0 5671
5670 11294 0:0 5671
5705 11295 0:0 5707
5711 11299 0:0 5712
5711 11301 0:0 5712
5711 11302 0:0 5712
5721 11286 0:0 5723
5722 11314 0:0 5723
5722 11288 0:0 5723
5722 11303 0:0 5723
5725 11316 21:0 5733
5732 11318 0:0 5733
5732 11317 21:0 5799
5745 11308 0:0 5747
5787 11332 0:0 5788
5787 11335 0:0 5788
5787 11334 0:0 5788
5797 11319 0:0 5799
5801 11349 21:0 5809
5808 11350 0:0 5809
5808 11351 21:0 5875
5857 11361 0:0 5859
5873 11352 0:0 5875
5877 11382 21:0 5885
5884 11384 0:0 5885
5884 11383 21:0 5951
5949 11385 0:0 5951
5953 11415 21:0 5961
5960 11417 0:0 5961
5960 11416 21:0 6027
6025 11418 0:0 6027
6029 11448 21:0 6037
6036 11449 0:0 6037
6036 11450 21:0 6103
6101 11451 0:0 6103
6105 11481 21:0 6113
6112 11482 0:0 6113
6112 11483 21:0 6179
6177 11484 0:0 6179
6181 11514 21:0 6189
6188 11516 0:0 6189
6188 11515 21:0 6255
6253 11517 0:0 6255
6257 11547 21:0 6265
6264 11548 0:0 6265
6264 11549 21:0 6331
6329 11550 0:0 6331
6333 11580 21:0 6341
6340 11582 0:0 6341
6340 11581 21:0 6350
6342 9959 1:0 6352
6342 9960 1:0 6353
6349 11583 21:0 6361
6355 9958 1:0 6363
6356 9930 1:0 6396
6356 10025 1:0 6447
6356 9928 1:0 6476
6360 11328 21:0 6367
6362 9924 1:0 6476
6365 9926 1:0 6483
6365 9927 1:0 6484
6366 11327 21:0 6367
6366 11315 21:0 6370
6368 9925 1:0 6494
6368 10078 1:0 6578
6369 11347 21:0 6370
6371 9903 1:0 6586
6371 9895 1:0 6607
6384 337 21:0 6398
6399 9893 1:0 6614
6451 11321 21:0 6478
6453 9894 1:0 6615
6477 11341 21:0 6478
6477 11336 21:0 6481
6480 11348 21:0 6481
6480 11367 21:0 6489
6486 9892 1:0 6625
6486 9875 1:0 6664
6487 9864 1:0 6722
6487 9862 1:0 6738
6488 11369 21:0 6489
6488 11414 21:0 6492
6491 11368 21:0 6492
6491 11447 21:0 6498
6493 9861 1:0 6746
6496 9860 1:0 6745
6496 9859 1:0 6756
6496 9838 1:0 6786
6497 11435 21:0 6498
6497 11374 21:0 6501
6499 9845 1:0 6795
6500 11466 21:0 6501
6500 11460 21:0 6521
6502 9829 1:0 6869
6507 9828 1:0 6877
6520 11534 21:0 6529
6530 9827 1:0 6876
6582 11413 21:0 6609
6608 11512 21:0 6609
6617 9826 1:0 6887
6617 9813 1:0 6917
6617 9792 1:0 7000
6618 9796 1:0 7000
6626 10082 21:0 6629
6627 9794 1:0 7007
6627 9795 1:0 7008
6630 9793 1:0 7018
6633 9779 1:0 7048
6633 9776 1:0 7057
6653 9763 1:0 7131
6748 9762 1:0 7139
6749 9761 1:0 7138
6749 9760 1:0 7149
6758 9743 1:0 7188
6758 9730 1:0 7262
6758 10367 1:0 7262
6764 9729 1:0 7270
6767 10142 21:0 6791
6784 9728 1:0 7269
6879 9727 1:0 7280
6879 9713 1:0 7319
6879 9712 1:0 7319
6880 9705 1:0 7372
6880 9699 1:0 7377
6880 9697 1:0 7393
6889 9695 1:0 7400
6889 9696 1:0 7401
6895 9694 1:0 7411
6897 9681 1:0 7441
6900 9686 1:0 7426
6915 10477 1:0 7441
6916 9692 1:0 7421
6928 9680 1:0 7450
7010 9666 1:0 7508
7011 9672 1:0 7503
7011 9664 1:0 7524
7011 9662 1:0 7531
7020 9663 1:0 7532
7020 9661 1:0 7542
7026 9659 1:0 7552
7026 9644 1:0 7581
7026 10534 1:0 7626
7028 9647 1:0 7581
7031 10538 1:0 7655
7141 9633 1:0 7639
7141 9631 1:0 7655
7142 9629 1:0 7662
7142 9630 1:0 7663
7151 9628 1:0 7673
7151 9620 1:0 7688
7151 9615 1:0 7703
7151 9613 1:0 7712
7151 9607 1:0 7738
7159 9598 1:0 7786
7162 9606 1:0 7765
7272 9596 1:0 7793
7273 9597 1:0 7794
7273 9594 1:0 7797
7273 9595 1:0 7804
7282 10598 1:0 7813
7282 9593 1:0 7814
7282 9587 1:0 7819
7282 9582 1:0 7834
7282 9578 1:0 7843
7282 9581 1:0 7843
7282 9580 1:0 7843
7288 9565 1:0 7917
7290 9573 1:0 7896
7293 9567 1:0 7901
7403 9563 1:0 7924
7403 9561 1:0 7928
7404 9564 1:0 7925
7404 9562 1:0 7935
7413 9560 1:0 7945
7413 9554 1:0 7950
7413 9549 1:0 7965
7413 9547 1:0 7974
7413 9545 1:0 7974
7413 9541 1:0 8000
7413 10709 1:0 8019
7419 9532 1:0 8048
7421 10705 1:0 8048
7424 9540 1:0 8027
7439 9534 1:0 8032
7534 9530 1:0 8055
7535 9531 1:0 8056
7535 9529 1:0 8066
7544 9527 1:0 8076
7544 9521 1:0 8081
7544 9516 1:0 8096
7544 9514 1:0 8105
7544 9515 1:0 8105
7544 9512 1:0 8105
7544 9508 1:0 8131
7550 9499 1:0 8179
7552 9507 1:0 8158
7555 9501 1:0 8163
7665 9497 1:0 8186
7666 9498 1:0 8187
7666 9495 1:0 8190
7666 9496 1:0 8197
7675 9494 1:0 8207
7675 9488 1:0 8212
7675 9483 1:0 8227
7675 9479 1:0 8236
7675 9481 1:0 8236
7675 9482 1:0 8236
7675 9475 1:0 8262
7681 9466 1:0 8310
7683 9468 1:0 8294
7684 10541 21:0 7708
7686 9474 1:0 8289
7714 9464 1:0 8317
7796 9465 1:0 8318
7797 9462 1:0 8321
7797 9463 1:0 8328
7797 9455 1:0 8343
7806 9461 1:0 8338
7806 9450 1:0 8358
7806 9449 1:0 8367
7806 9448 1:0 8367
7806 9446 1:0 8367
7806 9442 1:0 8393
7812 9435 1:0 8425
7812 9433 1:0 8441
7814 9441 1:0 8420
7815 10598 0:0 7836
7833 9432 1:0 8449
7845 9429 1:0 8452
7927 9431 1:0 8448
7928 9430 1:0 8459
7928 9428 1:0 8469
7928 9422 1:0 8474
7937 10883 1:0 8468
7937 9417 1:0 8489
7937 9415 1:0 8498
7937 9413 1:0 8498
7937 9416 1:0 8498
7937 9409 1:0 8524
7943 9402 1:0 8556
7943 9400 1:0 8572
7945 9408 1:0 8551
7976 9399 1:0 8580
8056 10705 21:0 8061
8058 9398 1:0 8579
8059 9396 1:0 8583
8059 9397 1:0 8590
8059 9389 1:0 8605
8059 9384 1:0 8620
8067 10709 21:0 8070
8068 9395 1:0 8600
8068 9383 1:0 8625
8068 9382 1:0 8625
8068 9380 1:0 8625
8068 9376 1:0 8655
8068 9369 1:0 8674
8068 9375 1:0 8682
8068 338 1:0 10063
8074 11583 1:0 10074
8329 10823 21:0 8332
8460 10880 21:0 8463
8580 10933 21:0 8585
8601 10940 0:0 8622
8752 12627 21:0 8768
8767 12639 21:0 8768
8767 12628 0:0 8768
8770 12641 21:0 8778
8777 12642 0:0 8778
8777 12643 21:0 8844
8832 12657 0:0 8833
8842 12644 0:0 8844
8843 12646 0:0 8844
8843 12672 0:0 8844
8846 12674 21:0 8854
8847 31 0:0 8849
8853 35 0:0 8854
8853 12675 0:0 8854
8853 12676 21:0 8920
8866 12666 0:0 8868
8867 12685 0:0 8868
8902 12686 0:0 8904
8908 12692 0:0 8909
8908 12693 0:0 8909
8908 12690 0:0 8909
8918 12677 0:0 8920
8919 12694 0:0 8920
8922 12707 21:0 8930
8923 49 0:0 8925
8929 12709 0:0 8930
8929 12708 21:0 8996
8942 51 0:0 8944
8942 12699 0:0 8944
8978 12719 0:0 8980
8984 12725 0:0 8985
8994 12710 0:0 8996
8998 12740 21:0 9006
9005 12741 0:0 9006
9005 12742 21:0 9072
9019 12751 0:0 9020
9054 12752 0:0 9056
9060 12759 0:0 9061
9060 12756 0:0 9061
9070 12743 0:0 9072
9071 12771 0:0 9072
9071 12745 0:0 9072
9071 12760 0:0 9072
9074 12773 21:0 9082
9075 85 0:0 9077
9081 12774 0:0 9082
9081 12775 0:0 9082
9081 12772 0:0 9082
9082 12776 21:0 9148
9094 12765 0:0 9096
9130 12785 0:0 9132
9136 12789 0:0 9137
9136 12792 0:0 9137
9136 12791 0:0 9137
9147 12793 0:0 9148
9150 12806 21:0 9158
9151 103 0:0 9153
9157 12807 0:0 9158
9157 12808 21:0 9224
9170 12798 0:0 9172
9170 105 0:0 9172
9171 12817 0:0 9172
9206 12818 0:0 9208
9212 12822 0:0 9213
9222 12809 0:0 9224
9223 12811 0:0 9224
9223 12826 0:0 9224
9223 12837 0:0 9224
9226 12839 21:0 9234
9233 12840 0:0 9234
9233 12841 21:0 9300
9246 12831 0:0 9248
9247 12850 0:0 9248
9282 12851 0:0 9284
9298 12842 0:0 9300
9299 12859 0:0 9300
9302 12872 21:0 9310
9309 12874 0:0 9310
9309 143 0:0 9310
9309 12871 0:0 9310
9309 12873 21:0 9376
9323 12883 0:0 9324
9364 12891 0:0 9365
9374 12875 0:0 9376
9378 12905 21:0 9386
9385 12904 0:0 9386
9385 12907 0:0 9386
9385 12906 21:0 9452
9399 12916 0:0 9400
9440 12923 0:0 9441
9440 12921 0:0 9441
9450 12908 0:0 9452
9451 12910 0:0 9452
9454 12938 21:0 9462
9455 175 0:0 9457
9461 179 0:0 9462
9461 12940 0:0 9462
9461 12939 21:0 9528
9474 12930 0:0 9476
9516 12954 0:0 9517
9526 12941 0:0 9528
9530 12971 21:0 9538
9537 12972 0:0 9538
9537 12973 21:0 9604
9550 12963 0:0 9552
9602 12974 0:0 9604
9606 13004 21:0 9614
9607 211 0:0 9609
9613 215 0:0 9614
9613 13005 0:0 9614
9613 13006 21:0 9680
9626 213 0:0 9628
9662 13016 0:0 9664
9678 13007 0:0 9680
9682 13037 21:0 9690
9689 13039 0:0 9690
9689 13036 0:0 9690
9689 13038 21:0 9756
9702 13029 0:0 9704
9702 231 0:0 9704
9738 13049 0:0 9740
9754 13040 0:0 9756
9755 13068 0:0 9756
9758 13070 21:0 9766
9765 13072 0:0 9766
9765 13069 0:0 9766
9765 13071 21:0 9832
9830 13073 0:0 9832
9834 13103 21:0 9842
9841 269 0:0 9842
9841 13105 0:0 9842
9841 13104 21:0 9908
9854 13095 0:0 9856
9906 13106 0:0 9908
9910 13136 21:0 9918
9917 13138 0:0 9918
9917 287 0:0 9918
9917 13137 21:0 9984
9972 13154 0:0 9973
9982 13139 0:0 9984
9986 13169 21:0 9994
9993 13170 0:0 9994
9993 13171 21:0 10060
10006 13161 0:0 10008
10048 13185 0:0 10049
10058 13172 0:0 10060
10062 13202 21:0 10070
10069 13203 0:0 10070
10069 13204 21:0 10079
10071 11581 1:0 10081
10071 11582 1:0 10082
10078 13205 21:0 10090
10084 336 1:0 2777
10085 11580 1:0 10092
10085 11550 1:0 10205
10091 11549 1:0 10213
10094 11548 1:0 10212
10094 11547 1:0 10223
10094 11534 1:0 10253
10102 11517 1:0 10336
10113 338 21:0 10127
10120 10082 1:0 10336
10215 11515 1:0 10343
10216 11516 1:0 10344
10216 287 1:0 10349
10216 11514 1:0 10354
10225 11512 1:0 10364
10225 11484 1:0 10467
10231 11483 1:0 10475
10236 11482 1:0 10474
10346 269 1:0 10480
10346 11481 1:0 10485
10346 10142 1:0 10494
10346 11460 1:0 10515
10347 11466 1:0 10524
10347 11447 1:0 10598
10347 11451 1:0 10598
10356 11449 1:0 10605
10356 11450 1:0 10606
10364 11448 1:0 10616
10367 11435 1:0 10646
10477 11414 1:0 10729
10477 11418 1:0 10729
10478 231 1:0 10731
10478 11416 1:0 10736
10487 11417 1:0 10737
10487 11415 1:0 10747
10487 11413 1:0 10757
10487 11374 1:0 10831
10487 11368 1:0 10860
10495 11385 1:0 10860
10498 213 1:0 10862
10608 11383 1:0 10867
10609 11384 1:0 10868
10609 215 1:0 10873
10609 11382 1:0 10878
10618 211 1:0 10882
10618 11369 1:0 10883
10618 11367 1:0 10911
10618 11348 1:0 10911
10618 11361 1:0 10943
10618 11336 1:0 10962
10624 11352 1:0 10991
10624 11341 1:0 10991
10645 11351 1:0 10999
10739 11350 1:0 10998
10740 11349 1:0 11009
10740 11321 1:0 11014
10740 11347 1:0 11019
10740 11315 1:0 11039
10749 11332 1:0 11048
10749 11334 1:0 11048
10749 11335 1:0 11048
10749 11328 1:0 11074
10749 11319 1:0 11122
10755 11327 1:0 11101
10760 11317 1:0 11129
10870 11318 1:0 11130
10871 179 1:0 11135
10871 11316 1:0 11140
10871 175 1:0 11144
10871 11314 1:0 11150
10871 11308 1:0 11155
10871 11303 1:0 11170
10880 11299 1:0 11179
10880 11302 1:0 11179
10880 11301 1:0 11179
10880 11295 1:0 11205
10880 11286 1:0 11253
10886 11294 1:0 11232
10886 11288 1:0 11237
10906 11285 1:0 11261
10907 11282 1:0 11264
11001 11284 1:0 11260
11002 11283 1:0 11271
11002 11281 1:0 11281
11002 11275 1:0 11286
11002 11270 1:0 11301
11011 11269 1:0 11310
11011 11266 1:0 11310
11011 11268 1:0 11310
11011 11262 1:0 11336
11011 11253 1:0 11384
11017 11261 1:0 11363
11017 11255 1:0 11368
11037 11251 1:0 11391
11132 11252 1:0 11392
11132 11249 1:0 11395
11133 143 1:0 11397
11133 11250 1:0 11402
11133 11248 1:0 11412
11133 11242 1:0 11417
11142 10541 1:0 11411
11142 11237 1:0 11432
11142 11233 1:0 11441
11142 11235 1:0 11441
11142 11236 1:0 11441
11142 11229 1:0 11467
11148 11228 1:0 11494
11148 11220 1:0 11515
11150 11222 1:0 11499
11181 11218 1:0 11522
11263 11219 1:0 11523
11264 11216 1:0 11526
11264 11217 1:0 11533
11264 11209 1:0 11548
11273 10598 1:0 11542
11273 11215 1:0 11543
11273 11204 1:0 11563
11273 11200 1:0 11572
11273 11203 1:0 11572
11273 11202 1:0 11572
11273 11196 1:0 11598
11279 11187 1:0 11646
11281 11189 1:0 11630
11284 11195 1:0 11625
11299 105 1:0 11648
11394 11185 1:0 11653
11395 11186 1:0 11654
11395 11183 1:0 11657
11404 11184 1:0 11664
11404 103 1:0 11668
11404 11182 1:0 11674
11404 11176 1:0 11679
11404 11171 1:0 11694
11404 11170 1:0 11703
11404 11163 1:0 11729
11404 10705 1:0 11748
11410 11167 1:0 11703
11410 11169 1:0 11703
11430 11154 1:0 11777
11431 10709 1:0 11777
11443 11156 1:0 11761
11525 11162 1:0 11756
11526 11152 1:0 11784
11526 11153 1:0 11785
11526 11150 1:0 11788
11535 11151 1:0 11795
11535 85 1:0 11799
11535 11149 1:0 11805
11535 11143 1:0 11810
11535 11138 1:0 11825
11541 11134 1:0 11834
11541 11137 1:0 11834
11541 11130 1:0 11860
11543 11136 1:0 11834
11574 11121 1:0 11908
11656 11129 1:0 11887
11656 11123 1:0 11892
11657 11119 1:0 11915
11657 11120 1:0 11916
11666 11117 1:0 11919
11666 11118 1:0 11926
11666 11116 1:0 11936
11666 11110 1:0 11941
11666 11105 1:0 11956
11672 11101 1:0 11965
11672 11103 1:0 11965
11672 11104 1:0 11965
11674 11097 1:0 11991
11677 10823 1:0 12039
11787 11096 1:0 12018
11787 11090 1:0 12023
11787 11088 1:0 12039
11788 51 1:0 12041
11788 11087 1:0 12047
11788 11084 1:0 12050
11797 11086 1:0 12046
11797 11085 1:0 12057
11797 49 1:0 12061
11803 11083 1:0 12067
11803 11077 1:0 12072
11803 11072 1:0 12087
11805 11064 1:0 12122
11808 11068 1:0 12096
11823 11071 1:0 12096
11824 11070 1:0 12096
11836 10880 1:0 12170
11918 11055 1:0 12170
11919 11063 1:0 12149
11919 11057 1:0 12154
11919 11053 1:0 12177
11928 11054 1:0 12178
11928 11051 1:0 12181
11934 35 1:0 12183
11934 11052 1:0 12188
11934 31 1:0 12192
11936 339 1:0 12221
11939 10933 1:0 12221
11954 11044 1:0 12203
11955 11039 1:0 12218
11967 11050 1:0 12198
12049 11037 1:0 12223
12049 11038 1:0 12223
12049 11035 1:0 12223
12049 11017 1:0 12272
12050 11031 1:0 12223
12050 11022 1:0 12301
12050 11002 1:0 12301
12059 11030 1:0 12280
12059 11024 1:0 12285
12059 11020 1:0 12308
12065 11021 1:0 12309
12065 11018 1:0 12312
12086 11019 1:0 12319
12098 10997 1:0 12324
12180 13205 1:0 12434
12181 11006 1:0 12325
12181 10940 1:0 12326
12181 11011 1:0 12326
12181 10998 1:0 12354
12181 11004 1:0 12354
12181 11005 1:0 12354
12190 10991 1:0 12416
12190 13204 1:0 12442
12196 13203 1:0 12441
12201 13202 1:0 12452
12216 13185 1:0 12491
12217 6154 1:0 12615
12229 6153 1:0 12606
12311 13172 1:0 12655
12312 6152 1:0 12605
12312 6155 1:0 12616
12312 6156 1:0 12625
12312 6157 1:0 12626
12321 13170 1:0 12662
12321 13171 1:0 12663
12327 13169 1:0 12673
12327 13161 1:0 12688
12329 13154 1:0 12712
12332 6299 1:0 12826
12360 13139 1:0 12876
12444 6300 1:0 12827
12444 6301 1:0 12836
12444 6302 1:0 12837
12444 6303 1:0 12846
12445 6304 1:0 12847
12445 13137 1:0 12883
12445 6447 1:0 13048
12454 13138 1:0 12884
12454 13136 1:0 12894
12460 6446 1:0 13047
12473 339 21:0 12487
12480 13106 1:0 13096
12481 6448 1:0 13057
12481 6449 1:0 13058
12493 6450 1:0 13067
12493 6451 1:0 13068
12562 13104 1:0 13104
12623 13105 1:0 13105
12625 6154 21:0 12657
12656 6155 0:0 12657
12656 6153 0:0 12657
12656 6152 0:0 12657
12656 6157 0:0 12657
12656 6156 0:0 12657
12665 13103 1:0 13115
12666 13095 1:0 13130
12666 6595 1:0 13278
12666 13073 1:0 13318
12675 6593 1:0 13268
12675 6594 1:0 13269
12675 6596 1:0 13279
12675 6597 1:0 13288
12675 6598 1:0 13289
12681 13071 1:0 13325
12686 13072 1:0 13326
12701 13069 1:0 13329
12755 13070 1:0 13336
12755 13068 1:0 13346
12768 13049 1:0 13401
12783 6743 1:0 13500
12784 6740 1:0 13489
12842 6299 21:0 12878
12844 13040 1:0 13539
12877 6303 0:0 12878
12877 6300 0:0 12878
12877 6304 0:0 12878
12877 6302 0:0 12878
12877 6301 0:0 12878
12886 6741 1:0 13490
12886 6742 1:0 13499
12886 6744 1:0 13509
12886 6745 1:0 13510
12887 13038 1:0 13546
12887 13036 1:0 13550
12896 13039 1:0 13547
12896 13037 1:0 13557
12896 13029 1:0 13572
12902 13016 1:0 13622
12902 6887 1:0 13710
12922 13007 1:0 13760
12923 6888 1:0 13711
12935 6889 1:0 13720
12935 6890 1:0 13721
12976 6891 1:0 13730
12976 6892 1:0 13731
13005 13006 1:0 13768
13006 7034 1:0 13931
13054 6447 21:0 13099
13097 6446 0:0 13099
13097 6450 0:0 13099
13098 6448 0:0 13099
13098 6451 0:0 13099
13098 6449 0:0 13099
13107 13005 1:0 13767
13108 13004 1:0 13778
13108 12974 1:0 13981
13117 7035 1:0 13932
13117 7036 1:0 13941
13117 7037 1:0 13942
13117 7038 1:0 13951
13117 7039 1:0 13952
13123 12973 1:0 13989
13128 12972 1:0 13988
13156 12971 1:0 13999
13197 12963 1:0 14014
13205 12954 1:0 14038
13210 7184 1:0 14163
13276 12941 1:0 14202
13286 7181 1:0 14152
13288 6595 21:0 13320
13318 6597 0:0 13320
13319 6594 0:0 13320
13319 6593 0:0 13320
13319 6598 0:0 13320
13319 6596 0:0 13320
13328 7182 1:0 14153
13328 7183 1:0 14162
13328 7185 1:0 14172
13328 7186 1:0 14173
13329 12939 1:0 14209
13338 12940 1:0 14210
13338 12938 1:0 14220
13338 12930 1:0 14235
13338 12921 1:0 14259
13344 12923 1:0 14259
13344 7328 1:0 14373
13344 7330 1:0 14383
13346 12916 1:0 14312
13349 12910 1:0 14317
13364 7329 1:0 14374
13365 7331 1:0 14384
13418 12908 1:0 14423
13431 7332 1:0 14393
13446 7333 1:0 14394
13497 12906 1:0 14430
13506 6743 21:0 13541
13507 12904 1:0 14434
13539 6741 0:0 13541
13540 6744 0:0 13541
13540 6745 0:0 13541
13540 6740 0:0 13541
13540 6742 0:0 13541
13549 12907 1:0 14431
13550 12905 1:0 14441
13550 12891 1:0 14480
13550 7476 1:0 14595
13559 12883 1:0 14533
13559 7475 1:0 14594
13559 7477 1:0 14604
13559 7478 1:0 14605
13559 12875 1:0 14644
13565 7479 1:0 14614
13565 7480 1:0 14615
13585 12873 1:0 14651
13639 12874 1:0 14652
13639 12871 1:0 14655
13668 12872 1:0 14662
13669 12859 1:0 14692
13718 12851 1:0 14727
13726 6887 21:0 13762
13728 7624 1:0 14825
13760 6889 0:0 13762
13761 6890 0:0 13762
13761 6892 0:0 13762
13761 6891 0:0 13762
13761 6888 0:0 13762
13770 12842 1:0 14865
13771 12850 1:0 14754
13771 7622 1:0 14815
13771 7623 1:0 14816
13771 7625 1:0 14826
13771 7626 1:0 14835
13771 7627 1:0 14836
13780 12840 1:0 14872
13780 12841 1:0 14873
13788 12839 1:0 14883
13791 12837 1:0 14893
13806 12826 1:0 14913
13807 12831 1:0 14898
13819 12822 1:0 14922
13819 12818 1:0 14948
13860 7769 1:0 15036
13868 7770 1:0 15037
13873 12811 1:0 14980
13939 12809 1:0 15086
13947 7034 21:0 13983
13949 12817 1:0 14975
13981 7036 0:0 13983
13982 7035 0:0 13983
13982 7038 0:0 13983
13982 7039 0:0 13983
13982 7037 0:0 13983
13991 7771 1:0 15046
13991 7772 1:0 15047
13991 7773 1:0 15056
13991 7774 1:0 15057
13992 12808 1:0 15094
14001 12807 1:0 15093
14001 12806 1:0 15104
14001 12798 1:0 15111
14007 12776 1:0 15307
14009 12793 1:0 15110
14012 12791 1:0 15139
14027 12785 1:0 15139
14028 12789 1:0 15139
14040 12792 1:0 15139
14040 7917 1:0 15258
14081 7919 1:0 15193
14081 7918 1:0 15193
14094 7916 1:0 15193
14109 7920 1:0 15193
14110 7921 1:0 15193
14169 7184 21:0 14204
14170 12775 1:0 15315
14203 7181 0:0 14204
14203 7186 0:0 14204
14203 7183 0:0 14204
14203 7182 0:0 14204
14203 7185 0:0 14204
14212 12774 1:0 15314
14213 12772 1:0 15318
14213 12773 1:0 15325
14213 12771 1:0 15335
14222 12765 1:0 15340
14222 12760 1:0 15355
14222 12756 1:0 15364
14222 12759 1:0 15364
14222 12752 1:0 15390
14222 12751 1:0 15417
14222 8063 1:0 15478
14222 8064 1:0 15479
14228 12745 1:0 15422
14233 12743 1:0 15528
14248 8065 1:0 15488
14249 8066 1:0 15489
14261 8067 1:0 15498
14261 8068 1:0 15499
14330 12742 1:0 15536
14391 12741 1:0 15535
14393 7330 21:0 14425
14424 7328 0:0 14425
14424 7331 0:0 14425
14424 7332 0:0 14425
14424 7329 0:0 14425
14424 7333 0:0 14425
14433 12740 1:0 15546
14434 12725 1:0 15585
14434 12719 1:0 15611
14434 8210 1:0 15699
14434 8211 1:0 15700
14434 8212 1:0 15709
14434 8213 1:0 15710
14443 8214 1:0 15719
14443 8215 1:0 15720
14443 12710 1:0 15749
14449 12708 1:0 15756
14469 12709 1:0 15757
14523 12707 1:0 15767
14523 12699 1:0 15782
14536 12694 1:0 15797
14551 12693 1:0 15806
14552 12690 1:0 15806
14552 12686 1:0 15832
14553 12692 1:0 15806
14602 8360 1:0 15931
14610 7476 21:0 14646
14612 8358 1:0 15921
14645 7478 0:0 14646
14645 7479 0:0 14646
14645 7477 0:0 14646
14645 7480 0:0 14646
14645 7475 0:0 14646
14654 8357 1:0 15920
14654 8359 1:0 15930
14654 8361 1:0 15940
14654 8362 1:0 15941
14655 12685 1:0 15859
14655 12677 1:0 15970
14664 12675 1:0 15977
14664 12676 1:0 15978
14670 12674 1:0 15988
14672 12666 1:0 16003
14675 12672 1:0 15998
14690 12657 1:0 16027
14691 8509 1:0 16162
14703 12646 1:0 16085
14703 8505 1:0 16142
14772 12644 1:0 16191
14773 8504 1:0 16141
14773 8506 1:0 16151
14774 8507 1:0 16152
14823 8508 1:0 16161
14835 7624 21:0 14867
14865 7626 0:0 14867
14866 7627 0:0 14867
14866 7623 0:0 14867
14866 7625 0:0 14867
14866 7622 0:0 14867
14875 12643 1:0 16199
14876 12642 1:0 16198
14885 12641 1:0 16209
14885 12639 1:0 16219
14885 12628 1:0 16239
14885 12627 1:0 16248
14885 8651 1:0 16362
14885 8652 1:0 16363
14885 8653 1:0 16372
14885 8654 1:0 16373
14891 8655 1:0 16382
14891 8656 1:0 16383
15052 7769 21:0 15088
15087 7773 0:0 15088
15087 7771 0:0 15088
15087 7770 0:0 15088
15087 7772 0:0 15088
15087 7774 0:0 15088
15264 7917 21:0 15309
15307 7916 0:0 15309
15307 7920 0:0 15309
15307 7918 0:0 15309
15307 7919 0:0 15309
15308 7921 0:0 15309
15494 8063 21:0 15530
15528 8065 0:0 15530
15529 8066 0:0 15530
15529 8067 0:0 15530
15529 8068 0:0 15530
15529 8064 0:0 15530
15719 8212 21:0 15751
15750 8214 0:0 15751
15750 8211 0:0 15751
15750 8213 0:0 15751
15750 8210 0:0 15751
15750 8215 0:0 15751
15937 8360 21:0 15972
15970 8361 0:0 15972
15971 8359 0:0 15972
15971 8357 0:0 15972
15971 8358 0:0 15972
15971 8362 0:0 15972
16168 8509 21:0 16193
16191 8507 0:0 16193
16192 8505 0:0 16193
16192 8508 0:0 16193
16192 8506 0:0 16193
16192 8504 0:0 16193
16369 8652 21:0 60
