0 25155 21:0 91
90 25156 21:0 130
129 25063 21:0 196
195 25068 21:0 212
211 25064 21:0 212
211 25067 21:0 217
216 25066 21:0 222
221 25062 21:0 222
221 25065 21:0 222
221 25055 21:0 236
235 25265 21:0 288
290 25295 21:0 298
297 25263 21:0 348
347 25296 21:0 364
371 25329 21:0 388
387 25264 21:0 440
439 25298 21:0 445
447 25363 21:0 464
463 25361 21:0 516
518 25394 21:0 526
525 25396 21:0 576
599 25429 21:0 616
615 25428 21:0 668
670 25460 21:0 678
678 25463 21:0 744
746 25493 21:0 754
754 25496 21:0 820
819 25430 21:0 825
830 25529 21:0 896
895 25528 21:0 901
906 25562 21:0 972
971 25560 21:0 977
976 25561 21:0 982
981 25594 21:0 1048
1047 25595 21:0 1053
1058 25628 21:0 1124
1123 25627 21:0 1129
1131 25659 21:0 1148
1202 25691 21:0 1210
1431 25791 21:0 1439
1439 25794 21:0 1505
1504 25792 21:0 1510
1512 25826 21:0 1529
1528 25827 21:0 1581
1580 25824 21:0 1586
1591 25860 21:0 1657
1656 25825 21:0 1662
1661 25857 21:0 1667
1667 25893 21:0 1733
1732 25891 21:0 1738
1737 25793 21:0 1743
1743 25926 21:0 1809
1808 25924 21:0 1814
1813 25925 21:0 1819
1819 25959 21:0 1885
1884 25957 21:0 1890
1889 25958 21:0 1895
1894 25989 21:0 1961
1960 25990 21:0 1966
1965 25991 21:0 1971
1970 25992 21:0 2026
2025 26022 21:0 2042
2041 26024 21:0 2047
2046 26023 21:0 2097
2096 26025 21:0 2113
2112 26055 21:0 2123
2122 26056 21:0 2145
2144 26057 21:0 2189
2188 26058 21:0 2194
2193 26088 21:0 2213
2212 26090 21:0 2265
2264 26089 21:0 2270
2269 25923 21:0 2289
2288 25956 21:0 2341
2340 25858 21:0 2346
2345 25890 21:0 2351
2350 25892 21:0 2417
2416 26123 21:0 2422
2421 26121 21:0 2427
2426 25859 21:0 2482
2481 26091 21:0 2498
2497 26122 21:0 2503
2502 26156 21:0 2558
2557 26157 21:0 2569
2568 26154 21:0 2579
2578 26187 21:0 2585
2582 25691 1:0 2843
2584 26155 21:0 2588
2587 26124 21:0 2598
2592 25659 1:0 2955
2593 25628 1:0 3071
2597 26189 21:0 2603
2599 25627 1:0 3078
2601 25595 1:0 3193
2601 25594 1:0 3200
2602 26222 21:0 2606
2604 25561 1:0 3240
2607 25562 1:0 3315
2618 312 21:0 2632
2625 25560 1:0 3321
2631 26256 21:0 2707
2677 25529 1:0 3437
2703 25528 1:0 3444
2706 26255 21:0 2710
2709 26188 21:0 2717
2714 25496 1:0 3559
2715 25493 1:0 3575
2716 26253 21:0 2720
2718 25463 1:0 3681
2719 26223 21:0 2728
2721 25460 1:0 3697
2723 25430 1:0 3728
2723 25428 1:0 3803
2727 26190 21:0 2754
2729 25429 1:0 3810
2733 25396 1:0 3932
2753 26254 21:0 2829
2755 25394 1:0 3941
2799 25363 1:0 4054
2836 25361 1:0 4063
2837 25329 1:0 4175
2845 25298 1:0 4291
2845 25296 1:0 4297
2855 25295 1:0 4307
2869 313 1:0 5751
2958 25264 1:0 4338
2959 25265 1:0 4413
2967 25263 1:0 4419
2973 26254 1:0 5804
4601 27233 21:0 4609
4608 27235 21:0 4659
4658 27234 21:0 4675
4674 27236 21:0 4685
4684 27266 21:0 4703
4702 27268 21:0 4751
4750 27267 21:0 4756
4755 27299 21:0 4775
4774 27302 21:0 4827
4829 27332 21:0 4837
4836 27334 21:0 4887
4886 27333 21:0 4903
4902 27335 21:0 4913
4912 27365 21:0 4931
4930 27368 21:0 4979
4981 27398 21:0 4989
4988 27400 21:0 5039
5038 27399 21:0 5055
5054 27401 21:0 5065
5064 27431 21:0 5083
5082 27433 21:0 5131
5130 27432 21:0 5136
5135 27434 21:0 5155
5154 27464 21:0 5207
5206 27465 21:0 5212
5211 27466 21:0 5217
5216 27467 21:0 5283
5282 27366 21:0 5288
5287 27301 21:0 5293
5292 27367 21:0 5352
5351 27498 21:0 5364
5363 27300 21:0 5369
5368 27500 21:0 5424
5423 27531 21:0 5440
5439 27533 21:0 5445
5444 27269 21:0 5495
5494 27563 21:0 5511
5510 27532 21:0 5521
5520 27596 21:0 5543
5542 27499 21:0 5587
5586 27598 21:0 5592
5591 27497 21:0 5611
5610 27632 21:0 5663
5662 27631 21:0 5668
5667 27566 21:0 5682
5681 27530 21:0 5739
5738 27662 21:0 5744
5743 27665 21:0 5749
5748 27663 21:0 5758
5750 26256 1:0 5884
5757 27630 21:0 5766
5763 26255 1:0 5892
5764 26253 1:0 5902
5765 27695 21:0 5769
5767 26223 1:0 6015
5768 27664 21:0 5778
5770 26222 1:0 6023
5773 26190 1:0 6066
5773 26188 1:0 6146
5779 26189 1:0 6154
5781 26187 1:0 6164
5792 313 21:0 5806
5800 26155 1:0 6197
5805 27696 21:0 5886
5853 26157 1:0 6277
5881 26156 1:0 6285
5885 27565 21:0 5889
5888 27697 21:0 5897
5894 26154 1:0 6295
5895 26124 1:0 6328
5895 26122 1:0 6408
5896 27564 21:0 5900
5898 26123 1:0 6416
5899 27599 21:0 5909
5901 26121 1:0 6426
5904 26091 1:0 6459
5904 26089 1:0 6539
5908 27597 21:0 5937
5910 26090 1:0 6547
5912 26088 1:0 6557
5931 26058 1:0 6590
5938 26057 1:0 6670
6025 26056 1:0 6677
6026 26055 1:0 6688
6035 26025 1:0 6721
6035 26023 1:0 6801
6041 26024 1:0 6809
6045 26022 1:0 6819
6062 25992 1:0 6852
6156 25991 1:0 6932
6157 25990 1:0 6939
6166 25989 1:0 6950
6166 25958 1:0 6983
6172 25959 1:0 7063
6176 25957 1:0 7070
6205 25956 1:0 7081
6287 25925 1:0 7114
6288 25926 1:0 7194
6297 25924 1:0 7201
6297 25923 1:0 7212
6303 25892 1:0 7245
6308 25893 1:0 7325
6336 25891 1:0 7332
6418 25890 1:0 7343
6419 25859 1:0 7376
6428 25860 1:0 7456
6428 25858 1:0 7463
6434 25857 1:0 7474
6439 25825 1:0 7507
6467 25827 1:0 7587
6549 25826 1:0 7595
6550 25824 1:0 7605
6559 25793 1:0 7638
6559 25794 1:0 7718
6565 25792 1:0 7725
6585 25791 1:0 7736
6586 314 1:0 9066
6680 27697 1:0 9199
7916 28675 21:0 7924
7923 28677 21:0 7974
7973 28676 21:0 7990
7989 28678 21:0 8000
7999 28708 21:0 8018
8017 28710 21:0 8066
8065 28709 21:0 8071
8070 28741 21:0 8090
8089 28743 21:0 8142
8144 28774 21:0 8152
8151 28776 21:0 8202
8201 28775 21:0 8218
8217 28777 21:0 8228
8227 28807 21:0 8246
8245 28810 21:0 8294
8296 28840 21:0 8304
8303 28842 21:0 8354
8353 28841 21:0 8370
8369 28843 21:0 8380
8379 28873 21:0 8398
8397 28875 21:0 8446
8445 28876 21:0 8451
8450 28874 21:0 8470
8469 28909 21:0 8522
8521 28742 21:0 8527
8526 28744 21:0 8532
8531 28711 21:0 8598
8597 28808 21:0 8603
8602 28809 21:0 8608
8607 28908 21:0 8668
8667 28942 21:0 8679
8678 28907 21:0 8684
8683 28939 21:0 8739
8738 28906 21:0 8755
8754 28972 21:0 8760
8759 28940 21:0 8810
8809 29007 21:0 8826
8825 28941 21:0 8836
8835 29008 21:0 8858
8857 28975 21:0 8902
8901 29039 21:0 8907
8906 29038 21:0 8926
8925 29006 21:0 8978
8977 28974 21:0 8983
8982 29005 21:0 8997
8996 29071 21:0 9054
9053 29072 21:0 9059
9058 29041 21:0 9064
9063 28973 21:0 9073
9065 27696 1:0 9206
9072 29105 21:0 9081
9078 27695 1:0 9217
9079 27664 1:0 9250
9080 29074 21:0 9084
9082 27665 1:0 9330
9083 29040 21:0 9093
9085 27663 1:0 9337
9088 27662 1:0 9348
9088 27630 1:0 9381
9094 27632 1:0 9461
9096 27631 1:0 9469
9107 314 21:0 9121
9115 27597 1:0 9512
9120 29137 21:0 9201
9168 27599 1:0 9592
9196 27598 1:0 9600
9200 29107 21:0 9204
9203 29140 21:0 9212
9209 27596 1:0 9610
9210 27564 1:0 9643
9210 27566 1:0 9723
9211 29139 21:0 9215
9213 27565 1:0 9731
9214 29073 21:0 9224
9216 27563 1:0 9741
9219 27532 1:0 9774
9219 27533 1:0 9854
9223 29104 21:0 9252
9225 27531 1:0 9861
9227 27530 1:0 9872
9246 27499 1:0 9905
9253 27500 1:0 9985
9340 27498 1:0 9992
9341 27497 1:0 10003
9350 27467 1:0 10036
9350 27466 1:0 10116
9356 27465 1:0 10123
9360 27464 1:0 10134
9377 27434 1:0 10167
9471 27432 1:0 10247
9472 27433 1:0 10255
9481 27431 1:0 10265
9481 27401 1:0 10298
9487 27399 1:0 10378
9491 27400 1:0 10386
9520 27398 1:0 10396
9602 27367 1:0 10429
9603 27368 1:0 10509
9612 27366 1:0 10516
9612 27365 1:0 10527
9618 27335 1:0 10560
9623 27333 1:0 10640
9651 27334 1:0 10648
9733 27332 1:0 10658
9734 27300 1:0 10691
9743 27302 1:0 10771
9743 27301 1:0 10779
9749 27299 1:0 10789
9754 27269 1:0 10822
9782 27267 1:0 10902
9864 27268 1:0 10910
9865 27266 1:0 10920
9874 27236 1:0 10953
9874 27234 1:0 11033
9880 27235 1:0 11041
9900 27233 1:0 11051
9901 315 1:0 12381
11231 30117 21:0 11239
11238 30118 21:0 11289
11288 30119 21:0 11305
11304 30120 21:0 11315
11314 30150 21:0 11333
11332 30152 21:0 11381
11380 30151 21:0 11386
11388 30185 21:0 11405
11404 30184 21:0 11457
11456 30186 21:0 11462
11467 30219 21:0 11533
11535 30249 21:0 11543
11542 30250 21:0 11593
11592 30251 21:0 11609
11608 30252 21:0 11619
11618 30282 21:0 11637
11636 30283 21:0 11685
11684 30284 21:0 11690
11689 30285 21:0 11709
11708 30315 21:0 11761
11760 30317 21:0 11766
11765 30316 21:0 11771
11770 30348 21:0 11837
11836 30183 21:0 11842
11841 30217 21:0 11847
11846 30318 21:0 11910
11909 30218 21:0 11918
11917 30216 21:0 11923
11922 30351 21:0 11978
11977 30349 21:0 11994
11993 30153 21:0 11999
11998 30415 21:0 12049
12048 30382 21:0 12065
12064 30416 21:0 12075
12074 30414 21:0 12097
12096 30350 21:0 12141
12140 30381 21:0 12146
12145 30384 21:0 12165
12164 30383 21:0 12217
12216 30481 21:0 12222
12221 30448 21:0 12241
12240 30449 21:0 12293
12292 30480 21:0 12298
12297 30447 21:0 12303
12302 30417 21:0 12369
12368 30513 21:0 12374
12373 30515 21:0 12379
12378 30450 21:0 12385
12380 29140 1:0 12514
12384 30579 21:0 12396
12393 29139 1:0 12522
12394 29137 1:0 12532
12395 30482 21:0 12399
12397 29107 1:0 12645
12398 30549 21:0 12405
12400 29105 1:0 12652
12403 29104 1:0 12663
12403 29073 1:0 12696
12406 29074 1:0 12776
12411 29072 1:0 12783
12422 315 21:0 12436
12430 29071 1:0 12794
12435 30547 21:0 12516
12483 29040 1:0 12827
12511 29041 1:0 12907
12515 30514 21:0 12519
12518 30516 21:0 12527
12524 29039 1:0 12914
12525 29038 1:0 12925
12525 29006 1:0 12958
12526 30581 21:0 12530
12528 29008 1:0 13038
12529 30546 21:0 12539
12531 29007 1:0 13046
12534 29005 1:0 13056
12534 28973 1:0 13089
12538 30613 21:0 12567
12540 28975 1:0 13169
12542 28974 1:0 13177
12561 28972 1:0 13187
12568 28941 1:0 13220
12655 28942 1:0 13300
12656 28940 1:0 13307
12665 28939 1:0 13318
12665 28907 1:0 13351
12671 28909 1:0 13431
12675 28908 1:0 13439
12692 28906 1:0 13449
12786 28874 1:0 13482
12787 28876 1:0 13562
12796 28875 1:0 13570
12796 28873 1:0 13580
12802 28843 1:0 13613
12806 28841 1:0 13693
12835 28842 1:0 13701
12917 28840 1:0 13711
12918 28809 1:0 13744
12927 28810 1:0 13824
12927 28808 1:0 13831
12933 28807 1:0 13842
12938 28777 1:0 13875
12966 28775 1:0 13955
13048 28776 1:0 13963
13049 28774 1:0 13973
13058 28744 1:0 14006
13058 28742 1:0 14086
13064 28743 1:0 14094
13069 28741 1:0 14104
13097 28711 1:0 14137
13179 28709 1:0 14217
13180 28710 1:0 14225
13189 28708 1:0 14235
13189 28678 1:0 14268
13195 28676 1:0 14348
13215 28677 1:0 14356
13228 28675 1:0 14366
13310 316 1:0 15696
14546 31559 21:0 14554
14553 31560 21:0 14604
14603 31561 21:0 14620
14619 31562 21:0 14630
14629 31592 21:0 14648
14647 31593 21:0 14696
14695 31594 21:0 14701
14700 31595 21:0 14720
14719 31626 21:0 14772
14771 31627 21:0 14777
14776 31628 21:0 14782
14781 31658 21:0 14848
14850 31691 21:0 14858
14857 31692 21:0 14908
14907 31693 21:0 14924
14923 31694 21:0 14934
14933 31724 21:0 14952
14951 31725 21:0 15000
14999 31726 21:0 15005
15004 31727 21:0 15024
15023 31757 21:0 15076
15075 31760 21:0 15081
15080 31790 21:0 15086
15086 31793 21:0 15152
15151 31659 21:0 15157
15156 31661 21:0 15162
15161 31660 21:0 15228
15227 31758 21:0 15233
15232 31759 21:0 15238
15237 31792 21:0 15293
15292 31825 21:0 15309
15308 31791 21:0 15314
15313 31824 21:0 15364
15363 31826 21:0 15380
15379 31889 21:0 15390
15389 31858 21:0 15412
15411 31823 21:0 15456
15455 31857 21:0 15461
15460 31625 21:0 15480
15479 31891 21:0 15532
15531 31856 21:0 15537
15536 31890 21:0 15556
15555 31922 21:0 15608
15607 31892 21:0 15613
15612 31859 21:0 15618
15617 31925 21:0 15684
15683 31924 21:0 15689
15688 31991 21:0 15694
15693 31989 21:0 15703
15695 30613 1:0 15705
15702 31956 21:0 15711
15708 30581 1:0 15837
15709 30579 1:0 15847
15710 31955 21:0 15714
15712 30549 1:0 15960
15713 31923 21:0 15720
15715 30547 1:0 15967
15718 30546 1:0 15978
15718 30516 1:0 16011
15721 30514 1:0 16091
15726 30515 1:0 16099
15737 316 21:0 15751
15745 30513 1:0 16109
15750 31990 21:0 15831
15798 30482 1:0 16222
15826 30481 1:0 16229
15830 32022 21:0 15834
15833 31957 21:0 15842
15839 30480 1:0 16240
15840 30450 1:0 16273
15840 30449 1:0 16353
15841 31988 21:0 15845
15843 30448 1:0 16360
15844 32024 21:0 15854
15846 30447 1:0 16371
15849 30417 1:0 16404
15849 30416 1:0 16484
15853 31958 21:0 15882
15855 30415 1:0 16491
15857 30414 1:0 16502
15876 30383 1:0 16535
15883 30384 1:0 16615
15970 30382 1:0 16622
15971 30381 1:0 16633
15980 30350 1:0 16666
15980 30351 1:0 16746
15986 30349 1:0 16753
15990 30348 1:0 16764
16007 30318 1:0 16797
16101 30316 1:0 16877
16102 30317 1:0 16885
16111 30315 1:0 16895
16111 30285 1:0 16928
16117 30284 1:0 17008
16121 30283 1:0 17015
16150 30282 1:0 17026
16232 30252 1:0 17059
16233 30251 1:0 17139
16242 30250 1:0 17146
16242 30249 1:0 17157
16248 30218 1:0 17190
16253 30219 1:0 17270
16281 30217 1:0 17277
16363 30216 1:0 17288
16364 30186 1:0 17321
16373 30184 1:0 17401
16373 30185 1:0 17409
16379 30183 1:0 17419
16384 30153 1:0 17452
16412 30151 1:0 17532
16494 30152 1:0 17540
16495 30150 1:0 17550
16504 30120 1:0 17583
16504 30119 1:0 17663
16510 30118 1:0 17670
16530 30117 1:0 17681
16531 317 1:0 19011
17861 33001 21:0 17869
17869 33004 21:0 17935
17934 33003 21:0 17940
17939 33002 21:0 17945
17944 33034 21:0 18011
18010 33036 21:0 18016
18015 33067 21:0 18021
18021 33070 21:0 18087
18089 33100 21:0 18097
18096 33101 21:0 18147
18146 33102 21:0 18163
18162 33103 21:0 18173
18172 33133 21:0 18191
18190 33136 21:0 18239
18241 33166 21:0 18249
18248 33168 21:0 18299
18298 33167 21:0 18315
18314 33169 21:0 18325
18324 33199 21:0 18343
18342 33201 21:0 18391
18390 33200 21:0 18396
18395 33202 21:0 18415
18414 33232 21:0 18467
18466 33235 21:0 18472
18471 33037 21:0 18477
18476 33233 21:0 18543
18542 33234 21:0 18548
18547 33135 21:0 18553
18552 33069 21:0 18619
18618 33265 21:0 18624
18623 33268 21:0 18629
18628 33035 21:0 18684
18683 33301 21:0 18700
18699 33300 21:0 18705
18704 33134 21:0 18755
18754 33068 21:0 18771
18770 33331 21:0 18781
18780 33267 21:0 18803
18802 33266 21:0 18847
18846 33332 21:0 18853
18852 33367 21:0 18871
18870 33364 21:0 18923
18922 33366 21:0 18928
18927 33299 21:0 18947
18946 33397 21:0 18999
18998 33433 21:0 19004
19003 33398 21:0 19009
19008 33431 21:0 19018
19010 32024 1:0 19144
19017 33334 21:0 19026
19023 32022 1:0 19151
19024 31990 1:0 19195
19025 33463 21:0 19029
19027 31991 1:0 19275
19028 33430 21:0 19038
19030 31989 1:0 19282
19033 31988 1:0 19293
19033 31958 1:0 19326
19039 31957 1:0 19406
19041 31956 1:0 19413
19052 317 21:0 19066
19060 31955 1:0 19424
19065 33464 21:0 19146
19113 31923 1:0 19457
19141 31925 1:0 19537
19145 33298 21:0 19149
19148 33399 21:0 19157
19154 31924 1:0 19545
19155 31922 1:0 19555
19155 31892 1:0 19588
19156 33432 21:0 19160
19158 31890 1:0 19668
19159 33333 21:0 19169
19161 31891 1:0 19676
19164 31889 1:0 19686
19164 31859 1:0 19719
19168 33497 21:0 19197
19170 31857 1:0 19799
19172 31858 1:0 19807
19191 31856 1:0 19817
19198 31826 1:0 19850
19285 31824 1:0 19930
19286 31825 1:0 19938
19295 31823 1:0 19948
19295 31791 1:0 19981
19301 31793 1:0 20061
19305 31792 1:0 20069
19322 31790 1:0 20079
19416 31759 1:0 20112
19417 31760 1:0 20192
19426 31758 1:0 20199
19426 31757 1:0 20210
19432 31727 1:0 20243
19436 31726 1:0 20323
19465 31725 1:0 20330
19547 31724 1:0 20341
19548 31694 1:0 20374
19557 31693 1:0 20454
19557 31692 1:0 20461
19563 31691 1:0 20472
19568 31660 1:0 20505
19596 31661 1:0 20585
19678 31659 1:0 20592
19679 31658 1:0 20603
19688 31628 1:0 20636
19688 31627 1:0 20716
19694 31626 1:0 20723
19699 31625 1:0 20734
19727 31595 1:0 20767
19809 31594 1:0 20847
19810 31593 1:0 20854
19819 31592 1:0 20865
19819 31562 1:0 20898
19825 31561 1:0 20978
19845 31560 1:0 20985
19858 31559 1:0 20996
19940 318 1:0 22326
21176 34443 21:0 21184
21183 34444 21:0 21234
21233 34445 21:0 21250
21249 34446 21:0 21260
21259 34476 21:0 21278
21277 34479 21:0 21326
21328 34509 21:0 21336
21335 34510 21:0 21386
21385 34511 21:0 21402
21401 34512 21:0 21412
21411 34542 21:0 21430
21429 34545 21:0 21478
21480 34575 21:0 21488
21487 34577 21:0 21538
21537 34576 21:0 21554
21553 34578 21:0 21564
21563 34608 21:0 21582
21581 34610 21:0 21630
21629 34609 21:0 21635
21634 34611 21:0 21654
21653 34641 21:0 21706
21705 34644 21:0 21711
21710 34674 21:0 21716
21716 34677 21:0 21782
21781 34478 21:0 21787
21786 34543 21:0 21792
21791 34642 21:0 21858
21857 34544 21:0 21863
21862 34675 21:0 21868
21867 34477 21:0 21923
21922 34676 21:0 21939
21938 34643 21:0 21944
21943 34707 21:0 21994
21993 34740 21:0 22010
22009 34742 21:0 22020
22019 34708 21:0 22042
22041 34774 21:0 22086
22085 34776 21:0 22093
22092 34709 21:0 22110
22109 34773 21:0 22162
22161 34743 21:0 22167
22166 34710 21:0 22186
22185 34808 21:0 22238
22237 34809 21:0 22243
22242 34807 21:0 22248
22247 34775 21:0 22314
22313 34842 21:0 22319
22318 34806 21:0 22324
22323 34741 21:0 22333
22325 33497 1:0 22335
22332 34905 21:0 22341
22338 33464 1:0 22466
22339 33463 1:0 22477
22340 34873 21:0 22344
22342 33432 1:0 22510
22343 34841 21:0 22350
22345 33433 1:0 22590
22348 33431 1:0 22597
22348 33430 1:0 22608
22351 33399 1:0 22721
22356 33398 1:0 22728
22367 318 21:0 22381
22375 33397 1:0 22739
22380 34839 21:0 22461
22428 33367 1:0 22852
22456 33366 1:0 22860
22460 34906 21:0 22464
22463 34874 21:0 22472
22469 33364 1:0 22870
22470 33333 1:0 22903
22470 33334 1:0 22983
22471 34872 21:0 22475
22473 33332 1:0 22990
22474 34907 21:0 22484
22476 33331 1:0 23001
22479 33299 1:0 23034
22479 33301 1:0 23114
22483 34840 21:0 22512
22485 33300 1:0 23122
22487 33298 1:0 23132
22506 33266 1:0 23165
22511 34875 21:0 22592
22513 33268 1:0 23245
22559 33267 1:0 23253
22588 33265 1:0 23263
22591 34938 21:0 22595
22600 33234 1:0 23296
22601 33235 1:0 23376
22610 33233 1:0 23383
22610 33232 1:0 23394
22616 33202 1:0 23427
22620 33200 1:0 23507
22637 33201 1:0 23515
22731 33199 1:0 23525
22732 33169 1:0 23558
22741 33167 1:0 23638
22741 33168 1:0 23646
22747 33166 1:0 23656
22751 33134 1:0 23689
22780 33136 1:0 23769
22862 33135 1:0 23777
22863 33133 1:0 23787
22872 33103 1:0 23820
22872 33102 1:0 23900
22878 33101 1:0 23907
22883 33100 1:0 23918
22911 33068 1:0 23951
22993 33070 1:0 24031
22994 33069 1:0 24039
23003 33067 1:0 24049
23003 33035 1:0 24082
23009 33037 1:0 24162
23014 33036 1:0 24170
23042 33034 1:0 24180
23124 33002 1:0 24213
23125 33004 1:0 24293
23125 319 1:0 25641
23134 33003 1:0 24301
23134 33001 1:0 24311
23142 34938 1:0 25661
23161 34907 1:0 25774
24491 35885 21:0 24499
24498 35887 21:0 24549
24548 35888 21:0 24565
24564 35886 21:0 24575
24574 35918 21:0 24593
24592 35920 21:0 24641
24643 35951 21:0 24651
24651 35954 21:0 24717
24719 35984 21:0 24727
24726 35986 21:0 24777
24776 35985 21:0 24793
24792 35987 21:0 24803
24802 36017 21:0 24821
24820 36019 21:0 24869
24868 36020 21:0 24874
24873 36018 21:0 24893
24892 36050 21:0 24945
24944 36053 21:0 24950
24949 36083 21:0 24955
24954 36084 21:0 25021
25020 36085 21:0 25026
25025 36086 21:0 25031
25030 36116 21:0 25097
25096 36119 21:0 25102
25101 36052 21:0 25107
25106 35953 21:0 25162
25161 35921 21:0 25178
25177 35952 21:0 25183
25182 36117 21:0 25233
25232 36150 21:0 25249
25248 36151 21:0 25259
25258 36149 21:0 25281
25280 36118 21:0 25325
25324 36152 21:0 25332
25331 36183 21:0 25349
25348 36184 21:0 25401
25400 36218 21:0 25406
25405 36217 21:0 25425
25424 36051 21:0 25477
25476 36182 21:0 25482
25481 36248 21:0 25487
25486 36249 21:0 25553
25552 36185 21:0 25558
25557 36250 21:0 25563
25562 36314 21:0 25618
25617 36283 21:0 25634
25633 36284 21:0 25639
25638 36216 21:0 25645
25640 34906 1:0 25781
25644 36281 21:0 25656
25653 34905 1:0 25792
25654 34875 1:0 25825
25655 36317 21:0 25659
25657 34874 1:0 25905
25658 36316 21:0 25665
25660 34873 1:0 25912
25663 34872 1:0 25923
25663 34840 1:0 25956
25664 36251 21:0 25668
25666 34842 1:0 26036
25669 34841 1:0 26044
25671 34839 1:0 26054
25682 319 21:0 25696
25690 34807 1:0 26087
25695 35919 21:0 25776
25743 34809 1:0 26167
25771 34808 1:0 26175
25775 36350 21:0 25779
25778 36347 21:0 25787
25784 34806 1:0 26185
25785 34775 1:0 26218
25785 34776 1:0 26298
25786 36349 21:0 25790
25788 34774 1:0 26305
25789 36282 21:0 25799
25791 34773 1:0 26316
25794 34741 1:0 26349
25794 34743 1:0 26429
25800 34742 1:0 26437
25802 34740 1:0 26447
25821 34710 1:0 26480
25915 34709 1:0 26560
25916 34708 1:0 26567
25925 34707 1:0 26578
25925 34676 1:0 26611
25931 34677 1:0 26691
25935 34675 1:0 26698
25952 34674 1:0 26709
26046 34643 1:0 26742
26047 34644 1:0 26822
26056 34642 1:0 26829
26056 34641 1:0 26840
26062 34611 1:0 26873
26066 34609 1:0 26953
26095 34610 1:0 26961
26177 34608 1:0 26971
26178 34578 1:0 27004
26187 34576 1:0 27084
26187 34577 1:0 27092
26193 34575 1:0 27102
26198 34544 1:0 27135
26226 34545 1:0 27215
26308 34543 1:0 27222
26309 34542 1:0 27233
26318 34512 1:0 27266
26318 34511 1:0 27346
26324 34510 1:0 27353
26329 34509 1:0 27364
26357 34477 1:0 27397
26439 34479 1:0 27477
26440 34478 1:0 27485
26449 34476 1:0 27495
26449 34446 1:0 27528
26455 34445 1:0 27608
26475 34444 1:0 27615
26488 34443 1:0 27626
26570 320 1:0 28956
27806 37327 21:0 27814
27813 37328 21:0 27864
27863 37329 21:0 27880
27879 37330 21:0 27890
27889 37360 21:0 27908
27907 37362 21:0 27956
27958 37393 21:0 27966
27965 37394 21:0 28016
28015 37395 21:0 28032
28031 37396 21:0 28042
28041 37426 21:0 28060
28059 37428 21:0 28108
28110 37459 21:0 28118
28117 37461 21:0 28168
28167 37460 21:0 28184
28183 37462 21:0 28194
28193 37492 21:0 28212
28211 37493 21:0 28260
28259 37494 21:0 28265
28264 37495 21:0 28284
28283 37525 21:0 28336
28335 37528 21:0 28341
28340 37558 21:0 28346
28345 37560 21:0 28412
28411 37429 21:0 28417
28416 37427 21:0 28422
28421 37361 21:0 28488
28487 37363 21:0 28493
28492 37561 21:0 28498
28497 37559 21:0 28553
28552 37591 21:0 28569
28568 37526 21:0 28574
28573 37592 21:0 28624
28623 37527 21:0 28640
28639 37593 21:0 28650
28649 37627 21:0 28672
28671 37625 21:0 28716
28715 37594 21:0 28723
28722 37692 21:0 28740
28739 37626 21:0 28792
28791 37691 21:0 28797
28796 37659 21:0 28816
28815 37724 21:0 28868
28867 37660 21:0 28873
28872 37657 21:0 28878
28877 37693 21:0 28944
28943 37658 21:0 28949
28948 37726 21:0 28954
28953 37624 21:0 28963
28955 36350 1:0 29089
28962 37758 21:0 28971
28968 36349 1:0 29097
28969 36347 1:0 29107
28970 37757 21:0 28974
28972 36317 1:0 29220
28973 37756 21:0 28980
28975 36316 1:0 29228
28978 36314 1:0 29238
28978 36282 1:0 29271
28981 36284 1:0 29351
28986 36283 1:0 29359
28997 320 21:0 29011
29005 36281 1:0 29369
29010 37790 21:0 29091
29058 36251 1:0 29402
29086 36250 1:0 29482
29090 37759 21:0 29094
29093 37792 21:0 29102
29099 36249 1:0 29489
29100 36248 1:0 29500
29100 36216 1:0 29533
29101 37725 21:0 29105
29103 36218 1:0 29613
29104 37791 21:0 29114
29106 36217 1:0 29621
29109 36185 1:0 29664
29109 36184 1:0 29744
29115 36183 1:0 29751
29117 36182 1:0 29762
29136 36152 1:0 29795
29230 36151 1:0 29875
29231 36150 1:0 29882
29240 36149 1:0 29893
29240 36118 1:0 29926
29246 36119 1:0 30006
29250 36117 1:0 30013
29267 36116 1:0 30024
29361 36086 1:0 30057
29362 36085 1:0 30137
29371 36084 1:0 30144
29371 36083 1:0 30155
29377 36051 1:0 30188
29381 36053 1:0 30268
29410 36052 1:0 30276
29492 36050 1:0 30286
29493 36018 1:0 30319
29502 36020 1:0 30399
29502 36019 1:0 30407
29508 36017 1:0 30417
29513 35987 1:0 30450
29541 35985 1:0 30530
29623 35986 1:0 30538
29624 35984 1:0 30548
29633 35952 1:0 30581
29633 35954 1:0 30661
29639 35953 1:0 30669
29644 35951 1:0 30679
29672 35919 1:0 30712
29754 35921 1:0 30792
29755 35920 1:0 30800
29764 35918 1:0 30810
29764 35886 1:0 30843
29770 35888 1:0 30923
29790 35887 1:0 30931
29803 35885 1:0 30941
29885 321 1:0 32271
31121 38769 21:0 31129
31128 38770 21:0 31179
31178 38771 21:0 31195
31194 38772 21:0 31205
31204 38802 21:0 31223
31222 38804 21:0 31271
31270 38803 21:0 31276
31275 38805 21:0 31295
31294 38838 21:0 31347
31349 38868 21:0 31357
31356 38869 21:0 31407
31406 38870 21:0 31423
31422 38871 21:0 31433
31432 38901 21:0 31451
31450 38902 21:0 31499
31498 38903 21:0 31504
31503 38904 21:0 31523
31522 38934 21:0 31575
31574 38937 21:0 31580
31579 38967 21:0 31585
31584 38968 21:0 31651
31650 38969 21:0 31656
31655 38970 21:0 31661
31660 39002 21:0 31720
31719 39001 21:0 31732
31731 38935 21:0 31737
31736 38836 21:0 31792
31791 38837 21:0 31808
31807 39000 21:0 31813
31812 38936 21:0 31863
31862 39033 21:0 31879
31878 39003 21:0 31889
31888 38835 21:0 31911
31910 39035 21:0 31955
31954 39068 21:0 31960
31959 39036 21:0 31979
31978 39102 21:0 32031
32030 39101 21:0 32036
32035 39066 21:0 32052
32051 39034 21:0 32107
32106 39133 21:0 32112
32111 39100 21:0 32117
32116 39135 21:0 32183
32182 39099 21:0 32188
32187 39132 21:0 32193
32192 39067 21:0 32248
32247 39165 21:0 32264
32263 39198 21:0 32269
32268 39134 21:0 32275
32270 37791 1:0 32324
32274 39201 21:0 32283
32282 39167 21:0 32289
32283 37792 1:0 32404
32284 37790 1:0 32411
32284 37759 1:0 32455
32288 39199 21:0 32295
32290 37757 1:0 32535
32293 37758 1:0 32543
32293 37756 1:0 32553
32294 39234 21:0 32298
32296 37725 1:0 32586
32299 37726 1:0 32666
32301 37724 1:0 32673
32312 321 21:0 32326
32320 37693 1:0 32717
32325 39166 21:0 32406
32373 37691 1:0 32797
32401 37692 1:0 32805
32405 39168 21:0 32409
32408 39200 21:0 32417
32414 37658 1:0 32848
32415 37660 1:0 32928
32415 37659 1:0 32936
32416 39232 21:0 32420
32418 37657 1:0 32946
32419 39069 21:0 32429
32421 37626 1:0 32979
32424 37627 1:0 33059
32424 37625 1:0 33066
32430 37624 1:0 33077
32432 37594 1:0 33110
32451 37593 1:0 33190
32545 37592 1:0 33197
32546 37591 1:0 33208
32555 37559 1:0 33241
32555 37561 1:0 33321
32561 37560 1:0 33329
32565 37558 1:0 33339
32582 37527 1:0 33372
32676 37528 1:0 33452
32677 37526 1:0 33459
32686 37525 1:0 33470
32686 37495 1:0 33503
32692 37494 1:0 33583
32696 37493 1:0 33590
32725 37492 1:0 33601
32807 37462 1:0 33634
32808 37460 1:0 33714
32817 37461 1:0 33722
32817 37459 1:0 33732
32823 37427 1:0 33765
32828 37429 1:0 33845
32856 37428 1:0 33853
32938 37426 1:0 33863
32939 37396 1:0 33896
32948 37395 1:0 33976
32948 37394 1:0 33983
32954 37393 1:0 33994
32959 37363 1:0 34027
32987 37361 1:0 34107
33069 37362 1:0 34115
33070 37360 1:0 34125
33079 37330 1:0 34158
33079 37329 1:0 34238
33085 37328 1:0 34245
33105 37327 1:0 34256
33106 322 1:0 35586
34436 40211 21:0 34444
34444 40214 21:0 34510
34509 40213 21:0 34515
34514 40212 21:0 34520
34519 40244 21:0 34586
34585 40247 21:0 34591
34590 40277 21:0 34596
34595 40278 21:0 34651
34650 40279 21:0 34667
34666 40280 21:0 34672
34672 40313 21:0 34738
34740 40343 21:0 34748
34747 40344 21:0 34798
34797 40345 21:0 34814
34813 40346 21:0 34824
34823 40376 21:0 34842
34841 40377 21:0 34890
34889 40378 21:0 34895
34894 40379 21:0 34914
34913 40409 21:0 34966
34968 40442 21:0 34976
34975 40444 21:0 35026
35025 40443 21:0 35042
35041 40445 21:0 35052
35051 40412 21:0 35070
35069 40311 21:0 35118
35117 40246 21:0 35123
35122 40245 21:0 35142
35141 40475 21:0 35194
35193 40476 21:0 35199
35198 40410 21:0 35204
35203 40478 21:0 35270
35269 40511 21:0 35275
35274 40411 21:0 35280
35279 40310 21:0 35346
35345 40312 21:0 35351
35350 40477 21:0 35356
35355 40542 21:0 35411
35410 40574 21:0 35427
35426 40508 21:0 35432
35431 40544 21:0 35482
35481 40575 21:0 35498
35497 40509 21:0 35508
35507 40541 21:0 35530
35529 40577 21:0 35574
35573 40510 21:0 35579
35578 40576 21:0 35590
35589 40543 21:0 35593
35591 39234 1:0 35719
35592 40643 21:0 35601
35598 39232 1:0 35726
35599 39200 1:0 35770
35600 40610 21:0 35610
35602 39201 1:0 35850
35608 39199 1:0 35857
35608 39198 1:0 35868
35609 40673 21:0 35613
35611 39168 1:0 35901
35614 39166 1:0 35981
35616 39167 1:0 35989
35627 322 21:0 35641
35635 39165 1:0 35999
35640 40609 21:0 35721
35688 39134 1:0 36032
35716 39135 1:0 36112
35720 40676 21:0 35724
35723 40640 21:0 35732
35729 39133 1:0 36119
35730 39132 1:0 36130
35730 39100 1:0 36163
35731 40608 21:0 35735
35733 39102 1:0 36243
35734 40641 21:0 35744
35736 39101 1:0 36251
35739 39099 1:0 36261
35739 39069 1:0 36294
35745 39067 1:0 36374
35747 39068 1:0 36382
35766 39066 1:0 36392
35860 39034 1:0 36425
35861 39036 1:0 36505
35870 39035 1:0 36513
35870 39033 1:0 36523
35876 39003 1:0 36556
35880 39001 1:0 36636
35897 39002 1:0 36644
35991 39000 1:0 36654
35992 38970 1:0 36687
36001 38969 1:0 36767
36001 38968 1:0 36774
36007 38967 1:0 36785
36011 38936 1:0 36818
36040 38937 1:0 36898
36122 38935 1:0 36905
36123 38934 1:0 36916
36132 38904 1:0 36949
36132 38903 1:0 37029
36138 38902 1:0 37036
36143 38901 1:0 37047
36171 38871 1:0 37080
36253 38870 1:0 37160
36254 38869 1:0 37167
36263 38868 1:0 37178
36263 38837 1:0 37211
36269 38838 1:0 37291
36274 38836 1:0 37298
36302 38835 1:0 37309
36384 38805 1:0 37342
36385 38803 1:0 37422
36394 38804 1:0 37430
36394 38802 1:0 37440
36400 38772 1:0 37473
36420 38771 1:0 37553
36433 38770 1:0 37560
36515 38769 1:0 37571
36516 323 1:0 38901
37751 41653 21:0 37759
37758 41655 21:0 37809
37808 41654 21:0 37825
37824 41656 21:0 37835
37834 41686 21:0 37853
37852 41688 21:0 37901
37900 41687 21:0 37906
37905 41719 21:0 37925
37924 41720 21:0 37977
37976 41721 21:0 37982
37981 41722 21:0 37987
37986 41752 21:0 38053
38052 41755 21:0 38058
38057 41785 21:0 38063
38062 41786 21:0 38127
38126 41787 21:0 38134
38133 41788 21:0 38139
38138 41818 21:0 38194
38193 41820 21:0 38210
38209 41821 21:0 38215
38214 41819 21:0 38265
38264 41851 21:0 38281
38280 41853 21:0 38291
38290 41852 21:0 38313
38312 41884 21:0 38357
38356 41887 21:0 38362
38361 41854 21:0 38381
38380 41753 21:0 38433
38432 41689 21:0 38438
38437 41917 21:0 38457
38456 41754 21:0 38509
38508 41885 21:0 38514
38513 41919 21:0 38519
38518 41918 21:0 38585
38584 41886 21:0 38590
38589 41950 21:0 38595
38594 41952 21:0 38650
38649 41920 21:0 38666
38665 41953 21:0 38671
38670 41985 21:0 38726
38725 42016 21:0 38737
38736 42017 21:0 38747
38746 42019 21:0 38792
38791 41983 21:0 38813
38812 42050 21:0 38823
38822 42049 21:0 38841
38840 41951 21:0 38889
38888 41986 21:0 38894
38893 42085 21:0 38905
38904 42052 21:0 38908
38906 40676 1:0 39034
38907 41984 21:0 38916
38913 40673 1:0 39052
38914 40643 1:0 39165
38915 42051 21:0 38925
38917 40641 1:0 39172
38923 40640 1:0 39183
38923 40608 1:0 39216
38924 42018 21:0 38928
38926 40610 1:0 39296
38929 40609 1:0 39304
38931 40576 1:0 39347
38942 323 21:0 38956
38950 40577 1:0 39427
38955 42117 21:0 39036
39003 40575 1:0 39434
39031 40574 1:0 39445
39035 42115 21:0 39039
39038 42083 21:0 39047
39044 40543 1:0 39478
39045 40544 1:0 39558
39045 40542 1:0 39565
39046 42116 21:0 39050
39048 40541 1:0 39576
39049 42148 21:0 39059
39051 40510 1:0 39609
39054 40511 1:0 39689
39054 40509 1:0 39696
39060 40508 1:0 39707
39062 40477 1:0 39740
39081 40478 1:0 39820
39175 40476 1:0 39827
39176 40475 1:0 39838
39185 40445 1:0 39871
39185 40443 1:0 39951
39191 40444 1:0 39959
39195 40442 1:0 39969
39212 40411 1:0 40002
39306 40412 1:0 40082
39307 40410 1:0 40089
39316 40409 1:0 40100
39316 40379 1:0 40133
39322 40378 1:0 40213
39326 40377 1:0 40220
39355 40376 1:0 40231
39437 40346 1:0 40264
39438 40345 1:0 40344
39447 40344 1:0 40351
39447 40343 1:0 40362
39453 40312 1:0 40395
39458 40313 1:0 40475
39486 40311 1:0 40482
39568 40310 1:0 40493
39569 40280 1:0 40526
39578 40279 1:0 40606
39578 40278 1:0 40613
39584 40277 1:0 40624
39589 40245 1:0 40657
39617 40247 1:0 40737
39699 40246 1:0 40745
39700 40244 1:0 40755
39709 40212 1:0 40788
39709 40214 1:0 40868
39715 40213 1:0 40876
39735 40211 1:0 40886
39736 324 1:0 42216
41066 43095 21:0 41074
41073 43096 21:0 41124
41123 43097 21:0 41140
41139 43098 21:0 41150
41149 43128 21:0 41168
41167 43130 21:0 41216
41215 43129 21:0 41221
41223 43163 21:0 41240
41239 43161 21:0 41292
41294 43194 21:0 41302
41301 43196 21:0 41352
41351 43195 21:0 41368
41367 43197 21:0 41378
41377 43227 21:0 41396
41395 43230 21:0 41444
41446 43260 21:0 41454
41453 43261 21:0 41504
41503 43262 21:0 41520
41522 43293 21:0 41530
41529 43295 21:0 41580
41579 43294 21:0 41596
41595 43296 21:0 41606
41605 43326 21:0 41624
41623 43329 21:0 41672
41674 43359 21:0 41682
41681 43361 21:0 41732
41731 43164 21:0 41748
41747 43229 21:0 41758
41757 43131 21:0 41776
41775 43228 21:0 41824
41823 43360 21:0 41829
41831 43426 21:0 41848
41847 43395 21:0 41900
41899 43427 21:0 41905
41904 43393 21:0 41924
41923 43458 21:0 41976
41975 43327 21:0 41981
41980 43362 21:0 41986
41985 43263 21:0 42052
42051 43162 21:0 42057
42056 43494 21:0 42062
42061 43493 21:0 42117
42116 43428 21:0 42133
42132 43491 21:0 42138
42137 43328 21:0 42193
42192 43459 21:0 42209
42208 43394 21:0 42214
42213 43460 21:0 42220
42215 42148 1:0 42236
42219 43526 21:0 42223
42221 42116 1:0 42349
42222 43492 21:0 42234
42228 42117 1:0 42357
42229 42115 1:0 42367
42233 43559 21:0 42240
42235 42085 1:0 42480
42238 42083 1:0 42487
42238 42051 1:0 42531
42239 43425 21:0 42243
42241 42052 1:0 42611
42244 42050 1:0 42618
42246 42049 1:0 42629
42257 324 21:0 42271
42265 42018 1:0 42662
42270 43558 21:0 42351
42318 42019 1:0 42742
42346 42017 1:0 42749
42350 43590 21:0 42354
42353 43524 21:0 42362
42359 42016 1:0 42760
42360 41984 1:0 42793
42360 41986 1:0 42873
42361 43525 21:0 42365
42363 41985 1:0 42881
42366 41983 1:0 42891
42369 41951 1:0 42924
42369 41953 1:0 43004
42377 41952 1:0 43012
42396 41950 1:0 43022
42490 41920 1:0 43055
42491 41918 1:0 43135
42500 41919 1:0 43143
42500 41917 1:0 43153
42506 41886 1:0 43186
42510 41887 1:0 43266
42527 41885 1:0 43273
42621 41884 1:0 43284
42622 41854 1:0 43317
42631 41852 1:0 43397
42631 41853 1:0 43405
42637 41851 1:0 43415
42641 41819 1:0 43448
42670 41821 1:0 43528
42752 41820 1:0 43536
42753 41818 1:0 43546
42762 41788 1:0 43579
42762 41787 1:0 43659
42768 41786 1:0 43666
42773 41785 1:0 43677
42801 41754 1:0 43710
42883 41755 1:0 43790
42884 41753 1:0 43797
42893 41752 1:0 43808
42893 41722 1:0 43841
42899 41721 1:0 43921
42904 41720 1:0 43928
42932 41719 1:0 43939
43014 41689 1:0 43972
43015 41687 1:0 44052
43024 41688 1:0 44060
43024 41686 1:0 44070
43030 41656 1:0 44103
43050 41654 1:0 44183
43063 41655 1:0 44191
43145 41653 1:0 44201
43146 325 1:0 45531
43155 43590 1:0 45551
44324 44515 21:0 44331
44363 44522 21:0 44379
44378 44535 21:0 44379
44378 44516 21:0 44379
44381 44537 21:0 44389
44388 44539 21:0 44439
44438 44538 21:0 44455
44454 44540 21:0 44465
44464 44570 21:0 44483
44482 44571 21:0 44531
44530 44572 21:0 44536
44535 44573 21:0 44555
44554 44603 21:0 44607
44606 44605 21:0 44612
44611 44604 21:0 44617
44616 44606 21:0 44683
44682 44636 21:0 44688
44687 44638 21:0 44693
44692 44637 21:0 44757
44756 44639 21:0 44764
44763 44669 21:0 44769
44768 44670 21:0 44824
44823 44671 21:0 44840
44839 44672 21:0 44845
44844 44702 21:0 44895
44894 44703 21:0 44911
44910 44704 21:0 44921
44920 44705 21:0 44943
44942 44735 21:0 44987
44986 44738 21:0 44992
44991 44801 21:0 45011
45010 44736 21:0 45063
45062 44707 21:0 45063
45065 44834 21:0 45073
45072 44737 21:0 45123
45122 44768 21:0 45139
45138 44770 21:0 45149
45148 44769 21:0 45167
45166 44771 21:0 45215
45214 44802 21:0 45220
45219 44803 21:0 45239
45238 44804 21:0 45291
45290 44836 21:0 45296
45295 44835 21:0 45301
45300 44837 21:0 45367
45366 44867 21:0 45372
45371 44869 21:0 45377
45376 44868 21:0 45441
45440 44870 21:0 45448
45447 44900 21:0 45453
45452 44901 21:0 45508
45507 44902 21:0 45524
45523 44903 21:0 45529
45528 44933 21:0 45535
45534 44934 21:0 45541
45540 44935 21:0 45549
45542 43558 1:0 45664
45543 43559 1:0 45672
45544 43525 1:0 45795
45548 44936 21:0 45555
45550 43526 1:0 45803
45553 43524 1:0 45813
45553 43492 1:0 45846
45554 44966 21:0 45558
45556 43494 1:0 45926
45559 43493 1:0 45934
45559 43491 1:0 45944
45572 325 21:0 45586
45579 43460 1:0 46057
45585 44784 21:0 45618
45592 43459 1:0 46064
45617 44652 21:0 45637
45633 43458 1:0 46075
45636 44524 21:0 45640
45639 44509 21:0 45666
45646 43428 1:0 46108
45665 44523 21:0 45666
45665 44999 21:0 45669
45674 43427 1:0 46188
45675 43426 1:0 46195
45684 43425 1:0 46206
45684 43394 1:0 46239
45690 43395 1:0 46319
45694 43393 1:0 46326
45711 43362 1:0 46370
45805 43360 1:0 46450
45806 43361 1:0 46458
45815 43359 1:0 46468
45815 43328 1:0 46501
45821 43329 1:0 46581
45825 43327 1:0 46588
45854 43326 1:0 46599
45906 26445 21:0 45928
45936 43296 1:0 46632
45937 43294 1:0 46712
45946 43295 1:0 46720
45946 43293 1:0 46730
45952 43263 1:0 46763
45956 43262 1:0 46843
45985 43261 1:0 46850
46067 43260 1:0 46861
46068 43228 1:0 46894
46077 43230 1:0 46974
46077 43229 1:0 46982
46083 43227 1:0 46992
46088 43197 1:0 47025
46116 43195 1:0 47105
46198 43196 1:0 47113
46199 43194 1:0 47123
46208 43162 1:0 47153
46208 43164 1:0 47236
46214 43163 1:0 47244
46219 43161 1:0 47254
46247 43131 1:0 47287
46329 43129 1:0 47367
46330 43130 1:0 47375
46339 43128 1:0 47385
46339 43098 1:0 47418
46345 43097 1:0 47498
46365 43096 1:0 47505
46378 43095 1:0 47516
46460 326 1:0 48846
46600 26752 21:0 46603
46610 26755 21:0 46634
46993 26923 21:0 46996
47003 26926 21:0 47027
47255 27037 21:0 47258
47517 27151 21:0 47520
47527 27154 21:0 47551
47650 9 21:0 47671
47678 45962 21:0 47694
47694 13 21:0 47699
47701 45980 21:0 47718
47717 45982 21:0 47770
47769 45971 21:0 47770
47772 46012 21:0 47780
47779 45979 21:0 47830
47829 46014 21:0 47846
47845 46015 21:0 47856
47855 46046 21:0 47874
47873 45981 21:0 47922
47921 46048 21:0 47927
47926 17 21:0 47932
47931 61 21:0 47932
47931 46024 21:0 47932
47932 46081 21:0 47998
47997 46080 21:0 48003
48002 46013 21:0 48008
48007 46111 21:0 48074
48073 46114 21:0 48079
48078 89 21:0 48079
48081 46146 21:0 48098
48097 46144 21:0 48150
48149 46145 21:0 48155
48157 46178 21:0 48174
48173 46179 21:0 48226
48225 46130 21:0 48226
48228 46210 21:0 48236
48235 46211 21:0 48286
48285 46180 21:0 48302
48301 69 21:0 48307
48309 46245 21:0 48326
48325 46213 21:0 48378
48377 46147 21:0 48383
48382 171 21:0 48383
48385 46278 21:0 48402
48401 46276 21:0 48454
48453 46078 21:0 48459
48461 46310 21:0 48478
48477 46311 21:0 48530
48529 46212 21:0 48535
48534 46112 21:0 48554
48553 46244 21:0 48606
48605 46342 21:0 48611
48610 46309 21:0 48616
48615 46113 21:0 48682
48681 227 21:0 48682
48681 157 21:0 48682
48684 46408 21:0 48692
48691 46376 21:0 48742
48741 139 21:0 48758
48757 46409 21:0 48763
48762 46343 21:0 48768
48767 46312 21:0 48823
48769 46343 1:0 48859
48822 46452 21:0 48834
48824 46312 1:0 48842
48833 46391 21:0 48834
48833 46254 21:0 48839
48838 46459 21:0 48839
48858 312 1:0 2581
48859 46409 1:0 48868
48859 17 1:0 48868
48868 44999 1:0 48881
48868 27151 1:0 48881
48868 46376 1:0 48953
48876 46113 1:0 48982
48887 326 21:0 48901
48902 46408 1:0 48993
48907 26923 1:0 48993
48989 46309 1:0 49002
48990 26926 1:0 49002
48999 46342 1:0 49030
48999 46244 1:0 49110
49005 46112 1:0 49121
49005 44523 1:0 49121
49010 44966 1:0 49128
49025 44509 1:0 49130
49120 44936 1:0 49143
49120 44524 1:0 49143
49120 26445 1:0 49143
49121 44935 1:0 49215
49130 44934 1:0 49244
49130 44933 1:0 49255
49130 227 1:0 49255
49130 44516 1:0 49255
49136 44903 1:0 49264
49140 139 1:0 49264
49169 46212 1:0 49292
49251 44902 1:0 49372
49252 44901 1:0 49379
49252 157 1:0 49383
49261 44900 1:0 49390
49261 46078 1:0 49395
49269 44870 1:0 49423
49288 44868 1:0 49503
49382 44869 1:0 49511
49382 69 1:0 49514
49383 44867 1:0 49521
49392 46276 1:0 49526
49392 44837 1:0 49554
49398 44835 1:0 49634
49403 44836 1:0 49642
49419 26752 1:0 49645
49513 44834 1:0 49652
49514 46147 1:0 49657
49523 44804 1:0 49685
49523 171 1:0 49685
49523 44803 1:0 49765
49529 44802 1:0 49772
49529 44784 1:0 49776
49534 44801 1:0 49783
49562 46114 1:0 49788
49644 44771 1:0 49816
49645 44769 1:0 49896
49654 44770 1:0 49904
49654 26755 1:0 49907
49660 44768 1:0 49914
49664 46311 1:0 49919
49693 44737 1:0 49947
49775 44738 1:0 50027
49776 44736 1:0 50034
49776 44707 1:0 50038
49785 44735 1:0 50045
49785 46310 1:0 50050
49791 44705 1:0 50078
49811 44704 1:0 50158
49824 44703 1:0 50165
49906 89 1:0 50169
49907 44702 1:0 50176
49916 46213 1:0 50181
49916 44672 1:0 50209
49922 44671 1:0 50289
49926 44670 1:0 50296
49927 44652 1:0 50300
49955 44669 1:0 50307
50037 46111 1:0 50312
50038 44639 1:0 50340
50047 44637 1:0 50420
50047 44638 1:0 50428
50053 27037 1:0 50431
50057 44636 1:0 50438
50086 46180 1:0 50443
50168 44606 1:0 50471
50168 61 1:0 50471
50169 44604 1:0 50551
50178 44605 1:0 50559
50178 13 1:0 50562
50178 44603 1:0 50569
50186 46278 1:0 50574
50204 44573 1:0 50602
50299 44572 1:0 50682
50300 44571 1:0 50689
50300 44515 1:0 50693
50309 44570 1:0 50700
50309 46179 1:0 50705
50315 44540 1:0 50733
50319 44538 1:0 50813
50348 44539 1:0 50821
50348 44535 1:0 50824
50389 22856 1:0 50966
50430 44537 1:0 50831
50431 27154 1:0 50833
50431 327 1:0 50944
50440 46211 1:0 50846
50440 9 1:0 50846
50440 44522 1:0 50846
50440 46013 1:0 50918
50446 46459 1:0 50949
50450 46178 1:0 50960
50451 46452 1:0 50960
50467 22858 1:0 50966
50479 22851 1:0 50969
50479 22861 1:0 50969
50561 22860 1:0 50979
50561 22852 1:0 50979
50561 22850 1:0 50979
50561 22857 1:0 50979
50561 23003 1:0 51187
50562 22859 1:0 51005
50562 22862 1:0 51051
50571 22863 1:0 51138
50571 46245 1:0 51181
50571 23007 1:0 51187
50571 23004 1:0 51190
50577 23006 1:0 51190
50579 23008 1:0 51200
50579 23000 1:0 51200
50581 22998 1:0 51200
50581 22997 1:0 51200
50597 23005 1:0 51227
50610 23009 1:0 51272
50651 23010 1:0 51359
50692 46048 1:0 51399
50693 46391 1:0 51402
50693 23150 1:0 51402
50693 23144 1:0 51408
50693 23145 1:0 51408
50693 23154 1:0 51408
50702 23156 1:0 51411
50702 23151 1:0 51411
50702 23152 1:0 51439
50702 23155 1:0 51439
50708 23157 1:0 51490
50708 23153 1:0 51560
50710 23291 1:0 51623
50728 46210 1:0 51620
50729 23297 1:0 51629
50729 23298 1:0 51629
50741 23303 1:0 51629
50823 23302 1:0 51632
50823 23292 1:0 51632
50824 23299 1:0 51660
50824 23301 1:0 51660
50824 23304 1:0 51711
50833 23293 1:0 51750
50833 23300 1:0 51781
50833 45981 1:0 51844
50833 23447 1:0 51850
50839 23438 1:0 51850
50839 23448 1:0 51853
50839 23444 1:0 51853
50841 23445 1:0 51863
50841 23439 1:0 51863
50844 23450 1:0 51863
50860 23449 1:0 51890
50872 23446 1:0 51935
50872 23591 1:0 52065
50956 23451 1:0 52022
50956 23598 1:0 52071
50956 23586 1:0 52071
50956 23592 1:0 52071
50957 46046 1:0 52062
50957 23585 1:0 52074
50966 23594 1:0 52074
50966 23597 1:0 52102
50966 23593 1:0 52102
50966 23596 1:0 52153
50972 23590 1:0 52203
50972 23595 1:0 52232
50985 327 21:0 50999
50992 46015 1:0 52286
50993 46254 1:0 52286
51005 23745 1:0 52292
51005 23732 1:0 52292
51005 23738 1:0 52295
51046 23740 1:0 52295
51054 23733 1:0 52304
51054 23736 1:0 52304
51059 23739 1:0 52304
51075 23741 1:0 52304
51075 23742 1:0 52331
51076 23879 1:0 52507
51114 22857 21:0 51140
51125 23743 1:0 52377
51135 23744 1:0 52463
51144 22863 21:0 51169
51145 23888 1:0 52513
51145 23880 1:0 52513
51168 22862 21:0 51172
51171 22859 21:0 51172
51171 22860 21:0 51180
51177 46080 1:0 52504
51178 23885 1:0 52513
51178 23886 1:0 52516
51178 23891 1:0 52516
51178 23890 1:0 52544
51178 24026 1:0 52728
51179 22861 21:0 51183
51182 22858 21:0 51183
51182 22850 21:0 51189
51184 23887 1:0 52544
51184 23892 1:0 52595
51187 23881 1:0 52634
51187 23889 1:0 52674
51187 46014 1:0 52725
51187 24038 1:0 52734
51187 24032 1:0 52734
51187 24033 1:0 52734
51188 22852 21:0 51189
51188 22856 21:0 51189
51188 22851 21:0 51189
51190 24027 1:0 52737
51193 24036 1:0 52737
51193 24039 1:0 52765
51197 24037 1:0 52765
51213 24035 1:0 52816
51226 24029 1:0 52856
51226 24034 1:0 52885
51275 46145 1:0 52949
51280 46130 1:0 52949
51296 24174 1:0 52955
51296 24182 1:0 52955
51308 22997 21:0 51352
51346 24185 1:0 52958
51346 24173 1:0 52958
51351 23000 21:0 51359
51356 24179 1:0 52968
51356 24184 1:0 52968
51356 24180 1:0 52968
51365 23010 21:0 51390
51366 24181 1:0 52995
51389 23009 21:0 51393
51392 23005 21:0 51393
51392 23008 21:0 51401
51398 24183 1:0 53040
51398 24186 1:0 53127
51399 46146 1:0 53164
51399 24328 1:0 53176
51400 23006 21:0 51404
51402 24326 1:0 53176
51402 24321 1:0 53179
51403 23007 21:0 51404
51403 22998 21:0 51410
51405 46144 1:0 53170
51408 24329 1:0 53179
51408 24330 1:0 53188
51408 24320 1:0 53188
51408 24327 1:0 53188
51408 24331 1:0 53215
51408 24467 1:0 53391
51409 23003 21:0 51410
51409 23004 21:0 51410
51411 24332 1:0 53261
51414 24333 1:0 53348
51419 46081 1:0 53388
51434 24474 1:0 53397
51434 24468 1:0 53397
51447 24475 1:0 53397
51447 24473 1:0 53400
51488 24480 1:0 53400
51501 24477 1:0 53428
51517 24471 1:0 53428
51517 24476 1:0 53428
51517 24469 1:0 53428
51518 24479 1:0 53479
51566 23153 21:0 51611
51567 24472 1:0 53529
51567 24478 1:0 53559
51587 45979 1:0 53609
51610 23157 21:0 51614
51613 23155 21:0 51614
51613 23152 21:0 51622
51619 24615 1:0 53612
51619 24614 1:0 53618
51619 24621 1:0 53618
51619 24624 1:0 53618
51620 24620 1:0 53621
51620 24625 1:0 53621
51620 24627 1:0 53649
51620 24762 1:0 53839
51621 23156 21:0 51625
51623 24623 1:0 53649
51624 23154 21:0 51625
51624 23151 21:0 51625
51624 23144 21:0 51631
51626 24626 1:0 53700
51626 24616 1:0 53739
51626 24622 1:0 53769
51629 45982 1:0 53833
51629 46024 1:0 53833
51629 24771 1:0 53839
51630 23145 21:0 51631
51630 23150 21:0 51631
51632 24761 1:0 53842
51632 24770 1:0 53842
51635 24774 1:0 53851
51635 24767 1:0 53851
51635 24768 1:0 53851
51639 24772 1:0 53879
51655 24769 1:0 53924
51668 24773 1:0 54010
51717 46012 1:0 54054
51737 24916 1:0 54060
51738 24914 1:0 54060
51738 24920 1:0 54063
51739 24908 1:0 54063
51760 23293 21:0 51779
51787 23300 21:0 51832
51788 24918 1:0 54073
51788 24910 1:0 54073
51798 24909 1:0 54073
51798 24915 1:0 54073
51808 24917 1:0 54100
51831 23304 21:0 51835
51834 23301 21:0 51835
51834 23299 21:0 51843
51840 24919 1:0 54145
51840 24921 1:0 54232
51841 45980 1:0 54268
51841 25055 1:0 54275
51841 45971 1:0 54275
51841 45962 1:0 54275
51842 23302 21:0 51846
51844 25061 1:0 54281
51845 23292 21:0 51846
51845 23303 21:0 51846
51845 23298 21:0 51852
51847 25065 1:0 54281
51847 25062 1:0 54281
51847 25056 1:0 54284
51850 25066 1:0 54284
51850 25067 1:0 54312
51850 25064 1:0 54312
51850 25068 1:0 54363
51851 23291 21:0 51852
51851 23297 21:0 51852
51853 25063 1:0 54432
51853 25156 1:0 54459
51853 25155 1:0 54492
51998 23445 21:0 52024
52028 23451 21:0 52053
52052 23446 21:0 52056
52055 23449 21:0 52056
52055 23450 21:0 52064
52063 23448 21:0 52067
52066 23447 21:0 52067
52066 23439 21:0 52073
52072 23444 21:0 52073
52072 23438 21:0 52073
52192 23585 21:0 52236
52242 23595 21:0 52274
52273 23596 21:0 52277
52276 23593 21:0 52277
52276 23597 21:0 52285
52284 23594 21:0 52288
52287 23586 21:0 52288
52287 23598 21:0 52288
52287 23592 21:0 52294
52293 23591 21:0 52294
52293 23590 21:0 52294
52410 23733 21:0 52456
52455 23736 21:0 52462
52473 23744 21:0 52495
52494 23743 21:0 52498
52497 23742 21:0 52498
52497 23741 21:0 52506
52505 23740 21:0 52509
52508 23745 21:0 52509
52508 23739 21:0 52515
52514 23738 21:0 52515
52514 23732 21:0 52515
52631 23880 21:0 52677
52676 23881 21:0 52683
52684 23889 21:0 52716
52715 23892 21:0 52719
52718 23890 21:0 52719
52718 23887 21:0 52727
52726 23891 21:0 52730
52729 23886 21:0 52730
52729 23888 21:0 52730
52729 23885 21:0 52736
52735 23879 21:0 52736
52862 24029 21:0 52882
52895 24034 21:0 52937
52936 24035 21:0 52940
52939 24039 21:0 52940
52939 24037 21:0 52948
52947 24036 21:0 52951
52950 24027 21:0 52951
52950 24038 21:0 52951
52950 24032 21:0 52957
52956 24026 21:0 52957
52956 24033 21:0 52957
53106 24179 21:0 53130
53133 24186 21:0 53158
53157 24183 21:0 53161
53160 24181 21:0 53161
53160 24184 21:0 53169
53168 24185 21:0 53172
53171 24182 21:0 53172
53171 24180 21:0 53178
53177 24173 21:0 53178
53177 24174 21:0 53178
53297 24320 21:0 53341
53354 24333 21:0 53379
53378 24332 21:0 53382
53381 24331 21:0 53382
53381 24330 21:0 53390
53389 24329 21:0 53393
53392 24328 21:0 53393
53392 24327 21:0 53399
53398 24321 21:0 53399
53398 24326 21:0 53399
53515 24468 21:0 53561
53565 24478 21:0 53600
53599 24479 21:0 53603
53602 24477 21:0 53603
53602 24476 21:0 53611
53610 24480 21:0 53614
53613 24475 21:0 53614
53613 24473 21:0 53614
53613 24474 21:0 53620
53619 24472 21:0 53620
53619 24471 21:0 53620
53619 24469 21:0 53620
53619 24467 21:0 53620
53749 24616 21:0 53768
53779 24622 21:0 53821
53820 24626 21:0 53824
53823 24623 21:0 53824
53823 24627 21:0 53832
53831 24625 21:0 53835
53834 24620 21:0 53835
53834 24624 21:0 53835
53834 24614 21:0 53841
53840 24621 21:0 53841
53840 24615 21:0 53841
53990 24767 21:0 54014
54020 24773 21:0 54042
54041 24769 21:0 54045
54044 24772 21:0 54045
54044 24774 21:0 54053
54052 24770 21:0 54056
54055 24771 21:0 54056
54055 24768 21:0 54062
54061 24762 21:0 54062
54061 24761 21:0 54062
54178 24909 21:0 54224
54223 24910 21:0 54230
54238 24921 21:0 54263
54262 24919 21:0 54266
54265 24917 21:0 54266
54265 24918 21:0 54274
54273 24920 21:0 54277
54276 24916 21:0 54277
54276 24915 21:0 54283
54282 24908 21:0 54283
54282 24914 21:0 54283
54399 25056 21:0 54445
54444 25061 21:0 54482
