85 13721 0:0 87
85 13722 0:0 87
85 13719 0:0 87
85 13723 0:0 87
85 13718 0:0 87
86 13812 0:0 87
86 13717 0:0 87
86 13716 0:0 87
86 13711 0:0 87
122 305 0:0 123
1309 14393 21:0 1319
3286 298 21:0 3325
3514 15425 21:0 3580
3962 15620 21:0 3970
4114 15686 0:0 4117
4119 15688 21:0 4177
4563 15688 1:0 5216
4564 15686 1:0 5226
4564 300 1:0 6647
4573 15620 1:0 5488
4573 15425 1:0 6256
7174 17026 21:0 7232
7250 17059 21:0 7308
7397 17124 21:0 7405
7777 17289 0:0 7780
7782 17290 21:0 7840
7922 17290 1:0 8050
7923 17289 1:0 8061
7923 17124 1:0 8716
7932 17059 1:0 8967
7932 17026 1:0 9098
7938 301 1:0 10006
7938 302 1:0 13365
7940 303 1:0 16724
10004 300 21:0 10041
10305 18399 21:0 10363
10452 18463 21:0 10460
10685 18564 21:0 10743
11065 18728 21:0 11123
11212 18793 21:0 11220
11281 18793 1:0 11289
11282 18728 1:0 11540
11291 18564 1:0 12196
11291 18463 1:0 12599
11297 18399 1:0 12851
13363 301 21:0 13401
13439 19772 21:0 13505
13664 19870 21:0 13722
13743 19904 21:0 13809
13892 19969 21:0 13950
13968 20002 21:0 14026
14640 20002 1:0 15686
14641 19969 1:0 15817
14650 19904 1:0 16071
14650 19870 1:0 16210
14656 19772 1:0 16595
16722 302 21:0 16761
17018 21339 0:0 17021
17023 21340 21:0 17081
17080 21342 0:0 17092
17251 21439 21:0 17309
17783 21670 21:0 17841
17999 21670 1:0 18258
18000 21439 1:0 19175
18009 21342 1:0 19561
18009 21340 1:0 19568
18015 21339 1:0 19579
20081 303 21:0 20119
20149 22711 21:0 20157
20385 22813 21:0 20451
20461 22846 21:0 20527
20838 23010 21:0 20896
21142 23142 21:0 21200
21358 23142 1:0 21618
21359 23010 1:0 22142
21368 22846 1:0 22789
21368 22813 1:0 22920
21374 22711 1:0 23331
21374 305 1:0 23442
23589 24216 21:0 23647
23893 24349 21:0 23951
24268 24512 21:0 24276
24344 24545 21:0 24352
24501 24612 21:0 24559
24727 11514 1:0 24823
24727 11517 1:0 24908
24728 11518 1:0 24823
24728 11515 1:0 24824
24737 11516 1:0 24823
24737 11513 1:0 24824
24737 24612 1:0 25040
24743 11664 1:0 25129
24745 11661 1:0 25044
24748 11663 1:0 25044
24763 11662 1:0 25045
24776 11665 1:0 25045
24817 11660 1:0 25045
24830 11808 1:0 25331
24845 11809 1:0 25266
24846 11811 1:0 25266
24896 11807 1:0 25266
24906 11806 1:0 25265
24906 11812 1:0 25266
24916 11810 1:0 25266
24918 11517 21:0 24940
24938 11514 0:0 24940
24939 11518 0:0 24940
24939 11515 0:0 24940
24939 11516 0:0 24940
24939 11513 0:0 24940
24941 11952 1:0 25541
24941 11954 1:0 25551
24941 11955 1:0 25552
24941 12093 1:0 25703
24948 11956 1:0 25561
24948 11957 1:0 25562
24949 11958 1:0 25571
24949 11959 1:0 25572
24949 12105 1:0 25792
24958 24545 1:0 25619
24958 12102 1:0 25707
24958 12094 1:0 25707
24964 12103 1:0 25707
24964 12106 1:0 25707
24968 12104 1:0 25707
24969 12099 1:0 25708
24984 12101 1:0 25707
25038 24512 1:0 25840
25051 12248 1:0 25993
25066 12252 1:0 25928
25067 12250 1:0 25928
25068 12241 1:0 25928
25117 12249 1:0 25928
25127 12247 1:0 25928
25127 12246 1:0 25929
25127 12240 1:0 25929
25137 12253 1:0 25928
25139 11664 21:0 25161
25159 11660 0:0 25161
25160 11663 0:0 25161
25160 11661 0:0 25161
25160 11662 0:0 25161
25160 11665 0:0 25161
25162 12251 1:0 25928
25162 12388 1:0 26149
25162 12399 1:0 26149
25162 12397 1:0 26224
25169 12398 1:0 26149
25169 12387 1:0 26150
25170 12400 1:0 26149
25170 12396 1:0 26149
25170 12395 1:0 26150
25179 12393 1:0 26150
25179 12541 1:0 26370
25179 12543 1:0 26370
25179 12547 1:0 26371
25179 12546 1:0 26455
25185 12545 1:0 26370
25185 12542 1:0 26371
25189 12544 1:0 26370
25190 12535 1:0 26370
25190 12534 1:0 26371
25206 12689 1:0 26656
25218 12690 1:0 26592
25259 12691 1:0 26592
25267 12688 1:0 26592
25287 12694 1:0 26592
25288 12693 1:0 26592
25327 11806 0:0 25336
25337 11808 21:0 25382
25337 12692 1:0 26592
25338 12682 1:0 26591
25338 12681 1:0 26592
25338 12828 1:0 26808
25358 24349 1:0 26789
25380 11809 0:0 25382
25380 11811 0:0 25382
25380 11807 0:0 25382
25381 11812 0:0 25382
25381 11810 0:0 25382
25383 12835 1:0 26812
25383 12829 1:0 26812
25383 12838 1:0 26813
25383 12841 1:0 26898
25390 12839 1:0 26812
25390 12836 1:0 26813
25390 12834 1:0 26813
25391 12837 1:0 26812
25391 12840 1:0 26812
25400 12976 1:0 27033
25400 12981 1:0 27034
25400 12983 1:0 27034
25400 12986 1:0 27034
25400 12985 1:0 27034
25400 12984 1:0 27099
25406 12982 1:0 27033
25406 12988 1:0 27034
25406 12975 1:0 27034
25410 12987 1:0 27034
25426 13135 1:0 27340
25427 13129 1:0 27254
25427 13128 1:0 27255
25439 13133 1:0 27254
25480 13131 1:0 27254
25493 13130 1:0 27255
25509 13134 1:0 27255
25509 13122 1:0 27255
25551 11952 21:0 25603
25559 13132 1:0 27254
25569 13282 1:0 27561
25579 13277 1:0 27476
25601 11956 0:0 25603
25602 11959 0:0 25603
25602 11954 0:0 25603
25602 11955 0:0 25603
25602 11957 0:0 25603
25602 11958 0:0 25603
25604 13279 1:0 27475
25604 13278 1:0 27475
25604 13270 1:0 27475
25604 13280 1:0 27475
25604 13276 1:0 27475
25604 13275 1:0 27476
25611 13281 1:0 27475
25611 13424 1:0 27761
25612 24216 1:0 27682
25612 13417 1:0 27696
25612 13422 1:0 27697
25621 13428 1:0 27696
25621 13425 1:0 27697
25621 13426 1:0 27697
25621 13427 1:0 27697
25627 13423 1:0 27697
25627 13429 1:0 27697
25631 13571 1:0 27982
25647 13564 1:0 27917
25647 13574 1:0 27917
25648 13563 1:0 27918
25648 13570 1:0 27918
25660 13576 1:0 27918
25701 13575 1:0 27918
25729 13573 1:0 27918
25730 13572 1:0 27917
25730 13569 1:0 27918
25731 298 1:0 28083
25742 12093 21:0 25798
25772 12099 0:0 25780
25780 14393 1:0 28127
25781 13720 1:0 28213
25790 13710 1:0 28139
25799 13718 1:0 28139
25800 13721 1:0 28138
25802 12105 21:0 25824
25823 12102 0:0 25824
25823 12106 0:0 25824
25823 12101 0:0 25824
25823 12103 0:0 25824
25823 12094 0:0 25824
25823 12104 0:0 25824
25825 13723 1:0 28138
25825 13717 1:0 28138
25825 13722 1:0 28138
25825 13719 1:0 28138
25832 13711 1:0 28138
25832 13716 1:0 28139
25832 13812 1:0 28264
25989 12241 0:0 25999
25990 12247 0:0 25999
25993 12246 0:0 26001
26003 12248 21:0 26045
26043 12252 0:0 26045
26044 12240 0:0 26045
26044 12251 0:0 26045
26044 12250 0:0 26045
26044 12253 0:0 26045
26044 12249 0:0 26045
26234 12397 21:0 26266
26264 12399 0:0 26266
26265 12393 0:0 26266
26265 12387 0:0 26266
26265 12396 0:0 26266
26265 12400 0:0 26266
26265 12388 0:0 26266
26265 12395 0:0 26266
26265 12398 0:0 26266
26443 12534 0:0 26452
26451 12535 0:0 26458
26457 12541 0:0 26465
26465 12546 21:0 26487
26486 12544 0:0 26487
26486 12543 0:0 26487
26486 12545 0:0 26487
26486 12542 0:0 26487
26486 12547 0:0 26487
26623 12682 0:0 26647
26626 12681 0:0 26652
26653 12688 0:0 26662
26666 12689 21:0 26708
26706 12693 0:0 26708
26707 12691 0:0 26708
26707 12690 0:0 26708
26707 12694 0:0 26708
26707 12692 0:0 26708
26847 12828 21:0 26903
26904 12841 21:0 26929
26927 12834 0:0 26929
26927 12835 0:0 26929
26927 12840 0:0 26929
26927 12829 0:0 26929
26927 12838 0:0 26929
26927 12836 0:0 26929
26928 12837 0:0 26929
26928 12839 0:0 26929
27105 12984 21:0 27150
27148 12975 0:0 27150
27148 12987 0:0 27150
27148 12981 0:0 27150
27148 12983 0:0 27150
27148 12976 0:0 27150
27149 12986 0:0 27150
27149 12982 0:0 27150
27149 12985 0:0 27150
27149 12988 0:0 27150
27327 13129 0:0 27336
27335 13128 0:0 27342
27346 13135 21:0 27371
27369 13132 0:0 27371
27369 13131 0:0 27371
27369 13134 0:0 27371
27369 13122 0:0 27371
27369 13130 0:0 27371
27370 13133 0:0 27371
27548 13275 0:0 27557
27556 13276 0:0 27563
27567 13282 21:0 27592
27590 13278 0:0 27592
27590 13270 0:0 27592
27590 13277 0:0 27592
27590 13280 0:0 27592
27590 13279 0:0 27592
27591 13281 0:0 27592
27728 13417 0:0 27753
27771 13424 21:0 27813
27811 13426 0:0 27813
27811 13428 0:0 27813
27812 13423 0:0 27813
27812 13427 0:0 27813
27812 13422 0:0 27813
27812 13429 0:0 27813
27812 13425 0:0 27813
27949 13564 0:0 27973
27992 13571 21:0 28034
28032 13573 0:0 28034
28033 13569 0:0 28034
28033 13576 0:0 28034
28033 13570 0:0 28034
28033 13572 0:0 28034
28033 13575 0:0 28034
28033 13574 0:0 28034
28033 13563 0:0 28034
28211 13710 0:0 28220
28223 13720 21:0 123
