150 13603 0:0 152
150 13509 0:0 152
150 13515 0:0 152
150 13513 0:0 152
151 13514 0:0 152
151 13604 0:0 152
151 13510 0:0 152
151 13512 0:0 152
151 13516 0:0 152
206 13710 0:0 209
211 13711 21:0 269
213 13712 0:0 214
268 13713 0:0 280
282 13743 21:0 290
287 13744 0:0 290
290 13746 21:0 356
358 13776 21:0 366
510 13842 0:0 513
515 13844 21:0 573
517 13843 0:0 518
572 13845 0:0 584
591 13877 21:0 649
648 13878 0:0 660
662 13908 0:0 665
667 13909 21:0 725
669 13910 0:0 670
743 13943 0:0 746
746 13944 21:0 812
819 13975 21:0 877
821 13976 0:0 822
890 14007 21:0 898
895 14008 0:0 898
898 14010 21:0 964
966 14040 21:0 974
973 14041 21:0 1040
1042 14073 21:0 1050
1123 14108 21:0 1181
1125 14107 0:0 1126
1423 14239 21:0 1431
1430 14241 0:0 1431
1430 14240 21:0 1497
1495 14242 0:0 1497
1499 14272 21:0 1507
1506 14273 0:0 1507
1506 14274 21:0 1573
1571 14275 0:0 1573
1575 14305 21:0 1583
1582 14306 0:0 1583
1582 14307 21:0 1649
1647 14308 0:0 1649
1651 14338 21:0 1659
1658 14339 0:0 1659
1658 14340 21:0 1725
1723 14341 0:0 1725
1727 14371 21:0 1735
1734 14372 0:0 1735
1734 14373 21:0 1801
1799 14374 0:0 1801
1803 14404 21:0 1811
1810 14406 0:0 1811
1810 14405 21:0 1877
1875 14407 0:0 1877
1879 14437 21:0 1887
1886 14439 0:0 1887
1886 14438 21:0 1953
1951 14440 0:0 1953
1955 14470 21:0 1963
1962 14471 0:0 1963
1962 14472 21:0 2029
2027 14473 0:0 2029
2031 14503 21:0 2039
2038 14505 0:0 2039
2038 14504 21:0 2105
2103 14506 0:0 2105
2107 14536 21:0 2115
2114 14538 0:0 2115
2114 14537 21:0 2181
2179 14539 0:0 2181
2183 14569 21:0 2191
2190 14571 0:0 2191
2190 14570 21:0 2257
2255 14572 0:0 2257
2259 14602 21:0 2267
2266 14604 0:0 2267
2266 14603 21:0 2333
2331 14605 0:0 2333
2335 14635 21:0 2343
2342 14636 0:0 2343
2342 14637 21:0 2409
2407 14638 0:0 2409
2411 14668 21:0 2419
2418 14669 0:0 2419
2418 14670 21:0 2485
2483 14671 0:0 2485
2487 14701 21:0 2495
2494 14703 0:0 2495
2494 14702 21:0 2561
2559 14704 0:0 2561
2584 14108 1:0 2948
2585 14107 1:0 2947
2593 14073 1:0 3079
2593 14041 1:0 3191
2610 304 21:0 2624
2617 14040 1:0 3201
2706 14010 1:0 3307
2707 14008 1:0 3313
2715 14007 1:0 3323
2715 13975 1:0 3435
2725 13976 1:0 3436
2828 13944 1:0 3551
2829 13943 1:0 3558
2837 13909 1:0 3679
2837 13910 1:0 3680
2847 13908 1:0 3689
2950 13878 1:0 3795
2951 13877 1:0 3802
2959 13845 1:0 3917
2959 13844 1:0 3924
2969 13843 1:0 3923
3072 13842 1:0 3933
3073 13776 1:0 4177
3081 13746 1:0 4283
3081 13744 1:0 4289
3091 13743 1:0 4299
3194 13713 1:0 4405
3195 13711 1:0 4411
3203 13712 1:0 4412
3203 13710 1:0 4421
3209 305 1:0 5743
3227 14704 1:0 5876
3316 14702 1:0 5883
4593 15681 21:0 4601
4600 15683 0:0 4601
4600 15682 21:0 4667
4665 15684 0:0 4667
4669 15714 21:0 4677
4676 15716 0:0 4677
4676 15715 21:0 4743
4741 15717 0:0 4743
4745 15747 21:0 4753
4752 15748 0:0 4753
4752 15749 21:0 4819
4817 15750 0:0 4819
4821 15780 21:0 4829
4828 15781 0:0 4829
4828 15782 21:0 4895
4893 15783 0:0 4895
4897 15813 21:0 4905
4904 15815 0:0 4905
4904 15814 21:0 4971
4969 15816 0:0 4971
4973 15846 21:0 4981
4980 15847 0:0 4981
4980 15848 21:0 5047
5045 15849 0:0 5047
5049 15879 21:0 5057
5056 15881 0:0 5057
5056 15880 21:0 5123
5121 15882 0:0 5123
5125 15912 21:0 5133
5132 15913 0:0 5133
5132 15914 21:0 5199
5197 15915 0:0 5199
5201 15945 21:0 5209
5208 15946 0:0 5209
5208 15947 21:0 5275
5273 15948 0:0 5275
5277 15978 21:0 5285
5284 15979 0:0 5285
5284 15980 21:0 5351
5349 15981 0:0 5351
5353 16011 21:0 5361
5360 16013 0:0 5361
5360 16012 21:0 5427
5425 16014 0:0 5427
5429 16044 21:0 5437
5436 16045 0:0 5437
5436 16046 21:0 5503
5501 16047 0:0 5503
5505 16077 21:0 5513
5512 16079 0:0 5513
5512 16078 21:0 5579
5577 16080 0:0 5579
5581 16110 21:0 5589
5588 16112 0:0 5589
5588 16111 21:0 5655
5653 16113 0:0 5655
5657 16143 0:0 5660
5662 16145 21:0 5720
5664 16144 0:0 5665
5733 16176 21:0 5741
5755 14703 1:0 5884
5756 14701 1:0 5894
5765 14671 1:0 6007
5765 14670 1:0 6015
5771 14669 1:0 6014
5784 305 21:0 5798
5792 14668 1:0 6025
5886 14638 1:0 6138
5887 14636 1:0 6145
5887 14637 1:0 6146
5896 14635 1:0 6156
5896 14605 1:0 6269
5904 14603 1:0 6276
5923 14604 1:0 6277
6017 14602 1:0 6287
6018 14572 1:0 6400
6018 14570 1:0 6407
6027 14571 1:0 6408
6027 14569 1:0 6418
6035 14539 1:0 6531
6054 14537 1:0 6538
6148 14538 1:0 6539
6149 14536 1:0 6549
6158 14506 1:0 6662
6158 14504 1:0 6669
6164 14505 1:0 6670
6168 14503 1:0 6680
6197 14473 1:0 6793
6279 14472 1:0 6801
6280 14471 1:0 6800
6289 14470 1:0 6811
6289 14440 1:0 6924
6295 14438 1:0 6931
6300 14439 1:0 6932
6328 14437 1:0 6942
6410 14407 1:0 7055
6411 14405 1:0 7062
6420 14406 1:0 7063
6420 14404 1:0 7073
6426 14374 1:0 7186
6431 14373 1:0 7194
6459 14372 1:0 7193
6541 14371 1:0 7204
6542 14341 1:0 7317
6551 14339 1:0 7324
6551 14340 1:0 7325
6557 14338 1:0 7335
6577 14308 1:0 7448
6590 14307 1:0 7456
6672 14306 1:0 7455
6673 14305 1:0 7466
6682 14275 1:0 7579
6682 14274 1:0 7587
6688 14273 1:0 7586
6708 14272 1:0 7597
6803 14242 1:0 7710
6804 14240 1:0 7717
6804 14241 1:0 7718
6813 14239 1:0 7728
6813 306 1:0 9058
7908 17123 21:0 7916
7915 17125 0:0 7916
7915 17124 21:0 7982
7980 17126 0:0 7982
7984 17156 21:0 7992
7991 17158 0:0 7992
7991 17157 21:0 8058
8056 17159 0:0 8058
8060 17189 21:0 8068
8067 17190 0:0 8068
8067 17191 21:0 8134
8132 17192 0:0 8134
8136 17222 21:0 8144
8143 17224 0:0 8144
8143 17223 21:0 8210
8208 17225 0:0 8210
8212 17255 21:0 8220
8219 17257 0:0 8220
8219 17256 21:0 8286
8284 17258 0:0 8286
8288 17288 21:0 8296
8295 17290 0:0 8296
8295 17289 21:0 8362
8360 17291 0:0 8362
8364 17321 21:0 8372
8371 17323 0:0 8372
8371 17322 21:0 8438
8436 17324 0:0 8438
8440 17354 21:0 8448
8447 17356 0:0 8448
8447 17355 21:0 8514
8512 17357 0:0 8514
8516 17387 21:0 8524
8523 17388 0:0 8524
8523 17389 21:0 8590
8588 17390 0:0 8590
8592 17420 21:0 8600
8599 17422 0:0 8600
8599 17421 21:0 8666
8664 17423 0:0 8666
8668 17453 21:0 8676
8675 17454 0:0 8676
8675 17455 21:0 8742
8740 17456 0:0 8742
8744 17486 21:0 8752
8751 17487 0:0 8752
8751 17488 21:0 8818
8816 17489 0:0 8818
8820 17519 21:0 8828
8827 17520 0:0 8828
8827 17521 21:0 8894
8892 17522 0:0 8894
8896 17552 21:0 8904
8903 17553 0:0 8904
8903 17554 21:0 8970
8968 17555 0:0 8970
8972 17585 21:0 8980
8979 17586 21:0 9046
9070 16176 1:0 9078
9071 16145 1:0 9199
9080 16144 1:0 9198
9080 16143 1:0 9209
9086 16113 1:0 9322
9099 306 21:0 9113
9107 16111 1:0 9329
9201 16112 1:0 9330
9202 16110 1:0 9340
9202 16080 1:0 9453
9211 16078 1:0 9460
9211 16079 1:0 9461
9219 16077 1:0 9471
9238 16047 1:0 9584
9332 16046 1:0 9592
9333 16045 1:0 9591
9333 16044 1:0 9602
9342 16014 1:0 9715
9342 16012 1:0 9722
9350 16013 1:0 9723
9369 16011 1:0 9733
9463 15981 1:0 9846
9464 15980 1:0 9854
9473 15979 1:0 9853
9473 15978 1:0 9864
9479 15948 1:0 9977
9483 15947 1:0 9985
9512 15946 1:0 9984
9594 15945 1:0 9995
9595 15915 1:0 10108
9604 15913 1:0 10115
9604 15914 1:0 10116
9610 15912 1:0 10126
9615 15882 1:0 10239
9643 15880 1:0 10246
9725 15881 1:0 10247
9726 15879 1:0 10257
9735 15849 1:0 10370
9735 15848 1:0 10378
9741 15847 1:0 10377
9746 15846 1:0 10388
9774 15816 1:0 10501
9856 15814 1:0 10508
9857 15815 1:0 10509
9866 15813 1:0 10519
9866 15783 1:0 10632
9872 15782 1:0 10640
9892 15781 1:0 10639
9905 15780 1:0 10650
9987 15750 1:0 10763
9988 15749 1:0 10771
9997 15748 1:0 10770
9997 15747 1:0 10781
10003 15717 1:0 10894
10023 15715 1:0 10901
10118 15716 1:0 10902
10119 15714 1:0 10912
10119 15684 1:0 11025
10128 15682 1:0 11032
10128 15683 1:0 11033
10136 15681 1:0 11043
10138 307 1:0 12373
11223 18565 21:0 11231
11230 18566 0:0 11231
11230 18567 21:0 11297
11295 18568 0:0 11297
11299 18598 21:0 11307
11306 18599 0:0 11307
11306 18600 21:0 11373
11371 18601 0:0 11373
11375 18631 21:0 11383
11382 18633 0:0 11383
11382 18632 21:0 11449
11447 18634 0:0 11449
11451 18664 21:0 11459
11458 18666 0:0 11459
11458 18665 21:0 11525
11523 18667 0:0 11525
11527 18697 21:0 11535
11534 18698 0:0 11535
11534 18699 21:0 11601
11599 18700 0:0 11601
11603 18730 21:0 11611
11610 18731 0:0 11611
11610 18732 21:0 11677
11675 18733 0:0 11677
11679 18763 21:0 11687
11686 18764 0:0 11687
11686 18765 21:0 11753
11751 18766 0:0 11753
11755 18796 21:0 11763
11762 18797 0:0 11763
11762 18798 21:0 11829
11827 18799 0:0 11829
11831 18829 21:0 11839
11838 18830 0:0 11839
11838 18831 21:0 11905
11903 18832 0:0 11905
11907 18862 21:0 11915
11914 18863 0:0 11915
11914 18864 21:0 11981
11979 18865 0:0 11981
11983 18895 21:0 11991
11990 18897 0:0 11991
11990 18896 21:0 12057
12055 18898 0:0 12057
12059 18928 21:0 12067
12066 18929 0:0 12067
12066 18930 21:0 12133
12131 18931 0:0 12133
12135 18961 21:0 12143
12142 18963 0:0 12143
12142 18962 21:0 12209
12207 18964 0:0 12209
12211 18994 21:0 12219
12218 18995 0:0 12219
12218 18996 21:0 12285
12283 18997 0:0 12285
12287 19027 21:0 12295
12294 19028 0:0 12295
12294 19029 21:0 12361
12363 19060 21:0 12371
12385 17586 1:0 12513
12386 17585 1:0 12524
12395 17555 1:0 12637
12395 17554 1:0 12645
12401 17553 1:0 12644
12414 307 21:0 12428
12422 17552 1:0 12655
12516 17522 1:0 12768
12517 17520 1:0 12775
12517 17521 1:0 12776
12526 17519 1:0 12786
12526 17489 1:0 12899
12534 17488 1:0 12907
12553 17487 1:0 12906
12647 17486 1:0 12917
12648 17456 1:0 13030
12648 17455 1:0 13038
12657 17454 1:0 13037
12657 17453 1:0 13048
12665 17423 1:0 13161
12684 17421 1:0 13168
12778 17422 1:0 13169
12779 17420 1:0 13179
12788 17390 1:0 13292
12788 17389 1:0 13300
12794 17388 1:0 13299
12798 17387 1:0 13310
12827 17357 1:0 13423
12909 17355 1:0 13430
12910 17356 1:0 13431
12919 17354 1:0 13441
12919 17324 1:0 13554
12925 17322 1:0 13561
12930 17323 1:0 13562
12958 17321 1:0 13572
13040 17291 1:0 13685
13041 17289 1:0 13692
13050 17290 1:0 13693
13050 17288 1:0 13703
13056 17258 1:0 13816
13061 17256 1:0 13823
13089 17257 1:0 13824
13171 17255 1:0 13834
13172 17225 1:0 13947
13181 17223 1:0 13954
13181 17224 1:0 13955
13187 17222 1:0 13965
13207 17192 1:0 14078
13220 17191 1:0 14086
13302 17190 1:0 14085
13303 17189 1:0 14096
13312 17159 1:0 14209
13312 17157 1:0 14216
13318 17158 1:0 14217
13338 17156 1:0 14227
13433 17126 1:0 14340
13434 17124 1:0 14347
13434 17125 1:0 14348
13443 17123 1:0 14358
13443 308 1:0 15688
13449 19060 1:0 15708
14538 20007 21:0 14546
14545 20009 0:0 14546
14545 20008 21:0 14612
14610 20010 0:0 14612
14614 20040 21:0 14622
14621 20041 0:0 14622
14621 20042 21:0 14688
14686 20043 0:0 14688
14690 20073 21:0 14698
14697 20075 0:0 14698
14697 20074 21:0 14764
14762 20076 0:0 14764
14766 20106 21:0 14774
14773 20107 0:0 14774
14773 20108 21:0 14840
14838 20109 0:0 14840
14842 20139 21:0 14850
14849 20140 0:0 14850
14849 20141 21:0 14916
14914 20142 0:0 14916
14918 20172 21:0 14926
14925 20174 0:0 14926
14925 20173 21:0 14992
14990 20175 0:0 14992
14994 20205 21:0 15002
15001 20207 0:0 15002
15001 20206 21:0 15068
15066 20208 0:0 15068
15070 20238 21:0 15078
15077 20240 0:0 15078
15077 20239 21:0 15144
15142 20241 0:0 15144
15146 20271 21:0 15154
15153 20272 0:0 15154
15153 20273 21:0 15220
15218 20274 0:0 15220
15222 20304 21:0 15230
15229 20306 0:0 15230
15229 20305 21:0 15296
15294 20307 0:0 15296
15298 20337 21:0 15306
15305 20339 0:0 15306
15305 20338 21:0 15372
15370 20340 0:0 15372
15374 20370 21:0 15382
15381 20371 0:0 15382
15381 20372 21:0 15448
15446 20373 0:0 15448
15450 20403 0:0 15453
15455 20405 21:0 15513
15457 20404 0:0 15458
15512 20406 0:0 15524
15526 20436 21:0 15534
15533 20437 0:0 15534
15533 20438 21:0 15600
15602 20469 0:0 15605
15607 20470 21:0 15665
15609 20471 0:0 15610
15664 20472 0:0 15676
15700 19029 1:0 15829
15701 19028 1:0 15828
15710 19027 1:0 15839
15710 18997 1:0 15952
15716 18996 1:0 15960
15729 308 21:0 15743
15737 18995 1:0 15959
15831 18994 1:0 15970
15832 18964 1:0 16083
15832 18962 1:0 16090
15841 18963 1:0 16091
15841 18961 1:0 16101
15849 18931 1:0 16214
15868 18930 1:0 16222
15962 18929 1:0 16221
15963 18928 1:0 16232
15963 18898 1:0 16345
15972 18896 1:0 16352
15972 18897 1:0 16353
15980 18895 1:0 16363
15999 18865 1:0 16476
16093 18864 1:0 16484
16094 18863 1:0 16483
16103 18862 1:0 16494
16103 18832 1:0 16607
16109 18831 1:0 16615
16113 18830 1:0 16614
16142 18829 1:0 16625
16224 18799 1:0 16738
16225 18798 1:0 16746
16234 18797 1:0 16745
16234 18796 1:0 16756
16240 18766 1:0 16869
16245 18765 1:0 16877
16273 18764 1:0 16876
16355 18763 1:0 16887
16356 18733 1:0 17000
16365 18731 1:0 17007
16365 18732 1:0 17008
16371 18730 1:0 17018
16376 18700 1:0 17131
16404 18699 1:0 17139
16486 18698 1:0 17138
16487 18697 1:0 17149
16496 18667 1:0 17262
16496 18665 1:0 17269
16502 18666 1:0 17270
16522 18664 1:0 17280
16535 18634 1:0 17393
16617 18632 1:0 17400
16618 18633 1:0 17401
16627 18631 1:0 17411
16627 18601 1:0 17524
16633 18600 1:0 17532
16653 18599 1:0 17531
16748 18598 1:0 17542
16749 18568 1:0 17655
16749 18567 1:0 17663
16758 18566 1:0 17662
16758 18565 1:0 17673
16764 309 1:0 19003
16768 20472 1:0 19136
17853 21449 21:0 17861
17860 21450 0:0 17861
17860 21451 21:0 17927
17925 21452 0:0 17927
17929 21482 21:0 17937
17936 21484 0:0 17937
17936 21483 21:0 18003
18001 21485 0:0 18003
18005 21515 21:0 18013
18012 21517 0:0 18013
18012 21516 21:0 18079
18077 21518 0:0 18079
18081 21548 21:0 18089
18088 21549 0:0 18089
18088 21550 21:0 18155
18153 21551 0:0 18155
18157 21581 21:0 18165
18164 21582 0:0 18165
18164 21583 21:0 18231
18229 21584 0:0 18231
18233 21614 21:0 18241
18240 21616 0:0 18241
18240 21615 21:0 18307
18305 21617 0:0 18307
18309 21647 21:0 18317
18316 21648 0:0 18317
18316 21649 21:0 18383
18381 21650 0:0 18383
18385 21680 21:0 18393
18392 21682 0:0 18393
18392 21681 21:0 18459
18457 21683 0:0 18459
18461 21713 21:0 18469
18468 21715 0:0 18469
18468 21714 21:0 18535
18533 21716 0:0 18535
18537 21746 21:0 18545
18544 21748 0:0 18545
18544 21747 0:0 18545
18545 21749 21:0 18611
18613 21779 21:0 18621
18620 21780 0:0 18621
18620 21781 21:0 18687
18685 21782 0:0 18687
18689 21812 21:0 18697
18696 21814 0:0 18697
18696 21813 21:0 18763
18761 21815 0:0 18763
18765 21845 21:0 18773
18772 21847 0:0 18773
18772 21846 21:0 18839
18837 21848 0:0 18839
18841 21878 21:0 18849
18848 21879 0:0 18849
18848 21880 21:0 18915
18913 21881 0:0 18915
18917 21911 21:0 18925
18924 21913 0:0 18925
18924 21912 21:0 18991
18989 21914 0:0 18991
19015 20470 1:0 19143
19016 20471 1:0 19144
19025 20469 1:0 19154
19025 20438 1:0 19275
19031 20437 1:0 19274
19044 309 21:0 19058
19052 20436 1:0 19285
19146 20406 1:0 19398
19147 20404 1:0 19405
19147 20405 1:0 19406
19156 20403 1:0 19416
19156 20373 1:0 19529
19164 20372 1:0 19537
19183 20371 1:0 19536
19277 20370 1:0 19547
19278 20340 1:0 19660
19278 20338 1:0 19667
19287 20339 1:0 19668
19287 20337 1:0 19678
19295 20307 1:0 19791
19314 20305 1:0 19798
19408 20306 1:0 19799
19409 20304 1:0 19809
19418 20274 1:0 19922
19418 20273 1:0 19930
19424 20272 1:0 19929
19428 20271 1:0 19940
19457 20241 1:0 20053
19539 20239 1:0 20060
19540 20240 1:0 20061
19549 20238 1:0 20071
19549 20208 1:0 20184
19555 20206 1:0 20191
19560 20207 1:0 20192
19588 20205 1:0 20202
19670 20175 1:0 20315
19671 20173 1:0 20322
19680 20174 1:0 20323
19680 20172 1:0 20333
19686 20142 1:0 20446
19691 20141 1:0 20454
19719 20140 1:0 20453
19801 20139 1:0 20464
19802 20109 1:0 20577
19811 20107 1:0 20584
19811 20108 1:0 20585
19817 20106 1:0 20595
19837 20076 1:0 20708
19850 20074 1:0 20715
19932 20075 1:0 20716
19933 20073 1:0 20726
19942 20043 1:0 20839
19942 20042 1:0 20847
19948 20041 1:0 20846
19968 20040 1:0 20857
20063 20010 1:0 20970
20064 20008 1:0 20977
20064 20009 1:0 20978
20073 20007 1:0 20988
20073 310 1:0 22318
21168 22891 0:0 21171
21173 22892 21:0 21231
21175 22893 0:0 21176
21230 22894 0:0 21242
21244 22924 21:0 21252
21251 22926 0:0 21252
21251 22925 21:0 21318
21316 22927 0:0 21318
21320 22957 0:0 21323
21325 22959 21:0 21383
21327 22958 0:0 21328
21382 22960 0:0 21394
21396 22990 21:0 21404
21401 22991 0:0 21404
21403 22992 0:0 21404
21404 22993 21:0 21470
21472 23023 21:0 21480
21477 23025 0:0 21480
21477 23024 0:0 21480
21480 23026 21:0 21546
21548 23056 21:0 21556
21555 23058 0:0 21556
21555 23057 21:0 21622
21620 23059 0:0 21622
21624 23089 0:0 21627
21629 23090 21:0 21687
21631 23091 0:0 21632
21686 23092 0:0 21698
21700 23122 21:0 21708
21705 23123 0:0 21708
21705 23124 0:0 21708
21708 23125 21:0 21774
21776 23155 0:0 21779
21781 23157 21:0 21839
21783 23156 0:0 21784
21838 23158 0:0 21850
21852 23188 0:0 21855
21857 23190 21:0 21915
21859 23189 0:0 21860
21914 23191 0:0 21926
21928 23221 21:0 21936
21935 23223 0:0 21936
21935 23222 21:0 22002
22000 23224 0:0 22002
22004 23254 0:0 22007
22009 23255 21:0 22067
22011 23256 0:0 22012
22066 23257 0:0 22078
22080 23287 21:0 22088
22087 23288 0:0 22088
22088 23290 21:0 22154
22156 23320 21:0 22164
22163 23322 0:0 22164
22163 23321 21:0 22230
22228 23323 0:0 22230
22232 23353 0:0 22235
22237 23355 21:0 22295
22239 23354 0:0 22240
22330 304 1:0 2573
22331 21914 1:0 22451
22331 21912 1:0 22458
22340 21913 1:0 22459
22340 21911 1:0 22469
22348 21881 1:0 22582
22359 310 21:0 22373
22374 21880 1:0 22590
22461 21879 1:0 22589
22462 21878 1:0 22600
22471 21848 1:0 22713
22471 21846 1:0 22720
22477 21847 1:0 22721
22481 21845 1:0 22731
22510 21815 1:0 22844
22592 21813 1:0 22851
22593 21814 1:0 22852
22602 21812 1:0 22862
22602 21782 1:0 22975
22608 21781 1:0 22983
22613 21780 1:0 22982
22641 21779 1:0 22993
22723 21749 1:0 23106
22724 21747 1:0 23113
22733 21748 1:0 23114
22733 21746 1:0 23124
22739 21716 1:0 23237
22744 21714 1:0 23244
22772 21715 1:0 23245
22854 21713 1:0 23255
22855 21683 1:0 23368
22864 21681 1:0 23375
22864 21682 1:0 23376
22870 21680 1:0 23386
22890 21650 1:0 23499
22903 21649 1:0 23507
22985 21648 1:0 23506
22986 21647 1:0 23517
22995 21617 1:0 23630
22995 21615 1:0 23637
23001 21616 1:0 23638
23021 21614 1:0 23648
23116 21584 1:0 23761
23117 21582 1:0 23768
23117 21583 1:0 23769
23126 21581 1:0 23779
23126 21551 1:0 23892
23134 21550 1:0 23900
23153 21549 1:0 23899
23247 21548 1:0 23910
23248 21518 1:0 24023
23248 21516 1:0 24030
23257 21517 1:0 24031
23257 21515 1:0 24041
23265 21485 1:0 24154
23284 21483 1:0 24161
23378 21484 1:0 24162
23379 21482 1:0 24172
23388 21452 1:0 24285
23388 21451 1:0 24293
23394 21450 1:0 24292
23398 21449 1:0 24303
23399 311 1:0 24416
23427 23355 1:0 24520
23509 11307 1:0 24524
23509 11311 1:0 24610
23510 11308 1:0 24525
23510 11310 1:0 24525
23519 11309 1:0 24524
23519 11306 1:0 24525
23519 23354 1:0 24646
23525 23353 1:0 24657
23545 23321 1:0 24741
23558 23323 1:0 24663
23640 11456 1:0 24745
23640 11457 1:0 24830
23641 11458 1:0 24745
23641 11455 1:0 24746
23650 11454 1:0 24745
23650 11453 1:0 24746
23650 23322 1:0 24868
23656 23320 1:0 24878
23676 23290 1:0 24962
23689 11605 1:0 25052
23771 11601 1:0 24966
23771 11603 1:0 24966
23772 11600 1:0 24967
23772 11602 1:0 24967
23772 11604 1:0 24967
23781 23288 1:0 25088
23781 23287 1:0 25099
23789 23257 1:0 25105
23808 23255 1:0 25176
23820 11750 1:0 25263
23902 11751 1:0 25187
23902 11749 1:0 25187
23903 11748 1:0 25187
23903 11752 1:0 25187
23903 11747 1:0 25188
23912 23256 1:0 25310
23912 23254 1:0 25320
23920 23222 1:0 25404
23939 23224 1:0 25326
23951 11899 1:0 25494
24033 11893 1:0 25408
24033 11894 1:0 25409
24033 11896 1:0 25409
24034 11897 1:0 25408
24034 11895 1:0 25408
24043 11898 1:0 25409
24043 23223 1:0 25531
24049 23221 1:0 25541
24053 23191 1:0 25547
24082 23190 1:0 25615
24164 12042 1:0 25630
24164 12041 1:0 25694
24165 12036 1:0 25629
24165 12043 1:0 25630
24165 12046 1:0 25630
24165 12037 1:0 25630
24165 12044 1:0 25630
24174 12045 1:0 25630
24174 23189 1:0 25751
24180 23188 1:0 25762
24185 23157 1:0 25846
24213 23158 1:0 25768
24295 12191 1:0 25850
24295 12193 1:0 25936
24296 12189 1:0 25850
24296 12188 1:0 25851
24305 12192 1:0 25851
24305 12190 1:0 25851
24305 23156 1:0 25972
24311 23155 1:0 25983
24331 23125 1:0 26060
24332 12338 1:0 26147
24344 12337 1:0 26071
24428 12340 1:0 26071
24428 12336 1:0 26071
24429 12339 1:0 26071
24429 12335 1:0 26072
24438 23123 1:0 26193
24438 23124 1:0 26194
24444 23122 1:0 26204
24457 311 21:0 24471
24464 23092 1:0 26210
24477 23090 1:0 26288
24518 12486 1:0 26377
24531 12482 1:0 26293
24547 12483 1:0 26292
24548 12485 1:0 26292
24597 12480 1:0 26293
24607 12484 1:0 26293
24616 11311 21:0 24641
24617 12487 1:0 26292
24639 11310 0:0 24641
24639 11306 0:0 24641
24639 11309 0:0 24641
24639 11308 0:0 24641
24640 11307 0:0 24641
24642 23091 1:0 26415
24649 23089 1:0 26425
24650 23059 1:0 26431
24650 23057 1:0 26502
24659 12630 1:0 26513
24659 12632 1:0 26513
24659 12634 1:0 26513
24659 12631 1:0 26588
24665 12633 1:0 26513
24667 12629 1:0 26514
24686 23058 1:0 26636
24739 23056 1:0 26646
24752 12781 1:0 26820
24768 23026 1:0 26730
24818 12776 1:0 26735
24828 12769 1:0 26734
24828 12778 1:0 26735
24838 12780 1:0 26735
24840 11457 21:0 24862
24861 11454 0:0 24862
24861 11455 0:0 24862
24861 11456 0:0 24862
24861 11458 0:0 24862
24861 11453 0:0 24862
24863 12779 1:0 26734
24863 12777 1:0 26734
24863 12925 1:0 27030
24870 23024 1:0 26856
24871 23025 1:0 26857
24880 23023 1:0 26867
24880 22993 1:0 26944
24886 12923 1:0 26956
24886 12915 1:0 26956
24888 12924 1:0 26955
24891 12926 1:0 26955
24907 12927 1:0 26955
24919 12928 1:0 26955
24973 22991 1:0 27077
24990 22992 1:0 27078
25049 22990 1:0 27088
25058 11605 21:0 25083
25081 11602 0:0 25083
25081 11601 0:0 25083
25081 11600 0:0 25083
25081 11603 0:0 25083
25082 11604 0:0 25083
25084 22960 1:0 27094
25084 22959 1:0 27172
25091 13071 1:0 27176
25091 13074 1:0 27261
25092 13073 1:0 27176
25092 13070 1:0 27177
25101 13075 1:0 27176
25101 13072 1:0 27177
25101 22958 1:0 27298
25107 22957 1:0 27309
25127 22925 1:0 27393
25181 22927 1:0 27315
25189 13221 1:0 27482
25194 13216 1:0 27397
25210 13220 1:0 27397
25210 13222 1:0 27397
25260 13219 1:0 27398
25269 11750 21:0 25304
25270 13217 1:0 27398
25280 13218 1:0 27397
25302 11747 0:0 25304
25302 11751 0:0 25304
25302 11748 0:0 25304
25303 11752 0:0 25304
25303 11749 0:0 25304
25305 22926 1:0 27520
25305 13366 1:0 27693
25312 22924 1:0 27530
25313 22894 1:0 27536
25322 22892 1:0 27607
25322 13363 1:0 27618
25322 13368 1:0 27618
25322 13364 1:0 27619
25328 13369 1:0 27618
25330 13367 1:0 27618
25333 13365 1:0 27618
25361 22893 1:0 27741
25415 22891 1:0 27751
25430 13511 1:0 27904
25431 13514 1:0 27839
25481 13515 1:0 27839
25481 13509 1:0 27840
25491 13512 1:0 27839
25500 11899 21:0 25525
25501 13510 1:0 27839
25523 11894 0:0 25525
25523 11896 0:0 25525
25523 11895 0:0 25525
25523 11897 0:0 25525
25524 11898 0:0 25525
25524 11893 0:0 25525
25526 13513 1:0 27839
25526 13516 1:0 27839
25526 13603 1:0 27964
25526 13604 1:0 27965
25704 12041 21:0 25746
25744 12043 0:0 25746
25744 12045 0:0 25746
25745 12037 0:0 25746
25745 12044 0:0 25746
25745 12046 0:0 25746
25745 12042 0:0 25746
25745 12036 0:0 25746
25942 12193 21:0 25967
25965 12190 0:0 25967
25965 12192 0:0 25967
25965 12189 0:0 25967
25965 12188 0:0 25967
25966 12191 0:0 25967
26153 12338 21:0 26188
26186 12335 0:0 26188
26186 12339 0:0 26188
26186 12336 0:0 26188
26187 12337 0:0 26188
26187 12340 0:0 26188
26387 12486 21:0 26409
26408 12484 0:0 26409
26408 12487 0:0 26409
26408 12485 0:0 26409
26408 12482 0:0 26409
26408 12480 0:0 26409
26408 12483 0:0 26409
26598 12631 21:0 26630
26628 12633 0:0 26630
26629 12629 0:0 26630
26629 12634 0:0 26630
26629 12630 0:0 26630
26629 12632 0:0 26630
26826 12781 21:0 26851
26849 12780 0:0 26851
26849 12778 0:0 26851
26849 12777 0:0 26851
26849 12779 0:0 26851
26850 12769 0:0 26851
26850 12776 0:0 26851
27040 12925 21:0 27072
27070 12927 0:0 27072
27071 12923 0:0 27072
27071 12915 0:0 27072
27071 12926 0:0 27072
27071 12924 0:0 27072
27071 12928 0:0 27072
27271 13074 21:0 27293
27292 13070 0:0 27293
27292 13071 0:0 27293
27292 13073 0:0 27293
27292 13072 0:0 27293
27292 13075 0:0 27293
27492 13221 21:0 27514
27513 13218 0:0 27514
27513 13222 0:0 27514
27513 13217 0:0 27514
27513 13216 0:0 27514
27513 13219 0:0 27514
27513 13220 0:0 27514
27703 13366 21:0 27735
27733 13368 0:0 27735
27734 13364 0:0 27735
27734 13365 0:0 27735
27734 13367 0:0 27735
27734 13369 0:0 27735
27734 13363 0:0 27735
27914 13511 21:0 160
