86 15165 0:0 88
86 15167 0:0 88
87 15166 0:0 88
87 15168 0:0 88
95 15155 21:0 124
95 15163 0:0 124
123 15161 21:0 124
123 15162 21:0 129
128 15315 21:0 140
128 15156 21:0 129
142 15330 21:0 150
149 15332 0:0 150
149 15331 21:0 216
198 15342 0:0 200
214 15333 0:0 216
215 15361 0:0 216
218 15363 21:0 226
225 15365 0:0 226
225 15364 21:0 292
280 15379 0:0 281
280 15382 0:0 281
290 15366 0:0 292
291 15394 0:0 292
294 15396 21:0 302
301 15398 0:0 302
301 15397 21:0 368
366 15399 0:0 368
370 15429 21:0 378
377 15431 0:0 378
377 15430 21:0 444
432 15445 0:0 433
432 15447 0:0 433
442 15432 0:0 444
446 15462 21:0 454
453 15463 0:0 454
453 15464 21:0 520
518 15465 0:0 520
522 15495 21:0 530
529 15497 0:0 530
529 15496 21:0 596
584 15511 0:0 585
584 15513 0:0 585
594 15498 0:0 596
598 15528 21:0 606
605 15529 0:0 606
605 15530 21:0 672
670 15531 0:0 672
674 15561 21:0 682
681 15562 0:0 682
681 15563 21:0 748
695 15572 0:0 696
736 15577 0:0 737
746 15564 0:0 748
750 15594 21:0 758
757 15596 0:0 758
757 15595 21:0 824
822 15597 0:0 824
826 15627 21:0 834
833 15626 0:0 834
833 15628 0:0 834
833 15629 21:0 900
898 15630 0:0 900
902 15660 21:0 910
909 15662 0:0 910
909 15661 21:0 976
974 15663 0:0 976
978 15693 21:0 986
985 15695 0:0 986
985 15694 21:0 1052
1050 15696 0:0 1052
1051 15724 0:0 1052
1054 15726 21:0 1062
1061 15727 0:0 1062
1061 15728 21:0 1128
1126 15729 0:0 1128
1130 15759 21:0 1138
1137 15760 0:0 1138
1137 15761 21:0 1204
1150 15751 0:0 1152
1192 15775 0:0 1193
1202 15762 0:0 1204
1203 15779 0:0 1204
1206 15792 21:0 1214
1213 15791 0:0 1214
1213 15794 0:0 1214
1213 15793 21:0 1280
1278 15795 0:0 1280
1282 15825 21:0 1290
1289 15827 0:0 1290
1289 15826 21:0 1356
1354 15828 0:0 1356
1358 15858 21:0 1366
1365 15860 0:0 1366
1365 15859 21:0 1432
1378 15850 0:0 1380
1430 15861 0:0 1432
1434 15891 21:0 1442
1441 15892 0:0 1442
1441 15893 0:0 1442
1454 15903 21:0 1493
1491 15904 0:0 1493
1493 15911 0:0 1498
1493 15908 0:0 1498
1493 15910 0:0 1498
1500 15897 21:0 1509
1507 15894 0:0 1509
1507 15912 0:0 1509
1508 15923 21:0 1509
1510 15894 1:0 2815
1511 15925 21:0 1519
1518 15926 0:0 1519
1518 15924 0:0 1519
1518 15927 21:0 1585
1531 15917 0:0 1533
1532 15936 0:0 1533
1567 15937 0:0 1569
1573 15941 0:0 1574
1573 15943 0:0 1574
1573 15944 0:0 1574
1583 15928 0:0 1585
1584 15956 0:0 1585
1584 15945 0:0 1585
1584 15930 0:0 1585
1587 15958 21:0 1595
1594 15960 0:0 1595
1594 15957 0:0 1595
1594 15959 21:0 1661
1607 33 0:0 1609
1607 15950 0:0 1609
1608 15969 0:0 1609
1643 15970 0:0 1645
1649 15977 0:0 1650
1649 15976 0:0 1650
1649 15974 0:0 1650
1659 15961 0:0 1661
1660 15989 0:0 1661
1660 15978 0:0 1661
1660 15963 0:0 1661
1663 15991 21:0 1671
1670 15992 0:0 1671
1670 15990 0:0 1671
1670 15993 21:0 1737
1683 15983 0:0 1685
1684 16002 0:0 1685
1719 16003 0:0 1721
1725 16007 0:0 1726
1725 16009 0:0 1726
1725 16010 0:0 1726
1735 15994 0:0 1737
1736 15996 0:0 1737
1736 16011 0:0 1737
1736 16022 0:0 1737
1739 16024 21:0 1747
1746 16026 0:0 1747
1746 16023 0:0 1747
1746 16025 21:0 1813
1759 16016 0:0 1761
1760 16035 0:0 1761
1795 16036 0:0 1797
1801 16042 0:0 1802
1801 16043 0:0 1802
1801 16040 0:0 1802
1811 16027 0:0 1813
1812 16029 0:0 1813
1812 16055 0:0 1813
1812 16044 0:0 1813
1815 16057 21:0 1823
1822 16059 0:0 1823
1822 16056 0:0 1823
1822 16058 21:0 1889
1835 16049 0:0 1837
1836 16068 0:0 1837
1871 16069 0:0 1873
1877 16076 0:0 1878
1877 16073 0:0 1878
1877 16075 0:0 1878
1887 16060 0:0 1889
1888 16062 0:0 1889
1888 16077 0:0 1889
1888 16088 0:0 1889
1891 16090 21:0 1899
1898 16092 0:0 1899
1898 16089 0:0 1899
1898 16091 21:0 1965
1911 16082 0:0 1913
1912 16101 0:0 1913
1947 16102 0:0 1949
1953 16109 0:0 1954
1953 16108 0:0 1954
1953 16106 0:0 1954
1963 16093 0:0 1965
1964 16110 0:0 1965
1964 16121 0:0 1965
1964 16095 0:0 1965
1967 16123 21:0 1975
1974 16124 0:0 1975
1974 16122 0:0 1975
1974 16125 21:0 2041
1987 16115 0:0 1989
1988 16134 0:0 1989
2023 16135 0:0 2025
2029 16139 0:0 2030
2029 16141 0:0 2030
2039 16126 0:0 2041
2040 16154 0:0 2041
2040 16128 0:0 2041
2040 16143 0:0 2041
2043 16156 21:0 2051
2050 16155 0:0 2051
2050 16157 0:0 2051
2050 16158 21:0 2117
2064 16167 0:0 2065
2099 16168 0:0 2101
2105 16172 0:0 2106
2105 16175 0:0 2106
2115 16159 0:0 2117
2116 16187 0:0 2117
2116 16161 0:0 2117
2119 16189 21:0 2127
2126 16188 0:0 2127
2126 16191 0:0 2127
2126 16190 21:0 2193
2139 159 0:0 2141
2139 16181 0:0 2141
2140 16200 0:0 2141
2175 16201 0:0 2177
2181 16207 0:0 2182
2181 16205 0:0 2182
2181 16208 0:0 2182
2191 16192 0:0 2193
2192 16194 0:0 2193
2192 16220 0:0 2193
2192 16209 0:0 2193
2195 16222 21:0 2203
2202 179 0:0 2203
2202 16221 0:0 2203
2202 16224 0:0 2203
2202 16223 21:0 2269
2215 16214 0:0 2217
2216 16233 0:0 2217
2257 16241 0:0 2258
2257 16240 0:0 2258
2267 16225 0:0 2269
2268 16227 0:0 2269
2271 16255 21:0 2279
2278 16254 0:0 2279
2278 16256 0:0 2279
2278 16257 21:0 2345
2327 16267 0:0 2329
2333 16271 0:0 2334
2343 16258 0:0 2345
2344 16260 0:0 2345
2347 16288 21:0 2355
2354 16289 0:0 2355
2354 16290 21:0 2421
2419 16291 0:0 2421
2420 16293 0:0 2421
2423 16321 21:0 2431
2430 16322 0:0 2431
2430 16323 21:0 2497
2495 16324 0:0 2497
2499 16354 21:0 2507
2506 16356 0:0 2507
2506 16355 21:0 2573
2571 16357 0:0 2573
2575 16387 21:0 2583
2576 265 0:0 2578
2582 269 0:0 2583
2582 16388 0:0 2583
2582 16389 21:0 2649
2647 16390 0:0 2649
2651 16420 21:0 2659
2658 16421 0:0 2659
2658 16422 21:0 2725
2723 16423 0:0 2725
2727 16453 21:0 2735
2734 16454 0:0 2735
2734 16455 21:0 2801
2799 16456 0:0 2801
2803 16486 21:0 2811
2810 16488 0:0 2811
2810 16487 21:0 2820
2812 15892 1:0 2821
2812 15893 1:0 2822
2819 16489 21:0 2830
2824 15891 1:0 2831
2825 15861 1:0 2937
2829 16242 21:0 2835
2831 15859 1:0 2943
2833 15860 1:0 2944
2833 15858 1:0 2953
2833 15850 1:0 2966
2834 16176 21:0 2835
2834 16307 21:0 2838
2837 16464 21:0 2838
2839 15828 1:0 3059
2850 340 21:0 2864
2857 15826 1:0 3065
2946 15827 1:0 3066
2947 15825 1:0 3075
2955 15795 1:0 3181
2955 15793 1:0 3187
2955 15791 1:0 3191
2961 15794 1:0 3188
3067 16606 21:0 3071
3068 269 1:0 3193
3068 15792 1:0 3197
3068 265 1:0 3201
3068 15779 1:0 3225
3069 15775 1:0 3233
3069 15762 1:0 3303
3077 15760 1:0 3309
3077 15761 1:0 3310
3083 15759 1:0 3319
3087 15751 1:0 3332
3190 15729 1:0 3425
3191 15728 1:0 3432
3199 15727 1:0 3431
3199 15726 1:0 3441
3199 15724 1:0 3450
3205 15696 1:0 3547
3312 15694 1:0 3553
3313 15695 1:0 3554
3313 15693 1:0 3563
3321 15663 1:0 3669
3321 15661 1:0 3675
3331 15662 1:0 3676
3434 15660 1:0 3685
3435 15630 1:0 3791
3443 15628 1:0 3797
3443 15629 1:0 3798
3443 15626 1:0 3801
3443 179 1:0 3803
3452 16784 21:0 3474
3453 15627 1:0 3807
3556 15597 1:0 3913
3556 159 1:0 3915
3557 15595 1:0 3919
3565 15596 1:0 3920
3565 15594 1:0 3929
3565 15577 1:0 3965
3571 15564 1:0 4035
3575 15572 1:0 4015
3678 15563 1:0 4042
3679 15562 1:0 4041
3679 15561 1:0 4051
3687 15531 1:0 4157
3693 15530 1:0 4164
3711 15529 1:0 4163
3799 16948 21:0 3803
3800 15528 1:0 4173
3801 15511 1:0 4209
3801 15513 1:0 4209
3801 15498 1:0 4279
3809 15496 1:0 4285
3809 15497 1:0 4286
3819 15495 1:0 4295
3922 15465 1:0 4401
3923 15464 1:0 4408
3931 15463 1:0 4407
3931 15462 1:0 4417
3931 15447 1:0 4453
3931 15445 1:0 4453
3941 15432 1:0 4523
4044 15430 1:0 4529
4045 15431 1:0 4530
4045 15429 1:0 4539
4053 17066 21:0 4055
4053 15399 1:0 4645
4056 15397 1:0 4651
4063 15398 1:0 4652
4166 15396 1:0 4661
4166 15394 1:0 4670
4167 15379 1:0 4697
4167 15382 1:0 4697
4167 15366 1:0 4767
4175 33 1:0 4769
4175 15364 1:0 4773
4181 15365 1:0 4774
4200 15363 1:0 4783
4288 15361 1:0 4792
4288 15342 1:0 4845
4289 15333 1:0 4889
4289 15331 1:0 4895
4297 15332 1:0 4896
4297 341 1:0 6370
4303 15330 1:0 4905
4303 15315 1:0 4941
4410 16489 1:0 6381
4663 17351 21:0 4665
5020 17525 21:0 5059
5057 17526 0:0 5059
5059 17532 0:0 5064
5059 17533 0:0 5064
5059 17530 0:0 5064
5066 17519 21:0 5075
5073 17534 0:0 5075
5074 17545 21:0 5075
5077 17547 21:0 5085
5084 17546 0:0 5085
5084 17549 0:0 5085
5084 17548 21:0 5151
5097 17539 0:0 5099
5098 17558 0:0 5099
5133 17559 0:0 5135
5139 17563 0:0 5140
5139 17565 0:0 5140
5139 17566 0:0 5140
5149 17550 0:0 5151
5150 17578 0:0 5151
5150 17567 0:0 5151
5150 17552 0:0 5151
5153 17580 21:0 5161
5160 17582 0:0 5161
5160 17579 0:0 5161
5160 17581 21:0 5227
5173 17572 0:0 5175
5174 17591 0:0 5175
5209 17592 0:0 5211
5215 17599 0:0 5216
5215 17598 0:0 5216
5215 17596 0:0 5216
5225 17583 0:0 5227
5226 17585 0:0 5227
5226 17611 0:0 5227
5226 17600 0:0 5227
5229 17613 21:0 5237
5236 17615 0:0 5237
5236 17612 0:0 5237
5236 17614 21:0 5303
5249 17605 0:0 5251
5250 17624 0:0 5251
5285 17625 0:0 5287
5291 17629 0:0 5292
5301 17616 0:0 5303
5302 17618 0:0 5303
5302 17644 0:0 5303
5302 17633 0:0 5303
5305 17646 21:0 5313
5312 17645 0:0 5313
5312 17647 0:0 5313
5312 17648 21:0 5379
5325 17638 0:0 5327
5377 17649 0:0 5379
5378 17677 0:0 5379
5378 17666 0:0 5379
5381 17679 21:0 5389
5388 17680 0:0 5389
5388 17681 21:0 5455
5401 17671 0:0 5403
5402 17690 0:0 5403
5437 17691 0:0 5439
5443 17698 0:0 5444
5453 17682 0:0 5455
5454 17710 0:0 5455
5454 17699 0:0 5455
5454 17684 0:0 5455
5457 17712 21:0 5465
5464 17711 0:0 5465
5464 17714 0:0 5465
5464 17713 21:0 5531
5477 17704 0:0 5479
5478 17723 0:0 5479
5513 17724 0:0 5515
5519 17731 0:0 5520
5519 17728 0:0 5520
5519 17730 0:0 5520
5529 17715 0:0 5531
5530 17732 0:0 5531
5530 17743 0:0 5531
5530 17717 0:0 5531
5533 17745 21:0 5541
5540 17744 0:0 5541
5540 17747 0:0 5541
5540 17746 21:0 5607
5553 17737 0:0 5555
5554 17756 0:0 5555
5589 17757 0:0 5591
5595 17763 0:0 5596
5595 17761 0:0 5596
5595 17764 0:0 5596
5605 17748 0:0 5607
5606 17750 0:0 5607
5606 17776 0:0 5607
5606 17765 0:0 5607
5609 17778 21:0 5617
5616 17779 0:0 5617
5616 17777 0:0 5617
5616 17780 21:0 5683
5629 17770 0:0 5631
5630 17789 0:0 5631
5665 17790 0:0 5667
5671 17796 0:0 5672
5671 17797 0:0 5672
5671 17794 0:0 5672
5681 17781 0:0 5683
5685 17811 21:0 5693
5692 17813 0:0 5693
5692 17812 21:0 5759
5705 17803 0:0 5707
5741 17823 0:0 5743
5747 17830 0:0 5748
5747 17827 0:0 5748
5747 17829 0:0 5748
5757 17814 0:0 5759
5761 17844 21:0 5769
5768 17846 0:0 5769
5768 17845 21:0 5835
5833 17847 0:0 5835
5837 17877 21:0 5845
5844 17878 0:0 5845
5844 17879 21:0 5911
5909 17880 0:0 5911
5913 17910 21:0 5921
5920 17911 0:0 5921
5920 17912 21:0 5987
5985 17913 0:0 5987
5989 17943 21:0 5997
5996 17945 0:0 5997
5996 17944 21:0 6063
6061 17946 0:0 6063
6065 17976 21:0 6073
6072 17977 0:0 6073
6072 17978 21:0 6139
6137 17979 0:0 6139
6141 18009 21:0 6149
6148 18011 0:0 6149
6148 18010 21:0 6215
6213 18012 0:0 6215
6217 18042 21:0 6225
6224 18044 0:0 6225
6224 18043 21:0 6291
6289 18045 0:0 6291
6293 18075 21:0 6301
6300 18076 0:0 6301
6300 18077 21:0 6367
6365 18078 0:0 6367
6369 18108 21:0 6377
6376 18110 0:0 6377
6376 18109 21:0 6386
6378 16487 1:0 6388
6378 16488 1:0 6389
6385 18111 21:0 6397
6391 16486 1:0 6399
6392 16464 1:0 6491
6392 16456 1:0 6512
6396 17651 21:0 6403
6398 16455 1:0 6520
6401 16454 1:0 6519
6401 16453 1:0 6530
6401 16606 1:0 6643
6402 17974 21:0 6403
6402 17921 21:0 6406
6405 17897 21:0 6406
6407 16423 1:0 6643
6409 16422 1:0 6651
6420 341 21:0 6434
6440 16421 1:0 6650
6487 17657 21:0 6514
6494 16420 1:0 6661
6513 17849 21:0 6514
6513 17930 21:0 6517
6516 17875 21:0 6517
6516 17889 21:0 6525
6522 16390 1:0 6774
6523 16389 1:0 6782
6524 17831 21:0 6525
6524 18029 21:0 6528
6526 16388 1:0 6781
6527 17928 21:0 6528
6527 18062 21:0 6534
6532 16387 1:0 6792
6532 16357 1:0 6905
6533 17895 21:0 6534
6533 16553 21:0 6537
6535 16355 1:0 6912
6536 17842 21:0 6537
6538 16356 1:0 6913
6541 16556 21:0 6565
6558 16354 1:0 6923
6571 16324 1:0 7036
6618 17697 21:0 6645
6644 17893 21:0 6645
6644 17915 21:0 6648
6647 17948 21:0 6648
6653 16323 1:0 7044
6654 16322 1:0 7043
6654 16321 1:0 7054
6654 16784 1:0 7063
6663 16307 1:0 7093
6663 16293 1:0 7151
6663 16291 1:0 7167
6669 16290 1:0 7175
6689 16289 1:0 7174
6784 16288 1:0 7185
6784 16271 1:0 7224
6784 16267 1:0 7250
6785 16260 1:0 7282
6785 16258 1:0 7298
6794 16256 1:0 7305
6794 16257 1:0 7306
6794 16254 1:0 7309
6802 16255 1:0 7316
6805 16242 1:0 7346
6820 16240 1:0 7355
6821 16241 1:0 7355
6833 16948 1:0 7429
6915 16225 1:0 7429
6916 16233 1:0 7408
6916 16227 1:0 7413
6916 16223 1:0 7436
6925 16224 1:0 7437
6925 16221 1:0 7440
6931 16222 1:0 7447
6931 16220 1:0 7457
6931 16214 1:0 7462
6933 16209 1:0 7477
6934 16727 21:0 6958
6936 16201 1:0 7512
6951 16207 1:0 7486
6952 16208 1:0 7486
6959 16205 1:0 7486
7046 16200 1:0 7539
7046 16192 1:0 7560
7047 16194 1:0 7544
7047 16190 1:0 7567
7047 16188 1:0 7571
7056 16191 1:0 7568
7056 16189 1:0 7578
7062 16187 1:0 7588
7062 16181 1:0 7593
7062 16176 1:0 7608
7064 16175 1:0 7617
7067 16172 1:0 7617
7082 16168 1:0 7643
7175 16834 21:0 7180
7177 16161 1:0 7675
7177 16159 1:0 7691
7177 17066 1:0 7691
7178 16167 1:0 7670
7178 16158 1:0 7699
7178 16155 1:0 7702
7186 16838 21:0 7189
7187 16157 1:0 7698
7187 16156 1:0 7709
7187 16143 1:0 7739
7190 16154 1:0 7719
7193 16139 1:0 7748
7193 16141 1:0 7748
7193 16135 1:0 7774
7214 16126 1:0 7822
7226 16128 1:0 7806
7308 16134 1:0 7801
7309 16124 1:0 7829
7309 16125 1:0 7830
7309 16122 1:0 7833
7318 16123 1:0 7840
7318 16121 1:0 7850
7318 16115 1:0 7855
7318 16110 1:0 7870
7318 16106 1:0 7879
7324 16108 1:0 7879
7324 16109 1:0 7879
7324 16102 1:0 7905
7345 16093 1:0 7953
7357 16101 1:0 7932
7439 16095 1:0 7937
7440 16091 1:0 7960
7440 16092 1:0 7961
7440 16089 1:0 7964
7449 16090 1:0 7971
7449 16088 1:0 7981
7449 16082 1:0 7986
7449 16077 1:0 8001
7449 16073 1:0 8010
7455 16076 1:0 8010
7455 16075 1:0 8010
7455 16069 1:0 8036
7458 16955 0:0 7479
7476 16062 1:0 8068
7476 16060 1:0 8084
7488 16068 1:0 8063
7570 16058 1:0 8091
7571 16059 1:0 8092
7571 16056 1:0 8095
7580 16057 1:0 8102
7580 16055 1:0 8112
7580 16049 1:0 8117
7580 16044 1:0 8132
7580 16040 1:0 8141
7580 16036 1:0 8167
7586 16042 1:0 8141
7586 16043 1:0 8141
7606 16027 1:0 8215
7607 16035 1:0 8194
7619 16029 1:0 8199
7701 16025 1:0 8222
7702 16026 1:0 8223
7702 16023 1:0 8226
7711 16024 1:0 8233
7711 16022 1:0 8243
7711 16016 1:0 8248
7711 16011 1:0 8263
7711 16009 1:0 8272
7711 16007 1:0 8272
7717 16010 1:0 8272
7717 16003 1:0 8298
7717 17351 1:0 8346
7738 15994 1:0 8346
7750 16002 1:0 8325
7832 15996 1:0 8330
7833 15992 1:0 8353
7833 15993 1:0 8354
7833 15990 1:0 8357
7842 15991 1:0 8364
7842 15989 1:0 8374
7842 15983 1:0 8379
7842 15978 1:0 8394
7842 15974 1:0 8403
7848 15976 1:0 8403
7848 15977 1:0 8403
7848 15970 1:0 8429
7869 15961 1:0 8477
7881 15963 1:0 8461
7961 17176 21:0 7966
7963 15969 1:0 8456
7964 15959 1:0 8484
7964 15960 1:0 8485
7964 15957 1:0 8488
7973 15958 1:0 8495
7973 15956 1:0 8505
7973 15950 1:0 8510
7973 15945 1:0 8525
7973 15941 1:0 8534
7973 15937 1:0 8560
7979 15944 1:0 8534
7979 15943 1:0 8534
7999 15928 1:0 8608
8000 15936 1:0 8587
8012 15930 1:0 8592
8092 17233 21:0 8097
8094 15927 1:0 8616
8095 15926 1:0 8615
8095 15924 1:0 8619
8104 15925 1:0 8626
8104 15923 1:0 8636
8104 15917 1:0 8641
8104 15912 1:0 8656
8104 15911 1:0 8661
8104 15910 1:0 8661
8104 15897 1:0 8710
8110 15908 1:0 8661
8110 15904 1:0 8691
8110 15903 1:0 8718
8112 342 1:0 10108
8113 17240 0:0 8134
8131 18111 1:0 10104
8506 17411 0:0 8527
8749 19147 21:0 8788
8786 19148 0:0 8788
8788 19155 0:0 8793
8788 19152 0:0 8793
8788 19154 0:0 8793
8795 19141 21:0 8804
8802 19156 0:0 8804
8803 19167 21:0 8804
8806 19169 21:0 8814
8813 19168 0:0 8814
8813 19171 0:0 8814
8813 19170 21:0 8880
8826 19161 0:0 8828
8827 19180 0:0 8828
8862 19181 0:0 8864
8868 19185 0:0 8869
8868 19188 0:0 8869
8868 19187 0:0 8869
8878 19172 0:0 8880
8879 19174 0:0 8880
8879 19189 0:0 8880
8879 19200 0:0 8880
8882 19202 21:0 8890
8883 31 0:0 8885
8889 19203 0:0 8890
8889 19201 0:0 8890
8889 19204 21:0 8956
8902 19194 0:0 8904
8903 19213 0:0 8904
8938 19214 0:0 8940
8944 19220 0:0 8945
8944 19218 0:0 8945
8944 19221 0:0 8945
8954 19205 0:0 8956
8955 19207 0:0 8956
8955 19222 0:0 8956
8955 19233 0:0 8956
8958 19235 21:0 8966
8965 19236 0:0 8966
8965 19234 0:0 8966
8965 19237 21:0 9032
8978 19227 0:0 8980
8979 19246 0:0 8980
9014 19247 0:0 9016
9020 19253 0:0 9021
9030 19238 0:0 9032
9031 19266 0:0 9032
9031 19255 0:0 9032
9031 19240 0:0 9032
9034 19268 21:0 9042
9041 19269 0:0 9042
9041 19270 21:0 9108
9054 19260 0:0 9056
9055 19279 0:0 9056
9096 19286 0:0 9097
9096 19287 0:0 9097
9096 19284 0:0 9097
9106 19271 0:0 9108
9107 19273 0:0 9108
9107 19288 0:0 9108
9107 19299 0:0 9108
9110 19301 21:0 9118
9117 19300 0:0 9118
9117 19303 0:0 9118
9117 19302 21:0 9184
9131 19312 0:0 9132
9166 19313 0:0 9168
9172 19320 0:0 9173
9182 19304 0:0 9184
9183 19332 0:0 9184
9183 19321 0:0 9184
9186 19334 21:0 9194
9193 19336 0:0 9194
9193 19335 21:0 9260
9206 19326 0:0 9208
9207 19345 0:0 9208
9242 19346 0:0 9244
9248 19353 0:0 9249
9258 19337 0:0 9260
9259 19365 0:0 9260
9259 19339 0:0 9260
9259 19354 0:0 9260
9262 19367 21:0 9270
9269 19369 0:0 9270
9269 125 0:0 9270
9269 19366 0:0 9270
9269 19368 21:0 9336
9283 19378 0:0 9284
9318 19379 0:0 9320
9324 19386 0:0 9325
9324 19385 0:0 9325
9324 19383 0:0 9325
9334 19370 0:0 9336
9335 19387 0:0 9336
9335 19372 0:0 9336
9338 19400 21:0 9346
9345 19401 0:0 9346
9345 19399 0:0 9346
9345 19402 21:0 9412
9359 19411 0:0 9360
9394 19412 0:0 9396
9400 19416 0:0 9401
9410 19403 0:0 9412
9411 19431 0:0 9412
9411 19420 0:0 9412
9411 19405 0:0 9412
9414 19433 21:0 9422
9421 19432 0:0 9422
9421 19435 0:0 9422
9421 19434 21:0 9488
9476 19451 0:0 9477
9486 19436 0:0 9488
9490 19466 21:0 9498
9497 19468 0:0 9498
9497 19465 0:0 9498
9497 19467 21:0 9564
9511 19477 0:0 9512
9546 19478 0:0 9548
9562 19469 0:0 9564
9563 19471 0:0 9564
9563 19486 0:0 9564
9566 19499 21:0 9574
9573 19500 0:0 9574
9573 19501 21:0 9640
9586 19491 0:0 9588
9638 19502 0:0 9640
9642 19532 21:0 9650
9649 19533 0:0 9650
9649 19534 21:0 9716
9704 19551 0:0 9705
9714 19535 0:0 9716
9718 19565 21:0 9726
9725 19566 0:0 9726
9725 19567 21:0 9792
9790 19568 0:0 9792
9794 19598 21:0 9802
9801 19600 0:0 9802
9801 19599 21:0 9868
9814 249 0:0 9816
9866 19601 0:0 9868
9870 19631 21:0 9878
9877 19632 0:0 9878
9877 19633 21:0 9944
9942 19634 0:0 9944
9946 19664 21:0 9954
9953 19665 0:0 9954
9953 19666 21:0 10020
10018 19667 0:0 10020
10022 19697 21:0 10030
10029 19698 0:0 10030
10029 19699 21:0 10096
10094 19700 0:0 10096
10098 19730 21:0 10106
10105 323 0:0 10106
10105 19731 0:0 10106
10105 19732 21:0 10115
10107 18109 1:0 10117
10107 18110 1:0 10118
10114 19733 21:0 10126
10120 18108 1:0 10128
10121 323 1:0 10123
10121 16553 1:0 10241
10121 18078 1:0 10241
10125 19696 21:0 10132
10127 18077 1:0 10249
10130 18076 1:0 10248
10130 18075 1:0 10259
10131 19636 21:0 10132
10131 19583 21:0 10135
10133 16556 1:0 10268
10133 18062 1:0 10289
10134 19728 21:0 10135
10136 18045 1:0 10372
10149 342 21:0 10163
10157 18043 1:0 10379
10210 18044 1:0 10380
10216 19552 21:0 10243
10242 19564 21:0 10243
10242 19708 21:0 10246
10251 18042 1:0 10390
10251 18029 1:0 10420
10252 18012 1:0 10503
10261 18010 1:0 10510
10261 18011 1:0 10511
10267 18009 1:0 10521
10287 17979 1:0 10634
10288 249 1:0 10636
10382 17978 1:0 10642
10383 17977 1:0 10641
10392 17976 1:0 10652
10392 16727 1:0 10661
10392 17974 1:0 10662
10392 17948 1:0 10736
10392 17946 1:0 10765
10398 17915 1:0 10765
10403 17944 1:0 10772
10513 17945 1:0 10773
10514 17943 1:0 10783
10514 17928 1:0 10788
10514 17930 1:0 10813
10514 16838 1:0 10816
10514 16834 1:0 10867
10523 17921 1:0 10875
10523 17913 1:0 10896
10523 17912 1:0 10904
10531 17911 1:0 10903
10562 17910 1:0 10914
10644 17893 1:0 10919
10644 17897 1:0 10944
10644 17895 1:0 10944
10644 17889 1:0 10979
10645 17880 1:0 11027
10654 17878 1:0 11034
10654 17879 1:0 11035
10660 17877 1:0 11045
10660 17875 1:0 11055
10681 17847 1:0 11158
10693 17849 1:0 11142
10775 17845 1:0 11165
10776 17846 1:0 11166
10785 17844 1:0 11176
10785 16955 1:0 11185
10785 17842 1:0 11186
10785 17831 1:0 11206
10785 17829 1:0 11215
10785 17830 1:0 11215
10785 17823 1:0 11241
10791 17827 1:0 11215
10796 17814 1:0 11289
10906 17812 1:0 11296
10907 17813 1:0 11297
10907 17811 1:0 11307
10907 17803 1:0 11322
10916 17797 1:0 11346
10916 17794 1:0 11346
10916 17796 1:0 11346
10916 17790 1:0 11372
10916 17781 1:0 11420
10922 17789 1:0 11399
10927 17780 1:0 11428
11037 17779 1:0 11427
11037 17777 1:0 11431
11038 17778 1:0 11438
11038 17776 1:0 11448
11038 17770 1:0 11453
11038 17765 1:0 11468
11038 17761 1:0 11477
11047 17763 1:0 11477
11047 17764 1:0 11477
11047 17757 1:0 11503
11047 17750 1:0 11535
11047 17748 1:0 11551
11053 17756 1:0 11530
11058 17746 1:0 11558
11168 17747 1:0 11559
11168 17744 1:0 11562
11169 125 1:0 11564
11169 17745 1:0 11569
11169 17743 1:0 11579
11169 17737 1:0 11584
11169 17732 1:0 11599
11178 17731 1:0 11608
11178 17728 1:0 11608
11178 17730 1:0 11608
11178 17724 1:0 11634
11178 17715 1:0 11682
11184 17723 1:0 11661
11184 17717 1:0 11666
11184 17176 1:0 11682
11205 17713 1:0 11689
11297 17005 21:0 11302
11299 17714 1:0 11690
11299 17711 1:0 11693
11300 17712 1:0 11700
11300 17710 1:0 11710
11300 17704 1:0 11715
11300 17699 1:0 11730
11309 17697 1:0 11739
11309 17698 1:0 11739
11309 17691 1:0 11765
11309 17233 1:0 11813
11309 17682 1:0 11813
11315 17690 1:0 11792
11315 17684 1:0 11797
11335 17681 1:0 11821
11430 17680 1:0 11820
11431 17679 1:0 11831
11431 17240 1:0 11840
11431 17677 1:0 11841
11431 17671 1:0 11846
11431 17666 1:0 11861
11440 17657 1:0 11915
11440 17651 1:0 11928
11440 17649 1:0 11944
11446 17648 1:0 11952
11466 17647 1:0 11951
11467 17645 1:0 11955
11561 17646 1:0 11962
11561 17644 1:0 11972
11562 17638 1:0 11977
11562 17633 1:0 11992
11562 17629 1:0 12001
11562 17625 1:0 12027
11571 17624 1:0 12054
11571 17618 1:0 12059
11571 17616 1:0 12075
11571 17614 1:0 12082
11577 17612 1:0 12086
11582 17615 1:0 12083
11692 17613 1:0 12093
11692 17611 1:0 12103
11692 17605 1:0 12108
11692 17600 1:0 12123
11693 17599 1:0 12132
11693 17598 1:0 12132
11693 17596 1:0 12132
11693 17592 1:0 12158
11702 17591 1:0 12185
11702 17585 1:0 12190
11702 17583 1:0 12206
11702 17581 1:0 12213
11708 17579 1:0 12217
11713 17582 1:0 12214
11823 17580 1:0 12224
11823 31 1:0 12228
11823 17572 1:0 12239
11823 17567 1:0 12254
11824 17411 1:0 12233
11824 17578 1:0 12234
11824 17565 1:0 12263
11824 17563 1:0 12263
11824 17566 1:0 12263
11824 17559 1:0 12289
11833 17558 1:0 12316
11833 17552 1:0 12321
11833 17550 1:0 12337
11839 17548 1:0 12344
11839 17546 1:0 12348
11860 17549 1:0 12345
11954 17547 1:0 12355
11954 17545 1:0 12365
11955 17539 1:0 12370
11955 17534 1:0 12385
11955 17532 1:0 12390
11955 17530 1:0 12390
11955 17533 1:0 12390
11955 17519 1:0 12439
11964 17526 1:0 12420
11964 17525 1:0 12447
11964 343 1:0 13828
11964 19733 1:0 13839
12356 17465 21:0 12359
12478 20769 21:0 12517
12515 20770 0:0 12517
12517 20774 0:0 12522
12517 20776 0:0 12522
12517 20777 0:0 12522
12524 20763 21:0 12533
12531 20778 0:0 12533
12532 20789 21:0 12533
12535 20791 21:0 12543
12542 20790 0:0 12543
12542 20793 0:0 12543
12542 20792 21:0 12609
12555 20783 0:0 12557
12556 20802 0:0 12557
12591 20803 0:0 12593
12597 20810 0:0 12598
12597 20807 0:0 12598
12597 20809 0:0 12598
12607 20794 0:0 12609
12608 20796 0:0 12609
12608 20822 0:0 12609
12608 20811 0:0 12609
12611 20824 21:0 12619
12618 20823 0:0 12619
12618 20826 0:0 12619
12618 20825 21:0 12685
12631 20816 0:0 12633
12632 20835 0:0 12633
12667 20836 0:0 12669
12673 20840 0:0 12674
12673 20842 0:0 12674
12673 20843 0:0 12674
12683 20827 0:0 12685
12684 20855 0:0 12685
12684 20844 0:0 12685
12684 20829 0:0 12685
12687 20857 21:0 12695
12694 20856 0:0 12695
12694 20859 0:0 12695
12694 20858 21:0 12761
12707 20849 0:0 12709
12708 20868 0:0 12709
12749 20873 0:0 12750
12749 20875 0:0 12750
12749 20876 0:0 12750
12759 20860 0:0 12761
12760 20877 0:0 12761
12760 20888 0:0 12761
12760 20862 0:0 12761
12763 20890 21:0 12771
12770 20891 0:0 12771
12770 20889 0:0 12771
12770 20892 21:0 12837
12783 20882 0:0 12785
12784 20901 0:0 12785
12819 20902 0:0 12821
12825 20909 0:0 12826
12825 20908 0:0 12826
12825 20906 0:0 12826
12835 20893 0:0 12837
12836 20921 0:0 12837
12836 20895 0:0 12837
12836 20910 0:0 12837
12839 20923 21:0 12847
12846 20924 0:0 12847
12846 20922 0:0 12847
12846 20925 21:0 12913
12859 20915 0:0 12861
12860 20934 0:0 12861
12895 20935 0:0 12897
12901 20941 0:0 12902
12901 20939 0:0 12902
12901 20942 0:0 12902
12911 20926 0:0 12913
12912 20954 0:0 12913
12912 20943 0:0 12913
12912 20928 0:0 12913
12915 20956 21:0 12923
12922 20958 0:0 12923
12922 20955 0:0 12923
12922 20957 21:0 12989
12935 20948 0:0 12937
12936 20967 0:0 12937
12971 20968 0:0 12973
12977 20975 0:0 12978
12977 20972 0:0 12978
12977 20974 0:0 12978
12987 20959 0:0 12989
12988 20987 0:0 12989
12988 20976 0:0 12989
12988 20961 0:0 12989
12991 20989 21:0 12999
12998 20988 0:0 12999
12998 20990 0:0 12999
12998 20991 21:0 13065
13011 20981 0:0 13013
13012 21000 0:0 13013
13047 21001 0:0 13049
13053 21008 0:0 13054
13053 21007 0:0 13054
13053 21005 0:0 13054
13063 20992 0:0 13065
13064 21009 0:0 13065
13064 20994 0:0 13065
13064 21020 0:0 13065
13067 21022 21:0 13075
13074 21021 0:0 13075
13074 21023 0:0 13075
13074 21024 21:0 13141
13087 21014 0:0 13089
13088 21033 0:0 13089
13123 21034 0:0 13125
13129 21041 0:0 13130
13129 21038 0:0 13130
13129 21040 0:0 13130
13139 21025 0:0 13141
13140 21027 0:0 13141
13140 21053 0:0 13141
13140 21042 0:0 13141
13143 21055 21:0 13151
13150 21054 0:0 13151
13150 21056 0:0 13151
13150 21057 21:0 13217
13163 21047 0:0 13165
13164 21066 0:0 13165
13199 21067 0:0 13201
13205 21073 0:0 13206
13215 21058 0:0 13217
13216 21060 0:0 13217
13216 21075 0:0 13217
13216 21086 0:0 13217
13219 21088 21:0 13227
13226 21090 0:0 13227
13226 21089 21:0 13293
13239 21080 0:0 13241
13240 21099 0:0 13241
13281 21106 0:0 13282
13281 21107 0:0 13282
13291 21091 0:0 13293
13292 21119 0:0 13293
13292 21093 0:0 13293
13292 21108 0:0 13293
13295 21121 21:0 13303
13302 21123 0:0 13303
13302 21122 21:0 13369
13315 21113 0:0 13317
13367 21124 0:0 13369
13371 21154 21:0 13379
13378 21155 0:0 13379
13378 21156 21:0 13445
13443 21157 0:0 13445
13447 21187 21:0 13455
13454 21189 0:0 13455
13454 21188 21:0 13521
13519 21190 0:0 13521
13523 21220 21:0 13531
13530 21222 0:0 13531
13530 21221 21:0 13597
13595 21223 0:0 13597
13599 21253 21:0 13607
13606 21254 0:0 13607
13606 21255 21:0 13673
13671 21256 0:0 13673
13675 21286 21:0 13683
13682 21287 0:0 13683
13682 21288 21:0 13749
13747 21289 0:0 13749
13751 21319 21:0 13759
13758 21321 0:0 13759
13758 21320 21:0 13825
13823 21322 0:0 13825
13827 21352 21:0 13835
13834 21353 0:0 13835
13834 21354 21:0 13844
13836 19731 1:0 13846
13836 19732 1:0 13847
13843 21355 21:0 13855
13849 19730 1:0 13857
13850 19728 1:0 13867
13850 19708 1:0 13941
13850 19696 1:0 13970
13854 21100 21:0 13861
13856 19700 1:0 13970
13859 19698 1:0 13977
13859 19699 1:0 13978
13860 21071 21:0 13861
13860 21153 21:0 13864
13862 19697 1:0 13988
13863 21174 21:0 13864
13865 19667 1:0 14101
13878 343 21:0 13892
13885 19666 1:0 14109
13898 19665 1:0 14108
13945 21087 21:0 13972
13971 21139 21:0 13972
13971 21172 21:0 13975
13974 21192 21:0 13975
13974 21240 21:0 13983
13980 19664 1:0 14119
13981 19636 1:0 14216
13981 19634 1:0 14232
13981 19633 1:0 14240
13982 21225 21:0 13983
13982 21141 21:0 13986
13985 21137 21:0 13986
13985 21265 21:0 13992
13987 19632 1:0 14239
13990 19631 1:0 14250
13990 19601 1:0 14363
13991 21199 21:0 13992
13991 21252 21:0 13995
13994 21264 21:0 13995
13994 21311 21:0 14020
13996 19599 1:0 14370
13998 19600 1:0 14371
14017 19598 1:0 14381
14019 21291 21:0 14023
14024 19583 1:0 14420
14029 19564 1:0 14494
14076 21285 21:0 14103
14111 19568 1:0 14494
14112 19567 1:0 14502
14120 16610 21:0 14123
14121 19566 1:0 14501
14121 19565 1:0 14512
14121 19552 1:0 14542
14121 19551 1:0 14551
14127 19535 1:0 14625
14130 16613 21:0 14154
14147 19534 1:0 14633
14242 19533 1:0 14632
14243 19532 1:0 14643
14243 19502 1:0 14756
14251 16667 21:0 14254
14252 19500 1:0 14763
14252 19501 1:0 14764
14258 19499 1:0 14774
14258 19486 1:0 14804
14260 19491 1:0 14789
14263 19478 1:0 14839
14373 19477 1:0 14866
14373 19471 1:0 14871
14373 19469 1:0 14887
14374 19467 1:0 14894
14383 19468 1:0 14895
14383 19465 1:0 14898
14383 19466 1:0 14905
14383 19451 1:0 14944
14383 17005 1:0 15018
14391 19436 1:0 15018
14392 16727 21:0 14416
14417 19434 1:0 15025
14504 19435 1:0 15026
14504 19432 1:0 15029
14505 19433 1:0 15036
14505 19431 1:0 15046
14505 19420 1:0 15066
14514 19416 1:0 15075
14514 19412 1:0 15101
14514 19411 1:0 15128
14514 19405 1:0 15133
14514 19403 1:0 15149
14522 19402 1:0 15157
14523 16784 21:0 14547
14525 19399 1:0 15160
14553 19401 1:0 15156
14635 19400 1:0 15167
14636 19387 1:0 15197
14636 19385 1:0 15206
14636 19386 1:0 15206
14636 19383 1:0 15206
14636 19379 1:0 15232
14645 19378 1:0 15259
14645 19372 1:0 15264
14645 19370 1:0 15280
14651 19368 1:0 15287
14656 19369 1:0 15288
14671 19366 1:0 15291
14766 19367 1:0 15298
14766 19365 1:0 15308
14766 19354 1:0 15328
14767 19353 1:0 15337
14767 19346 1:0 15363
14767 19337 1:0 15411
14776 19345 1:0 15390
14776 19339 1:0 15395
14776 19335 1:0 15418
14782 19336 1:0 15419
14802 19334 1:0 15429
14803 19332 1:0 15439
14815 19326 1:0 15444
14897 19321 1:0 15459
14897 19320 1:0 15468
14897 19313 1:0 15494
14898 19312 1:0 15521
14898 19304 1:0 15542
14907 19302 1:0 15549
14907 19303 1:0 15550
14907 19300 1:0 15553
14913 19301 1:0 15560
14915 19288 1:0 15590
14918 19299 1:0 15570
14933 19286 1:0 15599
14934 19287 1:0 15599
14946 19284 1:0 15599
15028 19271 1:0 15673
15029 19279 1:0 15652
15029 19273 1:0 15657
15029 19270 1:0 15681
15038 19269 1:0 15680
15038 19268 1:0 15691
15044 19266 1:0 15701
15044 19260 1:0 15706
15044 19255 1:0 15721
15046 19253 1:0 15730
15047 17012 21:0 15071
15049 19247 1:0 15756
15077 19238 1:0 15804
15159 19246 1:0 15783
15159 19240 1:0 15788
15160 19236 1:0 15811
15160 19237 1:0 15812
15169 19234 1:0 15815
15169 19235 1:0 15822
15169 19233 1:0 15832
15169 19227 1:0 15837
15169 19222 1:0 15852
15175 19220 1:0 15861
15175 19218 1:0 15861
15175 19214 1:0 15887
15177 19221 1:0 15861
15208 19205 1:0 15935
15290 19213 1:0 15914
15290 19207 1:0 15919
15291 19203 1:0 15942
15291 19204 1:0 15943
15300 19201 1:0 15946
15300 19202 1:0 15953
15300 19200 1:0 15963
15300 19194 1:0 15968
15300 19189 1:0 15983
15306 19185 1:0 15992
15306 19187 1:0 15992
15306 19188 1:0 15992
15308 19181 1:0 16018
15339 19172 1:0 16066
15421 19180 1:0 16045
15421 19174 1:0 16050
15421 17465 1:0 16066
15422 19170 1:0 16073
15422 19168 1:0 16077
15431 19171 1:0 16074
15431 19169 1:0 16084
15431 19161 1:0 16099
15431 19156 1:0 16114
15437 19167 1:0 16094
15437 19154 1:0 16119
15437 19141 1:0 16168
15439 19152 1:0 16119
15442 19148 1:0 16149
15457 19155 1:0 16119
15458 19147 1:0 16176
15470 344 1:0 17557
15552 21355 1:0 17568
15823 17351 21:0 15826
15964 17411 0:0 15985
16085 17465 21:0 16088
16095 17468 0:0 16116
16207 22391 21:0 16246
16244 22392 0:0 16246
16246 22399 0:0 16251
16246 22396 0:0 16251
16246 22398 0:0 16251
16253 22385 21:0 16262
16260 22400 0:0 16262
16261 22411 21:0 16262
16264 22413 21:0 16272
16271 22414 0:0 16272
16271 22412 0:0 16272
16271 22415 21:0 16338
16284 22405 0:0 16286
16285 22424 0:0 16286
16320 22425 0:0 16322
16326 22432 0:0 16327
16326 22429 0:0 16327
16326 22431 0:0 16327
16336 22416 0:0 16338
16337 22418 0:0 16338
16337 22444 0:0 16338
16337 22433 0:0 16338
16340 22446 21:0 16348
16341 31 0:0 16343
16347 22447 0:0 16348
16347 22445 0:0 16348
16347 22448 21:0 16414
16360 22438 0:0 16362
16361 22457 0:0 16362
16396 22458 0:0 16398
16402 22465 0:0 16403
16402 22462 0:0 16403
16402 22464 0:0 16403
16412 22449 0:0 16414
16413 22477 0:0 16414
16413 22466 0:0 16414
16413 22451 0:0 16414
16416 22479 21:0 16424
16423 22481 0:0 16424
16423 22478 0:0 16424
16423 22480 21:0 16490
16436 22471 0:0 16438
16437 22490 0:0 16438
16472 22491 0:0 16474
16478 22495 0:0 16479
16478 22497 0:0 16479
16478 22498 0:0 16479
16488 22482 0:0 16490
16489 22499 0:0 16490
16489 22484 0:0 16490
16492 22512 21:0 16500
16499 22514 0:0 16500
16499 22513 21:0 16566
16512 22504 0:0 16514
16512 69 0:0 16514
16554 22528 0:0 16555
16554 22530 0:0 16555
16564 22515 0:0 16566
16565 22532 0:0 16566
16568 22545 21:0 16576
16569 85 0:0 16571
16575 22546 0:0 16576
16575 22547 21:0 16642
16588 22537 0:0 16590
16640 22548 0:0 16642
16641 22550 0:0 16642
16641 22565 0:0 16642
16644 22578 21:0 16652
16651 22580 0:0 16652
16651 22579 21:0 16718
16664 105 0:0 16666
16716 22581 0:0 16718
16717 22583 0:0 16718
16717 22598 0:0 16718
16720 22611 21:0 16728
16727 22612 0:0 16728
16727 22613 21:0 16794
16792 22614 0:0 16794
16793 22631 0:0 16794
16796 22644 21:0 16804
16803 22643 0:0 16804
16803 22645 0:0 16804
16803 22646 21:0 16870
16816 141 0:0 16818
16868 22647 0:0 16870
16872 22677 21:0 16880
16879 22678 0:0 16880
16879 22679 21:0 16946
16893 22688 0:0 16894
16944 22680 0:0 16946
16945 22708 0:0 16946
16948 22710 21:0 16956
16955 22711 0:0 16956
16955 22712 21:0 17022
17010 22728 0:0 17011
17020 22713 0:0 17022
17021 22715 0:0 17022
17024 22743 21:0 17032
17031 22745 0:0 17032
17031 22744 21:0 17098
17080 22755 0:0 17082
17096 22746 0:0 17098
17097 22774 0:0 17098
17100 22776 21:0 17108
17101 211 0:0 17103
17107 22777 0:0 17108
17107 22778 21:0 17174
17162 22792 0:0 17163
17172 22779 0:0 17174
17176 22809 21:0 17184
17183 22811 0:0 17184
17183 22810 21:0 17250
17248 22812 0:0 17250
17252 22842 21:0 17260
17259 22844 0:0 17260
17259 22843 21:0 17326
17324 22845 0:0 17326
17328 22875 21:0 17336
17335 22876 0:0 17336
17335 22877 21:0 17402
17400 22878 0:0 17402
17404 22908 21:0 17412
17411 22909 0:0 17412
17411 22910 21:0 17478
17476 22911 0:0 17478
17480 22941 21:0 17488
17487 22942 0:0 17488
17487 22943 21:0 17554
17552 22944 0:0 17554
17556 22974 21:0 17564
17563 22976 0:0 17564
17563 22975 21:0 17573
17565 21353 1:0 17575
17565 21354 1:0 17576
17572 22977 21:0 17584
17578 21352 1:0 17586
17579 21322 1:0 17699
17583 22862 21:0 17590
17585 21320 1:0 17706
17588 21321 1:0 17707
17588 21319 1:0 17717
17588 21311 1:0 17732
17588 21285 1:0 17750
17589 22576 21:0 17590
17589 22730 21:0 17593
17591 21291 1:0 17801
17592 22669 21:0 17593
17594 16610 1:0 17830
17594 21289 1:0 17830
17607 344 21:0 17621
17615 21288 1:0 17838
17668 21287 1:0 17837
17674 22726 21:0 17701
17700 22840 21:0 17701
17700 22627 21:0 17704
17703 22696 21:0 17704
17703 22761 21:0 17712
17709 21286 1:0 17848
17709 16667 1:0 17853
17709 21264 1:0 17878
17710 16613 1:0 17857
17710 21265 1:0 17913
17710 21252 1:0 17961
17710 21256 1:0 17961
17719 21254 1:0 17968
17719 21255 1:0 17969
17727 21253 1:0 17979
17730 21240 1:0 18009
17840 21225 1:0 18076
17840 21223 1:0 18092
17841 21221 1:0 18099
17841 21222 1:0 18100
17850 21220 1:0 18110
17850 16727 1:0 18119
17850 21199 1:0 18175
17850 21192 1:0 18207
17856 21190 1:0 18223
17877 21188 1:0 18230
17971 21189 1:0 18231
17972 21187 1:0 18241
17972 16784 1:0 18250
17972 21174 1:0 18271
17972 21172 1:0 18280
17981 21157 1:0 18354
17981 21153 1:0 18354
17987 21156 1:0 18362
17992 21155 1:0 18361
18102 21154 1:0 18372
18102 211 1:0 18376
18102 21141 1:0 18402
18102 21137 1:0 18402
18103 21139 1:0 18411
18103 21124 1:0 18485
18112 21122 1:0 18492
18112 21123 1:0 18493
18118 21121 1:0 18503
18120 21113 1:0 18518
18123 21119 1:0 18513
18138 21108 1:0 18533
18139 21100 1:0 18568
18151 21106 1:0 18542
18233 21107 1:0 18542
18233 21087 1:0 18616
18234 21099 1:0 18595
18234 21093 1:0 18600
18234 21091 1:0 18616
18243 21089 1:0 18623
18243 21090 1:0 18624
18249 21088 1:0 18634
18249 21080 1:0 18649
18251 21086 1:0 18644
18254 21075 1:0 18664
18269 21071 1:0 18673
18270 21067 1:0 18699
18282 21073 1:0 18673
18364 21058 1:0 18747
18365 21066 1:0 18726
18365 21060 1:0 18731
18365 21057 1:0 18755
18374 21056 1:0 18754
18374 21054 1:0 18758
18380 21055 1:0 18765
18380 17012 1:0 18774
18380 21053 1:0 18775
18382 21042 1:0 18795
18385 21047 1:0 18780
18400 21034 1:0 18830
18401 21038 1:0 18804
18413 21041 1:0 18804
18495 21040 1:0 18804
18496 21033 1:0 18857
18496 21027 1:0 18862
18496 21025 1:0 18878
18505 141 1:0 18880
18505 21023 1:0 18885
18505 21024 1:0 18886
18505 21021 1:0 18889
18511 21022 1:0 18896
18513 21014 1:0 18911
18516 21020 1:0 18906
18531 21009 1:0 18926
18532 21001 1:0 18961
18544 21005 1:0 18935
18626 21007 1:0 18935
18626 21008 1:0 18935
18627 21000 1:0 18988
18627 20994 1:0 18993
18627 20992 1:0 19009
18636 20990 1:0 19016
18636 20991 1:0 19017
18636 20988 1:0 19020
18642 20989 1:0 19027
18644 20976 1:0 19057
18647 20987 1:0 19037
18662 20981 1:0 19042
18663 20968 1:0 19092
18675 20975 1:0 19066
18757 20972 1:0 19066
18757 20974 1:0 19066
18758 20967 1:0 19119
18758 20961 1:0 19124
18758 20959 1:0 19140
18758 105 1:0 19142
18767 20957 1:0 19147
18767 20958 1:0 19148
18767 20955 1:0 19151
18775 20956 1:0 19158
18778 20948 1:0 19173
18793 20954 1:0 19168
18794 20943 1:0 19188
18806 20942 1:0 19197
18888 20939 1:0 19197
18888 20941 1:0 19197
18888 20935 1:0 19223
18889 20934 1:0 19250
18889 20928 1:0 19255
18889 20926 1:0 19271
18898 20924 1:0 19278
18898 20925 1:0 19279
18898 20922 1:0 19282
18906 20923 1:0 19289
18909 85 1:0 19293
18924 20921 1:0 19299
18925 20915 1:0 19304
18937 20910 1:0 19319
19019 20906 1:0 19328
19019 20909 1:0 19328
19019 20908 1:0 19328
19019 20902 1:0 19354
19020 20901 1:0 19381
19020 20895 1:0 19386
19020 20893 1:0 19402
19029 69 1:0 19404
19029 20892 1:0 19410
19035 20891 1:0 19409
19035 20889 1:0 19413
19055 20890 1:0 19420
19056 20888 1:0 19430
19068 20877 1:0 19450
19150 20882 1:0 19435
19150 20876 1:0 19459
19150 20875 1:0 19459
19150 20873 1:0 19459
19151 20868 1:0 19512
19151 17351 1:0 19533
19151 20860 1:0 19533
19160 20862 1:0 19517
19160 20858 1:0 19540
19160 20856 1:0 19544
19166 20859 1:0 19541
19186 20857 1:0 19551
19187 20844 1:0 19581
19199 20855 1:0 19561
19281 20849 1:0 19566
19281 20840 1:0 19590
19281 20842 1:0 19590
19281 20836 1:0 19616
19282 20843 1:0 19590
19282 20835 1:0 19643
19282 20827 1:0 19664
19291 20829 1:0 19648
19291 20825 1:0 19671
19291 20823 1:0 19675
19297 20826 1:0 19672
19317 20824 1:0 19682
19318 31 1:0 19686
19330 17411 1:0 19691
19330 20822 1:0 19692
19403 17240 21:0 19404
19412 20816 1:0 19697
19412 20811 1:0 19712
19412 20810 1:0 19721
19412 20803 1:0 19747
19413 20809 1:0 19721
19413 20807 1:0 19721
19413 20794 1:0 19795
19422 20802 1:0 19774
19422 20796 1:0 19779
19422 17465 1:0 19795
19422 20792 1:0 19802
19428 20793 1:0 19803
19430 20790 1:0 19806
19461 20791 1:0 19813
19543 17468 1:0 19822
19543 20789 1:0 19823
19543 20783 1:0 19828
19543 20778 1:0 19843
19544 20776 1:0 19848
19544 20774 1:0 19848
19544 20777 1:0 19848
19544 20770 1:0 19878
19544 20763 1:0 19897
19544 20769 1:0 19905
19553 22977 1:0 21291
19553 345 1:0 21295
19559 22975 1:0 21304
19936 24013 21:0 19975
19973 24014 0:0 19975
19975 24020 0:0 19980
19975 24021 0:0 19980
19975 24018 0:0 19980
19988 24033 21:0 19991
19989 24022 0:0 19991
19990 24007 21:0 19991
19993 24035 21:0 20001
20000 24034 0:0 20001
20000 24036 0:0 20001
20000 24037 21:0 20067
20013 24027 0:0 20015
20014 24046 0:0 20015
20049 24047 0:0 20051
20055 24054 0:0 20056
20055 24051 0:0 20056
20055 24053 0:0 20056
20065 24038 0:0 20067
20066 24055 0:0 20067
20066 24040 0:0 20067
20066 24066 0:0 20067
20069 24068 21:0 20077
20076 24067 0:0 20077
20076 24069 0:0 20077
20076 24070 21:0 20143
20089 24060 0:0 20091
20090 24079 0:0 20091
20125 24080 0:0 20127
20131 24086 0:0 20132
20131 24084 0:0 20132
20131 24087 0:0 20132
20141 24071 0:0 20143
20142 24073 0:0 20143
20142 24088 0:0 20143
20142 24099 0:0 20143
20145 24101 21:0 20153
20152 24102 0:0 20153
20152 24100 0:0 20153
20152 24103 21:0 20219
20165 24093 0:0 20167
20166 24112 0:0 20167
20201 24113 0:0 20203
20207 24117 0:0 20208
20207 24120 0:0 20208
20207 24119 0:0 20208
20217 24104 0:0 20219
20218 24106 0:0 20219
20218 24121 0:0 20219
20218 24132 0:0 20219
20221 24134 21:0 20229
20228 24135 0:0 20229
20228 24133 0:0 20229
20228 24136 21:0 20295
20241 24126 0:0 20243
20242 24145 0:0 20243
20277 24146 0:0 20279
20283 24153 0:0 20284
20283 24150 0:0 20284
20283 24152 0:0 20284
20293 24137 0:0 20295
20294 24154 0:0 20295
20294 24139 0:0 20295
20294 24165 0:0 20295
20297 24167 21:0 20305
20304 24166 0:0 20305
20304 24168 0:0 20305
20304 24169 21:0 20371
20317 24159 0:0 20319
20318 24178 0:0 20319
20353 24179 0:0 20355
20359 24186 0:0 20360
20359 24183 0:0 20360
20359 24185 0:0 20360
20369 24170 0:0 20371
20370 24172 0:0 20371
20370 24187 0:0 20371
20370 24198 0:0 20371
20373 24200 21:0 20381
20380 24199 0:0 20381
20380 24201 0:0 20381
20380 24202 21:0 20447
20393 24192 0:0 20395
20394 24211 0:0 20395
20429 24212 0:0 20431
20435 24216 0:0 20436
20435 24218 0:0 20436
20435 24219 0:0 20436
20445 24203 0:0 20447
20446 24220 0:0 20447
20446 24231 0:0 20447
20446 24205 0:0 20447
20449 24233 21:0 20457
20456 24234 0:0 20457
20456 24232 0:0 20457
20456 24235 21:0 20523
20469 24225 0:0 20471
20470 24244 0:0 20471
20505 24245 0:0 20507
20511 24251 0:0 20512
20511 24252 0:0 20512
20511 24249 0:0 20512
20521 24236 0:0 20523
20522 24253 0:0 20523
20522 24264 0:0 20523
20522 24238 0:0 20523
20525 24266 21:0 20533
20532 24267 0:0 20533
20532 24265 0:0 20533
20532 24268 21:0 20599
20545 24258 0:0 20547
20546 24277 0:0 20547
20581 24278 0:0 20583
20587 24282 0:0 20588
20587 24285 0:0 20588
20587 24284 0:0 20588
20597 24269 0:0 20599
20598 24286 0:0 20599
20598 24297 0:0 20599
20598 24271 0:0 20599
20601 24299 21:0 20609
20608 24298 0:0 20609
20608 24301 0:0 20609
20608 24300 21:0 20675
20621 24291 0:0 20623
20622 24310 0:0 20623
20657 24311 0:0 20659
20663 24317 0:0 20664
20663 24318 0:0 20664
20663 24315 0:0 20664
20673 24302 0:0 20675
20674 24319 0:0 20675
20674 24330 0:0 20675
20674 24304 0:0 20675
20677 24332 21:0 20685
20684 24331 0:0 20685
20684 24333 0:0 20685
20684 24334 21:0 20751
20697 24324 0:0 20699
20698 24343 0:0 20699
20733 24344 0:0 20735
20739 24348 0:0 20740
20739 24350 0:0 20740
20739 24351 0:0 20740
20749 24335 0:0 20751
20750 24352 0:0 20751
20750 24363 0:0 20751
20750 24337 0:0 20751
20753 24365 21:0 20761
20760 24367 0:0 20761
20760 24364 0:0 20761
20760 24366 21:0 20827
20773 24357 0:0 20775
20774 24376 0:0 20775
20809 24377 0:0 20811
20815 24383 0:0 20816
20815 24384 0:0 20816
20815 24381 0:0 20816
20825 24368 0:0 20827
20826 24370 0:0 20827
20826 24396 0:0 20827
20826 24385 0:0 20827
20829 24398 21:0 20837
20836 24397 0:0 20837
20836 24399 0:0 20837
20836 24400 21:0 20903
20849 24390 0:0 20851
20850 24409 0:0 20851
20885 24410 0:0 20887
20891 24416 0:0 20892
20891 24417 0:0 20892
20891 24414 0:0 20892
20901 24401 0:0 20903
20902 24429 0:0 20903
20902 24403 0:0 20903
20902 24418 0:0 20903
20905 24431 21:0 20913
20912 24433 0:0 20913
20912 24432 21:0 20979
20925 24423 0:0 20927
20977 24434 0:0 20979
20981 24464 21:0 20989
20988 24466 0:0 20989
20988 24465 21:0 21055
21053 24467 0:0 21055
21057 24497 21:0 21065
21064 24499 0:0 21065
21064 24498 21:0 21131
21129 24500 0:0 21131
21133 24530 21:0 21141
21140 24531 0:0 21141
21140 24532 21:0 21207
21205 24533 0:0 21207
21209 24563 21:0 21217
21216 24565 0:0 21217
21216 24564 21:0 21283
21281 24566 0:0 21283
21285 24596 21:0 21293
21292 24598 0:0 21293
21292 24597 21:0 21302
21294 22976 1:0 21305
21301 24599 21:0 21313
21307 22974 1:0 21315
21308 22944 1:0 21428
21312 24430 21:0 21319
21314 22943 1:0 21436
21317 22942 1:0 21435
21317 22941 1:0 21446
21318 24447 21:0 21319
21318 24443 21:0 21322
21320 22911 1:0 21559
21321 24436 21:0 21322
21323 22910 1:0 21567
21336 345 21:0 21350
21343 22909 1:0 21566
21356 22908 1:0 21577
21403 24450 21:0 21430
21429 24449 21:0 21430
21429 24462 21:0 21433
21432 24442 21:0 21433
21432 24456 21:0 21441
21438 22878 1:0 21690
21439 22876 1:0 21697
21439 22877 1:0 21698
21440 24451 21:0 21441
21440 24489 21:0 21444
21443 24555 21:0 21444
21445 22875 1:0 21708
21445 22862 1:0 21738
21447 16553 21:0 21450
21448 22845 1:0 21821
21448 22843 1:0 21828
21449 24513 21:0 21453
21454 22844 1:0 21829
21474 22842 1:0 21839
21475 22840 1:0 21849
21569 22812 1:0 21952
21570 22810 1:0 21959
21579 22811 1:0 21960
21579 22809 1:0 21970
21579 22792 1:0 22009
21585 22779 1:0 22083
21605 22778 1:0 22091
21700 22777 1:0 22090
21701 22776 1:0 22101
21701 22774 1:0 22111
21701 22761 1:0 22140
21701 22755 1:0 22166
21709 16667 21:0 21712
21710 22746 1:0 22214
21710 22744 1:0 22221
21716 22745 1:0 22222
21736 22743 1:0 22232
21737 22730 1:0 22262
21749 22726 1:0 22271
21831 22728 1:0 22271
21832 22715 1:0 22329
21832 22713 1:0 22345
21832 22712 1:0 22353
21841 22711 1:0 22352
21841 22710 1:0 22363
21847 22708 1:0 22373
21847 22696 1:0 22402
21867 22680 1:0 22476
21868 22688 1:0 22455
21962 22679 1:0 22484
21963 22678 1:0 22483
21972 22677 1:0 22494
21972 22669 1:0 22509
21972 22647 1:0 22607
21978 22646 1:0 22615
21998 22645 1:0 22614
21999 22643 1:0 22618
22091 16834 21:0 22096
22093 22644 1:0 22625
22093 22631 1:0 22655
22094 22627 1:0 22664
22094 22614 1:0 22738
22103 22612 1:0 22745
22103 22613 1:0 22746
22109 22611 1:0 22756
22109 22598 1:0 22786
22130 22581 1:0 22869
22142 22583 1:0 22853
22224 22579 1:0 22876
22225 22580 1:0 22877
22234 22578 1:0 22887
22234 22576 1:0 22897
22234 22565 1:0 22917
22234 22548 1:0 23000
22240 22550 1:0 22984
22245 22547 1:0 23008
22355 22546 1:0 23007
22356 22545 1:0 23018
22356 17240 1:0 23027
22356 22537 1:0 23033
22356 22532 1:0 23048
22356 22530 1:0 23057
22356 22528 1:0 23057
22365 22515 1:0 23131
22365 22513 1:0 23138
22373 22514 1:0 23139
22404 22512 1:0 23149
22486 22504 1:0 23164
22486 22499 1:0 23179
22486 22495 1:0 23188
22486 22491 1:0 23214
22487 22497 1:0 23188
22487 22498 1:0 23188
22487 22482 1:0 23262
22496 22490 1:0 23241
22496 22484 1:0 23246
22496 22480 1:0 23269
22502 22481 1:0 23270
22502 22478 1:0 23273
22523 22479 1:0 23280
22535 22471 1:0 23295
22617 22477 1:0 23290
22617 22466 1:0 23310
22617 22465 1:0 23319
22617 22462 1:0 23319
22618 22464 1:0 23319
22618 22458 1:0 23345
22618 22449 1:0 23393
22627 22457 1:0 23372
22627 22451 1:0 23377
22627 22448 1:0 23401
22627 22445 1:0 23404
22633 22447 1:0 23400
22654 22446 1:0 23411
22666 22433 1:0 23441
22748 22444 1:0 23421
22748 22438 1:0 23426
22748 22431 1:0 23450
22748 22425 1:0 23476
22749 22429 1:0 23450
22749 22432 1:0 23450
22749 22416 1:0 23524
22758 22424 1:0 23503
22758 22418 1:0 23508
22758 22415 1:0 23532
22764 22414 1:0 23531
22764 22412 1:0 23535
22785 22413 1:0 23542
22797 22405 1:0 23557
22879 22411 1:0 23552
22879 22400 1:0 23572
22879 22398 1:0 23577
22879 22385 1:0 23626
22880 22399 1:0 23577
22880 22396 1:0 23577
22880 22392 1:0 23607
22880 22391 1:0 23634
22880 346 1:0 25015
22889 24599 1:0 25026
23543 17465 21:0 23546
23665 25635 21:0 23704
23704 25640 0:0 23709
23711 25629 21:0 23720
23722 25657 21:0 23730
23729 25658 0:0 23730
23729 25659 21:0 23796
23794 25660 0:0 23796
23795 25688 0:0 23796
23795 25677 0:0 23796
23798 25690 21:0 23806
23805 25692 0:0 23806
23805 25689 0:0 23806
23805 25691 21:0 23872
23818 25682 0:0 23820
23854 25702 0:0 23856
23860 25706 0:0 23861
23860 25708 0:0 23861
23860 25709 0:0 23861
23870 25693 0:0 23872
23874 25723 21:0 23882
23875 49 0:0 23877
23881 25725 0:0 23882
23881 25724 21:0 23948
23894 25715 0:0 23896
23936 25741 0:0 23937
23936 25742 0:0 23937
23946 25726 0:0 23948
23947 25728 0:0 23948
23950 25756 21:0 23958
23957 25758 0:0 23958
23957 25757 21:0 24024
24006 25768 0:0 24008
24012 25775 0:0 24013
24012 25772 0:0 24013
24012 25774 0:0 24013
24022 25759 0:0 24024
24023 25776 0:0 24024
24026 25789 21:0 24034
24033 89 0:0 24034
24033 25791 0:0 24034
24033 25790 21:0 24100
24046 25781 0:0 24048
24047 25800 0:0 24048
24082 25801 0:0 24084
24088 25808 0:0 24089
24088 25807 0:0 24089
24098 25792 0:0 24100
24099 25809 0:0 24100
24102 25822 21:0 24110
24109 25823 0:0 24110
24109 25824 21:0 24176
24174 25825 0:0 24176
24178 25855 21:0 24186
24185 25856 0:0 24186
24185 25857 21:0 24252
24250 25858 0:0 24252
24251 25886 0:0 24252
24254 25888 21:0 24262
24261 143 0:0 24262
24261 25887 0:0 24262
24261 25889 0:0 24262
24261 25890 21:0 24328
24275 25899 0:0 24276
24326 25891 0:0 24328
24327 25908 0:0 24328
24330 25921 21:0 24338
24337 25923 0:0 24338
24337 25922 21:0 24404
24351 25932 0:0 24352
24402 25924 0:0 24404
24406 25954 21:0 24414
24413 25955 0:0 24414
24413 25956 21:0 24480
24426 177 0:0 24428
24478 25957 0:0 24480
24479 25985 0:0 24480
24482 25987 21:0 24490
24489 197 0:0 24490
24489 25988 0:0 24490
24489 25989 21:0 24556
24502 25979 0:0 24504
24544 26005 0:0 24545
24544 26006 0:0 24545
24544 26003 0:0 24545
24554 25990 0:0 24556
24555 25992 0:0 24556
24558 26020 21:0 24566
24565 26022 0:0 24566
24565 26021 21:0 24632
24579 26031 0:0 24580
24630 26023 0:0 24632
24634 26053 21:0 24642
24641 26054 0:0 24642
24641 26055 21:0 24708
24654 26045 0:0 24656
24655 26064 0:0 24656
24706 26056 0:0 24708
24710 26086 21:0 24718
24717 26087 0:0 24718
24717 26088 21:0 24784
24782 26089 0:0 24784
24786 26119 21:0 24794
24793 26121 0:0 24794
24793 26120 21:0 24860
24858 26122 0:0 24860
24859 26124 0:0 24860
24862 26152 21:0 24870
24869 26153 0:0 24870
24869 26154 21:0 24936
24934 26155 0:0 24936
24935 26183 0:0 24936
24938 26185 21:0 24946
24945 26186 0:0 24946
24945 26187 21:0 25012
25010 26188 0:0 25012
25014 26218 21:0 25022
25021 26220 0:0 25022
25021 26219 21:0 25031
25023 24597 1:0 25033
25023 24598 1:0 25034
25030 26221 21:0 25042
25036 340 1:0 2813
25037 24596 1:0 25044
25037 24566 1:0 25157
25037 16553 1:0 25157
25043 24564 1:0 25164
25046 24565 1:0 25165
25046 24563 1:0 25175
25052 24555 1:0 25190
25065 346 21:0 25079
25072 24533 1:0 25288
25167 24532 1:0 25296
25168 24531 1:0 25295
25168 24530 1:0 25306
25168 24513 1:0 25339
25177 16667 1:0 25390
25177 24489 1:0 25419
25177 24500 1:0 25419
25183 24498 1:0 25426
25203 24499 1:0 25427
25298 24497 1:0 25437
25298 24451 1:0 25442
25298 24442 1:0 25470
25299 24456 1:0 25470
25299 24462 1:0 25521
25299 24467 1:0 25550
25308 24449 1:0 25550
25308 24465 1:0 25557
25314 24466 1:0 25558
25319 24464 1:0 25568
25334 24450 1:0 25573
25335 24443 1:0 25598
25347 24436 1:0 25598
25429 24447 1:0 25607
25429 24430 1:0 25681
25430 24434 1:0 25681
25430 24432 1:0 25688
25439 24433 1:0 25689
25439 24431 1:0 25699
25445 24429 1:0 25709
25445 24423 1:0 25714
25445 24418 1:0 25729
25447 24417 1:0 25738
25450 24414 1:0 25738
25465 24416 1:0 25738
25466 24410 1:0 25764
25478 16834 1:0 25812
25560 24401 1:0 25812
25561 24409 1:0 25791
25561 24403 1:0 25796
25561 24400 1:0 25820
25570 24399 1:0 25819
25570 24397 1:0 25823
25576 24398 1:0 25830
25576 24396 1:0 25840
25576 24385 1:0 25860
25578 24390 1:0 25845
25581 24381 1:0 25869
25596 24384 1:0 25869
25597 24383 1:0 25869
25609 24377 1:0 25895
25691 24368 1:0 25943
25692 24376 1:0 25922
25692 24370 1:0 25927
25692 24366 1:0 25950
25701 24367 1:0 25951
25701 24364 1:0 25954
25707 197 1:0 25956
25707 24365 1:0 25961
25707 24363 1:0 25971
25709 24357 1:0 25976
25712 24352 1:0 25991
25727 24344 1:0 26026
25728 24348 1:0 26000
25740 24350 1:0 26000
25822 24351 1:0 26000
25823 24343 1:0 26053
25823 24337 1:0 26058
25823 24335 1:0 26074
25823 177 1:0 26076
25832 24333 1:0 26081
25832 24334 1:0 26082
25832 24331 1:0 26085
25838 24332 1:0 26092
25840 24319 1:0 26122
25843 24324 1:0 26107
25858 24330 1:0 26102
25859 24311 1:0 26157
25871 24315 1:0 26131
25953 24318 1:0 26131
25953 24317 1:0 26131
25954 24310 1:0 26184
25954 24304 1:0 26189
25954 24302 1:0 26205
25963 24300 1:0 26212
25963 24301 1:0 26213
25963 24298 1:0 26216
25969 24299 1:0 26223
25971 24291 1:0 26238
25974 24286 1:0 26253
25989 24297 1:0 26233
25990 24284 1:0 26262
26002 24278 1:0 26288
26084 24282 1:0 26262
26084 24285 1:0 26262
26085 24277 1:0 26315
26085 24271 1:0 26320
26085 24269 1:0 26336
26094 24267 1:0 26343
26094 24268 1:0 26344
26094 24265 1:0 26347
26100 24266 1:0 26354
26102 143 1:0 26349
26105 24258 1:0 26369
26120 24264 1:0 26364
26121 24253 1:0 26384
26133 24249 1:0 26393
26215 24252 1:0 26393
26215 24251 1:0 26393
26215 24245 1:0 26419
26216 24244 1:0 26446
26216 24238 1:0 26451
26216 24236 1:0 26467
26225 24234 1:0 26474
26225 24235 1:0 26475
26225 24232 1:0 26478
26233 24233 1:0 26485
26236 24231 1:0 26495
26251 24220 1:0 26515
26252 24225 1:0 26500
26264 24212 1:0 26550
26346 24216 1:0 26524
26346 24218 1:0 26524
26346 24219 1:0 26524
26347 24211 1:0 26577
26347 24205 1:0 26582
26347 24203 1:0 26598
26356 24201 1:0 26605
26356 24202 1:0 26606
26356 24199 1:0 26609
26364 24200 1:0 26616
26367 24198 1:0 26626
26382 24187 1:0 26646
26383 24192 1:0 26631
26395 24179 1:0 26681
26477 24186 1:0 26655
26477 24183 1:0 26655
26477 24185 1:0 26655
26478 24178 1:0 26708
26478 24172 1:0 26713
26478 24170 1:0 26729
26487 24168 1:0 26736
26487 24169 1:0 26737
26487 24166 1:0 26740
26495 24167 1:0 26747
26498 89 1:0 26742
26513 24154 1:0 26777
26514 24159 1:0 26762
26526 24165 1:0 26757
26608 24150 1:0 26786
26608 24152 1:0 26786
26608 24153 1:0 26786
26608 24146 1:0 26812
26609 24145 1:0 26839
26609 24139 1:0 26844
26609 24137 1:0 26860
26618 24136 1:0 26868
26618 24133 1:0 26871
26624 24135 1:0 26867
26629 24134 1:0 26878
26644 24126 1:0 26893
26645 24132 1:0 26888
26657 24121 1:0 26908
26739 24117 1:0 26917
26739 24120 1:0 26917
26739 24119 1:0 26917
26739 24113 1:0 26943
26740 24112 1:0 26970
26740 24106 1:0 26975
26740 24104 1:0 26991
26749 24102 1:0 26998
26749 24103 1:0 26999
26755 24100 1:0 27002
26760 24101 1:0 27009
26775 49 1:0 27013
26776 24093 1:0 27024
26788 24088 1:0 27039
26870 24099 1:0 27019
26870 24087 1:0 27048
26870 24084 1:0 27048
26870 24080 1:0 27074
26871 24086 1:0 27048
26871 24079 1:0 27101
26871 24071 1:0 27122
26880 24073 1:0 27106
26880 24070 1:0 27130
26886 24069 1:0 27129
26886 24067 1:0 27133
26906 24068 1:0 27140
26907 17465 1:0 27173
26919 24060 1:0 27155
27001 24066 1:0 27150
27001 24055 1:0 27170
27001 347 1:0 27173
27001 24051 1:0 27175
27002 24047 1:0 27175
27002 24053 1:0 27175
27002 24054 1:0 27175
27002 24007 1:0 27224
27002 24033 1:0 27253
27011 24046 1:0 27232
27011 24040 1:0 27237
27011 24038 1:0 27253
27017 24037 1:0 27261
27022 24036 1:0 27260
27037 24034 1:0 27264
27038 12657 1:0 27469
27132 24035 1:0 27271
27132 24013 1:0 27276
27132 24027 1:0 27278
27133 24022 1:0 27277
27133 24018 1:0 27306
27133 26221 1:0 27386
27142 24021 1:0 27306
27142 24020 1:0 27306
27142 24014 1:0 27306
27142 26219 1:0 27393
27148 26220 1:0 27394
27169 26218 1:0 27404
27181 12656 1:0 27469
27181 12662 1:0 27478
27181 12663 1:0 27488
27181 12804 1:0 27690
27263 12664 1:0 27557
27263 12665 1:0 27558
27263 12666 1:0 27567
27263 12669 1:0 27578
27264 12667 1:0 27568
27264 12668 1:0 27577
27264 26188 1:0 27607
27273 26186 1:0 27614
27273 26187 1:0 27615
27281 26185 1:0 27625
27284 26183 1:0 27635
27299 12810 1:0 27690
27299 12809 1:0 27699
27299 12803 1:0 27709
27300 12814 1:0 27789
27312 12811 1:0 27778
27312 12812 1:0 27779
27353 12956 1:0 27911
27396 26155 1:0 27828
27397 12813 1:0 27788
27397 12815 1:0 27798
27397 12816 1:0 27799
27397 12950 1:0 27911
27397 12957 1:0 27920
27397 12951 1:0 27930
27397 12963 1:0 28020
27406 26153 1:0 27835
27406 26154 1:0 27836
27412 26152 1:0 27846
27414 12958 1:0 27999
27425 347 21:0 27439
27445 26124 1:0 27943
27445 26122 1:0 28049
27486 12959 1:0 28000
27486 12960 1:0 28009
27494 13097 1:0 28132
27499 12961 1:0 28010
27514 12962 1:0 28019
27515 13104 1:0 28132
27515 13098 1:0 28141
27575 26120 1:0 28056
27584 12669 21:0 27609
27585 13103 1:0 28151
27585 13250 1:0 28353
27585 13251 1:0 28353
27585 13244 1:0 28362
27607 12667 0:0 27609
27608 12663 21:0 27609
27608 12657 21:0 27609
27608 12656 21:0 27609
27608 12665 0:0 27609
27608 12664 0:0 27609
27608 12662 21:0 27609
27608 12666 0:0 27609
27608 12668 0:0 27609
27617 26121 1:0 28057
27618 26119 1:0 28067
27618 13105 1:0 28220
27618 13106 1:0 28221
27627 26089 1:0 28152
27627 13107 1:0 28230
27627 13108 1:0 28231
27627 13109 1:0 28240
27627 13110 1:0 28241
27635 26088 1:0 28278
27666 26087 1:0 28277
27720 26086 1:0 28288
27735 13245 1:0 28372
27735 13391 1:0 28574
27735 13398 1:0 28574
27786 26056 1:0 28373
27795 12814 21:0 27830
27796 13257 1:0 28462
27806 13253 1:0 28442
27828 12815 0:0 27830
27829 12810 21:0 27830
27829 12803 21:0 27830
27829 12809 21:0 27830
27829 12811 0:0 27830
27829 12813 0:0 27830
27829 12816 0:0 27830
27829 12812 0:0 27830
27829 12804 21:0 27830
27838 26064 1:0 28380
27838 13252 1:0 28441
27838 13254 1:0 28451
27838 13255 1:0 28452
27839 13256 1:0 28461
27839 26055 1:0 28499
27848 26054 1:0 28498
27848 26053 1:0 28509
27848 26045 1:0 28524
27854 13392 1:0 28583
27854 13397 1:0 28593
27859 26023 1:0 28594
27874 13402 1:0 28673
27875 13399 1:0 28662
27887 26031 1:0 28601
27887 13400 1:0 28663
27928 13401 1:0 28672
27928 13403 1:0 28682
27941 13404 1:0 28683
27958 26021 1:0 28719
28007 13545 1:0 28795
28007 13538 1:0 28795
28007 13539 1:0 28804
28007 13544 1:0 28814
28017 26003 1:0 28769
28026 12963 21:0 28051
28027 26006 1:0 28769
28049 12958 0:0 28051
28050 12959 0:0 28051
28050 12962 0:0 28051
28050 12960 0:0 28051
28050 12951 21:0 28051
28050 12961 0:0 28051
28050 12950 21:0 28051
28050 12957 21:0 28051
28050 12956 21:0 28051
28059 26022 1:0 28720
28060 26020 1:0 28730
28060 26005 1:0 28769
28060 13548 1:0 28893
28069 25990 1:0 28815
28069 25992 1:0 28827
28069 13546 1:0 28883
28069 13547 1:0 28884
28069 13549 1:0 28894
28075 13550 1:0 28903
28075 13551 1:0 28904
28095 25989 1:0 28941
28149 25988 1:0 28940
28178 25987 1:0 28951
28178 25985 1:0 28961
28179 13692 1:0 29016
28179 13686 1:0 29016
28179 13691 1:0 29025
28228 25979 1:0 28966
28230 13105 21:0 28272
28238 13685 1:0 29035
28238 13839 1:0 29237
28238 13832 1:0 29237
28238 13838 1:0 29246
28248 13696 1:0 29115
28270 13109 0:0 28272
28271 13097 21:0 28272
28271 13106 0:0 28272
28271 13107 0:0 28272
28271 13108 0:0 28272
28271 13110 0:0 28272
28271 13098 21:0 28272
28271 13104 21:0 28272
28271 13103 21:0 28272
28280 13693 1:0 29104
28280 13694 1:0 29105
28280 13695 1:0 29114
28280 13697 1:0 29124
28281 13698 1:0 29125
28281 25957 1:0 29153
28290 25955 1:0 29161
28290 25956 1:0 29162
28296 25954 1:0 29172
28298 13833 1:0 29256
28298 13986 1:0 29458
28301 13843 1:0 29336
28316 13841 1:0 29326
28317 13840 1:0 29325
28370 25924 1:0 29374
28383 25932 1:0 29264
28398 13842 1:0 29335
28399 13844 1:0 29345
28399 13845 1:0 29346
28468 13257 21:0 28493
28469 25922 1:0 29382
28491 13252 0:0 28493
28491 13255 0:0 28493
28491 13253 0:0 28493
28491 13254 0:0 28493
28492 13250 21:0 28493
28492 13256 0:0 28493
28492 13251 21:0 28493
28492 13244 21:0 28493
28492 13245 21:0 28493
28501 25923 1:0 29383
28502 25921 1:0 29393
28502 25908 1:0 29423
28502 13979 1:0 29458
28502 13980 1:0 29467
28502 13985 1:0 29477
28511 25891 1:0 29478
28511 25899 1:0 29485
28511 13987 1:0 29546
28511 13988 1:0 29547
28511 13992 1:0 29567
28517 13989 1:0 29556
28517 13990 1:0 29557
28517 13991 1:0 29566
28538 25890 1:0 29604
28591 25889 1:0 29603
28604 25887 1:0 29607
28621 25888 1:0 29614
28670 25886 1:0 29624
28679 13402 21:0 28714
28680 14132 1:0 29679
28680 14133 1:0 29679
28680 14126 1:0 29688
28680 14127 1:0 29698
28690 14137 1:0 29778
28712 13403 0:0 28714
28713 13404 0:0 28714
28713 13391 21:0 28714
28713 13392 21:0 28714
28713 13397 21:0 28714
28713 13400 0:0 28714
28713 13401 0:0 28714
28713 13399 0:0 28714
28713 13398 21:0 28714
28722 14134 1:0 29767
28722 14135 1:0 29768
28722 14136 1:0 29777
28722 14138 1:0 29787
28723 14139 1:0 29788
28723 25858 1:0 29816
28732 25856 1:0 29824
28732 25857 1:0 29825
28738 25855 1:0 29835
28740 14280 1:0 29900
28740 14274 1:0 29900
28740 14279 1:0 29909
28740 14273 1:0 29919
28743 14284 1:0 29999
28771 25825 1:0 29920
28812 14281 1:0 29988
28820 14282 1:0 29989
28825 14283 1:0 29998
28840 14285 1:0 30008
28841 14286 1:0 30009
28841 14420 1:0 30121
28841 14421 1:0 30121
28903 13548 21:0 28935
28911 25824 1:0 30046
28933 13550 0:0 28935
28934 13549 0:0 28935
28934 13546 0:0 28935
28934 13551 0:0 28935
28934 13547 0:0 28935
28934 13538 21:0 28935
28934 13545 21:0 28935
28934 13539 21:0 28935
28934 13544 21:0 28935
28943 25823 1:0 30045
28944 25822 1:0 30056
28944 25809 1:0 30086
28944 25808 1:0 30095
28953 25807 1:0 30095
28953 25801 1:0 30121
28953 14426 1:0 30130
28953 14427 1:0 30140
28953 25792 1:0 30141
28953 14429 1:0 30210
28953 14573 1:0 30342
28959 25800 1:0 30148
28959 14428 1:0 30209
28959 14430 1:0 30219
28961 14431 1:0 30220
28964 14432 1:0 30229
28979 14433 1:0 30230
29033 25790 1:0 30266
29062 25791 1:0 30267
29121 13696 21:0 29156
29122 25789 1:0 30277
29132 25776 1:0 30307
29154 13697 0:0 29156
29155 13694 0:0 29156
29155 13686 21:0 29156
29155 13693 0:0 29156
29155 13695 0:0 29156
29155 13698 0:0 29156
29155 13692 21:0 29156
29155 13691 21:0 29156
29155 13685 21:0 29156
29164 25781 1:0 30292
29164 25772 1:0 30316
29164 25775 1:0 30316
29164 25768 1:0 30342
29165 25774 1:0 30316
29165 14574 1:0 30342
29165 14567 1:0 30351
29165 14568 1:0 30361
29165 25759 1:0 30362
29174 14575 1:0 30430
29174 14576 1:0 30431
29174 14577 1:0 30440
29174 14578 1:0 30441
29174 14579 1:0 30450
29174 14580 1:0 30451
29180 25757 1:0 30487
29200 25758 1:0 30488
29254 25756 1:0 30498
29254 25741 1:0 30537
29262 14714 1:0 30563
29267 14720 1:0 30563
29267 14715 1:0 30572
29282 25742 1:0 30537
29333 25726 1:0 30583
29342 13843 21:0 29377
29343 14721 1:0 30582
29343 14862 1:0 30784
29343 14861 1:0 30784
29343 14867 1:0 30793
29353 14727 1:0 30672
29375 13841 0:0 29377
29375 13842 0:0 29377
29376 13845 0:0 29377
29376 13844 0:0 29377
29376 13840 0:0 29377
29376 13833 21:0 29377
29376 13838 21:0 29377
29376 13832 21:0 29377
29376 13839 21:0 29377
29385 25728 1:0 30595
29385 14722 1:0 30651
29385 14723 1:0 30652
29385 14724 1:0 30661
29386 14725 1:0 30662
29386 14726 1:0 30671
29386 25724 1:0 30708
29395 25725 1:0 30709
29395 25723 1:0 30719
29401 25715 1:0 30734
29401 25706 1:0 30758
29401 25709 1:0 30758
29403 25702 1:0 30784
29406 25708 1:0 30758
29421 14868 1:0 30803
29421 15015 1:0 31005
29421 15008 1:0 31005
29422 14872 1:0 30883
29475 25693 1:0 30921
29488 14869 1:0 30872
29503 14870 1:0 30873
29504 14871 1:0 30882
29504 14873 1:0 30892
29505 14874 1:0 30893
29573 13992 21:0 29598
29596 13991 0:0 29598
29596 13988 0:0 29598
29596 13990 0:0 29598
29597 13985 21:0 29598
29597 13987 0:0 29598
29597 13989 0:0 29598
29597 13979 21:0 29598
29597 13980 21:0 29598
29597 13986 21:0 29598
29606 25691 1:0 30929
29606 25689 1:0 30933
29607 25692 1:0 30930
29607 25690 1:0 30940
29616 25688 1:0 30950
29616 25682 1:0 30955
29616 25677 1:0 30970
29616 15009 1:0 31014
29616 15014 1:0 31024
29616 25660 1:0 31025
29622 15016 1:0 31093
29622 15017 1:0 31094
29622 15018 1:0 31103
29624 15019 1:0 31104
29627 15020 1:0 31113
29642 15021 1:0 31114
29696 25659 1:0 31151
29725 25658 1:0 31150
29784 14137 21:0 29819
29785 25657 1:0 31161
29795 25635 1:0 31191
29817 14135 0:0 29819
29817 14136 0:0 29819
29818 14127 21:0 29819
29818 14139 0:0 29819
29818 14126 21:0 29819
29818 14138 0:0 29819
29818 14134 0:0 29819
29818 14132 21:0 29819
29818 14133 21:0 29819
29827 15156 1:0 31191
29827 15162 1:0 31191
29827 15155 1:0 31194
29827 15161 1:0 31194
29827 25640 1:0 31196
29827 25629 1:0 31245
29827 15164 1:0 31315
29828 15163 1:0 31314
29828 15165 1:0 31324
29828 15166 1:0 31325
29828 15167 1:0 31334
29828 15168 1:0 31335
30005 14284 21:0 30040
30038 14282 0:0 30040
30038 14285 0:0 30040
30038 14281 0:0 30040
30039 14273 21:0 30040
30039 14280 21:0 30040
30039 14274 21:0 30040
30039 14279 21:0 30040
30039 14286 0:0 30040
30039 14283 0:0 30040
30216 14429 21:0 30261
30259 14430 0:0 30261
30260 14433 0:0 30261
30260 14428 0:0 30261
30260 14427 21:0 30261
30260 14426 21:0 30261
30260 14432 0:0 30261
30260 14420 21:0 30261
30260 14431 0:0 30261
30260 14421 21:0 30261
30450 14577 21:0 30482
30480 14579 0:0 30482
30481 14568 21:0 30482
30481 14580 0:0 30482
30481 14567 21:0 30482
30481 14573 21:0 30482
30481 14578 0:0 30482
30481 14574 21:0 30482
30481 14576 0:0 30482
30481 14575 0:0 30482
30678 14727 21:0 30703
30701 14726 0:0 30703
30701 14723 0:0 30703
30701 14725 0:0 30703
30702 14722 0:0 30703
30702 14721 21:0 30703
30702 14724 0:0 30703
30702 14714 21:0 30703
30702 14715 21:0 30703
30702 14720 21:0 30703
30889 14872 21:0 30924
30922 14873 0:0 30924
30922 14870 0:0 30924
30923 14867 21:0 30924
30923 14871 0:0 30924
30923 14868 21:0 30924
30923 14869 0:0 30924
30923 14861 21:0 30924
30923 14874 0:0 30924
30923 14862 21:0 30924
31100 15017 21:0 31145
31143 15016 0:0 31145
31143 15020 0:0 31145
31144 15014 21:0 31145
31144 15021 0:0 31145
31144 15018 0:0 31145
31144 15009 21:0 31145
31144 15015 21:0 31145
31144 15008 21:0 31145
31144 15019 0:0 31145
31321 15164 21:0 96
