76 13812 0:0 81
76 13710 0:0 84
76 13716 0:0 85
76 13723 0:0 87
84 13711 0:0 87
86 13717 0:0 87
86 13722 0:0 87
86 13719 0:0 87
86 13720 0:0 91
1309 14393 21:0 1319
3286 298 21:0 3325
3359 15358 21:0 3417
4563 15358 1:0 6526
7177 17028 21:0 7243
7250 17060 21:0 7308
7309 17060 1:0 8968
7922 17028 1:0 9091
10384 18433 21:0 10450
11281 18433 1:0 12712
13887 19967 21:0 13895
14272 20134 21:0 14330
14331 20134 1:0 15162
14640 19967 1:0 15827
16795 21241 21:0 16853
17175 21407 21:0 17233
17234 21407 1:0 19307
17999 21241 1:0 19961
18000 11512 1:0 24879
18000 11515 1:0 24898
20233 22747 21:0 20299
20385 22813 21:0 20451
21358 22813 1:0 22920
21359 22747 1:0 23182
23893 24348 21:0 23951
24425 24579 21:0 24483
24727 11516 1:0 24899
24727 11517 1:0 24908
24728 11518 1:0 24909
24728 11661 1:0 25110
24737 11662 1:0 25045
24737 11660 1:0 25045
24737 11809 1:0 25296
24737 11808 1:0 25296
24737 11805 1:0 25320
24743 11800 1:0 25291
24743 11807 1:0 25296
24745 11811 1:0 25350
24764 24579 1:0 25387
24776 11958 1:0 25520
24817 11956 1:0 25520
24830 11955 1:0 25520
24846 11946 1:0 25511
24846 11957 1:0 25520
24846 11953 1:0 25542
24847 11947 1:0 25512
24885 11512 21:0 24932
24896 11952 1:0 25520
24896 12093 1:0 25703
24906 12105 1:0 25792
24916 12106 1:0 25708
24931 11518 0:0 24940
24932 11517 0:0 24940
24939 11515 0:0 24940
24939 11516 0:0 24940
24941 12101 1:0 25708
24948 12104 1:0 25707
24948 12100 1:0 25707
24948 12099 1:0 25708
24948 12103 1:0 25708
24949 12102 1:0 25707
24949 12094 1:0 25707
24949 12247 1:0 25928
24949 12250 1:0 26003
24958 12249 1:0 25928
24958 12241 1:0 25928
24958 12246 1:0 25929
24958 12251 1:0 25929
24958 12248 1:0 25929
24964 12240 1:0 25929
24964 12252 1:0 25929
24966 12253 1:0 25929
24969 12387 1:0 26150
24969 12396 1:0 26215
24985 12399 1:0 26150
24997 12398 1:0 26150
25038 12400 1:0 26149
25051 12395 1:0 26150
25066 12393 1:0 26149
25067 12388 1:0 26149
25067 12397 1:0 26150
25116 11661 21:0 25161
25117 12545 1:0 26446
25127 12543 1:0 26371
25137 12547 1:0 26371
25159 11660 0:0 25161
25159 11662 0:0 25161
25169 12535 1:0 26370
25169 12546 1:0 26371
25169 12544 1:0 26371
25170 12541 1:0 26371
25170 12694 1:0 26591
25170 12691 1:0 26666
25179 12682 1:0 26591
25179 12692 1:0 26592
25179 12688 1:0 26592
25179 12690 1:0 26592
25179 12681 1:0 26592
25179 12687 1:0 26592
25179 12689 1:0 26592
25185 12693 1:0 26592
25187 12837 1:0 26878
25189 12828 1:0 26813
25189 12835 1:0 26813
25205 12836 1:0 26813
25206 12829 1:0 26812
25218 12840 1:0 26813
25259 12841 1:0 26813
25272 12838 1:0 26813
25272 12834 1:0 26813
25289 24348 1:0 26934
25297 11800 0:0 25321
25330 11805 21:0 25381
25338 12984 1:0 27099
25348 12983 1:0 27034
25348 12982 1:0 27034
25358 12976 1:0 27033
25358 12975 1:0 27034
25358 12981 1:0 27034
25380 11809 0:0 25382
25380 11807 0:0 25382
25380 11808 0:0 25382
25380 11811 0:0 25382
25383 12985 1:0 27034
25390 12988 1:0 27034
25390 12987 1:0 27034
25391 12986 1:0 27034
25391 13134 1:0 27253
25391 13123 1:0 27280
25400 13122 1:0 27279
25400 13128 1:0 27309
25400 13130 1:0 27319
25400 13131 1:0 27320
25400 13132 1:0 27329
25400 13133 1:0 27330
25406 13129 1:0 27310
25406 13135 1:0 27340
25410 13280 1:0 27551
25411 13275 1:0 27476
25426 13281 1:0 27476
25439 13277 1:0 27476
25480 13282 1:0 27475
25493 13278 1:0 27476
25493 13276 1:0 27476
25509 13270 1:0 27475
25509 13279 1:0 27476
25519 13426 1:0 27771
25521 11946 0:0 25547
25548 11953 21:0 25596
25559 13423 1:0 27696
25569 13427 1:0 27696
25579 13428 1:0 27696
25581 13424 1:0 27696
25595 11947 0:0 25603
25595 11952 0:0 25603
25595 11958 0:0 25603
25596 11957 0:0 25603
25596 11955 0:0 25603
25602 11956 0:0 25603
25604 13429 1:0 27696
25604 13417 1:0 27696
25604 13416 1:0 27697
25611 13425 1:0 27696
25611 13422 1:0 27697
25612 13564 1:0 27917
25612 13569 1:0 27918
25612 13574 1:0 27918
25612 13572 1:0 27983
25621 13571 1:0 27917
25621 13576 1:0 27918
25621 13563 1:0 27918
25621 13573 1:0 27918
25621 13570 1:0 27918
25621 13575 1:0 27918
25627 298 1:0 28139
25627 13717 1:0 28140
25629 13720 1:0 28140
25632 13722 1:0 28140
25648 13719 1:0 28140
25648 14393 1:0 28212
25660 13710 1:0 28163
25660 13718 1:0 28203
25701 13711 1:0 28164
25714 13723 1:0 28212
25729 13721 1:0 28212
25730 13716 1:0 28193
25730 13812 1:0 28212
25730 13813 1:0 28265
25742 12093 21:0 25798
25802 12105 21:0 25824
25823 12100 0:0 25824
25823 12099 0:0 25824
25823 12094 0:0 25824
25823 12103 0:0 25824
25823 12102 0:0 25824
25823 12101 0:0 25824
25823 12104 0:0 25824
25823 12106 0:0 25824
25960 12241 0:0 25984
25990 12247 0:0 25999
25993 12246 0:0 26001
25998 12240 0:0 26006
26013 12250 21:0 26045
26043 12252 0:0 26045
26044 12249 0:0 26045
26044 12253 0:0 26045
26044 12251 0:0 26045
26044 12248 0:0 26045
26181 12388 0:0 26205
26184 12387 0:0 26210
26214 12393 0:0 26222
26221 12396 21:0 26266
26264 12397 0:0 26266
26265 12400 0:0 26266
26265 12395 0:0 26266
26265 12399 0:0 26266
26265 12398 0:0 26266
26402 12535 0:0 26426
26432 12541 0:0 26441
26452 12545 21:0 26487
26485 12543 0:0 26487
26485 12546 0:0 26487
26486 12547 0:0 26487
26486 12544 0:0 26487
26623 12682 0:0 26647
26626 12681 0:0 26652
26653 12688 0:0 26662
26656 12687 0:0 26664
26676 12691 21:0 26708
26707 12689 0:0 26708
26707 12694 0:0 26708
26707 12693 0:0 26708
26707 12692 0:0 26708
26707 12690 0:0 26708
26844 12829 0:0 26868
26847 12828 0:0 26872
26874 12835 0:0 26883
26877 12834 0:0 26885
26884 12837 21:0 26929
26927 12840 0:0 26929
26927 12836 0:0 26929
26928 12838 0:0 26929
26928 12841 0:0 26929
27065 12976 0:0 27089
27094 12975 0:0 27104
27098 12981 0:0 27106
27105 12984 21:0 27150
27148 12987 0:0 27150
27148 12982 0:0 27150
27149 12985 0:0 27150
27149 12983 0:0 27150
27149 12988 0:0 27150
27149 12986 0:0 27150
27286 13123 21:0 27343
27349 13134 21:0 27371
27370 13130 0:0 27371
27370 13135 0:0 27371
27370 13122 0:0 27371
27370 13132 0:0 27371
27370 13131 0:0 27371
27370 13129 0:0 27371
27370 13128 0:0 27371
27370 13133 0:0 27371
27507 13270 0:0 27531
27540 13275 0:0 27548
27557 13280 21:0 27592
27590 13281 0:0 27592
27590 13277 0:0 27592
27591 13278 0:0 27592
27591 13282 0:0 27592
27591 13276 0:0 27592
27591 13279 0:0 27592
27731 13416 0:0 27757
27758 13423 0:0 27767
27761 13422 0:0 27769
27766 13417 0:0 27774
27781 13426 21:0 27813
27812 13427 0:0 27813
27812 13425 0:0 27813
27812 13429 0:0 27813
27812 13424 0:0 27813
27812 13428 0:0 27813
27949 13564 0:0 27973
27952 13563 0:0 27978
27979 13570 0:0 27988
27982 13569 0:0 27990
27989 13572 21:0 28034
28032 13575 0:0 28034
28032 13571 0:0 28034
28032 13573 0:0 28034
28033 13574 0:0 28034
28033 13576 0:0 28034
28213 13718 0:0 28253
28220 13721 0:0 28259
28271 13813 21:0 77
