150 15199 0:0 152
150 15196 0:0 152
150 15197 0:0 152
151 15198 0:0 152
151 15200 0:0 152
151 15194 0:0 152
155 15188 0:0 156
155 15187 0:0 156
159 15193 21:0 188
187 15372 0:0 188
188 15379 21:0 204
203 15381 0:0 204
206 15394 21:0 214
213 15395 0:0 214
213 15396 21:0 280
262 15406 0:0 264
268 15412 0:0 269
278 15397 0:0 280
282 15427 21:0 290
289 15428 0:0 290
289 15429 21:0 356
302 15419 0:0 304
344 15443 0:0 345
354 15430 0:0 356
355 15447 0:0 356
358 15460 21:0 366
365 15462 0:0 366
365 15461 21:0 432
414 15472 0:0 416
420 15478 0:0 421
430 15463 0:0 432
434 15493 21:0 442
441 15494 0:0 442
441 15495 21:0 508
490 15505 0:0 492
496 15511 0:0 497
506 15496 0:0 508
507 15524 0:0 508
507 15498 0:0 508
510 15526 21:0 518
517 15528 0:0 518
517 15527 21:0 584
531 15537 0:0 532
566 15538 0:0 568
572 15544 0:0 573
582 15529 0:0 584
586 15559 21:0 594
593 15560 0:0 594
593 15561 21:0 660
606 15551 0:0 608
648 15575 0:0 649
658 15562 0:0 660
659 15564 0:0 660
662 15592 21:0 670
669 15594 0:0 670
669 15593 21:0 736
682 15584 0:0 684
718 15604 0:0 720
724 15611 0:0 725
734 15595 0:0 736
738 15625 21:0 746
745 15624 0:0 746
745 15626 0:0 746
745 15627 21:0 812
759 15636 0:0 760
794 15637 0:0 796
800 15643 0:0 801
810 15628 0:0 812
811 15656 0:0 812
814 15658 21:0 822
821 15659 0:0 822
821 15660 21:0 888
886 15661 0:0 888
887 15689 0:0 888
890 15691 21:0 898
897 15693 0:0 898
897 15692 21:0 964
952 15710 0:0 953
962 15694 0:0 964
963 15722 0:0 964
966 15724 21:0 974
973 15726 0:0 974
973 15725 21:0 1040
986 15716 0:0 988
1028 15740 0:0 1029
1038 15727 0:0 1040
1042 15757 21:0 1050
1049 15758 0:0 1050
1049 15759 21:0 1116
1114 15760 0:0 1116
1118 15790 21:0 1126
1125 15791 0:0 1126
1125 15792 21:0 1192
1180 15806 0:0 1181
1180 15808 0:0 1181
1190 15793 0:0 1192
1194 15823 21:0 1202
1201 15825 0:0 1202
1201 15824 21:0 1268
1266 15826 0:0 1268
1267 15854 0:0 1268
1270 15856 21:0 1278
1277 15857 0:0 1278
1277 15858 21:0 1344
1342 15859 0:0 1344
1346 15889 21:0 1354
1353 15890 0:0 1354
1353 15891 21:0 1420
1418 15892 0:0 1420
1422 15922 21:0 1430
1429 15924 0:0 1430
1429 15923 21:0 1496
1484 15938 0:0 1485
1494 15925 0:0 1496
1498 15955 21:0 1506
1505 15957 0:0 1506
1505 15956 0:0 1506
1518 15967 21:0 1557
1555 15968 0:0 1557
1557 15972 0:0 1562
1557 15974 0:0 1562
1557 15975 0:0 1562
1564 15961 21:0 1573
1571 15976 0:0 1573
1571 15958 0:0 1573
1572 15987 21:0 1573
1574 15958 1:0 2879
1575 15989 21:0 1583
1582 15990 0:0 1583
1582 15988 0:0 1583
1582 15991 21:0 1649
1595 15981 0:0 1597
1596 16000 0:0 1597
1631 16001 0:0 1633
1637 16007 0:0 1638
1637 16008 0:0 1638
1637 16005 0:0 1638
1647 15992 0:0 1649
1648 16020 0:0 1649
1648 16009 0:0 1649
1648 15994 0:0 1649
1651 16022 21:0 1659
1658 16023 0:0 1659
1658 16021 0:0 1659
1658 16024 21:0 1725
1671 16014 0:0 1673
1672 16033 0:0 1673
1707 16034 0:0 1709
1713 16041 0:0 1714
1713 16038 0:0 1714
1713 16040 0:0 1714
1723 16025 0:0 1725
1724 16053 0:0 1725
1724 16042 0:0 1725
1724 16027 0:0 1725
1727 16055 21:0 1735
1734 16056 0:0 1735
1734 53 0:0 1735
1734 16054 0:0 1735
1734 16057 21:0 1801
1747 16047 0:0 1749
1748 16066 0:0 1749
1783 16067 0:0 1785
1789 16074 0:0 1790
1789 16071 0:0 1790
1789 16073 0:0 1790
1799 16058 0:0 1801
1800 16086 0:0 1801
1800 16060 0:0 1801
1800 16075 0:0 1801
1803 16088 21:0 1811
1810 16087 0:0 1811
1810 16090 0:0 1811
1810 71 0:0 1811
1810 16089 21:0 1877
1823 16080 0:0 1825
1823 69 0:0 1825
1824 16099 0:0 1825
1859 16100 0:0 1861
1865 16106 0:0 1866
1865 16104 0:0 1866
1865 16107 0:0 1866
1875 16091 0:0 1877
1876 16093 0:0 1877
1876 16108 0:0 1877
1876 16119 0:0 1877
1879 16121 21:0 1887
1886 89 0:0 1887
1886 16120 0:0 1887
1886 16123 0:0 1887
1886 16122 21:0 1953
1899 16113 0:0 1901
1900 16132 0:0 1901
1935 16133 0:0 1937
1941 16140 0:0 1942
1941 16137 0:0 1942
1941 16139 0:0 1942
1951 16124 0:0 1953
1952 16152 0:0 1953
1952 16126 0:0 1953
1952 16141 0:0 1953
1955 16154 21:0 1963
1962 16155 0:0 1963
1962 16153 0:0 1963
1962 16156 21:0 2029
1975 105 0:0 1977
1975 16146 0:0 1977
1976 16165 0:0 1977
2011 16166 0:0 2013
2017 16173 0:0 2018
2017 16172 0:0 2018
2017 16170 0:0 2018
2027 16157 0:0 2029
2028 16174 0:0 2029
2028 16159 0:0 2029
2028 16185 0:0 2029
2031 16187 21:0 2039
2038 16189 0:0 2039
2038 16186 0:0 2039
2038 125 0:0 2039
2038 16188 21:0 2105
2051 16179 0:0 2053
2052 16198 0:0 2053
2087 16199 0:0 2089
2093 16206 0:0 2094
2103 16190 0:0 2105
2104 16192 0:0 2105
2104 16218 0:0 2105
2104 16207 0:0 2105
2107 16220 21:0 2115
2114 16219 0:0 2115
2114 143 0:0 2115
2114 16222 0:0 2115
2114 16221 21:0 2181
2128 16231 0:0 2129
2169 16236 0:0 2170
2179 16223 0:0 2181
2180 16240 0:0 2181
2180 16225 0:0 2181
2183 16253 21:0 2191
2190 16255 0:0 2191
2190 16254 21:0 2257
2203 16245 0:0 2205
2203 159 0:0 2205
2204 16264 0:0 2205
2239 16265 0:0 2241
2245 16272 0:0 2246
2245 16269 0:0 2246
2245 16271 0:0 2246
2255 16256 0:0 2257
2256 16284 0:0 2257
2256 16273 0:0 2257
2259 16286 21:0 2267
2266 16287 0:0 2267
2266 16285 0:0 2267
2266 16288 21:0 2333
2279 16278 0:0 2281
2280 16297 0:0 2281
2331 16289 0:0 2333
2332 16317 0:0 2333
2332 16291 0:0 2333
2335 16319 21:0 2343
2342 16320 0:0 2343
2342 16321 21:0 2409
2355 16311 0:0 2357
2391 16331 0:0 2393
2397 16338 0:0 2398
2407 16322 0:0 2409
2411 16352 21:0 2419
2418 16354 0:0 2419
2418 16353 21:0 2485
2483 16355 0:0 2485
2487 16385 21:0 2495
2494 16387 0:0 2495
2494 233 0:0 2495
2494 16386 21:0 2561
2559 16388 0:0 2561
2563 16418 21:0 2571
2570 16419 0:0 2571
2570 16420 21:0 2637
2583 249 0:0 2585
2635 16421 0:0 2637
2639 16451 21:0 2647
2646 16452 0:0 2647
2646 16453 21:0 2713
2711 16454 0:0 2713
2715 16484 21:0 2723
2722 16486 0:0 2723
2722 16485 21:0 2789
2787 16487 0:0 2789
2791 16517 21:0 2799
2798 16518 0:0 2799
2798 16519 21:0 2865
2811 303 0:0 2813
2863 16520 0:0 2865
2867 16550 21:0 2875
2874 16552 0:0 2875
2874 16551 21:0 2884
2876 15956 1:0 2885
2876 15957 1:0 2886
2883 16553 21:0 2894
2888 15955 1:0 2895
2889 15938 1:0 2931
2889 15925 1:0 3001
2893 16205 21:0 2899
2895 303 1:0 3003
2895 15923 1:0 3007
2897 15924 1:0 3008
2898 16203 21:0 2899
2898 16305 21:0 2902
2900 15922 1:0 3017
2901 16330 21:0 2902
2903 15892 1:0 3123
2914 340 21:0 2928
2922 15891 1:0 3130
2973 15890 1:0 3129
2978 16335 21:0 3003
3002 16364 21:0 3003
3002 16470 21:0 3006
3005 16302 21:0 3006
3005 16371 21:0 3013
3010 15889 1:0 3139
3011 15859 1:0 3245
3012 16434 21:0 3013
3012 16450 21:0 3016
3014 15858 1:0 3252
3015 16462 21:0 3016
3015 16368 21:0 3021
3019 15857 1:0 3251
3019 15856 1:0 3261
3019 15854 1:0 3270
3020 16430 21:0 3021
3020 16429 21:0 3024
3023 16482 21:0 3024
3023 16423 21:0 3047
3025 15826 1:0 3367
3025 249 1:0 3369
3043 15824 1:0 3373
3046 16620 21:0 3050
3055 15825 1:0 3374
3100 16401 21:0 3125
3124 16495 21:0 3125
3124 16471 21:0 3128
3127 16403 21:0 3128
3127 16528 21:0 3135
3132 15823 1:0 3383
3132 15806 1:0 3419
3132 15808 1:0 3419
3133 15793 1:0 3489
3133 15792 1:0 3496
3134 16232 21:0 3135
3134 16548 21:0 3138
3137 16344 21:0 3138
3137 16337 21:0 3143
3141 15791 1:0 3495
3141 233 1:0 3501
3141 15790 1:0 3505
3147 15760 1:0 3611
3254 15759 1:0 3618
3255 15758 1:0 3617
3255 15757 1:0 3627
3255 15740 1:0 3663
3263 15727 1:0 3733
3269 15725 1:0 3739
3287 15726 1:0 3740
3376 15724 1:0 3749
3376 15716 1:0 3762
3377 15722 1:0 3758
3377 15710 1:0 3785
3377 15694 1:0 3855
3385 15692 1:0 3861
3391 15693 1:0 3862
3394 16791 21:0 3416
3409 15691 1:0 3871
3410 15689 1:0 3880
3498 15661 1:0 3977
3499 159 1:0 3979
3499 15660 1:0 3984
3507 15659 1:0 3983
3507 15658 1:0 3993
3513 15656 1:0 4002
3513 15643 1:0 4029
3513 15637 1:0 4055
3620 15636 1:0 4079
3620 15628 1:0 4099
3621 15627 1:0 4106
3629 15626 1:0 4105
3629 15624 1:0 4109
3629 143 1:0 4111
3629 15625 1:0 4115
3635 15611 1:0 4151
3635 15604 1:0 4177
3654 15595 1:0 4221
3742 15593 1:0 4227
3743 15594 1:0 4228
3751 125 1:0 4233
3751 15592 1:0 4237
3751 15584 1:0 4250
3751 15575 1:0 4273
3757 15564 1:0 4327
3757 15562 1:0 4343
3863 17012 21:0 3867
3864 105 1:0 4345
3864 15561 1:0 4350
3865 15560 1:0 4349
3865 15559 1:0 4359
3873 15551 1:0 4372
3873 15544 1:0 4395
3873 15538 1:0 4421
3873 15529 1:0 4465
3879 15537 1:0 4445
3882 17019 21:0 3904
3897 15527 1:0 4471
3986 15528 1:0 4472
3986 89 1:0 4477
3987 15526 1:0 4481
3987 15524 1:0 4490
3987 15511 1:0 4517
3995 17073 21:0 3997
3995 15505 1:0 4543
3995 15498 1:0 4571
3995 15496 1:0 4587
3995 69 1:0 4589
4001 15495 1:0 4594
4108 15494 1:0 4593
4109 71 1:0 4599
4109 15493 1:0 4603
4109 15478 1:0 4639
4109 15472 1:0 4665
4117 15463 1:0 4709
4117 15461 1:0 4715
4123 15462 1:0 4716
4126 17133 21:0 4148
4230 53 1:0 4721
4230 15460 1:0 4725
4230 15447 1:0 4753
4230 15443 1:0 4761
4231 15430 1:0 4831
4239 17187 21:0 4241
4239 15428 1:0 4837
4239 15429 1:0 4838
4245 15427 1:0 4847
4245 15419 1:0 4860
4249 15412 1:0 4883
4263 15406 1:0 4909
4352 15397 1:0 4953
4353 15396 1:0 4960
4361 17244 21:0 4363
4361 15395 1:0 4959
4361 15394 1:0 4969
4361 15381 1:0 4997
4361 15379 1:0 5005
4364 15372 1:0 5055
4367 341 1:0 6434
4385 16553 1:0 6445
4971 17529 21:0 4973
4980 17532 21:0 5002
5084 17589 21:0 5123
5121 17590 0:0 5123
5123 17597 0:0 5128
5123 17596 0:0 5128
5123 17594 0:0 5128
5130 17583 21:0 5139
5137 17598 0:0 5139
5138 17609 21:0 5139
5141 17611 21:0 5149
5148 17613 0:0 5149
5148 17610 0:0 5149
5148 17612 21:0 5215
5161 17603 0:0 5163
5162 17622 0:0 5163
5197 17623 0:0 5199
5203 17629 0:0 5204
5203 17627 0:0 5204
5203 17630 0:0 5204
5213 17614 0:0 5215
5214 17642 0:0 5215
5214 17631 0:0 5215
5214 17616 0:0 5215
5217 17644 21:0 5225
5224 17645 0:0 5225
5224 17643 0:0 5225
5224 17646 21:0 5291
5237 17636 0:0 5239
5238 17655 0:0 5239
5273 17656 0:0 5275
5279 17660 0:0 5280
5279 17662 0:0 5280
5279 17663 0:0 5280
5289 17647 0:0 5291
5290 17675 0:0 5291
5290 17664 0:0 5291
5290 17649 0:0 5291
5293 17677 21:0 5301
5300 17679 0:0 5301
5300 17676 0:0 5301
5300 17678 21:0 5367
5313 17669 0:0 5315
5314 17688 0:0 5315
5349 17689 0:0 5351
5355 17693 0:0 5356
5355 17696 0:0 5356
5355 17695 0:0 5356
5365 17680 0:0 5367
5366 17697 0:0 5367
5366 17708 0:0 5367
5366 17682 0:0 5367
5369 17710 21:0 5377
5376 17712 0:0 5377
5376 17709 0:0 5377
5376 17711 21:0 5443
5389 17702 0:0 5391
5390 17721 0:0 5391
5425 17722 0:0 5427
5441 17713 0:0 5443
5442 17715 0:0 5443
5442 17730 0:0 5443
5442 17741 0:0 5443
5445 17743 21:0 5453
5452 17744 0:0 5453
5452 17745 21:0 5519
5465 17735 0:0 5467
5466 17754 0:0 5467
5501 17755 0:0 5503
5517 17746 0:0 5519
5518 17763 0:0 5519
5518 17774 0:0 5519
5521 17776 21:0 5529
5528 17775 0:0 5529
5528 17778 0:0 5529
5528 17777 21:0 5595
5541 17768 0:0 5543
5542 17787 0:0 5543
5577 17788 0:0 5579
5583 17794 0:0 5584
5583 17795 0:0 5584
5583 17792 0:0 5584
5593 17779 0:0 5595
5594 17781 0:0 5595
5594 17796 0:0 5595
5594 17807 0:0 5595
5597 17809 21:0 5605
5604 17808 0:0 5605
5604 17810 0:0 5605
5604 17811 21:0 5671
5617 17801 0:0 5619
5669 17812 0:0 5671
5670 17840 0:0 5671
5670 17829 0:0 5671
5673 17842 21:0 5681
5680 17843 0:0 5681
5680 17841 0:0 5681
5680 17844 21:0 5747
5693 17834 0:0 5695
5694 17853 0:0 5695
5729 17854 0:0 5731
5735 17858 0:0 5736
5735 17860 0:0 5736
5735 17861 0:0 5736
5745 17845 0:0 5747
5746 17847 0:0 5747
5749 17875 21:0 5757
5756 17876 0:0 5757
5756 17877 21:0 5823
5769 17867 0:0 5771
5805 17887 0:0 5807
5811 17893 0:0 5812
5811 17891 0:0 5812
5821 17878 0:0 5823
5825 17908 21:0 5833
5832 17909 0:0 5833
5832 17910 21:0 5899
5897 17911 0:0 5899
5901 17941 21:0 5909
5908 17943 0:0 5909
5908 17942 21:0 5975
5973 17944 0:0 5975
5977 17974 21:0 5985
5984 17975 0:0 5985
5984 17976 21:0 6051
6049 17977 0:0 6051
6053 18007 21:0 6061
6060 18009 0:0 6061
6060 18008 21:0 6127
6125 18010 0:0 6127
6129 18040 21:0 6137
6136 18042 0:0 6137
6136 18041 21:0 6203
6201 18043 0:0 6203
6205 18073 21:0 6213
6212 18074 0:0 6213
6212 18075 21:0 6279
6277 18076 0:0 6279
6281 18106 21:0 6289
6288 18107 0:0 6289
6288 18108 21:0 6355
6353 18109 0:0 6355
6357 18139 21:0 6365
6364 18141 0:0 6365
6364 18140 21:0 6431
6429 18142 0:0 6431
6433 18172 21:0 6441
6440 18173 0:0 6441
6440 18174 21:0 6450
6442 16551 1:0 6452
6442 16552 1:0 6453
6449 18175 21:0 6461
6455 16550 1:0 6463
6456 16548 1:0 6473
6456 16528 1:0 6555
6456 16520 1:0 6576
6460 17748 21:0 6467
6462 16519 1:0 6584
6465 16518 1:0 6583
6465 16517 1:0 6594
6466 17959 21:0 6467
6466 17862 21:0 6470
6468 16620 1:0 6603
6469 17873 21:0 6470
6471 16495 1:0 6686
6471 16487 1:0 6707
6484 341 21:0 6498
6492 16485 1:0 6714
6545 16486 1:0 6715
6551 17928 21:0 6578
6577 17906 21:0 6578
6577 17960 21:0 6581
6580 17886 21:0 6581
6580 17828 21:0 6589
6586 16484 1:0 6725
6586 16471 1:0 6730
6586 16462 1:0 6755
6587 16482 1:0 6735
6587 16470 1:0 6764
6587 16450 1:0 6838
6587 16454 1:0 6838
6588 18051 21:0 6589
6588 17985 21:0 6592
6591 17729 21:0 6592
6591 17728 21:0 6598
6596 16452 1:0 6845
6596 16453 1:0 6846
6597 17993 21:0 6598
6597 18019 21:0 6601
6599 16451 1:0 6856
6599 16423 1:0 6886
6600 17961 21:0 6601
6600 18058 21:0 6621
6602 16430 1:0 6886
6602 16434 1:0 6895
6602 16429 1:0 6948
6607 16421 1:0 6969
6620 17986 21:0 6629
6623 16420 1:0 6977
6625 16620 0:0 6626
6676 16419 1:0 6976
6682 18089 21:0 6709
6708 17939 21:0 6709
6708 18045 21:0 6712
6711 17926 21:0 6712
6711 18025 21:0 6720
6717 16418 1:0 6987
6717 16791 1:0 6996
6717 16403 1:0 7017
6718 16401 1:0 7026
6718 16388 1:0 7100
6719 18137 21:0 6720
6719 17827 21:0 6723
6722 18060 21:0 6723
6722 17762 21:0 6729
6724 16386 1:0 7107
6727 16387 1:0 7108
6727 16385 1:0 7118
6727 16368 1:0 7148
6728 18026 21:0 6729
6728 18052 21:0 6732
6730 16371 1:0 7148
6730 16364 1:0 7183
6731 18072 21:0 6732
6731 18122 21:0 6752
6733 16355 1:0 7231
6751 17953 21:0 6760
6753 16353 1:0 7238
6756 16677 0:0 6757
6761 16354 1:0 7239
6813 18124 21:0 6840
6815 16352 1:0 7249
6820 16337 1:0 7279
6839 18093 21:0 6840
6839 18023 21:0 6843
6842 17825 21:0 6843
6842 18117 21:0 6851
6848 16344 1:0 7264
6848 16338 1:0 7288
6848 16335 1:0 7288
6848 16331 1:0 7314
6849 16330 1:0 7341
6849 16322 1:0 7362
6850 18056 21:0 6851
6857 16731 21:0 6860
6858 16320 1:0 7369
6858 16321 1:0 7370
6861 16319 1:0 7380
6864 16317 1:0 7390
6864 16311 1:0 7395
6864 16302 1:0 7410
6866 16305 1:0 7419
6869 17012 1:0 7493
6979 16297 1:0 7472
6979 16291 1:0 7477
6979 16289 1:0 7493
6980 16288 1:0 7501
6980 16285 1:0 7504
6989 16287 1:0 7500
6989 16286 1:0 7511
6989 16284 1:0 7521
6989 16278 1:0 7526
6995 17019 1:0 7520
6995 16273 1:0 7541
6995 16271 1:0 7550
6997 16272 1:0 7550
6998 16791 21:0 7022
7000 16269 1:0 7550
7015 16265 1:0 7576
7016 17073 1:0 7624
7110 16264 1:0 7603
7110 16256 1:0 7624
7111 16254 1:0 7631
7120 16255 1:0 7632
7120 16253 1:0 7642
7120 16245 1:0 7657
7120 16240 1:0 7672
7120 16232 1:0 7707
7126 16236 1:0 7681
7129 16848 21:0 7153
7131 16223 1:0 7755
7146 16225 1:0 7739
7147 16231 1:0 7734
7241 16221 1:0 7762
7241 16219 1:0 7766
7242 16222 1:0 7763
7250 16902 21:0 7253
7251 16220 1:0 7773
7251 17133 1:0 7782
7251 16218 1:0 7783
7251 16207 1:0 7803
7251 16203 1:0 7803
7251 16206 1:0 7812
7251 16205 1:0 7812
7251 16199 1:0 7838
7254 17187 1:0 7886
7259 16190 1:0 7886
7262 16198 1:0 7865
7277 16192 1:0 7870
7370 16955 21:0 7375
7372 16188 1:0 7893
7372 16186 1:0 7897
7373 16189 1:0 7894
7373 16187 1:0 7904
7382 16185 1:0 7914
7382 16179 1:0 7919
7382 16174 1:0 7934
7382 16173 1:0 7943
7382 16172 1:0 7943
7382 16170 1:0 7943
7382 16166 1:0 7969
7382 17244 1:0 8017
7390 16157 1:0 8017
7393 16159 1:0 8001
7408 16165 1:0 7996
7501 17012 21:0 7506
7503 16156 1:0 8025
7504 16155 1:0 8024
7504 16153 1:0 8028
7504 16154 1:0 8035
7513 16152 1:0 8045
7513 16146 1:0 8050
7513 16141 1:0 8065
7513 16139 1:0 8074
7513 16140 1:0 8074
7513 16137 1:0 8074
7513 16133 1:0 8100
7519 16124 1:0 8148
7521 16132 1:0 8127
7524 16126 1:0 8132
7634 16122 1:0 8155
7635 16123 1:0 8156
7635 16120 1:0 8159
7635 16121 1:0 8166
7644 16119 1:0 8176
7644 16113 1:0 8181
7644 16108 1:0 8196
7644 16104 1:0 8205
7644 16106 1:0 8205
7644 16107 1:0 8205
7644 16100 1:0 8231
7650 16091 1:0 8279
7652 16093 1:0 8263
7655 16099 1:0 8258
7765 16089 1:0 8286
7765 16087 1:0 8290
7766 16090 1:0 8287
7766 16088 1:0 8297
7775 16086 1:0 8307
7775 16080 1:0 8312
7775 16075 1:0 8327
7775 16074 1:0 8336
7775 16073 1:0 8336
7775 16071 1:0 8336
7775 16067 1:0 8362
7781 16058 1:0 8410
7783 16060 1:0 8394
7786 16066 1:0 8389
7894 17183 21:0 7899
7896 16057 1:0 8418
7897 16056 1:0 8417
7897 16054 1:0 8421
7897 16055 1:0 8428
7897 16047 1:0 8443
7906 16053 1:0 8438
7906 16042 1:0 8458
7906 16040 1:0 8467
7906 16038 1:0 8467
7906 16041 1:0 8467
7906 16034 1:0 8493
7912 16027 1:0 8525
7912 16025 1:0 8541
7914 16033 1:0 8520
7945 16024 1:0 8549
8027 16023 1:0 8548
8028 16021 1:0 8552
8028 16022 1:0 8559
8028 16020 1:0 8569
8036 17244 21:0 8039
8037 16014 1:0 8574
8037 16009 1:0 8589
8037 16005 1:0 8598
8037 16008 1:0 8598
8037 16007 1:0 8598
8037 16001 1:0 8624
8043 16000 1:0 8651
8043 17529 1:0 8672
8043 15992 1:0 8672
8045 15994 1:0 8656
8076 15991 1:0 8680
8156 17297 21:0 8161
8158 15988 1:0 8683
8159 15990 1:0 8679
8159 15989 1:0 8690
8159 17532 1:0 8699
8159 15981 1:0 8705
8168 15987 1:0 8700
8168 15976 1:0 8720
8168 15975 1:0 8725
8168 15968 1:0 8725
8168 15974 1:0 8725
8168 15972 1:0 8725
8168 15961 1:0 8774
8168 15967 1:0 8782
8176 18175 1:0 10168
8179 342 1:0 10172
8308 17361 0:0 8329
8439 17418 0:0 8460
8549 17468 21:0 8554
8570 17475 0:0 8591
8813 19211 21:0 8852
8850 19212 0:0 8852
8852 19219 0:0 8857
8852 19216 0:0 8857
8852 19218 0:0 8857
8859 19205 21:0 8868
8866 19220 0:0 8868
8867 19231 21:0 8868
8870 19233 21:0 8878
8877 19232 0:0 8878
8877 19235 0:0 8878
8877 19234 21:0 8944
8890 19225 0:0 8892
8891 19244 0:0 8892
8926 19245 0:0 8928
8932 19252 0:0 8933
8932 19251 0:0 8933
8932 19249 0:0 8933
8942 19236 0:0 8944
8943 19253 0:0 8944
8943 19264 0:0 8944
8943 19238 0:0 8944
8946 19266 21:0 8954
8953 19265 0:0 8954
8953 19267 0:0 8954
8953 19268 21:0 9020
8966 19258 0:0 8968
8967 19277 0:0 8968
9002 19278 0:0 9004
9008 19284 0:0 9009
9008 19285 0:0 9009
9008 19282 0:0 9009
9018 19269 0:0 9020
9019 19286 0:0 9020
9019 19271 0:0 9020
9019 19297 0:0 9020
9022 19299 21:0 9030
9029 19301 0:0 9030
9029 19298 0:0 9030
9029 19300 21:0 9096
9042 19291 0:0 9044
9043 19310 0:0 9044
9078 19311 0:0 9080
9084 19317 0:0 9085
9084 19318 0:0 9085
9084 19315 0:0 9085
9094 19302 0:0 9096
9095 19330 0:0 9096
9095 19319 0:0 9096
9095 19304 0:0 9096
9098 19332 21:0 9106
9105 19331 0:0 9106
9105 19333 0:0 9106
9105 19334 21:0 9172
9118 19324 0:0 9120
9119 19343 0:0 9120
9160 19350 0:0 9161
9170 19335 0:0 9172
9171 19337 0:0 9172
9171 19352 0:0 9172
9171 19363 0:0 9172
9174 19365 21:0 9182
9181 89 0:0 9182
9181 19364 0:0 9182
9181 19367 0:0 9182
9181 19366 21:0 9248
9194 19357 0:0 9196
9195 19376 0:0 9196
9246 19368 0:0 9248
9247 19396 0:0 9248
9247 19370 0:0 9248
9250 19398 21:0 9258
9257 19399 0:0 9258
9257 107 0:0 9258
9257 19400 21:0 9324
9322 19401 0:0 9324
9323 19429 0:0 9324
9323 19418 0:0 9324
9326 19431 21:0 9334
9333 19433 0:0 9334
9333 19432 21:0 9400
9346 19423 0:0 9348
9388 19450 0:0 9389
9398 19434 0:0 9400
9399 19436 0:0 9400
9399 19451 0:0 9400
9402 19464 21:0 9410
9409 19465 0:0 9410
9409 19463 0:0 9410
9409 19466 21:0 9476
9422 19456 0:0 9424
9423 19475 0:0 9424
9458 19476 0:0 9460
9464 19483 0:0 9465
9464 19480 0:0 9465
9474 19467 0:0 9476
9475 19495 0:0 9476
9475 19484 0:0 9476
9478 19497 21:0 9486
9485 19498 0:0 9486
9485 19499 21:0 9552
9498 19489 0:0 9500
9499 19508 0:0 9500
9534 19509 0:0 9536
9550 19500 0:0 9552
9551 19517 0:0 9552
9554 19530 21:0 9562
9555 175 0:0 9557
9561 19532 0:0 9562
9561 19531 21:0 9628
9574 177 0:0 9576
9610 19542 0:0 9612
9616 19546 0:0 9617
9616 19549 0:0 9617
9626 19533 0:0 9628
9630 19563 21:0 9638
9637 19564 0:0 9638
9637 19565 21:0 9704
9692 19579 0:0 9693
9692 19582 0:0 9693
9692 19581 0:0 9693
9702 19566 0:0 9704
9706 19596 21:0 9714
9713 215 0:0 9714
9713 19597 0:0 9714
9713 19598 21:0 9780
9778 19599 0:0 9780
9782 19629 21:0 9790
9783 229 0:0 9785
9789 19630 0:0 9790
9789 19631 21:0 9856
9854 19632 0:0 9856
9858 19662 21:0 9866
9865 19664 0:0 9866
9865 19663 21:0 9932
9930 19665 0:0 9932
9934 19695 21:0 9942
9941 19697 0:0 9942
9941 19696 21:0 10008
10006 19698 0:0 10008
10010 19728 21:0 10018
10017 19729 0:0 10018
10017 19730 21:0 10084
10082 19731 0:0 10084
10086 19761 21:0 10094
10093 19763 0:0 10094
10093 19762 21:0 10160
10158 19764 0:0 10160
10162 19794 21:0 10170
10169 19796 0:0 10170
10169 19795 21:0 10179
10171 18173 1:0 10181
10171 18174 1:0 10182
10178 19797 21:0 10190
10184 18172 1:0 10192
10185 18142 1:0 10305
10189 19649 21:0 10196
10191 18140 1:0 10312
10194 18141 1:0 10313
10194 18139 1:0 10323
10194 18056 1:0 10328
10194 16620 1:0 10332
10195 19678 21:0 10196
10195 19621 21:0 10199
10197 18137 1:0 10333
10197 18124 1:0 10353
10198 19575 21:0 10199
10200 18122 1:0 10362
10200 18109 1:0 10436
10202 18117 1:0 10415
10213 342 21:0 10227
10233 18108 1:0 10444
10280 19706 21:0 10307
10287 18107 1:0 10443
10306 19682 21:0 10307
10306 19548 21:0 10310
10309 19680 21:0 10310
10309 19627 21:0 10318
10315 18106 1:0 10454
10316 18023 1:0 10459
10316 16677 1:0 10463
10316 18072 1:0 10484
10316 18093 1:0 10484
10316 18089 1:0 10493
10317 19583 21:0 10318
10317 19417 21:0 10321
10320 19601 21:0 10321
10320 19447 21:0 10327
10322 16731 1:0 10567
10322 18076 1:0 10567
10325 18074 1:0 10574
10325 18075 1:0 10575
10326 19713 21:0 10327
10326 19616 21:0 10330
10329 19667 21:0 10330
10329 19403 21:0 10351
10331 18073 1:0 10585
10331 18052 1:0 10590
10331 18045 1:0 10615
10331 18060 1:0 10615
10333 18058 1:0 10624
10350 19541 21:0 10358
10352 18043 1:0 10698
10359 18051 1:0 10677
10411 19645 21:0 10438
10413 18041 1:0 10705
10437 19759 21:0 10438
10437 19562 21:0 10441
10440 16620 21:0 10441
10440 19648 21:0 10449
10446 18042 1:0 10706
10447 18040 1:0 10716
10447 18026 1:0 10721
10447 16791 1:0 10725
10447 18025 1:0 10746
10447 18019 1:0 10781
10448 19442 21:0 10449
10448 19390 21:0 10452
10456 18010 1:0 10829
10456 18008 1:0 10836
10462 18009 1:0 10837
10482 18007 1:0 10847
10483 16848 1:0 10852
10495 229 1:0 10851
10577 16902 1:0 10877
10577 17986 1:0 10877
10577 17993 1:0 10886
10578 17985 1:0 10939
10578 17977 1:0 10960
10587 17975 1:0 10967
10587 17976 1:0 10968
10587 215 1:0 10973
10593 17974 1:0 10978
10595 17953 1:0 10983
10598 17960 1:0 11008
10613 17961 1:0 11008
10614 17959 1:0 11017
10708 17944 1:0 11091
10708 16955 1:0 11091
10709 17942 1:0 11098
10718 17943 1:0 11099
10718 17941 1:0 11109
10718 17939 1:0 11119
10718 17928 1:0 11139
10724 17926 1:0 11148
10724 17012 1:0 11222
10744 17911 1:0 11222
10745 177 1:0 11224
10837 16841 21:0 10842
10839 17910 1:0 11230
10840 17909 1:0 11229
10840 17908 1:0 11240
10849 175 1:0 11244
10849 17906 1:0 11250
10849 17893 1:0 11279
10849 17891 1:0 11279
10849 17887 1:0 11305
10849 17886 1:0 11332
10855 17878 1:0 11353
10875 17877 1:0 11361
10970 17876 1:0 11360
10971 17875 1:0 11371
10971 17873 1:0 11381
10971 17867 1:0 11386
10971 17862 1:0 11401
10971 17854 1:0 11436
10980 17858 1:0 11410
10980 17860 1:0 11410
10980 17861 1:0 11410
10980 17853 1:0 11463
10980 17845 1:0 11484
10986 17847 1:0 11468
10991 17844 1:0 11492
11006 17841 1:0 11495
11099 16955 21:0 11104
11101 17843 1:0 11491
11102 17842 1:0 11502
11102 17840 1:0 11512
11102 17834 1:0 11517
11102 17827 1:0 11532
11102 17825 1:0 11532
11102 17829 1:0 11532
11111 17828 1:0 11541
11111 17812 1:0 11615
11111 17183 1:0 11615
11117 17811 1:0 11623
11137 17810 1:0 11622
11138 17808 1:0 11626
11232 17809 1:0 11633
11232 17801 1:0 11648
11233 17807 1:0 11643
11233 17796 1:0 11663
11233 17795 1:0 11672
11233 17792 1:0 11672
11233 17794 1:0 11672
11233 17788 1:0 11698
11242 17787 1:0 11725
11242 17781 1:0 11730
11242 17244 1:0 11746
11242 17779 1:0 11746
11248 17777 1:0 11753
11269 17778 1:0 11754
11281 17775 1:0 11757
11363 107 1:0 11759
11364 17776 1:0 11764
11364 17774 1:0 11774
11364 17768 1:0 11779
11364 17763 1:0 11794
11364 17762 1:0 11797
11364 17297 1:0 11848
11372 17073 21:0 11375
11373 17755 1:0 11829
11373 17754 1:0 11856
11373 17748 1:0 11861
11373 17746 1:0 11877
11379 17745 1:0 11885
11399 17744 1:0 11884
11400 89 1:0 11890
11485 17076 21:0 11486
11494 17743 1:0 11895
11494 17741 1:0 11905
11494 17730 1:0 11925
11495 17735 1:0 11910
11495 17728 1:0 11925
11495 17729 1:0 11934
11495 17722 1:0 11960
11503 17130 21:0 11506
11504 17721 1:0 11987
11504 17715 1:0 11992
11504 17713 1:0 12008
11504 17711 1:0 12015
11507 17709 1:0 12019
11512 17712 1:0 12016
11513 17133 21:0 11537
11538 17710 1:0 12026
11543 17702 1:0 12041
11623 17183 21:0 11628
11625 17361 1:0 12035
11625 17708 1:0 12036
11625 17697 1:0 12056
11625 17696 1:0 12065
11626 17693 1:0 12065
11626 17695 1:0 12065
11626 17689 1:0 12091
11626 17680 1:0 12139
11634 17187 21:0 11637
11635 17688 1:0 12118
11635 17682 1:0 12123
11635 17678 1:0 12146
11635 17676 1:0 12150
11641 17679 1:0 12147
11661 17677 1:0 12157
11662 17669 1:0 12172
11674 17675 1:0 12167
11674 17664 1:0 12187
11747 17190 21:0 11748
11754 17240 21:0 11759
11756 17418 1:0 12166
11756 17660 1:0 12196
11756 17662 1:0 12196
11756 17663 1:0 12196
11757 17656 1:0 12222
11757 17649 1:0 12254
11757 17647 1:0 12270
11757 17468 1:0 12270
11766 17655 1:0 12249
11766 17646 1:0 12278
11766 17643 1:0 12281
11772 17645 1:0 12277
11792 17644 1:0 12288
11793 17636 1:0 12303
11805 17642 1:0 12298
11887 17475 1:0 12297
11887 17631 1:0 12318
11887 17629 1:0 12327
11887 17627 1:0 12327
11888 17630 1:0 12327
11888 17623 1:0 12353
11888 17614 1:0 12401
11897 17622 1:0 12380
11897 17616 1:0 12385
11897 17612 1:0 12408
11897 17610 1:0 12412
11903 17613 1:0 12409
11924 17611 1:0 12419
11936 17603 1:0 12434
12018 17609 1:0 12429
12018 17598 1:0 12449
12018 17590 1:0 12484
12018 17583 1:0 12503
12019 17594 1:0 12454
12019 17596 1:0 12454
12019 17597 1:0 12454
12019 17589 1:0 12511
12019 343 1:0 13892
12028 19797 1:0 13903
12028 19795 1:0 13910
12140 17361 21:0 12141
12402 17475 21:0 12403
12409 17525 21:0 12414
12542 20833 21:0 12581
12579 20834 0:0 12581
12581 20840 0:0 12586
12581 20838 0:0 12586
12581 20841 0:0 12586
12588 20827 21:0 12597
12595 20842 0:0 12597
12596 20853 21:0 12597
12599 20855 21:0 12607
12606 20854 0:0 12607
12606 20857 0:0 12607
12606 20856 21:0 12673
12619 20847 0:0 12621
12620 20866 0:0 12621
12655 20867 0:0 12657
12661 20874 0:0 12662
12661 20871 0:0 12662
12661 20873 0:0 12662
12671 20858 0:0 12673
12672 20860 0:0 12673
12672 20886 0:0 12673
12672 20875 0:0 12673
12675 20888 21:0 12683
12682 20890 0:0 12683
12682 20887 0:0 12683
12682 20889 21:0 12749
12695 20880 0:0 12697
12696 20899 0:0 12697
12731 20900 0:0 12733
12737 20906 0:0 12738
12737 20904 0:0 12738
12737 20907 0:0 12738
12747 20891 0:0 12749
12748 20893 0:0 12749
12748 20908 0:0 12749
12748 20919 0:0 12749
12751 20921 21:0 12759
12758 20920 0:0 12759
12758 20922 0:0 12759
12758 20923 21:0 12825
12771 20913 0:0 12773
12772 20932 0:0 12773
12807 20933 0:0 12809
12813 20939 0:0 12814
12813 20940 0:0 12814
12813 20937 0:0 12814
12823 20924 0:0 12825
12824 20941 0:0 12825
12824 20926 0:0 12825
12824 20952 0:0 12825
12827 20954 21:0 12835
12834 20953 0:0 12835
12834 20955 0:0 12835
12834 20956 21:0 12901
12847 20946 0:0 12849
12848 20965 0:0 12849
12883 20966 0:0 12885
12889 20972 0:0 12890
12899 20957 0:0 12901
12900 20974 0:0 12901
12900 20959 0:0 12901
12900 20985 0:0 12901
12903 20987 21:0 12911
12910 20986 0:0 12911
12910 20989 0:0 12911
12910 20988 21:0 12977
12923 20979 0:0 12925
12924 20998 0:0 12925
12959 20999 0:0 12961
12965 21003 0:0 12966
12965 21005 0:0 12966
12965 21006 0:0 12966
12975 20990 0:0 12977
12976 21018 0:0 12977
12976 21007 0:0 12977
12976 20992 0:0 12977
12979 21020 21:0 12987
12986 21022 0:0 12987
12986 21019 0:0 12987
12986 21021 21:0 13053
12999 21012 0:0 13001
13000 21031 0:0 13001
13035 21032 0:0 13037
13041 21038 0:0 13042
13041 21039 0:0 13042
13041 21036 0:0 13042
13051 21023 0:0 13053
13052 21040 0:0 13053
13052 21051 0:0 13053
13052 21025 0:0 13053
13055 21053 21:0 13063
13062 21052 0:0 13063
13062 21055 0:0 13063
13062 21054 21:0 13129
13075 21045 0:0 13077
13076 21064 0:0 13077
13111 21065 0:0 13113
13117 21072 0:0 13118
13117 21071 0:0 13118
13117 21069 0:0 13118
13127 21056 0:0 13129
13128 21084 0:0 13129
13128 21073 0:0 13129
13128 21058 0:0 13129
13131 21086 21:0 13139
13138 21088 0:0 13139
13138 21085 0:0 13139
13138 21087 21:0 13205
13151 21078 0:0 13153
13152 21097 0:0 13153
13187 21098 0:0 13189
13193 21102 0:0 13194
13193 21105 0:0 13194
13193 21104 0:0 13194
13203 21089 0:0 13205
13204 21106 0:0 13205
13204 21117 0:0 13205
13204 21091 0:0 13205
13207 21119 21:0 13215
13214 21120 0:0 13215
13214 21121 21:0 13281
13227 21111 0:0 13229
13228 21130 0:0 13229
13263 21131 0:0 13265
13269 21138 0:0 13270
13279 21122 0:0 13281
13280 21139 0:0 13281
13280 21150 0:0 13281
13283 21152 21:0 13291
13290 21153 0:0 13291
13290 21154 21:0 13357
13303 21144 0:0 13305
13304 21163 0:0 13305
13345 21170 0:0 13346
13355 21155 0:0 13357
13356 21157 0:0 13357
13356 21172 0:0 13357
13359 21185 21:0 13367
13366 21187 0:0 13367
13366 21184 0:0 13367
13366 21186 21:0 13433
13421 21204 0:0 13422
13431 21188 0:0 13433
13435 21218 21:0 13443
13442 21220 0:0 13443
13442 21219 21:0 13509
13507 21221 0:0 13509
13511 21251 21:0 13519
13518 21253 0:0 13519
13518 21252 21:0 13585
13583 21254 0:0 13585
13587 21284 21:0 13595
13594 21285 0:0 13595
13594 21286 21:0 13661
13659 21287 0:0 13661
13663 21317 21:0 13671
13670 21319 0:0 13671
13670 21318 21:0 13737
13735 21320 0:0 13737
13739 21350 21:0 13747
13746 21352 0:0 13747
13746 21351 21:0 13813
13811 21353 0:0 13813
13815 21383 21:0 13823
13822 21384 0:0 13823
13822 21385 21:0 13889
13887 21386 0:0 13889
13891 21416 21:0 13899
13898 21418 0:0 13899
13898 21417 21:0 13908
13900 19796 1:0 13911
13907 21419 21:0 13919
13913 19794 1:0 13921
13914 19764 1:0 14034
13914 19762 1:0 14041
13918 21203 21:0 13925
13920 19763 1:0 14042
13923 19761 1:0 14052
13923 16620 1:0 14061
13923 19759 1:0 14062
13924 21205 21:0 13925
13924 21151 21:0 13928
13926 19731 1:0 14165
13927 21164 21:0 13928
13929 19730 1:0 14173
13942 343 21:0 13956
13950 19729 1:0 14172
14003 19728 1:0 14183
14009 21210 21:0 14036
14011 19713 1:0 14222
14035 21238 21:0 14036
14035 21230 21:0 14039
14038 20973 21:0 14039
14038 21190 21:0 14047
14044 19706 1:0 14275
14044 19698 1:0 14296
14045 19696 1:0 14303
14046 21236 21:0 14047
14046 21271 21:0 14050
14048 19697 1:0 14304
14049 21269 21:0 14050
14049 21216 21:0 14056
14054 19695 1:0 14314
14054 19680 1:0 14344
14054 19682 1:0 14344
14054 19678 1:0 14353
14054 19667 1:0 14411
14055 21302 21:0 14056
14055 21256 21:0 14059
14057 19665 1:0 14427
14058 21349 21:0 14059
14058 21234 21:0 14079
14060 19663 1:0 14434
14078 21250 21:0 14087
14080 19664 1:0 14435
14093 19662 1:0 14445
14093 19648 1:0 14475
14134 19649 1:0 14475
14140 21124 21:0 14167
14142 19645 1:0 14484
14147 16841 1:0 14558
14166 21289 21:0 14167
14166 21177 21:0 14170
14169 21243 21:0 14170
14169 21183 21:0 14178
14175 19632 1:0 14558
14176 19631 1:0 14566
14177 21328 21:0 14178
14177 21304 21:0 14181
14179 19630 1:0 14565
14180 21369 21:0 14181
14185 19629 1:0 14576
14185 19616 1:0 14581
14185 19627 1:0 14586
14185 19621 1:0 14591
14191 19601 1:0 14673
14191 19599 1:0 14689
14211 19598 1:0 14697
14306 19597 1:0 14696
14307 19596 1:0 14707
14307 16955 1:0 14737
14307 19583 1:0 14737
14307 19582 1:0 14746
14307 19575 1:0 14772
14316 19579 1:0 14746
14316 19581 1:0 14746
14316 19562 1:0 14820
14316 19566 1:0 14820
14322 19565 1:0 14828
14325 16734 21:0 14349
14343 19564 1:0 14827
14437 19563 1:0 14838
14437 19548 1:0 14877
14437 19546 1:0 14877
14438 19549 1:0 14877
14438 19542 1:0 14903
14438 19541 1:0 14930
14447 19533 1:0 14951
14447 19531 1:0 14958
14453 19532 1:0 14959
14458 19530 1:0 14969
14473 19517 1:0 14999
14474 19509 1:0 15034
14568 19500 1:0 15082
14568 17073 1:0 15082
14569 19508 1:0 15061
14569 19499 1:0 15090
14578 19498 1:0 15089
14578 19497 1:0 15100
14578 17076 1:0 15109
14584 19495 1:0 15110
14584 19489 1:0 15115
14584 19484 1:0 15130
14586 19476 1:0 15165
14589 19480 1:0 15139
14604 19483 1:0 15139
14605 17130 1:0 15213
14699 19475 1:0 15192
14699 19467 1:0 15213
14700 19466 1:0 15221
14700 19463 1:0 15224
14708 16902 21:0 14711
14709 19465 1:0 15220
14709 19464 1:0 15231
14709 19442 1:0 15236
14712 17133 1:0 15240
14715 19456 1:0 15246
14715 17187 1:0 15261
14715 19451 1:0 15261
14717 19447 1:0 15270
14720 19450 1:0 15270
14735 17183 1:0 15344
14828 16955 21:0 14833
14830 19436 1:0 15328
14830 19434 1:0 15344
14831 19432 1:0 15351
14831 19433 1:0 15352
14839 16959 21:0 14842
14840 19431 1:0 15362
14840 17190 1:0 15371
14840 19429 1:0 15372
14840 19423 1:0 15377
14840 17240 1:0 15392
14843 19418 1:0 15392
14846 19417 1:0 15401
14849 16962 0:0 14870
14851 19401 1:0 15475
14866 19403 1:0 15459
14959 17012 21:0 14964
14961 19400 1:0 15483
14962 19399 1:0 15482
14962 19398 1:0 15493
14962 19396 1:0 15503
14962 19390 1:0 15508
14970 17016 21:0 14973
14971 19376 1:0 15585
14971 19370 1:0 15590
14971 19368 1:0 15606
14977 19366 1:0 15613
14977 19364 1:0 15617
14980 17019 21:0 15004
14997 19367 1:0 15614
15092 19365 1:0 15624
15092 19363 1:0 15634
15092 19357 1:0 15639
15092 19352 1:0 15654
15093 19350 1:0 15663
15093 19337 1:0 15721
15093 19335 1:0 15737
15101 17073 21:0 15104
15102 19343 1:0 15716
15102 19334 1:0 15745
15105 19333 1:0 15744
15108 19331 1:0 15748
15113 19332 1:0 15755
15128 19319 1:0 15785
15129 17361 1:0 15764
15141 19324 1:0 15770
15223 19330 1:0 15765
15223 19318 1:0 15794
15223 19315 1:0 15794
15223 19311 1:0 15820
15224 19317 1:0 15794
15224 19310 1:0 15847
15224 19302 1:0 15868
15232 17130 21:0 15235
15233 19304 1:0 15852
15233 19300 1:0 15875
15236 19301 1:0 15876
15239 19298 1:0 15879
15242 17133 21:0 15266
15244 19299 1:0 15886
15259 19291 1:0 15901
15260 19286 1:0 15916
15267 19297 1:0 15896
15272 19278 1:0 15951
15352 17183 21:0 15357
15354 19285 1:0 15925
15354 19282 1:0 15925
15354 19284 1:0 15925
15355 19277 1:0 15978
15355 19271 1:0 15983
15355 19269 1:0 15999
15364 19267 1:0 16006
15364 19268 1:0 16007
15364 19265 1:0 16010
15370 19266 1:0 16017
15372 19264 1:0 16027
15375 19253 1:0 16047
15390 17475 1:0 16026
15391 19258 1:0 16032
15403 19252 1:0 16056
15485 19251 1:0 16056
15485 19249 1:0 16056
15485 19245 1:0 16082
15485 17525 1:0 16130
15486 19244 1:0 16109
15486 19238 1:0 16114
15486 19236 1:0 16130
15494 17244 21:0 15497
15495 19234 1:0 16137
15495 19232 1:0 16141
15498 19235 1:0 16138
15503 19233 1:0 16148
15504 17247 21:0 15528
15506 19231 1:0 16158
15521 19225 1:0 16163
15522 19220 1:0 16178
15529 19212 1:0 16213
15534 19216 1:0 16183
15614 17297 21:0 15619
15616 19219 1:0 16183
15616 19218 1:0 16183
15616 19205 1:0 16232
15616 19211 1:0 16240
15617 344 1:0 17621
15617 21419 1:0 17632
15876 17411 21:0 15881
15887 17415 21:0 15890
16007 17468 21:0 16012
16271 22455 21:0 16310
16308 22456 0:0 16310
16310 22460 0:0 16315
16310 22463 0:0 16315
16310 22462 0:0 16315
16317 22449 21:0 16326
16324 22464 0:0 16326
16325 22475 21:0 16326
16328 22477 21:0 16336
16335 17 0:0 16336
16335 22476 0:0 16336
16335 22478 0:0 16336
16335 22479 21:0 16402
16348 22469 0:0 16350
16349 22488 0:0 16350
16384 22489 0:0 16386
16390 22493 0:0 16391
16390 22496 0:0 16391
16390 22495 0:0 16391
16400 22480 0:0 16402
16401 22508 0:0 16402
16401 22497 0:0 16402
16401 22482 0:0 16402
16404 22510 21:0 16412
16411 22509 0:0 16412
16411 22512 0:0 16412
16411 22511 21:0 16478
16424 22502 0:0 16426
16425 22521 0:0 16426
16460 22522 0:0 16462
16466 22526 0:0 16467
16466 22529 0:0 16467
16466 22528 0:0 16467
16476 22513 0:0 16478
16477 22541 0:0 16478
16477 22530 0:0 16478
16477 22515 0:0 16478
16480 22543 21:0 16488
16487 22542 0:0 16488
16487 22545 0:0 16488
16487 22544 21:0 16554
16500 22535 0:0 16502
16501 22554 0:0 16502
16536 22555 0:0 16538
16542 22562 0:0 16543
16542 22561 0:0 16543
16542 22559 0:0 16543
16552 22546 0:0 16554
16553 22563 0:0 16554
16553 22574 0:0 16554
16553 22548 0:0 16554
16556 22576 21:0 16564
16557 67 0:0 16559
16563 22575 0:0 16564
16563 22577 0:0 16564
16563 22578 21:0 16630
16576 22568 0:0 16578
16577 22587 0:0 16578
16612 22588 0:0 16614
16618 22592 0:0 16619
16618 22595 0:0 16619
16628 22579 0:0 16630
16629 22596 0:0 16630
16629 22607 0:0 16630
16632 22609 21:0 16640
16639 89 0:0 16640
16639 22611 0:0 16640
16639 22610 21:0 16706
16652 87 0:0 16654
16694 22627 0:0 16695
16694 22628 0:0 16695
16704 22612 0:0 16706
16705 22640 0:0 16706
16708 22642 21:0 16716
16715 22643 0:0 16716
16715 22644 21:0 16782
16729 22653 0:0 16730
16770 22660 0:0 16771
16770 22661 0:0 16771
16780 22645 0:0 16782
16781 22647 0:0 16782
16784 22675 21:0 16792
16791 22677 0:0 16792
16791 22676 21:0 16858
16840 22687 0:0 16842
16846 22694 0:0 16847
16846 22693 0:0 16847
16856 22678 0:0 16858
16860 22708 21:0 16868
16867 22709 0:0 16868
16867 22710 21:0 16934
16932 22711 0:0 16934
16936 22741 21:0 16944
16943 22743 0:0 16944
16943 22742 21:0 17010
16957 22752 0:0 16958
17008 22744 0:0 17010
17012 22774 21:0 17020
17019 179 0:0 17020
17019 22775 0:0 17020
17019 22776 21:0 17086
17032 177 0:0 17034
17084 22777 0:0 17086
17088 22807 21:0 17096
17095 22808 0:0 17096
17095 22809 21:0 17162
17160 22810 0:0 17162
17164 22840 21:0 17172
17171 22841 0:0 17172
17171 22842 21:0 17238
17236 22843 0:0 17238
17240 22873 21:0 17248
17247 22874 0:0 17248
17247 233 0:0 17248
17247 22875 21:0 17314
17312 22876 0:0 17314
17316 22906 21:0 17324
17323 22907 0:0 17324
17323 22908 21:0 17390
17336 249 0:0 17338
17388 22909 0:0 17390
17392 22939 21:0 17400
17399 22941 0:0 17400
17399 22940 21:0 17466
17464 22942 0:0 17466
17468 22972 21:0 17476
17475 22974 0:0 17476
17475 22973 21:0 17542
17540 22975 0:0 17542
17544 23005 21:0 17552
17545 301 0:0 17547
17551 23007 0:0 17552
17551 23006 21:0 17618
17616 23008 0:0 17618
17620 23038 21:0 17628
17627 23040 0:0 17628
17627 23039 21:0 17637
17629 21417 1:0 17639
17629 21418 1:0 17640
17636 23041 21:0 17648
17642 340 1:0 2877
17643 21416 1:0 17650
17643 21386 1:0 17763
17647 22819 21:0 17654
17649 21385 1:0 17771
17652 21384 1:0 17770
17652 21383 1:0 17781
17652 301 1:0 17785
17653 23003 21:0 17654
17653 22823 21:0 17657
17655 21369 1:0 17820
17656 22827 21:0 17657
17658 21353 1:0 17894
17658 21349 1:0 17894
17671 344 21:0 17685
17679 21351 1:0 17901
17732 21352 1:0 17902
17738 22878 21:0 17765
17764 22812 21:0 17765
17764 22706 21:0 17768
17767 22911 21:0 17768
17767 22779 21:0 17776
17773 21350 1:0 17912
17773 16734 1:0 17945
17773 21304 1:0 17996
17774 21328 1:0 18004
17774 21320 1:0 18025
17775 22858 21:0 17776
17775 22793 21:0 17779
17778 22766 21:0 17779
17778 22925 21:0 17785
17780 21318 1:0 18032
17783 21319 1:0 18033
17783 21317 1:0 18043
17783 16959 1:0 18048
17784 22904 21:0 17785
17784 22825 21:0 17788
17786 21183 1:0 18073
17786 21243 1:0 18073
17787 22667 21:0 17788
17787 22720 21:0 17808
17789 21302 1:0 18082
17789 21289 1:0 18140
17791 21287 1:0 18156
17794 249 1:0 18158
17807 22713 21:0 17816
17817 21286 1:0 18164
17869 22746 21:0 17896
17871 21285 1:0 18163
17895 22839 21:0 17896
17895 22761 21:0 17899
17898 22852 21:0 17899
17898 22950 21:0 17907
17904 21284 1:0 18174
17904 16955 1:0 18179
17905 21271 1:0 18204
17905 21250 1:0 18204
17905 21269 1:0 18213
17905 21254 1:0 18287
17906 22971 21:0 17907
17906 22898 21:0 17910
17908 21256 1:0 18271
17909 22959 21:0 17910
17909 23036 21:0 17916
17914 21252 1:0 18294
17914 21253 1:0 18295
17915 22889 21:0 17916
17915 22826 21:0 17919
17917 21251 1:0 18305
17918 22838 21:0 17919
17918 22759 21:0 17940
17920 233 1:0 18300
17920 21234 1:0 18310
17920 21238 1:0 18335
17920 21236 1:0 18335
17920 21230 1:0 18370
17941 16902 1:0 18418
17941 21221 1:0 18418
18035 21219 1:0 18425
18036 21220 1:0 18426
18045 21218 1:0 18436
18045 21216 1:0 18441
18045 21210 1:0 18451
18045 21205 1:0 18466
18045 21204 1:0 18475
18045 21203 1:0 18475
18045 21190 1:0 18533
18051 21188 1:0 18549
18072 21186 1:0 18556
18166 21187 1:0 18557
18166 21184 1:0 18560
18167 21185 1:0 18567
18167 21177 1:0 18572
18167 17012 1:0 18597
18176 16962 1:0 18576
18176 17016 1:0 18597
18176 21172 1:0 18597
18176 21170 1:0 18606
18176 21164 1:0 18632
18182 21157 1:0 18664
18182 21151 1:0 18680
18182 21155 1:0 18680
18184 21163 1:0 18659
18187 177 1:0 18682
18297 21154 1:0 18688
18298 21153 1:0 18687
18298 179 1:0 18693
18298 21152 1:0 18698
18307 17019 1:0 18707
18307 21150 1:0 18708
18307 21144 1:0 18713
18307 21139 1:0 18728
18307 21138 1:0 18737
18307 21131 1:0 18763
18307 21124 1:0 18782
18313 21122 1:0 18811
18315 17073 1:0 18811
18318 21130 1:0 18790
18428 21121 1:0 18819
18429 21120 1:0 18818
18429 21119 1:0 18829
18429 21117 1:0 18839
18438 21111 1:0 18844
18438 21106 1:0 18859
18438 21105 1:0 18868
18438 21104 1:0 18868
18438 21102 1:0 18868
18438 21098 1:0 18894
18444 17130 1:0 18942
18444 21089 1:0 18942
18446 21097 1:0 18921
18449 21091 1:0 18926
18559 21087 1:0 18949
18559 21085 1:0 18953
18560 21088 1:0 18950
18560 21086 1:0 18960
18569 17133 1:0 18969
18569 21084 1:0 18970
18569 21078 1:0 18975
18569 21073 1:0 18990
18569 21071 1:0 18999
18569 21072 1:0 18999
18569 21069 1:0 18999
18569 21065 1:0 19025
18577 21056 1:0 19073
18580 17183 1:0 19073
18595 21064 1:0 19052
18596 21058 1:0 19057
18690 21054 1:0 19080
18691 21055 1:0 19081
18691 21052 1:0 19084
18700 21053 1:0 19091
18700 21051 1:0 19101
18700 21045 1:0 19106
18700 21040 1:0 19121
18700 21038 1:0 19130
18700 21039 1:0 19130
18700 21032 1:0 19156
18706 21036 1:0 19130
18706 17244 1:0 19204
18709 17019 21:0 18733
18726 21023 1:0 19204
18727 21025 1:0 19188
18734 21031 1:0 19183
18821 21021 1:0 19211
18822 21022 1:0 19212
18822 21019 1:0 19215
18831 21020 1:0 19222
18831 17247 1:0 19231
18831 21018 1:0 19232
18831 21012 1:0 19237
18831 21007 1:0 19252
18831 21003 1:0 19261
18831 20999 1:0 19287
18837 21005 1:0 19261
18837 21006 1:0 19261
18857 20990 1:0 19335
18858 17297 1:0 19335
18870 20992 1:0 19319
18952 20998 1:0 19314
18953 87 1:0 19337
18953 20988 1:0 19342
18953 20989 1:0 19343
18962 20986 1:0 19346
18962 89 1:0 19348
18962 20987 1:0 19353
18962 20979 1:0 19368
18962 20974 1:0 19383
18968 20985 1:0 19363
18968 20973 1:0 19392
18968 20966 1:0 19418
18970 20972 1:0 19392
19001 20957 1:0 19466
19083 20965 1:0 19445
19083 20959 1:0 19450
19084 20955 1:0 19473
19084 20956 1:0 19474
19093 20953 1:0 19477
19093 20954 1:0 19484
19093 67 1:0 19488
19093 20952 1:0 19494
19093 20946 1:0 19499
19099 20941 1:0 19514
19099 20939 1:0 19523
19099 20933 1:0 19549
19101 17411 1:0 19568
19104 20940 1:0 19523
19119 20937 1:0 19523
19120 17415 1:0 19597
19212 17240 21:0 19217
19214 20926 1:0 19581
19214 20924 1:0 19597
19215 20932 1:0 19576
19215 20923 1:0 19605
19215 20920 1:0 19608
19223 17244 21:0 19226
19224 20922 1:0 19604
19224 20921 1:0 19615
19224 20919 1:0 19625
19227 20908 1:0 19645
19230 20913 1:0 19630
19230 20907 1:0 19654
19230 20900 1:0 19680
19232 20904 1:0 19654
19235 20906 1:0 19654
19263 20891 1:0 19728
19336 17247 21:0 19337
19345 20899 1:0 19707
19345 20893 1:0 19712
19345 17468 1:0 19728
19346 20889 1:0 19735
19346 20887 1:0 19739
19354 17301 21:0 19357
19355 20890 1:0 19736
19355 20888 1:0 19746
19355 20886 1:0 19756
19355 20875 1:0 19776
19358 20880 1:0 19761
19361 20873 1:0 19785
19361 20874 1:0 19785
19361 20867 1:0 19811
19363 20871 1:0 19785
19394 20858 1:0 19859
19476 20866 1:0 19838
19476 20860 1:0 19843
19477 20856 1:0 19866
19477 20854 1:0 19870
19486 20857 1:0 19867
19486 17 1:0 19872
19486 20855 1:0 19877
19486 20853 1:0 19887
19486 20847 1:0 19892
19492 20842 1:0 19907
19492 20834 1:0 19912
19492 20841 1:0 19912
19494 20838 1:0 19912
19497 20840 1:0 19912
19512 20827 1:0 19961
19513 20833 1:0 19969
19525 345 1:0 21359
19607 23041 1:0 21355
19608 23039 1:0 21368
19616 17415 21:0 19619
19729 17418 21:0 19730
20000 24077 21:0 20039
20037 24078 0:0 20039
20039 24084 21:0 20055
20043 24082 0:0 20044
20043 24085 0:0 20044
20054 24097 0:0 20055
20054 24071 21:0 20055
20054 24086 0:0 20055
20057 24099 21:0 20065
20064 24100 0:0 20065
20064 24098 0:0 20065
20064 24101 21:0 20131
20077 24091 0:0 20079
20078 24110 0:0 20079
20113 24111 0:0 20115
20119 24117 0:0 20120
20119 24115 0:0 20120
20119 24118 0:0 20120
20129 24102 0:0 20131
20130 24104 0:0 20131
20130 24119 0:0 20131
20130 24130 0:0 20131
20133 24132 21:0 20141
20140 24131 0:0 20141
20140 24134 0:0 20141
20140 24133 21:0 20207
20153 24124 0:0 20155
20154 24143 0:0 20155
20189 24144 0:0 20191
20195 24148 0:0 20196
20195 24150 0:0 20196
20195 24151 0:0 20196
20205 24135 0:0 20207
20206 24137 0:0 20207
20206 24163 0:0 20207
20206 24152 0:0 20207
20209 24165 21:0 20217
20216 24166 0:0 20217
20216 24164 0:0 20217
20216 24167 21:0 20283
20229 24157 0:0 20231
20230 24176 0:0 20231
20265 24177 0:0 20267
20271 24183 0:0 20272
20271 24181 0:0 20272
20271 24184 0:0 20272
20281 24168 0:0 20283
20282 24196 0:0 20283
20282 24170 0:0 20283
20282 24185 0:0 20283
20285 24198 21:0 20293
20292 24199 0:0 20293
20292 24197 0:0 20293
20292 24200 21:0 20359
20305 24190 0:0 20307
20306 24209 0:0 20307
20341 24210 0:0 20343
20347 24214 0:0 20348
20347 24216 0:0 20348
20347 24217 0:0 20348
20357 24201 0:0 20359
20358 24203 0:0 20359
20358 24218 0:0 20359
20358 24229 0:0 20359
20361 24231 21:0 20369
20368 24233 0:0 20369
20368 24230 0:0 20369
20368 24232 21:0 20435
20381 24223 0:0 20383
20382 24242 0:0 20383
20417 24243 0:0 20419
20423 24249 0:0 20424
20423 24247 0:0 20424
20423 24250 0:0 20424
20433 24234 0:0 20435
20434 24251 0:0 20435
20434 24262 0:0 20435
20434 24236 0:0 20435
20437 24264 21:0 20445
20444 24263 0:0 20445
20444 24265 0:0 20445
20444 24266 21:0 20511
20457 24256 0:0 20459
20458 24275 0:0 20459
20493 24276 0:0 20495
20499 24282 0:0 20500
20499 24283 0:0 20500
20499 24280 0:0 20500
20509 24267 0:0 20511
20510 24284 0:0 20511
20510 24269 0:0 20511
20510 24295 0:0 20511
20513 24297 21:0 20521
20520 24296 0:0 20521
20520 24298 0:0 20521
20520 24299 21:0 20587
20533 24289 0:0 20535
20534 24308 0:0 20535
20569 24309 0:0 20571
20575 24315 0:0 20576
20575 24313 0:0 20576
20575 24316 0:0 20576
20585 24300 0:0 20587
20586 24302 0:0 20587
20586 24328 0:0 20587
20586 24317 0:0 20587
20589 24330 21:0 20597
20596 24332 0:0 20597
20596 24329 0:0 20597
20596 24331 21:0 20663
20609 24322 0:0 20611
20610 24341 0:0 20611
20645 24342 0:0 20647
20651 24348 0:0 20652
20651 24346 0:0 20652
20651 24349 0:0 20652
20661 24333 0:0 20663
20662 24335 0:0 20663
20662 24361 0:0 20663
20662 24350 0:0 20663
20665 24363 21:0 20673
20672 24362 0:0 20673
20672 24364 0:0 20673
20672 24365 21:0 20739
20685 24355 0:0 20687
20686 24374 0:0 20687
20721 24375 0:0 20723
20727 24379 0:0 20728
20727 24381 0:0 20728
20727 24382 0:0 20728
20737 24366 0:0 20739
20738 24368 0:0 20739
20738 24383 0:0 20739
20738 24394 0:0 20739
20741 24396 21:0 20749
20748 24397 0:0 20749
20748 24395 0:0 20749
20748 24398 21:0 20815
20761 24388 0:0 20763
20762 24407 0:0 20763
20797 24408 0:0 20799
20803 24412 0:0 20804
20803 24414 0:0 20804
20803 24415 0:0 20804
20813 24399 0:0 20815
20814 24427 0:0 20815
20814 24416 0:0 20815
20814 24401 0:0 20815
20817 24429 21:0 20825
20824 24428 0:0 20825
20824 24430 0:0 20825
20824 24431 21:0 20891
20837 24421 0:0 20839
20838 24440 0:0 20839
20873 24441 0:0 20875
20879 24447 0:0 20880
20879 24448 0:0 20880
20879 24445 0:0 20880
20889 24432 0:0 20891
20890 24434 0:0 20891
20893 24462 21:0 20901
20900 24464 0:0 20901
20900 24463 21:0 20967
20965 24465 0:0 20967
20969 24495 21:0 20977
20976 24497 0:0 20977
20976 24496 21:0 21043
21041 24498 0:0 21043
21045 24528 21:0 21053
21052 24529 0:0 21053
21052 24530 21:0 21119
21117 24531 0:0 21119
21121 24561 21:0 21129
21128 24562 0:0 21129
21128 24563 21:0 21195
21193 24564 0:0 21195
21197 24594 21:0 21205
21204 24595 0:0 21205
21204 24596 21:0 21271
21269 24597 0:0 21271
21273 24627 21:0 21281
21280 24629 0:0 21281
21280 24628 21:0 21347
21345 24630 0:0 21347
21349 24660 21:0 21357
21356 24662 0:0 21357
21356 24661 21:0 21366
21358 23040 1:0 21369
21365 24663 21:0 21377
21371 23038 1:0 21379
21371 23036 1:0 21389
21372 23008 1:0 21492
21376 24449 21:0 21383
21378 23006 1:0 21499
21381 23007 1:0 21500
21381 23005 1:0 21510
21381 23003 1:0 21520
21381 22971 1:0 21623
21382 24454 21:0 21383
21382 24460 21:0 21386
21385 24467 21:0 21386
21387 22975 1:0 21623
21389 22973 1:0 21630
21400 345 21:0 21414
21420 22974 1:0 21631
21467 24474 21:0 21494
21474 22972 1:0 21641
21493 24473 21:0 21494
21493 24461 21:0 21497
21496 24493 21:0 21497
21496 24478 21:0 21505
21502 22959 1:0 21671
21503 22950 1:0 21733
21503 22942 1:0 21754
21503 22940 1:0 21761
21504 24487 21:0 21505
21504 24482 21:0 21508
21507 24481 21:0 21508
21507 24480 21:0 21514
21509 22941 1:0 21762
21512 22939 1:0 21772
21512 22925 1:0 21811
21512 22911 1:0 21869
21513 24560 21:0 21514
21513 24513 21:0 21517
21515 22909 1:0 21885
21516 24494 21:0 21517
21516 24599 21:0 21537
21518 22908 1:0 21893
21536 24626 21:0 21545
21538 22907 1:0 21892
21551 22906 1:0 21903
21551 22898 1:0 21918
21592 22904 1:0 21913
21598 24526 21:0 21625
21600 22889 1:0 21942
21624 24632 21:0 21625
21624 24546 21:0 21628
21627 24544 21:0 21628
21627 24610 21:0 21636
21633 22878 1:0 22000
21633 22876 1:0 22016
21634 22875 1:0 22024
21635 24539 21:0 21636
21635 24500 21:0 21639
21637 22874 1:0 22023
21638 24625 21:0 21639
21638 24506 21:0 21645
21643 22873 1:0 22034
21643 22838 1:0 22039
21643 22852 1:0 22064
21643 22826 1:0 22064
21643 22858 1:0 22073
21643 22839 1:0 22147
21644 24606 21:0 21645
21644 24613 21:0 21648
21649 22843 1:0 22147
21651 22842 1:0 22155
21682 22841 1:0 22154
21764 22840 1:0 22165
21765 22825 1:0 22170
21765 22827 1:0 22195
21765 22823 1:0 22195
21765 22819 1:0 22230
21765 22812 1:0 22262
21774 22810 1:0 22278
21774 22809 1:0 22286
21780 22808 1:0 22285
21801 22807 1:0 22296
21813 22793 1:0 22335
21895 22779 1:0 22393
21896 22777 1:0 22409
21896 22776 1:0 22417
21905 22775 1:0 22416
21905 22774 1:0 22427
21905 17019 1:0 22432
21911 22766 1:0 22442
21911 22761 1:0 22457
21911 22759 1:0 22466
21932 22744 1:0 22540
21944 22746 1:0 22524
22024 16841 21:0 22029
22026 22752 1:0 22519
22027 22742 1:0 22547
22027 22743 1:0 22548
22036 22741 1:0 22558
22036 22720 1:0 22623
22036 22713 1:0 22655
22036 22711 1:0 22671
22044 22710 1:0 22679
22075 22709 1:0 22678
22155 16898 21:0 22160
22157 22708 1:0 22689
22158 22706 1:0 22699
22158 22694 1:0 22728
22158 22693 1:0 22728
22158 22687 1:0 22754
22167 22678 1:0 22802
22167 22676 1:0 22809
22173 22677 1:0 22810
22178 22675 1:0 22820
22193 22667 1:0 22835
22194 22660 1:0 22859
22206 22661 1:0 22859
22288 17244 1:0 22904
22288 17240 1:0 22933
22289 22653 1:0 22912
22289 22647 1:0 22917
22289 22645 1:0 22933
22298 22643 1:0 22940
22298 22644 1:0 22941
22304 22642 1:0 22951
22304 17247 1:0 22960
22306 22640 1:0 22961
22309 22628 1:0 22990
22324 22627 1:0 22990
22325 17301 1:0 23064
22417 17012 21:0 22422
22419 22612 1:0 23064
22420 22610 1:0 23071
22420 22611 1:0 23072
22429 22609 1:0 23082
22429 22607 1:0 23092
22429 22596 1:0 23112
22429 22595 1:0 23121
22429 22592 1:0 23121
22435 22588 1:0 23147
22440 22579 1:0 23195
22455 22587 1:0 23174
22550 22578 1:0 23203
22551 22577 1:0 23202
22551 22575 1:0 23206
22559 17073 21:0 22562
22560 22576 1:0 23213
22560 22574 1:0 23223
22560 22568 1:0 23228
22560 22563 1:0 23243
22560 22559 1:0 23252
22560 22562 1:0 23252
22560 22561 1:0 23252
22560 22555 1:0 23278
22566 22546 1:0 23326
22568 17415 1:0 23326
22571 22548 1:0 23310
22586 22554 1:0 23305
22679 17126 21:0 22684
22681 22544 1:0 23333
22681 22542 1:0 23337
22682 22545 1:0 23334
22682 22543 1:0 23344
22690 17130 21:0 22693
22691 17418 1:0 23353
22691 22541 1:0 23354
22691 22535 1:0 23359
22691 22530 1:0 23374
22691 22529 1:0 23383
22691 22526 1:0 23383
22691 22528 1:0 23383
22691 22522 1:0 23409
22697 22513 1:0 23457
22699 22521 1:0 23436
22702 22515 1:0 23441
22812 22511 1:0 23464
22812 22509 1:0 23468
22813 22512 1:0 23465
22813 22510 1:0 23475
22822 22508 1:0 23485
22822 22502 1:0 23490
22822 22497 1:0 23505
22822 22493 1:0 23514
22822 22496 1:0 23514
22822 22495 1:0 23514
22822 22489 1:0 23540
22828 22480 1:0 23588
22830 22488 1:0 23567
22831 17190 21:0 22855
22833 22482 1:0 23572
22861 22479 1:0 23596
22943 22476 1:0 23599
22944 22478 1:0 23595
22944 22477 1:0 23606
22944 22469 1:0 23621
22952 17244 21:0 22955
22953 22475 1:0 23616
22953 22464 1:0 23636
22953 22460 1:0 23641
22953 22456 1:0 23641
22953 22462 1:0 23641
22953 22463 1:0 23641
22953 22449 1:0 23690
22953 22455 1:0 23698
22956 346 1:0 25079
22961 24663 1:0 25090
22992 24661 1:0 25097
23083 17301 21:0 23086
23589 17475 21:0 23590
23596 17525 21:0 23601
23617 17532 0:0 23638
23740 25700 21:0 23784
23772 25707 0:0 23773
23772 25706 0:0 23773
23783 25708 0:0 23784
23786 25721 21:0 23794
23787 13 0:0 23789
23793 25723 0:0 23794
23793 25720 0:0 23794
23793 25722 21:0 23860
23807 25732 0:0 23808
23848 25740 0:0 23849
23848 25737 0:0 23849
23848 25739 0:0 23849
23858 25724 0:0 23860
23859 25741 0:0 23860
23862 25754 21:0 23870
23869 25755 0:0 23870
23869 25756 21:0 23936
23882 25746 0:0 23884
23883 25765 0:0 23884
23918 25766 0:0 23920
23924 25773 0:0 23925
23934 25757 0:0 23936
23935 25785 0:0 23936
23938 25787 21:0 23946
23945 25786 0:0 23946
23945 25788 0:0 23946
23945 25789 21:0 24012
23958 25779 0:0 23960
23959 25798 0:0 23960
24000 25803 0:0 24001
24000 25805 0:0 24001
24010 25790 0:0 24012
24011 25807 0:0 24012
24014 25820 21:0 24022
24015 67 0:0 24017
24021 71 0:0 24022
24021 25821 0:0 24022
24021 25819 0:0 24022
24021 25822 21:0 24088
24034 25812 0:0 24036
24070 25832 0:0 24072
24076 25839 0:0 24077
24086 25823 0:0 24088
24087 25825 0:0 24088
24087 25840 0:0 24088
24090 25853 21:0 24098
24097 25855 0:0 24098
24097 89 0:0 24098
24097 25854 21:0 24164
24146 25865 0:0 24148
24152 25871 0:0 24153
24162 25856 0:0 24164
24163 25884 0:0 24164
24166 25886 21:0 24174
24173 25888 0:0 24174
24173 25887 21:0 24240
24186 105 0:0 24188
24187 25897 0:0 24188
24238 25889 0:0 24240
24242 25919 21:0 24250
24243 121 0:0 24245
24249 25921 0:0 24250
24249 25920 21:0 24316
24304 25937 0:0 24305
24314 25922 0:0 24316
24315 25950 0:0 24316
24315 25939 0:0 24316
24318 25952 21:0 24326
24319 139 0:0 24321
24325 25954 0:0 24326
24325 25953 21:0 24392
24338 25944 0:0 24340
24339 25963 0:0 24340
24374 25964 0:0 24376
24390 25955 0:0 24392
24394 25985 21:0 24402
24395 157 0:0 24397
24401 25986 0:0 24402
24401 25987 21:0 24468
24456 26001 0:0 24457
24456 26003 0:0 24457
24466 25988 0:0 24468
24467 26016 0:0 24468
24470 26018 21:0 24478
24477 26019 0:0 24478
24477 26020 21:0 24544
24542 26021 0:0 24544
24546 26051 21:0 24554
24553 26050 0:0 24554
24553 26052 0:0 24554
24553 26053 21:0 24620
24566 26043 0:0 24568
24602 26063 0:0 24604
24608 26069 0:0 24609
24618 26054 0:0 24620
24619 26082 0:0 24620
24622 26084 21:0 24630
24629 26086 0:0 24630
24629 26085 21:0 24696
24694 26087 0:0 24696
24698 26117 21:0 24706
24699 229 0:0 24701
24705 26119 0:0 24706
24705 26118 21:0 24772
24770 26120 0:0 24772
24774 26150 21:0 24782
24781 26152 0:0 24782
24781 26151 21:0 24848
24846 26153 0:0 24848
24850 26183 21:0 24858
24857 26184 0:0 24858
24857 26185 21:0 24924
24922 26186 0:0 24924
24926 26216 21:0 24934
24933 26218 0:0 24934
24933 26217 21:0 25000
24998 26219 0:0 25000
25002 26249 21:0 25010
25009 26250 0:0 25010
25009 26251 21:0 25076
25074 26252 0:0 25076
25078 26282 21:0 25086
25085 26284 0:0 25086
25085 26283 21:0 25095
25087 24662 1:0 25098
25094 26285 21:0 25106
25100 24660 1:0 25108
25100 24613 1:0 25141
25101 24632 1:0 25192
25101 24626 1:0 25221
25101 24630 1:0 25221
25105 26103 21:0 25112
25107 24628 1:0 25228
25110 24629 1:0 25229
25110 24627 1:0 25239
25111 143 21:0 25112
25111 15 21:0 25115
25113 24606 1:0 25244
25113 24506 1:0 25269
25116 24625 1:0 25249
25116 24610 1:0 25278
25129 346 21:0 25143
25136 24597 1:0 25352
25137 24599 1:0 25336
25231 24596 1:0 25360
25232 24595 1:0 25359
25232 24594 1:0 25370
25241 24500 1:0 25375
25241 24539 1:0 25403
25241 24544 1:0 25403
25241 24546 1:0 25454
25241 24560 1:0 25483
25247 24564 1:0 25483
25252 24563 1:0 25491
25362 24562 1:0 25490
25363 24561 1:0 25501
25363 16841 1:0 25506
25363 24494 1:0 25534
25363 24526 1:0 25534
25363 24513 1:0 25585
25372 16898 1:0 25614
25372 24531 1:0 25614
25372 24530 1:0 25622
25380 24529 1:0 25621
25411 24528 1:0 25632
25493 24480 1:0 25637
25493 24481 1:0 25665
25493 24482 1:0 25665
25493 24487 1:0 25716
25494 24478 1:0 25745
25494 24498 1:0 25745
25503 24496 1:0 25752
25503 24497 1:0 25753
25509 24495 1:0 25763
25511 24493 1:0 25768
25514 229 1:0 25767
25529 24461 1:0 25793
25530 24473 1:0 25793
25542 24474 1:0 25828
25624 24467 1:0 25860
25625 24465 1:0 25876
25625 24463 1:0 25883
25634 24464 1:0 25884
25634 24462 1:0 25894
25634 24460 1:0 25899
25640 24454 1:0 25909
25640 24449 1:0 25924
25640 24447 1:0 25933
25642 24448 1:0 25933
25645 24445 1:0 25933
25660 24441 1:0 25959
25755 24440 1:0 25986
25755 24434 1:0 25991
25755 24432 1:0 26007
25756 24431 1:0 26015
25765 24430 1:0 26014
25765 24428 1:0 26018
25765 24429 1:0 26025
25765 24416 1:0 26055
25771 24427 1:0 26035
25771 24421 1:0 26040
25771 24412 1:0 26064
25773 24415 1:0 26064
25776 24408 1:0 26090
25791 24414 1:0 26064
25792 17012 1:0 26138
25886 24401 1:0 26122
25886 24399 1:0 26138
25887 24407 1:0 26117
25887 24398 1:0 26146
25887 24395 1:0 26149
25896 24397 1:0 26145
25896 24396 1:0 26156
25902 24394 1:0 26166
25902 24388 1:0 26171
25902 24383 1:0 26186
25904 24382 1:0 26195
25907 24381 1:0 26195
25922 24379 1:0 26195
25923 24375 1:0 26221
25935 17073 1:0 26269
26017 24366 1:0 26269
26018 24374 1:0 26248
26018 24368 1:0 26253
26018 24365 1:0 26277
26027 24364 1:0 26276
26027 24362 1:0 26280
26033 24363 1:0 26287
26033 157 1:0 26291
26033 17126 1:0 26320
26035 24350 1:0 26317
26038 24355 1:0 26302
26053 24361 1:0 26297
26054 143 1:0 26371
26066 24346 1:0 26326
26148 24349 1:0 26326
26148 24348 1:0 26326
26148 24342 1:0 26352
26149 24341 1:0 26379
26149 24335 1:0 26384
26149 24333 1:0 26400
26149 17130 1:0 26400
26158 24331 1:0 26407
26158 24332 1:0 26408
26164 24329 1:0 26411
26169 24330 1:0 26418
26184 139 1:0 26422
26185 24317 1:0 26448
26197 24322 1:0 26433
26279 24328 1:0 26428
26279 24313 1:0 26457
26279 24315 1:0 26457
26279 24316 1:0 26457
26280 24309 1:0 26483
26280 24302 1:0 26515
26280 24300 1:0 26531
26289 24308 1:0 26510
26289 24299 1:0 26539
26289 24296 1:0 26542
26295 24298 1:0 26538
26315 24297 1:0 26549
26316 121 1:0 26553
26328 24284 1:0 26579
26410 17190 1:0 26558
26410 24295 1:0 26559
26410 24289 1:0 26564
26410 24282 1:0 26588
26411 24283 1:0 26588
26411 24280 1:0 26588
26411 24276 1:0 26614
26420 24275 1:0 26641
26420 24269 1:0 26646
26420 17244 1:0 26662
26420 24267 1:0 26662
26420 24266 1:0 26670
26426 105 1:0 26664
26431 24265 1:0 26669
26446 24263 1:0 26673
26541 24264 1:0 26680
26541 24262 1:0 26690
26541 24256 1:0 26695
26542 24251 1:0 26710
26542 24250 1:0 26719
26542 24249 1:0 26719
26542 24247 1:0 26719
26542 24243 1:0 26745
26551 24242 1:0 26772
26551 24236 1:0 26777
26551 24234 1:0 26793
26551 17301 1:0 26793
26557 24232 1:0 26800
26557 24230 1:0 26804
26578 24233 1:0 26801
26590 89 1:0 26806
26672 24231 1:0 26811
26673 24229 1:0 26821
26673 24223 1:0 26826
26673 24218 1:0 26841
26673 24214 1:0 26850
26673 24217 1:0 26850
26673 24216 1:0 26850
26682 24210 1:0 26876
26682 24209 1:0 26903
26682 24203 1:0 26908
26682 24201 1:0 26924
26688 24200 1:0 26932
26709 24199 1:0 26931
26721 24197 1:0 26935
26803 71 1:0 26937
26804 24198 1:0 26942
26804 67 1:0 26946
26804 24196 1:0 26952
26804 24190 1:0 26957
26804 24185 1:0 26972
26804 24177 1:0 27007
26813 24181 1:0 26981
26813 24184 1:0 26981
26813 24183 1:0 26981
26813 24170 1:0 27039
26813 24168 1:0 27055
26819 24176 1:0 27034
26824 24167 1:0 27063
26934 24166 1:0 27062
26934 24164 1:0 27066
26935 24165 1:0 27073
26935 24163 1:0 27083
26935 24157 1:0 27088
26935 24152 1:0 27103
26935 24144 1:0 27138
26944 24148 1:0 27112
26944 24150 1:0 27112
26944 24151 1:0 27112
26944 17475 1:0 27186
26944 24135 1:0 27186
26950 24143 1:0 27165
26950 24137 1:0 27170
26970 24133 1:0 27193
26971 12689 1:0 27533
27065 24134 1:0 27194
27065 24131 1:0 27197
27066 24132 1:0 27204
27066 17525 1:0 27209
27066 24124 1:0 27219
27066 15 1:0 27237
27075 24130 1:0 27214
27075 24119 1:0 27234
27075 347 1:0 27237
27075 24118 1:0 27239
27075 24117 1:0 27239
27075 24111 1:0 27239
27075 24115 1:0 27239
27075 24071 1:0 27288
27081 24084 1:0 27317
27086 24102 1:0 27317
27101 24110 1:0 27296
27102 24104 1:0 27301
27196 24101 1:0 27325
27197 24100 1:0 27324
27197 24098 1:0 27328
27206 24099 1:0 27335
27206 13 1:0 27339
27206 24077 1:0 27340
27206 24097 1:0 27341
27206 24086 1:0 27341
27206 24091 1:0 27342
27206 17532 1:0 27342
27214 26285 1:0 27450
27217 24082 1:0 27370
27232 24085 1:0 27370
27233 24078 1:0 27370
27245 12688 1:0 27533
27245 12694 1:0 27542
27245 12695 1:0 27552
27245 12841 1:0 27754
27327 26283 1:0 27457
27328 26284 1:0 27458
27328 12696 1:0 27621
27328 12698 1:0 27631
27337 26282 1:0 27468
27337 26252 1:0 27671
27343 12697 1:0 27622
27343 12699 1:0 27632
27343 12700 1:0 27641
27345 12701 1:0 27642
27348 12842 1:0 27754
27348 12836 1:0 27763
27348 12835 1:0 27773
27376 26251 1:0 27679
27417 12983 1:0 27975
27460 26250 1:0 27678
27461 26249 1:0 27689
27461 12844 1:0 27843
27461 12845 1:0 27852
27470 12843 1:0 27842
27470 12846 1:0 27853
27470 12847 1:0 27862
27470 12848 1:0 27863
27470 26219 1:0 27892
27478 26217 1:0 27899
27489 347 21:0 27503
27509 26218 1:0 27900
27563 26216 1:0 27910
27578 12988 1:0 27975
27578 12989 1:0 27984
27578 12982 1:0 27994
27578 13136 1:0 28196
27579 12995 1:0 28084
27579 13130 1:0 28196
27579 13129 1:0 28205
27641 12698 21:0 27673
27649 26186 1:0 28113
27672 12701 0:0 27673
27672 12699 0:0 27673
27672 12695 21:0 27673
27672 12694 21:0 27673
27672 12700 0:0 27673
27672 12697 0:0 27673
27672 12689 21:0 27673
27672 12696 0:0 27673
27672 12688 21:0 27673
27681 12990 1:0 28063
27681 12991 1:0 28064
27681 12992 1:0 28073
27681 12993 1:0 28074
27682 12994 1:0 28083
27682 26185 1:0 28121
27682 13135 1:0 28215
27682 13277 1:0 28436
27691 26184 1:0 28120
27691 26183 1:0 28131
27697 13138 1:0 28285
27697 13139 1:0 28294
27717 26153 1:0 28334
27718 13137 1:0 28284
27730 13140 1:0 28295
27730 13141 1:0 28304
27771 13142 1:0 28305
27800 26151 1:0 28341
27860 26152 1:0 28342
27862 12845 21:0 27894
27870 13289 1:0 28526
27892 12847 0:0 27894
27893 12848 0:0 27894
27893 12846 0:0 27894
27893 12843 0:0 27894
27893 12844 0:0 27894
27893 12842 21:0 27894
27893 12841 21:0 27894
27893 12835 21:0 27894
27893 12836 21:0 27894
27902 26150 1:0 28352
27903 13284 1:0 28505
27903 13285 1:0 28506
27903 26120 1:0 28555
27912 13276 1:0 28465
27912 13282 1:0 28495
27912 13283 1:0 28496
27912 13286 1:0 28515
27912 13287 1:0 28516
27912 13288 1:0 28525
27912 26118 1:0 28562
27920 26119 1:0 28563
27951 26117 1:0 28573
27951 26103 1:0 28612
27992 13431 1:0 28726
27992 13435 1:0 28746
28021 26087 1:0 28776
28022 13432 1:0 28727
28071 13433 1:0 28736
28081 13434 1:0 28737
28090 12995 21:0 28115
28091 13423 1:0 28686
28091 13424 1:0 28687
28091 13429 1:0 28716
28091 13430 1:0 28717
28113 12991 0:0 28115
28114 12982 21:0 28115
28114 12994 0:0 28115
28114 12990 0:0 28115
28114 12993 0:0 28115
28114 12989 21:0 28115
28114 12983 21:0 28115
28114 12992 0:0 28115
28114 12988 21:0 28115
28123 13436 1:0 28747
28123 13583 1:0 28968
28124 26085 1:0 28783
28124 26086 1:0 28784
28133 26084 1:0 28794
28133 26082 1:0 28804
28133 26069 1:0 28833
28133 26063 1:0 28859
28133 13578 1:0 28947
28141 26054 1:0 28996
28144 13579 1:0 28948
28159 13580 1:0 28957
28160 13581 1:0 28958
28172 13570 1:0 28907
28172 13571 1:0 28908
28172 13576 1:0 28937
28172 13577 1:0 28938
28172 13582 1:0 28967
28241 26053 1:0 29005
28242 13724 1:0 29099
28242 13871 1:0 29320
28302 26052 1:0 29004
28304 13139 21:0 28336
28312 26050 1:0 29008
28335 13129 21:0 28336
28335 13140 0:0 28336
28335 13138 0:0 28336
28335 13142 0:0 28336
28335 13141 0:0 28336
28335 13137 0:0 28336
28335 13136 21:0 28336
28335 13135 21:0 28336
28335 13130 21:0 28336
28344 26051 1:0 29015
28345 26043 1:0 29030
28345 26021 1:0 29100
28345 13726 1:0 29169
28354 13717 1:0 29128
28354 13718 1:0 29129
28354 13723 1:0 29158
28354 13725 1:0 29168
28354 13727 1:0 29178
28354 13728 1:0 29179
28354 13729 1:0 29188
28354 13730 1:0 29189
28360 26020 1:0 29226
28380 26019 1:0 29225
28434 26018 1:0 29236
28434 26016 1:0 29246
28447 26001 1:0 29275
28462 26003 1:0 29275
28513 25988 1:0 29321
28523 13876 1:0 29409
28532 13289 21:0 28557
28533 13873 1:0 29390
28555 13286 0:0 28557
28556 13276 0:0 28557
28556 13283 0:0 28557
28556 13277 21:0 28557
28556 13282 0:0 28557
28556 13287 0:0 28557
28556 13285 0:0 28557
28556 13284 0:0 28557
28556 13288 0:0 28557
28565 13864 1:0 29349
28565 13865 1:0 29350
28565 13870 1:0 29379
28565 13872 1:0 29389
28565 13874 1:0 29399
28565 13875 1:0 29400
28565 14011 1:0 29541
28566 13877 1:0 29410
28566 25987 1:0 29447
28575 25986 1:0 29446
28575 25985 1:0 29457
28575 25964 1:0 29522
28583 25955 1:0 29542
28586 14019 1:0 29610
28601 14020 1:0 29611
28602 25963 1:0 29549
28614 14021 1:0 29620
28614 14022 1:0 29621
28655 14012 1:0 29571
28655 14017 1:0 29600
28655 14018 1:0 29601
28655 14023 1:0 29630
28668 14024 1:0 29631
28685 25953 1:0 29667
28734 14164 1:0 29752
28734 14165 1:0 29762
28756 13435 21:0 28778
28777 13436 0:0 28778
28777 13434 0:0 28778
28777 13433 0:0 28778
28777 13431 0:0 28778
28777 13432 0:0 28778
28777 13423 0:0 28778
28777 13424 0:0 28778
28777 13429 0:0 28778
28777 13430 0:0 28778
28786 25954 1:0 29668
28787 25952 1:0 29678
28787 25950 1:0 29688
28787 25944 1:0 29693
28787 25939 1:0 29708
28787 25937 1:0 29717
28796 25922 1:0 29763
28796 14158 1:0 29791
28796 14159 1:0 29792
28796 14166 1:0 29831
28796 14167 1:0 29832
28796 14168 1:0 29841
28796 14169 1:0 29842
28802 14170 1:0 29851
28802 14171 1:0 29852
28822 25920 1:0 29888
28823 14311 1:0 29983
28823 14459 1:0 30204
28876 25921 1:0 29889
28905 25919 1:0 29899
28974 13583 21:0 28999
28975 25889 1:0 29984
28997 13582 0:0 28999
28997 13581 0:0 28999
28998 13578 0:0 28999
28998 13579 0:0 28999
28998 13576 0:0 28999
28998 13577 0:0 28999
28998 13570 0:0 28999
28998 13580 0:0 28999
28998 13571 0:0 28999
29007 25897 1:0 29991
29007 14313 1:0 30052
29007 14314 1:0 30053
29007 14315 1:0 30062
29008 14305 1:0 30012
29008 14306 1:0 30013
29008 14312 1:0 30043
29008 14316 1:0 30063
29008 14317 1:0 30072
29008 14318 1:0 30073
29017 25887 1:0 30109
29017 25888 1:0 30110
29023 25886 1:0 30120
29023 25884 1:0 30130
29025 25865 1:0 30185
29028 25871 1:0 30159
29056 25856 1:0 30205
29097 14460 1:0 30273
29097 14465 1:0 30294
29110 14461 1:0 30274
29125 14462 1:0 30283
29126 14452 1:0 30233
29126 14453 1:0 30234
29126 14458 1:0 30263
29126 14463 1:0 30284
29127 14464 1:0 30293
29175 13726 21:0 29220
29218 13729 0:0 29220
29218 13725 0:0 29220
29219 13723 0:0 29220
29219 13717 0:0 29220
29219 13724 21:0 29220
29219 13718 0:0 29220
29219 13728 0:0 29220
29219 13730 0:0 29220
29219 13727 0:0 29220
29228 25854 1:0 30330
29229 25855 1:0 30331
29229 25853 1:0 30341
29229 25840 1:0 30371
29238 25839 1:0 30380
29238 25832 1:0 30406
29238 25823 1:0 30426
29238 14607 1:0 30494
29238 14608 1:0 30495
29244 25825 1:0 30438
29244 14599 1:0 30454
29244 14609 1:0 30504
29244 14610 1:0 30505
29246 14600 1:0 30455
29246 14605 1:0 30484
29246 14606 1:0 30485
29249 14611 1:0 30514
29264 14612 1:0 30515
29318 25822 1:0 30552
29318 25819 1:0 30555
29326 14747 1:0 30627
29347 25821 1:0 30551
29348 14753 1:0 30636
29348 14746 1:0 30646
29419 13876 21:0 29441
29440 13877 0:0 29441
29440 13872 0:0 29441
29440 13875 0:0 29441
29440 13874 0:0 29441
29440 13873 0:0 29441
29440 13865 0:0 29441
29440 13871 21:0 29441
29440 13870 0:0 29441
29440 13864 0:0 29441
29449 25820 1:0 30562
29449 25812 1:0 30577
29449 25807 1:0 30592
29449 25805 1:0 30601
29450 25803 1:0 30601
29450 25790 1:0 30647
29450 14759 1:0 30736
29459 25798 1:0 30654
29459 14752 1:0 30705
29459 14754 1:0 30715
29459 14755 1:0 30716
29459 14756 1:0 30725
29459 14757 1:0 30726
29459 14758 1:0 30735
29465 25789 1:0 30773
29486 25788 1:0 30772
29498 25786 1:0 30776
29552 25787 1:0 30783
29567 25785 1:0 30793
29568 25779 1:0 30798
29568 25773 1:0 30822
29569 25766 1:0 30848
29618 14906 1:0 30957
29620 14019 21:0 29662
29628 14901 1:0 30936
29638 25765 1:0 30875
29660 14023 0:0 29662
29661 14011 21:0 29662
29661 14017 0:0 29662
29661 14020 0:0 29662
29661 14018 0:0 29662
29661 14024 0:0 29662
29661 14022 0:0 29662
29661 14012 0:0 29662
29661 14021 0:0 29662
29670 25757 1:0 30868
29671 14893 1:0 30896
29671 14894 1:0 30897
29671 14899 1:0 30926
29671 14900 1:0 30927
29671 14902 1:0 30937
29671 14903 1:0 30946
29671 14904 1:0 30947
29671 14905 1:0 30956
29680 25755 1:0 30993
29680 25756 1:0 30994
29686 25754 1:0 31004
29688 25746 1:0 31019
29691 25741 1:0 31034
29706 25739 1:0 31043
29707 25740 1:0 31043
29719 25737 1:0 31043
29773 25724 1:0 31089
29788 15052 1:0 31177
29789 15048 1:0 31157
29789 15049 1:0 31158
29790 25732 1:0 31096
29839 15050 1:0 31167
29841 14166 21:0 29883
29849 15051 1:0 31168
29859 15040 1:0 31117
29859 15041 1:0 31118
29859 15046 1:0 31147
29859 15047 1:0 31148
29882 14169 0:0 29883
29882 14158 0:0 29883
29882 14171 0:0 29883
29882 14168 0:0 29883
29882 14170 0:0 29883
29882 14167 0:0 29883
29882 14164 21:0 29883
29882 14165 21:0 29883
29882 14159 0:0 29883
29891 15053 1:0 31178
29892 25722 1:0 31214
29892 25723 1:0 31215
29892 25720 1:0 31218
29901 25721 1:0 31225
29901 25708 1:0 31255
29901 25707 1:0 31264
29901 25706 1:0 31264
29901 25700 1:0 31290
29907 15193 1:0 31309
29907 15195 1:0 31378
29907 15196 1:0 31379
29909 15197 1:0 31388
29912 15187 1:0 31338
29912 15188 1:0 31339
29912 15194 1:0 31369
29912 15198 1:0 31389
29927 15199 1:0 31398
29928 15200 1:0 31399
30062 14313 21:0 30104
30102 14317 0:0 30104
30103 14311 21:0 30104
30103 14305 0:0 30104
30103 14306 0:0 30104
30103 14315 0:0 30104
30103 14318 0:0 30104
30103 14314 0:0 30104
30103 14316 0:0 30104
30103 14312 0:0 30104
30300 14465 21:0 30325
30323 14464 0:0 30325
30323 14462 0:0 30325
30324 14463 0:0 30325
30324 14460 0:0 30325
30324 14461 0:0 30325
30324 14459 21:0 30325
30324 14458 0:0 30325
30324 14452 0:0 30325
30324 14453 0:0 30325
30501 14608 21:0 30546
30544 14611 0:0 30546
30544 14609 0:0 30546
30545 14599 0:0 30546
30545 14600 0:0 30546
30545 14606 0:0 30546
30545 14605 0:0 30546
30545 14612 0:0 30546
30545 14607 0:0 30546
30545 14610 0:0 30546
30742 14759 21:0 30767
30765 14757 0:0 30767
30765 14758 0:0 30767
30766 14752 0:0 30767
30766 14755 0:0 30767
30766 14754 0:0 30767
30766 14756 0:0 30767
30766 14746 21:0 30767
30766 14753 21:0 30767
30766 14747 21:0 30767
30963 14906 21:0 30988
30986 14902 0:0 30988
30986 14905 0:0 30988
30986 14904 0:0 30988
30987 14900 0:0 30988
30987 14903 0:0 30988
30987 14899 0:0 30988
30987 14894 0:0 30988
30987 14893 0:0 30988
30987 14901 0:0 30988
31187 15052 21:0 31209
31208 15047 0:0 31209
31208 15040 0:0 31209
31208 15053 0:0 31209
31208 15041 0:0 31209
31208 15048 0:0 31209
31208 15049 0:0 31209
31208 15050 0:0 31209
31208 15051 0:0 31209
31208 15046 0:0 31209
31388 15195 21:0 160
