175 48166 21:0 176
175 48159 21:0 190
189 48165 21:0 212
211 48168 21:0 228
227 48172 21:0 228
227 48170 21:0 233
232 48167 21:0 238
237 48259 21:0 238
237 48163 21:0 238
237 48260 21:0 238
237 48171 21:0 238
237 48161 21:0 238
238 48369 21:0 304
303 48162 21:0 304
306 48399 21:0 314
313 48368 21:0 364
363 48402 21:0 380
379 48366 21:0 385
384 48367 21:0 404
403 48435 21:0 456
463 48466 21:0 480
539 48499 21:0 556
555 48498 21:0 608
607 48500 21:0 613
618 48534 21:0 684
770 48600 21:0 836
835 48599 21:0 841
843 48631 21:0 860
859 48630 21:0 912
919 48664 21:0 936
935 48663 21:0 988
990 48696 21:0 998
997 48665 21:0 1048
1071 48730 21:0 1088
1147 48764 21:0 1164
1163 48762 21:0 1216
1226 48798 21:0 1292
1294 48828 21:0 1302
1303 48828 1:0 2737
1447 48895 21:0 1455
1455 48898 21:0 1521
1520 48897 21:0 1526
1525 48896 21:0 1531
1530 48928 21:0 1586
1585 48930 21:0 1599
1598 48931 21:0 1607
1606 48929 21:0 1657
1656 48961 21:0 1673
1672 48964 21:0 1678
1680 48996 21:0 1697
1696 48994 21:0 1749
1748 48963 21:0 1754
1756 49028 21:0 1773
1772 49027 21:0 1825
1827 49060 21:0 1835
1834 49061 21:0 1885
1884 49062 21:0 1901
1900 49063 21:0 1906
1905 49093 21:0 1925
1924 49094 21:0 1977
1976 49095 21:0 1982
1981 49096 21:0 1987
1986 49126 21:0 2042
2041 49127 21:0 2058
2057 49128 21:0 2063
2062 49129 21:0 2113
2112 49159 21:0 2129
2128 49160 21:0 2139
2138 49161 21:0 2161
2160 49162 21:0 2205
2204 49192 21:0 2210
2209 49194 21:0 2229
2228 49193 21:0 2281
2280 49029 21:0 2286
2285 49030 21:0 2291
2290 48995 21:0 2346
2345 48962 21:0 2362
2361 48997 21:0 2367
2366 49225 21:0 2417
2416 49195 21:0 2433
2432 49227 21:0 2443
2442 49228 21:0 2457
2456 49226 21:0 2509
2508 49258 21:0 2514
2513 49259 21:0 2519
2518 49292 21:0 2585
2584 49293 21:0 2590
2589 49294 21:0 2595
2594 49261 21:0 2601
2600 49357 21:0 2611
2608 48798 1:0 2843
2609 48764 1:0 2972
2610 49359 21:0 2614
2612 48762 1:0 2981
2613 49325 21:0 2619
2615 48730 1:0 3093
2617 48696 1:0 3225
2620 48665 1:0 3331
2623 48664 1:0 3337
2634 328 21:0 2648
2642 48663 1:0 3347
2647 49260 21:0 2723
2693 48631 1:0 3459
2730 48630 1:0 3469
2731 48600 1:0 3575
2739 48599 1:0 3582
2745 48534 1:0 3819
2763 48500 1:0 3941
2852 48499 1:0 3947
2853 48498 1:0 3957
2861 48466 1:0 4069
2867 48435 1:0 4185
2885 48402 1:0 4307
2974 48399 1:0 4323
2975 48367 1:0 4354
2983 48369 1:0 4429
2989 48368 1:0 4436
3007 48366 1:0 4445
3096 329 1:0 5767
3097 49359 1:0 5908
4617 50337 21:0 4625
4624 50338 21:0 4675
4674 50339 21:0 4691
4690 50340 21:0 4696
4695 50370 21:0 4715
4714 50371 21:0 4767
4766 50372 21:0 4772
4771 50373 21:0 4777
4776 50403 21:0 4832
4831 50405 21:0 4848
4847 50404 21:0 4853
4852 50406 21:0 4903
4902 50436 21:0 4919
4918 50437 21:0 4929
4928 50438 21:0 4951
4950 50439 21:0 4995
4994 50469 21:0 5000
4999 50472 21:0 5019
5018 50502 21:0 5071
5070 50504 21:0 5076
5075 50503 21:0 5081
5080 50505 21:0 5136
5135 50535 21:0 5152
5151 50538 21:0 5157
5156 50568 21:0 5207
5206 50569 21:0 5223
5222 50570 21:0 5228
5227 50601 21:0 5247
5246 50537 21:0 5299
5298 50536 21:0 5304
5303 50471 21:0 5309
5308 50604 21:0 5368
5367 50470 21:0 5380
5379 50634 21:0 5385
5384 50637 21:0 5435
5434 50669 21:0 5451
5450 50670 21:0 5461
5460 50636 21:0 5483
5482 50667 21:0 5527
5529 50733 21:0 5537
5536 50635 21:0 5587
5586 50700 21:0 5603
5602 50702 21:0 5608
5607 50571 21:0 5627
5626 50668 21:0 5679
5678 50736 21:0 5684
5683 50603 21:0 5689
5688 50768 21:0 5744
5743 50735 21:0 5760
5759 50766 21:0 5765
5764 50767 21:0 5771
5770 50802 21:0 5782
5779 49357 1:0 5918
5780 49325 1:0 6038
5780 49294 1:0 6082
5781 50734 21:0 5785
5783 49293 1:0 6162
5786 49292 1:0 6169
5789 49260 1:0 6213
5789 49261 1:0 6293
5797 49259 1:0 6300
5808 329 21:0 5822
5823 49258 1:0 6311
5910 49226 1:0 6344
5911 49228 1:0 6424
5920 49227 1:0 6432
5920 49225 1:0 6442
5926 49195 1:0 6475
5930 49193 1:0 6555
5959 49194 1:0 6563
6041 49192 1:0 6573
6042 49162 1:0 6606
6051 49161 1:0 6686
6051 49160 1:0 6693
6057 49159 1:0 6704
6061 49129 1:0 6737
6090 49128 1:0 6817
6172 49127 1:0 6824
6173 49126 1:0 6835
6182 49096 1:0 6868
6182 49095 1:0 6948
6188 49094 1:0 6955
6193 49093 1:0 6966
6221 49063 1:0 6999
6303 49062 1:0 7079
6304 49061 1:0 7086
6313 49060 1:0 7097
6313 49030 1:0 7130
6319 49029 1:0 7210
6324 49028 1:0 7217
6352 49027 1:0 7228
6434 48997 1:0 7261
6435 48995 1:0 7341
6444 48996 1:0 7349
6444 48994 1:0 7359
6450 48962 1:0 7392
6470 48964 1:0 7472
6524 48963 1:0 7480
6565 48961 1:0 7490
6566 48929 1:0 7523
6575 48931 1:0 7603
6575 48930 1:0 7611
6583 48928 1:0 7621
6601 48896 1:0 7654
6696 48898 1:0 7734
6697 48897 1:0 7742
6697 48895 1:0 7752
6706 330 1:0 9082
7932 51779 21:0 7940
7939 51780 21:0 7990
7989 51781 21:0 8006
8005 51782 21:0 8011
8010 51812 21:0 8030
8029 51814 21:0 8082
8081 51813 21:0 8087
8086 51815 21:0 8092
8091 51845 21:0 8147
8146 51848 21:0 8163
8162 51878 21:0 8168
8167 51880 21:0 8218
8217 51879 21:0 8234
8233 51881 21:0 8244
8243 51911 21:0 8266
8265 51912 21:0 8310
8309 51913 21:0 8315
8314 51914 21:0 8334
8333 51944 21:0 8386
8385 51947 21:0 8391
8390 51977 21:0 8396
8395 51979 21:0 8451
8450 51978 21:0 8467
8466 51980 21:0 8472
8472 52013 21:0 8538
8537 51847 21:0 8543
8542 51846 21:0 8548
8547 51946 21:0 8603
8602 52010 21:0 8616
8615 51945 21:0 8624
8623 52044 21:0 8674
8673 52045 21:0 8690
8689 52076 21:0 8695
8694 52012 21:0 8714
8713 52077 21:0 8766
8765 52046 21:0 8771
8770 52079 21:0 8776
8775 52111 21:0 8831
8830 52043 21:0 8847
8846 52109 21:0 8852
8851 52112 21:0 8902
8901 52143 21:0 8918
8917 52145 21:0 8928
8927 52110 21:0 8950
8949 52144 21:0 8994
8993 52011 21:0 8999
8998 52078 21:0 9018
9017 52177 21:0 9070
9069 52178 21:0 9075
9074 52176 21:0 9080
9079 52241 21:0 9089
9088 52208 21:0 9097
9094 50802 1:0 9215
9095 50767 1:0 9346
9095 50768 1:0 9354
9096 52142 21:0 9100
9098 50766 1:0 9364
9101 50734 1:0 9397
9104 50736 1:0 9477
9104 50735 1:0 9485
9112 50733 1:0 9495
9123 330 21:0 9137
9138 50702 1:0 9616
9225 50700 1:0 9626
9226 50668 1:0 9659
9235 50670 1:0 9739
9235 50669 1:0 9747
9241 50667 1:0 9757
9245 50635 1:0 9790
9274 50637 1:0 9870
9356 50636 1:0 9878
9357 50634 1:0 9888
9366 50604 1:0 10001
9366 50603 1:0 10009
9372 50601 1:0 10019
9376 50571 1:0 10052
9405 50570 1:0 10132
9487 50569 1:0 10139
9488 50568 1:0 10150
9497 50536 1:0 10183
9497 50538 1:0 10263
9503 50537 1:0 10271
9508 50535 1:0 10281
9536 50505 1:0 10314
9618 50503 1:0 10394
9619 50504 1:0 10402
9628 50502 1:0 10412
9628 50470 1:0 10445
9634 50472 1:0 10525
9639 50471 1:0 10533
9667 50469 1:0 10543
9749 50439 1:0 10576
9750 50438 1:0 10656
9759 50437 1:0 10663
9759 50436 1:0 10674
9765 50406 1:0 10707
9785 50404 1:0 10787
9839 50405 1:0 10795
9880 50403 1:0 10805
9881 50373 1:0 10838
9890 50372 1:0 10918
9890 50371 1:0 10925
9898 50370 1:0 10936
9916 50340 1:0 10969
10011 50339 1:0 11049
10012 50338 1:0 11056
10012 50337 1:0 11067
10021 331 1:0 12397
11247 53221 21:0 11255
11254 53223 21:0 11305
11304 53224 21:0 11321
11320 53222 21:0 11326
11325 53254 21:0 11345
11344 53256 21:0 11397
11396 53257 21:0 11402
11401 53255 21:0 11407
11406 53287 21:0 11462
11461 53288 21:0 11478
11477 53289 21:0 11483
11482 53290 21:0 11533
11532 53320 21:0 11549
11548 53323 21:0 11559
11558 53353 21:0 11581
11580 53355 21:0 11625
11624 53354 21:0 11630
11629 53356 21:0 11649
11648 53386 21:0 11701
11700 53388 21:0 11706
11705 53387 21:0 11711
11710 53389 21:0 11766
11765 53420 21:0 11782
11781 53421 21:0 11787
11786 53452 21:0 11837
11836 53321 21:0 11853
11852 53422 21:0 11860
11859 53322 21:0 11877
11876 53419 21:0 11929
11928 53486 21:0 11934
11933 53455 21:0 11939
11938 53485 21:0 12003
12002 53488 21:0 12010
12009 53454 21:0 12015
12014 53519 21:0 12065
12064 53453 21:0 12081
12080 53520 21:0 12091
12090 53553 21:0 12124
12123 53521 21:0 12157
12156 53551 21:0 12162
12161 53518 21:0 12181
12180 53617 21:0 12233
12232 53554 21:0 12238
12237 53618 21:0 12243
12242 53585 21:0 12298
12297 53650 21:0 12314
12313 53651 21:0 12319
12318 53653 21:0 12369
12368 53620 21:0 12385
12384 53686 21:0 12395
12394 53584 21:0 12401
12396 52241 1:0 12548
12400 53586 21:0 12404
12403 53685 21:0 12412
12409 52208 1:0 12679
12410 52176 1:0 12712
12410 52178 1:0 12792
12413 52177 1:0 12800
12419 52144 1:0 12843
12419 52145 1:0 12923
12427 52143 1:0 12930
12438 331 21:0 12452
12453 52142 1:0 12941
12540 52110 1:0 12974
12541 52112 1:0 13054
12550 52111 1:0 13062
12550 52109 1:0 13072
12556 52078 1:0 13105
12560 52079 1:0 13185
12589 52077 1:0 13192
12671 52076 1:0 13203
12672 52046 1:0 13236
12681 52045 1:0 13316
12681 52044 1:0 13323
12687 52043 1:0 13334
12691 52011 1:0 13367
12720 52013 1:0 13447
12802 52012 1:0 13455
12803 52010 1:0 13465
12812 51980 1:0 13498
12812 51978 1:0 13578
12818 51979 1:0 13586
12823 51977 1:0 13596
12851 51945 1:0 13629
12933 51947 1:0 13709
12934 51946 1:0 13717
12943 51944 1:0 13727
12943 51914 1:0 13760
12949 51913 1:0 13840
12954 51912 1:0 13847
12982 51911 1:0 13858
13064 51881 1:0 13891
13065 51879 1:0 13971
13074 51880 1:0 13979
13074 51878 1:0 13989
13080 51846 1:0 14022
13100 51848 1:0 14102
13154 51847 1:0 14110
13195 51845 1:0 14120
13196 51815 1:0 14153
13205 51813 1:0 14233
13205 51814 1:0 14241
13213 51812 1:0 14251
13231 51782 1:0 14284
13326 51781 1:0 14364
13327 51780 1:0 14371
13327 51779 1:0 14382
13336 332 1:0 15712
14562 54663 21:0 14570
14569 54664 21:0 14620
14619 54665 21:0 14636
14635 54666 21:0 14641
14640 54696 21:0 14660
14659 54697 21:0 14712
14711 54698 21:0 14717
14716 54699 21:0 14722
14721 54729 21:0 14777
14776 54731 21:0 14793
14792 54730 21:0 14798
14797 54732 21:0 14848
14847 54762 21:0 14864
14863 54765 21:0 14874
14873 54795 21:0 14896
14895 54796 21:0 14940
14939 54797 21:0 14945
14944 54798 21:0 14964
14963 54828 21:0 15016
15015 54829 21:0 15021
15020 54830 21:0 15026
15025 54831 21:0 15081
15080 54863 21:0 15097
15096 54862 21:0 15102
15102 54897 21:0 15168
15167 54864 21:0 15173
15172 54764 21:0 15178
15177 54861 21:0 15233
15232 54894 21:0 15244
15243 54895 21:0 15254
15253 54763 21:0 15301
15300 54896 21:0 15320
15319 54928 21:0 15325
15324 54962 21:0 15344
15343 54929 21:0 15396
15395 54960 21:0 15401
15400 54993 21:0 15406
15405 54927 21:0 15461
15460 54961 21:0 15477
15476 54994 21:0 15482
15481 54996 21:0 15532
15531 55029 21:0 15548
15547 54930 21:0 15558
15557 54995 21:0 15576
15575 55027 21:0 15624
15623 54963 21:0 15629
15628 55028 21:0 15648
15647 55026 21:0 15700
15699 55093 21:0 15705
15704 55092 21:0 15710
15709 55095 21:0 15719
15718 55061 21:0 15727
15724 53686 1:0 15845
15725 53685 1:0 15853
15725 53653 1:0 15976
15726 55128 21:0 15730
15728 53651 1:0 15983
15731 53650 1:0 15994
15734 53620 1:0 16107
15734 53618 1:0 16114
15742 53617 1:0 16125
15753 332 21:0 15767
15768 53586 1:0 16238
15855 53585 1:0 16245
15856 53584 1:0 16256
15865 53554 1:0 16369
15865 53553 1:0 16377
15871 53551 1:0 16387
15875 53521 1:0 16420
15904 53520 1:0 16500
15986 53519 1:0 16507
15987 53518 1:0 16518
15996 53488 1:0 16631
15996 53486 1:0 16638
16002 53485 1:0 16649
16006 53453 1:0 16682
16035 53455 1:0 16762
16117 53454 1:0 16770
16118 53452 1:0 16780
16127 53422 1:0 16813
16127 53421 1:0 16893
16133 53420 1:0 16900
16138 53419 1:0 16911
16166 53389 1:0 16944
16248 53387 1:0 17024
16249 53388 1:0 17032
16258 53386 1:0 17042
16258 53356 1:0 17075
16264 53354 1:0 17155
16269 53355 1:0 17163
16297 53353 1:0 17173
16379 53322 1:0 17206
16380 53323 1:0 17286
16389 53321 1:0 17293
16389 53320 1:0 17304
16395 53290 1:0 17337
16415 53289 1:0 17417
16469 53288 1:0 17424
16510 53287 1:0 17435
16511 53255 1:0 17468
16520 53257 1:0 17548
16520 53256 1:0 17556
16528 53254 1:0 17566
16546 53222 1:0 17599
16641 53224 1:0 17679
16642 53223 1:0 17687
16642 53221 1:0 17697
16651 333 1:0 19027
17877 56105 21:0 17885
17884 56107 21:0 17935
17934 56106 21:0 17951
17950 56108 21:0 17956
17955 56138 21:0 17975
17974 56139 21:0 18027
18026 56140 21:0 18032
18031 56141 21:0 18037
18036 56171 21:0 18092
18091 56172 21:0 18108
18107 56173 21:0 18113
18112 56174 21:0 18163
18162 56204 21:0 18179
18178 56207 21:0 18189
18188 56237 21:0 18211
18210 56239 21:0 18255
18254 56238 21:0 18260
18259 56240 21:0 18279
18278 56270 21:0 18331
18330 56272 21:0 18336
18335 56271 21:0 18341
18340 56273 21:0 18396
18395 56305 21:0 18412
18411 56336 21:0 18417
18417 56339 21:0 18483
18482 56337 21:0 18488
18487 56205 21:0 18493
18492 56338 21:0 18548
18547 56370 21:0 18559
18558 56206 21:0 18569
18568 56372 21:0 18619
18618 56304 21:0 18635
18634 56306 21:0 18640
18639 56402 21:0 18659
18658 56403 21:0 18711
18710 56404 21:0 18716
18715 56435 21:0 18721
18720 56437 21:0 18776
18775 56371 21:0 18792
18791 56405 21:0 18797
18796 56436 21:0 18847
18846 56369 21:0 18863
18862 56469 21:0 18873
18872 56468 21:0 18895
18894 56503 21:0 18939
18938 56534 21:0 18944
18943 56438 21:0 18963
18962 56303 21:0 19015
19014 56568 21:0 19020
19019 56501 21:0 19025
19024 56471 21:0 19034
19033 56535 21:0 19042
19039 55128 1:0 19160
19040 55095 1:0 19291
19040 55093 1:0 19298
19041 56567 21:0 19045
19043 55092 1:0 19309
19046 55061 1:0 19430
19049 55028 1:0 19473
19049 55029 1:0 19553
19057 55027 1:0 19560
19068 333 21:0 19082
19083 55026 1:0 19571
19170 54995 1:0 19604
19171 54996 1:0 19684
19180 54994 1:0 19691
19180 54993 1:0 19702
19186 54963 1:0 19735
19190 54961 1:0 19815
19219 54962 1:0 19823
19301 54960 1:0 19833
19302 54930 1:0 19866
19311 54929 1:0 19946
19311 54928 1:0 19953
19317 54927 1:0 19964
19321 54896 1:0 19997
19350 54897 1:0 20077
19432 54895 1:0 20084
19433 54894 1:0 20095
19442 54864 1:0 20128
19442 54862 1:0 20208
19448 54863 1:0 20216
19453 54861 1:0 20226
19481 54831 1:0 20259
19563 54830 1:0 20339
19564 54829 1:0 20346
19573 54828 1:0 20357
19573 54798 1:0 20390
19579 54797 1:0 20470
19584 54796 1:0 20477
19612 54795 1:0 20488
19694 54763 1:0 20521
19695 54765 1:0 20601
19704 54764 1:0 20609
19704 54762 1:0 20619
19710 54732 1:0 20652
19730 54730 1:0 20732
19784 54731 1:0 20740
19825 54729 1:0 20750
19826 54699 1:0 20783
19835 54698 1:0 20863
19835 54697 1:0 20870
19843 54696 1:0 20881
19861 54666 1:0 20914
19956 54665 1:0 20994
19957 54664 1:0 21001
19957 54663 1:0 21012
19966 334 1:0 22342
21192 57547 21:0 21200
21199 57548 21:0 21250
21249 57549 21:0 21266
21265 57550 21:0 21271
21270 57580 21:0 21290
21289 57581 21:0 21342
21341 57582 21:0 21347
21346 57583 21:0 21352
21351 57613 21:0 21407
21406 57615 21:0 21423
21422 57614 21:0 21428
21427 57616 21:0 21478
21477 57646 21:0 21494
21493 57649 21:0 21504
21503 57679 21:0 21526
21525 57681 21:0 21570
21569 57680 21:0 21575
21574 57682 21:0 21594
21593 57712 21:0 21646
21645 57713 21:0 21651
21650 57714 21:0 21656
21655 57715 21:0 21711
21710 57747 21:0 21727
21726 57746 21:0 21732
21731 57778 21:0 21782
21781 57745 21:0 21798
21797 57647 21:0 21805
21804 57748 21:0 21822
21821 57648 21:0 21874
21873 57780 21:0 21879
21878 57781 21:0 21884
21883 57814 21:0 21947
21946 57813 21:0 21955
21954 57847 21:0 21960
21959 57844 21:0 22010
22009 57877 21:0 22026
22025 57811 21:0 22036
22035 57880 21:0 22066
22065 57812 21:0 22102
22101 57846 21:0 22107
22106 57779 21:0 22126
22125 57912 21:0 22178
22177 57943 21:0 22183
22182 57944 21:0 22188
22187 57910 21:0 22243
22242 57946 21:0 22259
22258 57913 21:0 22264
22263 57845 21:0 22314
22313 57977 21:0 22330
22329 57979 21:0 22340
22339 57976 21:0 22346
22341 56568 1:0 22482
22345 57945 21:0 22349
22348 57878 21:0 22357
22354 56567 1:0 22493
22355 56535 1:0 22613
22355 56534 1:0 22624
22356 57911 21:0 22366
22358 56503 1:0 22745
22364 56501 1:0 22755
22364 56471 1:0 22868
22367 56469 1:0 22875
22372 56468 1:0 22886
22383 334 21:0 22397
22398 56438 1:0 22919
22485 56436 1:0 22999
22486 56437 1:0 23007
22495 56435 1:0 23017
22495 56405 1:0 23050
22501 56404 1:0 23130
22505 56403 1:0 23137
22534 56402 1:0 23148
22616 56371 1:0 23181
22617 56372 1:0 23261
22626 56370 1:0 23268
22626 56369 1:0 23279
22632 56338 1:0 23312
22636 56339 1:0 23392
22665 56337 1:0 23399
22747 56336 1:0 23410
22748 56306 1:0 23443
22757 56304 1:0 23523
22757 56305 1:0 23531
22763 56303 1:0 23541
22768 56273 1:0 23574
22796 56271 1:0 23654
22878 56272 1:0 23662
22879 56270 1:0 23672
22888 56240 1:0 23705
22888 56238 1:0 23785
22894 56239 1:0 23793
22899 56237 1:0 23803
22927 56206 1:0 23836
23009 56207 1:0 23916
23010 56205 1:0 23923
23019 56204 1:0 23934
23019 56174 1:0 23967
23025 56173 1:0 24047
23045 56172 1:0 24054
23099 56171 1:0 24065
23140 56141 1:0 24098
23141 56140 1:0 24178
23150 56139 1:0 24185
23150 56138 1:0 24196
23158 56108 1:0 24229
23176 56106 1:0 24309
23177 335 1:0 25657
23271 56107 1:0 24317
23272 56105 1:0 24327
23281 57979 1:0 25921
24507 58989 21:0 24515
24514 58991 21:0 24565
24564 58992 21:0 24581
24580 58990 21:0 24586
24585 59022 21:0 24605
24604 59024 21:0 24657
24656 59023 21:0 24662
24661 59025 21:0 24667
24666 59055 21:0 24722
24721 59056 21:0 24738
24737 59057 21:0 24743
24742 59058 21:0 24793
24792 59088 21:0 24809
24808 59091 21:0 24819
24818 59121 21:0 24841
24840 59122 21:0 24885
24884 59123 21:0 24890
24889 59124 21:0 24909
24908 59154 21:0 24961
24960 59155 21:0 24966
24965 59156 21:0 24971
24970 59157 21:0 25026
25025 59188 21:0 25042
25041 59189 21:0 25047
25047 59223 21:0 25113
25112 59090 21:0 25118
25117 59220 21:0 25123
25122 59089 21:0 25178
25177 59190 21:0 25191
25190 59222 21:0 25199
25198 59255 21:0 25249
25248 59253 21:0 25265
25264 59286 21:0 25270
25269 59289 21:0 25289
25288 59221 21:0 25341
25340 59287 21:0 25346
25345 59187 21:0 25351
25350 59319 21:0 25406
25405 59321 21:0 25422
25421 59320 21:0 25427
25426 59288 21:0 25477
25476 59254 21:0 25493
25492 59352 21:0 25503
25502 59354 21:0 25525
25524 59256 21:0 25569
25568 59387 21:0 25574
25573 59322 21:0 25593
25592 59353 21:0 25645
25644 59355 21:0 25650
25649 59421 21:0 25655
25654 59386 21:0 25664
25663 59453 21:0 25672
25669 57977 1:0 25928
25670 57976 1:0 25939
25670 57945 1:0 25972
25671 59452 21:0 25675
25673 57946 1:0 26052
25676 57944 1:0 26059
25679 57943 1:0 26070
25679 57911 1:0 26103
25687 57913 1:0 26183
25698 335 21:0 25712
25713 57912 1:0 26191
25800 57910 1:0 26201
25801 57880 1:0 26314
25810 57878 1:0 26321
25810 57877 1:0 26332
25816 57845 1:0 26365
25820 57847 1:0 26445
25849 57846 1:0 26453
25931 57844 1:0 26463
25932 57812 1:0 26496
25941 57814 1:0 26576
25941 57813 1:0 26584
25947 57811 1:0 26594
25951 57779 1:0 26627
25980 57781 1:0 26707
26062 57780 1:0 26715
26063 57778 1:0 26725
26072 57748 1:0 26758
26072 57746 1:0 26838
26078 57747 1:0 26846
26083 57745 1:0 26856
26111 57715 1:0 26889
26193 57714 1:0 26969
26194 57713 1:0 26976
26203 57712 1:0 26987
26203 57682 1:0 27020
26209 57680 1:0 27100
26214 57681 1:0 27108
26242 57679 1:0 27118
26324 57648 1:0 27151
26325 57649 1:0 27231
26334 57647 1:0 27238
26334 57646 1:0 27249
26340 57616 1:0 27282
26360 57614 1:0 27362
26414 57615 1:0 27370
26455 57613 1:0 27380
26456 57583 1:0 27413
26465 57582 1:0 27493
26465 57581 1:0 27500
26473 57580 1:0 27511
26491 57550 1:0 27544
26586 57549 1:0 27624
26587 57548 1:0 27631
26587 57547 1:0 27642
26596 336 1:0 28972
27822 60431 21:0 27830
27829 60432 21:0 27880
27879 60433 21:0 27896
27895 60434 21:0 27901
27900 60464 21:0 27920
27919 60466 21:0 27972
27971 60465 21:0 27977
27976 60467 21:0 27982
27981 60497 21:0 28037
28036 60498 21:0 28053
28052 60499 21:0 28058
28057 60500 21:0 28108
28107 60530 21:0 28124
28123 60533 21:0 28134
28133 60563 21:0 28156
28155 60565 21:0 28200
28199 60564 21:0 28205
28204 60566 21:0 28224
28223 60596 21:0 28276
28275 60598 21:0 28281
28280 60597 21:0 28286
28285 60599 21:0 28341
28340 60631 21:0 28357
28356 60630 21:0 28362
28362 60665 21:0 28428
28427 60629 21:0 28433
28432 60632 21:0 28438
28437 60531 21:0 28493
28492 60532 21:0 28506
28505 60662 21:0 28514
28513 60695 21:0 28564
28563 60664 21:0 28580
28579 60698 21:0 28585
28584 60696 21:0 28604
28603 60663 21:0 28656
28655 60697 21:0 28661
28660 60729 21:0 28666
28665 60763 21:0 28721
28720 60761 21:0 28737
28736 60731 21:0 28742
28741 60730 21:0 28792
28791 60796 21:0 28808
28807 60728 21:0 28818
28817 60764 21:0 28840
28839 60794 21:0 28884
28883 60762 21:0 28889
28888 60862 21:0 28908
28907 60795 21:0 28960
28959 60829 21:0 28965
28964 60863 21:0 28970
28969 60894 21:0 28979
28978 60828 21:0 28987
28984 59452 1:0 29105
28985 59453 1:0 29113
28985 59421 1:0 29236
28986 60861 21:0 28990
28988 59386 1:0 29367
28991 59387 1:0 29375
28994 59355 1:0 29418
28994 59353 1:0 29498
29002 59354 1:0 29506
29013 336 21:0 29027
29028 59352 1:0 29516
29115 59322 1:0 29549
29116 59320 1:0 29629
29125 59321 1:0 29637
29125 59319 1:0 29647
29131 59288 1:0 29680
29135 59289 1:0 29760
29164 59287 1:0 29767
29246 59286 1:0 29778
29247 59256 1:0 29811
29256 59254 1:0 29891
29256 59255 1:0 29899
29262 59253 1:0 29909
29266 59221 1:0 29942
29295 59223 1:0 30022
29377 59222 1:0 30030
29378 59220 1:0 30040
29387 59190 1:0 30073
29387 59189 1:0 30153
29393 59188 1:0 30160
29398 59187 1:0 30171
29426 59157 1:0 30204
29508 59156 1:0 30284
29509 59155 1:0 30291
29518 59154 1:0 30302
29518 59124 1:0 30335
29524 59123 1:0 30415
29529 59122 1:0 30422
29557 59121 1:0 30433
29639 59089 1:0 30466
29640 59091 1:0 30546
29649 59090 1:0 30554
29649 59088 1:0 30564
29655 59058 1:0 30597
29675 59057 1:0 30677
29729 59056 1:0 30684
29770 59055 1:0 30695
29771 59025 1:0 30728
29780 59023 1:0 30808
29780 59024 1:0 30816
29788 59022 1:0 30826
29806 58990 1:0 30859
29901 58992 1:0 30939
29902 58991 1:0 30947
29902 58989 1:0 30957
29911 337 1:0 32287
31137 61873 21:0 31145
31144 61875 21:0 31195
31194 61874 21:0 31211
31210 61876 21:0 31216
31215 61906 21:0 31235
31234 61907 21:0 31287
31286 61908 21:0 31292
31291 61909 21:0 31297
31296 61939 21:0 31352
31351 61941 21:0 31368
31367 61940 21:0 31373
31372 61942 21:0 31423
31422 61972 21:0 31439
31438 61975 21:0 31449
31448 62005 21:0 31471
31470 62007 21:0 31515
31514 62006 21:0 31520
31519 62008 21:0 31539
31538 62038 21:0 31591
31590 62039 21:0 31596
31595 62040 21:0 31601
31600 62041 21:0 31656
31655 62074 21:0 31672
31671 62104 21:0 31677
31677 62107 21:0 31743
31742 61973 21:0 31748
31747 62073 21:0 31753
31752 61974 21:0 31808
31807 62072 21:0 31821
31820 62137 21:0 31829
31828 62139 21:0 31879
31878 62105 21:0 31895
31894 62106 21:0 31900
31899 62140 21:0 31919
31918 62071 21:0 31971
31970 62170 21:0 31976
31975 62206 21:0 31981
31980 62205 21:0 32036
32035 62172 21:0 32052
32051 62203 21:0 32057
32056 62237 21:0 32107
32106 62238 21:0 32123
32122 62269 21:0 32133
32132 62138 21:0 32155
32154 62272 21:0 32199
32198 62270 21:0 32204
32203 62173 21:0 32223
32222 62271 21:0 32275
32274 62305 21:0 32280
32279 62239 21:0 32285
32284 62304 21:0 32294
32293 62171 21:0 32302
32299 60894 1:0 32427
32300 60861 1:0 32471
32300 60863 1:0 32551
32301 62338 21:0 32305
32303 60862 1:0 32559
32306 60828 1:0 32682
32309 60829 1:0 32690
32309 60795 1:0 32813
32317 60796 1:0 32821
32328 337 21:0 32342
32343 60794 1:0 32831
32430 60762 1:0 32864
32431 60764 1:0 32944
32440 60763 1:0 32952
32440 60761 1:0 32962
32446 60730 1:0 32995
32450 60731 1:0 33075
32479 60729 1:0 33082
32561 60728 1:0 33093
32562 60697 1:0 33126
32571 60698 1:0 33206
32571 60696 1:0 33213
32577 60695 1:0 33224
32581 60663 1:0 33257
32610 60665 1:0 33337
32692 60664 1:0 33345
32693 60662 1:0 33355
32702 60632 1:0 33388
32702 60630 1:0 33468
32708 60631 1:0 33476
32713 60629 1:0 33486
32741 60599 1:0 33519
32823 60597 1:0 33599
32824 60598 1:0 33607
32833 60596 1:0 33617
32833 60566 1:0 33650
32839 60564 1:0 33730
32844 60565 1:0 33738
32872 60563 1:0 33748
32954 60532 1:0 33781
32955 60533 1:0 33861
32964 60531 1:0 33868
32964 60530 1:0 33879
32970 60500 1:0 33912
32990 60499 1:0 33992
33044 60498 1:0 33999
33085 60497 1:0 34010
33086 60467 1:0 34043
33095 60465 1:0 34123
33095 60466 1:0 34131
33103 60464 1:0 34141
33121 60434 1:0 34174
33216 60433 1:0 34254
33217 60432 1:0 34261
33217 60431 1:0 34272
33226 338 1:0 35602
34452 63315 21:0 34460
34459 63316 21:0 34510
34509 63317 21:0 34526
34525 63318 21:0 34531
34530 63348 21:0 34550
34549 63350 21:0 34602
34601 63349 21:0 34607
34606 63351 21:0 34612
34611 63381 21:0 34667
34666 63384 21:0 34683
34682 63414 21:0 34688
34687 63416 21:0 34738
34737 63415 21:0 34754
34753 63417 21:0 34764
34763 63447 21:0 34786
34785 63449 21:0 34830
34829 63448 21:0 34835
34834 63450 21:0 34854
34853 63480 21:0 34906
34905 63483 21:0 34911
34910 63513 21:0 34916
34915 63514 21:0 34971
34970 63515 21:0 34987
34986 63516 21:0 34992
34991 63546 21:0 35042
35041 63481 21:0 35058
35057 63382 21:0 35068
35067 63547 21:0 35082
35081 63383 21:0 35134
35133 63549 21:0 35139
35138 63482 21:0 35144
35143 63582 21:0 35210
35209 63579 21:0 35215
35214 63581 21:0 35220
35219 63614 21:0 35275
35274 63613 21:0 35286
35285 63580 21:0 35296
35295 63548 21:0 35346
35345 63680 21:0 35362
35361 63645 21:0 35367
35366 63648 21:0 35386
35385 63681 21:0 35438
35437 63646 21:0 35443
35442 63713 21:0 35448
35447 63615 21:0 35503
35502 63712 21:0 35519
35518 63679 21:0 35524
35523 63747 21:0 35574
35573 63745 21:0 35590
35589 63780 21:0 35600
35599 63714 21:0 35606
35601 62338 1:0 35735
35605 63744 21:0 35609
35608 63778 21:0 35620
35614 62305 1:0 35866
35615 62304 1:0 35874
35615 62271 1:0 35917
35621 62272 1:0 35997
35624 62270 1:0 36004
35624 62269 1:0 36015
35632 62239 1:0 36048
35643 338 21:0 35657
35658 62238 1:0 36128
35745 62237 1:0 36135
35746 62206 1:0 36259
35755 62205 1:0 36267
35755 62203 1:0 36277
35761 62171 1:0 36310
35765 62173 1:0 36390
35794 62172 1:0 36398
35876 62170 1:0 36408
35877 62138 1:0 36441
35886 62140 1:0 36521
35886 62139 1:0 36529
35892 62137 1:0 36539
35896 62106 1:0 36572
35925 62107 1:0 36652
36007 62105 1:0 36659
36008 62104 1:0 36670
36017 62072 1:0 36703
36017 62074 1:0 36783
36023 62073 1:0 36791
36028 62071 1:0 36801
36056 62041 1:0 36834
36138 62040 1:0 36914
36139 62039 1:0 36921
36148 62038 1:0 36932
36148 62008 1:0 36965
36154 62006 1:0 37045
36159 62007 1:0 37053
36187 62005 1:0 37063
36269 61974 1:0 37096
36270 61975 1:0 37176
36279 61973 1:0 37183
36279 61972 1:0 37194
36285 61942 1:0 37227
36305 61940 1:0 37307
36359 61941 1:0 37315
36400 61939 1:0 37325
36401 61909 1:0 37358
36410 61908 1:0 37438
36410 61907 1:0 37445
36418 61906 1:0 37456
36436 61876 1:0 37489
36531 61874 1:0 37569
36532 61875 1:0 37577
36532 61873 1:0 37587
36541 339 1:0 38917
37767 64757 21:0 37775
37774 64758 21:0 37825
37824 64759 21:0 37841
37840 64760 21:0 37846
37845 64790 21:0 37865
37864 64792 21:0 37917
37916 64791 21:0 37922
37921 64793 21:0 37927
37926 64823 21:0 37982
37981 64825 21:0 37998
37997 64824 21:0 38003
38002 64826 21:0 38053
38052 64856 21:0 38069
38068 64859 21:0 38079
38078 64889 21:0 38101
38100 64891 21:0 38145
38144 64890 21:0 38150
38149 64892 21:0 38169
38168 64922 21:0 38221
38220 64924 21:0 38226
38225 64923 21:0 38231
38230 64925 21:0 38286
38285 64955 21:0 38302
38301 64958 21:0 38307
38306 64988 21:0 38357
38356 64957 21:0 38373
38372 64857 21:0 38383
38382 64956 21:0 38397
38396 65024 21:0 38449
38448 65022 21:0 38454
38453 64990 21:0 38459
38458 64989 21:0 38525
38524 65023 21:0 38530
38529 64858 21:0 38535
38534 65055 21:0 38585
38584 65056 21:0 38601
38600 65088 21:0 38611
38610 65021 21:0 38645
38644 65057 21:0 38677
38676 65089 21:0 38682
38681 65087 21:0 38701
38700 65121 21:0 38753
38752 64991 21:0 38758
38757 65054 21:0 38763
38762 65122 21:0 38818
38817 65120 21:0 38834
38833 65153 21:0 38839
38838 65188 21:0 38889
38888 65155 21:0 38905
38904 65187 21:0 38915
38914 65156 21:0 38921
38916 63780 1:0 39050
38920 65123 21:0 38924
38923 65186 21:0 38932
38929 63778 1:0 39057
38930 63747 1:0 39181
38930 63745 1:0 39188
38931 65220 21:0 38941
38933 63744 1:0 39199
38939 63714 1:0 39232
38939 63712 1:0 39312
38940 65222 21:0 38944
38942 63713 1:0 39320
38945 63679 1:0 39363
38947 63681 1:0 39443
38958 339 21:0 38972
38971 65090 21:0 39048
38973 63680 1:0 39451
39019 63648 1:0 39574
39060 63646 1:0 39581
39061 63645 1:0 39592
39070 63615 1:0 39625
39070 63613 1:0 39705
39076 63614 1:0 39713
39080 63580 1:0 39756
39109 63582 1:0 39836
39191 63581 1:0 39844
39192 63579 1:0 39854
39201 63548 1:0 39887
39201 63549 1:0 39967
39207 63547 1:0 39974
39211 63546 1:0 39985
39240 63516 1:0 40018
39322 63515 1:0 40098
39323 63514 1:0 40105
39332 63513 1:0 40116
39332 63482 1:0 40149
39338 63483 1:0 40229
39343 63481 1:0 40236
39371 63480 1:0 40247
39453 63450 1:0 40280
39454 63448 1:0 40360
39463 63449 1:0 40368
39463 63447 1:0 40378
39469 63417 1:0 40411
39474 63415 1:0 40491
39502 63416 1:0 40499
39584 63414 1:0 40509
39585 63383 1:0 40542
39594 63384 1:0 40622
39594 63382 1:0 40629
39600 63381 1:0 40640
39620 63351 1:0 40673
39674 63349 1:0 40753
39715 63350 1:0 40761
39716 63348 1:0 40771
39725 63318 1:0 40804
39725 63317 1:0 40884
39733 63316 1:0 40891
39751 63315 1:0 40902
39752 340 1:0 42232
39846 65222 1:0 42365
39847 65220 1:0 42372
39856 65187 1:0 42496
41082 66199 21:0 41090
41089 66201 21:0 41140
41139 66200 21:0 41156
41155 66202 21:0 41161
41160 66232 21:0 41180
41179 66233 21:0 41232
41231 66234 21:0 41237
41236 66235 21:0 41242
41241 66265 21:0 41297
41296 66267 21:0 41313
41312 66266 21:0 41318
41317 66268 21:0 41368
41367 66298 21:0 41384
41383 66301 21:0 41394
41393 66331 21:0 41416
41415 66333 21:0 41460
41459 66332 21:0 41465
41464 66334 21:0 41484
41483 66364 21:0 41536
41535 66366 21:0 41541
41540 66397 21:0 41546
41545 66399 21:0 41601
41600 66398 21:0 41617
41616 66400 21:0 41622
41622 66433 21:0 41688
41687 66367 21:0 41693
41692 66300 21:0 41698
41697 66432 21:0 41753
41752 66299 21:0 41766
41765 66463 21:0 41774
41773 66365 21:0 41824
41823 66430 21:0 41840
41839 66465 21:0 41845
41844 66496 21:0 41864
41863 66464 21:0 41916
41915 66497 21:0 41921
41920 66531 21:0 41926
41925 66498 21:0 41981
41980 66530 21:0 41997
41996 66529 21:0 42002
42001 66565 21:0 42052
42051 66595 21:0 42068
42067 66466 21:0 42078
42077 66532 21:0 42100
42099 66564 21:0 42144
42143 66598 21:0 42149
42148 66499 21:0 42168
42167 66431 21:0 42220
42219 66628 21:0 42225
42224 66597 21:0 42230
42229 66663 21:0 42239
42238 66631 21:0 42247
42244 65188 1:0 42504
42245 65186 1:0 42514
42245 65156 1:0 42627
42246 66629 21:0 42250
42248 65155 1:0 42635
42251 65153 1:0 42645
42254 65123 1:0 42678
42254 65122 1:0 42758
42262 65121 1:0 42765
42273 340 21:0 42287
42288 65120 1:0 42776
42375 65090 1:0 42809
42376 65089 1:0 42889
42385 65088 1:0 42896
42385 65087 1:0 42907
42391 65057 1:0 42940
42395 65056 1:0 43020
42424 65055 1:0 43027
42506 65054 1:0 43038
42507 65023 1:0 43071
42516 65024 1:0 43151
42516 65022 1:0 43158
42522 65021 1:0 43169
42526 64991 1:0 43202
42555 64989 1:0 43282
42637 64990 1:0 43290
42638 64988 1:0 43300
42647 64956 1:0 43333
42647 64958 1:0 43413
42653 64957 1:0 43421
42658 64955 1:0 43431
42686 64925 1:0 43464
42768 64923 1:0 43544
42769 64924 1:0 43552
42778 64922 1:0 43562
42778 64892 1:0 43595
42784 64890 1:0 43675
42789 64891 1:0 43683
42817 64889 1:0 43693
42899 64858 1:0 43726
42900 64859 1:0 43806
42909 64857 1:0 43813
42909 64856 1:0 43824
42915 64826 1:0 43857
42935 64824 1:0 43937
42989 64825 1:0 43945
43030 64823 1:0 43955
43031 64793 1:0 43988
43040 64791 1:0 44068
43040 64792 1:0 44076
43048 64790 1:0 44086
43066 64760 1:0 44119
43161 64759 1:0 44199
43162 64758 1:0 44206
43162 64757 1:0 44217
43171 341 1:0 45547
44397 67641 21:0 44405
44404 67642 21:0 44455
44454 67643 21:0 44471
44470 67644 21:0 44476
44475 67674 21:0 44495
44494 67676 21:0 44547
44546 67675 21:0 44552
44551 67677 21:0 44557
44556 67707 21:0 44612
44611 67710 21:0 44628
44627 67740 21:0 44633
44632 67741 21:0 44683
44682 67742 21:0 44699
44698 67743 21:0 44709
44708 67773 21:0 44731
44730 67775 21:0 44775
44774 67774 21:0 44780
44779 67776 21:0 44799
44798 67806 21:0 44851
44850 67809 21:0 44856
44855 67839 21:0 44861
44860 67840 21:0 44916
44915 67841 21:0 44932
44931 67842 21:0 44937
44936 67872 21:0 44987
44986 67708 21:0 45003
45002 67807 21:0 45011
45010 67808 21:0 45027
45026 67709 21:0 45079
45078 67873 21:0 45084
45083 67908 21:0 45089
45088 67906 21:0 45155
45154 67875 21:0 45160
45159 67907 21:0 45165
45164 67938 21:0 45220
45219 67941 21:0 45231
45230 67874 21:0 45241
45240 67939 21:0 45283
45282 67905 21:0 45307
45306 67972 21:0 45312
45311 67971 21:0 45331
45330 68005 21:0 45383
45382 67973 21:0 45388
45387 67940 21:0 45393
45392 68004 21:0 45448
45447 68070 21:0 45464
45463 67974 21:0 45469
45468 68007 21:0 45519
45518 68037 21:0 45535
45534 68038 21:0 45545
45544 68006 21:0 45551
45546 66663 1:0 45688
45550 68073 21:0 45554
45553 68106 21:0 45565
45559 66631 1:0 45811
45560 66629 1:0 45818
45560 66628 1:0 45829
45564 68040 21:0 45571
45566 66598 1:0 45942
45569 66597 1:0 45950
45569 66595 1:0 45960
45570 68071 21:0 45574
45572 66565 1:0 46073
45575 66564 1:0 46081
45577 66532 1:0 46124
45588 341 21:0 45602
45601 68138 21:0 45682
45603 66530 1:0 46204
45649 66531 1:0 46212
45690 66529 1:0 46222
45691 66499 1:0 46255
45700 66498 1:0 46335
45700 66497 1:0 46342
45706 66496 1:0 46353
45710 66466 1:0 46386
45739 66464 1:0 46466
45821 66465 1:0 46474
45822 66463 1:0 46484
45831 66431 1:0 46517
45831 66433 1:0 46597
45837 66432 1:0 46605
45841 66430 1:0 46615
45870 66400 1:0 46648
45952 66398 1:0 46728
45953 66399 1:0 46736
45962 66397 1:0 46746
45962 66365 1:0 46779
45968 66367 1:0 46859
45973 66366 1:0 46867
46001 66364 1:0 46877
46083 66334 1:0 46910
46084 66332 1:0 46990
46093 66333 1:0 46998
46093 66331 1:0 47008
46099 66299 1:0 47041
46104 66301 1:0 47121
46132 66300 1:0 47129
46214 66298 1:0 47139
46215 66268 1:0 47169
46224 66266 1:0 47252
46224 66267 1:0 47260
46230 66265 1:0 47270
46250 66235 1:0 47303
46304 66234 1:0 47383
46345 66233 1:0 47390
46346 66232 1:0 47401
46355 66202 1:0 47434
46355 66200 1:0 47514
46363 66201 1:0 47522
46381 66199 1:0 47532
46382 342 1:0 48862
46476 68138 1:0 48872
46477 68106 1:0 48995
46486 68073 1:0 49126
47712 69083 21:0 47720
47719 69085 21:0 47770
47769 69084 21:0 47786
47785 69086 21:0 47791
47790 69116 21:0 47810
47809 69117 21:0 47862
47861 69118 21:0 47867
47866 69119 21:0 47872
47871 69149 21:0 47927
47926 69151 21:0 47943
47942 69150 21:0 47948
47947 69152 21:0 47998
47997 69182 21:0 48014
48013 69185 21:0 48024
48023 69215 21:0 48046
48045 69216 21:0 48090
48089 69217 21:0 48095
48094 69218 21:0 48114
48113 69248 21:0 48166
48165 69250 21:0 48171
48170 69281 21:0 48176
48175 69282 21:0 48231
48230 69283 21:0 48247
48246 69284 21:0 48252
48251 69314 21:0 48302
48301 69183 21:0 48318
48317 69316 21:0 48328
48327 69249 21:0 48342
48341 69315 21:0 48394
48393 69251 21:0 48399
48398 69348 21:0 48404
48403 69317 21:0 48470
48469 69349 21:0 48475
48474 69413 21:0 48480
48479 69382 21:0 48535
48534 69350 21:0 48546
48545 69380 21:0 48556
48555 69184 21:0 48606
48605 69414 21:0 48622
48621 69381 21:0 48627
48626 69383 21:0 48646
48645 69479 21:0 48698
48697 69446 21:0 48703
48702 69481 21:0 48708
48707 69347 21:0 48763
48762 69480 21:0 48779
48778 69415 21:0 48784
48783 69416 21:0 48834
48833 69482 21:0 48850
48849 69548 21:0 48860
48859 69514 21:0 48866
48861 68071 1:0 49133
48865 69547 21:0 48869
48868 69515 21:0 48880
48874 68070 1:0 49144
48875 68040 1:0 49257
48875 68038 1:0 49264
48881 68037 1:0 49275
48884 68006 1:0 49308
48884 68007 1:0 49388
48892 68005 1:0 49395
48903 342 21:0 48917
48918 68004 1:0 49406
49005 67974 1:0 49439
49006 67973 1:0 49519
49015 67972 1:0 49526
49015 67971 1:0 49537
49021 67940 1:0 49570
49025 67941 1:0 49650
49054 67939 1:0 49657
49136 67938 1:0 49668
49137 67907 1:0 49701
49146 67908 1:0 49781
49146 67906 1:0 49788
49152 67905 1:0 49799
49156 67874 1:0 49832
49185 67875 1:0 49912
49267 67873 1:0 49919
49268 67872 1:0 49930
49277 67842 1:0 49963
49277 67841 1:0 50043
49283 67840 1:0 50050
49288 67839 1:0 50061
49316 67808 1:0 50094
49398 67809 1:0 50174
49399 67807 1:0 50181
49408 67806 1:0 50192
49408 67776 1:0 50225
49414 67774 1:0 50305
49419 67775 1:0 50313
49447 67773 1:0 50323
49529 67743 1:0 50356
49530 67742 1:0 50436
49539 67741 1:0 50443
49539 67740 1:0 50454
49545 67709 1:0 50487
49565 67710 1:0 50567
49619 67708 1:0 50574
49660 67707 1:0 50585
49661 67677 1:0 50618
49670 67675 1:0 50698
49670 67676 1:0 50706
49678 67674 1:0 50716
49696 67644 1:0 50749
49791 67643 1:0 50829
49792 67642 1:0 50836
49792 67641 1:0 50847
49801 343 1:0 52177
51027 70525 21:0 51035
51034 70527 21:0 51085
51084 70526 21:0 51101
51100 70528 21:0 51106
51105 70558 21:0 51125
51124 70559 21:0 51177
51176 70560 21:0 51182
51181 70561 21:0 51187
51186 70591 21:0 51242
51241 70592 21:0 51258
51257 70593 21:0 51263
51262 70594 21:0 51313
51312 70624 21:0 51329
51328 70627 21:0 51339
51338 70657 21:0 51361
51360 70658 21:0 51405
51404 70659 21:0 51410
51409 70660 21:0 51429
51428 70690 21:0 51481
51480 70691 21:0 51486
51485 70723 21:0 51491
51490 70724 21:0 51546
51545 70726 21:0 51562
51561 70725 21:0 51567
51566 70756 21:0 51617
51616 70693 21:0 51633
51632 70625 21:0 51643
51642 70626 21:0 51657
51656 70692 21:0 51709
51708 70789 21:0 51714
51713 70759 21:0 51719
51718 70757 21:0 51785
51784 70790 21:0 51790
51789 70791 21:0 51795
51794 70758 21:0 51850
51849 70823 21:0 51861
51860 70824 21:0 51871
51870 70857 21:0 51916
51915 70825 21:0 51937
51936 70792 21:0 51942
51941 70855 21:0 51961
51960 70856 21:0 52013
52012 70888 21:0 52018
52017 70891 21:0 52023
52022 70822 21:0 52078
52077 70923 21:0 52094
52093 70858 21:0 52099
52098 70921 21:0 52149
52148 70924 21:0 52165
52164 70890 21:0 52175
52174 70988 21:0 52181
52176 69548 1:0 52310
52180 70889 21:0 52184
52183 70987 21:0 52195
52189 69547 1:0 52318
52190 69515 1:0 52441
52190 69514 1:0 52449
52196 69482 1:0 52492
52199 69480 1:0 52572
52199 69481 1:0 52580
52207 69479 1:0 52590
52218 343 21:0 52232
52233 69446 1:0 52721
52320 69416 1:0 52754
52321 69415 1:0 52834
52330 69414 1:0 52841
52330 69413 1:0 52852
52336 69383 1:0 52885
52340 69381 1:0 52965
52369 69382 1:0 52973
52451 69380 1:0 52983
52452 69350 1:0 53016
52461 69349 1:0 53096
52461 69348 1:0 53103
52467 69347 1:0 53114
52471 69317 1:0 53147
52500 69315 1:0 53227
52582 69316 1:0 53235
52583 69314 1:0 53245
52592 69284 1:0 53278
52592 69283 1:0 53358
52598 69282 1:0 53365
52603 69281 1:0 53376
52631 69251 1:0 53409
52713 69249 1:0 53489
52714 69250 1:0 53497
52723 69248 1:0 53507
52723 69218 1:0 53540
52729 69217 1:0 53620
52734 69216 1:0 53627
52762 69215 1:0 53638
52844 69184 1:0 53671
52845 69185 1:0 53751
52854 69183 1:0 53758
52854 69182 1:0 53769
52860 69152 1:0 53802
52880 69150 1:0 53882
52934 69151 1:0 53890
52975 69149 1:0 53900
52976 69119 1:0 53933
52985 69118 1:0 54013
52985 69117 1:0 54020
52993 69116 1:0 54031
53011 69086 1:0 54064
53106 69084 1:0 54144
53107 69085 1:0 54152
53107 69083 1:0 54162
53116 344 1:0 55492
54342 71967 21:0 54350
54349 71968 21:0 54400
54399 71969 21:0 54416
54415 71970 21:0 54421
54420 72000 21:0 54440
54439 72002 21:0 54492
54491 72001 21:0 54497
54496 72003 21:0 54502
54501 72033 21:0 54557
54556 72034 21:0 54573
54572 72035 21:0 54578
54577 72036 21:0 54628
54627 72066 21:0 54644
54643 72069 21:0 54654
54653 72099 21:0 54676
54675 72100 21:0 54720
54719 72101 21:0 54725
54724 72102 21:0 54744
54743 72132 21:0 54796
54795 72135 21:0 54801
54800 72165 21:0 54806
54805 72167 21:0 54861
54860 72166 21:0 54877
54876 72168 21:0 54882
54881 72198 21:0 54932
54931 72068 21:0 54948
54947 72201 21:0 54958
54957 72133 21:0 54972
54971 72199 21:0 55024
55023 72233 21:0 55029
55028 72232 21:0 55034
55033 72067 21:0 55100
55099 72231 21:0 55105
55104 72134 21:0 55110
55109 72234 21:0 55165
55164 72264 21:0 55176
55175 72267 21:0 55186
55185 72200 21:0 55236
55235 72299 21:0 55252
55251 72297 21:0 55257
55256 72298 21:0 55276
55275 72265 21:0 55328
55327 72330 21:0 55333
55332 72333 21:0 55338
55337 72331 21:0 55393
55392 72365 21:0 55409
55408 72399 21:0 55414
55413 72396 21:0 55464
55463 72364 21:0 55480
55479 72397 21:0 55490
55489 72462 21:0 55496
55491 70988 1:0 55632
55495 72429 21:0 55499
55498 72431 21:0 55510
55504 70987 1:0 55643
55505 70924 1:0 55887
55505 70923 1:0 55895
55511 70921 1:0 55905
55514 70889 1:0 55938
55514 70891 1:0 56018
55522 70890 1:0 56026
55533 344 21:0 55547
55548 70888 1:0 56036
55635 70858 1:0 56069
55636 70856 1:0 56149
55645 70857 1:0 56157
55645 70855 1:0 56167
55651 70825 1:0 56200
55655 70824 1:0 56280
55684 70823 1:0 56287
55766 70822 1:0 56298
55767 70792 1:0 56331
55776 70791 1:0 56411
55776 70790 1:0 56418
55782 70789 1:0 56429
55786 70758 1:0 56462
55815 70759 1:0 56542
55897 70757 1:0 56549
55898 70756 1:0 56560
55907 70725 1:0 56593
55907 70726 1:0 56673
55913 70724 1:0 56680
55918 70723 1:0 56691
55946 70692 1:0 56724
56028 70693 1:0 56804
56029 70691 1:0 56811
56038 70690 1:0 56822
56038 70660 1:0 56855
56044 70659 1:0 56935
56049 70658 1:0 56942
56077 70657 1:0 56953
56159 70626 1:0 56986
56160 70627 1:0 57066
56169 70625 1:0 57073
56169 70624 1:0 57084
56175 70594 1:0 57117
56195 70593 1:0 57197
56249 70592 1:0 57204
56290 70591 1:0 57215
56291 70561 1:0 57248
56300 70560 1:0 57328
56300 70559 1:0 57335
56308 70558 1:0 57346
56326 70528 1:0 57379
56421 70526 1:0 57459
56422 70527 1:0 57467
56422 70525 1:0 57477
56431 345 1:0 58807
57657 73409 21:0 57665
57664 73410 21:0 57715
57714 73411 21:0 57731
57730 73412 21:0 57736
57735 73442 21:0 57755
57754 73443 21:0 57807
57806 73444 21:0 57812
57811 73445 21:0 57817
57816 73475 21:0 57872
57871 73477 21:0 57888
57887 73476 21:0 57893
57892 73478 21:0 57943
57942 73508 21:0 57959
57958 73511 21:0 57969
57968 73541 21:0 57991
57990 73542 21:0 58035
58034 73543 21:0 58040
58039 73544 21:0 58059
58058 73574 21:0 58111
58110 73577 21:0 58116
58115 73607 21:0 58121
58120 73608 21:0 58176
58175 73609 21:0 58192
58191 73610 21:0 58197
58196 73640 21:0 58247
58246 73509 21:0 58263
58262 73575 21:0 58273
58272 73510 21:0 58287
58286 73576 21:0 58339
58338 73675 21:0 58344
58343 73674 21:0 58349
58348 73641 21:0 58415
58414 73643 21:0 58420
58419 73676 21:0 58425
58424 73673 21:0 58480
58479 73740 21:0 58491
58490 73742 21:0 58501
58500 73707 21:0 58551
58550 73739 21:0 58567
58566 73706 21:0 58572
58571 73642 21:0 58591
58590 73772 21:0 58643
58642 73709 21:0 58648
58647 73774 21:0 58653
58652 73807 21:0 58708
58707 73773 21:0 58724
58723 73808 21:0 58729
58728 73805 21:0 58779
58778 73871 21:0 58795
58794 73775 21:0 58805
58804 73839 21:0 58811
58806 72462 1:0 58827
58810 73841 21:0 58814
58813 73838 21:0 58825
58819 72431 1:0 58948
58820 72429 1:0 58958
58820 72399 1:0 59071
58826 72397 1:0 59078
58829 72396 1:0 59089
58829 72364 1:0 59202
58837 72365 1:0 59210
58848 345 21:0 58862
58863 72333 1:0 59333
58950 72331 1:0 59340
58951 72330 1:0 59351
58960 72298 1:0 59464
58960 72299 1:0 59472
58966 72297 1:0 59482
58970 72267 1:0 59595
58999 72265 1:0 59602
59081 72264 1:0 59613
59082 72234 1:0 59646
59091 72232 1:0 59726
59091 72233 1:0 59734
59097 72231 1:0 59744
59101 72200 1:0 59777
59130 72201 1:0 59857
59212 72199 1:0 59864
59213 72198 1:0 59875
59222 72168 1:0 59908
59222 72166 1:0 59988
59228 72167 1:0 59996
59233 72165 1:0 60006
59261 72134 1:0 60039
59343 72135 1:0 60119
59344 72133 1:0 60126
59353 72132 1:0 60137
59353 72102 1:0 60170
59359 72101 1:0 60250
59364 72100 1:0 60257
59392 72099 1:0 60268
59474 72067 1:0 60301
59475 72069 1:0 60381
59484 72068 1:0 60389
59484 72066 1:0 60399
59490 72036 1:0 60432
59510 72035 1:0 60512
59564 72034 1:0 60519
59605 72033 1:0 60530
59606 72003 1:0 60563
59615 72001 1:0 60643
59615 72002 1:0 60651
59623 72000 1:0 60661
59641 71970 1:0 60694
59736 71969 1:0 60774
59737 71968 1:0 60781
59737 71967 1:0 60792
59746 346 1:0 62122
60972 74851 21:0 60980
60979 74853 21:0 61030
61029 74852 21:0 61046
61045 74854 21:0 61051
61050 74884 21:0 61070
61069 74886 21:0 61122
61121 74885 21:0 61127
61126 74887 21:0 61132
61131 74917 21:0 61187
61186 74920 21:0 61203
61202 74950 21:0 61208
61207 74951 21:0 61258
61257 74952 21:0 61274
61273 74953 21:0 61284
61283 74983 21:0 61306
61305 74984 21:0 61350
61349 74985 21:0 61355
61354 74986 21:0 61374
61373 75016 21:0 61426
61425 75019 21:0 61431
61430 75049 21:0 61436
61435 75050 21:0 61491
61490 75051 21:0 61507
61506 75052 21:0 61512
61511 75082 21:0 61562
61561 75084 21:0 61578
61577 75083 21:0 61588
61587 74918 21:0 61602
61601 75018 21:0 61654
61653 75085 21:0 61659
61658 75115 21:0 61664
61663 74919 21:0 61730
61729 75148 21:0 61735
61734 75150 21:0 61740
61739 75151 21:0 61795
61794 75116 21:0 61806
61805 75184 21:0 61816
61815 75017 21:0 61865
61864 75182 21:0 61882
61881 75149 21:0 61887
61886 75217 21:0 61906
61905 75214 21:0 61958
61957 75118 21:0 61963
61962 75181 21:0 61968
61967 75183 21:0 62023
62022 75247 21:0 62039
62038 75117 21:0 62044
62043 75249 21:0 62094
62093 75216 21:0 62110
62109 75215 21:0 62120
62119 75280 21:0 62126
62121 73871 1:0 62273
62125 75281 21:0 62129
62128 75316 21:0 62140
62134 73841 1:0 62386
62135 73839 1:0 62393
62135 73838 1:0 62404
62139 75282 21:0 62146
62141 73808 1:0 62517
62144 73807 1:0 62525
62144 73805 1:0 62535
62145 75315 21:0 62149
62147 73775 1:0 62568
62150 73773 1:0 62648
62152 73774 1:0 62656
62163 346 21:0 62177
62176 75313 21:0 62257
62178 73772 1:0 62666
62224 73742 1:0 62779
62265 73740 1:0 62786
62266 73739 1:0 62797
62275 73709 1:0 62910
62275 73707 1:0 62917
62281 73706 1:0 62928
62285 73676 1:0 62961
62314 73674 1:0 63041
62396 73675 1:0 63049
62397 73673 1:0 63059
62406 73642 1:0 63092
62406 73643 1:0 63172
62412 73641 1:0 63179
62416 73640 1:0 63190
62445 73610 1:0 63223
62527 73609 1:0 63303
62528 73608 1:0 63310
62537 73607 1:0 63321
62537 73576 1:0 63354
62543 73577 1:0 63434
62548 73575 1:0 63441
62576 73574 1:0 63452
62658 73544 1:0 63485
62659 73543 1:0 63565
62668 73542 1:0 63572
62668 73541 1:0 63583
62674 73510 1:0 63616
62679 73511 1:0 63696
62707 73509 1:0 63703
62789 73508 1:0 63714
62790 73478 1:0 63747
62799 73476 1:0 63827
62799 73477 1:0 63835
62805 73475 1:0 63845
62825 73445 1:0 63878
62879 73444 1:0 63958
62920 73443 1:0 63965
62921 73442 1:0 63976
62930 73412 1:0 64009
62930 73411 1:0 64089
62938 73410 1:0 64096
62956 73409 1:0 64107
62957 347 1:0 65437
63051 75316 1:0 65570
63052 75315 1:0 65578
63061 75313 1:0 65588
64287 76293 21:0 64295
64294 76294 21:0 64345
64344 76295 21:0 64361
64360 76296 21:0 64366
64365 76326 21:0 64385
64384 76327 21:0 64437
64436 76328 21:0 64442
64441 76329 21:0 64447
64446 76359 21:0 64502
64501 76361 21:0 64518
64517 76360 21:0 64523
64522 76362 21:0 64573
64572 76392 21:0 64589
64588 76395 21:0 64599
64598 76425 21:0 64621
64620 76426 21:0 64665
64664 76427 21:0 64670
64669 76428 21:0 64689
64688 76458 21:0 64741
64740 76459 21:0 64746
64745 76491 21:0 64751
64750 76492 21:0 64806
64805 76493 21:0 64822
64821 76494 21:0 64827
64826 76524 21:0 64877
64876 76393 21:0 64893
64892 76461 21:0 64903
64902 76394 21:0 64919
64918 76460 21:0 64969
64968 76557 21:0 64974
64973 76560 21:0 64979
64978 76526 21:0 65045
65044 76558 21:0 65050
65049 76559 21:0 65055
65054 76525 21:0 65110
65109 76591 21:0 65122
65121 76527 21:0 65131
65130 76593 21:0 65181
65180 76590 21:0 65197
65196 76625 21:0 65202
65201 76624 21:0 65221
65220 76626 21:0 65273
65272 76623 21:0 65278
65277 76592 21:0 65283
65282 76658 21:0 65338
65337 76656 21:0 65354
65353 76690 21:0 65359
65358 76723 21:0 65409
65408 76722 21:0 65425
65424 76689 21:0 65435
65434 76756 21:0 65441
65436 75282 1:0 65701
65440 76657 21:0 65444
65443 76758 21:0 65455
65449 75281 1:0 65708
65450 75280 1:0 65719
65450 75249 1:0 65840
65456 75247 1:0 65850
65459 75215 1:0 65883
65459 75217 1:0 65963
65467 75216 1:0 65971
65478 347 21:0 65492
65493 75214 1:0 65981
65580 75183 1:0 66014
65581 75184 1:0 66094
65590 75182 1:0 66101
65590 75181 1:0 66112
65596 75149 1:0 66145
65600 75151 1:0 66225
65629 75150 1:0 66233
65711 75148 1:0 66243
65712 75117 1:0 66276
65721 75118 1:0 66356
65721 75116 1:0 66363
65727 75115 1:0 66374
65731 75085 1:0 66407
65760 75083 1:0 66487
65842 75084 1:0 66495
65843 75082 1:0 66505
65852 75052 1:0 66538
65852 75051 1:0 66618
65858 75050 1:0 66625
65863 75049 1:0 66636
65891 75017 1:0 66669
65973 75019 1:0 66749
65974 75018 1:0 66757
65983 75016 1:0 66767
65983 74986 1:0 66800
65989 74985 1:0 66880
65994 74984 1:0 66887
66022 74983 1:0 66898
66104 74953 1:0 66931
66105 74952 1:0 67011
66114 74951 1:0 67018
66114 74950 1:0 67029
66120 74919 1:0 67062
66140 74920 1:0 67142
66194 74918 1:0 67149
66235 74917 1:0 67160
66236 74887 1:0 67193
66245 74885 1:0 67273
66245 74886 1:0 67281
66253 74884 1:0 67291
66271 74854 1:0 67324
66366 74852 1:0 67404
66367 74853 1:0 67412
66367 74851 1:0 67422
66376 348 1:0 68752
67602 77735 21:0 67610
67609 77736 21:0 67660
67659 77738 21:0 67676
67675 77737 21:0 67681
67680 77768 21:0 67700
67699 77770 21:0 67752
67751 77769 21:0 67757
67756 77771 21:0 67762
67761 77801 21:0 67817
67816 77803 21:0 67833
67832 77802 21:0 67838
67837 77804 21:0 67888
67887 77834 21:0 67904
67903 77837 21:0 67914
67913 77867 21:0 67936
67935 77868 21:0 67980
67979 77869 21:0 67985
67984 77870 21:0 68004
68003 77900 21:0 68056
68055 77901 21:0 68061
68060 77902 21:0 68066
68065 77903 21:0 68121
68120 77936 21:0 68137
68136 77966 21:0 68142
68141 77967 21:0 68192
68191 77968 21:0 68208
68207 77836 21:0 68213
68212 77934 21:0 68232
68231 77935 21:0 68284
68283 77969 21:0 68289
68288 77835 21:0 68294
68293 78032 21:0 68355
68354 77933 21:0 68365
68364 78001 21:0 68370
68369 78034 21:0 68420
68419 78000 21:0 68436
68435 78002 21:0 68446
68445 78066 21:0 68469
68468 78099 21:0 68512
68511 78065 21:0 68517
68516 78101 21:0 68536
68535 78035 21:0 68588
68587 78068 21:0 68593
68592 78131 21:0 68598
68597 78100 21:0 68653
68652 78098 21:0 68669
68668 78167 21:0 68674
68673 78067 21:0 68724
68723 78033 21:0 68740
68739 77999 21:0 68750
68749 78132 21:0 68756
68751 76758 1:0 68885
68755 78198 21:0 68759
68758 78133 21:0 68767
68764 76756 1:0 68892
68765 76723 1:0 69023
68765 76722 1:0 69034
68768 76690 1:0 69154
68774 76689 1:0 69165
68774 76657 1:0 69278
68782 76658 1:0 69286
68793 348 21:0 68807
68808 76656 1:0 69296
68895 76626 1:0 69329
68896 76624 1:0 69409
68905 76625 1:0 69417
68905 76623 1:0 69427
68911 76592 1:0 69460
68915 76593 1:0 69540
68944 76591 1:0 69547
69026 76590 1:0 69558
69027 76559 1:0 69591
69036 76560 1:0 69671
69036 76558 1:0 69678
69042 76557 1:0 69689
69046 76527 1:0 69722
69075 76525 1:0 69802
69157 76526 1:0 69810
69158 76524 1:0 69820
69167 76494 1:0 69853
69167 76493 1:0 69933
69173 76492 1:0 69940
69178 76491 1:0 69951
69206 76460 1:0 69984
69288 76461 1:0 70064
69289 76459 1:0 70071
69298 76458 1:0 70082
69298 76428 1:0 70115
69304 76427 1:0 70195
69309 76426 1:0 70202
69337 76425 1:0 70213
69419 76394 1:0 70246
69420 76395 1:0 70326
69429 76393 1:0 70333
69429 76392 1:0 70344
69435 76362 1:0 70377
69455 76360 1:0 70457
69509 76361 1:0 70465
69550 76359 1:0 70475
69551 76329 1:0 70508
69560 76328 1:0 70588
69560 76327 1:0 70595
69568 76326 1:0 70606
69586 76296 1:0 70639
69681 76295 1:0 70719
69682 76294 1:0 70726
69682 76293 1:0 70737
69691 349 1:0 72067
70917 79177 21:0 70925
70924 79179 21:0 70975
70974 79178 21:0 70991
70990 79180 21:0 70996
70995 79210 21:0 71015
71014 79211 21:0 71067
71066 79212 21:0 71072
71071 79213 21:0 71077
71076 79243 21:0 71132
71131 79246 21:0 71148
71147 79276 21:0 71153
71152 79278 21:0 71203
71202 79277 21:0 71219
71218 79279 21:0 71229
71228 79309 21:0 71251
71250 79310 21:0 71295
71294 79311 21:0 71300
71299 79312 21:0 71319
71318 79342 21:0 71371
71370 79345 21:0 71376
71375 79375 21:0 71381
71380 79377 21:0 71436
71435 79376 21:0 71452
71451 79378 21:0 71457
71456 79408 21:0 71507
71506 79409 21:0 71523
71522 79244 21:0 71533
71532 79411 21:0 71547
71546 79245 21:0 71599
71598 79442 21:0 71604
71603 79344 21:0 71609
71608 79443 21:0 71675
71674 79441 21:0 71680
71679 79410 21:0 71685
71684 79476 21:0 71740
71739 79475 21:0 71751
71750 79343 21:0 71761
71760 79510 21:0 71806
71805 79508 21:0 71827
71826 79444 21:0 71832
71831 79507 21:0 71851
71850 79509 21:0 71903
71902 79542 21:0 71908
71907 79575 21:0 71913
71912 79477 21:0 71968
71967 79608 21:0 71984
71983 79573 21:0 71989
71988 79609 21:0 72039
72038 79606 21:0 72055
72054 79640 21:0 72065
72064 79639 21:0 72071
72066 78198 1:0 72207
72070 79576 21:0 72074
72073 79543 21:0 72085
72079 78167 1:0 72331
72080 78133 1:0 72462
72080 78132 1:0 72469
72084 79574 21:0 72091
72086 78131 1:0 72480
72089 78100 1:0 72513
72089 78101 1:0 72593
72092 78099 1:0 72600
72097 78098 1:0 72611
72108 349 21:0 72122
72123 78067 1:0 72644
72210 78068 1:0 72724
72211 78066 1:0 72731
72220 78065 1:0 72742
72220 78033 1:0 72775
72226 78035 1:0 72855
72230 78034 1:0 72863
72259 78032 1:0 72873
72341 78002 1:0 72906
72342 78000 1:0 72986
72351 78001 1:0 72994
72351 77999 1:0 73004
72357 77969 1:0 73037
72361 77968 1:0 73117
72390 77967 1:0 73124
72472 77966 1:0 73135
72473 77935 1:0 73168
72482 77936 1:0 73248
72482 77934 1:0 73255
72488 77933 1:0 73266
72493 77903 1:0 73299
72521 77902 1:0 73379
72603 77901 1:0 73386
72604 77900 1:0 73397
72613 77870 1:0 73430
72613 77869 1:0 73510
72619 77868 1:0 73517
72624 77867 1:0 73528
72652 77835 1:0 73561
72734 77837 1:0 73641
72735 77836 1:0 73649
72744 77834 1:0 73659
72744 77804 1:0 73692
72750 77802 1:0 73772
72770 77803 1:0 73780
72824 77801 1:0 73790
72865 77771 1:0 73823
72866 77769 1:0 73903
72875 77770 1:0 73911
72875 77768 1:0 73921
72883 77737 1:0 73954
72901 77738 1:0 74034
72902 350 1:0 75382
72996 77736 1:0 74041
72997 77735 1:0 74052
73006 79640 1:0 75522
74232 80619 21:0 74240
74239 80620 21:0 74290
74289 80621 21:0 74306
74305 80622 21:0 74311
74310 80652 21:0 74330
74329 80653 21:0 74382
74381 80654 21:0 74387
74386 80655 21:0 74392
74391 80685 21:0 74447
74446 80686 21:0 74463
74462 80687 21:0 74468
74467 80688 21:0 74518
74517 80718 21:0 74534
74533 80721 21:0 74544
74543 80751 21:0 74566
74565 80752 21:0 74610
74609 80753 21:0 74615
74614 80754 21:0 74634
74633 80784 21:0 74686
74685 80786 21:0 74691
74690 80785 21:0 74696
74695 80787 21:0 74751
74750 80820 21:0 74767
74766 80850 21:0 74772
74771 80851 21:0 74822
74821 80720 21:0 74838
74837 80719 21:0 74846
74845 80818 21:0 74862
74861 80817 21:0 74914
74913 80819 21:0 74919
74918 80886 21:0 74924
74923 80852 21:0 74990
74989 80884 21:0 74995
74994 80919 21:0 75000
74999 80949 21:0 75053
75052 80918 21:0 75066
75065 80885 21:0 75076
75075 80982 21:0 75117
75116 80853 21:0 75142
75141 80916 21:0 75147
75146 80983 21:0 75166
75165 80984 21:0 75218
75217 80950 21:0 75223
75222 80883 21:0 75228
75227 80985 21:0 75283
75282 80951 21:0 75299
75298 81018 21:0 75304
75303 80952 21:0 75354
75353 81048 21:0 75370
75369 81016 21:0 75380
75379 80917 21:0 75386
75381 79639 1:0 75533
75385 81015 21:0 75389
75388 81051 21:0 75397
75394 79609 1:0 75646
75395 79608 1:0 75654
75395 79606 1:0 75664
75398 79574 1:0 75697
75404 79576 1:0 75777
75404 79575 1:0 75785
75412 79573 1:0 75795
75423 350 21:0 75437
75438 79543 1:0 75908
75525 79542 1:0 75916
75526 79509 1:0 75959
75535 79510 1:0 76039
75535 79508 1:0 76046
75541 79507 1:0 76057
75545 79477 1:0 76090
75574 79475 1:0 76170
75656 79476 1:0 76178
75657 79444 1:0 76221
75666 79443 1:0 76301
75666 79442 1:0 76308
75672 79441 1:0 76319
75676 79410 1:0 76352
75705 79411 1:0 76432
75787 79409 1:0 76439
75788 79408 1:0 76450
75797 79378 1:0 76483
75797 79376 1:0 76563
75803 79377 1:0 76571
75808 79375 1:0 76581
75836 79343 1:0 76614
75918 79345 1:0 76694
75919 79344 1:0 76702
75928 79342 1:0 76712
75928 79312 1:0 76745
75934 79311 1:0 76825
75939 79310 1:0 76832
75967 79309 1:0 76843
76049 79279 1:0 76876
76050 79277 1:0 76956
76059 79278 1:0 76964
76059 79276 1:0 76974
76065 79245 1:0 77007
76085 79246 1:0 77087
76139 79244 1:0 77094
76180 79243 1:0 77105
76181 79213 1:0 77138
76190 79212 1:0 77218
76190 79211 1:0 77225
76198 79210 1:0 77236
76216 79180 1:0 77269
76311 79178 1:0 77349
76312 79179 1:0 77357
76312 79177 1:0 77367
76321 351 1:0 78697
77547 82061 21:0 77555
77554 82063 21:0 77605
77604 82062 21:0 77621
77620 82064 21:0 77626
77625 82094 21:0 77645
77644 82095 21:0 77697
77696 82096 21:0 77702
77701 82097 21:0 77707
77706 82127 21:0 77762
77761 82130 21:0 77778
77777 82160 21:0 77783
77782 82161 21:0 77833
77832 82162 21:0 77849
77848 82163 21:0 77859
77858 82193 21:0 77881
77880 82195 21:0 77925
77924 82194 21:0 77930
77929 82196 21:0 77949
77948 82226 21:0 78001
78000 82228 21:0 78006
78005 82227 21:0 78011
78010 82229 21:0 78066
78065 82259 21:0 78082
78081 82262 21:0 78087
78086 82292 21:0 78137
78136 82128 21:0 78153
78152 82260 21:0 78160
78159 82129 21:0 78177
78176 82261 21:0 78229
78228 82294 21:0 78234
78233 82295 21:0 78239
78238 82293 21:0 78305
78304 82325 21:0 78310
78309 82361 21:0 78315
78314 82360 21:0 78365
78364 82359 21:0 78381
78380 82328 21:0 78391
78390 82327 21:0 78427
78426 82358 21:0 78457
78456 82394 21:0 78462
78461 82424 21:0 78481
78480 82326 21:0 78533
78532 82391 21:0 78538
78537 82425 21:0 78543
78542 82393 21:0 78598
78597 82459 21:0 78614
78613 82490 21:0 78619
78618 82392 21:0 78669
78668 82426 21:0 78685
78684 82525 21:0 78695
78694 82460 21:0 78701
78696 81051 1:0 78961
78700 82458 21:0 78704
78703 82524 21:0 78712
78709 81048 1:0 78979
78710 81018 1:0 79092
78710 81016 1:0 79099
78713 81015 1:0 79110
78719 80985 1:0 79143
78719 80984 1:0 79223
78727 80983 1:0 79230
78738 351 21:0 78752
78753 80982 1:0 79241
78840 80952 1:0 79274
78841 80951 1:0 79354
78850 80950 1:0 79361
78850 80949 1:0 79372
78856 80917 1:0 79405
78860 80919 1:0 79485
78889 80918 1:0 79493
78971 80916 1:0 79503
78972 80885 1:0 79536
78981 80886 1:0 79616
78981 80884 1:0 79623
78987 80883 1:0 79634
78991 80853 1:0 79667
79020 80852 1:0 79747
79102 80851 1:0 79754
79103 80850 1:0 79765
79112 80819 1:0 79798
79112 80820 1:0 79878
79118 80818 1:0 79885
79123 80817 1:0 79896
79151 80787 1:0 79929
79233 80785 1:0 80009
79234 80786 1:0 80017
79243 80784 1:0 80027
79243 80754 1:0 80060
79249 80753 1:0 80140
79254 80752 1:0 80147
79282 80751 1:0 80158
79364 80719 1:0 80191
79365 80721 1:0 80271
79374 80720 1:0 80279
79374 80718 1:0 80289
79380 80688 1:0 80322
79400 80687 1:0 80402
79454 80686 1:0 80409
79495 80685 1:0 80420
79496 80655 1:0 80453
79505 80654 1:0 80533
79505 80653 1:0 80540
79513 80652 1:0 80551
79531 80622 1:0 80584
79626 80621 1:0 80664
79627 80620 1:0 80671
79627 80619 1:0 80682
79636 352 1:0 82012
80862 83503 21:0 80870
80869 83505 21:0 80920
80919 83504 21:0 80936
80935 83506 21:0 80941
80940 83536 21:0 80960
80959 83538 21:0 81012
81011 83537 21:0 81017
81016 83539 21:0 81022
81021 83569 21:0 81077
81076 83571 21:0 81093
81092 83570 21:0 81098
81097 83572 21:0 81148
81147 83602 21:0 81164
81163 83605 21:0 81174
81173 83635 21:0 81196
81195 83637 21:0 81240
81239 83636 21:0 81245
81244 83638 21:0 81264
81263 83668 21:0 81316
81315 83671 21:0 81321
81320 83701 21:0 81326
81325 83702 21:0 81381
81380 83703 21:0 81397
81396 83704 21:0 81402
81402 83737 21:0 81468
81467 83604 21:0 81473
81472 83670 21:0 81478
81477 83669 21:0 81533
81532 83603 21:0 81546
81546 83800 21:0 81554
81553 83769 21:0 81604
81603 83735 21:0 81620
81619 83770 21:0 81625
81624 83802 21:0 81644
81643 83736 21:0 81696
81695 83833 21:0 81701
81700 83734 21:0 81706
81705 83866 21:0 81761
81760 83835 21:0 81777
81776 83801 21:0 81782
81781 83767 21:0 81832
81831 83834 21:0 81848
81847 83836 21:0 81858
81857 83803 21:0 81880
81879 83768 21:0 81924
81923 83934 21:0 81929
81928 83933 21:0 81948
81947 83869 21:0 82000
81999 83902 21:0 82005
82004 83968 21:0 82010
82009 83966 21:0 82019
82018 83967 21:0 82027
82024 82524 1:0 82145
82025 82525 1:0 82153
82025 82490 1:0 82294
82026 83932 21:0 82030
82028 82458 1:0 82327
82031 82460 1:0 82407
82034 82459 1:0 82415
82034 82426 1:0 82538
82042 82425 1:0 82545
82053 352 21:0 82067
82068 82424 1:0 82556
82155 82392 1:0 82589
82156 82394 1:0 82669
82165 82393 1:0 82677
82165 82391 1:0 82687
82171 82359 1:0 82720
82175 82361 1:0 82800
82204 82360 1:0 82808
82286 82358 1:0 82818
82287 82326 1:0 82851
82296 82328 1:0 82931
82296 82327 1:0 82939
82302 82325 1:0 82949
82306 82293 1:0 82982
82335 82295 1:0 83062
82417 82294 1:0 83070
82418 82292 1:0 83080
82427 82261 1:0 83113
82427 82262 1:0 83193
82433 82260 1:0 83200
82438 82259 1:0 83211
82466 82229 1:0 83244
82548 82227 1:0 83324
82549 82228 1:0 83332
82558 82226 1:0 83342
82558 82196 1:0 83375
82564 82194 1:0 83455
82569 82195 1:0 83463
82597 82193 1:0 83473
82679 82163 1:0 83506
82680 82162 1:0 83586
82689 82161 1:0 83593
82689 82160 1:0 83604
82695 82129 1:0 83637
82715 82130 1:0 83717
82769 82128 1:0 83724
82810 82127 1:0 83735
82811 82097 1:0 83768
82820 82096 1:0 83848
82820 82095 1:0 83855
82828 82094 1:0 83866
82846 82064 1:0 83899
82941 82062 1:0 83979
82942 82063 1:0 83987
82942 82061 1:0 83997
82951 353 1:0 85327
84177 84945 21:0 84185
84184 84946 21:0 84235
84234 84947 21:0 84251
84250 84948 21:0 84256
84255 84978 21:0 84275
84274 84979 21:0 84327
84326 84980 21:0 84332
84331 84981 21:0 84337
84336 85011 21:0 84392
84391 85014 21:0 84408
84407 85044 21:0 84413
84412 85045 21:0 84463
84462 85046 21:0 84479
84478 85047 21:0 84489
84488 85077 21:0 84511
84510 85078 21:0 84555
84554 85079 21:0 84560
84559 85080 21:0 84579
84578 85110 21:0 84631
84630 85113 21:0 84636
84635 85143 21:0 84641
84640 85144 21:0 84696
84695 85145 21:0 84712
84711 85146 21:0 84717
84716 85176 21:0 84767
84766 85111 21:0 84783
84782 85112 21:0 84791
84790 85177 21:0 84807
84806 85013 21:0 84859
84858 85212 21:0 84864
84863 85178 21:0 84883
84882 85012 21:0 84935
84934 85179 21:0 84940
84939 85275 21:0 84945
84944 85210 21:0 85006
85005 85243 21:0 85016
85015 85277 21:0 85021
85020 85242 21:0 85071
85070 85308 21:0 85087
85086 85245 21:0 85097
85096 85310 21:0 85121
85120 85209 21:0 85163
85162 85341 21:0 85168
85167 85244 21:0 85187
85186 85375 21:0 85239
85238 85376 21:0 85244
85243 85344 21:0 85249
85248 85278 21:0 85304
85303 85276 21:0 85320
85319 85211 21:0 85325
85324 85374 21:0 85331
85330 85342 21:0 85338
85337 85408 21:0 85345
85339 83967 1:0 85380
85339 83968 1:0 85460
85340 83966 1:0 85467
85340 83933 1:0 85591
85346 83934 1:0 85599
85349 83932 1:0 85609
85349 83902 1:0 85722
85357 83869 1:0 85853
85368 353 21:0 85382
85383 83866 1:0 85871
85470 83836 1:0 85904
85471 83834 1:0 85984
85480 83835 1:0 85992
85480 83833 1:0 86002
85486 83803 1:0 86035
85490 83801 1:0 86115
85519 83802 1:0 86123
85601 83800 1:0 86133
85602 83768 1:0 86166
85611 83770 1:0 86246
85611 83769 1:0 86254
85617 83767 1:0 86264
85621 83736 1:0 86297
85650 83737 1:0 86377
85732 83735 1:0 86384
85733 83734 1:0 86395
85742 83704 1:0 86428
85742 83703 1:0 86508
85748 83702 1:0 86515
85753 83701 1:0 86526
85781 83669 1:0 86559
85863 83671 1:0 86639
85864 83670 1:0 86647
85873 83668 1:0 86657
85873 83638 1:0 86690
85879 83636 1:0 86770
85884 83637 1:0 86778
85912 83635 1:0 86788
85994 83603 1:0 86821
85995 83605 1:0 86901
86004 83604 1:0 86909
86004 83602 1:0 86919
86010 83572 1:0 86952
86030 83570 1:0 87032
86084 83571 1:0 87040
86125 83569 1:0 87050
86126 83539 1:0 87083
86135 83537 1:0 87163
86135 83538 1:0 87171
86143 83536 1:0 87181
86161 83506 1:0 87214
86256 83504 1:0 87294
86257 83505 1:0 87302
86257 83503 1:0 87312
86266 354 1:0 88642
87492 86387 21:0 87500
87499 86389 21:0 87550
87549 86388 21:0 87566
87565 86390 21:0 87571
87570 86420 21:0 87590
87589 86421 21:0 87642
87641 86422 21:0 87647
87646 86423 21:0 87652
87651 86453 21:0 87707
87706 86455 21:0 87723
87722 86454 21:0 87728
87727 86456 21:0 87778
87777 86486 21:0 87794
87793 86489 21:0 87804
87803 86519 21:0 87826
87825 86521 21:0 87870
87869 86520 21:0 87875
87874 86522 21:0 87894
87893 86552 21:0 87946
87945 86553 21:0 87951
87950 86585 21:0 87956
87955 86587 21:0 88011
88010 86586 21:0 88027
88026 86588 21:0 88032
88031 86618 21:0 88082
88081 86487 21:0 88098
88097 86555 21:0 88105
88104 86488 21:0 88122
88121 86651 21:0 88174
88173 86621 21:0 88179
88178 86619 21:0 88184
88183 86620 21:0 88250
88249 86684 21:0 88255
88254 86654 21:0 88260
88259 86686 21:0 88310
88309 86653 21:0 88326
88325 86687 21:0 88336
88335 86685 21:0 88371
88370 86652 21:0 88402
88401 86719 21:0 88407
88406 86752 21:0 88426
88425 86750 21:0 88478
88477 86554 21:0 88483
88482 86751 21:0 88488
88487 86718 21:0 88543
88542 86753 21:0 88559
88558 86784 21:0 88564
88563 86816 21:0 88614
88613 86785 21:0 88630
88629 86783 21:0 88640
88639 86818 21:0 88646
88641 85408 1:0 88782
88645 86717 21:0 88649
88648 86849 21:0 88657
88654 85376 1:0 88906
88655 85375 1:0 88913
88655 85374 1:0 88924
88658 85344 1:0 89037
88664 85342 1:0 89044
88664 85341 1:0 89055
88672 85310 1:0 89176
88683 354 21:0 88697
88698 85308 1:0 89186
88785 85276 1:0 89219
88786 85278 1:0 89299
88795 85277 1:0 89307
88795 85275 1:0 89317
88801 85244 1:0 89350
88805 85245 1:0 89430
88834 85243 1:0 89437
88916 85242 1:0 89448
88917 85211 1:0 89481
88926 85212 1:0 89561
88926 85210 1:0 89568
88932 85209 1:0 89579
88936 85179 1:0 89612
88965 85178 1:0 89692
89047 85177 1:0 89699
89048 85176 1:0 89710
89057 85146 1:0 89743
89057 85145 1:0 89823
89063 85144 1:0 89830
89068 85143 1:0 89841
89096 85112 1:0 89874
89178 85113 1:0 89954
89179 85111 1:0 89961
89188 85110 1:0 89972
89188 85080 1:0 90005
89194 85079 1:0 90085
89199 85078 1:0 90092
89227 85077 1:0 90103
89309 85047 1:0 90136
89310 85046 1:0 90216
89319 85045 1:0 90223
89319 85044 1:0 90234
89325 85012 1:0 90267
89345 85014 1:0 90347
89399 85013 1:0 90355
89440 85011 1:0 90365
89441 84981 1:0 90398
89450 84980 1:0 90478
89450 84979 1:0 90485
89458 84978 1:0 90496
89476 84948 1:0 90529
89571 84947 1:0 90609
89572 84946 1:0 90616
89572 84945 1:0 90627
89581 355 1:0 91957
90807 87829 21:0 90815
90814 87830 21:0 90865
90864 87831 21:0 90881
90880 87832 21:0 90886
90885 87862 21:0 90905
90904 87864 21:0 90957
90956 87863 21:0 90962
90961 87865 21:0 90967
90966 87895 21:0 91022
91021 87896 21:0 91038
91037 87897 21:0 91043
91042 87898 21:0 91093
91092 87928 21:0 91109
91108 87931 21:0 91119
91118 87961 21:0 91141
91140 87963 21:0 91185
91184 87962 21:0 91190
91189 87964 21:0 91209
91208 87994 21:0 91261
91260 87995 21:0 91266
91265 88027 21:0 91271
91270 88028 21:0 91326
91325 88029 21:0 91342
91341 88030 21:0 91347
91346 88060 21:0 91397
91396 87996 21:0 91413
91412 87997 21:0 91420
91419 87930 21:0 91437
91436 87929 21:0 91489
91488 88095 21:0 91494
91493 88061 21:0 91499
91498 88093 21:0 91562
91561 88063 21:0 91570
91569 88094 21:0 91575
91574 88128 21:0 91625
91624 88062 21:0 91641
91640 88126 21:0 91651
91650 88162 21:0 91681
91680 88127 21:0 91717
91716 88160 21:0 91722
91721 88129 21:0 91741
91740 88226 21:0 91793
91792 88194 21:0 91798
91797 88096 21:0 91803
91802 88161 21:0 91858
91857 88159 21:0 91874
91873 88225 21:0 91879
91878 88227 21:0 91929
91928 88193 21:0 91945
91944 88258 21:0 91955
91954 88259 21:0 91961
91956 86849 1:0 92108
91960 88261 21:0 91964
91963 88291 21:0 91972
91969 86818 1:0 92229
91970 86816 1:0 92239
91970 86785 1:0 92352
91971 88228 21:0 91981
91973 86784 1:0 92359
91979 86783 1:0 92370
91979 86753 1:0 92403
91982 86751 1:0 92483
91987 86752 1:0 92491
91998 355 21:0 92012
92013 86750 1:0 92501
92100 86718 1:0 92614
92101 86719 1:0 92622
92110 86717 1:0 92632
92110 86685 1:0 92665
92116 86687 1:0 92745
92120 86686 1:0 92753
92149 86684 1:0 92763
92231 86652 1:0 92796
92232 86654 1:0 92876
92241 86653 1:0 92884
92241 86651 1:0 92894
92247 86620 1:0 92927
92251 86621 1:0 93007
92280 86619 1:0 93014
92362 86618 1:0 93025
92363 86588 1:0 93058
92372 86586 1:0 93138
92372 86587 1:0 93146
92378 86585 1:0 93156
92383 86554 1:0 93189
92411 86555 1:0 93269
92493 86553 1:0 93276
92494 86552 1:0 93287
92503 86522 1:0 93320
92503 86520 1:0 93400
92509 86521 1:0 93408
92514 86519 1:0 93418
92542 86488 1:0 93451
92624 86489 1:0 93531
92625 86487 1:0 93538
92634 86486 1:0 93549
92634 86456 1:0 93582
92640 86454 1:0 93662
92660 86455 1:0 93670
92714 86453 1:0 93680
92755 86423 1:0 93713
92756 86422 1:0 93793
92765 86421 1:0 93800
92765 86420 1:0 93811
92773 86390 1:0 93844
92791 86388 1:0 93924
92792 356 1:0 95272
92886 86389 1:0 93932
92887 86387 1:0 93942
92896 88291 1:0 95423
94122 89271 21:0 94130
94129 89272 21:0 94180
94179 89273 21:0 94196
94195 89274 21:0 94201
94200 89304 21:0 94220
94219 89305 21:0 94272
94271 89306 21:0 94277
94276 89307 21:0 94282
94281 89337 21:0 94337
94336 89338 21:0 94353
94352 89339 21:0 94358
94357 89340 21:0 94408
94407 89370 21:0 94424
94423 89373 21:0 94434
94433 89403 21:0 94456
94455 89405 21:0 94500
94499 89404 21:0 94505
94504 89406 21:0 94524
94523 89436 21:0 94576
94575 89439 21:0 94581
94583 89471 21:0 94600
94599 89470 21:0 94652
94651 89472 21:0 94657
94656 89502 21:0 94662
94661 89503 21:0 94728
94727 89504 21:0 94733
94732 89371 21:0 94738
94737 89505 21:0 94788
94787 89372 21:0 94804
94803 89469 21:0 94814
94813 89437 21:0 94853
94852 89537 21:0 94880
94879 89536 21:0 94885
94884 89438 21:0 94904
94903 89603 21:0 94956
94955 89602 21:0 94961
94960 89601 21:0 94966
94965 89569 21:0 95021
95020 89604 21:0 95037
95036 89535 21:0 95042
95041 89668 21:0 95092
95091 89570 21:0 95108
95107 89538 21:0 95118
95117 89669 21:0 95136
95135 89568 21:0 95184
95183 89636 21:0 95189
95188 89670 21:0 95204
95203 89571 21:0 95260
95259 89635 21:0 95265
95264 89700 21:0 95270
95269 89634 21:0 95277
95276 89701 21:0 95287
95284 88261 1:0 95536
95285 88259 1:0 95543
95285 88258 1:0 95554
95286 89768 21:0 95290
95288 88228 1:0 95587
95291 88227 1:0 95667
95294 88226 1:0 95674
95294 88225 1:0 95685
95302 88193 1:0 95798
95313 356 21:0 95327
95328 88194 1:0 95806
95415 88161 1:0 95849
95416 88162 1:0 95929
95425 88160 1:0 95936
95425 88159 1:0 95947
95431 88129 1:0 95980
95435 88127 1:0 96060
95464 88128 1:0 96068
95546 88126 1:0 96078
95547 88096 1:0 96111
95556 88094 1:0 96191
95556 88095 1:0 96199
95562 88093 1:0 96209
95566 88062 1:0 96242
95595 88063 1:0 96322
95677 88061 1:0 96329
95678 88060 1:0 96340
95687 88030 1:0 96373
95687 88029 1:0 96453
95693 88028 1:0 96460
95698 88027 1:0 96471
95726 87997 1:0 96504
95808 87996 1:0 96584
95809 87995 1:0 96591
95818 87994 1:0 96602
95818 87964 1:0 96635
95824 87962 1:0 96715
95829 87963 1:0 96723
95857 87961 1:0 96733
95939 87929 1:0 96766
95940 87931 1:0 96846
95949 87930 1:0 96854
95949 87928 1:0 96864
95955 87898 1:0 96897
95975 87897 1:0 96977
96029 87896 1:0 96984
96070 87895 1:0 96995
96071 87865 1:0 97028
96080 87863 1:0 97108
96080 87864 1:0 97116
96088 87862 1:0 97126
96106 87832 1:0 97159
96201 87831 1:0 97239
96202 87830 1:0 97246
96202 87829 1:0 97257
96211 357 1:0 98587
97437 90713 21:0 97445
97444 90714 21:0 97495
97494 90715 21:0 97511
97510 90716 21:0 97516
97515 90746 21:0 97535
97534 90748 21:0 97587
97586 90747 21:0 97592
97591 90749 21:0 97597
97596 90779 21:0 97652
97651 90780 21:0 97668
97667 90781 21:0 97673
97672 90782 21:0 97723
97722 90812 21:0 97739
97738 90813 21:0 97749
97748 90814 21:0 97771
97770 90815 21:0 97815
97814 90845 21:0 97820
97819 90847 21:0 97839
97838 90846 21:0 97891
97890 90848 21:0 97896
97895 90878 21:0 97901
97900 90880 21:0 97956
97955 90881 21:0 97972
97971 90879 21:0 97977
97976 90911 21:0 98027
98026 90944 21:0 98043
98045 90977 21:0 98053
98052 90979 21:0 98103
98102 90912 21:0 98119
98121 91010 21:0 98129
98128 90913 21:0 98179
98178 90914 21:0 98195
98194 90945 21:0 98200
98199 90946 21:0 98219
98218 90947 21:0 98271
98270 90978 21:0 98276
98275 90980 21:0 98281
98280 91011 21:0 98336
98335 91012 21:0 98352
98351 91013 21:0 98357
98356 91043 21:0 98407
98406 91045 21:0 98423
98422 91044 21:0 98433
98432 91046 21:0 98455
98454 91076 21:0 98499
98498 91077 21:0 98504
98503 91078 21:0 98523
98522 91079 21:0 98575
98574 91111 21:0 98580
98579 91110 21:0 98585
98584 91109 21:0 98594
98586 89768 1:0 98597
98593 90729 21:0 98594
98593 90762 21:0 98594
98593 91142 21:0 98605
98599 89701 1:0 98858
98600 89700 1:0 98869
98604 91112 21:0 98611
98606 89670 1:0 98902
98609 89669 1:0 98982
98609 89668 1:0 98989
98612 89635 1:0 99113
98615 89636 1:0 99121
98628 357 21:0 98642
98635 89634 1:0 99131
98648 89604 1:0 99164
98730 89602 1:0 99244
98731 89603 1:0 99252
98740 89601 1:0 99262
98740 89571 1:0 99295
98746 89570 1:0 99375
98766 89569 1:0 99382
98779 89568 1:0 99393
98861 89538 1:0 99426
98862 89536 1:0 99506
98871 89537 1:0 99514
98871 89535 1:0 99524
98877 89505 1:0 99557
98897 89504 1:0 99637
98951 89503 1:0 99644
98992 89502 1:0 99655
98993 89472 1:0 99688
99002 89470 1:0 99768
99002 89471 1:0 99776
99010 89469 1:0 99786
99028 89438 1:0 99819
99123 89439 1:0 99899
99124 89437 1:0 99906
99124 89436 1:0 99917
99133 89406 1:0 99950
99133 89404 1:0 100030
99141 89405 1:0 100038
99160 89403 1:0 100048
99254 89372 1:0 100081
99255 89373 1:0 100161
99263 49685 21:0 99266
99264 89371 1:0 100168
99264 89370 1:0 100179
99267 89340 1:0 100212
99270 89339 1:0 100292
99290 89338 1:0 100299
99303 89337 1:0 100310
99385 89307 1:0 100343
99386 89306 1:0 100423
99395 89305 1:0 100430
99395 89304 1:0 100441
99401 89274 1:0 100474
99421 89273 1:0 100554
99422 358 1:0 101902
99514 49795 21:0 99519
99516 89272 1:0 100561
99517 89271 1:0 100572
99645 49852 21:0 99650
100049 50027 21:0 100052
100180 50084 21:0 100183
100431 50194 21:0 100436
100534 50233 21:0 100556
100573 50255 21:0 100576
100583 50258 21:0 100607
100747 92153 21:0 100750
100750 13 21:0 100755
100757 92157 21:0 100774
100773 92155 21:0 100826
100825 92171 21:0 100826
100828 92188 21:0 100836
100835 17 21:0 100836
100836 92191 21:0 100902
100901 92190 21:0 100907
100906 92158 21:0 100912
100911 45 21:0 100912
100912 92224 21:0 100978
100977 33 21:0 100978
100980 92254 21:0 100988
100987 92255 21:0 101038
101037 92257 21:0 101054
101053 92256 21:0 101059
101061 92288 21:0 101078
101077 92287 21:0 101130
101129 92290 21:0 101135
101137 92321 21:0 101154
101153 92320 21:0 101206
101205 71 21:0 101211
101210 107 21:0 101211
101213 92354 21:0 101230
101229 92355 21:0 101282
101281 92252 21:0 101282
101284 92386 21:0 101292
101291 92388 21:0 101342
101341 15 21:0 101358
101357 92352 21:0 101358
101357 92340 21:0 101358
101357 53 21:0 101363
101362 139 21:0 101368
101367 92305 21:0 101368
101367 87 21:0 101379
101378 161 21:0 101418
101417 92206 21:0 101423
101422 92402 21:0 101434
101433 92193 21:0 101434
101433 92173 21:0 101434
101436 92452 21:0 101444
101443 175 21:0 101444
101443 92240 21:0 101458
101457 92345 21:0 101494
101494 92471 21:0 101510
101509 92372 21:0 101510
101509 92299 21:0 101510
101509 92385 21:0 101515
101514 92450 21:0 101515
101514 92239 21:0 101515
101515 197 21:0 101520
101520 92488 21:0 101586
101585 92487 21:0 101591
101590 92322 21:0 101596
101596 92521 21:0 101662
101661 92518 21:0 101667
101666 92477 21:0 101667
101668 92518 1:0 101898
101669 92553 21:0 101686
101685 92312 21:0 101722
101721 92391 21:0 101727
101727 92571 21:0 101738
101737 92567 21:0 101738
101737 92551 21:0 101743
101742 92435 21:0 101748
101744 92551 1:0 101915
101747 92505 21:0 101748
101748 92587 21:0 101814
101813 92523 21:0 101814
101813 92406 21:0 101814
101813 92325 21:0 101819
101818 92259 21:0 101819
101818 92529 21:0 101819
101821 92618 21:0 101838
101837 92616 21:0 101874
101874 92636 21:0 101890
101889 92622 21:0 101890
101889 89 21:0 101895
101894 179 21:0 101895
101894 92208 21:0 101900
101896 179 1:0 101915
101899 92351 21:0 101900
101899 92583 21:0 101900
101899 92417 21:0 101906
101905 92501 21:0 101906
101905 92556 21:0 101906
101912 49396 21:0 101917
101914 328 1:0 2597
101915 92553 1:0 101924
101915 89 1:0 101924
101918 92322 1:0 101937
101924 49685 1:0 101937
101924 92618 1:0 102009
101930 92587 1:0 102038
101943 358 21:0 101957
101950 92487 1:0 102049
101951 49795 1:0 102049
102040 267 21:0 102048
102045 50084 1:0 102058
102045 92521 1:0 102058
102046 92488 1:0 102086
102049 92452 1:0 102166
102055 91112 1:0 102177
102055 197 1:0 102177
102061 91142 1:0 102184
102063 175 1:0 102186
102082 91109 1:0 102199
102094 50027 1:0 102199
102176 91110 1:0 102271
102177 91111 1:0 102300
102186 92320 1:0 102311
102186 161 1:0 102311
102192 92256 1:0 102320
102192 87 1:0 102320
102212 91079 1:0 102348
102225 91078 1:0 102428
102307 91077 1:0 102435
102308 139 1:0 102439
102317 91076 1:0 102446
102317 92388 1:0 102451
102323 91046 1:0 102479
102328 91044 1:0 102559
102356 91045 1:0 102567
102438 49852 1:0 102570
102439 91043 1:0 102577
102439 92321 1:0 102582
102448 91013 1:0 102610
102448 91012 1:0 102690
102456 91011 1:0 102697
102459 53 1:0 102701
102487 91010 1:0 102708
102569 92158 1:0 102713
102570 90980 1:0 102741
102579 90978 1:0 102821
102579 90979 1:0 102829
102585 15 1:0 102832
102589 90977 1:0 102839
102606 92386 1:0 102844
102700 90947 1:0 102872
102701 90946 1:0 102952
102710 90945 1:0 102959
102710 50194 1:0 102963
102710 90944 1:0 102970
102716 92155 1:0 102975
102736 90914 1:0 103003
102831 90913 1:0 103083
102832 90912 1:0 103090
102832 107 1:0 103094
102841 90911 1:0 103101
102841 92355 1:0 103106
102847 90879 1:0 103134
102852 90881 1:0 103214
102880 90880 1:0 103222
102962 71 1:0 103225
102963 90878 1:0 103232
102963 92157 1:0 103237
102972 90848 1:0 103265
102972 90846 1:0 103345
102980 90847 1:0 103353
102983 17 1:0 103356
103011 90845 1:0 103363
103093 92354 1:0 103368
103094 90815 1:0 103396
103103 90814 1:0 103476
103103 90813 1:0 103483
103103 90762 1:0 103487
103111 90812 1:0 103494
103130 92290 1:0 103499
103224 90782 1:0 103527
103225 90781 1:0 103607
103234 90780 1:0 103614
103234 33 1:0 103618
103234 90779 1:0 103625
103240 92190 1:0 103630
103260 90749 1:0 103658
103260 45 1:0 103658
103273 90747 1:0 103738
103355 90748 1:0 103746
103356 90729 1:0 103749
103356 90746 1:0 103756
103365 92287 1:0 103761
103365 50233 1:0 103761
103371 90716 1:0 103789
103375 90715 1:0 103869
103404 90714 1:0 103876
103445 50255 1:0 103880
103486 90713 1:0 103887
103487 13 1:0 103889
103496 50258 1:0 103896
103496 92257 1:0 103902
103496 92224 1:0 103974
103502 359 1:0 104000
103502 49396 1:0 104005
103506 45964 1:0 104013
103522 45965 1:0 104016
103523 45962 1:0 104022
103535 92622 1:0 104022
103576 92636 1:0 104050
103617 45966 1:0 104025
103617 45967 1:0 104050
103618 45963 1:0 104088
103618 45954 1:0 104104
103618 45955 1:0 104107
103618 45957 1:0 104107
103618 45959 1:0 104107
103618 45956 1:0 104111
103618 45960 1:0 104111
103618 45958 1:0 104111
103618 45961 1:0 104164
103627 267 1:0 104225
103627 46112 1:0 104234
103627 92616 1:0 104234
103627 46114 1:0 104237
103633 46113 1:0 104243
103635 46111 1:0 104246
103638 46110 1:0 104271
103653 46109 1:0 104309
103654 46107 1:0 104325
103654 46105 1:0 104328
103654 46103 1:0 104328
103666 46102 1:0 104328
103666 46104 1:0 104330
103666 46101 1:0 104330
103666 46106 1:0 104330
103666 46108 1:0 104385
103748 92556 1:0 104447
103748 46257 1:0 104455
103748 92583 1:0 104455
103749 46259 1:0 104458
103749 92567 1:0 104464
103749 46261 1:0 104464
103758 46258 1:0 104467
103758 92571 1:0 104492
103758 46260 1:0 104492
103758 46256 1:0 104530
103758 46254 1:0 104546
103764 46255 1:0 104549
103764 46253 1:0 104549
103764 46251 1:0 104549
103764 46248 1:0 104575
103764 46249 1:0 104576
103764 46250 1:0 104585
103769 92191 1:0 104668
103785 46405 1:0 104676
103797 46406 1:0 104679
103879 92529 1:0 104685
103879 46403 1:0 104685
103879 92523 1:0 104713
103880 46407 1:0 104688
103880 46408 1:0 104713
103889 46404 1:0 104751
103889 46402 1:0 104767
103889 46398 1:0 104770
103889 46400 1:0 104770
103889 46396 1:0 104770
103889 46397 1:0 104772
103889 46399 1:0 104772
103889 46395 1:0 104796
103889 46401 1:0 104826
103889 92255 1:0 104897
103895 92501 1:0 104897
103895 46552 1:0 104900
103899 46551 1:0 104906
103900 92505 1:0 104906
103916 46553 1:0 104909
103928 46555 1:0 104934
103928 46543 1:0 104934
103969 46549 1:0 104934
103969 46548 1:0 104937
103969 46545 1:0 104937
104012 46544 1:0 104937
104012 46542 1:0 104947
104012 46546 1:0 104947
104012 46547 1:0 104947
104012 46550 1:0 104991
104013 46554 1:0 105077
104013 46700 1:0 105118
104013 92477 1:0 105127
104022 46702 1:0 105121
104022 46697 1:0 105127
104022 46699 1:0 105130
104022 46698 1:0 105155
104028 92471 1:0 105155
104028 46701 1:0 105193
104030 46696 1:0 105209
104030 46693 1:0 105212
104030 46689 1:0 105212
104030 46692 1:0 105212
104030 46694 1:0 105214
104032 46690 1:0 105214
104032 46691 1:0 105214
104041 359 21:0 104055
104048 46695 1:0 105268
104049 46844 1:0 105339
104061 46849 1:0 105342
104061 92435 1:0 105348
104102 46847 1:0 105348
104110 46987 1:0 105600
104130 46845 1:0 105351
104131 92450 1:0 105356
104132 46846 1:0 105376
104150 45957 21:0 104170
104170 45961 21:0 104195
104181 46848 1:0 105414
104181 46843 1:0 105430
104191 46837 1:0 105433
104191 46841 1:0 105433
104191 46838 1:0 105433
104191 46840 1:0 105435
104191 46839 1:0 105435
104191 46836 1:0 105459
104193 46842 1:0 105489
104194 45960 21:0 104225
104201 92417 1:0 105552
104224 45954 21:0 104225
104224 45955 21:0 104225
104224 45963 21:0 104228
104227 45967 21:0 104228
104227 45966 21:0 104236
104233 46995 1:0 105560
104233 92406 1:0 105560
104233 92391 1:0 105569
104234 46992 1:0 105563
104234 46996 1:0 105569
104234 46994 1:0 105572
104235 45962 21:0 104239
104237 92402 1:0 105597
104238 45965 21:0 104239
104238 45964 21:0 104245
104240 46993 1:0 105597
104240 46989 1:0 105600
104240 46985 1:0 105635
104240 46983 1:0 105635
104240 46990 1:0 105635
104243 46988 1:0 105651
104243 46984 1:0 105651
104243 46986 1:0 105691
104243 46991 1:0 105720
104243 92288 1:0 105781
104243 92385 1:0 105781
104244 45958 21:0 104245
104244 45959 21:0 104245
104244 45956 21:0 104245
104246 47142 1:0 105784
104249 92372 1:0 105790
104249 47139 1:0 105790
104249 47132 1:0 105793
104253 47141 1:0 105793
104269 47135 1:0 105803
104269 47131 1:0 105803
104269 47138 1:0 105803
104270 47137 1:0 105803
104282 47140 1:0 105831
104323 47143 1:0 105875
104323 47130 1:0 105901
104331 47133 1:0 105877
104331 47134 1:0 105877
104336 47136 1:0 105931
104351 92351 1:0 105994
104352 92325 1:0 105994
104352 92352 1:0 106002
104353 92345 1:0 106011
104371 46104 21:0 104391
104391 46108 21:0 104416
104402 47286 1:0 106002
104412 47290 1:0 106005
104415 46101 21:0 104446
104422 47285 1:0 106011
104445 46107 21:0 104446
104445 46102 21:0 104446
104445 46109 21:0 104449
104448 46110 21:0 104449
104448 46111 21:0 104457
104454 47288 1:0 106014
104454 92340 1:0 106039
104455 47289 1:0 106039
104455 47287 1:0 106077
104455 47278 1:0 106093
104455 47279 1:0 106096
104455 47284 1:0 106096
104455 47282 1:0 106096
104455 47281 1:0 106098
104455 47280 1:0 106098
104455 47277 1:0 106122
104455 47283 1:0 106152
104456 46113 21:0 104460
104458 92312 1:0 106223
104459 46114 21:0 104460
104459 46112 21:0 104466
104461 47432 1:0 106223
104461 47434 1:0 106226
104464 47433 1:0 106232
104464 92299 1:0 106232
104464 47435 1:0 106235
104464 47436 1:0 106260
104464 92305 1:0 106260
104465 46106 21:0 104466
104465 46103 21:0 104466
104465 46105 21:0 104466
104467 47437 1:0 106298
104467 47430 1:0 106314
104470 47425 1:0 106317
104470 47427 1:0 106317
104470 47426 1:0 106317
104470 47424 1:0 106319
104470 47429 1:0 106319
104470 47428 1:0 106319
104470 47431 1:0 106374
104474 47581 1:0 106444
104490 47584 1:0 106447
104491 47582 1:0 106453
104503 92259 1:0 106453
104544 47579 1:0 106456
104552 92239 1:0 106481
104572 47580 1:0 106481
104573 47583 1:0 106519
104573 47578 1:0 106535
104573 47574 1:0 106538
104574 47572 1:0 106538
104574 47576 1:0 106538
104585 46248 21:0 104629
104623 47575 1:0 106540
104623 47571 1:0 106540
104623 47573 1:0 106540
104623 47577 1:0 106594
104628 46249 21:0 104667
104643 92254 1:0 106665
104666 46255 21:0 104667
104666 46254 21:0 104667
104666 46256 21:0 104670
104669 46260 21:0 104670
104669 46258 21:0 104678
104675 92240 1:0 106665
104675 47729 1:0 106668
104675 92252 1:0 106674
104676 47728 1:0 106674
104676 47726 1:0 106677
104676 47725 1:0 106702
104676 47727 1:0 106702
104677 46261 21:0 104681
104679 47724 1:0 106702
104680 46259 21:0 104681
104680 46257 21:0 104687
104682 47720 1:0 106705
104682 47721 1:0 106705
104682 47719 1:0 106705
104682 47718 1:0 106715
104682 47723 1:0 106715
104682 47722 1:0 106715
104682 47730 1:0 106759
104685 47731 1:0 106846
104685 47877 1:0 106886
104685 92208 1:0 106886
104685 47874 1:0 106889
104685 92193 1:0 106895
104686 46250 21:0 104687
104686 46251 21:0 104687
104686 46253 21:0 104687
104688 47876 1:0 106895
104691 47875 1:0 106898
104691 92206 1:0 106923
104695 47878 1:0 106923
104695 47869 1:0 106926
104696 47872 1:0 106926
104696 47871 1:0 106961
104711 47866 1:0 106961
104711 47870 1:0 106961
104711 47865 1:0 106977
104711 47868 1:0 106977
104724 47867 1:0 107016
104724 47873 1:0 107046
104778 92188 1:0 107099
104794 48022 1:0 107107
104794 48021 1:0 107110
104806 46395 21:0 104850
104844 92173 1:0 107116
104846 48023 1:0 107116
104849 46401 21:0 104888
104854 48020 1:0 107119
104864 92171 1:0 107144
104887 46402 21:0 104888
104887 46396 21:0 104888
104887 46404 21:0 104891
104890 46408 21:0 104891
104890 46407 21:0 104899
104896 48024 1:0 107144
104896 48012 1:0 107147
104896 48025 1:0 107198
104896 48017 1:0 107201
104897 48013 1:0 107201
104897 48016 1:0 107201
104897 48018 1:0 107203
104897 48015 1:0 107203
104897 48014 1:0 107203
104897 48019 1:0 107258
104897 48171 1:0 107328
104897 48160 1:0 107419
104897 48161 1:0 107419
104898 46403 21:0 104902
104900 48167 1:0 107331
104901 46406 21:0 104902
104901 46405 21:0 104908
104903 48170 1:0 107337
104903 48172 1:0 107340
104906 92153 1:0 107345
104906 48168 1:0 107365
104906 48165 1:0 107368
104906 48162 1:0 107368
104906 48159 1:0 107403
104906 48166 1:0 107403
104906 48163 1:0 107403
104906 48164 1:0 107469
104906 48169 1:0 107498
104906 48259 1:0 107517
104906 48260 1:0 107549
104907 46400 21:0 104908
104907 46399 21:0 104908
104907 46397 21:0 104908
104907 46398 21:0 104908
105027 46542 21:0 105071
105070 46546 21:0 105078
105077 46547 21:0 105084
105087 46554 21:0 105109
105108 46550 21:0 105112
105111 46549 21:0 105112
105111 46543 21:0 105112
105111 46548 21:0 105112
105111 46555 21:0 105120
105119 46553 21:0 105123
105122 46551 21:0 105123
105122 46552 21:0 105129
105128 46545 21:0 105129
105128 46544 21:0 105129
105258 46691 21:0 105277
105278 46695 21:0 105302
105301 46690 21:0 105330
105329 46689 21:0 105330
105329 46696 21:0 105330
105329 46701 21:0 105333
105332 46698 21:0 105333
105332 46699 21:0 105341
105340 46697 21:0 105344
105343 46702 21:0 105344
105343 46700 21:0 105350
105349 46693 21:0 105350
105349 46692 21:0 105350
105349 46694 21:0 105350
105469 46836 21:0 105513
105512 46842 21:0 105551
105550 46837 21:0 105551
105550 46843 21:0 105551
105550 46848 21:0 105554
105553 46846 21:0 105554
105553 46845 21:0 105562
105561 46847 21:0 105565
105564 46849 21:0 105565
105564 46844 21:0 105571
105570 46840 21:0 105571
105570 46841 21:0 105571
105570 46839 21:0 105571
105570 46838 21:0 105571
105697 46986 21:0 105717
105716 46988 21:0 105724
105730 46991 21:0 105772
105771 46984 21:0 105772
105771 46983 21:0 105772
105771 46990 21:0 105775
105774 46989 21:0 105775
105774 46993 21:0 105775
105774 46994 21:0 105783
105782 46996 21:0 105786
105785 46992 21:0 105786
105785 46995 21:0 105792
105791 46985 21:0 105792
105791 46987 21:0 105792
105911 47130 21:0 105955
105954 47133 21:0 105962
105961 47134 21:0 105968
105968 47143 21:0 105993
105992 47140 21:0 105996
105995 47131 21:0 105996
105995 47137 21:0 105996
105995 47136 21:0 105996
105995 47138 21:0 106004
106003 47141 21:0 106007
106006 47139 21:0 106007
106006 47142 21:0 106013
106012 47135 21:0 106013
106012 47132 21:0 106013
106132 47277 21:0 106176
106175 47283 21:0 106214
106213 47284 21:0 106214
106213 47278 21:0 106214
106213 47287 21:0 106217
106216 47289 21:0 106217
106216 47288 21:0 106225
106224 47285 21:0 106228
106227 47290 21:0 106228
106227 47286 21:0 106234
106233 47281 21:0 106234
106233 47282 21:0 106234
106233 47279 21:0 106234
106233 47280 21:0 106234
106360 47427 21:0 106380
106380 47431 21:0 106405
106404 47424 21:0 106435
106434 47430 21:0 106435
106434 47425 21:0 106435
106434 47437 21:0 106438
106437 47436 21:0 106438
106437 47435 21:0 106446
106445 47433 21:0 106449
106448 47434 21:0 106449
106448 47432 21:0 106455
106454 47429 21:0 106455
106454 47426 21:0 106455
106454 47428 21:0 106455
106584 47573 21:0 106603
106604 47577 21:0 106628
106627 47571 21:0 106656
106655 47572 21:0 106656
106655 47578 21:0 106656
106655 47583 21:0 106659
106658 47580 21:0 106659
106658 47579 21:0 106667
106666 47582 21:0 106670
106669 47584 21:0 106670
106669 47581 21:0 106676
106675 47575 21:0 106676
106675 47576 21:0 106676
106675 47574 21:0 106676
106795 47718 21:0 106839
106838 47722 21:0 106846
106845 47723 21:0 106852
106852 47731 21:0 106877
106876 47730 21:0 106880
106879 47719 21:0 106880
106879 47725 21:0 106880
106879 47724 21:0 106880
106879 47727 21:0 106888
106887 47726 21:0 106891
106890 47728 21:0 106891
106890 47729 21:0 106897
106896 47721 21:0 106897
106896 47720 21:0 106897
107026 47867 21:0 107045
107044 47868 21:0 107052
107056 47873 21:0 107098
107097 47865 21:0 107098
107097 47866 21:0 107098
107097 47871 21:0 107101
107100 47878 21:0 107101
107100 47872 21:0 107101
107100 47875 21:0 107109
107108 47876 21:0 107112
107111 47874 21:0 107112
107111 47877 21:0 107118
107117 47870 21:0 107118
107117 47869 21:0 107118
107244 48015 21:0 107264
107264 48019 21:0 107289
107288 48018 21:0 107319
107318 48013 21:0 107319
107318 48025 21:0 107319
107318 48012 21:0 107322
107321 48024 21:0 107322
107321 48020 21:0 107330
107329 48023 21:0 107333
107332 48021 21:0 107333
107332 48022 21:0 107339
107338 48016 21:0 107339
107338 48017 21:0 107339
107338 48014 21:0 107339
107455 48160 21:0 107501
107500 48164 21:0 107507
107508 48169 21:0 176
