49 8780 0:0 51
50 8781 0:0 51
50 337 0:0 51
50 8779 0:0 51
50 8783 0:0 51
50 8778 0:0 51
105 8929 21:0 113
112 8931 0:0 113
112 8930 21:0 179
177 8932 0:0 179
181 8962 0:0 184
186 8963 21:0 244
188 8964 0:0 189
243 8965 0:0 255
257 8995 21:0 265
264 8997 0:0 265
264 8996 0:0 265
265 8998 21:0 331
333 9028 21:0 341
340 9029 0:0 341
340 9030 21:0 407
405 9031 0:0 407
409 9061 0:0 412
414 9062 21:0 472
416 9063 0:0 417
471 9064 0:0 483
485 9094 21:0 493
492 9096 0:0 493
492 9095 0:0 493
493 9097 21:0 559
561 9127 21:0 569
568 9128 0:0 569
568 9129 21:0 635
633 9130 0:0 635
637 9160 0:0 640
642 9161 21:0 700
644 9162 0:0 645
699 9163 0:0 711
713 9193 21:0 721
720 9195 0:0 721
720 9194 0:0 721
721 9196 21:0 787
789 9226 0:0 792
794 9227 21:0 852
796 9228 0:0 797
851 9229 0:0 863
870 9260 21:0 928
872 9261 0:0 873
927 9262 0:0 939
941 9292 0:0 944
946 9294 21:0 1004
948 9293 0:0 949
1022 9326 0:0 1025
1022 9327 0:0 1025
1025 9328 21:0 1091
1093 9358 0:0 1096
1098 9359 21:0 1156
1100 9360 0:0 1101
1155 9361 0:0 1167
1169 9391 0:0 1172
1174 9392 21:0 1232
1176 9393 0:0 1177
1245 9424 0:0 1248
1250 9425 21:0 1308
1252 9426 0:0 1253
1307 9427 0:0 1319
1321 9457 21:0 1329
1328 9459 21:0 1395
1425 9503 21:0 1435
1463 9459 1:0 1583
1464 9457 1:0 1592
1472 9427 1:0 1698
1472 9425 1:0 1704
1478 9426 1:0 1705
1585 9424 1:0 1714
1586 9392 1:0 1826
1586 9393 1:0 1827
1594 9391 1:0 1836
1594 9361 1:0 1942
1604 9359 1:0 1948
1707 9360 1:0 1949
1708 9358 1:0 1958
1708 9328 1:0 2064
1716 9327 1:0 2071
1722 9326 1:0 2070
1740 9294 1:0 2193
1828 9698 21:0 1832
1829 9293 1:0 2192
1830 9292 1:0 2202
1838 9262 1:0 2308
1838 9260 1:0 2314
1844 9261 1:0 2315
1863 9229 1:0 2430
1950 9755 21:0 1954
1951 9227 1:0 2436
1952 9228 1:0 2437
1960 9759 21:0 1962
1960 9226 1:0 2446
1960 9196 1:0 2552
1966 9194 1:0 2558
1984 9195 1:0 2559
2073 9193 1:0 2568
2074 9163 1:0 2674
2082 9161 1:0 2680
2082 9162 1:0 2681
2088 9160 1:0 2690
2091 9819 21:0 2113
2195 9130 1:0 2796
2196 9128 1:0 2802
2196 9129 1:0 2803
2204 9127 1:0 2812
2204 9097 1:0 2918
2214 9095 1:0 2924
2317 9096 1:0 2925
2318 9094 1:0 2934
2318 9064 1:0 3040
2326 9062 1:0 3046
2332 9063 1:0 3047
2350 9061 1:0 3056
2439 9031 1:0 3162
2440 9030 1:0 3169
2448 9029 1:0 3168
2448 9028 1:0 3178
2454 8998 1:0 3284
2561 8997 1:0 3291
2562 8996 1:0 3290
2562 8995 1:0 3300
2570 8965 1:0 3406
2576 8963 1:0 3412
2579 10047 21:0 2601
2594 8964 1:0 3413
2683 8962 1:0 3422
2684 8932 1:0 3528
2684 8930 1:0 3534
2692 8931 1:0 3535
2692 335 1:0 3648
2698 8929 1:0 3544
3302 10386 21:0 3304
3555 10503 21:0 3577
3646 334 21:0 3696
3696 10566 21:0 3712
3714 10580 21:0 3722
3721 10581 0:0 3722
3721 10582 0:0 3722
3722 10583 21:0 3788
3776 10596 0:0 3777
3787 10600 0:0 3788
3790 10613 21:0 3798
3797 10614 0:0 3798
3797 10615 21:0 3864
3810 10605 0:0 3812
3862 10616 0:0 3864
3863 10618 0:0 3864
3866 10646 21:0 3874
3873 10648 0:0 3874
3873 10647 21:0 3940
3922 10658 0:0 3924
3938 10649 0:0 3940
3939 10677 0:0 3940
3942 10679 21:0 3950
3949 10681 0:0 3950
3949 10680 21:0 4016
3962 67 0:0 3964
4014 10682 0:0 4016
4015 10710 0:0 4016
4018 10712 21:0 4026
4025 10713 0:0 4026
4025 10714 21:0 4092
4090 10715 0:0 4092
4091 10732 0:0 4092
4094 10745 21:0 4102
4101 10746 0:0 4102
4101 10747 21:0 4168
4166 10748 0:0 4168
4167 10765 0:0 4168
4170 10778 21:0 4178
4177 10779 0:0 4178
4177 10780 21:0 4244
4191 10789 0:0 4192
4232 10797 0:0 4233
4242 10781 0:0 4244
4243 10798 0:0 4244
4246 10811 21:0 4254
4253 10812 0:0 4254
4253 10813 21:0 4320
4318 10814 0:0 4320
4322 10844 21:0 4330
4329 10846 0:0 4330
4329 10845 21:0 4396
4394 10847 0:0 4396
4398 10877 21:0 4406
4405 10878 0:0 4406
4405 10879 21:0 4472
4470 10880 0:0 4472
4474 10910 21:0 4482
4475 191 0:0 4477
4481 10909 0:0 4482
4481 10912 0:0 4482
4481 10911 21:0 4548
4546 10913 0:0 4548
4547 10941 0:0 4548
4550 10943 21:0 4558
4557 10945 0:0 4558
4557 10944 21:0 4624
4622 10946 0:0 4624
4623 10963 0:0 4624
4626 10976 21:0 4634
4633 10978 0:0 4634
4633 10977 21:0 4700
4647 10987 0:0 4648
4688 10994 0:0 4689
4688 10992 0:0 4689
4698 10979 0:0 4700
4699 10996 0:0 4700
4702 11009 21:0 4710
4709 11011 0:0 4710
4709 249 0:0 4710
4709 11010 21:0 4776
4764 11028 0:0 4765
4774 11012 0:0 4776
4775 11040 0:0 4776
4775 11029 0:0 4776
4778 11042 21:0 4786
4785 11043 0:0 4786
4785 11044 21:0 4852
4850 11045 0:0 4852
4854 11075 21:0 4862
4861 11077 0:0 4862
4861 11076 21:0 4928
4926 11078 0:0 4928
4930 11108 21:0 4938
4937 11110 0:0 4938
4937 11109 21:0 5004
5002 11111 0:0 5004
5006 11141 21:0 5014
5013 11142 0:0 5014
5013 11143 0:0 5014
5015 11142 1:0 5072
5015 11143 1:0 5073
5034 11154 21:0 5044
5043 193 21:0 5067
5066 10585 21:0 5067
5075 11141 1:0 5083
5076 11111 1:0 5196
5085 11109 1:0 5203
5085 11110 1:0 5204
5091 11108 1:0 5214
5111 11078 1:0 5327
5204 9584 21:0 5209
5206 11076 1:0 5334
5207 11077 1:0 5335
5207 11075 1:0 5345
5216 11045 1:0 5458
5216 9698 1:0 5458
5216 11044 1:0 5466
5224 11043 1:0 5465
5255 11042 1:0 5476
5335 9641 21:0 5340
5337 11040 1:0 5486
5337 11029 1:0 5506
5337 11028 1:0 5515
5337 9759 1:0 5560
5338 11012 1:0 5589
5338 9755 1:0 5589
5346 9645 21:0 5349
5347 11010 1:0 5596
5347 11011 1:0 5597
5347 249 1:0 5602
5353 11009 1:0 5607
5353 10996 1:0 5637
5355 10992 1:0 5646
5358 10994 1:0 5646
5468 10987 1:0 5699
5468 10979 1:0 5720
5469 10977 1:0 5727
5469 10978 1:0 5728
5478 10976 1:0 5738
5478 9819 1:0 5747
5478 10963 1:0 5768
5484 10946 1:0 5851
5504 10944 1:0 5858
5599 10945 1:0 5859
5600 10943 1:0 5869
5600 10941 1:0 5879
5609 10913 1:0 5982
5609 193 1:0 5982
5609 10911 1:0 5989
5615 10912 1:0 5990
5615 10909 1:0 5993
5618 9762 21:0 5642
5636 10910 1:0 6000
5636 191 1:0 6004
5730 10880 1:0 6113
5731 10879 1:0 6121
5740 10878 1:0 6120
5740 10877 1:0 6131
5746 10847 1:0 6244
5751 10845 1:0 6251
5861 10846 1:0 6252
5862 10844 1:0 6262
5862 10047 1:0 6271
5862 10814 1:0 6375
5870 9873 21:0 5873
5871 10812 1:0 6382
5871 10813 1:0 6383
5877 10811 1:0 6393
5879 10798 1:0 6423
5882 10797 1:0 6432
5992 10789 1:0 6485
5992 10781 1:0 6506
5993 10779 1:0 6513
5993 10780 1:0 6514
6002 10778 1:0 6524
6002 10765 1:0 6554
6008 10748 1:0 6637
6013 10747 1:0 6645
6121 9983 21:0 6126
6123 10746 1:0 6644
6124 10745 1:0 6655
6124 10732 1:0 6685
6124 10715 1:0 6768
6133 10713 1:0 6775
6133 10714 1:0 6776
6139 10712 1:0 6786
6141 10710 1:0 6796
6172 10682 1:0 6899
6252 10040 21:0 6257
6254 67 1:0 6901
6255 10680 1:0 6906
6255 10681 1:0 6907
6264 10679 1:0 6917
6264 10677 1:0 6927
6264 10658 1:0 6982
6264 10649 1:0 7030
6270 10386 1:0 7030
6275 10647 1:0 7037
6385 10648 1:0 7038
6386 10646 1:0 7048
6386 10618 1:0 7145
6386 10616 1:0 7161
6395 10614 1:0 7168
6395 10615 1:0 7169
6403 10613 1:0 7179
6406 10585 1:0 7184
6421 10605 1:0 7186
6422 10600 1:0 7185
6516 10596 1:0 7214
6516 10583 1:0 7292
6517 10581 1:0 7299
6526 10582 1:0 7300
6526 10580 1:0 7310
6526 10503 1:0 7319
6526 10566 1:0 7349
6532 336 1:0 7421
6656 10215 21:0 6659
6666 10218 21:0 6690
6797 10275 21:0 6821
7059 10389 21:0 7083
7419 335 21:0 7469
7487 12231 0:0 7490
7492 12233 21:0 7550
7494 12232 0:0 7495
7549 12234 0:0 7561
7563 12264 21:0 7571
7570 12266 0:0 7571
7570 12265 21:0 7637
7583 12256 0:0 7585
7625 12280 0:0 7626
7635 12267 0:0 7637
7639 12297 21:0 7647
7646 12296 0:0 7647
7646 12298 0:0 7647
7646 12299 21:0 7713
7659 12289 0:0 7661
7711 12300 0:0 7713
7712 12302 0:0 7713
7715 12330 21:0 7723
7722 12331 0:0 7723
7722 12332 21:0 7789
7777 12349 0:0 7778
7787 12333 0:0 7789
7791 12363 21:0 7799
7798 12365 0:0 7799
7798 12364 21:0 7865
7811 85 0:0 7813
7863 12366 0:0 7865
7864 12368 0:0 7865
7867 12396 21:0 7875
7874 12397 0:0 7875
7874 12398 21:0 7941
7888 12407 0:0 7889
7929 12415 0:0 7930
7939 12399 0:0 7941
7943 12429 21:0 7951
7950 12430 0:0 7951
7950 12431 21:0 8017
7963 121 0:0 7965
8015 12432 0:0 8017
8019 12462 21:0 8027
8026 12464 0:0 8027
8026 12463 21:0 8093
8039 139 0:0 8041
8091 12465 0:0 8093
8092 12467 0:0 8093
8095 12495 21:0 8103
8096 155 0:0 8098
8102 159 0:0 8103
8102 12496 0:0 8103
8102 12497 21:0 8169
8167 12498 0:0 8169
8171 12528 21:0 8179
8178 12529 0:0 8179
8178 12530 21:0 8245
8233 12546 0:0 8234
8243 12531 0:0 8245
8247 12561 21:0 8255
8254 12563 0:0 8255
8254 12562 21:0 8321
8303 12573 0:0 8305
8319 12564 0:0 8321
8323 12594 21:0 8331
8330 12595 0:0 8331
8330 12596 21:0 8397
8395 12597 0:0 8397
8396 12614 0:0 8397
8399 12627 21:0 8407
8406 12628 0:0 8407
8406 12629 21:0 8473
8461 12645 0:0 8462
8471 12630 0:0 8473
8475 12660 21:0 8483
8482 12661 0:0 8483
8482 12662 21:0 8549
8547 12663 0:0 8549
8551 12693 21:0 8559
8552 263 0:0 8554
8558 12692 0:0 8559
8558 12694 0:0 8559
8558 12695 21:0 8625
8623 12696 0:0 8625
8627 12726 21:0 8635
8634 12727 0:0 8635
8634 12728 21:0 8701
8699 12729 0:0 8701
8703 12759 21:0 8711
8710 12760 0:0 8711
8710 12761 21:0 8777
8775 12762 0:0 8777
8779 12792 21:0 8787
8786 12794 0:0 8787
8786 12793 0:0 8787
8788 12793 1:0 8845
8788 12794 1:0 8846
8807 12805 21:0 8817
8816 12478 21:0 8840
8839 12547 21:0 8840
8839 283 21:0 8843
8846 9527 21:0 8851
8848 12792 1:0 8856
8849 12762 1:0 8969
8849 9584 1:0 8969
8857 9531 21:0 8860
8858 12760 1:0 8976
8858 12761 1:0 8977
8864 12759 1:0 8987
8864 9645 1:0 9020
8864 283 1:0 9071
8867 9534 21:0 8891
8885 12729 1:0 9100
8885 9641 1:0 9100
8979 12728 1:0 9108
8980 12727 1:0 9107
8989 12726 1:0 9118
8989 12696 1:0 9231
8995 12695 1:0 9239
8995 12692 1:0 9242
8998 9591 21:0 9022
9015 12694 1:0 9238
9108 9641 21:0 9113
9110 12693 1:0 9249
9110 263 1:0 9253
9111 12663 1:0 9362
9111 12662 1:0 9370
9120 12661 1:0 9369
9120 12660 1:0 9380
9120 9762 1:0 9389
9126 12645 1:0 9419
9129 9648 21:0 9153
9131 12630 1:0 9493
9159 12629 1:0 9501
9241 12628 1:0 9500
9242 12627 1:0 9511
9242 12614 1:0 9541
9242 9873 1:0 9624
9250 9702 21:0 9253
9251 12597 1:0 9624
9251 12596 1:0 9632
9257 12595 1:0 9631
9278 12594 1:0 9642
9290 12573 1:0 9707
9372 12564 1:0 9755
9373 12562 1:0 9762
9382 12563 1:0 9763
9382 12561 1:0 9773
9382 12547 1:0 9812
9382 12546 1:0 9812
9388 9983 1:0 9886
9393 12531 1:0 9886
9503 12530 1:0 9894
9504 12529 1:0 9893
9504 12528 1:0 9904
9513 12498 1:0 10017
9513 10040 1:0 10017
9513 12497 1:0 10025
9521 12496 1:0 10024
9524 159 1:0 10030
9634 12495 1:0 10035
9634 155 1:0 10039
9634 12478 1:0 10074
9635 12467 1:0 10132
9635 12465 1:0 10148
9644 139 1:0 10150
9644 12463 1:0 10155
9644 12464 1:0 10156
9650 12462 1:0 10166
9671 12432 1:0 10279
9765 121 1:0 10281
9765 12431 1:0 10287
9766 12430 1:0 10286
9775 12429 1:0 10297
9775 12415 1:0 10336
9775 10215 1:0 10410
9775 12399 1:0 10410
9781 12407 1:0 10389
9786 12398 1:0 10418
9896 12397 1:0 10417
9897 12396 1:0 10428
9897 10218 1:0 10437
9897 12366 1:0 10541
9906 12368 1:0 10525
9906 85 1:0 10543
9906 12364 1:0 10548
9912 12365 1:0 10549
9932 12363 1:0 10559
9933 10275 1:0 10568
9945 12349 1:0 10598
10025 10040 21:0 10030
10027 12333 1:0 10672
10028 12332 1:0 10680
10037 12331 1:0 10679
10037 12330 1:0 10690
10043 12302 1:0 10787
10043 12300 1:0 10803
10063 12299 1:0 10811
10158 12298 1:0 10810
10158 12296 1:0 10814
10159 12297 1:0 10821
10159 10389 1:0 10830
10159 12289 1:0 10836
10159 12280 1:0 10860
10168 12267 1:0 10934
10168 12265 1:0 10941
10176 12266 1:0 10942
10207 12264 1:0 10952
10289 12256 1:0 10967
10290 12234 1:0 11065
10290 12233 1:0 11073
10298 10158 21:0 10301
10299 12232 1:0 11072
10299 12231 1:0 11083
10299 337 1:0 11194
10302 9527 1:0 12627
10418 10211 21:0 10423
10549 10268 21:0 10554
11192 336 21:0 11242
11242 13867 21:0 11258
11260 13882 0:0 11263
11265 13883 21:0 11323
11267 13884 0:0 11268
11280 13 0:0 11282
11322 13885 0:0 11334
11336 13915 21:0 11344
11343 13917 0:0 11344
11343 13916 0:0 11344
11344 13918 21:0 11410
11409 33 21:0 11415
11412 13948 0:0 11415
11417 13949 21:0 11475
11418 51 0:0 11420
11419 13950 0:0 11420
11432 13940 0:0 11434
11474 13951 0:0 11486
11474 13959 21:0 11486
11488 13981 21:0 11496
11495 13983 0:0 11496
11495 13982 21:0 11562
11544 13993 0:0 11546
11560 13984 0:0 11562
11564 14014 21:0 11572
11571 14015 0:0 11572
11571 14016 21:0 11638
11584 14006 0:0 11586
11636 14017 0:0 11638
11637 14019 21:0 11643
11640 14047 0:0 11643
11645 14048 21:0 11703
11647 14049 0:0 11648
11702 14050 0:0 11714
11716 14080 21:0 11724
11723 14081 0:0 11724
11723 14082 21:0 11790
11736 14072 0:0 11738
11737 14091 0:0 11738
11772 14092 0:0 11774
11788 14083 0:0 11790
11792 14113 21:0 11800
11799 14114 0:0 11800
11799 14115 21:0 11866
11864 14116 0:0 11866
11865 14133 0:0 11866
11868 14146 21:0 11876
11875 14147 0:0 11876
11875 14148 21:0 11942
11930 14164 0:0 11931
11940 14149 0:0 11942
11941 14166 0:0 11942
11944 14179 21:0 11952
11951 14181 0:0 11952
11951 14180 21:0 12018
11964 175 0:0 11966
12016 14182 0:0 12018
12017 14210 0:0 12018
12020 14212 21:0 12028
12027 14214 0:0 12028
12027 14213 21:0 12094
12082 14231 0:0 12083
12092 14215 0:0 12094
12096 14245 21:0 12104
12103 14247 0:0 12104
12103 14246 21:0 12170
12168 14248 0:0 12170
12172 14278 21:0 12180
12173 227 0:0 12175
12179 14280 0:0 12180
12179 14279 0:0 12180
12180 14281 21:0 12246
12234 14297 0:0 12235
12248 14311 21:0 12256
12255 14312 0:0 12256
12255 14310 0:0 12256
12255 14313 21:0 12322
12320 14314 0:0 12322
12321 14316 0:0 12322
12321 14331 0:0 12322
12324 14344 21:0 12332
12331 14345 0:0 12332
12331 267 0:0 12332
12331 14346 21:0 12398
12396 14347 0:0 12398
12400 14377 21:0 12408
12407 14379 0:0 12408
12407 14378 21:0 12474
12462 14396 0:0 12463
12472 14380 0:0 12474
12476 14410 21:0 12484
12483 14411 0:0 12484
12483 14412 21:0 12550
12496 14402 0:0 12498
12548 14413 0:0 12550
12549 14105 21:0 12555
12554 14388 21:0 12555
12554 14369 21:0 12560
12559 231 21:0 12560
12631 9531 1:0 12638
12631 9534 1:0 12648
12631 6279 1:0 12792
12631 6282 1:0 12803
12632 14413 1:0 12724
12632 6280 1:0 12793
12632 6281 1:0 12802
12641 6283 1:0 12812
12641 6284 1:0 12813
12641 14412 1:0 12850
12647 14411 1:0 12849
12667 14410 1:0 12860
12668 9591 1:0 12869
12680 14402 1:0 12875
12680 14388 1:0 12893
12721 14396 1:0 12895
12721 9641 1:0 12944
12734 6430 1:0 13033
12751 14380 1:0 13063
12800 6426 1:0 13013
12809 6282 21:0 12844
12810 6427 1:0 13014
12842 6283 0:0 12844
12843 6280 0:0 12844
12843 6281 0:0 12844
12843 6279 0:0 12844
12843 6284 0:0 12844
12852 6428 1:0 13023
12852 6429 1:0 13024
12852 6431 1:0 13034
12853 14378 1:0 13070
12862 14379 1:0 13071
12862 14377 1:0 13081
12862 9648 1:0 13090
12862 14369 1:0 13096
12862 9702 1:0 13165
12870 14347 1:0 13166
12873 6573 1:0 13234
12888 6574 1:0 13235
12889 6575 1:0 13244
12901 6576 1:0 13245
12901 6577 1:0 13254
12942 6578 1:0 13255
12942 6721 1:0 13456
12971 14346 1:0 13292
13021 14316 1:0 13399
13043 6430 21:0 13065
13064 6428 0:0 13065
13064 6427 0:0 13065
13064 6429 0:0 13065
13064 6431 0:0 13065
13064 6426 0:0 13065
13073 14345 1:0 13291
13073 267 1:0 13297
13074 14344 1:0 13302
13074 14331 1:0 13332
13074 6720 1:0 13455
13083 6722 1:0 13465
13083 6723 1:0 13466
13083 6724 1:0 13475
13083 6725 1:0 13476
13083 14314 1:0 13505
13091 14313 1:0 13513
13122 14312 1:0 13512
13122 14310 1:0 13516
13191 14311 1:0 13523
13242 14281 1:0 13607
13244 6573 21:0 13286
13252 14297 1:0 13562
13284 6577 0:0 13286
13285 6574 0:0 13286
13285 6575 0:0 13286
13285 6576 0:0 13286
13285 6578 0:0 13286
13294 6867 1:0 13676
13294 6868 1:0 13677
13294 6869 1:0 13686
13294 6870 1:0 13687
13295 6871 1:0 13696
13295 6872 1:0 13697
13295 14279 1:0 13733
13304 14280 1:0 13734
13304 231 1:0 13737
13304 7018 1:0 13917
13310 14278 1:0 13744
13310 227 1:0 13748
13312 7014 1:0 13897
13315 7015 1:0 13898
13343 14248 1:0 13947
13384 7016 1:0 13907
13384 7017 1:0 13908
13397 7019 1:0 13918
13414 14246 1:0 13954
13462 6721 21:0 13507
13463 7162 1:0 14119
13473 7161 1:0 14118
13506 6725 0:0 13507
13506 6724 0:0 13507
13506 6722 0:0 13507
13506 6723 0:0 13507
13506 6720 0:0 13507
13515 14247 1:0 13955
13516 14245 1:0 13965
13516 14231 1:0 14004
13516 7163 1:0 14128
13525 7164 1:0 14129
13525 7165 1:0 14138
13525 7166 1:0 14139
13525 14215 1:0 14167
13531 14213 1:0 14175
13552 14214 1:0 14176
13605 14212 1:0 14186
13618 14210 1:0 14196
13684 14182 1:0 14271
13694 7309 1:0 14340
13696 6869 21:0 13728
13726 6871 0:0 13728
13726 6870 0:0 13728
13726 6867 0:0 13728
13727 6872 0:0 13728
13727 6868 0:0 13728
13736 7308 1:0 14339
13736 7310 1:0 14349
13736 7311 1:0 14350
13736 7312 1:0 14359
13737 7313 1:0 14360
13737 175 1:0 14391
13737 14180 1:0 14396
13746 14181 1:0 14397
13746 14179 1:0 14407
13752 14166 1:0 14437
13752 14164 1:0 14442
13752 10040 1:0 14491
13773 14149 1:0 14492
13785 7455 1:0 14560
13785 7456 1:0 14561
13826 7457 1:0 14570
13826 7458 1:0 14571
13839 7459 1:0 14580
13854 7460 1:0 14581
13905 14148 1:0 14618
13915 7605 1:0 14792
13927 7018 21:0 13949
13948 7016 0:0 13949
13948 7014 0:0 13949
13948 7017 0:0 13949
13948 7015 0:0 13949
13948 7019 0:0 13949
13957 14147 1:0 14617
13958 14146 1:0 14628
13958 14133 1:0 14658
13958 7602 1:0 14781
13967 7603 1:0 14782
13967 7604 1:0 14791
13967 7606 1:0 14801
13967 7607 1:0 14802
13967 14116 1:0 14830
13975 14115 1:0 14839
14006 14114 1:0 14838
14060 14113 1:0 14849
14075 14105 1:0 14864
14076 14092 1:0 14914
14076 10158 1:0 14933
14077 7750 1:0 15003
14125 7162 21:0 14170
14126 14091 1:0 14941
14136 7749 1:0 15002
14168 7165 0:0 14170
14169 7166 0:0 14170
14169 7161 0:0 14170
14169 7164 0:0 14170
14169 7163 0:0 14170
14178 14083 1:0 14934
14179 7751 1:0 15012
14179 7752 1:0 15013
14179 7753 1:0 15022
14179 7754 1:0 15023
14188 14081 1:0 15059
14188 14082 1:0 15060
14194 14080 1:0 15070
14194 14072 1:0 15085
14196 10211 1:0 15154
14199 7900 1:0 15243
14214 7897 1:0 15224
14215 7896 1:0 15223
14276 14050 1:0 15273
14281 7898 1:0 15233
14296 7899 1:0 15234
14297 7901 1:0 15244
14346 7309 21:0 14391
14389 7308 0:0 14391
14389 7312 0:0 14391
14390 7311 0:0 14391
14390 7310 0:0 14391
14390 7313 0:0 14391
14399 14048 1:0 15280
14400 14049 1:0 15281
14400 14047 1:0 15291
14400 10268 1:0 15324
14409 14019 1:0 15375
14409 8043 1:0 15444
14409 8044 1:0 15445
14409 8045 1:0 15454
14409 14017 1:0 15494
14415 8046 1:0 15455
14415 8047 1:0 15464
14415 8048 1:0 15465
14436 14016 1:0 15502
14489 14015 1:0 15501
14518 14014 1:0 15512
14519 14006 1:0 15527
14568 13993 1:0 15577
14570 7455 21:0 14612
14578 8195 1:0 15686
14610 7459 0:0 14612
14610 7457 0:0 14612
14611 7456 0:0 14612
14611 7458 0:0 14612
14611 7460 0:0 14612
14620 13984 1:0 15714
14621 8190 1:0 15665
14621 8191 1:0 15666
14621 8192 1:0 15675
14621 8193 1:0 15676
14621 8194 1:0 15685
14630 13982 1:0 15722
14630 13983 1:0 15723
14636 13981 1:0 15733
14638 13959 1:0 15817
14641 8341 1:0 15906
14656 8337 1:0 15886
14657 8338 1:0 15887
14710 13951 1:0 15936
14723 8339 1:0 15896
14738 8340 1:0 15897
14739 8342 1:0 15907
14798 7605 21:0 14833
14799 13949 1:0 15943
14831 7604 0:0 14833
14832 7602 0:0 14833
14832 7603 0:0 14833
14832 7606 0:0 14833
14832 7607 0:0 14833
14841 13950 1:0 15944
14842 51 1:0 15949
14842 13948 1:0 15954
14842 13940 1:0 15961
14851 8489 1:0 16042
14851 8487 1:0 16042
14851 8484 1:0 16042
14851 8486 1:0 16117
14851 13918 1:0 16157
14857 8488 1:0 16042
14857 8485 1:0 16042
14877 13917 1:0 16165
14931 13916 1:0 16164
14939 33 1:0 16168
14960 13915 1:0 16175
15009 7750 21:0 15054
15010 8635 1:0 16348
15020 8632 1:0 16329
15052 7753 0:0 15054
15053 7752 0:0 15054
15053 7754 0:0 15054
15053 7751 0:0 15054
15053 7749 0:0 15054
15062 13885 1:0 16378
15063 8631 1:0 16328
15063 8633 1:0 16338
15063 8634 1:0 16339
15063 8636 1:0 16349
15072 13 1:0 16380
15072 13883 1:0 16385
15072 13884 1:0 16386
15078 13882 1:0 16396
15078 12805 1:0 16419
15080 13867 1:0 16419
15083 11154 1:0 16419
15083 9503 1:0 16429
15098 334 1:0 16480
15099 8782 1:0 16569
15111 8779 1:0 16550
15152 8778 1:0 16549
15152 8780 1:0 16559
15160 8781 1:0 16560
15165 8783 1:0 16570
15253 7900 21:0 15275
15274 7897 0:0 15275
15274 7901 0:0 15275
15274 7896 0:0 15275
15274 7898 0:0 15275
15274 7899 0:0 15275
15454 8043 21:0 15496
15495 8047 0:0 15496
15495 8046 0:0 15496
15495 8045 0:0 15496
15495 8048 0:0 15496
15495 8044 0:0 15496
15692 8195 21:0 15717
15715 8193 0:0 15717
15716 8191 0:0 15717
15716 8192 0:0 15717
15716 8194 0:0 15717
15716 8190 0:0 15717
15916 8341 21:0 15938
15937 8342 0:0 15938
15937 8337 0:0 15938
15937 8338 0:0 15938
15937 8340 0:0 15938
15937 8339 0:0 15938
16127 8486 21:0 16159
16157 8488 0:0 16159
16158 8484 0:0 16159
16158 8485 0:0 16159
16158 8489 0:0 16159
16158 8487 0:0 16159
16358 8635 21:0 16380
16379 8636 0:0 16380
16379 8631 0:0 16380
16379 8632 0:0 16380
16379 8633 0:0 16380
16379 8634 0:0 16380
16579 8782 21:0 87
