128 49172 0:0 129
130 49082 21:0 227
226 49078 21:0 237
236 49079 21:0 287
286 49083 21:0 308
307 49081 21:0 327
326 48199 21:0 379
378 48629 21:0 384
383 48635 21:0 384
383 47611 21:0 403
402 47613 21:0 455
454 47461 21:0 465
464 47318 21:0 520
519 48779 21:0 531
530 47462 21:0 536
535 48339 21:0 536
535 47025 21:0 591
590 49072 21:0 591
590 48928 21:0 591
590 48778 21:0 596
595 47169 21:0 612
611 48634 21:0 612
611 48485 21:0 612
611 48337 21:0 612
611 48487 21:0 612
611 48927 21:0 617
616 48486 21:0 617
616 48926 21:0 617
616 48780 21:0 617
616 48340 21:0 617
616 48484 21:0 617
616 49075 21:0 617
616 48336 21:0 631
630 49070 21:0 667
666 48923 21:0 683
682 47747 21:0 683
682 49076 21:0 688
687 47160 21:0 688
687 47159 21:0 690
689 48188 21:0 693
692 47748 21:0 693
692 47012 21:0 715
714 47313 21:0 748
747 47895 21:0 759
758 47022 21:0 764
763 47606 21:0 769
768 48930 21:0 769
768 48924 21:0 788
787 47753 21:0 824
823 47018 21:0 835
834 47601 21:0 835
834 47600 21:0 840
839 48776 21:0 840
839 47166 21:0 845
844 48783 21:0 845
844 48929 21:0 859
858 48047 21:0 895
894 48489 21:0 900
899 48194 21:0 911
910 48189 21:0 911
910 48195 21:0 916
915 47900 21:0 916
915 47454 21:0 921
920 47306 21:0 921
920 47019 21:0 935
934 47316 21:0 987
986 47317 21:0 997
996 47901 21:0 997
996 48341 21:0 1019
1018 48048 21:0 1052
1051 46872 21:0 1063
1062 49071 21:0 1063
1062 47459 21:0 1068
1067 47894 21:0 1068
1067 48483 21:0 1073
1072 47312 21:0 1073
1072 47754 21:0 1087
1086 48041 21:0 1123
1122 48488 21:0 1128
1127 47453 21:0 1139
1138 46877 21:0 1149
1148 329 21:0 1163
1397 49785 21:0 1428
3374 298 21:0 3424
4610 51256 21:0 4643
4651 304 1:0 20171
6733 299 21:0 6783
7969 52727 21:0 8002
8010 305 1:0 23530
10092 300 21:0 10142
11328 54198 21:0 11361
11369 306 1:0 26889
13451 301 21:0 13506
14687 55669 21:0 14720
14728 307 1:0 30248
16810 302 21:0 16865
18046 57140 21:0 18079
18087 308 1:0 33607
20169 303 21:0 20224
21446 309 1:0 36966
23528 304 21:0 23583
24764 60082 21:0 24797
26887 305 21:0 26942
28164 310 1:0 40325
30246 306 21:0 30301
31523 311 1:0 43684
33605 307 21:0 33660
34841 64495 21:0 34874
36964 308 21:0 37019
40323 309 21:0 40378
41600 312 1:0 47043
43682 310 21:0 43737
44918 68908 21:0 44951
44959 313 1:0 50402
47041 311 21:0 47096
50400 312 21:0 50455
51677 314 1:0 53761
53759 313 21:0 53814
54995 73321 21:0 55028
55036 315 1:0 57120
57118 314 21:0 57173
58395 316 1:0 60479
58395 317 1:0 63838
58395 318 1:0 67197
58396 319 1:0 70556
60477 315 21:0 60532
60854 75888 21:0 60928
61754 75888 1:0 63192
61755 320 1:0 73915
63836 316 21:0 63891
64064 77295 21:0 64140
65072 77734 21:0 65105
65113 77295 1:0 66806
67195 317 21:0 67250
68175 79093 21:0 68249
68472 79093 1:0 68873
68473 321 1:0 77274
70554 318 21:0 70609
70934 80303 21:0 71010
71831 80303 1:0 73262
71832 322 1:0 80633
73913 319 21:0 73968
74369 81807 21:0 74445
75149 82147 21:0 75182
75190 81807 1:0 76490
77272 320 21:0 77327
78108 83443 21:0 78184
78549 83443 1:0 79194
78550 323 1:0 83992
80631 321 21:0 80686
81155 84779 21:0 81229
81908 84779 1:0 83095
81909 324 1:0 87351
83990 322 21:0 84045
84975 86449 21:0 85049
85226 86560 21:0 85259
85267 86449 1:0 85657
87349 323 21:0 87404
88410 87953 21:0 88484
88626 87953 1:0 88885
88627 325 1:0 90710
88627 326 1:0 94069
88627 327 1:0 97428
88627 328 1:0 100787
90708 324 21:0 90763
91009 89095 21:0 91083
91308 89225 21:0 91382
91985 89225 1:0 93041
91986 89095 1:0 93555
94067 325 21:0 94122
94819 90762 21:0 94893
94903 90798 21:0 94979
95344 90798 1:0 95989
95345 90762 1:0 96138
97426 326 21:0 97481
98259 92267 21:0 98333
98406 92332 21:0 98480
98703 92332 1:0 99104
98704 92267 1:0 99355
100785 327 21:0 100840
101157 93539 21:0 101231
101773 93806 21:0 101849
102023 49249 21:0 102028
102031 293 21:0 102054
102053 49793 21:0 102054
102062 93806 1:0 102445
102063 93539 1:0 103511
102063 329 1:0 104031
102063 46877 1:0 104040
102072 47453 1:0 104068
102072 57140 1:0 104119
102072 54198 1:0 104149
102072 52727 1:0 104192
102072 48488 1:0 104208
102072 48041 1:0 104213
102072 47754 1:0 104213
102072 48483 1:0 104218
102072 47312 1:0 104218
102072 47459 1:0 104232
102072 47894 1:0 104232
102072 49071 1:0 104268
102072 46872 1:0 104284
102072 48341 1:0 104289
102078 48048 1:0 104289
102078 47317 1:0 104330
102080 47901 1:0 104330
102083 47316 1:0 104365
102083 47306 1:0 104370
102098 47019 1:0 104370
102098 47900 1:0 104384
102099 47454 1:0 104384
102111 298 1:0 104436
102111 48189 1:0 104441
102111 48195 1:0 104441
102111 48489 1:0 104446
102111 48194 1:0 104446
102143 49843 21:0 102149
102152 48047 1:0 104460
102153 49845 21:0 102156
102155 277 21:0 102156
102155 275 21:0 102159
102193 48929 1:0 104460
102193 48783 1:0 104496
102193 47166 1:0 104512
102193 47600 1:0 104517
102193 48776 1:0 104517
102193 47018 1:0 104522
102193 47601 1:0 104522
102194 47753 1:0 104536
102194 48924 1:0 104536
102194 48930 1:0 104572
102194 47606 1:0 104588
102194 47022 1:0 104598
102194 47895 1:0 104612
102203 47313 1:0 104612
102203 47012 1:0 104648
102203 47748 1:0 104664
102203 47159 1:0 104669
102203 48188 1:0 104669
102203 47160 1:0 104674
102203 49076 1:0 104674
102203 48923 1:0 104688
102203 47747 1:0 104688
102203 47307 1:0 104724
102203 49070 1:0 104740
102209 47169 1:0 104750
102209 47025 1:0 104816
102213 47462 1:0 104826
102229 47318 1:0 104892
102230 47461 1:0 104902
102242 47464 1:0 104968
102274 49900 21:0 102280
102284 49902 21:0 102287
102324 47613 1:0 104978
102324 47314 1:0 105044
102325 47168 1:0 105054
102325 47466 1:0 105120
102334 47463 1:0 105130
102334 47319 1:0 105196
102334 47465 1:0 105206
102334 47611 1:0 105272
102405 49957 21:0 102411
102415 49959 21:0 102418
102536 50014 21:0 102542
102546 50016 21:0 102549
102667 50071 21:0 102673
102677 50073 21:0 102680
102798 50128 21:0 102804
102808 50130 21:0 102811
102929 50185 21:0 102935
102939 50187 21:0 102942
103060 50242 21:0 103066
103070 50244 21:0 103073
103191 50299 21:0 103197
103201 50301 21:0 103204
103322 50356 21:0 103328
103332 50358 21:0 103335
103453 50413 21:0 103459
103463 50415 21:0 103466
103584 50470 21:0 103590
103594 50472 21:0 103597
103715 50527 21:0 103721
103725 50529 21:0 103728
103846 50584 21:0 103852
103856 50586 21:0 103859
103977 50641 21:0 103983
103987 50643 21:0 103990
104108 50698 21:0 104114
104118 50700 21:0 104121
104144 328 21:0 104199
104198 5 21:0 104199
104198 7 21:0 104206
104217 94880 21:0 104217
104217 94879 21:0 104217
104238 23 21:0 104261
104260 25 21:0 104270
104293 94912 21:0 104293
104296 94914 21:0 104296
104318 43 21:0 104346
104345 41 21:0 104346
104364 94944 21:0 104364
104369 94946 21:0 104369
104390 59 21:0 104413
104412 61 21:0 104422
104440 94977 21:0 104440
104466 77 21:0 104489
104488 79 21:0 104498
104516 95010 21:0 104516
104524 95013 21:0 104524
104546 97 21:0 104574
104573 95 21:0 104574
104618 113 21:0 104641
104640 115 21:0 104650
104668 95076 21:0 104668
104673 95078 21:0 104673
104698 133 21:0 104726
104725 131 21:0 104726
104770 149 21:0 104793
104792 151 21:0 104802
104825 95143 21:0 104825
104828 95145 21:0 104828
104846 167 21:0 104869
104868 169 21:0 104878
104896 95175 21:0 104896
104901 95176 21:0 104901
104904 95178 21:0 104904
104926 187 21:0 104954
104953 185 21:0 104954
104977 95209 21:0 104977
104977 95210 21:0 104977
105002 205 21:0 105030
105029 203 21:0 105030
105048 95241 21:0 105048
105053 95243 21:0 105053
105074 221 21:0 105097
105096 223 21:0 105106
105150 239 21:0 105173
105172 241 21:0 105182
105226 257 21:0 105249
105246 341 0:0 105248
105248 259 21:0 105258
105273 47315 1:0 105282
105278 275 1:0 105282
105278 277 1:0 105282
105283 47023 1:0 105348
105285 341 1:0 105285
105302 275 21:0 105325
105322 341 0:0 105324
105324 277 21:0 105334
105338 49793 1:0 105348
105349 46876 1:0 105358
105354 293 1:0 105358
105356 49249 1:0 105358
105359 46878 1:0 105424
105393 49793 21:0 105423
105422 293 21:0 105423
105422 275 1:0 105424
105422 277 1:0 105424
105422 48336 1:0 105424
105425 46874 1:0 105435
105433 49843 1:0 105435
105433 49845 1:0 105435
105436 46873 1:0 105444
105442 46868 1:0 105444
105442 259 1:0 105444
105445 46875 1:0 105523
105487 341 1:0 105489
105496 341 21:0 105506
105505 46867 1:0 105513
105514 46869 1:0 105523
105524 46866 1:0 105553
105538 46870 1:0 105573
105559 46866 21:0 105644
105585 341 1:0 105592
105593 257 1:0 105609
105610 49902 1:0 105642
105643 293 1:0 105645
105643 49900 1:0 105645
105643 49785 1:0 105645
105643 46875 21:0 105647
105646 47021 1:0 105656
105646 46873 21:0 105658
105654 241 1:0 105656
105654 49959 1:0 105656
105657 47024 1:0 105665
105657 46874 21:0 105667
105663 47017 1:0 105665
105663 47016 1:0 105665
105666 47020 1:0 105744
105666 46878 21:0 105746
105725 341 0:0 105727
105726 47015 1:0 105734
105735 47014 1:0 105744
105745 46870 21:0 105746
105745 46869 21:0 105746
105745 46867 21:0 105749
105745 47013 1:0 105774
105748 46868 21:0 105749
105748 275 21:0 105766
105748 86560 1:0 105863
105780 47013 21:0 105865
105864 47020 21:0 105868
105864 47167 1:0 105874
105866 49957 1:0 105874
105867 239 1:0 105874
105867 47024 21:0 105879
105874 47172 1:0 105883
105878 47163 1:0 105883
105878 47164 1:0 105883
105878 47021 21:0 105888
105880 341 1:0 105929
105880 203 1:0 106051
105880 205 1:0 106084
105880 50071 1:0 106087
105883 47161 1:0 105911
105883 47171 1:0 105911
105883 47162 1:0 105911
105883 47170 1:0 106045
105883 223 1:0 106087
105883 50016 1:0 106087
105883 47460 1:0 106087
105883 48635 1:0 106095
105883 47607 1:0 106095
105883 221 1:0 106098
105883 47311 1:0 106098
105883 48629 1:0 106098
105883 50014 1:0 106098
105883 49077 1:0 106104
105883 47308 1:0 106107
105887 46876 21:0 105967
105889 48335 1:0 106104
105889 82147 1:0 106107
105889 47309 1:0 106107
105889 47310 1:0 106107
105889 77734 1:0 106132
105889 73321 1:0 106132
105889 68908 1:0 106167
105889 64495 1:0 106189
105889 50073 1:0 106305
105889 60082 1:0 106305
105889 50128 1:0 106308
105891 47457 1:0 106308
105891 55669 1:0 106308
105891 50130 1:0 106308
105891 47458 1:0 106325
105893 51256 1:0 106316
105894 48482 1:0 106316
105909 48199 1:0 106325
105910 47456 1:0 106325
105910 185 1:0 106537
105922 47455 1:0 106355
105922 48636 1:0 106355
105922 47612 1:0 106355
105966 47015 21:0 105967
105966 47014 21:0 105967
105966 47016 21:0 105970
105969 47017 21:0 105970
105969 277 21:0 105988
105989 275 1:0 1315
105989 277 1:0 1319
105989 299 1:0 3376
105989 300 1:0 6735
105989 301 1:0 10094
105989 302 1:0 13453
105989 303 1:0 16812
105992 47609 1:0 106526
105992 47755 1:0 106537
105993 187 1:0 106537
106011 47162 21:0 106043
106042 47605 1:0 106546
106042 47602 1:0 106546
106042 47610 1:0 106546
106051 47170 21:0 106089
106088 47171 21:0 106100
106094 47608 1:0 106574
106094 47603 1:0 106574
106094 47604 1:0 106574
106094 47757 1:0 106747
106095 169 1:0 106714
106095 50187 1:0 106747
106095 47759 1:0 106758
106095 50185 1:0 106758
106095 167 1:0 106758
106095 47751 1:0 106767
106095 47760 1:0 106767
106095 47752 1:0 106767
106099 47172 21:0 106109
106101 47756 1:0 106795
106104 47749 1:0 106795
106104 47750 1:0 106795
106104 47758 1:0 106929
106104 50244 1:0 106935
106104 50242 1:0 106968
106104 47903 1:0 106979
106104 149 1:0 106979
106104 151 1:0 106979
106104 47906 1:0 106988
106104 47896 1:0 106988
106104 47897 1:0 106988
106104 131 1:0 107156
106104 50301 1:0 107188
106104 50299 1:0 107200
106104 133 1:0 107200
106108 47167 21:0 106169
106110 47898 1:0 107016
106110 47907 1:0 107016
106110 47899 1:0 107016
106110 47905 1:0 107150
106112 47904 1:0 107075
106115 47902 1:0 107075
106131 48054 1:0 107200
106143 48046 1:0 107209
106143 48044 1:0 107209
106143 48196 1:0 107209
106148 48053 1:0 107237
106160 48043 1:0 107237
106168 47023 21:0 106307
106184 48045 1:0 107237
106184 115 1:0 107377
106184 50356 1:0 107409
106192 48052 1:0 107371
106197 50358 1:0 107421
106197 113 1:0 107421
106212 48049 1:0 107296
106213 48050 1:0 107296
106213 50415 1:0 107631
106213 97 1:0 107634
106214 50413 1:0 107634
106214 95 1:0 107634
106263 48051 1:0 107296
106306 47315 21:0 106318
106314 95243 1:0 106314
106315 48197 1:0 107421
106315 48191 1:0 107430
106315 48193 1:0 107430
106315 48200 1:0 107430
106316 48192 1:0 107458
106316 48190 1:0 107458
106316 48198 1:0 107458
106316 48201 1:0 107602
106316 48777 1:0 107634
106316 48342 1:0 107642
106316 48630 1:0 107642
106317 47319 21:0 106321
106319 48337 1:0 107651
106319 48340 1:0 107651
106319 48339 1:0 107679
106319 79 1:0 107819
106319 77 1:0 107851
106320 47168 21:0 106330
106322 48494 1:0 107651
106324 95241 1:0 106324
106325 48346 1:0 107679
106325 48338 1:0 107679
106325 48344 1:0 107737
106325 48345 1:0 107737
106325 48348 1:0 107823
106329 47314 21:0 106412
106331 48347 1:0 107737
106331 48343 1:0 107737
106333 48495 1:0 107863
106335 50470 1:0 107863
106335 50472 1:0 107863
106335 48484 1:0 107872
106335 48486 1:0 107872
106335 48487 1:0 107900
106335 48485 1:0 107900
106336 61 1:0 108040
106336 50529 1:0 108073
106351 48493 1:0 107872
106364 48492 1:0 107900
106405 48490 1:0 108023
106411 47308 21:0 106412
106411 47309 21:0 106412
106411 47310 21:0 106434
106413 48491 1:0 107959
106413 48639 1:0 108084
106418 50527 1:0 108084
106418 59 1:0 108084
106433 48642 1:0 108093
106434 48631 1:0 108093
106434 48634 1:0 108093
106434 48641 1:0 108121
106435 48632 1:0 108121
106435 48633 1:0 108121
106435 41 1:0 108293
106435 50584 1:0 108305
106435 43 1:0 108305
106473 47460 21:0 106528
106484 48640 1:0 108255
106494 50586 1:0 108314
106494 48780 1:0 108314
106494 48779 1:0 108342
106494 48778 1:0 108342
106527 47465 21:0 106531
106530 47463 21:0 106542
106534 95209 1:0 106534
106535 95210 1:0 106535
106536 48638 1:0 108180
106536 48637 1:0 108180
106537 48786 1:0 108305
106537 48787 1:0 108314
106537 50643 1:0 108482
106537 50641 1:0 108515
106537 48927 1:0 108535
106541 47466 21:0 106551
106543 48788 1:0 108342
106546 48781 1:0 108400
106546 48785 1:0 108401
106546 48789 1:0 108401
106546 48784 1:0 108465
106546 23 1:0 108526
106546 25 1:0 108526
106546 49081 1:0 108526
106550 47464 21:0 106630
106552 48926 1:0 108535
106552 48931 1:0 108535
106552 48925 1:0 108563
106552 48928 1:0 108563
106552 48934 1:0 108563
106556 48936 1:0 108707
106572 48933 1:0 108622
106585 48932 1:0 108622
106585 48935 1:0 108622
106626 50698 1:0 108703
106626 7 1:0 108735
106629 47455 21:0 106630
106629 47458 21:0 106633
106631 5 1:0 108747
106631 49083 1:0 108747
106631 50700 1:0 108747
106632 47456 21:0 106633
106632 47457 21:0 106639
106634 49079 1:0 108756
106634 49072 1:0 108756
106634 49075 1:0 108756
106638 47311 21:0 106667
106639 49074 1:0 108784
106639 49073 1:0 108784
106654 49078 1:0 108784
106655 49082 1:0 108926
106655 49793 1:0 108958
106656 49172 1:0 108968
106656 49173 1:0 108969
106674 47603 21:0 106706
106705 49080 1:0 108917
106707 47608 21:0 106752
106748 95178 1:0 106748
106751 47610 21:0 106763
106755 95176 1:0 106755
106762 47609 21:0 106772
106766 95175 1:0 106766
106771 47612 21:0 106832
106831 47604 21:0 106835
106834 47607 21:0 106854
106853 47602 21:0 106854
106853 47605 21:0 106854
106853 47161 21:0 106878
106898 47749 21:0 106927
106935 47758 21:0 106973
106969 95145 1:0 106969
106972 47756 21:0 106984
106976 95143 1:0 106976
106983 47760 21:0 106993
106992 47759 21:0 107053
107052 47750 21:0 107062
107061 47752 21:0 107067
107066 47751 21:0 107072
107071 47164 21:0 107072
107129 47898 21:0 107151
107156 47905 21:0 107194
107189 47902 0:0 107191
107189 47904 0:0 107191
107193 47907 21:0 107205
107204 47906 21:0 107214
107213 47757 21:0 107274
107273 47899 21:0 107283
107282 47897 21:0 107288
107287 47896 21:0 107293
107292 47163 21:0 107293
107377 48052 21:0 107415
107410 48049 0:0 107412
107410 48051 0:0 107412
107410 48050 0:0 107412
107414 48053 21:0 107426
107419 95078 1:0 107419
107425 47903 21:0 107435
107429 95076 1:0 107429
107434 47755 21:0 107495
107494 48043 21:0 107504
107503 48045 21:0 107509
107508 48044 21:0 107514
107513 48046 21:0 107514
107513 47307 21:0 107561
107571 48192 21:0 107593
107608 48201 21:0 107636
107635 48198 21:0 107647
107646 48200 21:0 107656
107655 48197 21:0 107719
107718 48190 21:0 107728
107727 48191 21:0 107735
107734 48193 21:0 107735
107829 48348 21:0 107857
107852 48344 0:0 107854
107852 48343 0:0 107854
107852 48347 0:0 107854
107852 48345 0:0 107854
107853 95013 1:0 107853
107856 48346 21:0 107868
107867 48196 21:0 107877
107871 95010 1:0 107871
107876 48054 21:0 107940
107939 48342 21:0 107959
107958 48335 21:0 108025
108033 48490 21:0 108078
108074 48491 0:0 108075
108077 48492 21:0 108089
108088 48493 21:0 108098
108092 94977 1:0 108092
108097 48495 21:0 108158
108157 48482 21:0 108177
108221 48632 21:0 108253
108261 48640 21:0 108299
108294 48638 0:0 108296
108294 48637 0:0 108296
108298 48641 21:0 108310
108303 94946 1:0 108303
108309 48642 21:0 108319
108313 94944 1:0 108313
108318 48639 21:0 108379
108378 48630 21:0 108398
108425 48633 21:0 108467
108452 48781 0:0 108457
108475 48784 21:0 108520
108516 94914 1:0 108516
108516 48789 0:0 108517
108516 48785 0:0 108517
108519 48788 21:0 108531
108523 94912 1:0 108523
108530 48787 21:0 108540
108539 48494 21:0 108600
108599 48777 21:0 108619
108694 48631 21:0 108710
108713 48936 21:0 108741
108736 48933 0:0 108738
108736 48932 0:0 108738
108736 48935 0:0 108738
108740 48934 21:0 108752
108744 94879 1:0 108744
108745 94880 1:0 108745
108751 48931 21:0 108761
108760 48786 21:0 108824
108823 48636 21:0 108843
108842 48925 21:0 108843
108842 48338 21:0 108843
108917 49074 21:0 108934
108927 49080 0:0 108957
108933 49077 21:0 108957
108956 49073 21:0 108957
108975 49173 21:0 131
