118 49236 0:0 142
118 49144 0:0 257
1525 49913 21:0 1535
3502 298 21:0 3541
4738 51384 21:0 4748
6861 299 21:0 6900
8097 52855 21:0 8107
10220 300 21:0 10259
11456 54326 21:0 11466
13579 301 21:0 13617
14815 55797 21:0 14825
16938 302 21:0 16977
18174 57268 21:0 18184
21533 58739 21:0 21543
24892 60210 21:0 24902
28251 61681 21:0 28261
31610 63152 21:0 31620
34969 64623 21:0 34979
38328 66094 21:0 38338
50528 312 21:0 50566
53887 313 21:0 53923
57246 314 21:0 57284
95472 299 1:0 3504
95472 300 1:0 6863
95472 301 1:0 10222
95473 302 1:0 13581
95473 312 1:0 47171
95473 327 1:0 97556
98458 92427 21:0 98466
98466 92430 21:0 98532
98831 92430 1:0 99345
98832 92427 1:0 99363
100913 327 21:0 100951
101670 93833 21:0 101728
101974 93966 21:0 102032
102190 93966 1:0 102450
102191 93833 1:0 102973
105257 95403 21:0 105315
105409 95470 21:0 105467
105559 313 1:0 50530
105559 314 1:0 53889
105559 46942 1:0 105654
105560 95470 1:0 105600
105560 46930 1:0 105681
105569 46929 1:0 105680
105569 46937 1:0 105720
105569 46938 1:0 105721
105569 46939 1:0 105730
105575 46935 1:0 105710
105575 46936 1:0 105711
105575 46940 1:0 105731
105577 46941 1:0 105740
105577 47083 1:0 105932
105580 47084 1:0 105941
105596 47085 1:0 105942
105608 47076 1:0 105901
105608 47077 1:0 105902
105649 47086 1:0 105951
105662 47082 1:0 105931
105662 47087 1:0 105952
105678 47088 1:0 105961
105679 47089 1:0 105962
105687 46930 21:0 105744
105738 95403 1:0 106093
105743 46936 0:0 105752
105744 46935 0:0 105759
105744 46929 0:0 105759
105747 46942 21:0 105772
105748 47230 1:0 106097
105748 47236 1:0 106183
105750 47223 1:0 106098
105770 46940 0:0 105772
105770 46941 0:0 105772
105771 46939 0:0 105772
105771 46938 0:0 105772
105771 46937 0:0 105772
105773 47234 1:0 106097
105773 47232 1:0 106097
105773 47224 1:0 106097
105773 47233 1:0 106098
105773 47229 1:0 106098
105780 47235 1:0 106098
105780 47231 1:0 106098
105781 47371 1:0 106318
105781 47379 1:0 106318
105781 47370 1:0 106319
105781 47380 1:0 106393
105790 47377 1:0 106318
105790 47381 1:0 106318
105790 47382 1:0 106318
105790 47376 1:0 106319
105790 47378 1:0 106319
105796 47383 1:0 106318
105798 47525 1:0 106604
105801 47529 1:0 106539
105801 47517 1:0 106540
105816 47518 1:0 106539
105816 47524 1:0 106539
105829 47526 1:0 106539
105870 47530 1:0 106539
105878 47527 1:0 106539
105898 47528 1:0 106539
105899 47523 1:0 106540
105899 47671 1:0 106816
105900 47672 1:0 106825
105938 47083 21:0 105985
105949 47673 1:0 106826
105959 47664 1:0 106785
105959 47665 1:0 106786
105969 47674 1:0 106835
105984 47089 0:0 105993
105985 47087 0:0 105993
105992 47082 0:0 105993
105992 47076 0:0 105993
105992 47085 0:0 105993
105992 47077 0:0 105993
105992 47088 0:0 105993
105992 47086 0:0 105993
105992 47084 0:0 105993
105994 47670 1:0 106815
105994 47675 1:0 106836
105994 47676 1:0 106845
105994 47677 1:0 106846
105994 47822 1:0 107012
105994 47817 1:0 107036
106001 47819 1:0 107012
106001 47821 1:0 107012
106002 47811 1:0 107006
106002 47812 1:0 107007
106002 47820 1:0 107012
106002 47818 1:0 107012
106011 47823 1:0 107066
106011 47824 1:0 107067
106011 47958 1:0 107227
106011 47964 1:0 107257
106011 47966 1:0 107267
106011 47967 1:0 107268
106017 47959 1:0 107228
106017 47968 1:0 107277
106021 47969 1:0 107278
106022 47965 1:0 107258
106037 47970 1:0 107287
106050 47971 1:0 107288
106091 48116 1:0 107454
106104 48113 1:0 107454
106119 48115 1:0 107454
106120 48114 1:0 107454
106121 48112 1:0 107479
106170 48105 1:0 107448
106170 48106 1:0 107449
106170 48111 1:0 107454
106180 48117 1:0 107508
106189 47236 21:0 106214
106190 48118 1:0 107509
106190 48259 1:0 107700
106212 47231 0:0 106214
106212 47235 0:0 106214
106212 47232 0:0 106214
106212 47233 0:0 106214
106213 47223 0:0 106214
106213 47230 0:0 106214
106213 47234 0:0 106214
106213 47229 0:0 106214
106213 47224 0:0 106214
106215 48252 1:0 107669
106215 48253 1:0 107670
106215 48260 1:0 107709
106215 48261 1:0 107710
106215 48262 1:0 107719
106222 48258 1:0 107699
106222 48263 1:0 107720
106222 48264 1:0 107729
106223 48265 1:0 107730
106223 48410 1:0 107899
106223 48406 1:0 107921
106232 48399 1:0 107890
106232 48407 1:0 107899
106232 48411 1:0 107899
106232 48409 1:0 107899
106232 48408 1:0 107899
106238 48400 1:0 107891
106238 48405 1:0 107899
106238 48412 1:0 107951
106240 48552 1:0 108141
106243 48554 1:0 108151
106259 48546 1:0 108111
106259 48555 1:0 108152
106271 48547 1:0 108112
106271 48556 1:0 108161
106320 48557 1:0 108162
106325 48553 1:0 108142
106340 48558 1:0 108171
106341 48559 1:0 108172
106391 48704 1:0 108338
106391 48699 1:0 108362
106401 48702 1:0 108338
106403 47380 21:0 106435
106411 48703 1:0 108338
106433 47382 0:0 106435
106434 47378 0:0 106435
106434 47383 0:0 106435
106434 47381 0:0 106435
106434 47377 0:0 106435
106434 47376 0:0 106435
106434 47370 0:0 106435
106434 47371 0:0 106435
106434 47379 0:0 106435
106436 48693 1:0 108332
106436 48694 1:0 108333
106436 48706 1:0 108338
106436 48701 1:0 108338
106436 48705 1:0 108338
106436 48700 1:0 108338
106443 48850 1:0 108527
106443 48841 1:0 108554
106443 48848 1:0 108593
106444 48840 1:0 108553
106444 48846 1:0 108583
106444 48849 1:0 108594
106444 48851 1:0 108604
106453 48847 1:0 108584
106453 48852 1:0 108613
106453 48853 1:0 108614
106453 48988 1:0 108775
106453 48995 1:0 108814
106459 48987 1:0 108774
106459 48996 1:0 108815
106461 48997 1:0 108824
106464 48998 1:0 108825
106479 48993 1:0 108804
106479 48994 1:0 108805
106480 52855 1:0 108878
106480 66094 1:0 108884
106492 48999 1:0 108834
106533 49000 1:0 108835
106541 63152 1:0 108884
106546 64623 1:0 108884
106546 54326 1:0 108887
106561 60210 1:0 108887
106561 61681 1:0 108887
106562 57268 1:0 108908
106562 55797 1:0 108908
106562 58739 1:0 108908
106562 49237 1:0 109097
106563 51384 1:0 108915
106612 298 1:0 108959
106612 49913 1:0 108969
106614 47525 21:0 106656
106622 49146 1:0 108993
106632 49144 1:0 108993
106654 47529 0:0 106656
106654 47527 0:0 106656
106655 47518 0:0 106656
106655 47526 0:0 106656
106655 47530 0:0 106656
106655 47528 0:0 106656
106655 47524 0:0 106656
106655 47523 0:0 106656
106655 47517 0:0 106656
106657 49141 1:0 108992
106657 49143 1:0 108993
106657 49142 1:0 108993
106657 49145 1:0 108993
106657 49147 1:0 108993
106664 49135 1:0 108992
106664 49140 1:0 108993
106664 49134 1:0 108993
106664 49139 1:0 109016
106664 49236 1:0 109096
106822 47671 21:0 106869
106869 47670 0:0 106877
106869 47677 0:0 106877
106869 47672 0:0 106877
106869 47664 0:0 106877
106869 47665 0:0 106877
106876 47676 0:0 106877
106876 47674 0:0 106877
106876 47675 0:0 106877
106876 47673 0:0 106877
107013 47812 0:0 107037
107046 47817 21:0 107097
107096 47823 0:0 107098
107097 47821 0:0 107098
107097 47820 0:0 107098
107097 47822 0:0 107098
107097 47824 0:0 107098
107097 47811 0:0 107098
107097 47818 0:0 107098
107097 47819 0:0 107098
107267 47964 21:0 107318
107317 47970 0:0 107319
107318 47966 0:0 107319
107318 47958 0:0 107319
107318 47971 0:0 107319
107318 47967 0:0 107319
107318 47969 0:0 107319
107318 47968 0:0 107319
107318 47959 0:0 107319
107318 47965 0:0 107319
107455 48106 0:0 107479
107485 48112 21:0 107531
107530 48105 0:0 107540
107530 48115 0:0 107540
107530 48111 0:0 107540
107530 48117 0:0 107540
107531 48116 0:0 107540
107539 48118 0:0 107540
107539 48113 0:0 107540
107539 48114 0:0 107540
107706 48259 21:0 107753
107752 48263 0:0 107761
107753 48258 0:0 107761
107753 48252 0:0 107761
107753 48253 0:0 107761
107753 48261 0:0 107761
107760 48264 0:0 107761
107760 48260 0:0 107761
107760 48262 0:0 107761
107760 48265 0:0 107761
107900 48399 0:0 107926
107927 48406 21:0 107974
107973 48408 0:0 107982
107974 48411 0:0 107982
107974 48407 0:0 107982
107974 48405 0:0 107982
107974 48400 0:0 107982
107981 48409 0:0 107982
107981 48410 0:0 107982
107981 48412 0:0 107982
108151 48552 21:0 108202
108201 48559 0:0 108203
108202 48556 0:0 108203
108202 48555 0:0 108203
108202 48558 0:0 108203
108202 48546 0:0 108203
108202 48547 0:0 108203
108202 48554 0:0 108203
108202 48553 0:0 108203
108202 48557 0:0 108203
108339 48694 0:0 108363
108342 48693 0:0 108368
108372 48699 21:0 108422
108421 48702 0:0 108424
108421 48700 0:0 108424
108422 48703 0:0 108424
108422 48705 0:0 108424
108423 48706 0:0 108424
108423 48701 0:0 108424
108423 48704 0:0 108424
108560 48841 21:0 108617
108616 48847 0:0 108625
108616 48849 0:0 108645
108617 48846 0:0 108632
108617 48840 0:0 108632
108622 48850 21:0 108645
108644 48851 0:0 108645
108644 48848 0:0 108645
108644 48853 0:0 108645
108644 48852 0:0 108645
108781 48988 21:0 108838
108837 48994 0:0 108846
108838 48993 0:0 108853
108838 48987 0:0 108853
108838 48995 0:0 108866
108842 48998 0:0 108866
108865 48999 0:0 108866
108865 48997 0:0 108866
108865 49000 0:0 108866
108865 48996 0:0 108866
109022 49139 21:0 109038
109037 49134 0:0 109044
109037 49135 0:0 109044
109037 49141 21:0 109085
109083 49140 0:0 109085
109083 49146 0:0 109085
109084 49142 0:0 109085
109084 49145 0:0 109085
109084 49143 0:0 109085
109084 49147 0:0 109085
109103 49237 21:0 119
