49 7816 0:0 51
49 7818 0:0 51
49 7815 0:0 51
49 7814 0:0 51
49 7909 0:0 51
50 7908 0:0 51
50 7819 0:0 51
1273 8473 21:0 1283
3250 298 21:0 3290
3546 9535 21:0 3554
3554 9538 21:0 3620
3706 9604 21:0 3772
3779 9636 21:0 3837
3781 9635 0:0 3782
3836 9637 0:0 3848
4159 9800 21:0 4217
4527 9800 1:0 5048
4528 9637 1:0 5696
4537 9635 1:0 5703
4537 9636 1:0 5704
4545 9604 1:0 5827
4563 9538 1:0 6089
4658 9535 1:0 6107
6677 10907 21:0 6685
6758 10941 21:0 6816
6829 10973 21:0 6837
6986 11041 21:0 7044
7057 11072 21:0 7065
7209 11138 21:0 7217
7293 11174 21:0 7359
7673 11339 21:0 7739
7886 11339 1:0 8138
7887 11174 1:0 8793
7887 11138 1:0 8942
7896 11072 1:0 9204
7896 11041 1:0 9325
7904 10973 1:0 9597
7906 5601 1:0 11347
7923 10941 1:0 9717
7935 5613 1:0 11436
8017 10907 1:0 9859
10193 12446 21:0 10251
10492 12576 21:0 10500
10573 12611 21:0 10631
10725 12676 21:0 10783
10801 12709 21:0 10859
10872 12741 0:0 10875
10877 12742 21:0 10935
10956 12777 21:0 11022
11255 5610 1:0 11351
11255 5611 1:0 11352
11256 5749 1:0 11572
11256 5758 1:0 11573
11256 5748 1:0 11573
11256 5757 1:0 11638
11265 12777 1:0 11789
11265 5908 1:0 11793
11265 5907 1:0 11878
11271 5904 1:0 11793
11273 5905 1:0 11794
11276 5906 1:0 11793
11292 6050 1:0 12079
11304 6052 1:0 12015
11345 6051 1:0 12015
11358 6055 1:0 12015
11375 12742 1:0 12136
11386 5601 21:0 11442
11434 12741 1:0 12147
11444 6202 1:0 12321
11446 5613 21:0 11468
11467 5610 0:0 11468
11467 5611 0:0 11468
11476 6200 1:0 12235
11476 6199 1:0 12236
11477 6201 1:0 12236
11477 6349 1:0 12542
11486 12709 1:0 12357
11486 6344 1:0 12456
11486 6345 1:0 12456
11486 6336 1:0 12457
11492 6346 1:0 12456
11494 6347 1:0 12456
11497 6348 1:0 12457
11497 6342 1:0 12457
11525 12676 1:0 12578
11566 6496 1:0 12763
11579 6491 1:0 12678
11595 6493 1:0 12678
11596 6492 1:0 12678
11604 5749 0:0 11629
11607 5748 0:0 11633
11644 5757 21:0 11689
11645 6490 1:0 12677
11645 6495 1:0 12678
11655 6494 1:0 12678
11687 5758 0:0 11689
11697 12611 1:0 12894
11698 6639 1:0 12898
11698 6643 1:0 12984
11707 6641 1:0 12898
11707 6640 1:0 12899
11707 6638 1:0 12899
11707 6642 1:0 12899
11713 6788 1:0 13120
11713 6785 1:0 13184
11717 6790 1:0 13120
11733 6789 1:0 13120
11734 6786 1:0 13120
11746 6787 1:0 13120
11815 12576 1:0 13252
11816 6932 1:0 13405
11866 6931 1:0 13340
11866 6937 1:0 13341
11876 6934 1:0 13341
11886 6935 1:0 13341
11888 5907 21:0 11910
11909 5904 0:0 11910
11909 5908 0:0 11910
11909 5906 0:0 11910
11909 5905 0:0 11910
11911 6936 1:0 13341
11911 7084 1:0 13647
11918 7082 1:0 13562
11918 7081 1:0 13562
11919 7078 1:0 13561
11919 7080 1:0 13561
11919 7072 1:0 13561
11919 7077 1:0 13562
11919 7079 1:0 13562
11928 7219 1:0 13782
11928 7228 1:0 13782
11928 7230 1:0 13782
11928 7224 1:0 13783
11928 7226 1:0 13847
11934 7229 1:0 13782
11934 7227 1:0 13782
11938 7231 1:0 13782
11954 7376 1:0 14079
11955 8473 1:0 14611
11967 7373 1:0 14003
11967 7365 1:0 14004
12008 7378 1:0 14003
12021 7377 1:0 14003
12037 7375 1:0 14003
12087 12446 1:0 14126
12089 6050 21:0 12131
12097 7524 1:0 14309
12107 7522 1:0 14225
12129 6052 0:0 12131
12130 6051 0:0 12131
12130 6055 0:0 12131
12132 7521 1:0 14224
12139 7523 1:0 14224
12139 7520 1:0 14225
12140 7525 1:0 14224
12140 7669 1:0 14520
12149 7671 1:0 14445
12149 7672 1:0 14445
12149 7666 1:0 14445
12149 7668 1:0 14445
12149 7667 1:0 14446
12155 298 1:0 14655
12155 7817 1:0 14742
12159 7814 1:0 14667
12175 7815 1:0 14666
12188 7818 1:0 14666
12229 7816 1:0 14666
12237 7819 1:0 14666
12242 7908 1:0 14792
12242 7909 1:0 14793
12327 6202 21:0 12352
12350 6201 0:0 12352
12350 6200 0:0 12352
12350 6199 0:0 12352
12521 6342 0:0 12529
12548 6349 21:0 12573
12571 6347 0:0 12573
12571 6346 0:0 12573
12571 6345 0:0 12573
12571 6348 0:0 12573
12572 6336 0:0 12573
12572 6344 0:0 12573
12739 6490 0:0 12748
12769 6496 21:0 12794
12792 6493 0:0 12794
12792 6495 0:0 12794
12792 6494 0:0 12794
12792 6491 0:0 12794
12793 6492 0:0 12794
12990 6643 21:0 13015
13013 6638 0:0 13015
13013 6641 0:0 13015
13013 6639 0:0 13015
13013 6640 0:0 13015
13014 6642 0:0 13015
13194 6785 21:0 13236
13234 6787 0:0 13236
13234 6789 0:0 13236
13235 6788 0:0 13236
13235 6786 0:0 13236
13235 6790 0:0 13236
13402 6931 0:0 13411
13415 6932 21:0 13457
13455 6934 0:0 13457
13455 6936 0:0 13457
13456 6937 0:0 13457
13456 6935 0:0 13457
13635 7072 0:0 13644
13653 7084 21:0 13678
13676 7079 0:0 13678
13676 7081 0:0 13678
13676 7080 0:0 13678
13676 7082 0:0 13678
13677 7078 0:0 13678
13677 7077 0:0 13678
13857 7226 21:0 13899
13897 7228 0:0 13899
13897 7230 0:0 13899
13898 7229 0:0 13899
13898 7224 0:0 13899
13898 7227 0:0 13899
13898 7231 0:0 13899
13898 7219 0:0 13899
14038 7365 0:0 14064
14085 7376 21:0 14120
14118 7373 0:0 14120
14118 7377 0:0 14120
14118 7375 0:0 14120
14119 7378 0:0 14120
14319 7524 21:0 14341
14340 7522 0:0 14341
14340 7523 0:0 14341
14340 7520 0:0 14341
14340 7525 0:0 14341
14340 7521 0:0 14341
14519 7666 0:0 14527
14530 7669 21:0 14562
14560 7671 0:0 14562
14561 7668 0:0 14562
14561 7667 0:0 14562
14561 7672 0:0 14562
14748 7817 21:0 87
