159 25067 21:0 201
200 25066 21:0 212
211 25063 21:0 217
216 25064 21:0 217
216 25065 21:0 222
221 25155 21:0 222
221 25061 21:0 222
221 25062 21:0 222
221 25156 21:0 222
221 25056 21:0 236
235 25264 21:0 288
298 25298 21:0 364
363 25297 21:0 369
371 25329 21:0 388
387 25331 21:0 440
450 25364 21:0 516
523 25395 21:0 540
539 25396 21:0 592
594 25427 21:0 602
602 25430 21:0 668
667 25428 21:0 673
675 25461 21:0 692
691 25462 21:0 744
743 25460 21:0 749
754 25496 21:0 820
827 25528 21:0 844
843 25527 21:0 896
903 25560 21:0 920
919 25562 21:0 972
974 25592 21:0 982
982 25595 21:0 1048
1047 25593 21:0 1053
1131 25659 21:0 1148
1147 25658 21:0 1200
1210 25694 21:0 1276
1431 25791 21:0 1439
1438 25793 21:0 1486
1485 25794 21:0 1505
1507 25824 21:0 1515
1515 25827 21:0 1581
1580 25792 21:0 1586
1588 25858 21:0 1605
1604 25857 21:0 1657
1659 25890 21:0 1667
1666 25891 21:0 1717
1716 25860 21:0 1733
1740 25924 21:0 1757
1756 25923 21:0 1809
1811 25956 21:0 1819
1818 25958 21:0 1869
1868 25957 21:0 1885
1884 25959 21:0 1895
1894 25989 21:0 1913
1912 25991 21:0 1961
1960 25990 21:0 1966
1965 25992 21:0 1985
1984 26022 21:0 2037
2036 26024 21:0 2042
2041 26023 21:0 2047
2046 26025 21:0 2113
2112 26055 21:0 2118
2117 26056 21:0 2123
2122 26057 21:0 2187
2186 26058 21:0 2194
2193 26088 21:0 2199
2198 26089 21:0 2254
2253 26090 21:0 2270
2269 25826 21:0 2275
2274 25825 21:0 2325
2324 25925 21:0 2341
2340 25892 21:0 2351
2350 26091 21:0 2373
2372 25893 21:0 2417
2416 26121 21:0 2422
2421 25926 21:0 2441
2440 25859 21:0 2493
2492 26154 21:0 2498
2497 26188 21:0 2517
2516 26190 21:0 2569
2568 26123 21:0 2574
2573 26156 21:0 2579
2578 26157 21:0 2588
2587 26255 21:0 2595
2592 25694 1:0 2827
2593 25659 1:0 2955
2593 25658 1:0 2965
2594 26220 21:0 2598
2597 26122 21:0 2606
2599 25595 1:0 3193
2601 25593 1:0 3199
2601 25592 1:0 3209
2607 25562 1:0 3315
2607 25560 1:0 3321
2618 312 21:0 2632
2631 26187 21:0 2707
2637 25527 1:0 3437
2702 25528 1:0 3444
2706 26124 21:0 2710
2709 26254 21:0 2717
2714 25496 1:0 3559
2715 25462 1:0 3681
2715 25461 1:0 3687
2716 26253 21:0 2720
2721 25460 1:0 3697
2723 25430 1:0 3803
2723 25428 1:0 3809
2729 25427 1:0 3819
2836 25396 1:0 3925
2837 25395 1:0 3931
2845 25364 1:0 4047
2845 25331 1:0 4169
2851 25329 1:0 4175
2855 313 1:0 5751
2958 25298 1:0 4291
2959 25297 1:0 4298
2967 25264 1:0 4420
2967 26254 1:0 5884
4601 27233 21:0 4609
4609 27236 21:0 4675
4677 27266 21:0 4685
4684 27267 21:0 4735
4734 27268 21:0 4751
4750 27269 21:0 4761
4760 27301 21:0 4779
4778 27300 21:0 4827
4826 27302 21:0 4832
4831 27332 21:0 4851
4850 27335 21:0 4903
4905 27365 21:0 4913
4912 27366 21:0 4963
4962 27367 21:0 4979
4978 27368 21:0 4989
4988 27398 21:0 5007
5006 27400 21:0 5055
5054 27399 21:0 5060
5059 27401 21:0 5079
5078 27431 21:0 5131
5130 27434 21:0 5136
5135 27464 21:0 5141
5140 27466 21:0 5207
5206 27465 21:0 5212
5211 27235 21:0 5217
5216 27432 21:0 5278
5277 27234 21:0 5288
5287 27334 21:0 5293
5292 27433 21:0 5348
5347 27497 21:0 5364
5363 27533 21:0 5369
5368 27299 21:0 5419
5418 27500 21:0 5435
5434 27532 21:0 5445
5444 27530 21:0 5467
5466 27467 21:0 5511
5510 27596 21:0 5516
5515 27333 21:0 5535
5534 27498 21:0 5587
5586 27565 21:0 5592
5591 27564 21:0 5606
5605 27563 21:0 5663
5662 27631 21:0 5668
5667 27499 21:0 5673
5672 27597 21:0 5739
5738 27663 21:0 5744
5743 27665 21:0 5749
5748 27664 21:0 5755
5754 27695 21:0 5766
5763 26255 1:0 5892
5764 26253 1:0 5902
5765 27629 21:0 5769
5767 26220 1:0 6033
5768 27531 21:0 5775
5770 26190 1:0 6146
5773 26188 1:0 6153
5773 26187 1:0 6164
5776 26157 1:0 6277
5779 26156 1:0 6285
5792 313 21:0 5806
5799 26154 1:0 6295
5805 27698 21:0 5886
5812 26124 1:0 6328
5866 26122 1:0 6408
5885 27630 21:0 5889
5887 26123 1:0 6416
5888 27696 21:0 5897
5894 26121 1:0 6426
5895 26091 1:0 6459
5898 26090 1:0 6539
5904 26089 1:0 6546
5904 26088 1:0 6557
5910 26058 1:0 6590
5930 26057 1:0 6670
5943 26056 1:0 6677
6025 26055 1:0 6688
6026 26025 1:0 6721
6035 26023 1:0 6801
6035 26024 1:0 6809
6043 26022 1:0 6819
6061 25992 1:0 6852
6156 25990 1:0 6932
6157 25991 1:0 6940
6157 25989 1:0 6950
6166 25959 1:0 6983
6166 25957 1:0 7063
6174 25958 1:0 7071
6193 25956 1:0 7081
6287 25926 1:0 7114
6288 25925 1:0 7194
6297 25924 1:0 7201
6297 25923 1:0 7212
6303 25893 1:0 7245
6307 25892 1:0 7325
6324 25891 1:0 7332
6418 25890 1:0 7343
6419 25859 1:0 7376
6428 25860 1:0 7456
6428 25858 1:0 7463
6434 25857 1:0 7474
6438 25825 1:0 7507
6467 25827 1:0 7587
6549 25826 1:0 7595
6550 25824 1:0 7605
6559 25792 1:0 7638
6559 25794 1:0 7718
6565 25793 1:0 7726
6570 25791 1:0 7736
6585 314 1:0 9066
7916 28675 21:0 7924
7924 28678 21:0 7990
7992 28708 21:0 8000
7999 28709 21:0 8050
8049 28710 21:0 8066
8065 28711 21:0 8076
8076 28744 21:0 8142
8144 28774 21:0 8152
8151 28776 21:0 8202
8201 28775 21:0 8218
8217 28777 21:0 8228
8227 28807 21:0 8246
8245 28809 21:0 8294
8296 28840 21:0 8304
8303 28842 21:0 8354
8353 28841 21:0 8370
8369 28843 21:0 8380
8379 28873 21:0 8398
8397 28875 21:0 8446
8445 28874 21:0 8451
8450 28876 21:0 8470
8469 28909 21:0 8522
8521 28677 21:0 8527
8526 28741 21:0 8532
8531 28808 21:0 8598
8597 28676 21:0 8603
8602 28810 21:0 8608
8607 28940 21:0 8668
8667 28939 21:0 8679
8678 28941 21:0 8684
8683 28942 21:0 8739
8738 28974 21:0 8755
8754 28907 21:0 8760
8759 28742 21:0 8810
8809 29007 21:0 8826
8825 28972 21:0 8836
8835 28908 21:0 8858
8857 29038 21:0 8902
8901 28973 21:0 8907
8906 28906 21:0 8926
8925 28975 21:0 8978
8977 29104 21:0 8983
8982 29039 21:0 8997
8996 29074 21:0 9054
9053 29040 21:0 9059
9058 29006 21:0 9064
9063 29106 21:0 9073
9072 29107 21:0 9081
9078 27698 1:0 9199
9079 27696 1:0 9206
9080 29137 21:0 9084
9082 27695 1:0 9217
9083 29138 21:0 9093
9085 27664 1:0 9250
9088 27665 1:0 9330
9088 27663 1:0 9337
9094 27630 1:0 9461
9094 27631 1:0 9469
9107 314 21:0 9121
9114 27629 1:0 9479
9120 28743 21:0 9201
9127 27597 1:0 9599
9181 27596 1:0 9610
9200 29071 21:0 9204
9202 27564 1:0 9723
9203 29140 21:0 9212
9209 27565 1:0 9731
9210 27563 1:0 9741
9213 27531 1:0 9774
9219 27533 1:0 9854
9219 27532 1:0 9862
9225 27530 1:0 9872
9245 27499 1:0 9905
9258 27500 1:0 9985
9340 27498 1:0 9992
9341 27497 1:0 10003
9350 27467 1:0 10036
9350 27465 1:0 10116
9358 27466 1:0 10124
9376 27464 1:0 10134
9471 27433 1:0 10167
9472 27434 1:0 10247
9472 27432 1:0 10254
9481 27431 1:0 10265
9481 27401 1:0 10298
9489 27399 1:0 10378
9508 27400 1:0 10386
9602 27398 1:0 10396
9603 27368 1:0 10429
9612 27367 1:0 10509
9612 27366 1:0 10516
9618 27365 1:0 10527
9622 27333 1:0 10560
9639 27335 1:0 10640
9733 27334 1:0 10648
9734 27332 1:0 10658
9743 27302 1:0 10691
9743 27300 1:0 10771
9749 27301 1:0 10779
9753 27299 1:0 10789
9782 27269 1:0 10822
9864 27268 1:0 10902
9865 27267 1:0 10909
9874 27266 1:0 10920
9874 27234 1:0 10953
9880 27236 1:0 11033
9885 27235 1:0 11041
9900 315 1:0 12381
9913 27233 1:0 11051
11231 30117 21:0 11239
11239 30120 21:0 11305
11307 30150 21:0 11315
11314 30151 21:0 11365
11364 30152 21:0 11381
11380 30153 21:0 11391
11390 30183 21:0 11409
11408 30186 21:0 11457
11459 30216 21:0 11467
11466 30218 21:0 11517
11516 30217 21:0 11533
11532 30219 21:0 11543
11542 30249 21:0 11561
11560 30251 21:0 11609
11608 30250 21:0 11614
11613 30252 21:0 11633
11632 30282 21:0 11685
11684 30285 21:0 11690
11689 30315 21:0 11695
11694 30317 21:0 11761
11760 30318 21:0 11766
11765 30316 21:0 11771
11771 30351 21:0 11837
11836 30184 21:0 11842
11841 30283 21:0 11847
11846 30348 21:0 11913
11912 30350 21:0 11918
11917 30118 21:0 11923
11922 30349 21:0 11978
11977 30119 21:0 11994
11993 30383 21:0 11999
11998 30382 21:0 12049
12048 30381 21:0 12065
12064 30416 21:0 12075
12074 30415 21:0 12097
12096 30447 21:0 12141
12140 30450 21:0 12146
12145 30482 21:0 12165
12164 30448 21:0 12217
12216 30483 21:0 12222
12221 30414 21:0 12241
12240 30384 21:0 12293
12292 30284 21:0 12298
12297 30449 21:0 12303
12302 30515 21:0 12369
12368 30514 21:0 12374
12373 30480 21:0 12379
12378 30481 21:0 12385
12384 30581 21:0 12396
12393 29140 1:0 12514
12394 29138 1:0 12521
12395 30549 21:0 12399
12397 29137 1:0 12532
12398 30580 21:0 12405
12400 29107 1:0 12645
12403 29106 1:0 12653
12403 29104 1:0 12663
12406 29074 1:0 12776
12409 29071 1:0 12794
12422 315 21:0 12436
12429 29040 1:0 12907
12435 30516 21:0 12516
12442 29039 1:0 12914
12496 29038 1:0 12925
12515 30185 21:0 12519
12517 29006 1:0 13038
12518 30582 21:0 12527
12524 29007 1:0 13046
12525 28975 1:0 13089
12528 28973 1:0 13169
12534 28974 1:0 13177
12534 28972 1:0 13187
12540 28942 1:0 13220
12560 28941 1:0 13300
12573 28940 1:0 13307
12655 28939 1:0 13318
12656 28908 1:0 13351
12665 28909 1:0 13431
12665 28907 1:0 13438
12673 28906 1:0 13449
12691 28876 1:0 13482
12786 28874 1:0 13562
12787 28875 1:0 13570
12787 28873 1:0 13580
12796 28843 1:0 13613
12796 28841 1:0 13693
12804 28842 1:0 13701
12823 28840 1:0 13711
12917 28810 1:0 13744
12918 28808 1:0 13824
12927 28809 1:0 13832
12927 28807 1:0 13842
12933 28777 1:0 13875
12937 28775 1:0 13955
12954 28776 1:0 13963
13048 28774 1:0 13973
13049 28743 1:0 14006
13058 28744 1:0 14086
13058 28742 1:0 14093
13064 28741 1:0 14104
13068 28711 1:0 14137
13097 28710 1:0 14217
13179 28709 1:0 14224
13180 28708 1:0 14235
13189 28676 1:0 14268
13189 28678 1:0 14348
13195 28677 1:0 14356
13200 28675 1:0 14366
13215 316 1:0 15696
14546 31559 21:0 14554
14554 31562 21:0 14620
14622 31592 21:0 14630
14629 31594 21:0 14680
14679 31593 21:0 14696
14698 31625 21:0 14706
14706 31628 21:0 14772
14774 31658 21:0 14782
14781 31660 21:0 14832
14831 31659 21:0 14848
14847 31661 21:0 14858
14857 31691 21:0 14876
14875 31692 21:0 14924
14923 31693 21:0 14929
14928 31694 21:0 14948
14947 31724 21:0 15000
14999 31725 21:0 15005
15004 31726 21:0 15010
15009 31727 21:0 15076
15075 31757 21:0 15081
15080 31760 21:0 15086
15086 31793 21:0 15152
15151 31758 21:0 15157
15156 31560 21:0 15162
15161 31792 21:0 15228
15227 31561 21:0 15233
15232 31626 21:0 15238
15237 31826 21:0 15293
15292 31595 21:0 15309
15308 31790 21:0 15314
15313 31858 21:0 15364
15363 31825 21:0 15380
15379 31627 21:0 15390
15389 31857 21:0 15412
15411 31856 21:0 15456
15455 31890 21:0 15461
15460 31891 21:0 15480
15479 31791 21:0 15532
15531 31925 21:0 15537
15536 31889 21:0 15556
15555 31924 21:0 15608
15607 31958 21:0 15613
15612 31892 21:0 15618
15617 31823 21:0 15684
15683 31922 21:0 15689
15688 31957 21:0 15694
15693 32023 21:0 15703
15702 32022 21:0 15711
15708 30582 1:0 15749
15709 30580 1:0 15829
15710 31989 21:0 15714
15712 30581 1:0 15837
15713 32021 21:0 15720
15715 30549 1:0 15960
15718 30516 1:0 16011
15718 30514 1:0 16091
15721 30515 1:0 16099
15724 30481 1:0 16142
15737 316 21:0 15751
15744 30483 1:0 16222
15750 31991 21:0 15831
15757 30482 1:0 16230
15811 30480 1:0 16240
15830 31956 21:0 15834
15832 30449 1:0 16273
15833 31759 21:0 15842
15839 30450 1:0 16353
15840 30448 1:0 16360
15843 30447 1:0 16371
15849 30415 1:0 16484
15849 30416 1:0 16492
15855 30414 1:0 16502
15875 30384 1:0 16535
15888 30382 1:0 16615
15970 30383 1:0 16623
15971 30381 1:0 16633
15980 30349 1:0 16666
15980 30351 1:0 16746
15988 30350 1:0 16754
16006 30348 1:0 16764
16101 30316 1:0 16797
16102 30318 1:0 16877
16102 30317 1:0 16885
16111 30315 1:0 16895
16111 30284 1:0 16928
16119 30285 1:0 17008
16138 30283 1:0 17015
16232 30282 1:0 17026
16233 30252 1:0 17059
16242 30250 1:0 17139
16242 30251 1:0 17147
16248 30249 1:0 17157
16252 30219 1:0 17190
16269 30217 1:0 17270
16363 30218 1:0 17278
16364 30216 1:0 17288
16373 30185 1:0 17321
16373 30186 1:0 17401
16379 30184 1:0 17408
16383 30183 1:0 17419
16412 30153 1:0 17452
16494 30152 1:0 17532
16495 30151 1:0 17539
16504 30150 1:0 17550
16504 30119 1:0 17583
16510 30120 1:0 17663
16515 30118 1:0 17670
16530 317 1:0 19011
16543 30117 1:0 17681
17861 33001 21:0 17869
17869 33004 21:0 17935
17937 33034 21:0 17945
17944 33035 21:0 17995
17994 33036 21:0 18011
18010 33037 21:0 18021
18020 33069 21:0 18039
18038 33068 21:0 18087
18089 33100 21:0 18097
18096 33102 21:0 18147
18146 33101 21:0 18163
18162 33103 21:0 18173
18172 33133 21:0 18191
18190 33135 21:0 18239
18238 33134 21:0 18244
18243 33136 21:0 18263
18262 33166 21:0 18315
18314 33169 21:0 18320
18319 33199 21:0 18325
18324 33200 21:0 18391
18390 33201 21:0 18396
18395 33202 21:0 18401
18401 33235 21:0 18467
18466 33003 21:0 18472
18471 33002 21:0 18477
18476 33070 21:0 18543
18542 33234 21:0 18548
18547 33067 21:0 18553
18552 33168 21:0 18608
18607 33268 21:0 18624
18623 33167 21:0 18629
18628 33232 21:0 18679
18678 33266 21:0 18695
18694 33299 21:0 18705
18704 33233 21:0 18730
18729 33300 21:0 18771
18770 33298 21:0 18778
18777 33301 21:0 18795
18794 33364 21:0 18847
18846 33334 21:0 18852
18851 33331 21:0 18871
18870 33333 21:0 18923
18922 33367 21:0 18928
18927 33265 21:0 18933
18932 33397 21:0 18999
18998 33432 21:0 19004
19003 33430 21:0 19009
19008 33399 21:0 19018
19017 33267 21:0 19026
19023 32022 1:0 19144
19024 32023 1:0 19152
19025 33466 21:0 19029
19027 32021 1:0 19162
19028 33400 21:0 19035
19030 31991 1:0 19275
19033 31989 1:0 19282
19033 31956 1:0 19326
19036 31958 1:0 19406
19039 31957 1:0 19414
19052 317 21:0 19066
19059 31925 1:0 19537
19065 33365 21:0 19146
19072 31924 1:0 19545
19126 31922 1:0 19555
19145 33431 21:0 19149
19147 31892 1:0 19588
19148 33465 21:0 19157
19154 31891 1:0 19668
19155 31890 1:0 19675
19158 31889 1:0 19686
19164 31857 1:0 19799
19164 31858 1:0 19807
19170 31856 1:0 19817
19190 31826 1:0 19930
19203 31825 1:0 19938
19285 31823 1:0 19948
19286 31791 1:0 19981
19295 31793 1:0 20061
19295 31792 1:0 20069
19303 31790 1:0 20079
19321 31759 1:0 20112
19416 31760 1:0 20192
19417 31758 1:0 20199
19417 31757 1:0 20210
19426 31727 1:0 20243
19426 31726 1:0 20323
19434 31725 1:0 20330
19453 31724 1:0 20341
19547 31694 1:0 20374
19548 31693 1:0 20454
19557 31692 1:0 20461
19557 31691 1:0 20472
19563 31661 1:0 20505
19567 31659 1:0 20585
19584 31660 1:0 20593
19678 31658 1:0 20603
19679 31627 1:0 20636
19688 31628 1:0 20716
19688 31626 1:0 20723
19694 31625 1:0 20734
19698 31595 1:0 20767
19727 31593 1:0 20847
19809 31594 1:0 20855
19810 31592 1:0 20865
19819 31561 1:0 20898
19819 31562 1:0 20978
19825 31560 1:0 20985
19830 31559 1:0 20996
19845 318 1:0 22326
21176 34443 21:0 21184
21184 34446 21:0 21250
21252 34476 21:0 21260
21259 34478 21:0 21310
21309 34477 21:0 21326
21325 34479 21:0 21336
21335 34510 21:0 21354
21353 34511 21:0 21402
21401 34512 21:0 21407
21412 34545 21:0 21478
21480 34575 21:0 21488
21487 34576 21:0 21538
21537 34577 21:0 21554
21553 34578 21:0 21564
21563 34608 21:0 21582
21581 34610 21:0 21630
21629 34609 21:0 21635
21634 34611 21:0 21654
21653 34641 21:0 21706
21705 34644 21:0 21711
21710 34674 21:0 21716
21715 34676 21:0 21782
21781 34675 21:0 21787
21786 34542 21:0 21792
21791 34707 21:0 21858
21857 34445 21:0 21863
21862 34444 21:0 21868
21867 34543 21:0 21923
21922 34708 21:0 21939
21938 34544 21:0 21944
21943 34710 21:0 21994
21993 34509 21:0 22010
22009 34677 21:0 22020
22019 34776 21:0 22042
22041 34775 21:0 22086
22085 34643 21:0 22092
22091 34806 21:0 22110
22109 34808 21:0 22162
22161 34709 21:0 22167
22166 34773 21:0 22186
22185 34807 21:0 22238
22237 34774 21:0 22243
22242 34842 21:0 22248
22247 34841 21:0 22314
22313 34809 21:0 22319
22318 34743 21:0 22324
22323 34873 21:0 22333
22332 34840 21:0 22341
22338 33466 1:0 22459
22339 33465 1:0 22467
22340 34875 21:0 22344
22342 33431 1:0 22590
22343 34908 21:0 22350
22345 33432 1:0 22598
22348 33430 1:0 22608
22348 33400 1:0 22721
22351 33399 1:0 22729
22354 33397 1:0 22739
22367 318 21:0 22381
22374 33367 1:0 22852
22380 34742 21:0 22461
22387 33365 1:0 22859
22441 33364 1:0 22870
22460 34872 21:0 22464
22462 33334 1:0 22983
22463 34906 21:0 22472
22469 33333 1:0 22991
22470 33331 1:0 23001
22473 33301 1:0 23034
22479 33300 1:0 23114
22479 33299 1:0 23121
22485 33298 1:0 23132
22505 33267 1:0 23165
22518 33268 1:0 23245
22600 33266 1:0 23252
22601 33265 1:0 23263
22610 33233 1:0 23296
22610 33235 1:0 23376
22618 33234 1:0 23384
22636 33232 1:0 23394
22731 33202 1:0 23427
22732 33201 1:0 23507
22732 33200 1:0 23514
22741 33199 1:0 23525
22741 33167 1:0 23558
22749 33169 1:0 23638
22768 33168 1:0 23646
22862 33166 1:0 23656
22863 33136 1:0 23689
22872 33134 1:0 23769
22872 33135 1:0 23777
22878 33133 1:0 23787
22882 33103 1:0 23820
22899 33101 1:0 23900
22993 33102 1:0 23908
22994 33100 1:0 23918
23003 33070 1:0 23951
23003 33068 1:0 24031
23009 33069 1:0 24039
23013 33067 1:0 24049
23042 33037 1:0 24082
23124 33036 1:0 24162
23125 33035 1:0 24169
23134 33034 1:0 24180
23134 33002 1:0 24213
23140 33004 1:0 24293
23145 33003 1:0 24301
23160 319 1:0 25641
23173 33001 1:0 24311
24491 35885 21:0 24499
24499 35888 21:0 24565
24567 35918 21:0 24575
24574 35919 21:0 24625
24624 35920 21:0 24641
24643 35951 21:0 24651
24650 35952 21:0 24701
24700 35953 21:0 24717
24716 35954 21:0 24727
24726 35984 21:0 24745
24744 35987 21:0 24793
24795 36017 21:0 24803
24802 36018 21:0 24853
24852 36019 21:0 24869
24868 36020 21:0 24879
24878 36050 21:0 24897
24896 36051 21:0 24945
24944 36053 21:0 24950
24949 36052 21:0 24969
24968 36083 21:0 25021
25020 36086 21:0 25026
25025 36116 21:0 25031
25031 36119 21:0 25097
25096 35921 21:0 25102
25101 36084 21:0 25107
25106 35986 21:0 25173
25172 35886 21:0 25178
25177 36150 21:0 25183
25182 36117 21:0 25238
25237 36118 21:0 25254
25253 35887 21:0 25259
25258 36149 21:0 25309
25308 36151 21:0 25325
25324 35985 21:0 25335
25334 36182 21:0 25357
25356 36085 21:0 25401
25400 36217 21:0 25408
25407 36184 21:0 25425
25424 36216 21:0 25477
25476 36248 21:0 25482
25481 36215 21:0 25501
25500 36183 21:0 25553
25552 36251 21:0 25558
25557 36152 21:0 25563
25562 36316 21:0 25629
25628 36317 21:0 25634
25633 36281 21:0 25639
25638 36284 21:0 25648
25647 36350 21:0 25656
25653 34908 1:0 25774
25654 34906 1:0 25781
25655 36282 21:0 25659
25657 34875 1:0 25905
25658 36314 21:0 25665
25660 34873 1:0 25912
25663 34872 1:0 25923
25663 34840 1:0 25956
25666 34842 1:0 26036
25669 34841 1:0 26044
25682 319 21:0 25696
25689 34809 1:0 26087
25695 36249 21:0 25776
25702 34807 1:0 26167
25756 34808 1:0 26175
25775 36315 21:0 25779
25777 34806 1:0 26185
25778 36347 21:0 25787
25784 34774 1:0 26218
25785 34776 1:0 26298
25786 36348 21:0 25790
25788 34775 1:0 26306
25791 34773 1:0 26316
25794 34743 1:0 26429
25794 34742 1:0 26437
25800 34709 1:0 26480
25820 34710 1:0 26560
25833 34708 1:0 26567
25915 34707 1:0 26578
25916 34677 1:0 26611
25925 34675 1:0 26691
25925 34676 1:0 26699
25933 34674 1:0 26709
25951 34644 1:0 26822
26046 34643 1:0 26830
26047 34641 1:0 26840
26047 34611 1:0 26873
26056 34609 1:0 26953
26056 34610 1:0 26961
26064 34608 1:0 26971
26083 34578 1:0 27004
26177 34577 1:0 27084
26178 34576 1:0 27091
26187 34575 1:0 27102
26187 34544 1:0 27135
26193 34545 1:0 27215
26197 34543 1:0 27222
26214 34542 1:0 27233
26308 34512 1:0 27266
26309 34511 1:0 27346
26318 34510 1:0 27353
26318 34509 1:0 27364
26324 34479 1:0 27397
26328 34477 1:0 27477
26329 320 1:0 28956
26357 34478 1:0 27485
26439 34476 1:0 27495
26440 34444 1:0 27528
26449 34446 1:0 27608
26449 34445 1:0 27616
26455 34443 1:0 27626
27806 37327 21:0 27814
27814 37330 21:0 27880
27882 37360 21:0 27890
27889 37361 21:0 27940
27939 37362 21:0 27956
27955 37363 21:0 27966
27966 37396 21:0 28032
28034 37426 21:0 28042
28041 37427 21:0 28092
28091 37428 21:0 28108
28107 37429 21:0 28118
28117 37459 21:0 28136
28135 37461 21:0 28184
28183 37460 21:0 28189
28188 37462 21:0 28208
28207 37492 21:0 28260
28262 37525 21:0 28270
28269 37527 21:0 28320
28319 37526 21:0 28336
28335 37528 21:0 28346
28345 37558 21:0 28364
28363 37560 21:0 28412
28411 37329 21:0 28417
28416 37559 21:0 28436
28435 37393 21:0 28488
28487 37328 21:0 28493
28492 37394 21:0 28498
28497 37592 21:0 28564
28563 37395 21:0 28569
28568 37493 21:0 28574
28573 37624 21:0 28640
28639 37495 21:0 28645
28644 37561 21:0 28650
28649 37657 21:0 28705
28704 37658 21:0 28721
28720 37626 21:0 28726
28725 37594 21:0 28776
28775 37692 21:0 28792
28791 37627 21:0 28802
28801 37494 21:0 28824
28823 37625 21:0 28868
28867 37691 21:0 28875
28874 37724 21:0 28892
28891 37723 21:0 28944
28943 37660 21:0 28949
28948 37757 21:0 28960
28959 37591 21:0 28963
28961 36350 1:0 29089
28962 37726 21:0 28971
28968 36348 1:0 29096
28969 36347 1:0 29107
28970 37790 21:0 28974
28972 36315 1:0 29140
28973 37789 21:0 28983
28975 36317 1:0 29220
28978 36316 1:0 29228
28978 36314 1:0 29238
28984 36284 1:0 29351
28984 36282 1:0 29358
28997 320 21:0 29011
29004 36281 1:0 29369
29010 37659 21:0 29091
29017 36251 1:0 29482
29071 36249 1:0 29489
29090 37758 21:0 29094
29092 36248 1:0 29500
29093 37693 21:0 29102
29099 36216 1:0 29613
29100 36217 1:0 29621
29103 36215 1:0 29631
29109 36183 1:0 29744
29109 36184 1:0 29752
29115 36182 1:0 29762
29135 36152 1:0 29795
29148 36151 1:0 29875
29230 36150 1:0 29882
29231 36149 1:0 29893
29240 36118 1:0 29926
29240 36119 1:0 30006
29248 36117 1:0 30013
29266 36116 1:0 30024
29361 36085 1:0 30057
29362 36086 1:0 30137
29362 36084 1:0 30144
29371 36083 1:0 30155
29371 36052 1:0 30188
29379 36053 1:0 30268
29398 36051 1:0 30275
29492 36050 1:0 30286
29493 36020 1:0 30319
29502 36019 1:0 30399
29502 36018 1:0 30406
29508 36017 1:0 30417
29512 35985 1:0 30450
29529 35987 1:0 30530
29623 35986 1:0 30538
29624 35984 1:0 30548
29633 35954 1:0 30581
29633 35953 1:0 30661
29639 35952 1:0 30668
29643 35951 1:0 30679
29672 35921 1:0 30712
29754 35920 1:0 30792
29755 35919 1:0 30799
29764 35918 1:0 30810
29764 35887 1:0 30843
29770 35888 1:0 30923
29775 35886 1:0 30930
29790 321 1:0 32271
29803 35885 1:0 30941
31121 38769 21:0 31129
31129 38772 21:0 31195
31197 38802 21:0 31205
31204 38803 21:0 31255
31254 38804 21:0 31271
31270 38805 21:0 31281
31280 38835 21:0 31299
31298 38838 21:0 31347
31349 38868 21:0 31357
31356 38870 21:0 31407
31406 38869 21:0 31423
31422 38871 21:0 31433
31432 38901 21:0 31451
31450 38902 21:0 31499
31498 38903 21:0 31504
31503 38904 21:0 31523
31522 38934 21:0 31575
31574 38935 21:0 31580
31579 38936 21:0 31585
31584 38937 21:0 31651
31650 38967 21:0 31656
31655 38970 21:0 31661
31660 39000 21:0 31720
31719 39002 21:0 31732
31731 39001 21:0 31737
31736 38837 21:0 31792
31791 38836 21:0 31808
31807 39003 21:0 31813
31812 38771 21:0 31863
31862 39033 21:0 31879
31878 39069 21:0 31889
31888 38968 21:0 31911
31910 39036 21:0 31955
31954 39067 21:0 31960
31959 39099 21:0 31979
31978 39102 21:0 32031
32030 39100 21:0 32036
32035 39101 21:0 32052
32051 38770 21:0 32107
32106 39132 21:0 32112
32111 39035 21:0 32117
32116 39135 21:0 32183
32182 39066 21:0 32188
32187 39166 21:0 32193
32192 39133 21:0 32248
32247 39165 21:0 32264
32263 39034 21:0 32269
32268 39231 21:0 32275
32274 39168 21:0 32283
32282 39167 21:0 32289
32283 37790 1:0 32411
32284 37789 1:0 32422
32284 37758 1:0 32535
32288 39234 21:0 32295
32290 37757 1:0 32542
32293 37726 1:0 32666
32293 37724 1:0 32673
32294 39232 21:0 32298
32296 37723 1:0 32684
32299 37693 1:0 32717
32299 37691 1:0 32797
32312 321 21:0 32326
32319 37692 1:0 32805
32325 39200 21:0 32406
32332 37659 1:0 32848
32386 37660 1:0 32928
32414 37658 1:0 32935
32415 37657 1:0 32946
32424 37625 1:0 32979
32424 37627 1:0 33059
32430 37626 1:0 33067
32450 37624 1:0 33077
32463 37594 1:0 33190
32545 37592 1:0 33197
32546 37591 1:0 33208
32555 37561 1:0 33241
32555 37559 1:0 33321
32563 37560 1:0 33329
32581 37558 1:0 33339
32676 37528 1:0 33372
32677 37526 1:0 33452
32677 37527 1:0 33460
32686 37525 1:0 33470
32686 37494 1:0 33503
32694 37495 1:0 33583
32713 37493 1:0 33590
32807 37492 1:0 33601
32808 37462 1:0 33634
32817 37460 1:0 33714
32817 37461 1:0 33722
32823 37459 1:0 33732
32827 37429 1:0 33765
32844 37428 1:0 33845
32938 37427 1:0 33852
32939 37426 1:0 33863
32948 37395 1:0 33896
32948 37396 1:0 33976
32954 37394 1:0 33983
32958 37393 1:0 33994
32987 37363 1:0 34027
33069 37362 1:0 34107
33070 37361 1:0 34114
33079 37360 1:0 34125
33079 37328 1:0 34158
33085 37330 1:0 34238
33090 37329 1:0 34246
33105 322 1:0 35586
33118 37327 1:0 34256
34436 40211 21:0 34444
34444 40214 21:0 34510
34512 40244 21:0 34520
34519 40245 21:0 34570
34569 40246 21:0 34586
34588 40277 21:0 34596
34595 40213 21:0 34646
34645 40278 21:0 34662
34664 40310 21:0 34672
34671 40312 21:0 34722
34721 40311 21:0 34738
34737 40313 21:0 34748
34747 40343 21:0 34766
34765 40345 21:0 34814
34813 40344 21:0 34819
34818 40346 21:0 34838
34837 40376 21:0 34890
34889 40379 21:0 34895
34894 40409 21:0 34900
34899 40411 21:0 34966
34965 40410 21:0 34971
34970 40412 21:0 34976
34976 40445 21:0 35042
35041 40279 21:0 35047
35046 40377 21:0 35052
35051 40444 21:0 35118
35117 40212 21:0 35123
35122 40476 21:0 35128
35127 40280 21:0 35183
35182 40442 21:0 35199
35198 40475 21:0 35204
35203 40477 21:0 35254
35253 40443 21:0 35270
35269 40511 21:0 35280
35279 40247 21:0 35302
35301 40478 21:0 35346
35345 40541 21:0 35353
35352 40574 21:0 35370
35369 40576 21:0 35422
35421 40378 21:0 35427
35426 40609 21:0 35446
35445 40510 21:0 35498
35497 40508 21:0 35503
35502 40608 21:0 35508
35507 40542 21:0 35574
35573 40575 21:0 35579
35578 40607 21:0 35584
35583 40610 21:0 35593
35592 40509 21:0 35601
35598 39234 1:0 35719
35599 39232 1:0 35726
35600 40640 21:0 35604
35602 39231 1:0 35737
35603 40674 21:0 35610
35605 39200 1:0 35858
35608 39167 1:0 35901
35608 39168 1:0 35981
35611 39166 1:0 35988
35614 39165 1:0 35999
35627 322 21:0 35641
35634 39135 1:0 36112
35640 40544 21:0 35721
35647 39133 1:0 36119
35701 39132 1:0 36130
35720 40642 21:0 35724
35722 39101 1:0 36163
35729 39102 1:0 36243
35730 39100 1:0 36250
35739 39099 1:0 36261
35739 39069 1:0 36374
35745 39067 1:0 36381
35765 39066 1:0 36392
35778 39034 1:0 36425
35860 39036 1:0 36505
35861 39035 1:0 36513
35870 39033 1:0 36523
35870 39003 1:0 36556
35878 39001 1:0 36636
35896 39002 1:0 36644
35991 39000 1:0 36654
35992 38970 1:0 36767
35992 38968 1:0 36774
36001 38967 1:0 36785
36001 38937 1:0 36818
36009 38936 1:0 36898
36028 38935 1:0 36905
36122 38934 1:0 36916
36123 38904 1:0 36949
36132 38903 1:0 37029
36132 38902 1:0 37036
36138 38901 1:0 37047
36142 38871 1:0 37080
36159 38869 1:0 37160
36253 38870 1:0 37168
36254 38868 1:0 37178
36263 38836 1:0 37211
36263 38838 1:0 37291
36269 38837 1:0 37299
36273 38835 1:0 37309
36302 38805 1:0 37342
36384 38804 1:0 37422
36385 38803 1:0 37429
36394 38802 1:0 37440
36394 38770 1:0 37473
36400 38772 1:0 37553
36405 38771 1:0 37561
36420 323 1:0 38901
36433 38769 1:0 37571
37751 41653 21:0 37759
37759 41656 21:0 37825
37827 41686 21:0 37835
37834 41687 21:0 37885
37884 41688 21:0 37901
37900 41689 21:0 37911
37910 41720 21:0 37929
37928 41722 21:0 37977
37976 41721 21:0 37982
37981 41752 21:0 38001
38000 41754 21:0 38053
38052 41755 21:0 38058
38057 41753 21:0 38063
38062 41785 21:0 38129
38128 41786 21:0 38134
38133 41787 21:0 38139
38138 41788 21:0 38205
38204 41820 21:0 38210
38209 41819 21:0 38215
38214 41821 21:0 38270
38269 41851 21:0 38286
38285 41854 21:0 38291
38290 41884 21:0 38341
38340 41887 21:0 38357
38356 41852 21:0 38367
38366 41853 21:0 38389
38388 41818 21:0 38433
38432 41886 21:0 38438
38437 41719 21:0 38457
38456 41654 21:0 38509
38508 41918 21:0 38514
38513 41919 21:0 38533
38532 41917 21:0 38585
38584 41920 21:0 38590
38589 41885 21:0 38595
38594 41983 21:0 38661
38660 41953 21:0 38666
38665 41952 21:0 38671
38670 42019 21:0 38726
38725 42017 21:0 38742
38741 41655 21:0 38747
38746 41985 21:0 38802
38801 41984 21:0 38813
38812 42018 21:0 38823
38822 42082 21:0 38868
38867 42050 21:0 38889
38888 42016 21:0 38899
38898 42083 21:0 38905
38904 41950 21:0 38908
38906 40674 1:0 39041
38907 42049 21:0 38916
38913 40642 1:0 39173
38914 40640 1:0 39183
38915 42084 21:0 38925
38917 40610 1:0 39216
38923 40608 1:0 39296
38923 40609 1:0 39304
38924 42051 21:0 38928
38926 40607 1:0 39314
38929 40575 1:0 39427
38929 40576 1:0 39435
38942 323 21:0 38956
38949 40574 1:0 39445
38955 42116 21:0 39036
38962 40544 1:0 39558
39016 40542 1:0 39565
39035 42118 21:0 39039
39037 40541 1:0 39576
39044 40509 1:0 39609
39045 40511 1:0 39689
39054 40510 1:0 39697
39054 40508 1:0 39707
39060 40478 1:0 39740
39080 40477 1:0 39820
39093 40476 1:0 39827
39175 40475 1:0 39838
39176 40443 1:0 39871
39185 40445 1:0 39951
39185 40444 1:0 39959
39193 40442 1:0 39969
39211 40412 1:0 40002
39306 40410 1:0 40082
39307 40411 1:0 40090
39307 40409 1:0 40100
39316 40378 1:0 40133
39316 40379 1:0 40213
39324 40377 1:0 40220
39343 40376 1:0 40231
39437 40346 1:0 40264
39438 40344 1:0 40344
39447 40345 1:0 40352
39447 40343 1:0 40362
39453 40313 1:0 40395
39457 40311 1:0 40475
39474 40312 1:0 40483
39568 40310 1:0 40493
39569 40280 1:0 40526
39578 40279 1:0 40606
39578 40278 1:0 40613
39584 40277 1:0 40624
39588 40247 1:0 40657
39617 40246 1:0 40737
39699 40245 1:0 40744
39700 40244 1:0 40755
39709 40212 1:0 40788
39709 40214 1:0 40868
39715 40213 1:0 40876
39720 40211 1:0 40886
39735 324 1:0 42216
41066 43095 21:0 41074
41074 43098 21:0 41140
41142 43128 21:0 41150
41149 43129 21:0 41200
41199 43130 21:0 41216
41215 43131 21:0 41226
41225 43161 21:0 41244
41243 43096 21:0 41292
41294 43194 21:0 41302
41301 43195 21:0 41352
41351 43196 21:0 41368
41367 43197 21:0 41378
41377 43227 21:0 41396
41395 43230 21:0 41444
41446 43260 21:0 41454
41453 43262 21:0 41504
41503 43261 21:0 41520
41519 43263 21:0 41530
41529 43294 21:0 41548
41547 43295 21:0 41596
41595 43296 21:0 41601
41600 43326 21:0 41620
41619 43329 21:0 41672
41671 43097 21:0 41677
41679 43361 21:0 41696
41695 43293 21:0 41748
41747 43327 21:0 41753
41752 43328 21:0 41772
41771 43229 21:0 41824
41823 43360 21:0 41829
41828 43393 21:0 41834
41833 43164 21:0 41900
41899 43425 21:0 41905
41904 43162 21:0 41910
41909 43228 21:0 41965
41964 43461 21:0 41981
41980 43359 21:0 41986
41985 43395 21:0 42041
42040 43392 21:0 42057
42056 43459 21:0 42062
42061 43492 21:0 42112
42111 43426 21:0 42128
42127 43427 21:0 42138
42137 43458 21:0 42156
42155 43491 21:0 42204
42203 43525 21:0 42209
42208 43559 21:0 42220
42219 43428 21:0 42223
42221 42118 1:0 42349
42222 43362 21:0 42231
42228 42116 1:0 42356
42229 42084 1:0 42480
42230 43524 21:0 42240
42232 42083 1:0 42487
42238 42082 1:0 42498
42238 42051 1:0 42611
42239 43526 21:0 42243
42241 42050 1:0 42618
42244 42049 1:0 42629
42244 42018 1:0 42662
42257 324 21:0 42271
42264 42019 1:0 42742
42270 43557 21:0 42351
42277 42017 1:0 42749
42331 42016 1:0 42760
42359 41984 1:0 42873
42360 41985 1:0 42881
42369 41983 1:0 42891
42369 41953 1:0 43004
42375 41952 1:0 43012
42395 41950 1:0 43022
42408 41920 1:0 43055
42490 41919 1:0 43135
42491 41918 1:0 43142
42500 41917 1:0 43153
42500 41885 1:0 43186
42508 41887 1:0 43266
42526 41886 1:0 43274
42621 41884 1:0 43284
42622 41853 1:0 43317
42622 41854 1:0 43397
42631 41852 1:0 43404
42631 41851 1:0 43415
42639 41821 1:0 43448
42658 41819 1:0 43528
42752 41820 1:0 43536
42753 41818 1:0 43546
42762 41788 1:0 43579
42762 41787 1:0 43659
42768 41786 1:0 43666
42772 41785 1:0 43677
42789 41753 1:0 43710
42883 41755 1:0 43790
42884 41754 1:0 43798
42893 41752 1:0 43808
42893 41721 1:0 43841
42899 41722 1:0 43921
42903 41720 1:0 43928
42932 41719 1:0 43939
43014 41689 1:0 43972
43015 41688 1:0 44052
43024 41687 1:0 44059
43024 41686 1:0 44070
43030 41655 1:0 44103
43035 41656 1:0 44183
43050 325 1:0 45531
43063 41654 1:0 44190
43145 41653 1:0 44201
44363 44523 21:0 44379
44378 44516 21:0 44379
44378 44535 21:0 44379
44381 44537 21:0 44389
44388 44524 21:0 44389
44389 44540 21:0 44455
44454 44553 21:0 44455
44454 44549 21:0 44455
44457 44570 21:0 44465
44464 44571 21:0 44515
44514 44572 21:0 44531
44530 44573 21:0 44541
44540 44603 21:0 44559
44558 44604 21:0 44607
44606 44605 21:0 44612
44611 44606 21:0 44631
44630 44636 21:0 44683
44682 44638 21:0 44688
44687 44637 21:0 44693
44692 44639 21:0 44759
44758 44669 21:0 44764
44763 44671 21:0 44769
44768 44672 21:0 44835
44834 44670 21:0 44840
44839 44702 21:0 44845
44844 44703 21:0 44900
44899 44705 21:0 44916
44915 44704 21:0 44921
44920 44735 21:0 44971
44970 44736 21:0 44987
44986 44737 21:0 44997
44996 44538 21:0 45019
45018 44539 21:0 45063
45065 44834 21:0 45073
45072 44738 21:0 45123
45122 44768 21:0 45139
45138 44770 21:0 45149
45148 44769 21:0 45167
45166 44771 21:0 45215
45214 44801 21:0 45220
45219 44803 21:0 45239
45238 44802 21:0 45291
45290 44804 21:0 45296
45295 44835 21:0 45301
45300 44836 21:0 45367
45366 44837 21:0 45372
45371 44867 21:0 45377
45376 44868 21:0 45441
45440 44869 21:0 45448
45447 44870 21:0 45453
45452 44900 21:0 45508
45507 44901 21:0 45524
45523 44902 21:0 45529
45528 44903 21:0 45535
45530 43559 1:0 45672
45534 44933 21:0 45541
45540 44934 21:0 45549
45542 43557 1:0 45682
45543 43526 1:0 45795
45544 43525 1:0 45802
45548 44935 21:0 45555
45550 43524 1:0 45813
45553 43492 1:0 45933
45553 43491 1:0 45944
45554 44936 21:0 45558
45556 43461 1:0 46057
45559 43459 1:0 46064
45561 43458 1:0 46075
45572 325 21:0 45586
45580 43428 1:0 46108
45585 44967 21:0 45666
45633 43427 1:0 46188
45661 43426 1:0 46195
45665 44966 21:0 45669
45668 45000 21:0 45677
45674 43425 1:0 46206
45675 43395 1:0 46319
45675 43393 1:0 46326
45676 44968 21:0 45680
45678 43392 1:0 46337
45679 44999 21:0 45689
45681 43362 1:0 46370
45684 43360 1:0 46450
45684 43361 1:0 46458
45688 44520 21:0 45689
45688 44557 21:0 45689
45688 44674 21:0 45714
45690 43359 1:0 46468
45690 43328 1:0 46501
45695 43329 1:0 46581
45711 43327 1:0 46588
45713 44854 21:0 45733
45732 44720 21:0 45768
45764 43326 1:0 46599
45805 43296 1:0 46632
45806 43295 1:0 46712
45815 43294 1:0 46719
45815 43293 1:0 46730
45821 43263 1:0 46763
45841 43261 1:0 46843
45854 43262 1:0 46851
45936 43260 1:0 46861
45937 43228 1:0 46894
45946 43230 1:0 46974
45946 43229 1:0 46982
45954 43227 1:0 46992
45972 43197 1:0 47025
46067 43196 1:0 47105
46068 43195 1:0 47112
46068 43194 1:0 47123
46077 43164 1:0 47236
46077 43162 1:0 47243
46085 43161 1:0 47254
46104 43131 1:0 47287
46198 43130 1:0 47367
46199 43129 1:0 47374
46208 43128 1:0 47385
46208 43097 1:0 47418
46214 43098 1:0 47498
46218 43096 1:0 47505
46235 43095 1:0 47516
46247 326 1:0 48846
46329 44999 1:0 48842
46330 44968 1:0 48859
47701 45981 21:0 47718
47717 45979 21:0 47770
47769 45991 21:0 47770
47772 46012 21:0 47780
47780 46015 21:0 47846
47845 46013 21:0 47851
47850 45980 21:0 47856
47856 46048 21:0 47922
47921 46047 21:0 47927
47926 46045 21:0 47932
47932 46081 21:0 47998
48000 46111 21:0 48008
48007 46080 21:0 48058
48057 46079 21:0 48074
48076 46144 21:0 48084
48083 46145 21:0 48134
48133 46112 21:0 48150
48152 46177 21:0 48160
48159 46160 21:0 48160
48160 46180 21:0 48226
48225 46178 21:0 48231
48233 46212 21:0 48250
48249 46114 21:0 48302
48304 46243 21:0 48312
48311 46211 21:0 48362
48361 46244 21:0 48378
48385 46277 21:0 48402
48401 46179 21:0 48454
48453 46014 21:0 48459
48458 46278 21:0 48478
48477 46210 21:0 48530
48529 46279 21:0 48535
48534 46213 21:0 48540
48539 46078 21:0 48606
48605 46342 21:0 48611
48610 46311 21:0 48616
48615 46309 21:0 48671
48670 46377 21:0 48687
48686 46344 21:0 48692
48691 46312 21:0 48747
48746 46113 21:0 48760
48759 46411 21:0 48768
48767 46378 21:0 48818
48817 46345 21:0 48834
48858 312 1:0 2581
48859 45000 1:0 48868
48868 44966 1:0 48881
48868 46345 1:0 48953
48874 46378 1:0 48982
48878 46411 1:0 48993
48887 326 21:0 48901
48902 46113 1:0 49002
48989 46312 1:0 49030
48990 46344 1:0 49110
48999 44967 1:0 49117
48999 46377 1:0 49124
49005 46309 1:0 49133
49009 44936 1:0 49161
49038 44935 1:0 49241
49120 44934 1:0 49248
49121 44933 1:0 49259
49130 46311 1:0 49264
49130 44903 1:0 49292
49136 44902 1:0 49372
49141 44901 1:0 49379
49169 44900 1:0 49390
49251 46342 1:0 49395
49252 44870 1:0 49423
49261 44869 1:0 49503
49261 44868 1:0 49510
49261 44854 1:0 49514
49269 44867 1:0 49521
49287 46078 1:0 49526
49382 44837 1:0 49554
49383 44836 1:0 49634
49383 44835 1:0 49641
49392 44834 1:0 49652
49392 46213 1:0 49657
49400 44804 1:0 49685
49419 44802 1:0 49765
49513 44803 1:0 49773
49514 44801 1:0 49783
49523 46279 1:0 49788
49523 44771 1:0 49816
49529 44769 1:0 49896
49533 44770 1:0 49904
49534 44720 1:0 49907
49562 44768 1:0 49914
49644 46210 1:0 49919
49645 44738 1:0 49947
49654 44737 1:0 50027
49654 44736 1:0 50034
49654 44674 1:0 50038
49662 44735 1:0 50045
49680 46278 1:0 50050
49775 44704 1:0 50078
49776 44705 1:0 50158
49776 44703 1:0 50165
49785 44520 1:0 50169
49785 44702 1:0 50176
49791 46014 1:0 50181
49795 44670 1:0 50209
49824 44672 1:0 50289
49906 44671 1:0 50297
49906 44524 1:0 50300
49907 44669 1:0 50307
49916 46045 1:0 50312
49916 44639 1:0 50340
49922 44637 1:0 50420
49942 44638 1:0 50428
49943 44557 1:0 50431
50037 44636 1:0 50438
50038 45980 1:0 50443
50047 44606 1:0 50471
50047 44605 1:0 50551
50053 44604 1:0 50558
50053 44549 1:0 50562
50058 44603 1:0 50569
50086 46179 1:0 50574
50168 44573 1:0 50602
50169 44572 1:0 50682
50178 44571 1:0 50689
50178 44553 1:0 50693
50178 44570 1:0 50700
50186 46277 1:0 50705
50204 44539 1:0 50733
50299 44540 1:0 50813
50300 44538 1:0 50820
50300 44535 1:0 50824
50309 44537 1:0 50831
50309 44516 1:0 50833
50309 46244 1:0 50846
50309 44523 1:0 50846
50317 46211 1:0 50918
50319 327 1:0 50944
50336 46114 1:0 50960
50348 22860 1:0 50966
50430 22851 1:0 50966
50430 22857 1:0 50969
50430 22861 1:0 50969
50430 22850 1:0 50979
50430 22856 1:0 50979
50431 22858 1:0 50979
50431 22859 1:0 51005
50440 22862 1:0 51051
50440 22863 1:0 51138
50440 46178 1:0 51181
50446 23006 1:0 51187
50446 23004 1:0 51187
50446 22997 1:0 51190
50450 23007 1:0 51190
50450 22998 1:0 51200
50451 23003 1:0 51200
50451 23001 1:0 51200
50451 23151 1:0 51402
50467 23008 1:0 51200
50479 23005 1:0 51227
50520 23144 1:0 51408
50561 23010 1:0 51272
50561 23009 1:0 51358
50562 46112 1:0 51399
50571 23155 1:0 51408
50571 23145 1:0 51408
50571 23153 1:0 51411
50571 23150 1:0 51411
50571 23157 1:0 51439
50577 23152 1:0 51439
50577 23156 1:0 51490
50581 23154 1:0 51569
50598 46243 1:0 51612
50610 23304 1:0 51629
50692 46145 1:0 51623
50693 23298 1:0 51629
50693 23302 1:0 51632
50693 23292 1:0 51632
50693 23299 1:0 51642
50702 23297 1:0 51642
50702 23291 1:0 51642
50702 23301 1:0 51670
50702 23300 1:0 51714
50702 23303 1:0 51800
50702 23438 1:0 51844
50710 46180 1:0 51841
50713 23451 1:0 51850
50728 23445 1:0 51850
50728 23444 1:0 51850
50729 23586 1:0 52065
50729 23591 1:0 52071
50741 23446 1:0 51853
50741 23439 1:0 51853
50823 23450 1:0 51881
50823 23448 1:0 51881
50824 23447 1:0 51932
50824 23449 1:0 52012
50833 46079 1:0 52062
50833 23597 1:0 52071
50833 23585 1:0 52071
50833 23592 1:0 52074
50839 23596 1:0 52074
50839 23594 1:0 52102
50843 23593 1:0 52102
50859 23598 1:0 52153
50860 23595 1:0 52232
50872 23733 1:0 52286
50913 23743 1:0 52292
50913 23739 1:0 52292
50956 46080 1:0 52283
50957 23738 1:0 52292
50957 23732 1:0 52295
50957 23742 1:0 52295
50957 23740 1:0 52323
50966 23744 1:0 52323
50966 23745 1:0 52374
50966 23734 1:0 52413
50966 23741 1:0 52444
50966 23886 1:0 52513
50972 46212 1:0 52507
50976 23891 1:0 52513
50985 327 21:0 50999
50993 23889 1:0 52516
50993 23879 1:0 52516
50993 23885 1:0 52526
51005 23887 1:0 52526
51005 23880 1:0 52526
51046 23888 1:0 52553
51074 23890 1:0 52598
51075 23892 1:0 52685
51087 22850 21:0 51131
51127 46177 1:0 52725
51135 24032 1:0 52728
51135 24026 1:0 52734
51144 22863 21:0 51169
51145 24037 1:0 52734
51145 24033 1:0 52734
51168 22862 21:0 51172
51171 22859 21:0 51172
51171 22858 21:0 51180
51177 24027 1:0 52737
51177 24038 1:0 52737
51177 24036 1:0 52765
51178 24039 1:0 52765
51178 24034 1:0 52816
51178 24035 1:0 52886
51179 22861 21:0 51183
51181 24180 1:0 52949
51182 22860 21:0 51183
51182 22856 21:0 51189
51184 46081 1:0 52946
51187 46160 1:0 52949
51187 24179 1:0 52955
51187 24173 1:0 52955
51187 24185 1:0 52955
51187 24184 1:0 52958
51187 24174 1:0 52958
51188 22857 21:0 51189
51188 22851 21:0 51189
51190 24186 1:0 52986
51193 24183 1:0 52986
51193 24182 1:0 53037
51197 24181 1:0 53106
51198 24321 1:0 53170
51198 24326 1:0 53176
51226 46144 1:0 53167
51267 24332 1:0 53176
51275 24327 1:0 53176
51280 24320 1:0 53179
51295 24333 1:0 53179
51296 24329 1:0 53207
51297 24467 1:0 53391
51305 22998 21:0 51351
51346 24330 1:0 53207
51350 23001 21:0 51357
51356 24328 1:0 53258
51366 24323 1:0 53298
51366 24331 1:0 53338
51368 23009 21:0 51390
51389 23010 21:0 51393
51392 23005 21:0 51393
51392 23008 21:0 51401
51398 46111 1:0 53388
51399 24473 1:0 53397
51399 24474 1:0 53397
51399 24475 1:0 53397
51399 24477 1:0 53400
51399 24468 1:0 53400
51400 23007 21:0 51404
51402 24476 1:0 53428
51403 23006 21:0 51404
51403 23003 21:0 51410
51405 24480 1:0 53428
51405 24479 1:0 53479
51408 24469 1:0 53518
51408 24478 1:0 53559
51408 46048 1:0 53609
51408 24621 1:0 53612
51408 24615 1:0 53618
51408 24614 1:0 53618
51409 23004 21:0 51410
51409 22997 21:0 51410
51414 24626 1:0 53618
51414 24623 1:0 53621
51414 24620 1:0 53621
51418 24627 1:0 53649
51434 24624 1:0 53649
51447 24622 1:0 53700
51488 24625 1:0 53780
51516 46047 1:0 53822
51526 23145 21:0 51572
51567 46015 1:0 53833
51567 45991 1:0 53833
51569 24767 1:0 53839
51577 24769 1:0 53839
51579 23154 21:0 51611
51587 24762 1:0 53842
51610 23156 21:0 51614
51613 23157 21:0 51614
51613 23152 21:0 51622
51619 24770 1:0 53842
51619 24768 1:0 53851
51619 24761 1:0 53851
51619 24772 1:0 53851
51620 24771 1:0 53879
51620 24774 1:0 53924
51620 24773 1:0 54010
51621 23153 21:0 51625
51623 24908 1:0 54060
51623 25055 1:0 54293
51624 23155 21:0 51625
51624 23150 21:0 51625
51624 23144 21:0 51631
51626 46013 1:0 54047
51629 46012 1:0 54054
51629 24918 1:0 54060
51629 24916 1:0 54063
51629 24909 1:0 54063
51630 23151 21:0 51631
51635 24915 1:0 54073
51635 24914 1:0 54073
51635 24919 1:0 54073
51637 24921 1:0 54100
51640 24917 1:0 54145
51655 25156 1:0 54293
51656 24920 1:0 54231
51709 45981 1:0 54269
51738 45979 1:0 54275
51738 25061 1:0 54281
51738 25056 1:0 54281
51750 23291 21:0 51794
51788 25065 1:0 54281
51788 25062 1:0 54284
51798 25064 1:0 54284
51808 25063 1:0 54293
51810 23303 21:0 51832
51831 23300 21:0 51835
51834 23301 21:0 51835
51834 23299 21:0 51843
51840 25066 1:0 54320
51840 25067 1:0 54366
51841 25068 1:0 54453
51841 25155 1:0 54492
51842 23302 21:0 51846
51845 23304 21:0 51846
51845 23297 21:0 51852
51851 23292 21:0 51852
51851 23298 21:0 51852
51968 23439 21:0 52014
52018 23449 21:0 52053
52052 23447 21:0 52056
52055 23448 21:0 52056
52055 23450 21:0 52064
52063 23446 21:0 52067
52066 23451 21:0 52067
52066 23444 21:0 52067
52066 23445 21:0 52073
52072 23438 21:0 52073
52192 23585 21:0 52236
52242 23595 21:0 52274
52273 23598 21:0 52277
52276 23594 21:0 52277
52276 23593 21:0 52285
52284 23596 21:0 52288
52287 23597 21:0 52288
52287 23592 21:0 52288
52287 23591 21:0 52294
52293 23586 21:0 52294
52423 23734 21:0 52442
52450 23741 21:0 52495
52494 23745 21:0 52498
52497 23740 21:0 52498
52497 23744 21:0 52506
52505 23742 21:0 52509
52508 23743 21:0 52509
52508 23732 21:0 52509
52508 23739 21:0 52515
52514 23738 21:0 52515
52514 23733 21:0 52515
52631 23880 21:0 52677
52691 23892 21:0 52716
52715 23890 21:0 52719
52718 23888 21:0 52719
52718 23887 21:0 52727
52726 23889 21:0 52730
52729 23891 21:0 52730
52729 23885 21:0 52736
52735 23879 21:0 52736
52735 23886 21:0 52736
52892 24035 21:0 52937
52936 24034 21:0 52940
52939 24039 21:0 52940
52939 24036 21:0 52948
52947 24038 21:0 52951
52950 24027 21:0 52951
52950 24037 21:0 52951
52950 24033 21:0 52957
52956 24032 21:0 52957
52956 24026 21:0 52957
53116 24181 21:0 53158
53157 24182 21:0 53161
53160 24186 21:0 53161
53160 24183 21:0 53169
53168 24184 21:0 53172
53171 24174 21:0 53172
53171 24185 21:0 53172
53171 24173 21:0 53178
53177 24179 21:0 53178
53177 24180 21:0 53178
53297 24320 21:0 53341
53344 24331 21:0 53379
53378 24328 21:0 53382
53381 24329 21:0 53382
53381 24330 21:0 53390
53389 24333 21:0 53393
53392 24327 21:0 53393
53392 24332 21:0 53393
53392 24326 21:0 53399
53398 24321 21:0 53399
53398 24323 21:0 53399
53515 24468 21:0 53561
53565 24478 21:0 53600
53599 24479 21:0 53603
53602 24480 21:0 53603
53602 24476 21:0 53611
53610 24477 21:0 53614
53613 24474 21:0 53614
53613 24475 21:0 53614
53613 24473 21:0 53620
53619 24469 21:0 53620
53619 24467 21:0 53620
53739 24614 21:0 53783
53786 24625 21:0 53821
53820 24622 21:0 53824
53823 24624 21:0 53824
53823 24627 21:0 53832
53831 24623 21:0 53835
53834 24626 21:0 53835
53834 24620 21:0 53835
53834 24615 21:0 53841
53840 24621 21:0 53841
53960 24761 21:0 54004
54020 24773 21:0 54042
54041 24774 21:0 54045
54044 24771 21:0 54045
54044 24772 21:0 54053
54052 24770 21:0 54056
54055 24769 21:0 54056
54055 24768 21:0 54062
54061 24767 21:0 54062
54061 24762 21:0 54062
54208 24915 21:0 54233
54241 24920 21:0 54263
54262 24917 21:0 54266
54265 24921 21:0 54266
54265 24919 21:0 54274
54273 24916 21:0 54277
54276 24918 21:0 54277
54276 24914 21:0 54283
54282 24908 21:0 54283
54282 24909 21:0 54283
54402 25055 21:0 54446
54459 25068 21:0 160
