128 49172 0:0 129
174 48934 21:0 237
236 49079 21:0 308
307 47610 21:0 379
378 48050 21:0 455
454 49080 21:0 487
486 48199 21:0 541
540 48346 21:0 612
611 48642 21:0 688
687 47611 21:0 759
758 47902 21:0 819
818 47905 21:0 845
844 47171 21:0 921
920 47907 21:0 992
991 47319 21:0 1063
1062 48343 21:0 1128
1127 47316 21:0 1163
1162 48930 21:0 1204
1203 47758 21:0 1239
1238 47317 21:0 1301
1300 47466 21:0 1372
1371 48637 21:0 1431
1430 47461 21:0 1449
1448 48776 21:0 1449
1448 48348 21:0 1553
1552 47023 21:0 1571
1570 47318 21:0 1675
1674 47025 21:0 1690
1689 48492 21:0 1794
1793 47465 21:0 1807
1806 48198 21:0 1889
1888 47170 21:0 1926
1925 48493 21:0 1963
1962 47463 21:0 2048
2047 47760 21:0 2059
2058 47755 21:0 2163
2162 47167 21:0 2178
2177 47464 21:0 2282
2281 48052 21:0 2300
2299 47315 21:0 2388
2387 48049 21:0 2417
2416 47169 21:0 2490
2489 47314 21:0 2536
2535 47609 21:0 2570
2569 48640 21:0 2651
2650 47608 21:0 2669
2668 49074 21:0 2669
2668 47899 21:0 2669
2668 48485 21:0 2692
2691 48044 21:0 2695
2694 47897 21:0 2695
2694 49072 21:0 2734
2733 47604 21:0 2743
2742 48778 21:0 2746
2745 48337 21:0 2752
2751 46869 21:0 2770
2769 47016 21:0 2770
2769 47308 21:0 2770
2769 46867 21:0 2770
4610 51256 21:0 4643
6733 299 21:0 6799
8010 314 1:0 53761
10092 300 21:0 10158
11369 315 1:0 57120
13451 301 21:0 13517
14687 55669 21:0 14720
16810 302 21:0 16876
18087 316 1:0 60479
20169 303 21:0 20235
21446 317 1:0 63838
23528 304 21:0 23594
24764 60082 21:0 24797
26887 305 21:0 26953
28164 318 1:0 67197
30246 306 21:0 30312
31523 319 1:0 70556
33605 307 21:0 33671
34841 64495 21:0 34874
36964 308 21:0 37030
40323 309 21:0 40389
41600 320 1:0 73915
43682 310 21:0 43748
44918 68908 21:0 44951
44959 321 1:0 77274
47041 311 21:0 47107
50400 312 21:0 50466
51677 322 1:0 80633
53759 313 21:0 53825
54995 73321 21:0 55028
55036 323 1:0 83992
57118 314 21:0 57184
60477 315 21:0 60543
61754 324 1:0 87351
63836 316 21:0 63902
65072 77734 21:0 65105
65113 325 1:0 90710
67195 317 21:0 67261
70554 318 21:0 70620
71831 326 1:0 94069
73913 319 21:0 73979
75149 82147 21:0 75182
75190 327 1:0 97428
77272 320 21:0 77338
80631 321 21:0 80697
83990 322 21:0 84056
85267 328 1:0 100787
87349 323 21:0 87415
90708 324 21:0 90774
91237 89193 21:0 91382
91383 89193 1:0 93161
94067 325 21:0 94133
95344 47608 1:0 102197
97426 326 21:0 97492
100785 327 21:0 100851
102023 49249 21:0 102028
102034 49793 21:0 102054
102062 48640 1:0 102285
102062 47609 1:0 102328
102063 47314 1:0 102416
102063 47169 1:0 102459
102072 48049 1:0 102547
102072 47315 1:0 102590
102072 48052 1:0 102678
102072 47464 1:0 102721
102078 47167 1:0 102809
102078 47755 1:0 102852
102082 47760 1:0 102940
102098 47463 1:0 102983
102111 48493 1:0 103071
102111 47170 1:0 103114
102140 277 21:0 102156
102152 48189 1:0 103120
102155 275 21:0 102159
102193 48198 1:0 103231
102193 47465 1:0 103251
102194 48492 1:0 103362
102194 47025 1:0 103382
102203 47318 1:0 103493
102203 47023 1:0 103513
102203 48348 1:0 103616
102203 48776 1:0 103627
102203 47461 1:0 103647
102209 48637 1:0 103758
102211 47466 1:0 103778
102214 47317 1:0 103889
102229 47894 1:0 103925
102230 47758 1:0 103909
102242 48930 1:0 103988
102242 49793 1:0 105130
102274 49900 21:0 102287
102324 47316 1:0 104031
102324 48343 1:0 104122
102325 47319 1:0 104218
102325 47907 1:0 104294
102325 47171 1:0 104370
102334 47168 1:0 104446
102334 46875 1:0 104522
102334 46874 1:0 104598
102334 47905 1:0 104674
102340 47462 1:0 104750
102342 47902 1:0 104826
102345 47611 1:0 104902
102361 47021 1:0 104978
102373 47020 1:0 105054
102415 49959 21:0 102418
102417 49957 21:0 102421
102455 47024 1:0 105130
102455 47022 1:0 105206
102536 50014 21:0 102549
102548 50016 21:0 102552
102808 50130 21:0 102811
103060 50242 21:0 103073
103072 50244 21:0 103076
103191 50299 21:0 103204
103322 50356 21:0 103335
103453 50413 21:0 103466
103584 50470 21:0 103597
103725 50529 21:0 103728
103846 50584 21:0 103859
103858 50586 21:0 103862
103987 50643 21:0 103990
104118 50700 21:0 104121
104144 328 21:0 104210
104209 5 21:0 104210
104212 94878 21:0 104212
104217 94879 21:0 104217
104217 94880 21:0 104217
104220 94881 21:0 104220
104238 23 21:0 104270
104288 94911 21:0 104288
104293 94913 21:0 104293
104296 94914 21:0 104296
104314 41 21:0 104346
104364 94944 21:0 104364
104369 94946 21:0 104369
104372 94947 21:0 104372
104440 94977 21:0 104440
104445 94978 21:0 104445
104516 95010 21:0 104516
104521 95012 21:0 104521
104521 95011 21:0 104521
104546 97 21:0 104574
104573 95 21:0 104579
104592 95043 21:0 104592
104597 95045 21:0 104597
104597 95044 21:0 104597
104600 95046 21:0 104600
104668 95076 21:0 104668
104673 95078 21:0 104673
104673 95077 21:0 104673
104676 95079 21:0 104676
104698 133 21:0 104726
104744 95109 21:0 104744
104749 95111 21:0 104749
104752 95112 21:0 104752
104774 151 21:0 104802
104801 149 21:0 104807
104828 95145 21:0 104828
104850 169 21:0 104878
104896 95175 21:0 104896
104901 95177 21:0 104901
104901 95176 21:0 104901
104926 187 21:0 104954
104972 95208 21:0 104972
104977 95209 21:0 104977
104980 95211 21:0 104980
105048 95241 21:0 105048
105053 95242 21:0 105053
105053 95243 21:0 105053
105056 95244 21:0 105056
105124 95274 21:0 105124
105129 95276 21:0 105129
105132 95277 21:0 105132
105150 239 21:0 105182
105170 341 0:0 105172
105181 241 21:0 105187
105202 47016 1:0 105206
105202 275 1:0 105206
105202 50016 1:0 105206
105207 46876 1:0 105282
105209 341 1:0 105209
105278 47308 1:0 105282
105278 277 1:0 105282
105278 169 1:0 105282
105283 46878 1:0 105358
105320 341 21:0 105334
105354 46867 1:0 105358
105354 49249 1:0 105358
105354 241 1:0 105358
105354 46869 1:0 105358
105359 46877 1:0 105428
105429 46872 1:0 105435
105436 82147 1:0 105444
105442 48778 1:0 105444
105442 133 1:0 105444
105442 341 1:0 105444
105442 48337 1:0 105444
105445 77734 1:0 105509
105470 239 1:0 105472
105473 49959 1:0 105509
105473 49957 1:0 105509
105496 341 21:0 105506
105510 73321 1:0 105608
105589 46872 21:0 105644
105609 68908 1:0 105645
105643 46877 21:0 105664
105646 64495 1:0 105656
105654 50244 1:0 105656
105654 50130 1:0 105656
105654 49900 1:0 105656
105657 60082 1:0 105665
105663 95 1:0 105665
105663 187 1:0 105665
105663 47604 1:0 105665
105663 46878 21:0 105755
105666 55669 1:0 105737
105691 50643 1:0 105693
105694 341 1:0 105710
105694 5 1:0 105715
105716 23 1:0 105737
105725 341 0:0 105727
105738 51256 1:0 105863
105754 46876 21:0 105879
105864 48642 1:0 105883
105878 50242 1:0 105883
105878 149 1:0 105883
105878 47022 21:0 105916
105884 48346 1:0 106084
105909 341 1:0 105929
105909 47163 1:0 106014
105910 299 1:0 3376
105910 50014 1:0 106084
105910 47310 1:0 106104
105915 47024 21:0 106089
105917 300 1:0 6735
105922 301 1:0 10094
105922 302 1:0 13453
105963 303 1:0 16812
105963 304 1:0 20171
105976 305 1:0 23530
105991 306 1:0 26889
105992 307 1:0 30248
105992 308 1:0 33607
105993 309 1:0 36966
106042 48050 1:0 106104
106085 95277 1:0 106085
106088 47020 21:0 106109
106093 95276 1:0 106093
106094 310 1:0 40325
106094 311 1:0 43684
106094 312 1:0 47043
106094 47309 1:0 106104
106094 47311 1:0 106236
106094 47455 1:0 106305
106094 47897 1:0 106526
106095 313 1:0 50402
106095 47610 1:0 106305
106095 50529 1:0 106968
106095 151 1:0 106988
106103 95274 1:0 106103
106104 47906 1:0 106325
106104 47458 1:0 106325
106104 47456 1:0 106325
106104 47457 1:0 106456
106104 47759 1:0 106526
106104 47603 1:0 106546
106104 47605 1:0 106546
106104 47613 1:0 106546
106104 47602 1:0 106667
106104 47612 1:0 106717
106104 47749 1:0 106747
106108 47021 21:0 106307
106110 47756 1:0 106767
106110 47750 1:0 106767
106110 47752 1:0 106767
106110 47751 1:0 106898
106110 47757 1:0 106928
106112 48053 1:0 106988
106114 47899 1:0 106988
106130 47896 1:0 107109
106130 47904 1:0 107149
106131 47903 1:0 107140
106143 50299 1:0 107189
106143 48051 1:0 107209
106184 48044 1:0 107209
106184 97 1:0 107209
106192 48045 1:0 107340
106192 48054 1:0 107381
106197 50356 1:0 107410
106197 48192 1:0 107430
106212 48199 1:0 107430
106213 48193 1:0 107430
106213 48191 1:0 107552
106213 48197 1:0 107582
106214 50413 1:0 107630
106214 50470 1:0 107852
106214 48485 1:0 107872
106214 48486 1:0 107872
106263 48196 1:0 107581
106306 95244 1:0 106306
106306 46874 21:0 106327
106313 95242 1:0 106313
106314 95243 1:0 106314
106315 48200 1:0 107601
106315 48201 1:0 107602
106316 48344 1:0 107651
106316 48340 1:0 107651
106316 48339 1:0 107651
106316 48338 1:0 107773
106316 48347 1:0 107822
106324 95241 1:0 106324
106325 48345 1:0 107812
106325 48638 1:0 107872
106325 48484 1:0 107993
106325 48487 1:0 108004
106325 48490 1:0 108023
106325 48491 1:0 108024
106326 46875 21:0 106412
106328 48494 1:0 108043
106331 48495 1:0 108044
106331 48633 1:0 108072
106333 48641 1:0 108093
106335 48631 1:0 108093
106335 48634 1:0 108093
106335 50586 1:0 108294
106335 49072 1:0 108514
106351 48632 1:0 108215
106351 48639 1:0 108254
106364 48934 1:0 108314
106364 50584 1:0 108314
106364 41 1:0 108314
106405 48779 1:0 108436
106405 48789 1:0 108486
106411 47311 21:0 106470
106413 48784 1:0 108465
106418 48785 1:0 108466
106433 48786 1:0 108475
106434 48788 1:0 108485
106434 50700 1:0 108735
106434 49073 1:0 108756
106435 49075 1:0 108888
106483 47462 21:0 106542
106527 95211 1:0 106527
106534 95209 1:0 106534
106536 48935 1:0 108535
106536 48925 1:0 108535
106536 48928 1:0 108535
106536 48927 1:0 108666
106536 48936 1:0 108707
106537 48931 1:0 108686
106537 48932 1:0 108687
106537 49172 1:0 108968
106537 49173 1:0 108969
106541 47168 21:0 106601
106543 48933 1:0 108696
106545 95208 1:0 106545
106546 49074 1:0 108756
106546 49080 1:0 108756
106546 49078 1:0 108907
106546 49079 1:0 108908
106546 49082 1:0 108917
106552 49081 1:0 108918
106600 47163 21:0 106623
106622 47457 21:0 106630
106629 47458 21:0 106633
106632 47310 21:0 106653
106677 47602 21:0 106723
106727 47612 21:0 106763
106755 95176 1:0 106755
106756 95177 1:0 106756
106762 47613 21:0 106841
106766 95175 1:0 106766
106840 47605 21:0 106851
106850 47603 21:0 106854
106853 47309 21:0 106859
106858 47456 21:0 106925
106938 47757 21:0 106984
106969 95145 1:0 106969
106983 47756 21:0 107056
107055 47751 21:0 107072
107071 47752 21:0 107072
107071 47750 21:0 107075
107159 47904 21:0 107205
107190 95112 1:0 107190
107190 47903 0:0 107191
107198 95111 1:0 107198
107204 47759 21:0 107277
107208 95109 1:0 107208
107276 47894 21:0 107352
107387 48054 21:0 107426
107411 95079 1:0 107411
107418 95077 1:0 107418
107419 95078 1:0 107419
107425 48051 21:0 107498
107429 95076 1:0 107429
107497 48045 21:0 107514
107513 47896 21:0 107517
107516 47455 21:0 107517
107588 48197 21:0 107647
107631 48200 0:0 107633
107632 95046 1:0 107632
107632 48196 0:0 107633
107632 48201 0:0 107633
107639 95044 1:0 107639
107640 95045 1:0 107640
107646 48053 21:0 107706
107650 95043 1:0 107650
107705 48189 21:0 107758
107832 48347 21:0 107868
107853 48345 0:0 107854
107860 95011 1:0 107860
107861 95012 1:0 107861
107867 48344 21:0 107946
107871 95010 1:0 107871
107945 48191 21:0 107956
107955 48193 21:0 107959
107958 48338 21:0 107964
108030 48491 21:0 108089
108073 48490 0:0 108075
108073 48494 0:0 108075
108074 48484 0:0 108075
108074 48495 0:0 108075
108081 94978 1:0 108081
108088 47906 21:0 108148
108092 94977 1:0 108092
108147 48487 21:0 108170
108169 48339 21:0 108177
108176 48486 21:0 108180
108179 48340 21:0 108200
108199 48192 21:0 108258
108264 48639 21:0 108310
108295 94947 1:0 108295
108303 94946 1:0 108303
108309 48641 21:0 108382
108313 94944 1:0 108313
108381 48632 21:0 108398
108397 48634 21:0 108398
108397 48631 21:0 108401
108492 48789 21:0 108531
108515 48786 0:0 108517
108515 48784 0:0 108517
108515 48785 0:0 108517
108516 94914 1:0 108516
108516 48788 0:0 108517
108524 94913 1:0 108524
108530 48638 21:0 108603
108534 94911 1:0 108534
108602 48633 21:0 108619
108618 47749 21:0 108622
108621 48779 21:0 108622
108713 48936 21:0 108752
108736 48932 0:0 108738
108736 48931 0:0 108738
108736 48933 0:0 108738
108737 94881 1:0 108737
108744 94879 1:0 108744
108745 94880 1:0 108745
108751 48935 21:0 108824
108755 94878 1:0 108755
108823 48927 21:0 108840
108839 48925 21:0 108843
108842 48928 21:0 108843
108918 49078 0:0 108957
108924 49081 0:0 108957
108937 49082 0:0 108957
108956 49075 21:0 108957
108956 49073 21:0 108957
108975 49173 21:0 175
