87 13483 21:0 129
128 13482 21:0 140
139 13484 21:0 145
144 13478 21:0 145
144 13480 21:0 145
144 13479 21:0 150
149 13571 21:0 150
149 13646 21:0 216
149 13572 21:0 150
215 13647 21:0 221
220 13477 21:0 221
299 13713 21:0 316
315 13712 21:0 368
367 13714 21:0 373
372 13715 21:0 392
391 13748 21:0 444
446 13778 21:0 454
454 13781 21:0 520
527 13812 21:0 544
543 13811 21:0 596
598 13844 21:0 606
605 13845 21:0 656
655 13846 21:0 672
674 13877 21:0 682
681 13814 21:0 732
731 13879 21:0 748
755 13911 21:0 772
771 13913 21:0 824
834 13946 21:0 900
907 13978 21:0 924
923 13977 21:0 976
975 13976 21:0 981
980 14009 21:0 1000
999 14010 21:0 1052
1059 14043 21:0 1076
1130 14075 21:0 1138
1206 14108 21:0 1214
1359 14175 21:0 1367
1366 14177 21:0 1415
1414 14176 21:0 1433
1432 14178 21:0 1443
1442 14208 21:0 1461
1460 14210 21:0 1509
1508 14211 21:0 1514
1513 14209 21:0 1533
1532 14241 21:0 1585
1584 14243 21:0 1590
1589 14242 21:0 1595
1594 14244 21:0 1661
1660 14274 21:0 1666
1665 14276 21:0 1671
1671 14310 21:0 1737
1736 14308 21:0 1742
1741 14309 21:0 1747
1746 14340 21:0 1809
1808 14342 21:0 1818
1817 14343 21:0 1823
1822 14341 21:0 1878
1877 14373 21:0 1894
1893 14375 21:0 1899
1898 14374 21:0 1949
1948 14376 21:0 1965
1964 14406 21:0 1975
1974 14407 21:0 1997
1996 14409 21:0 2041
2040 14408 21:0 2046
2045 14439 21:0 2065
2064 14440 21:0 2117
2116 14441 21:0 2122
2121 14442 21:0 2130
2129 14472 21:0 2193
2192 14275 21:0 2198
2197 14307 21:0 2203
2202 14277 21:0 2269
2268 14473 21:0 2274
2273 14474 21:0 2279
2278 14475 21:0 2334
2333 14505 21:0 2350
2349 14506 21:0 2355
2354 14507 21:0 2405
2404 14508 21:0 2421
2420 14538 21:0 2431
2430 14540 21:0 2453
2452 14539 21:0 2497
2496 14541 21:0 2502
2501 14571 21:0 2513
2512 14572 21:0 2516
2515 14574 21:0 2523
2520 14108 1:0 2649
2521 14075 1:0 2771
2521 14043 1:0 2883
2522 14573 21:0 2531
2529 14010 1:0 3005
2529 14009 1:0 3015
2530 14605 21:0 2534
2532 13977 1:0 3121
2535 13978 1:0 3128
2535 13976 1:0 3137
2546 304 21:0 2560
2559 14607 21:0 2632
2565 13946 1:0 3243
2616 13913 1:0 3365
2631 14639 21:0 2638
2637 14604 21:0 2645
2642 13911 1:0 3371
2643 13879 1:0 3494
2643 13877 1:0 3503
2644 14606 21:0 2648
2647 14640 21:0 2656
2649 13846 1:0 3609
2651 13845 1:0 3615
2651 13844 1:0 3625
2657 13814 1:0 3731
2657 13812 1:0 3737
2764 13811 1:0 3747
2765 13781 1:0 3853
2773 13778 1:0 3869
2773 13748 1:0 3975
2779 13715 1:0 4022
2886 13714 1:0 4097
2887 13713 1:0 4103
2895 13712 1:0 4113
2895 13647 1:0 4347
2901 13646 1:0 4357
2905 305 1:0 5679
3008 14640 1:0 5812
4529 15617 21:0 4537
4536 15618 21:0 4587
4586 15619 21:0 4603
4602 15620 21:0 4613
4612 15650 21:0 4631
4630 15651 21:0 4679
4678 15652 21:0 4684
4683 15653 21:0 4703
4702 15683 21:0 4755
4754 15684 21:0 4760
4759 15685 21:0 4765
4764 15686 21:0 4831
4830 15716 21:0 4836
4835 15717 21:0 4841
4840 15718 21:0 4896
4895 15719 21:0 4912
4911 15749 21:0 4917
4916 15751 21:0 4972
4971 15750 21:0 4987
4986 15752 21:0 4993
4992 15782 21:0 5043
5042 15785 21:0 5059
5058 15815 21:0 5069
5068 15817 21:0 5087
5086 15818 21:0 5135
5134 15816 21:0 5140
5139 15848 21:0 5159
5158 15850 21:0 5211
5210 15849 21:0 5216
5215 15851 21:0 5221
5220 15881 21:0 5287
5286 15883 21:0 5292
5291 15783 21:0 5297
5296 15784 21:0 5352
5351 15882 21:0 5368
5367 15884 21:0 5373
5372 15914 21:0 5428
5427 15916 21:0 5444
5443 15948 21:0 5449
5448 15915 21:0 5499
5498 15950 21:0 5515
5514 15917 21:0 5525
5524 15980 21:0 5543
5542 15981 21:0 5591
5590 15983 21:0 5596
5595 16013 21:0 5615
5614 15947 21:0 5667
5666 16014 21:0 5672
5671 15982 21:0 5677
5676 16048 21:0 5686
5685 16016 21:0 5694
5691 14639 1:0 5820
5692 14606 1:0 5863
5693 16049 21:0 5697
5695 14607 1:0 5943
5696 16047 21:0 5706
5698 14605 1:0 5950
5701 14604 1:0 5961
5701 14573 1:0 5994
5707 14574 1:0 6074
5707 14572 1:0 6081
5720 305 21:0 5734
5727 14571 1:0 6092
5733 15949 21:0 5811
5740 14541 1:0 6125
5794 14539 1:0 6205
5810 16079 21:0 5817
5810 14540 1:0 6213
5816 16046 21:0 5825
5822 14538 1:0 6223
5823 14508 1:0 6256
5824 16015 21:0 5828
5826 14507 1:0 6336
5827 16112 21:0 5837
5829 14506 1:0 6343
5832 14505 1:0 6354
5832 14475 1:0 6387
5838 14474 1:0 6467
5838 14473 1:0 6474
5843 14472 1:0 6485
5871 14442 1:0 6518
5953 14441 1:0 6598
5954 14440 1:0 6605
5963 14439 1:0 6616
5963 14408 1:0 6649
5969 14409 1:0 6729
5989 14407 1:0 6736
6002 14406 1:0 6747
6084 14376 1:0 6780
6085 14374 1:0 6860
6094 14375 1:0 6868
6094 14373 1:0 6878
6102 14341 1:0 6911
6120 14343 1:0 6991
6215 14342 1:0 6999
6216 14340 1:0 7009
6216 14309 1:0 7042
6225 14310 1:0 7122
6225 14308 1:0 7129
6233 14307 1:0 7140
6252 14277 1:0 7173
6346 14275 1:0 7253
6347 14276 1:0 7261
6356 14274 1:0 7271
6356 14244 1:0 7304
6362 14242 1:0 7384
6366 14243 1:0 7392
6383 14241 1:0 7402
6477 14209 1:0 7435
6478 14211 1:0 7515
6487 14210 1:0 7523
6487 14208 1:0 7533
6493 14178 1:0 7566
6497 14176 1:0 7646
6498 306 1:0 8994
6526 14177 1:0 7654
6608 14175 1:0 7664
7844 17059 21:0 7852
7851 17060 21:0 7902
7901 17061 21:0 7918
7917 17062 21:0 7928
7927 17092 21:0 7946
7945 17094 21:0 7994
7993 17093 21:0 7999
7998 17095 21:0 8018
8017 17125 21:0 8070
8069 17126 21:0 8075
8074 17127 21:0 8080
8079 17128 21:0 8146
8145 17158 21:0 8151
8150 17159 21:0 8156
8155 17160 21:0 8211
8210 17161 21:0 8227
8226 17191 21:0 8232
8231 17193 21:0 8287
8286 17192 21:0 8303
8302 17194 21:0 8308
8307 17224 21:0 8358
8357 17226 21:0 8374
8373 17225 21:0 8384
8383 17227 21:0 8402
8401 17257 21:0 8450
8449 17259 21:0 8455
8454 17258 21:0 8474
8473 17260 21:0 8526
8525 17290 21:0 8531
8530 17324 21:0 8536
8535 17325 21:0 8602
8601 17293 21:0 8607
8606 17292 21:0 8612
8611 17323 21:0 8673
8672 17291 21:0 8683
8682 17326 21:0 8688
8687 17356 21:0 8743
8742 17358 21:0 8759
8758 17357 21:0 8764
8763 17389 21:0 8814
8813 17359 21:0 8830
8829 17390 21:0 8840
8839 17392 21:0 8862
8861 17391 21:0 8906
8905 17424 21:0 8911
8910 17455 21:0 8930
8929 17422 21:0 8982
8981 17458 21:0 8987
8986 17456 21:0 8997
8996 17488 21:0 9001
8998 16112 1:0 9014
9000 17457 21:0 9009
9006 16079 1:0 9145
9007 16047 1:0 9178
9008 17490 21:0 9012
9010 16049 1:0 9258
9011 17423 21:0 9021
9013 16048 1:0 9266
9016 16046 1:0 9276
9016 16015 1:0 9309
9022 16016 1:0 9389
9022 16014 1:0 9396
9035 306 21:0 9049
9042 16013 1:0 9407
9048 17521 21:0 9128
9055 15982 1:0 9440
9109 15983 1:0 9520
9127 17522 21:0 9132
9129 15981 1:0 9527
9131 17524 21:0 9140
9137 15980 1:0 9538
9138 15949 1:0 9571
9139 17523 21:0 9143
9141 15950 1:0 9651
9142 17489 21:0 9152
9144 15948 1:0 9658
9147 15947 1:0 9669
9147 15917 1:0 9702
9151 17491 21:0 9180
9153 15915 1:0 9782
9153 15916 1:0 9790
9158 15914 1:0 9800
9181 15884 1:0 9833
9186 15882 1:0 9913
9268 15883 1:0 9921
9269 15881 1:0 9931
9278 15851 1:0 9964
9278 15849 1:0 10044
9284 15850 1:0 10052
9304 15848 1:0 10062
9317 15816 1:0 10095
9399 15818 1:0 10175
9400 15817 1:0 10183
9409 15815 1:0 10193
9409 15784 1:0 10226
9417 15785 1:0 10306
9435 15783 1:0 10313
9530 15782 1:0 10324
9531 15752 1:0 10357
9531 15750 1:0 10437
9540 15751 1:0 10445
9540 15749 1:0 10455
9548 15719 1:0 10488
9567 15718 1:0 10568
9661 15717 1:0 10575
9662 15716 1:0 10586
9671 15686 1:0 10619
9671 15685 1:0 10699
9677 15684 1:0 10706
9681 15683 1:0 10717
9698 15653 1:0 10750
9792 15652 1:0 10830
9793 15651 1:0 10837
9802 15650 1:0 10848
9802 15620 1:0 10881
9808 15619 1:0 10961
9812 15618 1:0 10968
9813 307 1:0 12309
9841 15617 1:0 10979
9923 17523 1:0 12362
11159 18501 21:0 11167
11166 18502 21:0 11217
11216 18503 21:0 11233
11232 18504 21:0 11243
11242 18534 21:0 11261
11260 18535 21:0 11309
11308 18536 21:0 11314
11313 18537 21:0 11333
11332 18567 21:0 11385
11384 18568 21:0 11390
11389 18569 21:0 11395
11394 18570 21:0 11461
11460 18600 21:0 11466
11465 18602 21:0 11471
11470 18601 21:0 11526
11525 18603 21:0 11542
11541 18633 21:0 11547
11546 18634 21:0 11602
11601 18635 21:0 11618
11617 18636 21:0 11623
11622 18666 21:0 11673
11672 18668 21:0 11689
11688 18667 21:0 11699
11698 18669 21:0 11717
11716 18699 21:0 11765
11764 18700 21:0 11770
11769 18701 21:0 11789
11788 18765 21:0 11841
11843 18798 21:0 11851
11850 18702 21:0 11901
11900 18734 21:0 11917
11916 18732 21:0 11927
11926 18735 21:0 11945
11944 18733 21:0 11993
11992 18766 21:0 11998
11997 18768 21:0 12017
12016 18801 21:0 12069
12068 18800 21:0 12074
12073 18767 21:0 12079
12078 18831 21:0 12145
12144 18833 21:0 12150
12149 18832 21:0 12155
12154 18799 21:0 12210
12209 18864 21:0 12226
12225 18834 21:0 12231
12230 18867 21:0 12286
12285 18899 21:0 12300
12299 18898 21:0 12307
12306 18865 21:0 12313
12312 18866 21:0 12316
12314 17524 1:0 12442
12315 18932 21:0 12327
12321 17522 1:0 12449
12322 17521 1:0 12460
12326 18897 21:0 12333
12328 17491 1:0 12493
12331 17489 1:0 12573
12331 17490 1:0 12581
12332 18966 21:0 12336
12334 17488 1:0 12591
12337 17457 1:0 12624
12337 17458 1:0 12704
12350 307 21:0 12364
12357 17456 1:0 12711
12363 18964 21:0 12444
12370 17455 1:0 12722
12424 17423 1:0 12835
12443 18931 21:0 12447
12445 17424 1:0 12843
12446 18900 21:0 12455
12452 17422 1:0 12853
12453 17391 1:0 12886
12454 18965 21:0 12458
12456 17392 1:0 12966
12457 18963 21:0 12467
12459 17390 1:0 12973
12462 17389 1:0 12984
12462 17359 1:0 13017
12468 17357 1:0 13097
12468 17358 1:0 13105
12473 17356 1:0 13115
12501 17326 1:0 13148
12583 17325 1:0 13228
12584 17324 1:0 13235
12593 17323 1:0 13246
12593 17291 1:0 13279
12599 17293 1:0 13359
12619 17292 1:0 13367
12632 17290 1:0 13377
12714 17260 1:0 13410
12715 17258 1:0 13490
12724 17259 1:0 13498
12724 17257 1:0 13508
12732 17227 1:0 13541
12750 17225 1:0 13621
12845 17226 1:0 13629
12846 17224 1:0 13639
12846 17194 1:0 13672
12855 17192 1:0 13752
12855 17193 1:0 13760
12863 17191 1:0 13770
12882 17161 1:0 13803
12976 17160 1:0 13883
12977 17159 1:0 13890
12986 17158 1:0 13901
12986 17128 1:0 13934
12992 17127 1:0 14014
12996 17126 1:0 14021
13013 17125 1:0 14032
13107 17095 1:0 14065
13108 17093 1:0 14145
13117 17094 1:0 14153
13117 17092 1:0 14163
13123 17062 1:0 14196
13127 17061 1:0 14276
13128 308 1:0 15624
13156 17060 1:0 14283
13238 17059 1:0 14294
14474 19943 21:0 14482
14481 19945 21:0 14532
14531 19944 21:0 14548
14547 19946 21:0 14558
14557 19976 21:0 14576
14575 19977 21:0 14624
14623 19979 21:0 14629
14628 19978 21:0 14648
14647 20009 21:0 14700
14699 20010 21:0 14705
14704 20011 21:0 14710
14709 20012 21:0 14776
14775 20042 21:0 14781
14780 20043 21:0 14786
14785 20044 21:0 14843
14842 20045 21:0 14857
14856 20075 21:0 14862
14861 20076 21:0 14917
14916 20077 21:0 14933
14932 20078 21:0 14938
14937 20108 21:0 14988
14987 20111 21:0 15004
15003 20141 21:0 15014
15013 20143 21:0 15032
15031 20142 21:0 15080
15079 20144 21:0 15085
15084 20174 21:0 15104
15103 20207 21:0 15156
15158 20240 21:0 15166
15165 20177 21:0 15216
15215 20110 21:0 15232
15231 20176 21:0 15242
15241 20175 21:0 15260
15259 20210 21:0 15308
15307 20109 21:0 15313
15312 20243 21:0 15332
15331 20208 21:0 15384
15383 20242 21:0 15389
15388 20273 21:0 15394
15393 20241 21:0 15460
15459 20209 21:0 15465
15464 20276 21:0 15470
15469 20275 21:0 15525
15524 20274 21:0 15541
15540 20309 21:0 15546
15545 20308 21:0 15601
15600 20341 21:0 15617
15616 20307 21:0 15622
15621 20339 21:0 15628
15627 20340 21:0 15631
15629 18965 1:0 15677
15630 20342 21:0 15642
15636 18966 1:0 15757
15637 18964 1:0 15764
15641 20406 21:0 15648
15643 18963 1:0 15775
15646 18931 1:0 15888
15646 18932 1:0 15896
15647 20405 21:0 15651
15649 18900 1:0 15939
15652 18898 1:0 16019
15652 18899 1:0 16027
15665 308 21:0 15679
15672 18897 1:0 16037
15678 20407 21:0 15756
15685 18866 1:0 16070
15739 18867 1:0 16150
15755 20374 21:0 15762
15755 18865 1:0 16157
15761 20408 21:0 15770
15767 18864 1:0 16168
15768 18834 1:0 16201
15769 20438 21:0 15773
15771 18832 1:0 16281
15774 18833 1:0 16289
15777 18831 1:0 16299
15777 18799 1:0 16332
15783 18801 1:0 16412
15788 18800 1:0 16420
15816 18798 1:0 16430
15898 18767 1:0 16463
15899 18768 1:0 16543
15908 18766 1:0 16550
15908 18765 1:0 16561
15914 18733 1:0 16594
15934 18735 1:0 16674
15947 18734 1:0 16682
16029 18732 1:0 16692
16030 18702 1:0 16725
16039 18701 1:0 16805
16039 18700 1:0 16812
16047 18699 1:0 16823
16065 18669 1:0 16856
16160 18667 1:0 16936
16161 18668 1:0 16944
16161 18666 1:0 16954
16170 18636 1:0 16987
16170 18635 1:0 17067
16178 18634 1:0 17074
16197 18633 1:0 17085
16291 18603 1:0 17118
16292 18601 1:0 17198
16301 18602 1:0 17206
16301 18600 1:0 17216
16307 18570 1:0 17249
16311 18569 1:0 17329
16328 18568 1:0 17336
16422 18567 1:0 17347
16423 18537 1:0 17380
16432 18536 1:0 17460
16432 18535 1:0 17467
16438 18534 1:0 17478
16442 18504 1:0 17511
16443 309 1:0 18939
16471 18503 1:0 17591
16553 18502 1:0 17598
16554 18501 1:0 17609
17789 21385 21:0 17797
17796 21387 21:0 17847
17846 21386 21:0 17863
17862 21388 21:0 17873
17872 21418 21:0 17891
17890 21419 21:0 17939
17938 21420 21:0 17944
17943 21421 21:0 17963
17962 21451 21:0 18015
18014 21453 21:0 18020
18019 21452 21:0 18025
18024 21454 21:0 18091
18090 21484 21:0 18096
18095 21485 21:0 18101
18100 21486 21:0 18158
18157 21487 21:0 18172
18171 21517 21:0 18177
18176 21519 21:0 18232
18231 21518 21:0 18248
18247 21520 21:0 18253
18252 21550 21:0 18303
18302 21551 21:0 18319
18318 21552 21:0 18329
18328 21553 21:0 18347
18346 21583 21:0 18395
18394 21584 21:0 18400
18399 21585 21:0 18419
18418 21586 21:0 18471
18470 21616 21:0 18476
18475 21650 21:0 18481
18480 21651 21:0 18547
18546 21618 21:0 18552
18551 21619 21:0 18557
18556 21617 21:0 18615
18614 21649 21:0 18628
18627 21652 21:0 18633
18632 21682 21:0 18688
18687 21684 21:0 18704
18703 21683 21:0 18709
18708 21685 21:0 18759
18758 21715 21:0 18775
18774 21717 21:0 18785
18784 21716 21:0 18803
18802 21718 21:0 18851
18850 21748 21:0 18856
18855 21750 21:0 18875
18874 21749 21:0 18927
18926 21751 21:0 18932
18931 21781 21:0 18937
18936 21783 21:0 18946
18945 21782 21:0 18954
18951 20438 1:0 18959
18952 20408 1:0 18992
18953 21784 21:0 18957
18955 20407 1:0 19072
18956 21814 21:0 18966
18958 20406 1:0 19079
18961 20405 1:0 19090
18961 20374 1:0 19211
18965 21799 21:0 18966
18965 21665 21:0 18966
18967 20342 1:0 19254
18967 20340 1:0 19334
18969 20341 1:0 19342
18980 309 21:0 18994
18988 20339 1:0 19352
18993 21816 21:0 19071
19041 20307 1:0 19385
19069 20309 1:0 19465
19070 21815 21:0 19077
19076 21817 21:0 19085
19082 20308 1:0 19473
19083 20274 1:0 19516
19083 20276 1:0 19596
19084 21847 21:0 19088
19086 20275 1:0 19604
19087 21377 21:0 19094
19089 20273 1:0 19614
19092 20241 1:0 19647
19092 20243 1:0 19727
19093 21832 21:0 19094
19098 20242 1:0 19735
19103 20240 1:0 19745
19131 20209 1:0 19778
19213 20210 1:0 19858
19214 20208 1:0 19865
19223 20207 1:0 19876
19223 20175 1:0 19909
19229 20177 1:0 19989
19234 20176 1:0 19997
19262 20174 1:0 20007
19344 20144 1:0 20040
19345 20142 1:0 20120
19354 20143 1:0 20128
19354 20141 1:0 20138
19360 20109 1:0 20171
19380 20111 1:0 20251
19393 20110 1:0 20259
19475 20108 1:0 20269
19476 20078 1:0 20302
19485 20077 1:0 20382
19485 20076 1:0 20389
19493 20075 1:0 20400
19511 20045 1:0 20433
19606 20044 1:0 20513
19607 20043 1:0 20520
19607 20042 1:0 20531
19615 14965 21:0 19618
19616 20012 1:0 20564
19616 20011 1:0 20644
19622 20010 1:0 20651
19627 20009 1:0 20662
19655 19978 1:0 20695
19737 19979 1:0 20775
19738 19977 1:0 20782
19747 19976 1:0 20793
19747 19946 1:0 20826
19753 19944 1:0 20906
19773 19945 1:0 20914
19786 19943 1:0 20924
19866 15075 21:0 19871
19868 310 1:0 22254
20532 15364 21:0 20535
20794 15478 21:0 20797
20804 15481 21:0 20828
20925 15535 21:0 20928
21099 22825 21:0 21102
21109 22829 21:0 21126
21125 22828 21:0 21178
21177 22830 21:0 21183
21182 31 21:0 21188
21188 22863 21:0 21254
21253 22861 21:0 21259
21258 22860 21:0 21264
21264 22896 21:0 21330
21329 22895 21:0 21335
21334 22894 21:0 21340
21340 22929 21:0 21406
21405 22862 21:0 21411
21413 22961 21:0 21430
21429 22927 21:0 21482
21481 22960 21:0 21487
21489 22994 21:0 21506
21505 22992 21:0 21558
21557 22926 21:0 21563
21565 23026 21:0 21582
21581 23025 21:0 21634
21633 22928 21:0 21639
21641 23060 21:0 21658
21657 22827 21:0 21710
21709 23058 21:0 21715
21714 23059 21:0 21734
21733 23091 21:0 21786
21785 22893 21:0 21791
21790 23094 21:0 21796
21795 23124 21:0 21862
21861 23092 21:0 21867
21866 22962 21:0 21872
21871 23126 21:0 21927
21926 22959 21:0 21943
21942 23190 21:0 21948
21947 23028 21:0 21998
21997 23160 21:0 22014
22013 23159 21:0 22024
22023 23192 21:0 22046
22045 105 21:0 22090
22089 23093 21:0 22095
22094 159 21:0 22095
22094 22995 21:0 22114
22113 23027 21:0 22166
22165 23193 21:0 22171
22170 87 21:0 22176
22175 49 21:0 22190
22189 23061 21:0 22242
22241 23292 21:0 22247
22246 23294 21:0 22247
22246 23056 21:0 22252
22248 23292 1:0 22267
22251 23206 21:0 22252
22266 304 1:0 2509
22267 23061 1:0 22276
22267 21847 1:0 22290
22276 23193 1:0 22361
22276 23027 1:0 22390
22284 22995 1:0 22401
22295 310 21:0 22309
22303 23093 1:0 22410
22315 21832 1:0 22410
22397 21817 1:0 22438
22398 21815 1:0 22518
22407 21816 1:0 22526
22407 21799 1:0 22529
22407 21814 1:0 22536
22413 23192 1:0 22541
22433 21784 1:0 22569
22446 21782 1:0 22649
22528 21783 1:0 22657
22529 21665 1:0 22660
22529 21781 1:0 22667
22538 23159 1:0 22672
22538 21751 1:0 22700
22546 21749 1:0 22780
22565 21750 1:0 22788
22577 14965 1:0 22791
22659 21748 1:0 22798
22660 23160 1:0 22803
22669 21718 1:0 22831
22669 21716 1:0 22911
22675 21717 1:0 22919
22679 159 1:0 22922
22708 21715 1:0 22929
22790 23028 1:0 22934
22791 21685 1:0 22962
22800 21683 1:0 23042
22800 21684 1:0 23050
22800 15075 1:0 23053
22808 21682 1:0 23060
22826 23190 1:0 23065
22921 21652 1:0 23093
22922 21651 1:0 23173
22922 21650 1:0 23180
22931 21649 1:0 23191
22931 22959 1:0 23196
22939 21617 1:0 23224
22958 21619 1:0 23304
23052 21618 1:0 23312
23052 49 1:0 23315
23053 21616 1:0 23322
23062 23126 1:0 23327
23062 21586 1:0 23355
23068 21585 1:0 23435
23088 21584 1:0 23442
23089 105 1:0 23446
23183 21583 1:0 23453
23184 22962 1:0 23458
23193 21553 1:0 23486
23193 21552 1:0 23566
23199 21551 1:0 23573
23199 87 1:0 23577
23219 21550 1:0 23584
23314 23092 1:0 23589
23315 21520 1:0 23617
23315 21518 1:0 23697
23324 21519 1:0 23705
23324 15478 1:0 23708
23330 21517 1:0 23715
23335 23124 1:0 23720
23363 21487 1:0 23748
23445 21486 1:0 23828
23446 21485 1:0 23835
23446 15364 1:0 23839
23455 21484 1:0 23846
23455 23094 1:0 23851
23463 21454 1:0 23879
23482 21452 1:0 23959
23576 21453 1:0 23967
23576 15481 1:0 23970
23577 21451 1:0 23977
23586 22893 1:0 23982
23586 21421 1:0 24010
23592 21420 1:0 24090
23612 21419 1:0 24097
23625 31 1:0 24101
23707 21418 1:0 24108
23708 23091 1:0 24113
23717 21388 1:0 24141
23717 21386 1:0 24221
23723 21387 1:0 24229
23728 21385 1:0 24239
23743 15535 1:0 24238
23744 311 1:0 24352
23756 11266 1:0 24374
23838 21377 1:0 24254
23838 23059 1:0 24254
23839 23058 1:0 24326
23848 23060 1:0 24368
23848 23294 1:0 24368
23848 11275 1:0 24374
23848 11272 1:0 24377
23854 11277 1:0 24377
23854 11267 1:0 24387
23854 11274 1:0 24387
23856 11273 1:0 24387
23856 11414 1:0 24595
23859 11276 1:0 24415
23875 11279 1:0 24459
23887 11278 1:0 24545
23887 11413 1:0 24595
23969 22928 1:0 24589
23970 11426 1:0 24595
23970 11423 1:0 24598
23970 11420 1:0 24598
23970 11561 1:0 24816
23979 11425 1:0 24626
23979 11422 1:0 24626
23979 11421 1:0 24677
23979 11424 1:0 24757
23987 22926 1:0 24799
24006 23025 1:0 24810
24018 11566 1:0 24816
24059 11573 1:0 24816
24100 11569 1:0 24819
24100 11560 1:0 24819
24101 11570 1:0 24847
24101 11572 1:0 24847
24101 11571 1:0 24898
24110 11568 1:0 24967
24110 23026 1:0 25020
24116 22960 1:0 25031
24116 23206 1:0 25031
24118 11707 1:0 25037
24121 11718 1:0 25037
24121 11708 1:0 25037
24137 11719 1:0 25040
24149 11713 1:0 25040
24190 11720 1:0 25068
24231 11717 1:0 25068
24231 11715 1:0 25119
24232 11716 1:0 25189
24232 11855 1:0 25258
24232 11864 1:0 25258
24241 22927 1:0 25241
24241 22862 1:0 25252
24247 11862 1:0 25261
24247 11854 1:0 25261
24251 11866 1:0 25289
24267 11865 1:0 25289
24267 11861 1:0 25299
24268 12008 1:0 25473
24280 11863 1:0 25343
24321 11867 1:0 25430
24364 22992 1:0 25473
24365 12012 1:0 25479
24365 12007 1:0 25479
24365 12001 1:0 25479
24365 12002 1:0 25482
24374 12013 1:0 25482
24374 12014 1:0 25510
24374 12009 1:0 25510
24374 12011 1:0 25561
24380 12010 1:0 25631
24384 22860 1:0 25691
24393 311 21:0 24407
24401 12157 1:0 25694
24413 12161 1:0 25700
24454 12156 1:0 25703
24454 12148 1:0 25703
24454 12155 1:0 25728
24454 12154 1:0 25728
24482 12158 1:0 25728
24483 12160 1:0 25766
24483 12149 1:0 25782
24492 11267 21:0 24538
24533 12159 1:0 25862
24553 22894 1:0 25912
24555 11278 21:0 24577
24576 11279 21:0 24580
24579 11276 21:0 24580
24579 11274 21:0 24588
24585 12307 1:0 25915
24585 12305 1:0 25921
24586 12304 1:0 25924
24586 12301 1:0 25949
24586 12295 1:0 25949
24586 12303 1:0 25949
24586 12308 1:0 25996
24586 12296 1:0 25996
24587 11277 21:0 24591
24590 11275 21:0 24591
24590 11273 21:0 24597
24592 12306 1:0 26010
24592 12302 1:0 26063
24592 12451 1:0 26136
24595 22895 1:0 26133
24595 12453 1:0 26142
24595 23056 1:0 26142
24595 12448 1:0 26145
24596 11272 21:0 24597
24596 11266 21:0 24597
24598 12450 1:0 26145
24601 12442 1:0 26170
24601 12449 1:0 26170
24601 12454 1:0 26173
24603 12443 1:0 26173
24606 12455 1:0 26224
24622 12452 1:0 26303
24675 22994 1:0 26346
24688 12599 1:0 26363
24704 22961 1:0 26357
24705 12589 1:0 26363
24716 11413 21:0 24760
24754 12600 1:0 26366
24756 12595 1:0 26366
24763 11424 21:0 24798
24764 12596 1:0 26376
24764 12590 1:0 26376
24764 12737 1:0 26584
24774 12597 1:0 26376
24797 11421 21:0 24801
24800 11422 21:0 24801
24800 11425 21:0 24809
24806 12598 1:0 26404
24806 12602 1:0 26448
24807 12601 1:0 26534
24807 22896 1:0 26578
24808 11423 21:0 24812
24811 11426 21:0 24812
24811 11420 21:0 24812
24811 11414 21:0 24818
24813 12744 1:0 26584
24813 12748 1:0 26587
24813 12736 1:0 26587
24816 12743 1:0 26597
24816 12742 1:0 26597
24816 12747 1:0 26597
24816 12745 1:0 26625
24816 12746 1:0 26669
24816 12749 1:0 26756
24819 12884 1:0 26805
24824 22929 1:0 26799
24827 12895 1:0 26805
24842 12890 1:0 26808
24855 12893 1:0 26808
24896 12892 1:0 26836
24904 12891 1:0 26836
24924 12894 1:0 26887
24924 12883 1:0 26890
24925 12896 1:0 26977
24977 11568 21:0 25019
24985 22861 1:0 27017
24995 13040 1:0 27020
25018 11571 21:0 25022
25021 11572 21:0 25022
25021 11570 21:0 25030
25027 13038 1:0 27026
25027 13039 1:0 27029
25027 13037 1:0 27054
25028 13036 1:0 27054
25028 13041 1:0 27054
25028 13042 1:0 27092
25028 13031 1:0 27108
25028 13030 1:0 27111
25029 11569 21:0 25033
25032 11573 21:0 25033
25032 11560 21:0 25033
25032 11561 21:0 25039
25034 13043 1:0 27198
25034 22863 1:0 27241
25037 13178 1:0 27247
25037 13184 1:0 27247
25037 13189 1:0 27247
25037 13177 1:0 27250
25037 13187 1:0 27250
25037 13185 1:0 27278
25038 11566 21:0 25039
25043 13190 1:0 27278
25043 13188 1:0 27329
25047 13186 1:0 27399
25076 22830 1:0 27451
25125 22828 1:0 27462
25145 13335 1:0 27468
25146 22825 1:0 27468
25147 13333 1:0 27471
25195 11716 21:0 25240
25196 13330 1:0 27471
25196 13324 1:0 27481
25196 13325 1:0 27481
25196 13472 1:0 27689
25206 13336 1:0 27481
25216 13332 1:0 27508
25239 11715 21:0 25243
25242 11720 21:0 25243
25242 11717 21:0 25251
25248 13334 1:0 27553
25248 13337 1:0 27640
25249 22829 1:0 27677
25249 13479 1:0 27689
25250 11719 21:0 25254
25253 11713 21:0 25254
25253 11718 21:0 25254
25253 11708 21:0 25260
25255 22827 1:0 27683
25255 13477 1:0 27689
25258 13480 1:0 27692
25258 13478 1:0 27692
25258 13484 1:0 27720
25258 13482 1:0 27720
25258 13483 1:0 27771
25259 11707 21:0 25260
25264 13481 1:0 27850
25264 13572 1:0 27869
25264 13571 1:0 27900
25406 11861 21:0 25431
25436 11867 21:0 25461
25460 11863 21:0 25464
25463 11866 21:0 25464
25463 11865 21:0 25472
25471 11862 21:0 25475
25474 11864 21:0 25475
25474 11854 21:0 25481
25480 11855 21:0 25481
25637 12010 21:0 25682
25681 12011 21:0 25685
25684 12014 21:0 25685
25684 12009 21:0 25693
25692 12013 21:0 25696
25695 12002 21:0 25696
25695 12012 21:0 25696
25695 12007 21:0 25702
25701 12001 21:0 25702
25701 12008 21:0 25702
25818 12149 21:0 25864
25868 12159 21:0 25903
25902 12160 21:0 25906
25905 12158 21:0 25906
25905 12156 21:0 25914
25913 12161 21:0 25917
25916 12157 21:0 25917
25916 12155 21:0 25917
25916 12154 21:0 25923
25922 12148 21:0 25923
26069 12302 21:0 26094
26093 12306 21:0 26124
26123 12308 21:0 26127
26126 12303 21:0 26127
26126 12304 21:0 26135
26134 12305 21:0 26138
26137 12307 21:0 26138
26137 12296 21:0 26141
26140 12295 21:0 26144
26143 12301 21:0 26144
26260 12443 21:0 26306
26313 12452 21:0 26345
26344 12455 21:0 26348
26347 12454 21:0 26348
26347 12450 21:0 26356
26355 12453 21:0 26359
26358 12451 21:0 26359
26358 12449 21:0 26359
26358 12442 21:0 26365
26364 12448 21:0 26365
26481 12590 21:0 26527
26544 12601 21:0 26566
26565 12602 21:0 26569
26568 12598 21:0 26569
26568 12597 21:0 26577
26576 12600 21:0 26580
26579 12599 21:0 26580
26579 12596 21:0 26586
26585 12595 21:0 26586
26585 12589 21:0 26586
26732 12743 21:0 26757
26762 12749 21:0 26787
26786 12746 21:0 26790
26789 12745 21:0 26790
26789 12747 21:0 26798
26797 12748 21:0 26801
26800 12744 21:0 26801
26800 12742 21:0 26807
26806 12737 21:0 26807
26806 12736 21:0 26807
26926 12883 21:0 26970
26983 12896 21:0 27008
27007 12894 21:0 27011
27010 12892 21:0 27011
27010 12891 21:0 27019
27018 12893 21:0 27022
27021 12895 21:0 27022
27021 12890 21:0 27028
27027 12884 21:0 27028
27147 13030 21:0 27191
27204 13043 21:0 27229
27228 13031 21:0 27229
27228 13042 21:0 27232
27231 13041 21:0 27240
27239 13039 21:0 27240
27239 13038 21:0 27243
27242 13040 21:0 27249
27248 13036 21:0 27249
27248 13037 21:0 27249
27405 13186 21:0 27450
27449 13188 21:0 27453
27452 13185 21:0 27453
27452 13190 21:0 27461
27460 13187 21:0 27464
27463 13177 21:0 27464
27463 13189 21:0 27464
27463 13178 21:0 27470
27469 13184 21:0 27470
27589 13324 21:0 27633
27646 13337 21:0 27671
27670 13334 21:0 27674
27673 13332 21:0 27674
27673 13336 21:0 27682
27681 13333 21:0 27685
27684 13335 21:0 27685
27684 13325 21:0 27691
27690 13330 21:0 27691
27807 13472 21:0 27853
27860 13481 21:0 88
