50 7779 0:0 52
50 7687 0:0 52
51 7689 0:0 52
51 7680 0:0 52
51 7690 0:0 52
51 7688 0:0 52
51 7780 0:0 52
51 7691 0:0 52
106 7838 21:0 114
113 7839 21:0 180
182 7871 0:0 185
187 7873 21:0 245
244 7874 0:0 256
263 7905 0:0 266
266 7907 21:0 332
339 7939 21:0 397
341 7938 0:0 342
396 7940 0:0 408
410 7970 0:0 413
415 7972 21:0 473
417 7971 0:0 418
486 8003 0:0 489
491 8004 21:0 549
493 8005 0:0 494
562 8036 21:0 570
569 8037 21:0 636
638 8069 21:0 646
645 8070 0:0 646
645 8071 21:0 712
714 8102 21:0 722
721 8103 21:0 788
790 8135 0:0 793
795 8137 21:0 853
852 8138 0:0 864
871 8170 21:0 929
947 8203 21:0 1005
1018 8234 21:0 1026
1025 8235 21:0 1092
1323 8367 21:0 1331
1330 8369 0:0 1331
1330 8368 21:0 1397
1395 8370 0:0 1397
1399 8400 21:0 1407
1406 8402 0:0 1407
1406 8401 21:0 1473
1471 8403 0:0 1473
1475 8433 21:0 1483
1482 8434 0:0 1483
1482 8435 21:0 1549
1547 8436 0:0 1549
1551 8466 21:0 1559
1558 8467 0:0 1559
1558 8468 21:0 1625
1623 8469 0:0 1625
1627 8499 21:0 1635
1634 8500 0:0 1635
1634 8501 21:0 1701
1699 8502 0:0 1701
1703 8532 21:0 1711
1710 8534 0:0 1711
1710 8533 21:0 1777
1775 8535 0:0 1777
1779 8565 21:0 1787
1786 8567 0:0 1787
1786 8566 21:0 1853
1851 8568 0:0 1853
1855 8598 21:0 1863
1862 8600 0:0 1863
1862 8599 21:0 1929
1927 8601 0:0 1929
1931 8631 21:0 1939
1938 8632 0:0 1939
1938 8633 21:0 2005
2003 8634 0:0 2005
2007 8664 21:0 2015
2014 8665 0:0 2015
2014 8666 21:0 2081
2079 8667 0:0 2081
2083 8697 21:0 2091
2090 8699 0:0 2091
2090 8698 21:0 2157
2155 8700 0:0 2157
2159 8730 21:0 2167
2166 8731 0:0 2167
2166 8732 21:0 2233
2231 8733 0:0 2233
2235 8763 21:0 2243
2242 8765 0:0 2243
2242 8764 21:0 2309
2307 8766 0:0 2309
2311 8796 21:0 2319
2318 8797 0:0 2319
2318 8798 21:0 2385
2383 8799 0:0 2385
2387 8829 21:0 2395
2394 8830 0:0 2395
2394 8831 21:0 2461
2459 8832 0:0 2461
2484 8235 1:0 2847
2485 8234 1:0 2857
2493 8203 1:0 2970
2499 8170 1:0 3092
2606 8138 1:0 3207
2607 8137 1:0 3214
2607 8135 1:0 3223
2615 8103 1:0 3335
2621 8102 1:0 3345
2728 8071 1:0 3458
2729 8070 1:0 3457
2729 8069 1:0 3467
2737 8037 1:0 3579
2743 8036 1:0 3589
2850 8004 1:0 3701
2851 8005 1:0 3702
2851 8003 1:0 3711
2859 7972 1:0 3824
2865 7971 1:0 3823
2972 7970 1:0 3833
2973 7940 1:0 3939
2973 7939 1:0 3946
2981 7938 1:0 3945
2987 7907 1:0 4061
3094 7905 1:0 4067
3095 7874 1:0 4183
3095 7873 1:0 4190
3103 7871 1:0 4199
3109 7839 1:0 4311
3216 7838 1:0 4321
4493 9809 21:0 4501
4500 9811 0:0 4501
4500 9810 21:0 4567
4565 9812 0:0 4567
4569 9842 21:0 4577
4576 9844 0:0 4577
4576 9843 21:0 4643
4641 9845 0:0 4643
4645 9875 21:0 4653
4652 9876 0:0 4653
4652 9877 21:0 4719
4717 9878 0:0 4719
4721 9908 21:0 4729
4728 9910 0:0 4729
4728 9909 21:0 4795
4793 9911 0:0 4795
4797 9941 21:0 4805
4804 9942 0:0 4805
4804 9943 21:0 4871
4869 9944 0:0 4871
4873 9974 21:0 4881
4880 9976 0:0 4881
4880 9975 21:0 4947
4945 9977 0:0 4947
4949 10007 21:0 4957
4956 10008 0:0 4957
4956 10009 21:0 5023
5021 10010 0:0 5023
5025 10040 21:0 5033
5032 10041 0:0 5033
5032 10042 21:0 5099
5097 10043 0:0 5099
5101 10073 21:0 5109
5108 10074 0:0 5109
5108 10075 21:0 5175
5173 10076 0:0 5175
5177 10106 21:0 5185
5184 10108 0:0 5185
5184 10107 21:0 5251
5249 10109 0:0 5251
5253 10139 21:0 5261
5260 10140 0:0 5261
5260 10141 21:0 5327
5325 10142 0:0 5327
5329 10172 21:0 5337
5336 10174 0:0 5337
5336 10173 21:0 5403
5401 10175 0:0 5403
5405 10205 21:0 5413
5412 10207 0:0 5413
5412 10206 21:0 5479
5477 10208 0:0 5479
5481 10238 21:0 5489
5488 10239 0:0 5489
5488 10240 21:0 5555
5553 10241 0:0 5555
5557 10271 21:0 5565
5564 10272 0:0 5565
5564 10273 21:0 5631
5629 10274 0:0 5631
5655 8832 1:0 5776
5656 8830 1:0 5783
5656 8831 1:0 5784
5665 8829 1:0 5794
5665 8799 1:0 5907
5673 8798 1:0 5915
5704 8797 1:0 5914
5786 8796 1:0 5925
5787 8766 1:0 6038
5796 8764 1:0 6045
5796 8765 1:0 6046
5802 8763 1:0 6056
5807 8733 1:0 6169
5835 8732 1:0 6177
5917 8731 1:0 6176
5918 8730 1:0 6187
5927 8700 1:0 6300
5927 8698 1:0 6307
5933 8699 1:0 6308
5938 8697 1:0 6318
5966 8667 1:0 6431
6048 8666 1:0 6439
6049 8665 1:0 6438
6058 8664 1:0 6449
6058 8634 1:0 6562
6064 8633 1:0 6570
6084 8632 1:0 6569
6097 8631 1:0 6580
6179 8601 1:0 6693
6180 8599 1:0 6700
6189 8600 1:0 6701
6189 8598 1:0 6711
6197 8568 1:0 6824
6215 8566 1:0 6831
6310 8567 1:0 6832
6311 8565 1:0 6842
6311 8535 1:0 6955
6320 8533 1:0 6962
6320 8534 1:0 6963
6328 8532 1:0 6973
6347 8502 1:0 7086
6441 8501 1:0 7094
6442 8500 1:0 7093
6451 8499 1:0 7104
6451 8469 1:0 7217
6457 8468 1:0 7225
6461 8467 1:0 7224
6478 8466 1:0 7235
6572 8436 1:0 7348
6573 8435 1:0 7356
6582 8434 1:0 7355
6582 8433 1:0 7366
6588 8403 1:0 7479
6592 8401 1:0 7486
6621 8402 1:0 7487
6703 8400 1:0 7497
6704 8370 1:0 7610
6713 8368 1:0 7617
6713 8369 1:0 7618
6719 8367 1:0 7628
7808 11251 21:0 7816
7815 11253 0:0 7816
7815 11252 0:0 7816
7816 11254 21:0 7882
7884 11284 0:0 7887
7889 11285 21:0 7947
7891 11286 0:0 7892
7946 11287 0:0 7958
7960 11317 0:0 7963
7965 11318 21:0 8023
7967 11319 0:0 7968
8022 11320 0:0 8034
8036 11350 21:0 8044
8043 11352 0:0 8044
8043 11351 21:0 8110
8108 11353 0:0 8110
8112 11383 21:0 8120
8119 11385 0:0 8120
8119 11384 21:0 8186
8184 11386 0:0 8186
8188 11416 21:0 8196
8195 11418 0:0 8196
8195 11417 0:0 8196
8196 11419 21:0 8262
8264 11449 21:0 8272
8271 11451 0:0 8272
8271 11450 0:0 8272
8272 11452 21:0 8338
8340 11482 0:0 8343
8345 11484 21:0 8403
8347 11483 0:0 8348
8402 11485 0:0 8414
8416 11515 0:0 8419
8421 11516 21:0 8479
8423 11517 0:0 8424
8478 11518 0:0 8490
8492 11548 21:0 8500
8499 11549 0:0 8500
8499 11550 21:0 8566
8564 11551 0:0 8566
8568 11581 21:0 8576
8575 11583 0:0 8576
8575 11582 0:0 8576
8576 11584 21:0 8642
8644 11614 21:0 8652
8649 11616 0:0 8652
8649 11615 0:0 8652
8652 11617 21:0 8718
8720 11647 21:0 8728
8727 11649 0:0 8728
8727 11648 0:0 8728
8728 11650 21:0 8794
8796 11680 21:0 8804
8803 11681 0:0 8804
8804 11683 21:0 8870
8872 11713 21:0 8880
8879 11715 0:0 8880
8879 11714 21:0 8946
8944 11716 0:0 8946
8948 11746 21:0 8956
8970 10274 1:0 9091
8971 10272 1:0 9098
8971 10273 1:0 9099
8980 10271 1:0 9109
8980 10241 1:0 9222
8988 10240 1:0 9230
9019 10239 1:0 9229
9101 10238 1:0 9240
9102 10208 1:0 9353
9111 10206 1:0 9360
9111 10207 1:0 9361
9117 10205 1:0 9371
9122 10175 1:0 9484
9150 10173 1:0 9491
9232 10174 1:0 9492
9233 10172 1:0 9502
9242 10142 1:0 9615
9242 10141 1:0 9623
9248 10140 1:0 9622
9253 10139 1:0 9633
9281 10109 1:0 9746
9363 10107 1:0 9753
9364 10108 1:0 9754
9373 10106 1:0 9764
9373 10076 1:0 9877
9379 10075 1:0 9885
9399 10074 1:0 9884
9412 10073 1:0 9895
9494 10043 1:0 10008
9495 10042 1:0 10016
9504 10041 1:0 10015
9504 10040 1:0 10026
9512 10010 1:0 10139
9530 10009 1:0 10147
9625 10008 1:0 10146
9626 10007 1:0 10157
9626 9977 1:0 10270
9635 9975 1:0 10277
9635 9976 1:0 10278
9643 9974 1:0 10288
9662 9944 1:0 10401
9756 9943 1:0 10409
9757 9942 1:0 10408
9766 9941 1:0 10419
9766 9911 1:0 10532
9772 9909 1:0 10539
9776 9910 1:0 10540
9793 9908 1:0 10550
9887 9878 1:0 10663
9888 9877 1:0 10671
9897 9876 1:0 10670
9897 9875 1:0 10681
9903 9845 1:0 10794
9907 9843 1:0 10801
9936 9844 1:0 10802
10018 9842 1:0 10812
10019 9812 1:0 10925
10028 9810 1:0 10932
10028 9811 1:0 10933
10034 9809 1:0 10943
10039 11746 1:0 11076
10067 11714 1:0 11150
10149 11716 1:0 11082
10150 5484 1:0 11164
10150 5485 1:0 11164
10150 5483 1:0 11230
10159 5486 1:0 11164
10159 5482 1:0 11164
10159 5487 1:0 11164
10165 11715 1:0 11287
10170 11713 1:0 11297
10198 11683 1:0 11381
10280 5631 1:0 11386
10280 5633 1:0 11470
10281 5634 1:0 11385
10281 5629 1:0 11386
10290 5630 1:0 11385
10290 5632 1:0 11385
10290 11681 1:0 11507
10296 11680 1:0 11518
10316 11650 1:0 11602
10329 5781 1:0 11606
10329 5780 1:0 11691
10411 5777 1:0 11606
10411 5778 1:0 11607
10412 5779 1:0 11606
10412 5776 1:0 11607
10412 5768 1:0 11607
10421 11648 1:0 11728
10421 11649 1:0 11729
10429 11647 1:0 11739
10448 11617 1:0 11823
10460 5927 1:0 11912
10542 5928 1:0 11827
10542 5926 1:0 11827
10543 5924 1:0 11827
10543 5923 1:0 11828
10552 5925 1:0 11828
10552 11615 1:0 11949
10558 11616 1:0 11950
10562 11614 1:0 11960
10579 11584 1:0 12037
10591 6073 1:0 12124
10673 6072 1:0 12048
10673 6074 1:0 12048
10674 6075 1:0 12048
10674 6071 1:0 12048
10683 6070 1:0 12049
10683 11582 1:0 12170
10689 11583 1:0 12171
10693 11581 1:0 12181
10722 11551 1:0 12187
10763 6217 1:0 12334
10804 11550 1:0 12255
10805 6219 1:0 12269
10805 6220 1:0 12269
10814 6221 1:0 12269
10814 6218 1:0 12269
10814 6222 1:0 12269
10820 11549 1:0 12391
10825 11548 1:0 12402
10853 11516 1:0 12486
10935 11518 1:0 12408
10936 6357 1:0 12490
10936 6369 1:0 12490
10936 6368 1:0 12575
10945 6367 1:0 12490
10945 6365 1:0 12490
10945 6364 1:0 12491
10945 6366 1:0 12491
10951 11517 1:0 12613
10971 11515 1:0 12623
10984 11484 1:0 12697
11068 11485 1:0 12629
11069 6513 1:0 12711
11069 6515 1:0 12711
11069 6512 1:0 12777
11078 6511 1:0 12711
11078 6516 1:0 12711
11078 6514 1:0 12711
11084 11483 1:0 12833
11104 11482 1:0 12844
11158 11452 1:0 12918
11166 6658 1:0 12997
11186 6659 1:0 12932
11187 6662 1:0 12932
11236 5483 21:0 11281
11237 6663 1:0 12932
11247 6661 1:0 12932
11257 6660 1:0 12932
11279 5486 0:0 11281
11279 5484 0:0 11281
11280 5485 0:0 11281
11280 5482 0:0 11281
11280 5487 0:0 11281
11282 11451 1:0 13055
11289 11450 1:0 13054
11290 11449 1:0 13065
11290 11419 1:0 13142
11299 6808 1:0 13153
11299 6810 1:0 13153
11299 6806 1:0 13153
11299 6807 1:0 13228
11305 6809 1:0 13153
11307 6805 1:0 13154
11309 6797 1:0 13154
11338 11418 1:0 13276
11387 11417 1:0 13275
11408 11416 1:0 13286
11468 11384 1:0 13360
11478 6952 1:0 13439
11480 5633 21:0 11502
11501 5632 0:0 11502
11501 5630 0:0 11502
11501 5629 0:0 11502
11501 5631 0:0 11502
11501 5634 0:0 11502
11503 11386 1:0 13292
11503 6953 1:0 13374
11510 6954 1:0 13374
11510 6957 1:0 13374
11511 6955 1:0 13374
11511 6956 1:0 13374
11520 11385 1:0 13497
11520 11383 1:0 13507
11526 11353 1:0 13513
11531 11351 1:0 13591
11547 7104 1:0 13681
11559 7102 1:0 13595
11600 7100 1:0 13595
11613 7103 1:0 13596
11629 7101 1:0 13596
11630 7099 1:0 13596
11679 7098 1:0 13595
11699 11352 1:0 13718
11701 5780 21:0 11723
11722 5776 0:0 11723
11722 5778 0:0 11723
11722 5779 0:0 11723
11722 5781 0:0 11723
11722 5777 0:0 11723
11722 5768 0:0 11723
11724 11350 1:0 13728
11724 11320 1:0 13734
11731 11318 1:0 13805
11732 7247 1:0 13816
11732 7249 1:0 13892
11741 7248 1:0 13816
11741 7251 1:0 13816
11741 7250 1:0 13816
11741 7246 1:0 13817
11747 11319 1:0 13939
11767 11317 1:0 13949
11821 11287 1:0 13955
11849 11285 1:0 14033
11850 7397 1:0 14122
11900 7395 1:0 14038
11910 7393 1:0 14038
11920 7396 1:0 14037
11922 5927 21:0 11944
11943 5925 0:0 11944
11943 5924 0:0 11944
11943 5928 0:0 11944
11943 5926 0:0 11944
11943 5923 0:0 11944
11945 7398 1:0 14037
11945 7394 1:0 14037
11952 11286 1:0 14160
11953 11284 1:0 14170
11953 11254 1:0 14247
11962 7545 1:0 14258
11962 7533 1:0 14258
11962 7544 1:0 14258
11962 7542 1:0 14333
11968 7543 1:0 14258
11968 7540 1:0 14259
11972 7541 1:0 14258
12001 11252 1:0 14380
12050 11253 1:0 14381
12071 11251 1:0 14391
12121 7692 1:0 14565
12130 6073 21:0 12165
12131 7680 1:0 14479
12131 7688 1:0 14479
12141 7691 1:0 14480
12163 6072 0:0 12165
12163 6070 0:0 12165
12163 6074 0:0 12165
12164 6075 0:0 12165
12164 6071 0:0 12165
12166 7690 1:0 14479
12166 7689 1:0 14480
12166 7687 1:0 14480
12166 7779 1:0 14604
12166 7780 1:0 14605
12344 6217 21:0 12386
12384 6219 0:0 12386
12384 6221 0:0 12386
12385 6218 0:0 12386
12385 6222 0:0 12386
12385 6220 0:0 12386
12585 6368 21:0 12607
12606 6365 0:0 12607
12606 6367 0:0 12607
12606 6369 0:0 12607
12606 6364 0:0 12607
12606 6366 0:0 12607
12606 6357 0:0 12607
12783 6512 21:0 12828
12826 6513 0:0 12828
12826 6515 0:0 12828
12826 6511 0:0 12828
12827 6516 0:0 12828
12827 6514 0:0 12828
13007 6658 21:0 13049
13047 6660 0:0 13049
13047 6662 0:0 13049
13048 6661 0:0 13049
13048 6659 0:0 13049
13048 6663 0:0 13049
13238 6807 21:0 13270
13268 6809 0:0 13270
13269 6810 0:0 13270
13269 6808 0:0 13270
13269 6797 0:0 13270
13269 6806 0:0 13270
13269 6805 0:0 13270
13449 6952 21:0 13491
13489 6956 0:0 13491
13490 6957 0:0 13491
13490 6954 0:0 13491
13490 6955 0:0 13491
13490 6953 0:0 13491
13687 7104 21:0 13712
13710 7103 0:0 13712
13710 7100 0:0 13712
13710 7101 0:0 13712
13710 7099 0:0 13712
13711 7098 0:0 13712
13711 7102 0:0 13712
13898 7249 21:0 13933
13931 7250 0:0 13933
13931 7247 0:0 13933
13931 7248 0:0 13933
13931 7246 0:0 13933
13932 7251 0:0 13933
14132 7397 21:0 14154
14153 7394 0:0 14154
14153 7396 0:0 14154
14153 7398 0:0 14154
14153 7393 0:0 14154
14153 7395 0:0 14154
14343 7542 21:0 14375
14373 7544 0:0 14375
14374 7543 0:0 14375
14374 7533 0:0 14375
14374 7545 0:0 14375
14374 7541 0:0 14375
14374 7540 0:0 14375
14571 7692 21:0 88
