255 48230 0:0 257
256 48223 0:0 257
256 48224 0:0 257
256 48229 0:0 258
302 48235 0:0 304
302 48234 0:0 304
302 48232 0:0 304
302 48231 0:0 304
303 48323 0:0 304
303 48233 0:0 304
303 48324 0:0 304
363 48495 21:0 421
895 48726 21:0 953
966 48758 0:0 969
971 48760 21:0 1029
1028 48761 0:0 1040
1118 48824 21:0 1126
1126 48827 21:0 1192
1199 48859 21:0 1257
1575 49023 0:0 1578
1580 49024 21:0 1638
1582 49025 0:0 1583
1637 49026 0:0 1649
1651 49056 21:0 1659
1656 49058 0:0 1659
1658 49057 0:0 1659
1659 49059 21:0 1725
1727 49089 0:0 1730
1732 49090 21:0 1790
1734 49091 0:0 1735
1789 49092 0:0 1801
1803 49122 21:0 1811
1808 49124 0:0 1811
1808 49123 0:0 1811
1811 49125 21:0 1877
1879 49155 0:0 1882
1884 49156 21:0 1942
1886 49157 0:0 1887
1941 49158 0:0 1953
1955 49188 21:0 1963
1962 49190 0:0 1963
1962 49189 21:0 2029
2027 49191 0:0 2029
2031 49221 21:0 2039
2038 49222 0:0 2039
2038 49223 21:0 2105
2103 49224 0:0 2105
2107 49254 21:0 2115
2114 49256 0:0 2115
2114 49255 21:0 2181
2179 49257 0:0 2181
2183 49287 21:0 2191
2190 49288 0:0 2191
2190 49289 21:0 2257
2255 49290 0:0 2257
2259 49320 21:0 2267
2266 49322 0:0 2267
2266 49321 21:0 2333
2331 49323 0:0 2333
2335 49353 21:0 2343
2342 49354 0:0 2343
2342 49355 0:0 2343
2343 49356 21:0 2409
2411 49386 21:0 2419
2418 49388 0:0 2419
2418 49387 21:0 2485
2483 49389 0:0 2485
2487 49419 0:0 2490
2492 49420 21:0 2550
2494 49421 0:0 2495
2549 49422 0:0 2561
2563 49452 21:0 2571
2570 49453 0:0 2571
2570 49454 0:0 2571
2571 49455 21:0 2637
2639 49485 21:0 2647
2646 49486 0:0 2647
2646 49487 21:0 2713
2736 329 1:0 5895
2762 328 21:0 2776
2777 328 1:0 2725
2777 48859 1:0 3222
2777 48827 1:0 3337
2777 48824 1:0 3353
2777 48761 1:0 3581
2858 48760 1:0 3588
2859 48758 1:0 3597
2867 48726 1:0 3709
2867 48495 1:0 4563
2877 49487 1:0 6036
2980 49486 1:0 6035
2981 49485 1:0 6046
2989 49455 1:0 6159
2989 49454 1:0 6167
4745 50465 21:0 4753
4750 50467 0:0 4753
4752 50466 0:0 4753
4753 50468 21:0 4819
4821 50498 21:0 4829
4828 50499 0:0 4829
4828 50500 0:0 4829
4829 50501 21:0 4895
4897 50531 21:0 4905
4904 50533 0:0 4905
4904 50532 21:0 4971
4969 50534 0:0 4971
4973 50564 21:0 4981
4980 50565 0:0 4981
4980 50566 21:0 5047
5045 50567 0:0 5047
5049 50597 21:0 5057
5056 50599 0:0 5057
5056 50598 21:0 5123
5121 50600 0:0 5123
5125 50630 21:0 5133
5132 50632 0:0 5133
5132 50631 21:0 5199
5197 50633 0:0 5199
5201 50663 21:0 5209
5208 50664 0:0 5209
5208 50665 21:0 5275
5273 50666 0:0 5275
5277 50696 21:0 5285
5284 50698 0:0 5285
5284 50697 21:0 5351
5349 50699 0:0 5351
5353 50729 21:0 5361
5360 50730 21:0 5427
5425 50732 0:0 5427
5429 50762 21:0 5437
5436 50763 21:0 5503
5505 50795 21:0 5513
5510 50796 0:0 5513
5512 50797 0:0 5513
5513 50798 21:0 5579
5581 50828 21:0 5589
5588 50829 21:0 5655
5907 49453 1:0 6166
5908 49452 1:0 6177
5917 49422 1:0 6290
5917 49420 1:0 6297
5923 49421 1:0 6298
5936 329 21:0 5950
5943 49419 1:0 6308
5956 49389 1:0 6421
6038 49387 1:0 6428
6039 49388 1:0 6429
6048 49386 1:0 6439
6048 49356 1:0 6552
6054 49354 1:0 6559
6059 49355 1:0 6560
6087 49353 1:0 6570
6169 49323 1:0 6683
6170 49321 1:0 6690
6179 49322 1:0 6691
6179 49320 1:0 6701
6185 49290 1:0 6814
6205 49289 1:0 6822
6218 49288 1:0 6821
6300 49287 1:0 6832
6301 49257 1:0 6945
6310 49255 1:0 6952
6310 49256 1:0 6953
6318 49254 1:0 6963
6336 49224 1:0 7076
6431 49223 1:0 7084
6432 49222 1:0 7083
6432 49221 1:0 7094
6441 49191 1:0 7207
6441 49189 1:0 7214
6449 49190 1:0 7215
6468 49188 1:0 7225
6562 49158 1:0 7338
6563 49156 1:0 7345
6572 49157 1:0 7346
6572 49155 1:0 7356
6578 49125 1:0 7469
6582 49124 1:0 7477
6599 49123 1:0 7476
6693 49122 1:0 7487
6694 49092 1:0 7600
6703 49090 1:0 7607
6703 49091 1:0 7608
6709 49089 1:0 7618
6713 49059 1:0 7731
6742 49057 1:0 7738
6824 49058 1:0 7739
6825 49056 1:0 7749
6834 49026 1:0 7862
6834 49024 1:0 7869
6840 49025 1:0 7870
6845 49023 1:0 7880
6860 330 1:0 9210
8060 51907 21:0 8068
8065 51908 0:0 8068
8065 51909 0:0 8068
8068 51910 21:0 8134
8136 51940 21:0 8144
8143 51941 0:0 8144
8143 51942 0:0 8144
8144 51943 21:0 8210
8212 51973 21:0 8220
8219 51975 0:0 8220
8219 51974 21:0 8286
8284 51976 0:0 8286
8288 52006 21:0 8296
8295 52008 0:0 8296
8295 52007 21:0 8362
8360 52009 0:0 8362
8364 52039 21:0 8372
8371 52040 0:0 8372
8371 52041 21:0 8438
8436 52042 0:0 8438
8440 52072 21:0 8448
8447 52073 0:0 8448
8447 52074 21:0 8514
8512 52075 0:0 8514
8516 52105 21:0 8524
8523 52106 0:0 8524
8523 52107 21:0 8590
8588 52108 0:0 8590
8592 52138 21:0 8600
8599 52139 0:0 8600
8599 52140 21:0 8666
8664 52141 0:0 8666
8668 52171 21:0 8676
8675 52172 0:0 8676
8675 52173 21:0 8742
8740 52174 0:0 8742
8744 52204 21:0 8752
8751 52205 0:0 8752
8751 52206 21:0 8818
8816 52207 0:0 8818
8820 52237 21:0 8828
8827 52239 21:0 8894
8892 52240 0:0 8894
8896 52270 0:0 8899
8901 52271 21:0 8959
8958 52273 0:0 8970
8972 52303 0:0 8975
8977 52305 21:0 9035
8979 52304 0:0 8980
9034 52306 0:0 9046
9053 52337 21:0 9111
9110 52339 0:0 9122
9124 52369 21:0 9132
9131 52370 21:0 9198
9222 50829 1:0 9743
9223 50828 1:0 9754
9232 50798 1:0 9867
9232 50796 1:0 9874
9238 50797 1:0 9875
9251 330 21:0 9265
9258 50795 1:0 9885
9271 50763 1:0 10005
9353 50762 1:0 10016
9354 50732 1:0 10129
9363 50730 1:0 10136
9363 50729 1:0 10147
9369 50699 1:0 10260
9374 50697 1:0 10267
9402 50698 1:0 10268
9484 50696 1:0 10278
9485 50666 1:0 10391
9494 50664 1:0 10398
9494 50665 1:0 10399
9500 50663 1:0 10409
9520 50633 1:0 10522
9533 50631 1:0 10529
9615 50632 1:0 10530
9616 50630 1:0 10540
9625 50600 1:0 10653
9625 50598 1:0 10660
9633 50599 1:0 10661
9651 50597 1:0 10671
9746 50567 1:0 10784
9747 50565 1:0 10791
9747 50566 1:0 10792
9756 50564 1:0 10802
9756 50534 1:0 10915
9764 50532 1:0 10922
9783 50533 1:0 10923
9877 50531 1:0 10933
9878 50501 1:0 11046
9887 50499 1:0 11053
9887 50500 1:0 11054
9893 50498 1:0 11064
9897 50468 1:0 11177
9914 50467 1:0 11185
9926 331 1:0 12525
10008 50466 1:0 11184
10009 50465 1:0 11195
10018 52370 1:0 12665
10018 52369 1:0 12676
11375 53349 21:0 11383
11380 53351 0:0 11383
11382 53350 0:0 11383
11383 53352 21:0 11449
11451 53382 0:0 11454
11456 53383 21:0 11514
11458 53384 0:0 11459
11513 53385 0:0 11525
11527 53415 21:0 11535
11534 53416 0:0 11535
11534 53417 21:0 11601
11599 53418 0:0 11601
11603 53448 21:0 11611
11610 53450 0:0 11611
11610 53449 21:0 11677
11675 53451 0:0 11677
11679 53481 21:0 11687
11686 53483 0:0 11687
11686 53482 21:0 11753
11751 53484 0:0 11753
11755 53514 21:0 11763
11762 53516 0:0 11763
11762 53515 21:0 11829
11827 53517 0:0 11829
11831 53547 21:0 11839
11838 53548 0:0 11839
11838 53549 0:0 11839
11839 53550 21:0 11905
11907 53580 21:0 11915
11914 53582 0:0 11915
11914 53581 21:0 11981
11979 53583 0:0 11981
11983 53613 0:0 11986
11988 53614 21:0 12046
11990 53615 0:0 11991
12045 53616 0:0 12057
12059 53646 21:0 12067
12064 53647 0:0 12067
12064 53648 0:0 12067
12067 53649 21:0 12133
12135 53679 0:0 12138
12140 53680 21:0 12198
12142 53681 0:0 12143
12197 53682 0:0 12209
12211 53712 21:0 12219
12537 52339 1:0 12789
12538 52337 1:0 12796
12547 52306 1:0 12920
12547 52305 1:0 12928
12553 52304 1:0 12927
12566 331 21:0 12580
12573 52303 1:0 12938
12586 52273 1:0 13051
12668 52271 1:0 13058
12669 52270 1:0 13069
12678 52240 1:0 13182
12678 52239 1:0 13190
12684 52237 1:0 13200
12689 52207 1:0 13313
12717 52206 1:0 13321
12799 52205 1:0 13320
12800 52204 1:0 13331
12809 52174 1:0 13444
12809 52173 1:0 13452
12815 52172 1:0 13451
12835 52171 1:0 13462
12848 52141 1:0 13575
12930 52140 1:0 13583
12931 52139 1:0 13582
12940 52138 1:0 13593
12940 52108 1:0 13706
12948 52107 1:0 13714
12966 52106 1:0 13713
13061 52105 1:0 13724
13062 52075 1:0 13837
13062 52074 1:0 13845
13071 52073 1:0 13844
13071 52072 1:0 13855
13079 52042 1:0 13968
13098 52041 1:0 13976
13192 52040 1:0 13975
13193 52039 1:0 13986
13202 52009 1:0 14099
13202 52007 1:0 14106
13208 52008 1:0 14107
13212 52006 1:0 14117
13229 51976 1:0 14230
13323 51974 1:0 14237
13324 51975 1:0 14238
13333 51973 1:0 14248
13333 51943 1:0 14361
13339 51941 1:0 14368
13343 51942 1:0 14369
13344 332 1:0 15840
13372 51940 1:0 14379
13454 51910 1:0 14492
13455 51908 1:0 14499
13464 51909 1:0 14500
13464 51907 1:0 14510
14690 54791 21:0 14698
14697 54793 0:0 14698
14698 54794 21:0 14764
14766 54824 21:0 14774
14773 54826 0:0 14774
14773 54825 0:0 14774
14774 54827 21:0 14840
14842 54857 21:0 14850
14849 54859 0:0 14850
14849 54858 21:0 14916
14914 54860 0:0 14916
14918 54890 21:0 14926
14925 54891 0:0 14926
14925 54892 21:0 14992
14990 54893 0:0 14992
14994 54923 21:0 15002
15001 54924 0:0 15002
15001 54925 21:0 15068
15066 54926 0:0 15068
15070 54956 21:0 15078
15077 54958 0:0 15078
15077 54957 21:0 15144
15142 54959 0:0 15144
15146 54989 21:0 15154
15153 54990 0:0 15154
15153 54991 21:0 15220
15218 54992 0:0 15220
15222 55022 21:0 15230
15229 55024 0:0 15230
15229 55023 21:0 15296
15294 55025 0:0 15296
15298 55055 21:0 15306
15303 55057 0:0 15306
15305 55056 0:0 15306
15306 55058 21:0 15372
15374 55088 21:0 15382
15381 55089 0:0 15382
15381 55090 21:0 15448
15446 55091 0:0 15448
15450 55121 21:0 15458
15457 55122 0:0 15458
15457 55123 21:0 15524
15522 55124 0:0 15524
15526 55154 0:0 15529
15531 55156 21:0 15589
15533 55155 0:0 15534
15588 55157 0:0 15600
15602 55187 21:0 15610
15609 55188 21:0 15676
15678 55220 21:0 15686
15685 55221 21:0 15752
15750 55223 0:0 15752
15852 53712 1:0 16384
15853 53682 1:0 16497
15862 53680 1:0 16504
15862 53681 1:0 16505
15868 53679 1:0 16515
15881 332 21:0 15895
15888 53649 1:0 16628
15901 53647 1:0 16635
15983 53648 1:0 16636
15984 53646 1:0 16646
15993 53616 1:0 16759
15993 53614 1:0 16766
15999 53615 1:0 16767
16004 53613 1:0 16777
16032 53583 1:0 16890
16114 53581 1:0 16897
16115 53582 1:0 16898
16124 53580 1:0 16908
16124 53550 1:0 17021
16130 53549 1:0 17029
16150 53548 1:0 17028
16163 53547 1:0 17039
16245 53517 1:0 17152
16246 53515 1:0 17159
16255 53516 1:0 17160
16255 53514 1:0 17170
16263 53484 1:0 17283
16281 53482 1:0 17290
16376 53483 1:0 17291
16377 53481 1:0 17301
16377 53451 1:0 17414
16386 53449 1:0 17421
16386 53450 1:0 17422
16394 53448 1:0 17432
16413 53418 1:0 17545
16507 53417 1:0 17553
16508 53416 1:0 17552
16517 53415 1:0 17563
16517 53385 1:0 17676
16523 53383 1:0 17683
16527 53384 1:0 17684
16544 53382 1:0 17694
16556 333 1:0 19155
16638 53352 1:0 17807
16639 53350 1:0 17814
16648 53351 1:0 17815
16648 53349 1:0 17825
18005 56233 21:0 18013
18010 56235 0:0 18013
18012 56234 0:0 18013
18013 56236 21:0 18079
18081 56266 21:0 18089
18088 56267 0:0 18089
18088 56268 0:0 18089
18089 56269 21:0 18155
18157 56299 21:0 18165
18164 56301 0:0 18165
18164 56300 21:0 18231
18229 56302 0:0 18231
18233 56332 21:0 18241
18240 56333 0:0 18241
18240 56334 21:0 18307
18305 56335 0:0 18307
18309 56365 21:0 18317
18316 56367 0:0 18317
18316 56366 21:0 18383
18381 56368 0:0 18383
18385 56398 21:0 18393
18392 56400 0:0 18393
18392 56399 21:0 18459
18457 56401 0:0 18459
18461 56431 21:0 18469
18468 56432 0:0 18469
18468 56433 21:0 18535
18533 56434 0:0 18535
18537 56464 21:0 18545
18544 56465 0:0 18545
18544 56466 21:0 18611
18609 56467 0:0 18611
18613 56497 0:0 18616
18618 56498 21:0 18676
18620 56499 0:0 18621
18675 56500 0:0 18687
18689 56530 0:0 18692
18694 56531 21:0 18752
18696 56532 0:0 18697
18751 56533 0:0 18763
18765 56563 21:0 18773
18772 56564 0:0 18773
18772 56565 21:0 18839
18837 56566 0:0 18839
19074 56696 21:0 19132
19167 55223 1:0 19419
19168 55221 1:0 19426
19177 55220 1:0 19437
19177 55188 1:0 19557
19183 55187 1:0 19568
19196 333 21:0 19210
19203 55157 1:0 19681
19216 55156 1:0 19689
19298 55155 1:0 19688
19299 55154 1:0 19699
19308 55124 1:0 19812
19308 55123 1:0 19820
19314 55122 1:0 19819
19319 55121 1:0 19830
19347 55091 1:0 19943
19429 55090 1:0 19951
19430 55089 1:0 19950
19439 55088 1:0 19961
19439 55058 1:0 20074
19445 55056 1:0 20081
19465 55057 1:0 20082
19478 55055 1:0 20092
19560 55025 1:0 20205
19561 55023 1:0 20212
19570 55024 1:0 20213
19570 55022 1:0 20223
19578 54992 1:0 20336
19596 54991 1:0 20344
19691 54990 1:0 20343
19692 54989 1:0 20354
19692 54959 1:0 20467
19701 54957 1:0 20474
19701 54958 1:0 20475
19709 54956 1:0 20485
19728 54926 1:0 20598
19822 54925 1:0 20606
19823 54924 1:0 20605
19832 54923 1:0 20616
19832 54893 1:0 20729
19838 54892 1:0 20737
19842 54891 1:0 20736
19859 54890 1:0 20747
19953 54860 1:0 20860
19954 54858 1:0 20867
19963 54859 1:0 20868
19963 54857 1:0 20878
19969 54827 1:0 20991
19973 54826 1:0 20999
19974 334 1:0 22470
20002 54825 1:0 20998
20084 54824 1:0 21009
20085 54794 1:0 21122
20094 54793 1:0 21130
20094 54791 1:0 21140
20100 56696 1:0 22610
21320 57675 21:0 21328
21327 57677 0:0 21328
21327 57676 0:0 21328
21328 57678 21:0 21394
21396 57708 21:0 21404
21403 57709 0:0 21404
21403 57710 0:0 21404
21404 57711 21:0 21470
21472 57741 21:0 21480
21479 57743 0:0 21480
21479 57742 21:0 21546
21544 57744 0:0 21546
21548 57774 21:0 21556
21555 57776 0:0 21556
21555 57775 21:0 21622
21620 57777 0:0 21622
21624 57807 21:0 21632
21631 57808 0:0 21632
21631 57809 21:0 21698
21696 57810 0:0 21698
21700 57840 21:0 21708
21707 57842 0:0 21708
21707 57841 21:0 21774
21776 57873 21:0 21784
21783 57874 0:0 21784
21783 57875 21:0 21850
21848 57876 0:0 21850
21852 57906 21:0 21860
21859 57908 0:0 21860
21859 57907 0:0 21860
21860 57909 21:0 21926
21928 57939 21:0 21936
21935 57940 0:0 21936
21936 57942 21:0 22002
22004 57972 0:0 22007
22009 57974 21:0 22067
22011 57973 0:0 22012
22066 57975 0:0 22078
22080 58005 0:0 22083
22085 58006 21:0 22143
22087 58007 0:0 22088
22142 58008 0:0 22154
22156 58038 0:0 22159
22161 58040 21:0 22219
22163 58039 0:0 22164
22218 58041 0:0 22230
22232 58071 0:0 22235
22237 58072 21:0 22295
22308 58104 21:0 22316
22315 58105 21:0 22382
22384 58137 21:0 22392
22391 58138 0:0 22392
22392 58140 21:0 22458
22482 56566 1:0 23127
22483 56565 1:0 23135
22492 56564 1:0 23134
22492 56563 1:0 23145
22498 56533 1:0 23258
22511 334 21:0 22525
22518 56531 1:0 23265
22531 56532 1:0 23266
22613 56530 1:0 23276
22614 56500 1:0 23389
22623 56498 1:0 23396
22623 56499 1:0 23397
22629 56497 1:0 23407
22634 56467 1:0 23520
22662 56466 1:0 23528
22744 56465 1:0 23527
22745 56464 1:0 23538
22754 56434 1:0 23651
22754 56433 1:0 23659
22760 56432 1:0 23658
22780 56431 1:0 23669
22793 56401 1:0 23782
22875 56399 1:0 23789
22876 56400 1:0 23790
22885 56398 1:0 23800
22885 56368 1:0 23913
22893 56366 1:0 23920
22911 56367 1:0 23921
23006 56365 1:0 23931
23007 56335 1:0 24044
23007 56334 1:0 24052
23016 56333 1:0 24051
23016 56332 1:0 24062
23024 56302 1:0 24175
23043 56300 1:0 24182
23137 56301 1:0 24183
23138 56299 1:0 24193
23147 56269 1:0 24306
23147 56268 1:0 24314
23153 56267 1:0 24313
23157 56266 1:0 24324
23174 56236 1:0 24437
23186 335 1:0 25785
23268 56235 1:0 24445
23269 56234 1:0 24444
23278 56233 1:0 24455
23278 58140 1:0 25918
23284 58138 1:0 25925
24635 59117 21:0 24643
24640 59118 0:0 24643
24642 59119 0:0 24643
24643 59120 21:0 24709
24711 59150 21:0 24719
24718 59152 0:0 24719
24718 59151 21:0 24785
24783 59153 0:0 24785
24787 59183 21:0 24795
24794 59184 0:0 24795
24794 59185 21:0 24861
24859 59186 0:0 24861
24863 59216 21:0 24871
24870 59217 0:0 24871
24870 59218 21:0 24937
24935 59219 0:0 24937
24939 59249 21:0 24947
24946 59250 0:0 24947
24946 59251 21:0 25013
25011 59252 0:0 25013
25015 59282 21:0 25023
25022 59283 0:0 25023
25022 59284 21:0 25089
25087 59285 0:0 25089
25091 59315 21:0 25099
25098 59317 0:0 25099
25098 59316 21:0 25165
25163 59318 0:0 25165
25167 59348 21:0 25175
25174 59350 0:0 25175
25174 59349 0:0 25175
25175 59351 21:0 25241
25243 59381 0:0 25246
25248 59383 21:0 25306
25250 59382 0:0 25251
25305 59384 0:0 25317
25319 59414 0:0 25322
25324 59416 21:0 25382
25326 59415 0:0 25327
25381 59417 0:0 25393
25395 59447 21:0 25403
25402 59448 21:0 25469
25467 59450 0:0 25469
25471 59480 0:0 25474
25476 59482 21:0 25534
25478 59481 0:0 25479
25797 58137 1:0 25936
25798 58105 1:0 26056
25807 58104 1:0 26067
25807 58072 1:0 26187
25813 58071 1:0 26198
25826 335 21:0 25840
25833 58041 1:0 26311
25846 58040 1:0 26319
25928 58039 1:0 26318
25929 58038 1:0 26329
25938 58008 1:0 26442
25938 58006 1:0 26449
25944 58007 1:0 26450
25949 58005 1:0 26460
25977 57975 1:0 26573
26059 57974 1:0 26581
26060 57973 1:0 26580
26069 57972 1:0 26591
26069 57942 1:0 26704
26075 57940 1:0 26711
26095 57939 1:0 26722
26108 57909 1:0 26835
26190 57908 1:0 26843
26191 57907 1:0 26842
26200 57906 1:0 26853
26200 57876 1:0 26966
26208 57875 1:0 26974
26226 57874 1:0 26973
26321 57873 1:0 26984
26322 57841 1:0 27104
26322 57842 1:0 27105
26331 57840 1:0 27115
26331 57810 1:0 27228
26339 57809 1:0 27236
26358 57808 1:0 27235
26452 57807 1:0 27246
26453 57777 1:0 27359
26462 57775 1:0 27366
26462 57776 1:0 27367
26468 57774 1:0 27377
26472 57744 1:0 27490
26489 57742 1:0 27497
26583 57743 1:0 27498
26584 57741 1:0 27508
26593 57711 1:0 27621
26593 57710 1:0 27629
26599 57709 1:0 27628
26603 57708 1:0 27639
26604 336 1:0 29100
26632 57678 1:0 27752
26714 57677 1:0 27760
26715 57676 1:0 27759
26724 57675 1:0 27770
27950 60559 21:0 27958
27957 60561 0:0 27958
27957 60560 21:0 28024
28022 60562 0:0 28024
28026 60592 21:0 28034
28033 60593 0:0 28034
28033 60594 21:0 28100
28098 60595 0:0 28100
28102 60625 21:0 28110
28109 60626 0:0 28110
28109 60627 21:0 28176
28174 60628 0:0 28176
28178 60658 21:0 28186
28185 60660 0:0 28186
28185 60659 21:0 28252
28250 60661 0:0 28252
28254 60691 21:0 28262
28261 60692 0:0 28262
28261 60693 21:0 28328
28326 60694 0:0 28328
28330 60724 21:0 28338
28337 60725 0:0 28338
28337 60726 21:0 28404
28402 60727 0:0 28404
28406 60757 21:0 28414
28413 60758 0:0 28414
28413 60759 21:0 28480
28478 60760 0:0 28480
28482 60790 21:0 28490
28490 60793 21:0 28556
28558 60823 21:0 28566
28565 60824 0:0 28566
28565 60825 0:0 28566
28566 60826 21:0 28632
28634 60856 21:0 28642
28641 60857 0:0 28642
28642 60859 21:0 28708
28715 60891 21:0 28773
28717 60890 0:0 28718
28772 60892 0:0 28784
28786 60922 21:0 28794
28791 60923 0:0 28794
28791 60924 0:0 28794
28794 60925 21:0 28860
28862 60955 21:0 28870
28869 60957 0:0 28870
28869 60956 21:0 28936
28938 60988 0:0 28941
28943 60989 21:0 29001
28945 60990 0:0 28946
29000 60991 0:0 29012
29112 59482 1:0 29634
29113 59481 1:0 29633
29122 59480 1:0 29644
29122 59450 1:0 29757
29128 59448 1:0 29764
29141 336 21:0 29155
29148 59447 1:0 29775
29161 59417 1:0 29888
29243 59416 1:0 29896
29244 59415 1:0 29895
29253 59414 1:0 29906
29253 59384 1:0 30019
29259 59383 1:0 30027
29264 59382 1:0 30026
29292 59381 1:0 30037
29374 59351 1:0 30150
29375 59350 1:0 30158
29384 59349 1:0 30157
29384 59348 1:0 30168
29390 59318 1:0 30281
29410 59316 1:0 30288
29423 59317 1:0 30289
29505 59315 1:0 30299
29506 59285 1:0 30412
29515 59283 1:0 30419
29515 59284 1:0 30420
29523 59282 1:0 30430
29541 59252 1:0 30543
29636 59251 1:0 30551
29637 59250 1:0 30550
29637 59249 1:0 30561
29646 59219 1:0 30674
29646 59218 1:0 30682
29654 59217 1:0 30681
29673 59216 1:0 30692
29767 59186 1:0 30805
29768 59185 1:0 30813
29777 59184 1:0 30812
29777 59183 1:0 30823
29783 59153 1:0 30936
29787 59151 1:0 30943
29804 59152 1:0 30944
29816 337 1:0 32415
29898 59150 1:0 30954
29899 59120 1:0 31067
29908 59118 1:0 31074
29908 59119 1:0 31075
29914 59117 1:0 31085
29919 60991 1:0 32679
29947 60989 1:0 32686
30029 60990 1:0 32687
30030 60988 1:0 32697
31265 62001 21:0 31273
31272 62002 0:0 31273
31272 62003 0:0 31273
31273 62004 21:0 31339
31341 62034 21:0 31349
31348 62035 0:0 31349
31348 62036 21:0 31415
31413 62037 0:0 31415
31417 62067 21:0 31425
31424 62069 0:0 31425
31424 62068 21:0 31491
31489 62070 0:0 31491
31493 62100 21:0 31501
31500 62101 0:0 31501
31500 62102 21:0 31567
31565 62103 0:0 31567
31569 62133 21:0 31577
31576 62135 0:0 31577
31576 62134 21:0 31643
31641 62136 0:0 31643
31645 62166 21:0 31653
31652 62167 0:0 31653
31652 62168 0:0 31653
31653 62169 21:0 31719
31721 62199 21:0 31729
31728 62200 0:0 31729
31728 62201 0:0 31729
31729 62202 21:0 31795
31797 62232 21:0 31805
31804 62233 0:0 31805
31804 62234 0:0 31805
31805 62235 21:0 31871
31873 62265 0:0 31876
31878 62267 21:0 31936
31880 62266 0:0 31881
31935 62268 0:0 31947
31949 62298 21:0 31957
31956 62299 0:0 31957
31956 62300 21:0 32023
32021 62301 0:0 32023
32025 62331 0:0 32028
32030 62332 21:0 32088
32032 62333 0:0 32033
32087 62334 0:0 32099
32101 62364 21:0 32109
32108 62366 0:0 32109
32108 62365 21:0 32175
32185 62400 21:0 32251
32253 62430 21:0 32261
32260 62432 21:0 32327
32427 60956 1:0 32817
32428 60957 1:0 32818
32437 60955 1:0 32828
32437 60925 1:0 32941
32443 60924 1:0 32949
32456 337 21:0 32470
32463 60923 1:0 32948
32476 60922 1:0 32959
32558 60892 1:0 33072
32559 60891 1:0 33080
32568 60890 1:0 33079
32568 60859 1:0 33203
32574 60857 1:0 33210
32579 60856 1:0 33221
32607 60826 1:0 33334
32689 60825 1:0 33342
32690 60824 1:0 33341
32699 60823 1:0 33352
32699 60793 1:0 33465
32705 60790 1:0 33483
32725 60760 1:0 33596
32738 60759 1:0 33604
32820 60758 1:0 33603
32821 60757 1:0 33614
32830 60727 1:0 33727
32830 60726 1:0 33735
32838 60725 1:0 33734
32856 60724 1:0 33745
32951 60694 1:0 33858
32952 60692 1:0 33865
32952 60693 1:0 33866
32961 60691 1:0 33876
32961 60661 1:0 33989
32969 60659 1:0 33996
32988 60660 1:0 33997
33082 60658 1:0 34007
33083 60628 1:0 34120
33092 60626 1:0 34127
33092 60627 1:0 34128
33098 60625 1:0 34138
33102 60595 1:0 34251
33119 60594 1:0 34259
33213 60593 1:0 34258
33214 60592 1:0 34269
33223 60562 1:0 34382
33223 60560 1:0 34389
33229 60561 1:0 34390
33233 60559 1:0 34400
33234 338 1:0 35730
34580 63443 0:0 34583
34585 63445 21:0 34643
34587 63444 0:0 34588
34642 63446 0:0 34654
34656 63476 21:0 34664
34663 63478 0:0 34664
34663 63477 21:0 34730
34728 63479 0:0 34730
34732 63509 21:0 34740
34739 63511 0:0 34740
34739 63510 21:0 34806
34804 63512 0:0 34806
34808 63542 21:0 34816
34815 63544 0:0 34816
34815 63543 21:0 34882
34880 63545 0:0 34882
34884 63575 21:0 34892
34891 63577 0:0 34892
34891 63576 21:0 34958
34956 63578 0:0 34958
34960 63608 21:0 34968
34967 63610 0:0 34968
34967 63609 21:0 35034
35032 63611 0:0 35034
35036 63641 21:0 35044
35043 63642 0:0 35044
35043 63643 21:0 35110
35108 63644 0:0 35110
35112 63674 21:0 35120
35119 63675 0:0 35120
35119 63676 21:0 35186
35188 63707 21:0 35196
35193 63708 0:0 35196
35195 63709 0:0 35196
35196 63710 21:0 35262
35264 63740 0:0 35267
35269 63741 21:0 35327
35271 63742 0:0 35272
35340 63773 21:0 35348
35347 63775 0:0 35348
35347 63774 0:0 35348
35348 63776 21:0 35414
35421 63807 21:0 35479
35423 63808 0:0 35424
35497 63840 21:0 35555
35573 63873 21:0 35631
35575 63874 0:0 35576
35742 62432 1:0 36002
35743 62430 1:0 36012
35752 62400 1:0 36125
35752 62365 1:0 36263
35758 62366 1:0 36264
35771 338 21:0 35785
35778 62364 1:0 36274
35791 62334 1:0 36387
35873 62332 1:0 36394
35874 62333 1:0 36395
35883 62331 1:0 36405
35883 62301 1:0 36518
35889 62300 1:0 36526
35894 62299 1:0 36525
35922 62298 1:0 36536
36004 62268 1:0 36649
36005 62267 1:0 36657
36014 62266 1:0 36656
36014 62265 1:0 36667
36020 62235 1:0 36780
36040 62233 1:0 36787
36053 62234 1:0 36788
36135 62232 1:0 36798
36136 62202 1:0 36911
36145 62200 1:0 36918
36145 62201 1:0 36919
36153 62199 1:0 36929
36171 62169 1:0 37042
36266 62168 1:0 37050
36267 62167 1:0 37049
36267 62166 1:0 37060
36276 62136 1:0 37173
36276 62134 1:0 37180
36284 62135 1:0 37181
36303 62133 1:0 37191
36397 62103 1:0 37304
36398 62102 1:0 37312
36407 62101 1:0 37311
36407 62100 1:0 37322
36413 62070 1:0 37435
36417 62068 1:0 37442
36434 62069 1:0 37443
36528 62067 1:0 37453
36529 62037 1:0 37566
36538 62035 1:0 37573
36538 62036 1:0 37574
36544 62034 1:0 37584
36548 62004 1:0 37697
36549 339 1:0 39045
36577 62002 1:0 37704
36659 62003 1:0 37705
36660 62001 1:0 37715
36669 63873 1:0 39316
37895 64885 21:0 37903
37900 64887 0:0 37903
37902 64886 0:0 37903
37903 64888 21:0 37969
37971 64918 21:0 37979
37978 64919 0:0 37979
37978 64920 0:0 37979
37979 64921 21:0 38045
38047 64951 21:0 38055
38054 64953 0:0 38055
38054 64952 21:0 38121
38119 64954 0:0 38121
38123 64984 21:0 38131
38130 64986 0:0 38131
38130 64985 21:0 38197
38195 64987 0:0 38197
38199 65017 21:0 38207
38206 65018 0:0 38207
38206 65019 0:0 38207
38207 65020 21:0 38273
38275 65050 21:0 38283
38282 65052 0:0 38283
38282 65051 21:0 38349
38347 65053 0:0 38349
38351 65083 21:0 38359
38358 65084 0:0 38359
38358 65085 0:0 38359
38359 65086 21:0 38425
38427 65116 21:0 38435
38434 65117 0:0 38435
38434 65118 21:0 38501
38499 65119 0:0 38501
38503 65149 0:0 38506
38508 65151 21:0 38566
38510 65150 0:0 38511
38565 65152 0:0 38577
38579 65182 21:0 38587
38586 65183 0:0 38587
38586 65184 21:0 38653
38651 65185 0:0 38653
38655 65215 21:0 38663
38662 65217 0:0 38663
38662 65216 21:0 38729
38727 65218 0:0 38729
38731 65248 21:0 38739
38736 65250 0:0 38739
38738 65249 0:0 38739
38739 65251 21:0 38805
38807 65281 21:0 38815
38814 65282 0:0 38815
38814 65283 21:0 38881
39057 63874 1:0 39317
39058 63840 1:0 39447
39067 63807 1:0 39578
39067 63808 1:0 39579
39073 63776 1:0 39702
39086 339 21:0 39100
39093 63774 1:0 39709
39106 63775 1:0 39710
39188 63773 1:0 39720
39189 63741 1:0 39840
39198 63742 1:0 39841
39198 63740 1:0 39851
39204 63710 1:0 39964
39209 63709 1:0 39972
39237 63708 1:0 39971
39319 63707 1:0 39982
39320 63676 1:0 40103
39329 63675 1:0 40102
39329 63674 1:0 40113
39335 63644 1:0 40226
39355 63643 1:0 40234
39368 63642 1:0 40233
39450 63641 1:0 40244
39451 63611 1:0 40357
39460 63609 1:0 40364
39460 63610 1:0 40365
39468 63608 1:0 40375
39486 63578 1:0 40488
39581 63576 1:0 40495
39582 63577 1:0 40496
39582 63575 1:0 40506
39591 63545 1:0 40619
39591 63543 1:0 40626
39599 63544 1:0 40627
39618 63542 1:0 40637
39712 63512 1:0 40750
39713 63510 1:0 40757
39722 63511 1:0 40758
39722 63509 1:0 40768
39728 63479 1:0 40881
39732 63477 1:0 40888
39749 63478 1:0 40889
39761 340 1:0 42360
39843 63476 1:0 40899
39844 63446 1:0 41012
39853 63444 1:0 41019
39853 63445 1:0 41020
39859 63443 1:0 41030
39864 65283 1:0 42763
39892 65282 1:0 42762
39974 65281 1:0 42773
41215 66329 0:0 41218
41215 66328 0:0 41218
41218 66330 21:0 41284
41286 66360 0:0 41289
41291 66362 21:0 41349
41293 66361 0:0 41294
41348 66363 0:0 41360
41362 66393 21:0 41370
41369 66394 0:0 41370
41369 66395 21:0 41436
41434 66396 0:0 41436
41438 66426 21:0 41446
41445 66427 0:0 41446
41445 66428 21:0 41512
41510 66429 0:0 41512
41514 66459 21:0 41522
41521 66461 0:0 41522
41521 66460 21:0 41588
41586 66462 0:0 41588
41590 66492 21:0 41598
41597 66494 0:0 41598
41597 66493 21:0 41664
41662 66495 0:0 41664
41666 66525 21:0 41674
41673 66526 0:0 41674
41673 66527 21:0 41740
41742 66558 21:0 41750
41749 66560 0:0 41750
41749 66559 21:0 41816
41814 66561 0:0 41816
41818 66591 21:0 41826
41825 66593 0:0 41826
41825 66592 21:0 41892
41890 66594 0:0 41892
41894 66624 0:0 41897
41899 66626 21:0 41957
41901 66625 0:0 41902
41956 66627 0:0 41968
41970 66657 0:0 41973
41975 66659 21:0 42033
42032 66660 0:0 42044
42051 66692 21:0 42109
42053 66691 0:0 42054
42108 66693 0:0 42120
42122 66723 21:0 42130
42129 66725 21:0 42196
42198 66756 0:0 42201
42203 66758 21:0 42261
42274 66789 21:0 42282
42372 65251 1:0 42886
42373 65249 1:0 42893
42382 65250 1:0 42894
42382 65248 1:0 42904
42388 65218 1:0 43017
42401 340 21:0 42415
42408 65216 1:0 43024
42421 65217 1:0 43025
42503 65215 1:0 43035
42504 65185 1:0 43148
42513 65183 1:0 43155
42513 65184 1:0 43156
42519 65182 1:0 43166
42524 65152 1:0 43279
42552 65151 1:0 43287
42634 65150 1:0 43286
42635 65149 1:0 43297
42644 65119 1:0 43410
42644 65118 1:0 43418
42650 65117 1:0 43417
42670 65116 1:0 43428
42683 65086 1:0 43541
42765 65085 1:0 43549
42766 65084 1:0 43548
42775 65083 1:0 43559
42775 65053 1:0 43672
42783 65051 1:0 43679
42801 65052 1:0 43680
42896 65050 1:0 43690
42897 65020 1:0 43803
42897 65019 1:0 43811
42906 65018 1:0 43810
42906 65017 1:0 43821
42914 64987 1:0 43934
42933 64985 1:0 43941
43027 64986 1:0 43942
43028 64984 1:0 43952
43037 64954 1:0 44065
43037 64952 1:0 44072
43043 64953 1:0 44073
43047 64951 1:0 44083
43064 64921 1:0 44196
43158 64919 1:0 44203
43159 64920 1:0 44204
43168 64918 1:0 44214
43168 64888 1:0 44327
43174 64887 1:0 44335
43178 64886 1:0 44334
43179 341 1:0 45675
43207 64885 1:0 44345
44525 67769 21:0 44533
44530 67770 0:0 44533
44532 67771 0:0 44533
44533 67772 21:0 44599
44601 67802 21:0 44609
44608 67803 0:0 44609
44608 67804 0:0 44609
44609 67805 21:0 44675
44677 67835 21:0 44685
44684 67836 0:0 44685
44684 67837 21:0 44751
44749 67838 0:0 44751
44753 67868 21:0 44761
44760 67870 0:0 44761
44760 67869 21:0 44827
44825 67871 0:0 44827
44829 67901 21:0 44837
44836 67903 0:0 44837
44836 67902 0:0 44837
44837 67904 21:0 44903
44905 67934 21:0 44913
44912 67936 0:0 44913
44912 67935 21:0 44979
44977 67937 0:0 44979
44981 67967 21:0 44989
44988 67969 0:0 44989
44988 67968 21:0 45055
45053 67970 0:0 45055
45057 68000 21:0 45065
45064 68001 0:0 45065
45064 68002 21:0 45131
45129 68003 0:0 45131
45133 68033 0:0 45136
45138 68035 21:0 45196
45140 68034 0:0 45141
45195 68036 0:0 45207
45209 68066 21:0 45217
45216 68067 0:0 45217
45216 68068 21:0 45283
45281 68069 0:0 45283
45285 68099 21:0 45293
45290 68100 0:0 45293
45292 68101 0:0 45293
45293 68102 21:0 45359
45361 68132 0:0 45364
45366 68133 21:0 45424
45368 68134 0:0 45369
45423 68135 0:0 45435
45687 66789 1:0 45826
45688 66758 1:0 45947
45697 66756 1:0 45957
45697 66725 1:0 46078
45703 66723 1:0 46088
45716 341 21:0 45730
45723 66693 1:0 46201
45736 66692 1:0 46209
45818 66691 1:0 46208
45819 66660 1:0 46332
45828 66659 1:0 46340
45828 66657 1:0 46350
45834 66627 1:0 46463
45839 66626 1:0 46471
45867 66625 1:0 46470
45949 66624 1:0 46481
45950 66594 1:0 46594
45959 66592 1:0 46601
45959 66593 1:0 46602
45965 66591 1:0 46612
45985 66561 1:0 46725
45998 66559 1:0 46732
46080 66560 1:0 46733
46081 66558 1:0 46743
46090 66526 1:0 46863
46090 66527 1:0 46864
46098 66525 1:0 46874
46116 66495 1:0 46987
46211 66493 1:0 46994
46212 66494 1:0 46995
46212 66492 1:0 47005
46221 66462 1:0 47118
46221 66460 1:0 47125
46229 66461 1:0 47126
46248 66459 1:0 47136
46342 66429 1:0 47249
46343 66428 1:0 47257
46352 66427 1:0 47256
46352 66426 1:0 47267
46358 66396 1:0 47380
46362 66395 1:0 47388
46379 66394 1:0 47387
46473 66393 1:0 47398
46474 66363 1:0 47511
46483 66361 1:0 47518
46483 66362 1:0 47519
46489 66360 1:0 47529
46493 66330 1:0 47642
46494 342 1:0 48990
46522 66328 1:0 47649
46604 66329 1:0 47650
46605 68135 1:0 49516
46614 68133 1:0 49523
46614 68134 1:0 49524
46620 68132 1:0 49534
46640 68102 1:0 49647
46653 68101 1:0 49655
46735 68100 1:0 49654
47840 69211 21:0 47848
47845 69213 0:0 47848
47845 69212 0:0 47848
47848 69214 21:0 47914
47916 69244 21:0 47924
47923 69245 0:0 47924
47923 69246 21:0 47990
47988 69247 0:0 47990
47992 69277 21:0 48000
47999 69279 0:0 48000
47999 69278 21:0 48066
48064 69280 0:0 48066
48068 69310 21:0 48076
48075 69311 0:0 48076
48075 69312 21:0 48142
48140 69313 0:0 48142
48144 69343 21:0 48152
48151 69345 0:0 48152
48151 69344 0:0 48152
48152 69346 21:0 48218
48220 69376 21:0 48228
48227 69378 0:0 48228
48227 69377 21:0 48294
48292 69379 0:0 48294
48296 69409 21:0 48304
48303 69411 0:0 48304
48303 69410 21:0 48370
48368 69412 0:0 48370
48372 69442 21:0 48380
48379 69444 0:0 48380
48379 69443 21:0 48446
48444 69445 0:0 48446
48448 69475 0:0 48451
48453 69477 21:0 48511
48455 69476 0:0 48456
48510 69478 0:0 48522
48524 69508 21:0 48532
48531 69510 0:0 48532
48531 69509 21:0 48598
48596 69511 0:0 48598
48600 69541 0:0 48603
48605 69542 21:0 48663
48607 69543 0:0 48608
48662 69544 0:0 48674
48676 69574 21:0 48684
48683 69575 0:0 48684
48683 69576 21:0 48750
48748 69577 0:0 48750
48752 69607 0:0 48755
48757 69609 21:0 48815
48759 69608 0:0 48760
48814 69610 0:0 48826
48828 69640 0:0 48831
48833 69642 21:0 48891
48835 69641 0:0 48836
48890 69643 0:0 48902
49002 68099 1:0 49665
49003 68069 1:0 49778
49012 68067 1:0 49785
49012 68068 1:0 49786
49018 68066 1:0 49796
49031 342 21:0 49045
49038 68036 1:0 49909
49051 68035 1:0 49917
49133 68034 1:0 49916
49134 68033 1:0 49927
49143 68003 1:0 50040
49143 68002 1:0 50048
49149 68001 1:0 50047
49154 68000 1:0 50058
49182 67970 1:0 50171
49264 67968 1:0 50178
49265 67969 1:0 50179
49274 67967 1:0 50189
49274 67937 1:0 50302
49280 67935 1:0 50309
49300 67936 1:0 50310
49313 67934 1:0 50320
49395 67904 1:0 50433
49396 67903 1:0 50441
49405 67902 1:0 50440
49405 67901 1:0 50451
49413 67871 1:0 50564
49431 67869 1:0 50571
49526 67870 1:0 50572
49527 67868 1:0 50582
49527 67838 1:0 50695
49536 67836 1:0 50702
49536 67837 1:0 50703
49544 67835 1:0 50713
49563 67805 1:0 50826
49657 67803 1:0 50833
49658 67804 1:0 50834
49667 67802 1:0 50844
49667 67772 1:0 50957
49673 67771 1:0 50965
49677 67770 1:0 50964
49694 67769 1:0 50975
49706 343 1:0 52305
49788 69643 1:0 52569
49789 69642 1:0 52577
49798 69641 1:0 52576
51160 70654 21:0 51218
51162 70655 0:0 51163
51217 70656 0:0 51229
51231 70686 21:0 51239
51238 70688 0:0 51239
51238 70687 21:0 51305
51303 70689 0:0 51305
51307 70719 21:0 51315
51314 70721 0:0 51315
51314 70720 21:0 51381
51379 70722 0:0 51381
51383 70752 21:0 51391
51390 70753 0:0 51391
51390 70754 21:0 51457
51455 70755 0:0 51457
51459 70785 21:0 51467
51466 70786 0:0 51467
51466 70787 21:0 51533
51531 70788 0:0 51533
51535 70818 21:0 51543
51542 70819 0:0 51543
51542 70820 21:0 51609
51607 70821 0:0 51609
51611 70851 21:0 51619
51618 70852 0:0 51619
51618 70853 21:0 51685
51683 70854 0:0 51685
51687 70884 21:0 51695
51694 70886 0:0 51695
51694 70885 21:0 51761
51759 70887 0:0 51761
51763 70917 0:0 51766
51768 70919 21:0 51826
51770 70918 0:0 51771
51825 70920 0:0 51837
51839 70950 0:0 51842
51844 70951 21:0 51902
51901 70953 0:0 51913
51915 70983 0:0 51918
51920 70985 21:0 51978
51922 70984 0:0 51923
52067 71049 21:0 52075
52143 71082 21:0 52151
52224 71116 21:0 52282
52317 69640 1:0 52587
52318 69610 1:0 52700
52327 69608 1:0 52707
52327 69609 1:0 52708
52333 69607 1:0 52718
52346 343 21:0 52360
52353 69577 1:0 52831
52366 69576 1:0 52839
52448 69575 1:0 52838
52449 69574 1:0 52849
52458 69544 1:0 52962
52458 69542 1:0 52969
52464 69543 1:0 52970
52469 69541 1:0 52980
52497 69511 1:0 53093
52579 69509 1:0 53100
52580 69510 1:0 53101
52589 69508 1:0 53111
52589 69478 1:0 53224
52595 69477 1:0 53232
52615 69476 1:0 53231
52628 69475 1:0 53242
52710 69445 1:0 53355
52711 69443 1:0 53362
52720 69444 1:0 53363
52720 69442 1:0 53373
52728 69412 1:0 53486
52746 69410 1:0 53493
52841 69411 1:0 53494
52842 69409 1:0 53504
52842 69379 1:0 53617
52851 69377 1:0 53624
52851 69378 1:0 53625
52859 69376 1:0 53635
52878 69346 1:0 53748
52972 69344 1:0 53755
52973 69345 1:0 53756
52982 69343 1:0 53766
52982 69313 1:0 53879
52988 69312 1:0 53887
52992 69311 1:0 53886
53009 69310 1:0 53897
53103 69280 1:0 54010
53104 69278 1:0 54017
53113 69279 1:0 54018
53113 69277 1:0 54028
53119 69247 1:0 54141
53123 69246 1:0 54149
53124 344 1:0 55620
53152 69245 1:0 54148
53234 69244 1:0 54159
53235 69214 1:0 54272
53244 69212 1:0 54279
53244 69213 1:0 54280
53250 69211 1:0 54290
54470 72095 21:0 54478
54475 72097 0:0 54478
54475 72096 0:0 54478
54478 72098 21:0 54544
54546 72128 21:0 54554
54553 72129 0:0 54554
54553 72130 0:0 54554
54554 72131 21:0 54620
54622 72161 21:0 54630
54629 72162 0:0 54630
54629 72163 21:0 54696
54694 72164 0:0 54696
54698 72194 21:0 54706
54705 72196 0:0 54706
54705 72195 21:0 54772
54770 72197 0:0 54772
54774 72227 21:0 54782
54781 72228 0:0 54782
54781 72229 21:0 54848
54846 72230 0:0 54848
54850 72260 21:0 54858
54857 72261 0:0 54858
54857 72262 21:0 54924
54922 72263 0:0 54924
54926 72293 21:0 54934
54933 72294 0:0 54934
54933 72295 21:0 55000
54998 72296 0:0 55000
55002 72326 21:0 55010
55009 72327 0:0 55010
55009 72328 21:0 55076
55074 72329 0:0 55076
55078 72359 0:0 55081
55083 72361 21:0 55141
55085 72360 0:0 55086
55140 72362 0:0 55152
55154 72392 21:0 55162
55161 72394 0:0 55162
55161 72393 0:0 55162
55162 72395 21:0 55228
55230 72425 0:0 55233
55235 72427 21:0 55293
55237 72426 0:0 55238
55292 72428 0:0 55304
55306 72458 21:0 55314
55313 72460 0:0 55314
55313 72459 21:0 55380
55378 72461 0:0 55380
55387 72493 21:0 55445
55389 72492 0:0 55390
55444 72494 0:0 55456
55458 72524 21:0 55466
55465 72525 21:0 55532
55632 71116 1:0 55760
55633 71082 1:0 55902
55642 71049 1:0 56033
55642 70985 1:0 56285
55648 70984 1:0 56284
55661 344 21:0 55675
55668 70983 1:0 56295
55681 70953 1:0 56408
55763 70951 1:0 56415
55764 70950 1:0 56426
55773 70920 1:0 56539
55773 70919 1:0 56547
55779 70918 1:0 56546
55784 70917 1:0 56557
55812 70887 1:0 56670
55894 70885 1:0 56677
55895 70886 1:0 56678
55904 70884 1:0 56688
55904 70854 1:0 56801
55910 70853 1:0 56809
55930 70852 1:0 56808
55943 70851 1:0 56819
56025 70821 1:0 56932
56026 70820 1:0 56940
56035 70819 1:0 56939
56035 70818 1:0 56950
56043 70788 1:0 57063
56061 70787 1:0 57071
56156 70786 1:0 57070
56157 70785 1:0 57081
56157 70755 1:0 57194
56166 70753 1:0 57201
56166 70754 1:0 57202
56174 70752 1:0 57212
56193 70722 1:0 57325
56287 70720 1:0 57332
56288 70721 1:0 57333
56297 70719 1:0 57343
56297 70689 1:0 57456
56303 70687 1:0 57463
56307 70688 1:0 57464
56324 70686 1:0 57474
56336 345 1:0 58935
56418 70656 1:0 57587
56419 70654 1:0 57594
56428 70655 1:0 57595
56428 72525 1:0 59206
56434 72524 1:0 59217
56439 72494 1:0 59330
56467 72493 1:0 59338
57785 73537 21:0 57793
57790 73539 0:0 57793
57792 73538 0:0 57793
57793 73540 21:0 57859
57861 73570 21:0 57869
57868 73572 0:0 57869
57868 73571 0:0 57869
57869 73573 21:0 57935
57937 73603 21:0 57945
57944 73605 0:0 57945
57944 73604 21:0 58011
58009 73606 0:0 58011
58013 73636 21:0 58021
58020 73637 0:0 58021
58020 73638 21:0 58087
58085 73639 0:0 58087
58089 73669 21:0 58097
58096 73671 0:0 58097
58096 73670 21:0 58163
58161 73672 0:0 58163
58165 73702 21:0 58173
58172 73703 0:0 58173
58172 73704 21:0 58239
58237 73705 0:0 58239
58241 73735 21:0 58249
58248 73737 0:0 58249
58248 73736 21:0 58315
58313 73738 0:0 58315
58317 73768 21:0 58325
58324 73769 0:0 58325
58324 73770 21:0 58391
58389 73771 0:0 58391
58393 73801 21:0 58401
58400 73803 0:0 58401
58400 73802 21:0 58467
58465 73804 0:0 58467
58474 73835 21:0 58532
58476 73836 0:0 58477
58531 73837 0:0 58543
58545 73867 21:0 58553
58552 73869 0:0 58553
58552 73868 21:0 58619
58626 73901 21:0 58684
58683 73903 0:0 58695
58702 73934 21:0 58760
58759 73936 0:0 58771
58778 73967 0:0 58781
58781 73969 21:0 58847
58947 72492 1:0 59337
58948 72461 1:0 59461
58957 72459 1:0 59468
58957 72460 1:0 59469
58963 72458 1:0 59479
58976 345 21:0 58990
58983 72428 1:0 59592
58996 72427 1:0 59600
59078 72426 1:0 59599
59079 72425 1:0 59610
59088 72395 1:0 59723
59088 72393 1:0 59730
59094 72394 1:0 59731
59099 72392 1:0 59741
59127 72362 1:0 59854
59209 72361 1:0 59862
59210 72360 1:0 59861
59219 72359 1:0 59872
59219 72329 1:0 59985
59225 72328 1:0 59993
59245 72327 1:0 59992
59258 72326 1:0 60003
59340 72296 1:0 60116
59341 72295 1:0 60124
59350 72294 1:0 60123
59350 72293 1:0 60134
59358 72263 1:0 60247
59376 72262 1:0 60255
59471 72261 1:0 60254
59472 72260 1:0 60265
59472 72230 1:0 60378
59481 72228 1:0 60385
59481 72229 1:0 60386
59489 72227 1:0 60396
59508 72197 1:0 60509
59602 72195 1:0 60516
59603 72196 1:0 60517
59612 72194 1:0 60527
59612 72164 1:0 60640
59618 72163 1:0 60648
59622 72162 1:0 60647
59639 72161 1:0 60658
59733 72131 1:0 60771
59734 72130 1:0 60779
59743 72129 1:0 60778
59743 72128 1:0 60789
59749 72098 1:0 60902
59753 72097 1:0 60910
59754 346 1:0 62250
59782 72096 1:0 60909
59864 72095 1:0 60920
61100 74979 21:0 61108
61105 74980 0:0 61108
61105 74981 0:0 61108
61108 74982 21:0 61174
61176 75012 21:0 61184
61183 75013 0:0 61184
61183 75014 0:0 61184
61184 75015 21:0 61250
61252 75045 21:0 61260
61259 75046 0:0 61260
61259 75047 21:0 61326
61324 75048 0:0 61326
61328 75078 21:0 61336
61335 75080 0:0 61336
61335 75079 21:0 61402
61400 75081 0:0 61402
61404 75111 21:0 61412
61411 75112 0:0 61412
61411 75113 21:0 61478
61476 75114 0:0 61478
61480 75144 21:0 61488
61487 75145 0:0 61488
61487 75146 0:0 61488
61488 75147 21:0 61554
61556 75177 21:0 61564
61563 75178 0:0 61564
61563 75179 21:0 61630
61628 75180 0:0 61630
61632 75210 21:0 61640
61639 75211 0:0 61640
61639 75212 21:0 61706
61704 75213 0:0 61706
61708 75243 0:0 61711
61713 75245 21:0 61771
61715 75244 0:0 61716
61770 75246 0:0 61782
61789 75277 0:0 61792
61789 75278 0:0 61792
61792 75279 21:0 61858
61860 75309 21:0 61868
61867 75311 0:0 61868
61867 75310 21:0 61934
61932 75312 0:0 61934
61936 75342 0:0 61939
61941 75344 21:0 61999
61943 75343 0:0 61944
61998 75345 0:0 62010
62017 75376 21:0 62075
62019 75377 0:0 62020
62262 73969 1:0 62514
62263 73967 1:0 62521
62272 73936 1:0 62645
62272 73934 1:0 62652
62278 73903 1:0 62776
62291 346 21:0 62305
62298 73901 1:0 62783
62311 73868 1:0 62914
62393 73869 1:0 62915
62394 73867 1:0 62925
62403 73837 1:0 63038
62403 73835 1:0 63045
62409 73836 1:0 63046
62414 73804 1:0 63169
62442 73802 1:0 63176
62524 73803 1:0 63177
62525 73801 1:0 63187
62534 73771 1:0 63300
62534 73770 1:0 63308
62540 73769 1:0 63307
62560 73768 1:0 63318
62573 73738 1:0 63431
62655 73736 1:0 63438
62656 73737 1:0 63439
62665 73735 1:0 63449
62665 73705 1:0 63562
62673 73704 1:0 63570
62691 73703 1:0 63569
62786 73702 1:0 63580
62787 73672 1:0 63693
62787 73670 1:0 63700
62796 73671 1:0 63701
62796 73669 1:0 63711
62804 73639 1:0 63824
62823 73638 1:0 63832
62917 73637 1:0 63831
62918 73636 1:0 63842
62927 73606 1:0 63955
62927 73604 1:0 63962
62933 73605 1:0 63963
62937 73603 1:0 63973
62954 73573 1:0 64086
63048 73572 1:0 64094
63049 73571 1:0 64093
63058 73570 1:0 64104
63058 73540 1:0 64217
63064 73538 1:0 64224
63068 73539 1:0 64225
63069 347 1:0 65565
63097 73537 1:0 64235
64415 76421 21:0 64423
64422 76423 0:0 64423
64422 76422 0:0 64423
64423 76424 21:0 64489
64491 76454 21:0 64499
64498 76455 0:0 64499
64498 76456 0:0 64499
64499 76457 21:0 64565
64567 76487 21:0 64575
64574 76488 0:0 64575
64574 76489 21:0 64641
64639 76490 0:0 64641
64643 76520 21:0 64651
64650 76521 0:0 64651
64650 76522 21:0 64717
64715 76523 0:0 64717
64719 76553 21:0 64727
64726 76554 0:0 64727
64726 76555 21:0 64793
64791 76556 0:0 64793
64795 76586 21:0 64803
64802 76587 0:0 64803
64802 76588 21:0 64869
64867 76589 0:0 64869
64871 76619 21:0 64879
64878 76621 0:0 64879
64878 76620 0:0 64879
64879 76622 21:0 64945
64947 76652 21:0 64955
64954 76654 0:0 64955
64954 76653 0:0 64955
64955 76655 21:0 65021
65023 76685 0:0 65026
65028 76687 21:0 65086
65030 76686 0:0 65031
65085 76688 0:0 65097
65099 76718 0:0 65102
65104 76719 21:0 65162
65106 76720 0:0 65107
65175 76751 0:0 65178
65180 76753 21:0 65238
65256 76786 21:0 65314
65327 76817 21:0 65335
65334 76819 0:0 65335
65335 76820 21:0 65401
65408 76852 21:0 65466
65465 76853 0:0 65477
65479 76883 21:0 65487
65577 75376 1:0 65967
65578 75377 1:0 65968
65587 75345 1:0 66091
65587 75344 1:0 66099
65593 75343 1:0 66098
65606 347 21:0 65620
65613 75342 1:0 66109
65626 75312 1:0 66222
65708 75310 1:0 66229
65709 75311 1:0 66230
65718 75309 1:0 66240
65718 75279 1:0 66353
65724 75277 1:0 66360
65729 75278 1:0 66361
65757 75246 1:0 66484
65839 75245 1:0 66492
65840 75244 1:0 66491
65849 75243 1:0 66502
65849 75213 1:0 66615
65855 75212 1:0 66623
65875 75211 1:0 66622
65888 75210 1:0 66633
65970 75180 1:0 66746
65971 75179 1:0 66754
65980 75178 1:0 66753
65980 75177 1:0 66764
65988 75147 1:0 66877
66006 75145 1:0 66884
66101 75146 1:0 66885
66102 75144 1:0 66895
66102 75114 1:0 67008
66111 75112 1:0 67015
66111 75113 1:0 67016
66119 75111 1:0 67026
66138 75081 1:0 67139
66232 75079 1:0 67146
66233 75080 1:0 67147
66242 75078 1:0 67157
66242 75048 1:0 67270
66248 75047 1:0 67278
66252 75046 1:0 67277
66269 75045 1:0 67288
66363 75015 1:0 67401
66364 75014 1:0 67409
66373 75013 1:0 67408
66373 75012 1:0 67419
66379 74982 1:0 67532
66383 74981 1:0 67540
66384 348 1:0 68880
66412 74980 1:0 67539
66494 74979 1:0 67550
67730 77863 0:0 67733
67735 77865 21:0 67793
67737 77864 0:0 67738
67792 77866 0:0 67804
67806 77896 21:0 67814
67811 77898 0:0 67814
67811 77897 0:0 67814
67814 77899 21:0 67880
67882 77929 21:0 67890
67889 77931 0:0 67890
67889 77930 21:0 67956
67954 77932 0:0 67956
67958 77962 21:0 67966
67965 77963 0:0 67966
67965 77964 21:0 68032
68030 77965 0:0 68032
68034 77995 21:0 68042
68041 77997 0:0 68042
68041 77996 21:0 68108
68106 77998 0:0 68108
68110 78028 21:0 68118
68117 78029 0:0 68118
68117 78030 21:0 68184
68182 78031 0:0 68184
68186 78061 21:0 68194
68193 78062 0:0 68194
68193 78063 21:0 68260
68258 78064 0:0 68260
68262 78094 21:0 68270
68269 78095 0:0 68270
68269 78096 21:0 68336
68334 78097 0:0 68336
68338 78127 21:0 68346
68345 78129 0:0 68346
68345 78128 21:0 68412
68410 78130 0:0 68412
68414 78160 0:0 68417
68419 78161 21:0 68477
68421 78162 0:0 68422
68490 78193 0:0 68493
68495 78195 21:0 68553
68497 78194 0:0 68498
68552 78196 0:0 68564
68566 78226 21:0 68574
68573 78228 21:0 68640
68642 78259 0:0 68645
68647 78261 21:0 68705
68649 78260 0:0 68650
68704 78262 0:0 68716
68892 76883 1:0 69031
68893 76853 1:0 69144
68902 76852 1:0 69152
68902 76820 1:0 69275
68908 76819 1:0 69283
68921 348 21:0 68935
68928 76817 1:0 69293
68941 76786 1:0 69414
69023 76753 1:0 69545
69024 76751 1:0 69555
69033 76719 1:0 69675
69033 76720 1:0 69676
69039 76718 1:0 69686
69044 76688 1:0 69799
69072 76687 1:0 69807
69154 76686 1:0 69806
69155 76685 1:0 69817
69164 76655 1:0 69930
69164 76653 1:0 69937
69170 76654 1:0 69938
69190 76652 1:0 69948
69203 76622 1:0 70061
69285 76621 1:0 70069
69286 76620 1:0 70068
69295 76619 1:0 70079
69295 76589 1:0 70192
69303 76588 1:0 70200
69321 76587 1:0 70199
69416 76586 1:0 70210
69417 76556 1:0 70323
69417 76555 1:0 70331
69426 76554 1:0 70330
69426 76553 1:0 70341
69434 76523 1:0 70454
69453 76522 1:0 70462
69547 76521 1:0 70461
69548 76520 1:0 70472
69557 76490 1:0 70585
69557 76489 1:0 70593
69563 76488 1:0 70592
69567 76487 1:0 70603
69584 76457 1:0 70716
69678 76455 1:0 70723
69679 76456 1:0 70724
69688 76454 1:0 70734
69688 76424 1:0 70847
69694 76423 1:0 70855
69698 76422 1:0 70854
69699 349 1:0 72195
69727 76421 1:0 70865
69809 78262 1:0 72590
69810 78261 1:0 72598
69819 78260 1:0 72597
71045 79305 0:0 71048
71050 79306 21:0 71108
71052 79307 0:0 71053
71107 79308 0:0 71119
71121 79338 21:0 71129
71128 79340 0:0 71129
71128 79339 21:0 71195
71193 79341 0:0 71195
71197 79371 21:0 71205
71204 79372 0:0 71205
71204 79373 21:0 71271
71269 79374 0:0 71271
71273 79404 21:0 71281
71280 79405 0:0 71281
71280 79406 21:0 71347
71345 79407 0:0 71347
71349 79437 21:0 71357
71356 79438 0:0 71357
71356 79439 21:0 71423
71421 79440 0:0 71423
71425 79470 21:0 71433
71432 79472 0:0 71433
71432 79471 21:0 71499
71497 79473 0:0 71499
71501 79503 21:0 71509
71508 79504 0:0 71509
71508 79505 21:0 71575
71573 79506 0:0 71575
71577 79536 21:0 71585
71584 79537 0:0 71585
71584 79538 21:0 71651
71649 79539 0:0 71651
71653 79569 21:0 71661
71660 79571 0:0 71661
71660 79570 0:0 71661
71661 79572 21:0 71727
71729 79602 21:0 71737
71736 79603 0:0 71737
71736 79604 0:0 71737
71737 79605 21:0 71803
71805 79635 21:0 71813
71812 79637 21:0 71879
71881 79668 0:0 71884
71886 79669 21:0 71944
71957 79701 0:0 71960
71962 79702 21:0 72020
71964 79703 0:0 71965
72033 79734 21:0 72041
72040 79736 0:0 72041
72040 79735 0:0 72041
72041 79737 21:0 72107
72207 78259 1:0 72608
72208 78228 1:0 72729
72217 78226 1:0 72739
72217 78196 1:0 72852
72223 78195 1:0 72860
72236 349 21:0 72250
72243 78194 1:0 72859
72256 78193 1:0 72870
72338 78161 1:0 72990
72339 78162 1:0 72991
72348 78160 1:0 73001
72348 78130 1:0 73114
72354 78128 1:0 73121
72359 78129 1:0 73122
72387 78127 1:0 73132
72469 78097 1:0 73245
72470 78096 1:0 73253
72479 78095 1:0 73252
72479 78094 1:0 73263
72485 78064 1:0 73376
72505 78063 1:0 73384
72518 78062 1:0 73383
72600 78061 1:0 73394
72601 78031 1:0 73507
72610 78029 1:0 73514
72610 78030 1:0 73515
72618 78028 1:0 73525
72636 77998 1:0 73638
72731 77996 1:0 73645
72732 77997 1:0 73646
72732 77995 1:0 73656
72741 77965 1:0 73769
72741 77964 1:0 73777
72749 77963 1:0 73776
72768 77962 1:0 73787
72862 77932 1:0 73900
72863 77930 1:0 73907
72872 77931 1:0 73908
72872 77929 1:0 73918
72878 77899 1:0 74031
72882 77897 1:0 74038
72899 77898 1:0 74039
72911 350 1:0 75510
72993 77896 1:0 74049
72994 77866 1:0 74162
73003 77864 1:0 74169
73003 77865 1:0 74170
73009 77863 1:0 74180
74360 80747 21:0 74368
74367 80749 21:0 74434
74432 80750 0:0 74434
74436 80780 0:0 74439
74441 80781 21:0 74499
74443 80782 0:0 74444
74498 80783 0:0 74510
74512 80813 0:0 74515
74517 80815 21:0 74575
74519 80814 0:0 74520
74574 80816 0:0 74586
74588 80846 21:0 74596
74595 80847 0:0 74596
74595 80848 21:0 74662
74660 80849 0:0 74662
74664 80879 0:0 74667
74669 80881 21:0 74727
74671 80880 0:0 74672
74726 80882 0:0 74738
74740 80912 0:0 74743
74745 80913 21:0 74803
74747 80914 0:0 74748
74802 80915 0:0 74814
74816 80945 21:0 74824
74823 80947 0:0 74824
74823 80946 21:0 74890
74888 80948 0:0 74890
74892 80978 21:0 74900
74899 80980 0:0 74900
74899 80979 0:0 74900
74900 80981 21:0 74966
74968 81011 21:0 74976
74975 81013 0:0 74976
74975 81012 21:0 75042
75040 81014 0:0 75042
75049 81046 21:0 75107
75051 81045 0:0 75052
75106 81047 0:0 75118
75120 81077 21:0 75128
75127 81078 0:0 75128
75127 81079 0:0 75128
75128 81080 21:0 75194
75196 81110 21:0 75204
75203 81111 0:0 75204
75204 81113 21:0 75270
75272 81143 21:0 75280
75522 79737 1:0 75774
75523 79735 1:0 75781
75532 79736 1:0 75782
75532 79734 1:0 75792
75538 79702 1:0 75912
75551 350 21:0 75565
75558 79703 1:0 75913
75571 79701 1:0 75923
75653 79669 1:0 76043
75654 79668 1:0 76054
75663 79637 1:0 76175
75663 79635 1:0 76185
75669 79605 1:0 76298
75674 79603 1:0 76305
75702 79604 1:0 76306
75784 79602 1:0 76316
75785 79572 1:0 76429
75794 79570 1:0 76436
75794 79571 1:0 76437
75800 79569 1:0 76447
75820 79539 1:0 76560
75833 79538 1:0 76568
75915 79537 1:0 76567
75916 79536 1:0 76578
75925 79506 1:0 76691
75925 79505 1:0 76699
75933 79504 1:0 76698
75951 79503 1:0 76709
76046 79473 1:0 76822
76047 79471 1:0 76829
76047 79472 1:0 76830
76056 79470 1:0 76840
76056 79440 1:0 76953
76064 79439 1:0 76961
76083 79438 1:0 76960
76177 79437 1:0 76971
76178 79407 1:0 77084
76187 79405 1:0 77091
76187 79406 1:0 77092
76193 79404 1:0 77102
76197 79374 1:0 77215
76214 79373 1:0 77223
76308 79372 1:0 77222
76309 79371 1:0 77233
76318 79341 1:0 77346
76318 79339 1:0 77353
76324 79340 1:0 77354
76328 79338 1:0 77364
76329 351 1:0 78825
76357 79308 1:0 77477
76439 79306 1:0 77484
76440 79307 1:0 77485
76449 79305 1:0 77495
76449 81143 1:0 79238
77675 82189 21:0 77683
77680 82191 0:0 77683
77680 82190 0:0 77683
77683 82192 21:0 77749
77751 82222 21:0 77759
77758 82223 0:0 77759
77758 82224 21:0 77825
77823 82225 0:0 77825
77827 82255 21:0 77835
77834 82257 0:0 77835
77834 82256 21:0 77901
77899 82258 0:0 77901
77903 82288 21:0 77911
77910 82289 0:0 77911
77910 82290 21:0 77977
77975 82291 0:0 77977
77979 82321 21:0 77987
77986 82322 0:0 77987
77986 82323 21:0 78053
78051 82324 0:0 78053
78055 82354 21:0 78063
78062 82356 0:0 78063
78062 82355 21:0 78129
78127 82357 0:0 78129
78131 82387 21:0 78139
78138 82389 0:0 78139
78138 82388 0:0 78139
78139 82390 21:0 78205
78207 82420 21:0 78215
78214 82422 0:0 78215
78214 82421 0:0 78215
78215 82423 21:0 78281
78283 82453 21:0 78291
78290 82455 0:0 78291
78290 82454 21:0 78357
78355 82456 0:0 78357
78359 82486 21:0 78367
78366 82488 0:0 78367
78366 82487 21:0 78433
78431 82489 0:0 78433
78435 82519 0:0 78438
78440 82521 21:0 78498
78442 82520 0:0 78443
78497 82522 0:0 78509
78511 82552 21:0 78519
78519 82555 21:0 78585
78592 82587 21:0 78650
78649 82588 0:0 78661
78663 82618 21:0 78671
78670 82619 0:0 78671
78670 82620 21:0 78737
78739 82651 21:0 78747
78837 81113 1:0 79351
78838 81111 1:0 79358
78847 81110 1:0 79369
78847 81080 1:0 79482
78853 81079 1:0 79490
78866 351 21:0 78880
78873 81078 1:0 79489
78886 81077 1:0 79500
78968 81047 1:0 79613
78969 81046 1:0 79621
78978 81045 1:0 79620
78978 81014 1:0 79744
78984 81012 1:0 79751
78989 81013 1:0 79752
79017 81011 1:0 79762
79099 80981 1:0 79875
79100 80980 1:0 79883
79109 80979 1:0 79882
79109 80978 1:0 79893
79115 80948 1:0 80006
79135 80946 1:0 80013
79148 80947 1:0 80014
79230 80945 1:0 80024
79231 80915 1:0 80137
79240 80913 1:0 80144
79240 80914 1:0 80145
79248 80912 1:0 80155
79266 80882 1:0 80268
79361 80881 1:0 80276
79362 80880 1:0 80275
79362 80879 1:0 80286
79371 80849 1:0 80399
79371 80848 1:0 80407
79379 80847 1:0 80406
79398 80846 1:0 80417
79492 80816 1:0 80530
79493 80815 1:0 80538
79502 80814 1:0 80537
79502 80813 1:0 80548
79508 80783 1:0 80661
79512 80781 1:0 80668
79529 80782 1:0 80669
79541 352 1:0 82140
79623 80780 1:0 80679
79624 80750 1:0 80792
79633 80749 1:0 80800
79633 80747 1:0 80810
80990 83631 21:0 80998
80997 83632 0:0 80998
80997 83633 21:0 81064
81066 83664 21:0 81074
81073 83665 0:0 81074
81073 83666 0:0 81074
81074 83667 21:0 81140
81142 83697 21:0 81150
81149 83698 0:0 81150
81149 83699 21:0 81216
81214 83700 0:0 81216
81218 83730 21:0 81226
81225 83731 0:0 81226
81225 83732 21:0 81292
81290 83733 0:0 81292
81294 83763 21:0 81302
81301 83765 0:0 81302
81301 83764 21:0 81368
81366 83766 0:0 81368
81370 83796 21:0 81378
81377 83798 0:0 81378
81377 83797 21:0 81444
81442 83799 0:0 81444
81446 83829 21:0 81454
81453 83830 0:0 81454
81453 83831 21:0 81520
81518 83832 0:0 81520
81522 83862 21:0 81530
81529 83863 0:0 81530
81529 83864 21:0 81596
81594 83865 0:0 81596
81598 83895 21:0 81606
81603 83897 0:0 81606
81603 83896 0:0 81606
81606 83898 21:0 81672
81674 83928 0:0 81677
81679 83929 21:0 81737
81681 83930 0:0 81682
81736 83931 0:0 81748
81750 83961 21:0 81758
81758 83964 21:0 81824
81826 83994 21:0 81834
81833 83995 0:0 81834
81834 83997 21:0 81900
81907 84028 21:0 81965
82152 82651 1:0 82291
82153 82620 1:0 82412
82162 82619 1:0 82411
82162 82618 1:0 82422
82168 82588 1:0 82535
82181 352 21:0 82195
82188 82587 1:0 82543
82201 82555 1:0 82666
82283 82552 1:0 82684
82284 82522 1:0 82797
82293 82520 1:0 82804
82293 82521 1:0 82805
82299 82519 1:0 82815
82304 82489 1:0 82928
82332 82487 1:0 82935
82414 82488 1:0 82936
82415 82486 1:0 82946
82424 82456 1:0 83059
82424 82454 1:0 83066
82430 82455 1:0 83067
82450 82453 1:0 83077
82463 82423 1:0 83190
82545 82421 1:0 83197
82546 82422 1:0 83198
82555 82420 1:0 83208
82555 82390 1:0 83321
82563 82389 1:0 83329
82581 82388 1:0 83328
82676 82387 1:0 83339
82677 82357 1:0 83452
82677 82355 1:0 83459
82686 82356 1:0 83460
82686 82354 1:0 83470
82694 82324 1:0 83583
82713 82323 1:0 83591
82807 82322 1:0 83590
82808 82321 1:0 83601
82817 82291 1:0 83714
82817 82290 1:0 83722
82823 82289 1:0 83721
82827 82288 1:0 83732
82844 82258 1:0 83845
82938 82256 1:0 83852
82939 82257 1:0 83853
82948 82255 1:0 83863
82948 82225 1:0 83976
82954 82224 1:0 83984
82958 82223 1:0 83983
82959 353 1:0 85455
82987 82222 1:0 83994
83069 82192 1:0 84107
83070 82190 1:0 84114
83079 82191 1:0 84115
83079 82189 1:0 84125
83085 84028 1:0 85857
83105 83997 1:0 85981
83118 83995 1:0 85988
84305 85073 21:0 84313
84310 85075 0:0 84313
84312 85074 0:0 84313
84313 85076 21:0 84379
84381 85106 0:0 84384
84386 85107 21:0 84444
84388 85108 0:0 84389
84443 85109 0:0 84455
84457 85139 21:0 84465
84464 85141 0:0 84465
84464 85140 0:0 84465
84465 85142 21:0 84531
84533 85172 21:0 84541
84540 85174 0:0 84541
84540 85173 0:0 84541
84541 85175 21:0 84607
84609 85205 21:0 84617
84616 85206 0:0 84617
84616 85207 0:0 84617
84617 85208 21:0 84688
84687 85238 21:0 84693
84692 85239 0:0 84693
84692 85240 21:0 84759
84757 85241 0:0 84759
84761 85271 21:0 84769
84768 85272 0:0 84769
84768 85273 21:0 84835
84833 85274 0:0 84835
84837 85304 21:0 84845
84844 85306 0:0 84845
84844 85305 21:0 84911
84909 85307 0:0 84911
84913 85337 0:0 84916
84918 85338 21:0 84976
84920 85339 0:0 84921
84975 85340 0:0 84987
84989 85370 0:0 84992
84994 85372 21:0 85052
84996 85371 0:0 84997
85051 85373 0:0 85063
85065 85403 21:0 85073
85070 85404 0:0 85073
85072 85405 0:0 85073
85073 85406 21:0 85139
85141 85436 21:0 85149
85148 85437 0:0 85149
85148 85438 21:0 85215
85217 85469 0:0 85220
85222 85470 21:0 85280
85224 85471 0:0 85225
85293 85502 0:0 85296
85298 85504 21:0 85356
85300 85503 0:0 85301
85355 85505 0:0 85367
85369 85535 21:0 85377
85467 83994 1:0 85999
85468 83964 1:0 86112
85477 83961 1:0 86130
85477 83931 1:0 86243
85483 83929 1:0 86250
85496 353 21:0 85510
85503 83930 1:0 86251
85516 83928 1:0 86261
85598 83898 1:0 86374
85599 83897 1:0 86382
85608 83896 1:0 86381
85608 83895 1:0 86392
85614 83865 1:0 86505
85619 83864 1:0 86513
85647 83863 1:0 86512
85729 83862 1:0 86523
85730 83832 1:0 86636
85739 83830 1:0 86643
85739 83831 1:0 86644
85745 83829 1:0 86654
85765 83799 1:0 86767
85778 83797 1:0 86774
85860 83798 1:0 86775
85861 83796 1:0 86785
85870 83766 1:0 86898
85870 83764 1:0 86905
85878 83765 1:0 86906
85896 83763 1:0 86916
85991 83733 1:0 87029
85992 83731 1:0 87036
85992 83732 1:0 87037
86001 83730 1:0 87047
86001 83700 1:0 87160
86009 83699 1:0 87168
86028 83698 1:0 87167
86122 83697 1:0 87178
86123 83667 1:0 87291
86132 83665 1:0 87298
86132 83666 1:0 87299
86138 83664 1:0 87309
86142 83633 1:0 87430
86159 83632 1:0 87429
86171 354 1:0 88770
86253 83631 1:0 87440
86254 85535 1:0 88921
87620 86515 21:0 87628
87625 86516 0:0 87628
87625 86517 0:0 87628
87628 86518 21:0 87694
87696 86548 21:0 87704
87703 86550 0:0 87704
87703 86549 21:0 87770
87768 86551 0:0 87770
87772 86581 21:0 87780
87779 86582 0:0 87780
87779 86583 21:0 87846
87844 86584 0:0 87846
87848 86614 21:0 87856
87855 86615 0:0 87856
87855 86616 21:0 87922
87920 86617 0:0 87922
87924 86647 21:0 87932
87931 86649 0:0 87932
87931 86648 21:0 87998
87996 86650 0:0 87998
88000 86680 21:0 88008
88007 86682 0:0 88008
88007 86681 21:0 88074
88072 86683 0:0 88074
88076 86713 21:0 88084
88083 86715 0:0 88084
88083 86714 21:0 88150
88152 86746 21:0 88160
88159 86748 21:0 88226
88224 86749 0:0 88226
88233 86780 0:0 88236
88233 86781 0:0 88236
88236 86782 21:0 88302
88309 86813 21:0 88367
88311 86814 0:0 88312
88366 86815 0:0 88378
88380 86845 21:0 88388
88388 86848 21:0 88454
88456 86878 21:0 88464
88463 86880 0:0 88464
88463 86879 21:0 88530
88537 86913 21:0 88595
88539 86912 0:0 88540
88782 85505 1:0 89034
88783 85504 1:0 89042
88792 85503 1:0 89041
88792 85502 1:0 89052
88798 85470 1:0 89172
88811 354 21:0 88825
88818 85471 1:0 89173
88831 85469 1:0 89183
88913 85438 1:0 89304
88914 85437 1:0 89303
88923 85436 1:0 89314
88923 85406 1:0 89427
88929 85404 1:0 89434
88934 85405 1:0 89435
88962 85403 1:0 89445
89044 85373 1:0 89558
89045 85372 1:0 89566
89054 85371 1:0 89565
89054 85370 1:0 89576
89060 85340 1:0 89689
89080 85338 1:0 89696
89093 85339 1:0 89697
89175 85337 1:0 89707
89176 85307 1:0 89820
89185 85305 1:0 89827
89185 85306 1:0 89828
89193 85304 1:0 89838
89211 85274 1:0 89951
89306 85273 1:0 89959
89307 85272 1:0 89958
89307 85271 1:0 89969
89316 85241 1:0 90082
89316 85240 1:0 90090
89324 85239 1:0 90089
89343 85238 1:0 90100
89437 85208 1:0 90213
89438 85207 1:0 90221
89447 85206 1:0 90220
89447 85205 1:0 90231
89453 85175 1:0 90344
89457 85173 1:0 90351
89474 85174 1:0 90352
89568 85172 1:0 90362
89569 85142 1:0 90475
89578 85140 1:0 90482
89578 85141 1:0 90483
89584 85139 1:0 90493
89588 85109 1:0 90606
89617 85107 1:0 90613
89699 85108 1:0 90614
89700 85106 1:0 90624
89709 85076 1:0 90737
89709 85075 1:0 90745
89715 85074 1:0 90744
89720 85073 1:0 90755
89735 355 1:0 92085
90935 87957 21:0 90943
90942 87958 0:0 90943
90942 87959 0:0 90943
90943 87960 21:0 91009
91011 87990 21:0 91019
91016 87992 0:0 91019
91018 87991 0:0 91019
91019 87993 21:0 91085
91087 88023 0:0 91090
91092 88025 21:0 91150
91094 88024 0:0 91095
91149 88026 0:0 91161
91163 88056 21:0 91171
91170 88057 0:0 91171
91170 88058 21:0 91237
91235 88059 0:0 91237
91239 88089 21:0 91247
91246 88090 0:0 91247
91246 88091 21:0 91313
91311 88092 0:0 91313
91315 88122 21:0 91323
91322 88124 0:0 91323
91322 88123 21:0 91389
91387 88125 0:0 91389
91391 88155 21:0 91399
91398 88156 0:0 91399
91398 88157 21:0 91465
91463 88158 0:0 91465
91467 88188 21:0 91475
91474 88190 0:0 91475
91474 88189 0:0 91475
91475 88191 21:0 91541
91543 88221 21:0 91551
91550 88223 0:0 91551
91550 88222 0:0 91551
91551 88224 21:0 91617
91619 88254 21:0 91627
91624 88255 0:0 91627
91626 88256 0:0 91627
91627 88257 21:0 91693
91695 88287 21:0 91703
91702 88288 0:0 91703
91702 88289 0:0 91703
91703 88290 21:0 91769
91776 88321 21:0 91834
91778 88322 0:0 91779
91833 88323 0:0 91845
91847 88353 0:0 91850
91852 88355 21:0 91910
91854 88354 0:0 91855
91909 88356 0:0 91921
91923 88386 21:0 91931
91930 88387 0:0 91931
91930 88388 21:0 91997
92097 86913 1:0 92488
92098 86912 1:0 92487
92107 86879 1:0 92618
92107 86880 1:0 92619
92113 86878 1:0 92629
92126 355 21:0 92140
92133 86848 1:0 92742
92146 86845 1:0 92760
92228 86815 1:0 92873
92229 86813 1:0 92880
92238 86814 1:0 92881
92238 86782 1:0 93004
92244 86781 1:0 93012
92249 86780 1:0 93011
92277 86749 1:0 93135
92359 86748 1:0 93143
92360 86746 1:0 93153
92369 86714 1:0 93273
92369 86715 1:0 93274
92375 86713 1:0 93284
92395 86683 1:0 93397
92408 86681 1:0 93404
92490 86682 1:0 93405
92491 86680 1:0 93415
92500 86650 1:0 93528
92500 86648 1:0 93535
92508 86649 1:0 93536
92526 86647 1:0 93546
92621 86617 1:0 93659
92622 86615 1:0 93666
92622 86616 1:0 93667
92631 86614 1:0 93677
92631 86584 1:0 93790
92639 86583 1:0 93798
92658 86582 1:0 93797
92752 86581 1:0 93808
92753 86551 1:0 93921
92762 86549 1:0 93928
92762 86550 1:0 93929
92768 86548 1:0 93939
92772 86518 1:0 94052
92789 86517 1:0 94060
92801 356 1:0 95400
92883 86516 1:0 94059
92884 86515 1:0 94070
94250 89399 21:0 94258
94255 89400 0:0 94258
94257 89401 0:0 94258
94258 89402 21:0 94324
94326 89432 21:0 94334
94333 89434 0:0 94334
94333 89433 21:0 94400
94398 89435 0:0 94400
94402 89465 21:0 94410
94409 89467 0:0 94410
94409 89466 21:0 94476
94474 89468 0:0 94476
94478 89498 21:0 94486
94485 89499 0:0 94486
94485 89500 0:0 94486
94486 89501 21:0 94552
94554 89531 21:0 94562
94561 89532 0:0 94562
94562 89534 21:0 94628
94630 89564 21:0 94638
94637 89565 0:0 94638
94637 89566 21:0 94704
94702 89567 0:0 94704
94706 89597 21:0 94714
94713 89598 0:0 94714
94713 89599 21:0 94780
94778 89600 0:0 94780
94782 89630 21:0 94790
94789 89631 21:0 94856
94858 89663 21:0 94866
94865 89664 0:0 94866
94866 89666 21:0 94932
94934 89696 21:0 94942
94941 89697 0:0 94942
94941 89698 21:0 95008
95010 89729 21:0 95018
95018 89732 21:0 95084
95086 89762 0:0 95089
95091 89764 21:0 95149
95093 89763 0:0 95094
95170 89798 21:0 95236
95238 89828 0:0 95241
95243 89829 21:0 95301
95412 88388 1:0 95672
95413 88387 1:0 95671
95422 88386 1:0 95682
95422 88356 1:0 95795
95428 88355 1:0 95803
95441 356 21:0 95455
95448 88354 1:0 95802
95461 88353 1:0 95813
95543 88323 1:0 95926
95544 88321 1:0 95933
95553 88322 1:0 95934
95553 88290 1:0 96057
95559 88288 1:0 96064
95564 88289 1:0 96065
95592 88287 1:0 96075
95674 88257 1:0 96188
95675 88256 1:0 96196
95684 88255 1:0 96195
95684 88254 1:0 96206
95690 88224 1:0 96319
95710 88222 1:0 96326
95723 88223 1:0 96327
95805 88221 1:0 96337
95806 88191 1:0 96450
95815 88189 1:0 96457
95815 88190 1:0 96458
95823 88188 1:0 96468
95841 88158 1:0 96581
95936 88157 1:0 96589
95937 88156 1:0 96588
95937 88155 1:0 96599
95946 88125 1:0 96712
95946 88123 1:0 96719
95954 88124 1:0 96720
95973 88122 1:0 96730
96067 88092 1:0 96843
96068 88091 1:0 96851
96077 88090 1:0 96850
96077 88089 1:0 96861
96083 88059 1:0 96974
96087 88058 1:0 96982
96104 88057 1:0 96981
96198 88056 1:0 96992
96199 88026 1:0 97105
96208 88024 1:0 97112
96208 88025 1:0 97113
96214 88023 1:0 97123
96218 87993 1:0 97236
96247 87992 1:0 97244
96329 87991 1:0 97243
96330 87990 1:0 97254
96339 87960 1:0 97367
96339 87958 1:0 97374
96345 87959 1:0 97375
96350 87957 1:0 97385
96365 357 1:0 98715
96378 89829 1:0 98986
96460 89828 1:0 98997
97565 90841 21:0 97573
97572 90842 0:0 97573
97572 90843 0:0 97573
97573 90844 21:0 97639
97641 90874 21:0 97649
97648 90876 0:0 97649
97648 90875 21:0 97715
97713 90877 0:0 97715
97717 90907 21:0 97725
97724 90909 0:0 97725
97724 90908 21:0 97791
97789 90910 0:0 97791
97793 90940 21:0 97801
97800 90941 0:0 97801
97800 90942 21:0 97867
97865 90943 0:0 97867
97869 90973 21:0 97877
97876 90975 0:0 97877
97876 90974 21:0 97943
97941 90976 0:0 97943
97945 91006 21:0 97953
97952 91008 0:0 97953
97952 91007 21:0 98019
98017 91009 0:0 98019
98021 91039 21:0 98029
98028 91040 0:0 98029
98028 91041 21:0 98095
98093 91042 0:0 98095
98097 91072 21:0 98105
98104 91073 0:0 98105
98104 91074 21:0 98171
98169 91075 0:0 98171
98173 91105 21:0 98181
98180 91107 0:0 98181
98180 91106 21:0 98247
98245 91108 0:0 98247
98249 91138 21:0 98257
98256 91140 0:0 98257
98256 91139 21:0 98323
98321 91141 0:0 98323
98325 91171 21:0 98333
98332 91172 0:0 98333
98332 91173 21:0 98399
98397 91174 0:0 98399
98401 91204 21:0 98409
98408 91206 0:0 98409
98408 91205 21:0 98475
98473 91207 0:0 98475
98477 91237 21:0 98485
98484 91239 0:0 98485
98484 91238 21:0 98551
98549 91240 0:0 98551
98553 91270 21:0 98561
98560 91271 0:0 98561
98560 91272 21:0 98627
98625 91273 0:0 98627
98727 89798 1:0 99110
98728 89764 1:0 99249
98737 89763 1:0 99248
98737 89762 1:0 99259
98743 89732 1:0 99372
98756 357 21:0 98770
98763 89729 1:0 99390
98776 89698 1:0 99511
98858 89697 1:0 99510
98859 89696 1:0 99521
98868 89666 1:0 99634
98868 89664 1:0 99641
98874 89663 1:0 99652
98879 89631 1:0 99772
98907 89630 1:0 99783
98989 89600 1:0 99896
98990 89599 1:0 99904
98999 89598 1:0 99903
98999 89597 1:0 99914
99005 89567 1:0 100027
99025 89566 1:0 100035
99038 89565 1:0 100034
99120 89564 1:0 100045
99121 89534 1:0 100158
99130 89532 1:0 100165
99130 89531 1:0 100176
99138 89501 1:0 100289
99156 89499 1:0 100296
99251 89500 1:0 100297
99252 89498 1:0 100307
99252 89468 1:0 100420
99261 89466 1:0 100427
99261 89467 1:0 100428
99269 89465 1:0 100438
99288 89435 1:0 100551
99382 89433 1:0 100558
99383 89434 1:0 100559
99392 89432 1:0 100569
99392 89402 1:0 100682
99398 89400 1:0 100689
99402 89401 1:0 100690
99419 89399 1:0 100700
99431 358 1:0 102030
100880 92283 0:0 100883
100885 92284 21:0 100943
100887 92285 0:0 100888
100942 92286 0:0 100954
100956 92316 21:0 100964
100963 92317 0:0 100964
100963 92318 0:0 100964
100964 92319 21:0 101030
101032 92349 21:0 101040
101039 92350 21:0 101106
101108 92382 21:0 101116
101113 92383 0:0 101116
101116 92385 21:0 101182
101184 92415 21:0 101192
101189 92417 0:0 101192
101189 92416 0:0 101192
101192 92418 21:0 101258
101260 92448 21:0 101268
101267 92450 0:0 101268
101267 92449 21:0 101334
101332 92451 0:0 101334
101336 92481 21:0 101344
101343 92482 21:0 101410
101412 92514 0:0 101415
101417 92515 21:0 101475
101419 92516 0:0 101420
101488 92547 21:0 101496
101493 92549 0:0 101496
101496 92550 21:0 101562
101564 92580 0:0 101567
101569 92581 21:0 101627
101571 92582 0:0 101572
101645 92615 0:0 101648
101648 92616 21:0 101714
101716 92646 21:0 101724
101797 92680 21:0 101855
101799 92681 0:0 101800
101854 92682 0:0 101866
101868 92712 21:0 101876
101875 92713 21:0 101942
101944 92745 21:0 101952
102042 91273 1:0 102294
102043 91272 1:0 102302
102052 91271 1:0 102301
102052 91270 1:0 102312
102058 91240 1:0 102425
102071 358 21:0 102085
102078 91238 1:0 102432
102091 91239 1:0 102433
102173 91237 1:0 102443
102174 91207 1:0 102556
102183 91205 1:0 102563
102183 91206 1:0 102564
102189 91204 1:0 102574
102194 91174 1:0 102687
102222 91173 1:0 102695
102304 91172 1:0 102694
102305 91171 1:0 102705
102314 91141 1:0 102818
102314 91139 1:0 102825
102320 91140 1:0 102826
102340 91138 1:0 102836
102353 91108 1:0 102949
102435 91106 1:0 102956
102436 91107 1:0 102957
102445 91105 1:0 102967
102445 91075 1:0 103080
102453 91074 1:0 103088
102471 91073 1:0 103087
102566 91072 1:0 103098
102567 91042 1:0 103211
102567 91041 1:0 103219
102576 91040 1:0 103218
102576 91039 1:0 103229
102584 91009 1:0 103342
102603 91007 1:0 103349
102697 91008 1:0 103350
102698 91006 1:0 103360
102707 90976 1:0 103473
102707 90974 1:0 103480
102713 90975 1:0 103481
102717 90973 1:0 103491
102734 90943 1:0 103604
102828 90942 1:0 103612
102829 90941 1:0 103611
102838 90940 1:0 103622
102838 90910 1:0 103735
102844 90908 1:0 103742
102848 90909 1:0 103743
102877 90907 1:0 103753
102959 90877 1:0 103866
102960 90875 1:0 103873
102969 90876 1:0 103874
102969 90874 1:0 103884
102975 90844 1:0 103997
102980 90843 1:0 104005
102995 359 1:0 104128
103008 90842 1:0 104004
103090 90841 1:0 104015
103091 46019 1:0 104236
103091 46018 1:0 104237
103091 46026 1:0 104301
103100 46030 1:0 104237
103100 46031 1:0 104237
103100 46029 1:0 104237
103100 46028 1:0 104237
103106 46025 1:0 104236
103106 46027 1:0 104237
103106 46024 1:0 104237
103111 92745 1:0 104369
103139 92713 1:0 104453
103221 46177 1:0 104458
103221 46171 1:0 104458
103221 46165 1:0 104458
103221 46178 1:0 104543
103222 46174 1:0 104457
103222 46166 1:0 104457
103222 46173 1:0 104458
103231 46172 1:0 104457
103231 46176 1:0 104457
103231 46175 1:0 104458
103237 92712 1:0 104590
103241 92682 1:0 104596
103258 92680 1:0 104664
103270 46320 1:0 104743
103352 46323 1:0 104678
103352 46318 1:0 104679
103353 46321 1:0 104678
103353 46319 1:0 104678
103353 46324 1:0 104678
103353 46322 1:0 104678
103362 46313 1:0 104678
103362 46325 1:0 104678
103362 46312 1:0 104679
103362 92681 1:0 104801
103368 46468 1:0 104965
103370 46467 1:0 104899
103373 46470 1:0 104899
103388 46469 1:0 104899
103389 46466 1:0 104899
103401 46471 1:0 104899
103483 46472 1:0 104899
103483 46460 1:0 104899
103483 46459 1:0 104900
103483 46465 1:0 104900
103484 92646 1:0 105032
103484 46616 1:0 105195
103493 92616 1:0 105109
103493 46619 1:0 105120
103493 46606 1:0 105121
103499 46618 1:0 105120
103499 46614 1:0 105121
103501 46607 1:0 105120
103501 46613 1:0 105120
103504 46615 1:0 105120
103520 46617 1:0 105120
103520 46612 1:0 105121
103532 46765 1:0 105426
103614 92615 1:0 105243
103615 92581 1:0 105337
103624 46762 1:0 105341
103624 46764 1:0 105341
103624 46754 1:0 105341
103624 46763 1:0 105342
103624 46759 1:0 105342
103624 46766 1:0 105342
103630 46753 1:0 105342
103630 46761 1:0 105342
103632 46760 1:0 105341
103650 92582 1:0 105464
103663 46909 1:0 105628
103745 92580 1:0 105474
103746 92550 1:0 105548
103746 46908 1:0 105562
103755 46901 1:0 105562
103755 46910 1:0 105562
103755 46907 1:0 105562
103755 46911 1:0 105562
103755 46912 1:0 105562
103755 46906 1:0 105563
103755 46900 1:0 105563
103761 46913 1:0 105562
103766 92549 1:0 105685
103794 92547 1:0 105695
103876 92515 1:0 105769
103877 47060 1:0 105783
103877 47055 1:0 105848
103886 47058 1:0 105783
103886 47056 1:0 105783
103886 47054 1:0 105783
103886 47059 1:0 105783
103886 47057 1:0 105783
103886 47053 1:0 105784
103892 47048 1:0 105783
103892 47047 1:0 105784
103896 92516 1:0 105906
103925 92514 1:0 105916
103966 47206 1:0 106089
104007 92482 1:0 106000
104008 47203 1:0 106004
104008 47201 1:0 106004
104008 47200 1:0 106005
104008 47194 1:0 106005
104017 47195 1:0 106004
104017 47205 1:0 106004
104017 47202 1:0 106005
104017 47204 1:0 106005
104017 47207 1:0 106005
104025 92481 1:0 106137
104044 92449 1:0 106221
104097 92451 1:0 106222
104140 47351 1:0 106226
104140 47354 1:0 106311
104141 47350 1:0 106225
104141 47348 1:0 106225
104141 47347 1:0 106226
104141 47341 1:0 106226
104150 47352 1:0 106225
104150 47342 1:0 106225
104150 47349 1:0 106226
104150 47353 1:0 106226
104156 92450 1:0 106348
104169 359 21:0 104183
104176 92448 1:0 106358
104189 92418 1:0 106432
104230 47495 1:0 106446
104230 47496 1:0 106511
104243 47498 1:0 106446
104258 47489 1:0 106446
104259 47501 1:0 106446
104259 47494 1:0 106447
104259 47488 1:0 106447
104309 47497 1:0 106446
104311 46026 21:0 104353
104319 47499 1:0 106446
104329 47500 1:0 106446
104351 46028 0:0 104353
104352 46024 0:0 104353
104352 46025 0:0 104353
104352 46018 0:0 104353
104352 46019 0:0 104353
104352 46027 0:0 104353
104352 46029 0:0 104353
104352 46031 0:0 104353
104352 46030 0:0 104353
104354 92416 1:0 106568
104354 92417 1:0 106569
104361 92415 1:0 106579
104362 92385 1:0 106663
104371 47646 1:0 106667
104371 47645 1:0 106668
104371 47647 1:0 106668
104371 47635 1:0 106668
104371 47641 1:0 106668
104371 47648 1:0 106753
104377 47644 1:0 106667
104377 47636 1:0 106667
104379 47643 1:0 106668
104381 47642 1:0 106667
104410 92383 1:0 106789
104459 92382 1:0 106800
104480 92350 1:0 106874
104530 47790 1:0 106953
104540 47795 1:0 106888
104549 46178 21:0 104574
104550 47794 1:0 106888
104572 46174 0:0 104574
104572 46173 0:0 104574
104572 46175 0:0 104574
104572 46176 0:0 104574
104573 46177 0:0 104574
104573 46172 0:0 104574
104573 46171 0:0 104574
104573 46165 0:0 104574
104573 46166 0:0 104574
104575 47791 1:0 106888
104575 47792 1:0 106888
104575 47783 1:0 106888
104575 47793 1:0 106888
104575 47789 1:0 106888
104575 47782 1:0 106889
104575 47788 1:0 106889
104582 92349 1:0 107021
104583 92319 1:0 107095
104583 47937 1:0 107174
104592 47930 1:0 107109
104592 47942 1:0 107110
104592 47939 1:0 107110
104592 47941 1:0 107110
104598 47938 1:0 107110
104598 47935 1:0 107110
104598 47940 1:0 107110
104600 47936 1:0 107109
104600 47929 1:0 107110
104619 92318 1:0 107232
104672 92317 1:0 107231
104701 92316 1:0 107242
104751 92284 1:0 107319
104753 46320 21:0 104795
104771 92286 1:0 107248
104793 46324 0:0 104795
104793 46322 0:0 104795
104794 46321 0:0 104795
104794 46312 0:0 104795
104794 46318 0:0 104795
104794 46319 0:0 104795
104794 46325 0:0 104795
104794 46323 0:0 104795
104794 46313 0:0 104795
104796 48088 1:0 107330
104796 48077 1:0 107330
104796 48084 1:0 107331
104796 48086 1:0 107405
104803 48089 1:0 107330
104803 48087 1:0 107330
104803 48076 1:0 107331
104804 48083 1:0 107330
104804 48085 1:0 107330
104804 48082 1:0 107331
104813 92285 1:0 107453
104813 92283 1:0 107463
104813 48236 1:0 107637
104819 48231 1:0 107552
104819 48229 1:0 107552
104821 48232 1:0 107551
104824 48234 1:0 107551
104840 48224 1:0 107551
104840 48235 1:0 107552
104852 48233 1:0 107552
104893 48230 1:0 107551
104893 48223 1:0 107552
104893 48323 1:0 107676
104893 48324 1:0 107677
104971 46468 21:0 105016
105014 46469 0:0 105016
105014 46471 0:0 105016
105015 46466 0:0 105016
105015 46460 0:0 105016
105015 46459 0:0 105016
105015 46470 0:0 105016
105015 46472 0:0 105016
105015 46465 0:0 105016
105015 46467 0:0 105016
105205 46616 21:0 105237
105235 46618 0:0 105237
105236 46614 0:0 105237
105236 46612 0:0 105237
105236 46607 0:0 105237
105236 46613 0:0 105237
105236 46619 0:0 105237
105236 46617 0:0 105237
105236 46606 0:0 105237
105236 46615 0:0 105237
105436 46765 21:0 105458
105456 46766 0:0 105458
105457 46754 0:0 105458
105457 46762 0:0 105458
105457 46764 0:0 105458
105457 46760 0:0 105458
105457 46753 0:0 105458
105457 46761 0:0 105458
105457 46763 0:0 105458
105457 46759 0:0 105458
105634 46909 21:0 105679
105677 46912 0:0 105679
105677 46908 0:0 105679
105677 46910 0:0 105679
105678 46911 0:0 105679
105678 46906 0:0 105679
105678 46901 0:0 105679
105678 46907 0:0 105679
105678 46900 0:0 105679
105678 46913 0:0 105679
105858 47055 21:0 105900
105898 47059 0:0 105900
105898 47057 0:0 105900
105899 47058 0:0 105900
105899 47053 0:0 105900
105899 47060 0:0 105900
105899 47048 0:0 105900
105899 47056 0:0 105900
105899 47047 0:0 105900
105899 47054 0:0 105900
106099 47206 21:0 106121
106119 47203 0:0 106121
106120 47207 0:0 106121
106120 47194 0:0 106121
106120 47204 0:0 106121
106120 47201 0:0 106121
106120 47202 0:0 106121
106120 47205 0:0 106121
106120 47200 0:0 106121
106120 47195 0:0 106121
106317 47354 21:0 106342
106340 47351 0:0 106342
106340 47352 0:0 106342
106340 47350 0:0 106342
106340 47353 0:0 106342
106341 47348 0:0 106342
106341 47341 0:0 106342
106341 47347 0:0 106342
106341 47349 0:0 106342
106341 47342 0:0 106342
106521 47496 21:0 106563
106561 47498 0:0 106563
106562 47489 0:0 106563
106562 47494 0:0 106563
106562 47495 0:0 106563
106562 47497 0:0 106563
106562 47501 0:0 106563
106562 47500 0:0 106563
106562 47488 0:0 106563
106562 47499 0:0 106563
106759 47648 21:0 106784
106782 47645 0:0 106784
106782 47644 0:0 106784
106782 47646 0:0 106784
106782 47647 0:0 106784
106783 47636 0:0 106784
106783 47641 0:0 106784
106783 47635 0:0 106784
106783 47642 0:0 106784
106783 47643 0:0 106784
106963 47790 21:0 107005
107003 47792 0:0 107005
107003 47794 0:0 107005
107004 47783 0:0 107005
107004 47795 0:0 107005
107004 47791 0:0 107005
107004 47782 0:0 107005
107004 47788 0:0 107005
107004 47793 0:0 107005
107004 47789 0:0 107005
107184 47937 21:0 107226
107224 47941 0:0 107226
107224 47939 0:0 107226
107225 47929 0:0 107226
107225 47940 0:0 107226
107225 47930 0:0 107226
107225 47938 0:0 107226
107225 47935 0:0 107226
107225 47936 0:0 107226
107225 47942 0:0 107226
107415 48086 21:0 107447
107445 48088 0:0 107447
107446 48083 0:0 107447
107446 48084 0:0 107447
107446 48082 0:0 107447
107446 48085 0:0 107447
107446 48076 0:0 107447
107446 48077 0:0 107447
107446 48087 0:0 107447
107446 48089 0:0 107447
107643 48236 21:0 304
