157 28654 0:0 159
157 28653 0:0 159
158 349 0:0 159
158 28651 0:0 159
158 28648 0:0 159
158 28650 0:0 159
158 28649 0:0 159
158 28643 0:0 159
158 28642 0:0 159
158 28655 0:0 159
166 28744 21:0 178
177 28745 21:0 195
213 28849 21:0 221
220 28850 0:0 221
220 28851 21:0 287
285 28852 0:0 287
289 28882 21:0 297
296 28883 0:0 297
296 28884 0:0 297
297 28885 21:0 363
365 28915 21:0 373
372 28916 0:0 373
372 28917 0:0 373
373 28918 21:0 439
441 28948 21:0 449
448 28950 0:0 449
448 28949 0:0 449
449 28951 21:0 515
517 28981 0:0 520
522 28982 21:0 580
524 28983 0:0 525
593 29014 21:0 601
600 29015 0:0 601
600 29016 21:0 667
665 29017 0:0 667
669 29047 21:0 677
676 29049 0:0 677
677 29050 21:0 743
745 29080 0:0 748
750 29082 21:0 808
752 29081 0:0 753
807 29083 0:0 819
821 29113 0:0 824
826 29115 21:0 884
828 29114 0:0 829
883 29116 0:0 895
897 29146 21:0 905
904 29147 0:0 905
904 29148 0:0 905
905 29149 21:0 971
973 29179 21:0 981
980 29180 0:0 981
980 29181 0:0 981
981 29182 21:0 1047
1049 29212 0:0 1052
1054 29213 21:0 1112
1111 29215 0:0 1123
1125 29245 0:0 1128
1130 29247 21:0 1188
1187 29248 0:0 1199
1201 29278 21:0 1209
1208 29279 0:0 1209
1208 29280 0:0 1209
1209 29281 21:0 1275
1282 29312 0:0 1285
1285 29314 21:0 1351
1358 29346 21:0 1416
1415 29347 0:0 1427
1533 29423 21:0 1543
1571 29347 1:0 1806
1572 29346 1:0 1813
1572 29314 1:0 1928
1580 29312 1:0 1934
1580 29281 1:0 2050
1590 29280 1:0 2057
1693 29279 1:0 2056
1694 29278 1:0 2066
1694 29248 1:0 2172
1702 29247 1:0 2179
1708 29245 1:0 2188
1726 29215 1:0 2294
1815 29213 1:0 2300
1816 29212 1:0 2310
1824 29182 1:0 2416
1824 29181 1:0 2423
1830 29180 1:0 2422
1937 29179 1:0 2432
1938 29149 1:0 2538
1938 29147 1:0 2544
1946 29148 1:0 2545
1952 29146 1:0 2554
1970 29116 1:0 2660
2059 29115 1:0 2667
2060 29114 1:0 2666
2068 29113 1:0 2676
2068 29083 1:0 2782
2074 29082 1:0 2789
2181 29081 1:0 2788
2182 29080 1:0 2798
2182 29050 1:0 2904
2190 29049 1:0 2911
2190 29047 1:0 2920
2200 29017 1:0 3026
2303 29016 1:0 3033
2304 29015 1:0 3032
2304 29014 1:0 3042
2312 28982 1:0 3154
2318 28983 1:0 3155
2336 28981 1:0 3164
2425 28951 1:0 3270
2426 28950 1:0 3277
2434 28949 1:0 3276
2434 28948 1:0 3286
2440 28918 1:0 3392
2547 28917 1:0 3399
2548 28916 1:0 3398
2548 28915 1:0 3408
2556 28885 1:0 3514
2562 28883 1:0 3520
2580 28884 1:0 3521
2581 335 1:0 3756
2669 28882 1:0 3530
2670 28852 1:0 3636
2678 28850 1:0 3642
2678 28851 1:0 3643
2684 28849 1:0 3652
2688 26149 1:0 58088
3044 30135 21:0 3046
3297 30252 21:0 3319
3400 30302 21:0 3404
3532 30363 21:0 3534
3754 334 21:0 3804
3811 335 21:0 3820
3822 30500 0:0 3825
3827 30502 21:0 3885
3829 30501 0:0 3830
3884 30503 0:0 3896
3887 30505 21:0 3896
3895 13 21:0 3896
3898 30533 0:0 3901
3903 30535 21:0 3961
3905 30534 0:0 3906
3960 30536 0:0 3972
3960 30552 21:0 3972
3974 30566 21:0 3982
3981 30567 0:0 3982
3981 30568 0:0 3982
3982 30569 21:0 4048
4050 30599 21:0 4058
4055 30600 0:0 4058
4057 30601 0:0 4058
4058 30602 21:0 4124
4123 30577 21:0 4129
4126 30632 0:0 4129
4128 30584 21:0 4129
4131 30634 21:0 4189
4133 30633 0:0 4134
4188 30635 0:0 4200
4188 51 21:0 4200
4202 30665 0:0 4205
4207 30666 21:0 4265
4209 30667 0:0 4210
4264 30668 0:0 4276
4278 30698 21:0 4286
4283 30700 0:0 4286
4283 30699 0:0 4286
4286 30701 21:0 4352
4354 30731 21:0 4362
4361 30732 0:0 4362
4361 30733 0:0 4362
4362 30734 21:0 4428
4427 30723 21:0 4433
4430 30764 0:0 4433
4432 155 21:0 4433
4435 30766 21:0 4493
4437 30765 0:0 4438
4492 30697 21:0 4504
4492 30767 0:0 4504
4506 30797 0:0 4509
4511 30799 21:0 4569
4513 30798 0:0 4514
4568 30800 0:0 4580
4582 30830 21:0 4590
4589 30832 0:0 4590
4589 30831 21:0 4656
4654 30833 0:0 4656
4655 30849 21:0 4661
4658 30863 0:0 4661
4663 30865 21:0 4721
4665 30864 0:0 4666
4720 30855 21:0 4732
4720 30866 0:0 4732
4731 213 21:0 4732
4734 30896 0:0 4737
4739 30898 21:0 4797
4741 30897 0:0 4742
4796 30899 0:0 4808
4796 30915 21:0 4808
4810 30929 21:0 4818
4817 30931 0:0 4818
4817 30930 21:0 4884
4882 30932 0:0 4884
4886 30962 21:0 4894
4893 30963 0:0 4894
4893 30964 21:0 4960
4958 30965 0:0 4960
4962 30995 21:0 4970
4969 30996 0:0 4970
4969 30997 21:0 5036
5038 31028 21:0 5046
5045 30998 21:0 5112
5111 31029 21:0 5122
5142 31074 21:0 5152
5151 31030 21:0 5178
5183 31030 1:0 5304
5184 31029 1:0 5311
5193 31028 1:0 5322
5193 30998 1:0 5435
5199 30997 1:0 5443
5204 30996 1:0 5442
5314 30995 1:0 5453
5315 30965 1:0 5566
5315 30964 1:0 5574
5324 30963 1:0 5573
5324 30962 1:0 5584
5330 30932 1:0 5697
5351 30930 1:0 5704
5445 30931 1:0 5705
5446 30929 1:0 5715
5446 30915 1:0 5754
5455 30899 1:0 5828
5455 30898 1:0 5836
5461 30897 1:0 5835
5481 30896 1:0 5846
5576 30866 1:0 5959
5577 30864 1:0 5966
5577 30865 1:0 5967
5586 213 1:0 5972
5586 30863 1:0 5977
5586 30855 1:0 5992
5586 30849 1:0 6016
5592 30833 1:0 6090
5613 30831 1:0 6097
5707 30832 1:0 6098
5708 30830 1:0 6108
5717 30800 1:0 6221
5717 30799 1:0 6229
5723 30798 1:0 6228
5728 30797 1:0 6239
5838 30767 1:0 6352
5839 30765 1:0 6359
5839 30766 1:0 6360
5848 30764 1:0 6370
5848 155 1:0 6374
5848 30734 1:0 6483
5856 30733 1:0 6491
5887 30732 1:0 6490
5969 30731 1:0 6501
5970 30723 1:0 6506
5970 30701 1:0 6614
5979 30699 1:0 6621
5979 30700 1:0 6622
5979 30697 1:0 6625
5987 30698 1:0 6632
6018 30668 1:0 6745
6100 30666 1:0 6752
6101 30667 1:0 6753
6110 30135 1:0 6762
6110 30665 1:0 6763
6110 30635 1:0 6876
6116 30634 1:0 6884
6137 30633 1:0 6883
6231 30632 1:0 6894
6232 30602 1:0 7007
6232 30584 1:0 7018
6241 30600 1:0 7014
6241 30601 1:0 7015
6241 30577 1:0 7018
6247 30599 1:0 7025
6249 30252 1:0 7030
6250 29910 21:0 6274
6268 30569 1:0 7138
6362 30302 1:0 7144
6362 30567 1:0 7145
6363 30568 1:0 7146
6363 51 1:0 7149
6372 30566 1:0 7156
6372 30552 1:0 7195
6372 30536 1:0 7269
6380 30535 1:0 7277
6381 29967 21:0 6405
6399 30534 1:0 7276
6493 30363 1:0 7286
6493 30533 1:0 7287
6494 13 1:0 7371
6494 30505 1:0 7384
6494 30503 1:0 7400
6503 30501 1:0 7407
6503 30502 1:0 7408
6511 30500 1:0 7418
6514 335 1:0 7502
6529 336 1:0 7529
7527 335 21:0 7577
7595 32151 21:0 7603
7602 32153 0:0 7603
7602 32152 0:0 7603
7603 32154 21:0 7669
7668 32163 21:0 7674
7671 32184 0:0 7674
7673 32169 21:0 7674
7676 32185 21:0 7734
7678 32186 0:0 7679
7733 32187 0:0 7745
7733 32150 21:0 7745
7747 32217 21:0 7755
7754 32219 0:0 7755
7754 32218 21:0 7821
7819 32220 0:0 7821
7820 32209 21:0 7826
7823 32250 0:0 7826
7828 32252 21:0 7886
7830 32251 0:0 7831
7885 69 21:0 7897
7885 32253 0:0 7897
7899 32283 21:0 7907
7906 32284 0:0 7907
7906 32285 0:0 7907
7907 32286 21:0 7973
7975 32316 21:0 7983
7982 32318 0:0 7983
7982 32317 21:0 8049
8047 32319 0:0 8049
8048 32301 21:0 8054
8051 32349 0:0 8054
8056 32351 21:0 8114
8058 32350 0:0 8059
8113 32352 0:0 8125
8127 32382 21:0 8135
8134 32383 0:0 8135
8134 32384 21:0 8201
8199 32385 0:0 8201
8203 32415 21:0 8211
8210 32417 0:0 8211
8210 32416 21:0 8277
8275 32418 0:0 8277
8279 32448 21:0 8287
8286 32450 0:0 8287
8286 32449 21:0 8353
8351 32451 0:0 8353
8355 32481 21:0 8363
8362 32483 0:0 8363
8362 32482 21:0 8429
8427 32484 0:0 8429
8428 32468 21:0 8434
8431 32514 0:0 8434
8433 32401 21:0 8434
8436 32515 21:0 8494
8438 32516 0:0 8439
8493 32517 0:0 8505
8507 32547 0:0 8510
8512 32549 21:0 8570
8514 32548 0:0 8515
8569 32550 0:0 8581
8583 32580 0:0 8586
8588 32582 21:0 8646
8590 32581 0:0 8591
8645 32583 0:0 8657
8659 32613 21:0 8667
8666 32615 0:0 8667
8666 32614 21:0 8733
8731 32616 0:0 8733
8735 32646 21:0 8743
8742 32647 0:0 8743
8742 32648 21:0 8809
8807 32649 0:0 8809
8811 32679 21:0 8819
8818 32680 0:0 8819
8818 32681 21:0 8885
8884 32682 21:0 8895
8915 32725 21:0 8925
8924 32712 21:0 8951
8956 32712 1:0 8964
8957 32682 1:0 9077
8966 32680 1:0 9084
8966 32681 1:0 9085
8972 32679 1:0 9095
8977 32649 1:0 9208
9087 32648 1:0 9216
9088 32647 1:0 9215
9088 32646 1:0 9226
9097 32616 1:0 9339
9097 32614 1:0 9346
9103 32615 1:0 9347
9124 32613 1:0 9357
9218 32583 1:0 9470
9219 32582 1:0 9478
9228 32581 1:0 9477
9228 32580 1:0 9488
9234 32550 1:0 9601
9239 32549 1:0 9609
9349 32548 1:0 9608
9350 32547 1:0 9619
9350 32517 1:0 9732
9359 32515 1:0 9739
9359 32516 1:0 9740
9365 32514 1:0 9750
9386 32484 1:0 9863
9480 32482 1:0 9870
9481 32483 1:0 9871
9490 32481 1:0 9881
9490 32468 1:0 9911
9490 32451 1:0 9994
9496 32449 1:0 10001
9516 32450 1:0 10002
9611 32448 1:0 10012
9611 29910 1:0 10021
9612 32418 1:0 10125
9621 32416 1:0 10132
9621 32417 1:0 10133
9627 32415 1:0 10143
9627 29967 1:0 10152
9627 32401 1:0 10182
9648 32385 1:0 10256
9742 32384 1:0 10264
9743 32383 1:0 10263
9752 32382 1:0 10274
9752 32352 1:0 10387
9758 32351 1:0 10395
9763 32350 1:0 10394
9873 32349 1:0 10405
9874 32319 1:0 10518
9874 32317 1:0 10525
9883 32318 1:0 10526
9883 32316 1:0 10536
9883 32301 1:0 10541
9891 32286 1:0 10649
9922 32284 1:0 10656
10004 32285 1:0 10657
10005 32283 1:0 10667
10014 32253 1:0 10780
10014 32252 1:0 10788
10020 32251 1:0 10787
10020 69 1:0 10793
10041 32250 1:0 10798
10135 32220 1:0 10911
10136 32218 1:0 10918
10145 32219 1:0 10919
10145 32217 1:0 10929
10145 32209 1:0 10944
10151 32187 1:0 11042
10171 32185 1:0 11049
10266 32186 1:0 11050
10267 32184 1:0 11060
10267 32169 1:0 11062
10267 32163 1:0 11065
10276 32154 1:0 11173
10276 32152 1:0 11180
10276 32150 1:0 11184
10282 32153 1:0 11181
10303 32151 1:0 11191
10315 337 1:0 11302
10919 30302 21:0 10924
11181 30416 21:0 11186
11300 336 21:0 11350
11368 33802 21:0 11376
11375 33804 0:0 11376
11375 33803 0:0 11376
11376 33805 21:0 11442
11441 33807 21:0 11447
11444 33835 0:0 11447
11446 33821 21:0 11447
11449 33836 21:0 11507
11451 33837 0:0 11452
11506 33838 0:0 11518
11507 33855 21:0 11518
11517 33854 21:0 11518
11520 33868 0:0 11523
11525 33869 21:0 11583
11527 33870 0:0 11528
11582 33871 0:0 11594
11596 33901 21:0 11604
11603 33902 0:0 11604
11603 33903 21:0 11670
11668 33904 0:0 11670
11672 33934 21:0 11680
11679 33935 0:0 11680
11679 33936 21:0 11746
11744 33937 0:0 11746
11745 33920 21:0 11751
11748 33967 0:0 11751
11750 69 21:0 11751
11753 33968 21:0 11811
11755 33969 0:0 11756
11810 33970 0:0 11822
11824 34000 21:0 11832
11829 34001 0:0 11832
11831 34002 0:0 11832
11832 34003 21:0 11898
11900 34033 21:0 11908
11907 34035 0:0 11908
11907 34034 0:0 11908
11908 34036 21:0 11974
11976 34066 21:0 11984
11983 34067 0:0 11984
11983 34068 0:0 11984
11984 34069 21:0 12050
12052 34099 21:0 12060
12059 34100 0:0 12060
12059 34101 0:0 12060
12060 34102 21:0 12126
12128 34132 21:0 12136
12135 34133 0:0 12136
12135 34134 0:0 12136
12136 34135 21:0 12202
12204 34165 0:0 12207
12209 34167 21:0 12267
12211 34166 0:0 12212
12266 211 21:0 12278
12266 34168 0:0 12278
12280 34198 21:0 12288
12287 34200 0:0 12288
12287 34199 21:0 12354
12352 34201 0:0 12354
12356 34231 21:0 12364
12363 34232 0:0 12364
12363 34233 21:0 12430
12428 34234 0:0 12430
12432 34264 21:0 12440
12439 34265 0:0 12440
12439 34266 21:0 12506
12504 34267 0:0 12506
12508 34297 21:0 12516
12515 34298 0:0 12516
12515 34299 21:0 12582
12580 34300 0:0 12582
12584 34330 21:0 12592
12591 34331 0:0 12592
12591 34332 21:0 12658
12656 34333 0:0 12658
12660 34363 21:0 12668
12667 34364 0:0 12668
12669 34364 1:0 12726
12688 34376 21:0 12698
12729 34363 1:0 12737
12730 34333 1:0 12850
12739 34331 1:0 12857
12739 34332 1:0 12858
12745 34330 1:0 12868
12765 34300 1:0 12981
12860 34299 1:0 12989
12861 34298 1:0 12988
12861 34297 1:0 12999
12870 34267 1:0 13112
12870 34266 1:0 13120
12878 34265 1:0 13119
12909 34264 1:0 13130
12991 34234 1:0 13243
12992 34233 1:0 13251
13001 34232 1:0 13250
13001 34231 1:0 13261
13007 34201 1:0 13374
13027 34199 1:0 13381
13122 34200 1:0 13382
13123 34198 1:0 13392
13123 34168 1:0 13505
13132 211 1:0 13505
13132 34167 1:0 13513
13138 34166 1:0 13512
13143 34165 1:0 13523
13253 34135 1:0 13636
13254 34133 1:0 13643
13254 34134 1:0 13644
13263 34132 1:0 13654
13263 34102 1:0 13767
13269 34101 1:0 13775
13290 34100 1:0 13774
13384 34099 1:0 13785
13385 34069 1:0 13898
13394 34067 1:0 13905
13394 34068 1:0 13906
13400 34066 1:0 13916
13405 34036 1:0 14029
13515 34035 1:0 14037
13516 34034 1:0 14036
13516 34033 1:0 14047
13525 34003 1:0 14160
13525 34002 1:0 14168
13531 34001 1:0 14167
13552 34000 1:0 14178
13646 33970 1:0 14291
13647 33968 1:0 14298
13655 29850 21:0 13658
13656 33969 1:0 14299
13656 33967 1:0 14309
13659 33937 1:0 14422
13664 33936 1:0 14430
13695 33935 1:0 14429
13777 33934 1:0 14440
13778 33920 1:0 14479
13778 33904 1:0 14553
13778 69 1:0 14553
13786 29907 21:0 13789
13787 33902 1:0 14560
13787 33903 1:0 14561
13793 33901 1:0 14571
13795 30302 1:0 14684
13826 33871 1:0 14684
13908 33869 1:0 14691
13909 33870 1:0 14692
13918 33868 1:0 14702
13918 33855 1:0 14732
13918 33854 1:0 14741
13918 33838 1:0 14815
13926 33836 1:0 14822
13957 33837 1:0 14823
14039 33821 1:0 14835
14040 33835 1:0 14833
14040 33807 1:0 14838
14040 33805 1:0 14946
14049 30416 1:0 14952
14049 33803 1:0 14953
14055 33804 1:0 14954
14058 30024 21:0 14082
14060 33802 1:0 14964
14075 338 1:0 15075
15073 337 21:0 15123
15123 35439 21:0 15139
15141 35453 21:0 15149
15148 35455 0:0 15149
15148 35454 21:0 15215
15213 35456 0:0 15215
15217 35486 21:0 15225
15224 35488 0:0 15225
15224 35487 21:0 15291
15289 35489 0:0 15291
15293 35519 21:0 15301
15300 35520 0:0 15301
15300 35521 0:0 15301
15301 35522 21:0 15367
15369 35552 21:0 15377
15376 35554 0:0 15377
15376 35553 0:0 15377
15377 35555 21:0 15443
15445 35585 21:0 15453
15450 35587 0:0 15453
15452 35586 0:0 15453
15453 35588 21:0 15519
15521 35618 21:0 15529
15528 35619 0:0 15529
15528 35620 21:0 15595
15593 35621 0:0 15595
15594 35464 21:0 15600
15597 35651 0:0 15600
15599 67 21:0 15600
15602 35652 21:0 15660
15604 35653 0:0 15605
15659 35654 0:0 15671
15673 35684 21:0 15681
15678 35685 0:0 15681
15678 35686 0:0 15681
15681 35687 21:0 15747
15746 35702 21:0 15752
15749 35717 0:0 15752
15754 35719 21:0 15812
15756 35718 0:0 15757
15811 35720 0:0 15823
15811 35736 21:0 15823
15822 35729 21:0 15823
15825 35750 0:0 15828
15830 35752 21:0 15888
15832 35751 0:0 15833
15887 35753 0:0 15899
15901 35783 21:0 15909
15908 35784 0:0 15909
15908 35785 0:0 15909
15909 35786 21:0 15975
15977 35816 21:0 15985
15984 35818 0:0 15985
15984 35817 21:0 16051
16049 35819 0:0 16051
16053 35849 21:0 16061
16060 35851 0:0 16061
16060 35850 21:0 16127
16125 35852 0:0 16127
16129 35882 21:0 16137
16136 35884 0:0 16137
16136 35883 21:0 16203
16201 35885 0:0 16203
16205 35915 21:0 16213
16212 35917 0:0 16213
16212 35916 21:0 16279
16277 35918 0:0 16279
16281 35948 21:0 16289
16288 35950 0:0 16289
16288 35949 21:0 16355
16353 35951 0:0 16355
16357 35981 21:0 16365
16364 35983 0:0 16365
16364 35982 21:0 16431
16429 35984 0:0 16431
16433 36014 21:0 16441
16440 36015 0:0 16441
16440 36016 0:0 16441
16442 36015 1:0 16499
16442 36016 1:0 16500
16461 36027 21:0 16471
16502 36014 1:0 16510
16503 35984 1:0 16623
16512 35982 1:0 16630
16512 35983 1:0 16631
16518 35981 1:0 16641
16538 35951 1:0 16754
16633 35949 1:0 16761
16634 35950 1:0 16762
16634 35948 1:0 16772
16643 35918 1:0 16885
16643 35916 1:0 16892
16651 35917 1:0 16893
16682 35915 1:0 16903
16764 35885 1:0 17016
16765 35883 1:0 17023
16774 35884 1:0 17024
16774 35882 1:0 17034
16780 35852 1:0 17147
16800 35850 1:0 17154
16895 35851 1:0 17155
16896 35849 1:0 17165
16896 35819 1:0 17278
16905 35817 1:0 17285
16905 35818 1:0 17286
16913 35816 1:0 17296
16944 35786 1:0 17409
17026 29850 1:0 17420
17027 35784 1:0 17416
17027 35785 1:0 17417
17035 29679 21:0 17038
17036 35783 1:0 17427
17036 35753 1:0 17540
17042 35752 1:0 17548
17062 35751 1:0 17547
17157 29907 1:0 17557
17157 35750 1:0 17558
17157 35729 1:0 17588
17158 35736 1:0 17597
17158 35720 1:0 17671
17167 35718 1:0 17678
17167 35719 1:0 17679
17173 35717 1:0 17689
17175 35702 1:0 17694
17206 35687 1:0 17802
17288 35685 1:0 17809
17289 35686 1:0 17810
17298 35684 1:0 17820
17298 30024 1:0 17829
17298 35654 1:0 17933
17304 35652 1:0 17940
17325 35653 1:0 17941
17419 35651 1:0 17951
17420 35621 1:0 18064
17429 35619 1:0 18071
17429 35620 1:0 18072
17435 35618 1:0 18082
17440 35588 1:0 18195
17550 35586 1:0 18202
17551 35587 1:0 18203
17551 35585 1:0 18213
17560 35555 1:0 18326
17560 67 1:0 18328
17560 35554 1:0 18334
17568 35553 1:0 18333
17599 35552 1:0 18344
17681 35522 1:0 18457
17682 35521 1:0 18465
17691 35520 1:0 18464
17691 35519 1:0 18475
17697 35489 1:0 18588
17717 35487 1:0 18595
17812 35488 1:0 18596
17813 35486 1:0 18606
17813 35456 1:0 18719
17821 30021 21:0 17824
17822 35464 1:0 18698
17822 35454 1:0 18726
17825 35455 1:0 18727
17830 35453 1:0 18737
17833 35439 1:0 18776
17848 339 1:0 18848
18617 30366 21:0 18641
18846 338 21:0 18896
18914 37104 0:0 18917
18919 37106 21:0 18977
18921 37105 0:0 18922
18976 37107 0:0 18988
18977 37124 21:0 18988
18990 37137 21:0 18998
18995 37138 0:0 18998
18995 37139 0:0 18998
18998 37140 21:0 19064
19066 37170 21:0 19074
19071 37172 0:0 19074
19073 37171 0:0 19074
19074 37173 21:0 19140
19142 37203 0:0 19145
19147 37204 21:0 19205
19149 37205 0:0 19150
19204 37206 0:0 19216
19218 37236 0:0 19221
19223 37238 21:0 19281
19225 37237 0:0 19226
19280 37239 0:0 19292
19280 37252 21:0 19292
19291 37241 21:0 19292
19294 37269 21:0 19302
19301 37271 0:0 19302
19301 37270 21:0 19368
19366 37272 0:0 19368
19370 37302 0:0 19373
19375 37303 21:0 19433
19377 37304 0:0 19378
19432 37305 0:0 19444
19433 37322 21:0 19444
19446 37335 21:0 19454
19453 37337 0:0 19454
19453 37336 0:0 19454
19454 37338 21:0 19520
19522 37368 21:0 19530
19527 37370 0:0 19530
19529 37369 0:0 19530
19530 37371 21:0 19596
19598 37401 21:0 19606
19605 37403 0:0 19606
19605 37402 21:0 19672
19670 37404 0:0 19672
19674 37434 21:0 19682
19681 37436 0:0 19682
19681 37435 0:0 19682
19682 37437 21:0 19748
19747 37351 21:0 19753
19750 37467 0:0 19753
19755 37468 21:0 19813
19757 37469 0:0 19758
19812 37479 21:0 19824
19812 37470 0:0 19824
19826 37500 21:0 19834
19833 37501 0:0 19834
19833 37502 21:0 19900
19898 37503 0:0 19900
19902 37533 21:0 19910
19909 37534 0:0 19910
19909 37535 21:0 19976
19974 37536 0:0 19976
19978 37566 21:0 19986
19985 37567 0:0 19986
19985 37568 21:0 20052
20050 37569 0:0 20052
20054 37599 21:0 20062
20061 37601 0:0 20062
20061 37600 21:0 20128
20126 37602 0:0 20128
20130 37632 21:0 20138
20137 37634 0:0 20138
20137 37633 21:0 20204
20202 37635 0:0 20204
20206 37665 21:0 20214
20234 37678 21:0 20244
20275 37665 1:0 20283
20276 37635 1:0 20396
20285 37633 1:0 20403
20285 37634 1:0 20404
20291 37632 1:0 20414
20311 37602 1:0 20527
20406 37600 1:0 20534
20407 37601 1:0 20535
20407 37599 1:0 20545
20416 37569 1:0 20658
20416 37568 1:0 20666
20424 37567 1:0 20665
20455 37566 1:0 20676
20537 29679 1:0 20789
20538 37536 1:0 20789
20538 37535 1:0 20797
20547 37534 1:0 20796
20547 37533 1:0 20807
20553 37503 1:0 20920
20574 37502 1:0 20928
20668 37501 1:0 20927
20669 37500 1:0 20938
20669 37479 1:0 21003
20678 37470 1:0 21051
20678 37468 1:0 21058
20684 37469 1:0 21059
20704 37467 1:0 21069
20799 37437 1:0 21182
20800 37435 1:0 21189
20800 37436 1:0 21190
20809 37434 1:0 21200
20809 37404 1:0 21313
20817 37402 1:0 21320
20848 37403 1:0 21321
20930 37401 1:0 21331
20931 37371 1:0 21444
20940 37369 1:0 21451
20940 37370 1:0 21452
20946 37368 1:0 21462
20946 37351 1:0 21467
20967 37338 1:0 21575
21061 37337 1:0 21583
21061 30021 1:0 21586
21062 37336 1:0 21582
21071 37335 1:0 21593
21071 37322 1:0 21623
21071 37305 1:0 21706
21077 37303 1:0 21713
21080 29796 21:0 21104
21098 37304 1:0 21714
21192 37302 1:0 21724
21193 37272 1:0 21837
21193 37270 1:0 21844
21202 37271 1:0 21845
21202 37269 1:0 21855
21208 37252 1:0 21894
21213 37239 1:0 21968
21228 37241 1:0 21952
21323 37238 1:0 21976
21324 37237 1:0 21975
21324 37236 1:0 21986
21333 37206 1:0 22099
21333 37204 1:0 22106
21341 37205 1:0 22107
21372 37203 1:0 22117
21454 37173 1:0 22230
21455 37171 1:0 22237
21464 37172 1:0 22238
21464 37170 1:0 22248
21470 37140 1:0 22361
21490 37138 1:0 22368
21585 37139 1:0 22369
21586 37137 1:0 22379
21586 30366 1:0 22388
21586 37124 1:0 22409
21595 37107 1:0 22492
21595 37106 1:0 22500
21601 37105 1:0 22499
21621 37104 1:0 22510
21622 340 1:0 22621
21714 30074 21:0 21719
22619 339 21:0 22669
22687 38755 21:0 22695
22692 38756 0:0 22695
22694 38757 0:0 22695
22695 38758 21:0 22761
22743 38767 0:0 22745
22763 38788 21:0 22771
22764 29 0:0 22766
22770 38790 0:0 22771
22770 38789 21:0 22837
22835 38791 0:0 22837
22839 38821 21:0 22847
22846 38822 0:0 22847
22846 38823 21:0 22913
22911 38824 0:0 22913
22915 38854 21:0 22923
22922 38855 0:0 22923
22922 38856 21:0 22989
22977 38870 0:0 22978
22987 38857 0:0 22989
22991 38887 0:0 22994
22996 38888 21:0 23054
22998 38889 0:0 22999
23053 38890 0:0 23065
23067 38920 21:0 23075
23074 38922 0:0 23075
23074 38921 0:0 23075
23075 38923 21:0 23141
23143 38953 21:0 23151
23148 38955 0:0 23151
23148 38954 0:0 23151
23151 38956 21:0 23217
23216 38958 0:0 23217
23219 38986 21:0 23227
23226 38987 0:0 23227
23226 38988 21:0 23293
23291 38989 0:0 23293
23295 39019 21:0 23303
23302 39021 0:0 23303
23302 39020 21:0 23369
23367 39022 0:0 23369
23371 39052 21:0 23379
23378 39054 0:0 23379
23378 39053 0:0 23379
23379 39055 21:0 23445
23447 39085 21:0 23455
23454 39087 0:0 23455
23454 39086 21:0 23521
23519 39088 0:0 23521
23521 209 21:0 23526
23523 39118 0:0 23526
23525 38969 21:0 23526
23528 39120 21:0 23586
23530 39119 0:0 23531
23585 39121 0:0 23597
23599 39151 21:0 23607
23606 39153 0:0 23607
23606 39152 21:0 23673
23671 39154 0:0 23673
23675 39184 21:0 23683
23682 39186 0:0 23683
23682 39185 21:0 23749
23747 39187 0:0 23749
23751 39217 21:0 23759
23758 39219 0:0 23759
23758 39218 21:0 23825
23823 39220 0:0 23825
23827 39250 21:0 23835
23834 39251 0:0 23835
23834 39252 21:0 23901
23899 39253 0:0 23901
23903 39283 21:0 23911
23910 39284 0:0 23911
23910 39285 21:0 23977
23975 39286 0:0 23977
23979 39316 21:0 23987
23986 39317 0:0 23987
23986 39318 0:0 23987
23988 39317 1:0 24045
23988 39318 1:0 24046
24007 39329 21:0 24017
24016 39203 21:0 24040
24048 39316 1:0 24056
24049 39286 1:0 24169
24058 39284 1:0 24176
24058 39285 1:0 24177
24064 39283 1:0 24187
24084 39253 1:0 24300
24179 39252 1:0 24308
24180 39251 1:0 24307
24180 39250 1:0 24318
24189 39220 1:0 24431
24189 39218 1:0 24438
24197 39219 1:0 24439
24228 39217 1:0 24449
24310 39203 1:0 24488
24311 39187 1:0 24562
24311 39185 1:0 24569
24320 39186 1:0 24570
24320 39184 1:0 24580
24326 39154 1:0 24693
24347 39152 1:0 24700
24441 39153 1:0 24701
24442 39151 1:0 24711
24451 39121 1:0 24824
24451 39120 1:0 24832
24457 39119 1:0 24831
24462 39118 1:0 24842
24477 209 1:0 24846
24478 29796 1:0 24851
24572 39088 1:0 24955
24573 39086 1:0 24962
24582 39087 1:0 24963
24582 39085 1:0 24973
24588 39055 1:0 25086
24593 39053 1:0 25093
24703 39054 1:0 25094
24704 39052 1:0 25104
24704 39022 1:0 25217
24713 39020 1:0 25224
24713 39021 1:0 25225
24719 39019 1:0 25235
24740 38989 1:0 25348
24834 38988 1:0 25356
24835 38987 1:0 25355
24844 38986 1:0 25366
24844 38969 1:0 25371
24844 38958 1:0 25463
24844 38956 1:0 25479
24850 38955 1:0 25487
24852 30074 1:0 25485
24883 38954 1:0 25486
24965 38953 1:0 25497
24966 38923 1:0 25610
24975 38921 1:0 25617
24975 38922 1:0 25618
24981 38920 1:0 25628
25001 38890 1:0 25741
25096 38888 1:0 25748
25097 38889 1:0 25749
25097 38887 1:0 25759
25106 38870 1:0 25798
25106 38857 1:0 25872
25112 38856 1:0 25880
25117 38855 1:0 25879
25227 38854 1:0 25890
25228 38824 1:0 26003
25228 38823 1:0 26011
25237 38822 1:0 26010
25237 38821 1:0 26021
25243 38791 1:0 26134
25264 38789 1:0 26141
25358 38790 1:0 26142
25359 38788 1:0 26152
25359 29 1:0 26156
25368 38767 1:0 26187
25368 38758 1:0 26265
25368 38756 1:0 26272
25374 38757 1:0 26273
25395 38755 1:0 26283
25407 341 1:0 26394
25891 30249 21:0 25894
26142 30359 21:0 26147
26392 340 21:0 26442
26442 40391 21:0 26458
26458 11 21:0 26463
26460 40406 0:0 26463
26465 40408 21:0 26523
26467 40407 0:0 26468
26522 40409 0:0 26534
26522 40398 21:0 26534
26536 40439 21:0 26544
26543 40440 0:0 26544
26543 40441 21:0 26610
26608 40442 0:0 26610
26609 33 21:0 26615
26612 40472 0:0 26615
26614 47 21:0 26615
26617 40474 21:0 26675
26619 40473 0:0 26620
26674 40475 0:0 26686
26674 51 21:0 26686
26685 40483 21:0 26686
26688 40505 21:0 26696
26695 40507 0:0 26696
26695 40506 21:0 26762
26760 40508 0:0 26762
26761 40525 21:0 26767
26764 40538 0:0 26767
26766 83 21:0 26767
26766 40524 21:0 26767
26769 40540 21:0 26827
26771 40539 0:0 26772
26826 40541 0:0 26838
26840 40571 0:0 26843
26845 40572 21:0 26903
26847 40573 0:0 26848
26902 40574 0:0 26914
26902 40589 21:0 26914
26913 40590 21:0 26914
26916 40604 0:0 26919
26921 40605 21:0 26979
26923 40606 0:0 26924
26978 40607 0:0 26990
26992 40637 21:0 27000
26999 40638 0:0 27000
26999 40639 21:0 27066
27064 40640 0:0 27066
27065 40653 21:0 27071
27068 40670 0:0 27071
27073 40672 21:0 27131
27075 40671 0:0 27076
27130 40673 0:0 27142
27139 40701 21:0 27142
27144 40703 0:0 27147
27149 40704 21:0 27207
27151 40705 0:0 27152
27206 40706 0:0 27218
27206 40702 21:0 27218
27220 40736 21:0 27228
27227 40738 0:0 27228
27227 40737 21:0 27294
27292 40739 0:0 27294
27293 191 21:0 27299
27296 40769 0:0 27299
27301 40771 21:0 27359
27303 40770 0:0 27304
27358 40772 0:0 27370
27372 40802 21:0 27380
27377 40804 0:0 27380
27377 40803 0:0 27380
27380 40805 21:0 27446
27448 40835 21:0 27456
27455 40837 0:0 27456
27455 40836 0:0 27456
27456 40838 21:0 27522
27524 40868 21:0 27532
27531 40869 0:0 27532
27531 40870 21:0 27598
27596 40871 0:0 27598
27600 40901 21:0 27608
27607 40902 0:0 27608
27607 40903 21:0 27674
27673 40904 21:0 27684
27683 40934 21:0 27750
27749 40935 21:0 27760
27780 40980 21:0 27790
27789 40936 21:0 27816
27821 40936 1:0 27942
27822 40935 1:0 27949
27831 40934 1:0 27960
27831 40904 1:0 28073
27837 40903 1:0 28081
27842 40902 1:0 28080
27952 40901 1:0 28091
27953 40871 1:0 28204
27953 40870 1:0 28212
27961 29508 21:0 27964
27962 40869 1:0 28211
27962 40868 1:0 28222
27968 40838 1:0 28335
27988 40837 1:0 28343
28083 40836 1:0 28342
28084 40835 1:0 28353
28084 40805 1:0 28466
28092 29565 21:0 28095
28093 40803 1:0 28473
28093 40804 1:0 28474
28099 40802 1:0 28484
28120 40772 1:0 28597
28214 40771 1:0 28605
28215 40770 1:0 28604
28224 40769 1:0 28615
28224 40739 1:0 28728
28230 40737 1:0 28735
28235 40738 1:0 28736
28345 40736 1:0 28746
28345 191 1:0 28750
28346 40706 1:0 28859
28346 40702 1:0 28859
28355 40704 1:0 28866
28355 40705 1:0 28867
28361 40703 1:0 28877
28361 40701 1:0 28887
28381 40673 1:0 28990
28476 40672 1:0 28998
28477 40671 1:0 28997
28477 40670 1:0 29008
28486 40653 1:0 29047
28486 40640 1:0 29121
28492 40639 1:0 29129
28497 40638 1:0 29128
28607 40637 1:0 29139
28608 40607 1:0 29252
28608 40605 1:0 29259
28617 40606 1:0 29260
28617 40604 1:0 29270
28617 40590 1:0 29300
28623 40589 1:0 29309
28628 40574 1:0 29383
28738 40572 1:0 29390
28739 40573 1:0 29391
28739 40571 1:0 29401
28748 40541 1:0 29514
28748 40540 1:0 29522
28754 40539 1:0 29521
28775 40538 1:0 29532
28787 83 1:0 29536
28869 40525 1:0 29562
28869 40524 1:0 29571
28870 30249 1:0 29645
28870 40508 1:0 29645
28879 40506 1:0 29652
28879 40507 1:0 29653
28885 40505 1:0 29663
28885 40483 1:0 29755
28905 40475 1:0 29776
29000 40474 1:0 29784
29001 40473 1:0 29783
29001 51 1:0 29789
29010 40472 1:0 29794
29010 47 1:0 29798
29010 30359 1:0 29878
29010 40442 1:0 29907
29010 33 1:0 29907
29018 40441 1:0 29915
29049 40440 1:0 29914
29131 40439 1:0 29925
29132 40409 1:0 30038
29141 40407 1:0 30045
29141 40408 1:0 30046
29147 40406 1:0 30056
29147 11 1:0 30060
29149 40398 1:0 30071
29152 40391 1:0 30095
29167 342 1:0 30167
29543 30195 21:0 29567
30165 341 21:0 30215
30233 42057 0:0 30236
30238 42058 21:0 30296
30240 42059 0:0 30241
30295 42060 0:0 30307
30309 42090 0:0 30312
30314 42092 21:0 30372
30316 42091 0:0 30317
30371 42093 0:0 30383
30371 33 21:0 30383
30385 42123 21:0 30393
30390 42124 0:0 30393
30390 42125 0:0 30393
30393 42126 21:0 30459
30461 42156 21:0 30469
30468 42157 0:0 30469
30468 42158 21:0 30535
30533 42159 0:0 30535
30537 42189 21:0 30545
30544 42190 0:0 30545
30544 42191 0:0 30545
30545 42192 21:0 30611
30613 42222 21:0 30621
30620 42223 0:0 30621
30620 42224 21:0 30687
30685 42225 0:0 30687
30689 42255 21:0 30697
30696 42257 0:0 30697
30696 42256 0:0 30697
30697 42258 21:0 30763
30762 42115 21:0 30768
30765 42288 0:0 30768
30767 42172 21:0 30768
30770 42290 21:0 30828
30772 42289 0:0 30773
30827 42291 0:0 30839
30828 42308 21:0 30839
30838 42306 21:0 30839
30841 42321 21:0 30849
30848 42323 0:0 30849
30848 42322 0:0 30849
30849 42324 21:0 30915
30917 42354 0:0 30920
30922 42355 21:0 30980
30924 42356 0:0 30925
30979 42357 0:0 30991
30979 42353 21:0 30991
30993 42387 21:0 31001
31000 42389 0:0 31001
31000 42388 21:0 31067
31065 42390 0:0 31067
31069 42420 21:0 31077
31076 42421 0:0 31077
31076 42422 0:0 31077
31077 42423 21:0 31143
31145 42453 21:0 31153
31152 42454 0:0 31153
31152 42455 21:0 31219
31217 42456 0:0 31219
31221 42486 21:0 31229
31228 42487 0:0 31229
31228 42488 21:0 31295
31293 42489 0:0 31295
31297 42519 21:0 31305
31304 42521 0:0 31305
31304 42520 21:0 31371
31369 42522 0:0 31371
31373 42552 21:0 31381
31380 42553 0:0 31381
31380 42554 21:0 31447
31445 42555 0:0 31447
31449 42585 21:0 31457
31456 42587 0:0 31457
31456 42586 21:0 31523
31521 42588 0:0 31523
31525 42618 21:0 31533
31532 42619 0:0 31533
31534 42619 1:0 31591
31553 42631 21:0 31563
31594 42618 1:0 31602
31595 42588 1:0 31715
31595 29508 1:0 31715
31604 42586 1:0 31722
31604 42587 1:0 31723
31610 42585 1:0 31733
31612 29565 1:0 31846
31643 42555 1:0 31846
31725 42554 1:0 31854
31726 42553 1:0 31853
31735 42552 1:0 31864
31735 42522 1:0 31977
31741 42520 1:0 31984
31761 42521 1:0 31985
31856 42519 1:0 31995
31857 42489 1:0 32108
31857 42488 1:0 32116
31866 42487 1:0 32115
31866 42486 1:0 32126
31874 42456 1:0 32239
31905 42455 1:0 32247
31987 42454 1:0 32246
31988 42453 1:0 32257
31997 42423 1:0 32370
31997 42422 1:0 32378
32003 42421 1:0 32377
32023 42420 1:0 32388
32118 42390 1:0 32501
32119 42388 1:0 32508
32119 42389 1:0 32509
32127 29679 21:0 32130
32128 42387 1:0 32519
32128 42357 1:0 32632
32131 42353 1:0 32632
32136 42355 1:0 32639
32167 42356 1:0 32640
32249 42354 1:0 32650
32250 42324 1:0 32763
32259 42322 1:0 32770
32259 42323 1:0 32771
32265 42321 1:0 32781
32265 42308 1:0 32811
32267 42306 1:0 32820
32298 42291 1:0 32894
32380 42290 1:0 32902
32381 42289 1:0 32901
32389 29793 21:0 32392
32390 42288 1:0 32912
32390 42258 1:0 33025
32396 42257 1:0 33033
32401 42256 1:0 33032
32511 42255 1:0 33043
32512 42225 1:0 33156
32512 42224 1:0 33164
32521 42223 1:0 33163
32521 42222 1:0 33174
32527 42192 1:0 33287
32548 42190 1:0 33294
32642 42191 1:0 33295
32643 42189 1:0 33305
32643 30195 1:0 33314
32643 42172 1:0 33344
32652 42159 1:0 33418
32652 42158 1:0 33426
32658 42157 1:0 33425
32679 42156 1:0 33436
32773 42126 1:0 33549
32774 42125 1:0 33557
32783 42124 1:0 33556
32783 42123 1:0 33567
32783 42115 1:0 33582
32789 42093 1:0 33680
32809 42092 1:0 33688
32904 42091 1:0 33687
32904 33 1:0 33693
32905 42090 1:0 33698
32914 42060 1:0 33811
32914 42058 1:0 33818
32920 42059 1:0 33819
32925 42057 1:0 33829
32940 343 1:0 33940
33437 30249 21:0 33440
33938 342 21:0 33988
34006 43708 0:0 34009
34011 43709 21:0 34069
34013 43710 0:0 34014
34068 43711 0:0 34080
34082 43741 21:0 34090
34087 43742 0:0 34090
34089 43743 0:0 34090
34090 43744 21:0 34156
34155 43772 21:0 34161
34158 43774 0:0 34161
34163 43775 21:0 34221
34165 43776 0:0 34166
34220 43777 0:0 34232
34234 43807 21:0 34242
34241 43808 0:0 34242
34241 43809 0:0 34242
34242 43810 21:0 34308
34310 43840 21:0 34318
34317 43841 0:0 34318
34317 43842 0:0 34318
34318 43843 21:0 34384
34386 43873 21:0 34394
34393 43875 0:0 34394
34393 43874 21:0 34460
34458 43876 0:0 34460
34462 43906 21:0 34470
34469 43908 0:0 34470
34469 43907 0:0 34470
34470 43909 21:0 34536
34538 43939 21:0 34546
34543 43940 0:0 34546
34545 43941 0:0 34546
34546 43942 21:0 34612
34611 43893 21:0 34617
34614 43972 0:0 34617
34616 43925 21:0 34617
34619 43974 21:0 34677
34621 43973 0:0 34622
34676 43975 0:0 34688
34677 43992 21:0 34688
34690 44005 0:0 34693
34695 44006 21:0 34753
34697 44007 0:0 34698
34752 44008 0:0 34764
34752 44021 21:0 34764
34766 44038 21:0 34774
34773 44039 0:0 34774
34773 44040 21:0 34840
34838 44041 0:0 34840
34839 193 21:0 34845
34842 44071 0:0 34845
34847 44073 21:0 34905
34849 44072 0:0 34850
34904 44074 0:0 34916
34904 44089 21:0 34916
34918 44104 21:0 34926
34925 44105 0:0 34926
34925 44106 21:0 34992
34990 44107 0:0 34992
34994 44137 0:0 34997
34999 44139 21:0 35057
35001 44138 0:0 35002
35056 44140 0:0 35068
35070 44170 21:0 35078
35077 44171 0:0 35078
35077 44172 21:0 35144
35142 44173 0:0 35144
35146 44203 21:0 35154
35153 44205 0:0 35154
35153 44204 21:0 35220
35218 44206 0:0 35220
35222 44236 21:0 35230
35229 44238 0:0 35230
35229 44237 21:0 35296
35295 44239 21:0 35306
35326 44282 21:0 35336
35335 44269 21:0 35362
35367 44269 1:0 35375
35368 44239 1:0 35488
35377 44237 1:0 35495
35377 44238 1:0 35496
35383 44236 1:0 35506
35388 44206 1:0 35619
35498 44204 1:0 35626
35499 44205 1:0 35627
35499 44203 1:0 35637
35508 44173 1:0 35750
35508 44172 1:0 35758
35514 44171 1:0 35757
35535 44170 1:0 35768
35629 44140 1:0 35881
35630 44139 1:0 35889
35639 44138 1:0 35888
35639 29679 1:0 35898
35639 44137 1:0 35899
35645 44107 1:0 36012
35665 44106 1:0 36020
35758 29618 21:0 35763
35760 44105 1:0 36019
35761 44104 1:0 36030
35761 44089 1:0 36069
35761 44074 1:0 36143
35770 44072 1:0 36150
35770 44073 1:0 36151
35778 44071 1:0 36161
35781 29793 1:0 36160
35796 193 1:0 36274
35891 44041 1:0 36274
35892 44039 1:0 36281
35892 44040 1:0 36282
35901 44038 1:0 36292
35901 44021 1:0 36331
35907 44008 1:0 36405
35912 44006 1:0 36412
36022 44007 1:0 36413
36023 44005 1:0 36423
36023 43992 1:0 36453
36023 43975 1:0 36536
36032 43973 1:0 36543
36032 43974 1:0 36544
36040 43972 1:0 36554
36071 43942 1:0 36667
36153 43941 1:0 36675
36154 43940 1:0 36674
36163 43939 1:0 36685
36163 43925 1:0 36690
36163 43909 1:0 36798
36169 43908 1:0 36806
36190 43907 1:0 36805
36284 43906 1:0 36816
36284 43893 1:0 36846
36285 43876 1:0 36929
36294 43874 1:0 36936
36294 43875 1:0 36937
36300 43873 1:0 36947
36320 43843 1:0 37060
36415 43841 1:0 37067
36416 43842 1:0 37068
36416 43840 1:0 37078
36425 43810 1:0 37191
36425 43808 1:0 37198
36433 43809 1:0 37199
36436 30249 1:0 37202
36546 43807 1:0 37209
36547 43777 1:0 37322
36547 43775 1:0 37329
36556 43776 1:0 37330
36556 43774 1:0 37340
36556 43772 1:0 37345
36564 43744 1:0 37453
36595 43742 1:0 37460
36677 43743 1:0 37461
36678 43741 1:0 37471
36686 30021 21:0 36689
36687 43711 1:0 37584
36687 43709 1:0 37591
36693 43710 1:0 37592
36696 30024 21:0 36720
36698 43708 1:0 37602
36713 344 1:0 37713
37603 30420 21:0 37606
37711 343 21:0 37761
37761 45344 21:0 37777
37779 45359 0:0 37782
37784 45360 21:0 37842
37786 45361 0:0 37787
37841 45362 0:0 37853
37841 45370 21:0 37853
37855 45392 21:0 37863
37860 45393 0:0 37863
37860 45394 0:0 37863
37863 45395 21:0 37929
37928 31 21:0 37934
37931 45425 0:0 37934
37936 45426 21:0 37994
37938 45427 0:0 37939
37993 45417 21:0 38005
37993 45428 0:0 38005
38004 45437 21:0 38005
38007 45458 21:0 38015
38012 45459 0:0 38015
38012 45460 0:0 38015
38015 45461 21:0 38081
38083 45491 0:0 38086
38088 45493 21:0 38146
38090 45492 0:0 38091
38145 45494 0:0 38157
38145 45483 21:0 38157
38159 45524 21:0 38167
38166 45526 0:0 38167
38166 45525 0:0 38167
38167 45527 21:0 38233
38233 119 21:0 38238
38235 45557 0:0 38238
38237 45555 21:0 38238
38240 45558 21:0 38298
38242 45559 0:0 38243
38297 45560 0:0 38309
38297 123 21:0 38309
38308 45577 21:0 38309
38311 45590 0:0 38314
38316 45591 21:0 38374
38318 45592 0:0 38319
38373 45593 0:0 38385
38373 141 21:0 38385
38387 45623 0:0 38390
38392 45625 21:0 38450
38394 45624 0:0 38395
38449 45626 0:0 38461
38449 45635 21:0 38461
38463 45656 0:0 38466
38468 45657 21:0 38526
38470 45658 0:0 38471
38525 177 21:0 38537
38525 45659 0:0 38537
38539 45689 21:0 38547
38546 45691 0:0 38547
38546 45690 0:0 38547
38547 45692 21:0 38613
38615 45722 21:0 38623
38620 45723 0:0 38623
38622 45724 0:0 38623
38623 45725 21:0 38689
38691 45755 21:0 38699
38698 45757 0:0 38699
38698 45756 21:0 38765
38763 45758 0:0 38765
38767 45788 21:0 38775
38774 45789 0:0 38775
38774 45790 0:0 38775
38775 45791 21:0 38841
38843 45821 21:0 38851
38850 45823 0:0 38851
38850 45822 21:0 38917
38915 45824 0:0 38917
38919 45854 21:0 38927
38926 45855 0:0 38927
38926 45856 21:0 38993
38991 45857 0:0 38993
38995 45887 21:0 39003
39002 45889 21:0 39069
39068 45888 21:0 39079
39099 45933 21:0 39109
39140 45888 1:0 39261
39141 45889 1:0 39269
39150 45887 1:0 39279
39150 45857 1:0 39392
39156 45856 1:0 39400
39176 45855 1:0 39399
39269 29504 21:0 39274
39271 45854 1:0 39410
39271 29618 1:0 39523
39272 45824 1:0 39523
39272 45822 1:0 39530
39281 45823 1:0 39531
39281 45821 1:0 39541
39289 45791 1:0 39654
39320 45789 1:0 39661
39402 45790 1:0 39662
39403 45788 1:0 39672
39412 45758 1:0 39785
39412 45756 1:0 39792
39418 45757 1:0 39793
39438 45755 1:0 39803
39533 45725 1:0 39916
39534 45723 1:0 39923
39534 45724 1:0 39924
39543 45722 1:0 39934
39543 45692 1:0 40047
39551 45691 1:0 40055
39582 45690 1:0 40054
39664 45689 1:0 40065
39665 45659 1:0 40178
39674 45657 1:0 40185
39674 45658 1:0 40186
39674 177 1:0 40191
39680 45656 1:0 40196
39682 45635 1:0 40261
39713 45626 1:0 40309
39795 45625 1:0 40317
39796 45624 1:0 40316
39805 45623 1:0 40327
39805 45593 1:0 40440
39811 45591 1:0 40447
39831 45592 1:0 40448
39832 141 1:0 40453
39844 30021 1:0 40457
39926 45590 1:0 40458
39927 30024 1:0 40467
39927 45577 1:0 40488
39927 45560 1:0 40571
39936 45558 1:0 40578
39936 45559 1:0 40579
39942 123 1:0 40584
39942 45555 1:0 40591
39962 45557 1:0 40589
39963 119 1:0 40593
40057 45527 1:0 40702
40058 45525 1:0 40709
40067 45526 1:0 40710
40067 45524 1:0 40720
40073 45494 1:0 40833
40078 45493 1:0 40841
40188 45492 1:0 40840
40189 45491 1:0 40851
40189 45483 1:0 40856
40189 45461 1:0 40964
40198 45459 1:0 40971
40198 45460 1:0 40972
40206 45458 1:0 40982
40209 45437 1:0 41047
40319 45428 1:0 41095
40320 45426 1:0 41102
40320 45427 1:0 41103
40329 45425 1:0 41113
40329 45417 1:0 41118
40329 45395 1:0 41226
40335 31 1:0 41228
40340 45393 1:0 41233
40450 45394 1:0 41234
40451 45392 1:0 41244
40451 45370 1:0 41336
40451 45362 1:0 41357
40460 45360 1:0 41364
40460 45361 1:0 41365
40468 45359 1:0 41375
40471 30420 1:0 41374
40486 45344 1:0 41414
40487 345 1:0 41486
40710 30131 21:0 40715
41484 344 21:0 41534
41550 11 21:0 41555
41552 47010 0:0 41555
41557 47012 21:0 41615
41559 47011 0:0 41560
41614 47013 0:0 41626
41628 47043 0:0 41631
41633 47044 21:0 41691
41635 47045 0:0 41636
41690 47046 0:0 41702
41704 47076 21:0 41712
41711 47078 0:0 41712
41711 47077 0:0 41712
41712 47079 21:0 41778
41780 47109 21:0 41788
41787 47110 0:0 41788
41787 47111 21:0 41854
41852 47112 0:0 41854
41853 47 21:0 41859
41856 47142 0:0 41859
41858 47096 21:0 41859
41861 47143 21:0 41919
41863 47144 0:0 41864
41918 47145 0:0 41930
41918 47141 21:0 41930
41929 47153 21:0 41930
41932 47175 21:0 41940
41939 47177 0:0 41940
41939 47176 21:0 42006
42004 47178 0:0 42006
42008 47208 0:0 42011
42013 47210 21:0 42071
42015 47209 0:0 42016
42070 47211 0:0 42082
42070 47200 21:0 42082
42081 47239 21:0 42082
42084 47241 21:0 42092
42091 47242 0:0 42092
42091 47243 21:0 42158
42156 47244 0:0 42158
42157 47261 21:0 42163
42160 47274 0:0 42163
42162 139 21:0 42163
42165 47275 21:0 42223
42167 47276 0:0 42168
42222 47277 0:0 42234
42222 47259 21:0 42234
42233 137 21:0 42234
42233 47286 21:0 42239
42236 47307 0:0 42239
42238 47246 21:0 42239
42241 47308 21:0 42299
42243 47309 0:0 42244
42298 175 21:0 42310
42298 47310 0:0 42310
42312 47340 21:0 42320
42319 47341 0:0 42320
42319 47342 0:0 42320
42320 47343 21:0 42386
42385 47351 21:0 42391
42388 47373 0:0 42391
42393 47375 21:0 42451
42395 47374 0:0 42396
42450 47372 21:0 42462
42450 47376 0:0 42462
42464 47406 0:0 42467
42469 47407 21:0 42527
42471 47408 0:0 42472
42526 47409 0:0 42538
42540 47439 21:0 42548
42547 47441 0:0 42548
42547 47440 21:0 42614
42612 47442 0:0 42614
42616 47472 21:0 42624
42623 47474 0:0 42624
42623 47473 21:0 42690
42688 47475 0:0 42690
42692 47505 21:0 42700
42699 47507 0:0 42700
42699 47506 21:0 42766
42765 47508 21:0 42776
42775 47538 21:0 42842
42841 47540 21:0 42852
42851 47539 21:0 42905
42901 29504 1:0 42926
42904 47584 21:0 42905
42913 47539 1:0 43034
42914 47540 1:0 43042
42923 47538 1:0 43052
42923 47508 1:0 43165
42929 47506 1:0 43172
42949 47507 1:0 43173
43044 47505 1:0 43183
43045 47475 1:0 43296
43045 47473 1:0 43303
43054 47474 1:0 43304
43054 47472 1:0 43314
43062 47442 1:0 43427
43063 29511 21:0 43087
43081 47440 1:0 43434
43088 26144 1:0 58088
43175 47441 1:0 43435
43176 47439 1:0 43445
43185 47409 1:0 43558
43185 47407 1:0 43565
43191 47408 1:0 43566
43196 47406 1:0 43576
43211 47372 1:0 43689
43306 47376 1:0 43689
43307 47374 1:0 43696
43307 47375 1:0 43697
43316 47373 1:0 43707
43316 47351 1:0 43712
43322 47343 1:0 43820
43327 47342 1:0 43828
43437 47341 1:0 43827
43438 47340 1:0 43838
43438 47310 1:0 43951
43438 175 1:0 43951
43447 47308 1:0 43958
43447 47309 1:0 43959
43455 47307 1:0 43969
43458 47286 1:0 44034
43566 29732 21:0 43571
43568 47277 1:0 44082
43569 47275 1:0 44089
43569 47276 1:0 44090
43578 47274 1:0 44100
43578 47261 1:0 44130
43578 47246 1:0 44130
43578 47259 1:0 44139
43578 139 1:0 44213
43584 47244 1:0 44213
43604 47243 1:0 44221
43697 29789 21:0 43702
43699 47242 1:0 44220
43700 47241 1:0 44231
43700 137 1:0 44235
43700 47239 1:0 44241
43709 47211 1:0 44344
43709 47210 1:0 44352
43715 47209 1:0 44351
43720 47208 1:0 44362
43735 47200 1:0 44377
43830 30131 1:0 44475
43830 47178 1:0 44475
43831 47176 1:0 44482
43840 47177 1:0 44483
43840 47175 1:0 44493
43840 47153 1:0 44577
43846 47145 1:0 44606
43846 47141 1:0 44606
43867 47143 1:0 44613
43961 47144 1:0 44614
43962 47142 1:0 44624
43971 47112 1:0 44737
43971 47111 1:0 44745
43977 47110 1:0 44744
43982 47109 1:0 44755
43997 47096 1:0 44760
44092 47079 1:0 44868
44093 47077 1:0 44875
44093 47078 1:0 44876
44102 47076 1:0 44886
44102 47 1:0 44890
44108 47046 1:0 44999
44113 47044 1:0 45006
44223 47045 1:0 45007
44224 47043 1:0 45017
44224 47013 1:0 45130
44233 47011 1:0 45137
44233 47012 1:0 45138
44239 47010 1:0 45148
44241 11 1:0 45152
44244 346 1:0 45259
44876 30302 21:0 44881
45257 345 21:0 45307
45325 48661 0:0 45328
45330 48662 21:0 45388
45332 48663 0:0 45333
45387 48664 0:0 45399
45390 48666 21:0 45399
45401 48694 21:0 45409
45408 48696 0:0 45409
45408 48695 21:0 45475
45473 48697 0:0 45475
45474 33 21:0 45480
45477 48727 0:0 45480
45479 48714 21:0 45480
45482 48728 21:0 45540
45484 48729 0:0 45485
45539 48730 0:0 45551
45542 48732 21:0 45551
45553 48760 0:0 45556
45558 48762 21:0 45616
45560 48761 0:0 45561
45615 48752 21:0 45627
45615 48763 0:0 45627
45629 48793 0:0 45632
45634 48794 21:0 45692
45636 48795 0:0 45637
45691 48792 21:0 45703
45691 48796 0:0 45703
45705 48826 21:0 45713
45710 48827 0:0 45713
45712 48828 0:0 45713
45713 48829 21:0 45779
45778 48825 21:0 45784
45781 48859 0:0 45784
45786 48861 21:0 45844
45788 48860 0:0 45789
45843 48862 0:0 45855
45844 48879 21:0 45855
45857 48892 0:0 45860
45862 48893 21:0 45920
45864 48894 0:0 45865
45919 48904 21:0 45931
45919 48895 0:0 45931
45930 48903 21:0 45931
45933 48925 0:0 45936
45938 48927 21:0 45996
45940 48926 0:0 45941
45995 48928 0:0 46007
46009 48958 21:0 46017
46016 48959 0:0 46017
46016 48960 21:0 46083
46081 48961 0:0 46083
46085 48991 21:0 46093
46092 48992 0:0 46093
46092 48993 0:0 46093
46093 48994 21:0 46159
46161 49024 21:0 46169
46168 49025 0:0 46169
46168 49026 21:0 46235
46233 49027 0:0 46235
46237 49057 21:0 46245
46244 49059 0:0 46245
46244 49058 0:0 46245
46245 49060 21:0 46311
46310 48990 21:0 46316
46313 49090 0:0 46316
46315 48974 21:0 46316
46318 49092 21:0 46376
46320 49091 0:0 46321
46375 49077 21:0 46387
46375 49093 0:0 46387
46386 49035 21:0 46387
46389 49123 21:0 46397
46396 49124 0:0 46397
46396 49125 21:0 46463
46461 49126 0:0 46463
46465 49156 21:0 46473
46472 49157 0:0 46473
46472 49158 21:0 46539
46538 49159 21:0 46549
46548 49189 21:0 46615
46614 49190 21:0 46625
46624 49191 21:0 46678
46677 49235 21:0 46678
46686 49191 1:0 46807
46687 49190 1:0 46814
46696 49189 1:0 46825
46696 29511 1:0 46830
46696 49159 1:0 46938
46702 49158 1:0 46946
46722 49157 1:0 46945
46815 29504 21:0 46820
46817 49156 1:0 46956
46818 49126 1:0 47069
46818 49125 1:0 47077
46827 49124 1:0 47076
46827 49123 1:0 47087
46833 49093 1:0 47200
46854 49092 1:0 47208
46948 49091 1:0 47207
46949 49090 1:0 47218
46949 49077 1:0 47223
46958 49060 1:0 47331
46958 29732 1:0 47337
46958 49059 1:0 47339
46964 49058 1:0 47338
46985 49057 1:0 47349
46997 29789 1:0 47433
47079 49027 1:0 47462
47080 49035 1:0 47441
47080 49026 1:0 47470
47089 49025 1:0 47469
47089 49024 1:0 47480
47095 48994 1:0 47593
47097 48990 1:0 47604
47128 48993 1:0 47601
47210 48992 1:0 47600
47211 48991 1:0 47611
47211 48974 1:0 47650
47220 48961 1:0 47724
47220 48960 1:0 47732
47226 48959 1:0 47731
47247 48958 1:0 47742
47341 48928 1:0 47855
47342 48927 1:0 47863
47351 48926 1:0 47862
47351 48925 1:0 47873
47351 48904 1:0 47938
47357 48903 1:0 47965
47357 48895 1:0 47986
47378 48893 1:0 47993
47472 48894 1:0 47994
47473 48892 1:0 48004
47473 48879 1:0 48034
47482 48862 1:0 48117
47482 48861 1:0 48125
47488 48860 1:0 48124
47508 48859 1:0 48135
47603 48829 1:0 48248
47604 48827 1:0 48255
47604 48828 1:0 48256
47613 48825 1:0 48259
47613 48826 1:0 48266
47619 48796 1:0 48379
47619 48792 1:0 48379
47639 48794 1:0 48386
47734 48795 1:0 48387
47735 48793 1:0 48397
47735 48763 1:0 48510
47744 48761 1:0 48517
47744 48762 1:0 48518
47752 48760 1:0 48528
47755 48752 1:0 48543
47770 30302 1:0 48612
47771 48732 1:0 48625
47865 48730 1:0 48641
47866 48728 1:0 48648
47875 48729 1:0 48649
47875 48727 1:0 48659
47875 48714 1:0 48689
47875 33 1:0 48772
47881 48697 1:0 48772
47902 48695 1:0 48779
47996 48696 1:0 48780
47997 48694 1:0 48790
48006 48666 1:0 48887
48006 48664 1:0 48903
48006 48662 1:0 48910
48012 48663 1:0 48911
48032 48661 1:0 48921
48033 347 1:0 49032
49030 346 21:0 49080
49098 50312 0:0 49101
49103 50313 21:0 49161
49105 50314 0:0 49106
49160 50315 0:0 49172
49174 50345 0:0 49177
49179 50347 21:0 49237
49181 50346 0:0 49182
49236 50348 0:0 49248
49250 50378 21:0 49258
49257 50379 0:0 49258
49257 50380 0:0 49258
49258 50381 21:0 49324
49326 50411 21:0 49334
49333 50412 0:0 49334
49333 50413 0:0 49334
49334 50414 21:0 49400
49402 50444 21:0 49410
49409 50445 0:0 49410
49409 50446 0:0 49410
49410 50447 21:0 49476
49475 50416 21:0 49481
49478 50477 0:0 49481
49480 50389 21:0 49481
49483 50479 21:0 49541
49485 50478 0:0 49486
49540 50480 0:0 49552
49543 50482 21:0 49552
49551 49 21:0 49552
49554 50510 21:0 49562
49559 50512 0:0 49562
49561 50511 0:0 49562
49562 50513 21:0 49628
49630 50543 21:0 49638
49637 50545 0:0 49638
49637 50544 21:0 49704
49702 50546 0:0 49704
49703 139 21:0 49709
49706 50576 0:0 49709
49708 50562 21:0 49709
49711 50577 21:0 49769
49713 50578 0:0 49714
49768 50431 21:0 49780
49768 50579 0:0 49780
49782 50609 0:0 49785
49787 50611 21:0 49845
49789 50610 0:0 49790
49844 50612 0:0 49856
49845 50629 21:0 49856
49858 50642 21:0 49866
49865 50644 0:0 49866
49865 50643 21:0 49932
49930 50645 0:0 49932
49934 50675 21:0 49942
49941 50677 0:0 49942
49941 50676 0:0 49942
49942 50678 21:0 50008
50007 50658 21:0 50013
50010 50708 0:0 50013
50015 50710 21:0 50073
50017 50709 0:0 50018
50072 50711 0:0 50084
50086 50741 21:0 50094
50093 50742 0:0 50094
50093 50743 0:0 50094
50094 50744 21:0 50160
50162 50774 21:0 50170
50169 50776 0:0 50170
50169 50775 21:0 50236
50234 50777 0:0 50236
50238 50807 21:0 50246
50245 50808 0:0 50246
50245 50809 21:0 50312
50310 50810 0:0 50312
50314 50840 21:0 50322
50321 50841 0:0 50322
50321 50842 21:0 50388
50387 50843 21:0 50398
50418 50886 21:0 50428
50427 50873 21:0 50454
50459 50873 1:0 50467
50459 29504 1:0 50472
50460 50843 1:0 50580
50469 50841 1:0 50587
50469 50842 1:0 50588
50475 50840 1:0 50598
50495 50810 1:0 50711
50590 50809 1:0 50719
50591 50808 1:0 50718
50591 50807 1:0 50729
50600 50777 1:0 50842
50600 50775 1:0 50849
50608 50776 1:0 50850
50639 50774 1:0 50860
50721 50744 1:0 50973
50722 50742 1:0 50980
50731 50743 1:0 50981
50731 50741 1:0 50991
50737 50711 1:0 51104
50757 50710 1:0 51112
50852 50709 1:0 51111
50853 50708 1:0 51122
50853 50678 1:0 51235
50862 50676 1:0 51242
50862 50677 1:0 51243
50870 50675 1:0 51253
50873 50658 1:0 51292
50983 50645 1:0 51366
50984 50643 1:0 51373
50984 50644 1:0 51374
50993 50642 1:0 51384
50993 50629 1:0 51414
50993 50612 1:0 51497
51001 50611 1:0 51505
51032 50610 1:0 51504
51114 50609 1:0 51515
51115 50579 1:0 51628
51124 50577 1:0 51635
51124 50578 1:0 51636
51130 50576 1:0 51646
51130 50562 1:0 51685
51132 139 1:0 51759
51163 50546 1:0 51759
51245 50544 1:0 51766
51246 50545 1:0 51767
51255 50543 1:0 51777
51255 50513 1:0 51890
51261 50511 1:0 51897
51281 50512 1:0 51898
51376 50510 1:0 51908
51377 50482 1:0 52005
51377 50480 1:0 52021
51386 50478 1:0 52028
51386 50479 1:0 52029
51392 50477 1:0 52039
51397 50447 1:0 52152
51507 50446 1:0 52160
51507 50431 1:0 52163
51508 50445 1:0 52159
51508 50444 1:0 52170
51516 29907 21:0 51519
51517 50416 1:0 52175
51517 50414 1:0 52283
51520 50412 1:0 52290
51525 50413 1:0 52291
51556 50411 1:0 52301
51638 50389 1:0 52306
51639 50381 1:0 52414
51639 49 1:0 52416
51639 50379 1:0 52421
51648 50380 1:0 52422
51648 50378 1:0 52432
51656 50348 1:0 52545
51687 50347 1:0 52553
51767 30017 21:0 51772
51769 50346 1:0 52552
51770 50345 1:0 52563
51779 50315 1:0 52676
51779 50313 1:0 52683
51785 50314 1:0 52684
51790 50312 1:0 52694
51805 348 1:0 52805
52040 30135 21:0 52043
52302 30249 21:0 52305
52803 347 21:0 52853
52871 51963 0:0 52874
52876 51965 21:0 52934
52878 51964 0:0 52879
52933 51966 0:0 52945
52933 51982 21:0 52945
52944 51955 21:0 52945
52944 51981 21:0 52950
52947 51996 0:0 52950
52952 51997 21:0 53010
52954 51998 0:0 52955
53009 52014 21:0 53021
53009 51999 0:0 53021
53020 52012 21:0 53021
53023 52029 21:0 53031
53030 52031 0:0 53031
53030 52030 21:0 53097
53095 52032 0:0 53097
53096 52041 21:0 53102
53099 52062 0:0 53102
53104 52063 21:0 53162
53106 52064 0:0 53107
53161 52065 0:0 53173
53175 52095 0:0 53178
53180 52097 21:0 53238
53182 52096 0:0 53183
53237 52098 0:0 53249
53251 52128 21:0 53259
53258 52130 0:0 53259
53258 52129 21:0 53325
53323 52131 0:0 53325
53327 52161 21:0 53335
53332 52163 0:0 53335
53334 52162 0:0 53335
53335 52164 21:0 53401
53403 52194 21:0 53411
53410 52196 0:0 53411
53410 52195 0:0 53411
53411 52197 21:0 53477
53476 121 21:0 53482
53479 52227 0:0 53482
53481 52147 21:0 53482
53484 52228 21:0 53542
53486 52229 0:0 53487
53541 52193 21:0 53553
53541 52230 0:0 53553
53552 52226 21:0 53553
53552 52148 21:0 53558
53555 52260 0:0 53558
53560 52261 21:0 53618
53562 52262 0:0 53563
53617 52263 0:0 53629
53631 52293 0:0 53634
53636 52295 21:0 53694
53638 52294 0:0 53639
53693 52296 0:0 53705
53702 52324 21:0 53705
53704 52312 21:0 53705
53707 52326 21:0 53715
53714 52327 0:0 53715
53714 52328 21:0 53781
53779 52329 0:0 53781
53780 52357 21:0 53786
53783 52359 0:0 53786
53788 52361 21:0 53846
53790 52360 0:0 53791
53845 52377 21:0 53857
53845 52362 0:0 53857
53856 231 21:0 53857
53859 52392 0:0 53862
53864 52394 21:0 53922
53866 52393 0:0 53867
53921 52395 0:0 53933
53921 52391 21:0 53933
53932 249 21:0 53933
53935 52425 21:0 53943
53942 52426 0:0 53943
53942 52427 21:0 54009
54007 52428 0:0 54009
54011 52458 21:0 54019
54018 52460 21:0 54085
54084 52459 21:0 54095
54094 52461 21:0 54161
54160 52493 21:0 54171
54170 52492 21:0 54224
54223 52491 21:0 54235
54234 52537 21:0 54235
54236 52491 1:0 54245
54236 52492 1:0 54353
54236 52493 1:0 54361
54242 52461 1:0 54376
54242 52459 1:0 54484
54248 52460 1:0 54492
54253 52458 1:0 54502
54363 52428 1:0 54615
54364 52426 1:0 54622
54364 52427 1:0 54623
54373 52425 1:0 54633
54373 52395 1:0 54746
54373 52391 1:0 54746
54381 52394 1:0 54754
54412 52393 1:0 54753
54494 249 1:0 54759
54495 52392 1:0 54764
54495 52377 1:0 54803
54495 52362 1:0 54877
54504 52360 1:0 54884
54504 52361 1:0 54885
54510 231 1:0 54890
54513 29568 21:0 54537
54515 52359 1:0 54895
54530 52357 1:0 54905
54625 52329 1:0 55008
54626 52327 1:0 55015
54626 52328 1:0 55016
54635 52326 1:0 55026
54635 52324 1:0 55036
54635 52312 1:0 55065
54641 52296 1:0 55139
54646 52295 1:0 55147
54756 52294 1:0 55146
54757 52293 1:0 55157
54757 52263 1:0 55270
54766 52261 1:0 55277
54766 52262 1:0 55278
54766 29907 1:0 55287
54774 52260 1:0 55288
54777 52226 1:0 55401
54887 52230 1:0 55401
54888 52228 1:0 55408
54888 52229 1:0 55409
54897 52227 1:0 55419
54897 52197 1:0 55532
54897 52193 1:0 55543
54905 52196 1:0 55540
54936 52195 1:0 55539
55018 30017 1:0 55538
55019 52194 1:0 55550
55019 52164 1:0 55663
55019 121 1:0 55665
55028 52162 1:0 55670
55028 52163 1:0 55671
55036 52161 1:0 55681
55039 52148 1:0 55711
55054 52147 1:0 55720
55149 30135 1:0 55794
55149 52131 1:0 55794
55150 52129 1:0 55801
55159 52130 1:0 55802
55159 52128 1:0 55812
55165 52098 1:0 55925
55170 52097 1:0 55933
55280 52096 1:0 55932
55281 52095 1:0 55943
55281 52065 1:0 56056
55290 52063 1:0 56063
55290 52064 1:0 56064
55290 30249 1:0 56073
55298 52062 1:0 56074
55301 52041 1:0 56139
55411 52032 1:0 56187
55412 52030 1:0 56194
55412 52031 1:0 56195
55420 29964 21:0 55423
55421 52029 1:0 56205
55421 52012 1:0 56235
55421 52014 1:0 56244
55424 51999 1:0 56318
55429 51997 1:0 56325
55460 51998 1:0 56326
55542 51996 1:0 56336
55543 51981 1:0 56366
55543 51982 1:0 56375
55543 51966 1:0 56449
55552 51964 1:0 56456
55552 51965 1:0 56457
55560 51963 1:0 56467
55563 51955 1:0 56482
55578 349 1:0 56578
55579 26143 1:0 58097
56576 348 21:0 56626
56644 53614 0:0 56647
56649 53616 21:0 56707
56651 53615 0:0 56652
56706 53632 21:0 56718
56706 53617 0:0 56718
56718 29 21:0 56723
56720 53647 0:0 56723
56725 53649 21:0 56783
56727 53648 0:0 56728
56782 53650 0:0 56794
56782 53658 21:0 56794
56796 53680 21:0 56804
56801 53682 0:0 56804
56801 53681 0:0 56804
56804 53683 21:0 56870
56869 53691 21:0 56875
56872 53713 0:0 56875
56877 53715 21:0 56935
56879 53714 0:0 56880
56934 53725 21:0 56946
56934 53716 0:0 56946
56946 83 21:0 56951
56948 53746 0:0 56951
56953 53747 21:0 57011
56955 53748 0:0 56956
57010 53749 0:0 57022
57024 53779 21:0 57032
57031 53781 0:0 57032
57031 53780 21:0 57098
57096 53782 0:0 57098
57097 53799 0:0 57098
57097 53798 21:0 57103
57100 53812 0:0 57103
57102 53784 21:0 57103
57105 53814 21:0 57163
57107 53813 0:0 57108
57162 53824 21:0 57174
57162 53815 0:0 57174
57173 53811 21:0 57174
57173 53832 21:0 57179
57176 53845 0:0 57179
57181 53847 21:0 57239
57183 53846 0:0 57184
57238 53848 0:0 57250
57238 53844 21:0 57250
57249 53850 21:0 57250
57252 53878 21:0 57260
57259 53880 0:0 57260
57259 53879 0:0 57260
57260 53881 21:0 57326
57328 53911 21:0 57336
57335 53913 0:0 57336
57335 53912 21:0 57402
57400 53914 0:0 57402
57404 53944 21:0 57412
57411 53946 0:0 57412
57411 53945 0:0 57412
57412 53947 21:0 57478
57477 53943 21:0 57483
57480 53977 0:0 57483
57482 53877 21:0 57483
57485 53978 21:0 57543
57487 53979 0:0 57488
57542 53980 0:0 57554
57542 53856 21:0 57554
57554 227 21:0 57559
57556 54010 0:0 57559
57561 54011 21:0 57619
57563 54012 0:0 57564
57618 54009 21:0 57630
57618 54013 0:0 57630
57630 245 21:0 57635
57632 54043 0:0 57635
57637 54045 21:0 57695
57639 54044 0:0 57640
57694 54046 0:0 57706
57708 54076 21:0 57716
57715 54078 0:0 57716
57715 54077 21:0 57782
57780 54079 0:0 57782
57784 54109 21:0 57792
57791 54111 21:0 57858
57857 54110 21:0 57868
57867 54142 21:0 57934
57933 54112 21:0 57944
57943 54145 21:0 58007
58015 54145 1:0 58056
58016 26150 1:0 58107
58016 26151 1:0 58176
58016 26152 1:0 58177
58016 26153 1:0 58186
58016 26154 1:0 58187
58016 26155 1:0 58196
58016 26290 1:0 58318
58016 26291 1:0 58328
58025 26156 1:0 58197
58025 54112 1:0 58237
58031 54142 1:0 58244
58036 54110 1:0 58328
58051 26303 1:0 58418
58052 26298 1:0 58397
58064 26299 1:0 58398
58064 26300 1:0 58407
58105 26296 1:0 58387
58105 26297 1:0 58388
58105 26301 1:0 58408
58113 26302 1:0 58417
58135 54111 1:0 58455
58184 26448 1:0 58629
58186 26151 21:0 58228
58194 26446 1:0 58619
58226 26155 0:0 58228
58227 26144 21:0 58228
58227 26152 0:0 58228
58227 26154 0:0 58228
58227 26156 0:0 58228
58227 26153 0:0 58228
58227 26149 21:0 58228
58227 26143 21:0 58228
58227 26150 21:0 58228
58236 54109 1:0 58465
58236 29568 1:0 58474
58237 54079 1:0 58550
58237 26437 1:0 58578
58237 26438 1:0 58579
58237 26445 1:0 58618
58237 26447 1:0 58628
58246 26443 1:0 58608
58246 26444 1:0 58609
58246 26449 1:0 58638
58246 26450 1:0 58639
58246 54077 1:0 58675
58246 26590 1:0 58770
58252 54078 1:0 58676
58273 54076 1:0 58686
58285 26596 1:0 58859
58339 54046 1:0 58889
58354 26593 1:0 58840
58355 26592 1:0 58839
58355 26594 1:0 58849
58356 26595 1:0 58850
58405 26584 1:0 58799
58405 26585 1:0 58800
58405 26591 1:0 58830
58405 26738 1:0 58991
58415 26597 1:0 58860
58424 26303 21:0 58449
58425 26740 1:0 59061
58447 26301 0:0 58449
58447 26302 0:0 58449
58448 26299 0:0 58449
58448 26298 0:0 58449
58448 26291 21:0 58449
58448 26290 21:0 58449
58448 26300 0:0 58449
58448 26297 0:0 58449
58448 26296 0:0 58449
58457 54045 1:0 58897
58458 54044 1:0 58896
58467 54043 1:0 58907
58467 245 1:0 58911
58467 54009 1:0 58981
58467 54013 1:0 58992
58473 26739 1:0 59060
58473 26741 1:0 59070
58473 26742 1:0 59071
58475 26731 1:0 59020
58475 26732 1:0 59021
58475 26737 1:0 59050
58475 26884 1:0 59212
58478 26743 1:0 59080
58493 26744 1:0 59081
58547 54011 1:0 59117
58576 54012 1:0 59118
58635 26448 21:0 58670
58646 54010 1:0 59128
58668 26446 0:0 58670
58668 26447 0:0 58670
58668 26445 0:0 58670
58669 26450 0:0 58670
58669 26437 0:0 58670
58669 26449 0:0 58670
58669 26443 0:0 58670
58669 26438 0:0 58670
58669 26444 0:0 58670
58678 227 1:0 59132
58678 26886 1:0 59281
58678 26887 1:0 59282
58678 26891 1:0 59302
58679 53980 1:0 59213
58679 26878 1:0 59241
58679 26879 1:0 59242
58679 26888 1:0 59291
58679 26889 1:0 59292
58688 26885 1:0 59272
58688 26890 1:0 59301
58688 53978 1:0 59338
58688 27031 1:0 59433
58688 27179 1:0 59644
58694 53979 1:0 59339
58714 53977 1:0 59349
58715 27033 1:0 59502
58768 53947 1:0 59433
58776 27172 1:0 59654
58781 27034 1:0 59503
58796 27035 1:0 59512
58797 27025 1:0 59462
58797 27026 1:0 59463
58797 27032 1:0 59493
58797 27036 1:0 59513
58798 27037 1:0 59522
58847 27038 1:0 59523
58857 53943 1:0 59563
58867 27183 1:0 59734
58869 26596 21:0 58891
58890 26590 21:0 58891
58890 26591 0:0 58891
58890 26592 0:0 58891
58890 26597 0:0 58891
58890 26584 0:0 58891
58890 26594 0:0 58891
58890 26593 0:0 58891
58890 26595 0:0 58891
58890 26585 0:0 58891
58899 53945 1:0 59559
58900 53946 1:0 59560
58900 27180 1:0 59723
58900 27181 1:0 59724
58909 53944 1:0 59570
58909 53914 1:0 59655
58915 27173 1:0 59684
58915 27178 1:0 59713
58915 27182 1:0 59733
58915 27184 1:0 59743
58917 27185 1:0 59744
58948 53912 1:0 59780
59002 53913 1:0 59781
59019 53911 1:0 59791
59067 26740 21:0 59112
59068 27326 1:0 59875
59078 27327 1:0 59944
59088 27328 1:0 59945
59110 26739 0:0 59112
59110 26741 0:0 59112
59111 26738 21:0 59112
59111 26732 0:0 59112
59111 26737 0:0 59112
59111 26744 0:0 59112
59111 26743 0:0 59112
59111 26742 0:0 59112
59111 26731 0:0 59112
59120 53881 1:0 59875
59121 27319 1:0 59904
59121 27320 1:0 59905
59121 27325 1:0 59934
59121 27329 1:0 59954
59121 27330 1:0 59955
59121 27331 1:0 59964
59121 27332 1:0 59965
59121 29964 1:0 60005
59130 53879 1:0 60001
59130 53880 1:0 60002
59130 53877 1:0 60005
59138 53878 1:0 60012
59141 53850 1:0 60042
59156 53856 1:0 60042
59157 53844 1:0 60086
59218 53848 1:0 60097
59223 27466 1:0 60096
59238 27474 1:0 60165
59239 27475 1:0 60166
59239 27476 1:0 60175
59240 27467 1:0 60126
59240 27473 1:0 60156
59240 27477 1:0 60176
59289 27472 1:0 60155
59299 27478 1:0 60185
59308 26891 21:0 59333
59309 27479 1:0 60186
59331 26888 0:0 59333
59331 26889 0:0 59333
59331 26887 0:0 59333
59332 26879 0:0 59333
59332 26890 0:0 59333
59332 26886 0:0 59333
59332 26885 0:0 59333
59332 26878 0:0 59333
59332 26884 21:0 59333
59341 53847 1:0 60223
59342 53846 1:0 60222
59342 27621 1:0 60386
59342 27622 1:0 60387
59351 53845 1:0 60233
59351 53811 1:0 60263
59351 53832 1:0 60263
59351 53824 1:0 60298
59357 53815 1:0 60318
59359 27623 1:0 60396
59362 27613 1:0 60346
59362 27614 1:0 60347
59362 27620 1:0 60377
59362 27624 1:0 60397
59377 27619 1:0 60376
59377 27760 1:0 60538
59378 27625 1:0 60406
59390 27626 1:0 60407
59444 53814 1:0 60444
59461 53813 1:0 60443
59512 27033 21:0 59554
59553 27026 0:0 59554
59553 27035 0:0 59554
59553 27031 21:0 59554
59553 27037 0:0 59554
59553 27038 0:0 59554
59553 27036 0:0 59554
59553 27034 0:0 59554
59553 27032 0:0 59554
59553 27025 0:0 59554
59562 53812 1:0 60454
59562 53784 1:0 60484
59562 53799 1:0 60484
59562 53798 1:0 60493
59563 27769 1:0 60608
59563 27770 1:0 60617
59563 53782 1:0 60656
59572 27761 1:0 60568
59572 27766 1:0 60597
59572 27767 1:0 60598
59572 27768 1:0 60607
59572 27771 1:0 60618
59572 27772 1:0 60627
59572 27773 1:0 60628
59572 27914 1:0 60759
59578 53780 1:0 60664
59583 53781 1:0 60665
59611 53779 1:0 60675
59652 27920 1:0 60849
59660 27916 1:0 60829
59665 27915 1:0 60828
59731 53749 1:0 60877
59740 27183 21:0 59775
59741 27917 1:0 60838
59751 27907 1:0 60788
59751 27908 1:0 60789
59751 27913 1:0 60818
59751 27918 1:0 60839
59773 27180 0:0 59775
59773 27181 0:0 59775
59773 27184 0:0 59775
59774 27182 0:0 59775
59774 27185 0:0 59775
59774 27173 0:0 59775
59774 27179 21:0 59775
59774 27172 21:0 59775
59774 27178 0:0 59775
59783 27919 1:0 60848
59783 28060 1:0 60980
59784 53747 1:0 60885
59784 53748 1:0 60886
59793 53746 1:0 60896
59793 83 1:0 60900
59793 53725 1:0 60961
59793 28066 1:0 61069
59799 53716 1:0 60981
59801 28063 1:0 61050
59804 28062 1:0 61049
59819 28064 1:0 61059
59820 28054 1:0 61009
59820 28055 1:0 61010
59820 28061 1:0 61040
59820 28065 1:0 61060
59832 28067 1:0 61070
59886 53715 1:0 61107
59901 28354 1:0 61422
59952 53714 1:0 61106
59954 27327 21:0 59996
59962 28210 1:0 61271
59972 28209 1:0 61270
59994 27329 0:0 59996
59995 27320 0:0 59996
59995 27332 0:0 59996
59995 27325 0:0 59996
59995 27319 0:0 59996
59995 27326 21:0 59996
59995 27330 0:0 59996
59995 27331 0:0 59996
59995 27328 0:0 59996
60004 53713 1:0 61117
60005 53683 1:0 61201
60005 53691 1:0 61201
60005 28211 1:0 61280
60014 28201 1:0 61230
60014 28202 1:0 61231
60014 28207 1:0 61260
60014 28208 1:0 61261
60014 28212 1:0 61281
60014 28213 1:0 61290
60014 28214 1:0 61291
60014 53681 1:0 61327
60022 53682 1:0 61328
60053 53680 1:0 61338
60053 53658 1:0 61412
60122 53650 1:0 61423
60123 28356 1:0 61491
60123 28361 1:0 61512
60124 28357 1:0 61492
60173 28358 1:0 61501
60175 27474 21:0 60217
60183 28359 1:0 61502
60193 28348 1:0 61451
60193 28349 1:0 61452
60193 28355 1:0 61482
60193 28501 1:0 61633
60215 27476 0:0 60217
60216 27472 0:0 60217
60216 27477 0:0 60217
60216 27479 0:0 60217
60216 27478 0:0 60217
60216 27473 0:0 60217
60216 27467 0:0 60217
60216 27466 21:0 60217
60216 27475 0:0 60217
60225 28360 1:0 61511
60225 28496 1:0 61643
60226 53648 1:0 61548
60226 53649 1:0 61549
60235 53647 1:0 61559
60235 29 1:0 61563
60235 53632 1:0 61582
60235 52537 1:0 61592
60235 50886 1:0 61624
60241 53617 1:0 61644
60243 28503 1:0 61712
60246 28504 1:0 61713
60261 28505 1:0 61722
60262 28495 1:0 61672
60262 28502 1:0 61703
60262 28506 1:0 61723
60274 28507 1:0 61732
60274 28508 1:0 61733
60343 53616 1:0 61770
60396 27621 21:0 60438
60404 53615 1:0 61769
60404 49235 1:0 61776
60414 45933 1:0 61776
60414 47584 1:0 61776
60436 27625 0:0 60438
60437 27624 0:0 60438
60437 27626 0:0 60438
60437 27623 0:0 60438
60437 27614 0:0 60438
60437 27619 0:0 60438
60437 27620 0:0 60438
60437 27613 0:0 60438
60437 27622 0:0 60438
60446 53614 1:0 61780
60447 40980 1:0 61782
60447 44282 1:0 61782
60447 42631 1:0 61782
60447 39329 1:0 61785
60447 36027 1:0 61785
60447 37678 1:0 61785
60447 32725 1:0 61810
60447 34376 1:0 61810
60447 31074 1:0 61810
60447 334 1:0 61835
60456 29423 1:0 61864
60456 28642 1:0 61893
60456 28643 1:0 61894
60456 28648 1:0 61923
60456 28649 1:0 61924
60456 28650 1:0 61933
60456 28651 1:0 61934
60456 28652 1:0 61943
60456 28653 1:0 61944
60456 28654 1:0 61953
60456 28655 1:0 61954
60456 28745 1:0 61957
60456 28744 1:0 61994
60627 27770 21:0 60659
60657 27772 0:0 60659
60658 27773 0:0 60659
60658 27766 0:0 60659
60658 27761 0:0 60659
60658 27769 0:0 60659
60658 27767 0:0 60659
60658 27771 0:0 60659
60658 27760 21:0 60659
60658 27768 0:0 60659
60855 27920 21:0 60880
60878 27918 0:0 60880
60878 27917 0:0 60880
60879 27919 0:0 60880
60879 27916 0:0 60880
60879 27913 0:0 60880
60879 27915 0:0 60880
60879 27908 0:0 60880
60879 27907 0:0 60880
60879 27914 21:0 60880
61079 28066 21:0 61101
61100 28054 0:0 61101
61100 28065 0:0 61101
61100 28055 0:0 61101
61100 28061 0:0 61101
61100 28064 0:0 61101
61100 28062 0:0 61101
61100 28063 0:0 61101
61100 28060 21:0 61101
61100 28067 0:0 61101
61277 28210 21:0 61322
61320 28209 0:0 61322
61320 28212 0:0 61322
61321 28207 0:0 61322
61321 28201 0:0 61322
61321 28202 0:0 61322
61321 28208 0:0 61322
61321 28211 0:0 61322
61321 28213 0:0 61322
61321 28214 0:0 61322
61518 28361 21:0 61543
61541 28359 0:0 61543
61541 28360 0:0 61543
61542 28355 0:0 61543
61542 28358 0:0 61543
61542 28357 0:0 61543
61542 28356 0:0 61543
61542 28354 21:0 61543
61542 28348 0:0 61543
61542 28349 0:0 61543
61722 28503 21:0 61764
61762 28505 0:0 61764
61763 28495 0:0 61764
61763 28504 0:0 61764
61763 28501 21:0 61764
61763 28506 0:0 61764
61763 28507 0:0 61764
61763 28508 0:0 61764
61763 28496 21:0 61764
61763 28502 0:0 61764
61953 28652 21:0 167
