49 7817 0:0 51
49 7818 0:0 51
50 7908 0:0 51
50 7909 0:0 51
50 7806 0:0 51
50 7814 0:0 51
50 7819 0:0 51
50 7815 0:0 51
1273 8473 21:0 1283
3323 9437 21:0 3381
3706 9604 21:0 3772
3779 9635 0:0 3782
3782 9637 21:0 3848
3926 9700 0:0 3929
3931 9702 21:0 3989
4387 9900 21:0 4445
4527 9900 1:0 4656
4528 9702 1:0 5442
4537 9700 1:0 5452
4537 9637 1:0 5696
4543 9635 1:0 5703
4548 9604 1:0 5827
4576 9437 1:0 6489
6682 10909 21:0 6740
6684 10908 0:0 6685
6910 11008 21:0 6968
6981 11039 21:0 6989
7366 11206 21:0 7424
7518 11272 21:0 7576
7670 11337 21:0 7728
7886 11337 1:0 8145
7887 11272 1:0 8408
7896 11206 1:0 8670
7896 11039 1:0 9335
7902 11008 1:0 9456
7922 10909 1:0 9849
7935 10908 1:0 9848
10036 12378 21:0 10044
10188 12444 21:0 10196
10421 12544 21:0 10479
10497 12578 21:0 10555
10649 12644 21:0 10707
10728 12678 21:0 10794
10801 12709 21:0 10859
11255 5613 1:0 11352
11255 5609 1:0 11416
11256 5611 1:0 11352
11256 5610 1:0 11352
11265 5759 1:0 11573
11265 5761 1:0 11573
11265 5757 1:0 11573
11265 5756 1:0 11637
11271 5760 1:0 11573
11273 5758 1:0 11573
11276 5908 1:0 11879
11291 5904 1:0 11793
11304 5906 1:0 11793
11345 5903 1:0 11794
11358 6053 1:0 12090
11373 6054 1:0 12014
11374 6051 1:0 12014
11424 6042 1:0 12015
11424 6050 1:0 12015
11426 5609 21:0 11468
11434 6052 1:0 12014
11444 6055 1:0 12014
11466 5611 0:0 11468
11466 5613 0:0 11468
11467 5610 0:0 11468
11469 6202 1:0 12321
11476 6201 1:0 12235
11476 6199 1:0 12235
11477 6200 1:0 12235
11477 6196 1:0 12235
11477 6197 1:0 12235
11486 6190 1:0 12235
11486 6198 1:0 12235
11486 6195 1:0 12236
11486 12709 1:0 12357
11492 12678 1:0 12442
11496 6344 1:0 12521
11512 6346 1:0 12457
11525 6349 1:0 12457
11525 6345 1:0 12457
11574 6347 1:0 12457
11594 6348 1:0 12457
11645 12644 1:0 12663
11647 5756 21:0 11689
11655 6491 1:0 12742
11665 6496 1:0 12678
11687 5760 0:0 11689
11687 5758 0:0 11689
11688 5761 0:0 11689
11688 5759 0:0 11689
11688 5757 0:0 11689
11690 6492 1:0 12678
11690 6494 1:0 12678
11690 6493 1:0 12678
11697 6495 1:0 12678
11697 6639 1:0 12964
11698 6643 1:0 12899
11698 6638 1:0 12899
11698 6640 1:0 12899
11707 6631 1:0 12898
11707 6641 1:0 12899
11707 6642 1:0 12899
11707 6630 1:0 12899
11707 6777 1:0 13115
11707 6790 1:0 13205
11713 6788 1:0 13119
11715 6786 1:0 13119
11718 6789 1:0 13120
11734 6787 1:0 13120
11787 12578 1:0 13242
11800 6935 1:0 13416
11816 6933 1:0 13340
11816 6934 1:0 13340
11866 6937 1:0 13340
11876 6936 1:0 13340
11885 5908 21:0 11910
11886 6932 1:0 13341
11908 5906 0:0 11910
11908 5903 0:0 11910
11908 5904 0:0 11910
11911 7079 1:0 13626
11918 12544 1:0 13462
11919 7080 1:0 13562
11919 7084 1:0 13562
11919 7077 1:0 13562
11928 7072 1:0 13561
11928 7083 1:0 13562
11928 7081 1:0 13562
11928 7082 1:0 13562
11928 7227 1:0 13848
11934 7230 1:0 13782
11936 7231 1:0 13782
11939 7226 1:0 13782
11955 7228 1:0 13782
11967 7229 1:0 13782
11967 7224 1:0 13783
12008 7225 1:0 13782
12016 7376 1:0 14079
12021 7372 1:0 14003
12037 7373 1:0 14004
12037 7371 1:0 14004
12038 7377 1:0 14003
12087 6042 0:0 12096
12087 7374 1:0 14003
12096 6053 21:0 12131
12097 7378 1:0 14003
12107 7375 1:0 14003
12129 6052 0:0 12131
12129 6051 0:0 12131
12129 6050 0:0 12131
12129 6054 0:0 12131
12130 6055 0:0 12131
12132 12444 1:0 14136
12132 7521 1:0 14290
12139 7525 1:0 14224
12139 7520 1:0 14225
12140 7522 1:0 14224
12140 7523 1:0 14224
12149 7524 1:0 14224
12149 7665 1:0 14446
12149 7667 1:0 14446
12149 7671 1:0 14446
12149 7672 1:0 14531
12155 7668 1:0 14445
12157 7670 1:0 14445
12175 12378 1:0 14578
12176 8473 1:0 14655
12188 7806 1:0 14667
12188 7816 1:0 14741
12229 7817 1:0 14666
12257 7814 1:0 14667
12258 7819 1:0 14666
12300 6195 0:0 12308
12308 7818 1:0 14666
12309 7815 1:0 14666
12309 7908 1:0 14792
12318 7909 1:0 14793
12327 6202 21:0 12352
12350 6200 0:0 12352
12350 6199 0:0 12352
12350 6201 0:0 12352
12350 6197 0:0 12352
12351 6196 0:0 12352
12351 6198 0:0 12352
12351 6190 0:0 12352
12531 6344 21:0 12573
12571 6348 0:0 12573
12571 6346 0:0 12573
12572 6349 0:0 12573
12572 6345 0:0 12573
12572 6347 0:0 12573
12752 6491 21:0 12794
12792 6495 0:0 12794
12793 6496 0:0 12794
12793 6493 0:0 12794
12793 6494 0:0 12794
12793 6492 0:0 12794
12970 6639 21:0 13015
13013 6640 0:0 13015
13013 6631 0:0 13015
13013 6638 0:0 13015
13014 6630 0:0 13015
13014 6643 0:0 13015
13014 6641 0:0 13015
13014 6642 0:0 13015
13154 6777 21:0 13210
13211 6790 21:0 13236
13234 6786 0:0 13236
13234 6787 0:0 13236
13234 6788 0:0 13236
13234 6789 0:0 13236
13422 6935 21:0 13457
13455 6932 0:0 13457
13455 6936 0:0 13457
13455 6933 0:0 13457
13455 6934 0:0 13457
13456 6937 0:0 13457
13636 7079 21:0 13678
13676 7081 0:0 13678
13676 7083 0:0 13678
13677 7080 0:0 13678
13677 7077 0:0 13678
13677 7082 0:0 13678
13677 7072 0:0 13678
13677 7084 0:0 13678
13847 7224 0:0 13855
13854 7227 21:0 13899
13897 7228 0:0 13899
13897 7230 0:0 13899
13898 7229 0:0 13899
13898 7225 0:0 13899
13898 7226 0:0 13899
13898 7231 0:0 13899
14085 7376 21:0 14120
14118 7377 0:0 14120
14118 7375 0:0 14120
14118 7374 0:0 14120
14119 7372 0:0 14120
14119 7378 0:0 14120
14119 7373 0:0 14120
14119 7371 0:0 14120
14296 7521 21:0 14341
14339 7524 0:0 14341
14339 7520 0:0 14341
14339 7522 0:0 14341
14340 7523 0:0 14341
14340 7525 0:0 14341
14519 7665 0:0 14527
14537 7672 21:0 14562
14560 7670 0:0 14562
14560 7668 0:0 14562
14560 7667 0:0 14562
14560 7671 0:0 14562
14751 7816 21:0 87
