86 15407 0:0 87
86 341 0:0 87
86 15401 0:0 87
86 15404 0:0 87
86 15394 0:0 87
86 15403 0:0 87
86 15395 0:0 87
86 15402 0:0 87
86 15405 0:0 87
122 15400 21:0 123
141 15569 21:0 149
148 15571 0:0 149
148 15570 21:0 215
217 15602 21:0 225
224 15603 0:0 225
224 15604 0:0 225
225 15605 21:0 291
293 15635 21:0 301
300 15636 0:0 301
300 15637 21:0 367
365 15638 0:0 367
369 15668 0:0 372
374 15670 21:0 432
376 15669 0:0 377
431 15671 0:0 443
445 15701 0:0 448
450 15703 21:0 508
452 15702 0:0 453
507 15704 0:0 519
521 15734 21:0 529
528 15735 0:0 529
528 15736 0:0 529
529 15737 21:0 595
597 15767 21:0 605
604 15768 0:0 605
604 15769 21:0 671
669 15770 0:0 671
673 15800 0:0 676
678 15801 21:0 736
680 15802 0:0 681
735 15803 0:0 747
749 15833 21:0 757
754 15834 0:0 757
754 15835 0:0 757
757 15836 21:0 823
825 15866 21:0 833
830 15868 0:0 833
832 15867 0:0 833
833 15869 21:0 899
901 15899 21:0 909
908 15900 0:0 909
908 15901 21:0 975
973 15902 0:0 975
977 15932 0:0 980
982 15934 21:0 1040
984 15933 0:0 985
1039 15935 0:0 1051
1053 15965 0:0 1056
1058 15967 21:0 1116
1115 15968 0:0 1127
1129 15998 21:0 1137
1137 16001 21:0 1203
1205 16031 21:0 1213
1212 16032 21:0 1221
1281 16064 0:0 1284
1286 16066 21:0 1344
1362 16098 21:0 1420
1433 16130 21:0 1441
1461 16143 21:0 1471
1499 16130 1:0 1506
1500 16098 1:0 1618
1500 16066 1:0 1741
1508 16064 1:0 1750
1508 16032 1:0 1862
1518 16031 1:0 1872
1621 16001 1:0 1978
1622 15998 1:0 1994
1630 15968 1:0 2100
1630 15967 1:0 2107
1636 15965 1:0 2116
1655 15935 1:0 2222
1743 15934 1:0 2229
1744 15933 1:0 2228
1752 15932 1:0 2238
1752 15902 1:0 2344
1758 15901 1:0 2351
1865 15900 1:0 2350
1866 15899 1:0 2360
1866 15869 1:0 2466
1874 15868 1:0 2473
1880 15867 1:0 2472
1883 16345 21:0 1905
1898 15866 1:0 2482
1987 15836 1:0 2588
1988 15834 1:0 2594
1988 15835 1:0 2595
1996 15833 1:0 2604
2002 15803 1:0 2710
2020 15801 1:0 2716
2109 15802 1:0 2717
2110 15800 1:0 2726
2118 15770 1:0 2832
2118 15769 1:0 2839
2124 15768 1:0 2838
2231 15767 1:0 2848
2232 15737 1:0 2954
2232 15735 1:0 2960
2240 15736 1:0 2961
2246 15734 1:0 2970
2264 15704 1:0 3076
2353 15703 1:0 3083
2354 15702 1:0 3082
2362 15701 1:0 3092
2362 15671 1:0 3198
2368 15670 1:0 3205
2475 15669 1:0 3204
2476 15668 1:0 3214
2476 15638 1:0 3320
2484 15636 1:0 3326
2484 15637 1:0 3327
2494 15635 1:0 3336
2597 15605 1:0 3442
2598 15603 1:0 3448
2606 15604 1:0 3449
2606 15602 1:0 3458
2612 15570 1:0 3570
2631 15571 1:0 3571
2719 15569 1:0 3580
2720 335 1:0 3684
2850 16798 21:0 2852
3682 334 21:0 3732
3732 17203 21:0 3748
3747 17205 21:0 3748
3747 17198 21:0 3753
3750 17220 0:0 3753
3755 17222 21:0 3813
3757 17221 0:0 3758
3812 17223 0:0 3824
3812 17231 21:0 3824
3823 17225 21:0 3824
3823 17251 21:0 3829
3826 17253 0:0 3829
3831 17255 21:0 3889
3833 17254 0:0 3834
3888 17256 0:0 3900
3888 17271 21:0 3900
3899 17273 21:0 3900
3902 17286 21:0 3910
3907 17288 0:0 3910
3909 17287 0:0 3910
3910 17289 21:0 3976
3975 17306 21:0 3981
3978 17319 0:0 3981
3983 17321 21:0 4041
3985 17320 0:0 3986
4040 17311 21:0 4052
4040 17322 0:0 4052
4054 17352 21:0 4062
4059 17354 0:0 4062
4059 17353 0:0 4062
4062 17355 21:0 4128
4130 17385 21:0 4138
4137 17386 0:0 4138
4137 17387 21:0 4204
4202 17388 0:0 4204
4206 17418 21:0 4214
4211 17419 0:0 4214
4213 17420 0:0 4214
4214 17421 21:0 4280
4282 17451 21:0 4290
4289 17453 0:0 4290
4289 17452 21:0 4356
4354 17454 0:0 4356
4355 85 21:0 4361
4358 17484 0:0 4361
4360 17423 21:0 4361
4363 17485 21:0 4421
4365 17486 0:0 4366
4420 17430 21:0 4432
4420 17487 0:0 4432
4431 17500 21:0 4432
4431 17482 21:0 4437
4434 17517 0:0 4437
4436 105 21:0 4437
4439 17518 21:0 4497
4441 17519 0:0 4442
4496 17520 0:0 4508
4499 17522 21:0 4508
4507 17533 21:0 4508
4510 17550 0:0 4513
4515 17552 21:0 4573
4517 17551 0:0 4518
4572 17553 0:0 4584
4572 195 21:0 4584
4586 17583 0:0 4589
4591 17585 21:0 4649
4593 17584 0:0 4594
4648 17586 0:0 4660
4648 17582 21:0 4660
4662 17616 21:0 4670
4667 17618 0:0 4670
4667 17617 0:0 4670
4670 17619 21:0 4736
4738 17649 21:0 4746
4745 17650 0:0 4746
4745 17651 21:0 4812
4810 17652 0:0 4812
4814 17682 21:0 4822
4821 17684 0:0 4822
4821 17683 21:0 4888
4886 17685 0:0 4888
4890 17715 21:0 4898
4897 17717 0:0 4898
4897 17716 21:0 4964
4962 17718 0:0 4964
4966 17748 21:0 4974
4973 17750 21:0 5040
5039 17749 21:0 5050
5049 17751 21:0 5106
5105 17794 21:0 5106
5111 17751 1:0 5124
5112 17749 1:0 5232
5121 17750 1:0 5240
5121 17748 1:0 5250
5127 17718 1:0 5363
5132 17716 1:0 5370
5242 17717 1:0 5371
5243 17715 1:0 5381
5243 17685 1:0 5494
5252 17683 1:0 5501
5252 17684 1:0 5502
5258 17682 1:0 5512
5260 16345 1:0 5521
5291 17652 1:0 5625
5373 17651 1:0 5633
5374 17650 1:0 5632
5383 17649 1:0 5643
5383 17619 1:0 5756
5389 17618 1:0 5764
5409 17617 1:0 5763
5504 17616 1:0 5774
5505 17586 1:0 5887
5505 17582 1:0 5887
5514 17584 1:0 5894
5514 17585 1:0 5895
5520 17583 1:0 5905
5525 17553 1:0 6018
5635 17552 1:0 6026
5636 17551 1:0 6025
5636 195 1:0 6031
5636 17550 1:0 6036
5644 16399 21:0 5647
5645 17533 1:0 6075
5645 17522 1:0 6133
5645 17520 1:0 6149
5651 17518 1:0 6156
5656 17519 1:0 6157
5766 17517 1:0 6167
5766 17500 1:0 6206
5767 17487 1:0 6280
5767 17485 1:0 6287
5776 17486 1:0 6288
5776 17484 1:0 6298
5782 17482 1:0 6308
5782 17430 1:0 6411
5785 16459 21:0 5809
5802 17454 1:0 6411
5897 17452 1:0 6418
5898 17453 1:0 6419
5898 17451 1:0 6429
5898 17423 1:0 6434
5907 17421 1:0 6542
5907 16798 1:0 6553
5913 17419 1:0 6549
5918 17420 1:0 6550
6028 17418 1:0 6560
6028 105 1:0 6673
6029 17388 1:0 6673
6029 17387 1:0 6681
6038 17386 1:0 6680
6038 17385 1:0 6691
6046 17355 1:0 6804
6049 85 1:0 6806
6159 17354 1:0 6812
6160 17353 1:0 6811
6160 17352 1:0 6822
6169 17322 1:0 6935
6169 17321 1:0 6943
6175 17320 1:0 6942
6196 17319 1:0 6953
6208 17311 1:0 6955
6290 17306 1:0 6958
6291 17289 1:0 7066
6291 17287 1:0 7073
6300 17288 1:0 7074
6300 17286 1:0 7084
6300 17273 1:0 7114
6306 17271 1:0 7123
6309 16687 21:0 6333
6311 17256 1:0 7197
6339 17255 1:0 7205
6421 17254 1:0 7204
6422 17253 1:0 7215
6422 17251 1:0 7225
6422 17225 1:0 7299
6431 17231 1:0 7307
6431 17223 1:0 7328
6437 17222 1:0 7336
6442 17221 1:0 7335
6552 17220 1:0 7346
6552 17205 1:0 7376
6552 17198 1:0 7376
6552 17203 1:0 7385
6553 336 1:0 7457
6823 16912 21:0 6826
6833 16915 21:0 6857
7216 17083 21:0 7219
7226 17086 21:0 7250
7455 335 21:0 7505
7512 336 21:0 7521
7523 18871 21:0 7531
7528 18873 0:0 7531
7528 18872 0:0 7531
7531 18874 21:0 7597
7596 18891 21:0 7602
7599 18904 0:0 7602
7604 18905 21:0 7662
7606 18906 0:0 7607
7661 18907 0:0 7673
7675 18937 21:0 7683
7682 18939 0:0 7683
7682 18938 0:0 7683
7683 18940 21:0 7749
7751 18970 0:0 7754
7756 18972 21:0 7814
7758 18971 0:0 7759
7813 18973 0:0 7825
7813 67 21:0 7825
7827 19003 21:0 7835
7832 19005 0:0 7835
7834 19004 0:0 7835
7835 19006 21:0 7901
7900 19023 21:0 7906
7903 19036 0:0 7906
7905 19002 21:0 7906
7908 19037 21:0 7966
7910 19038 0:0 7911
7965 19039 0:0 7977
7974 19067 21:0 7977
7979 19069 21:0 7987
7986 19070 0:0 7987
7986 19071 21:0 8053
8051 19072 0:0 8053
8055 19102 21:0 8063
8060 19103 0:0 8063
8060 19104 0:0 8063
8063 19105 21:0 8129
8129 155 21:0 8134
8131 19135 0:0 8134
8133 19068 21:0 8134
8136 19136 21:0 8194
8138 19137 0:0 8139
8193 19085 21:0 8205
8193 19138 0:0 8205
8207 19168 0:0 8210
8212 19169 21:0 8270
8214 19170 0:0 8215
8269 19171 0:0 8281
8269 19186 21:0 8281
8280 19187 21:0 8281
8280 19160 21:0 8286
8283 19201 0:0 8286
8288 19203 21:0 8346
8290 19202 0:0 8291
8345 19204 0:0 8357
8345 19219 21:0 8357
8359 19234 21:0 8367
8366 19235 0:0 8367
8366 19236 0:0 8367
8367 19237 21:0 8433
8435 19267 21:0 8443
8442 19268 0:0 8443
8442 19269 21:0 8509
8507 19270 0:0 8509
8511 19300 21:0 8519
8518 19301 0:0 8519
8518 19302 21:0 8585
8583 19303 0:0 8585
8587 19333 21:0 8595
8594 19335 0:0 8595
8594 19334 21:0 8661
8659 19336 0:0 8661
8663 19366 21:0 8671
8670 19367 0:0 8671
8670 19368 21:0 8737
8735 19369 0:0 8737
8739 19399 21:0 8747
8746 19401 0:0 8747
8746 19400 21:0 8813
8812 19402 21:0 8823
8843 19445 21:0 8853
8852 19432 21:0 8879
8884 19432 1:0 8892
8885 19402 1:0 9005
8885 19400 1:0 9012
8894 19401 1:0 9013
8894 19399 1:0 9023
8900 19369 1:0 9136
8921 19368 1:0 9144
9015 19367 1:0 9143
9016 19366 1:0 9154
9025 19336 1:0 9267
9025 19334 1:0 9274
9031 19335 1:0 9275
9036 19333 1:0 9285
9146 16399 1:0 9398
9146 19303 1:0 9398
9147 19301 1:0 9405
9147 19302 1:0 9406
9156 19300 1:0 9416
9156 19270 1:0 9529
9164 19269 1:0 9537
9195 19268 1:0 9536
9277 19267 1:0 9547
9278 16459 1:0 9552
9278 19237 1:0 9660
9287 19235 1:0 9667
9287 19236 1:0 9668
9293 19234 1:0 9678
9295 19219 1:0 9717
9326 19204 1:0 9791
9406 16395 21:0 9411
9408 19203 1:0 9799
9409 19202 1:0 9798
9417 16399 21:0 9420
9418 19201 1:0 9809
9418 19187 1:0 9839
9418 19186 1:0 9848
9418 19171 1:0 9922
9424 19169 1:0 9929
9444 19170 1:0 9930
9539 19168 1:0 9940
9539 19160 1:0 9955
9540 19138 1:0 10053
9549 19136 1:0 10060
9549 19137 1:0 10061
9549 16687 1:0 10073
9555 19135 1:0 10071
9555 155 1:0 10075
9576 19105 1:0 10184
9670 19104 1:0 10192
9671 19103 1:0 10191
9680 19102 1:0 10202
9680 19085 1:0 10241
9680 19072 1:0 10315
9680 19068 1:0 10315
9686 19071 1:0 10323
9689 16516 21:0 9713
9707 19070 1:0 10322
9801 19069 1:0 10333
9801 19067 1:0 10343
9802 19039 1:0 10446
9811 19037 1:0 10453
9811 19038 1:0 10454
9817 19036 1:0 10464
9817 19023 1:0 10469
9837 19006 1:0 10577
9932 19004 1:0 10584
9932 16912 1:0 10588
9932 19002 1:0 10588
9933 19005 1:0 10585
9942 19003 1:0 10595
9942 16915 1:0 10604
9942 67 1:0 10708
9942 18973 1:0 10708
9950 18972 1:0 10716
9981 18971 1:0 10715
10063 18970 1:0 10726
10064 18940 1:0 10839
10073 18938 1:0 10846
10073 18939 1:0 10847
10079 18937 1:0 10857
10082 16687 21:0 10106
10099 18907 1:0 10970
10194 18905 1:0 10977
10195 18906 1:0 10978
10195 17083 1:0 10987
10195 17086 1:0 10990
10204 18904 1:0 10988
10204 18891 1:0 10993
10204 18874 1:0 11101
10210 18873 1:0 11109
10230 18872 1:0 11108
10231 337 1:0 11230
10325 18871 1:0 11119
10325 336 1:0 11203
10344 16801 21:0 10368
10716 16965 21:0 10721
11130 17143 21:0 11154
11228 336 21:0 11278
11278 20508 21:0 11294
11296 20522 21:0 11304
11303 20524 0:0 11304
11303 20523 0:0 11304
11304 20525 21:0 11370
11372 20555 21:0 11380
11377 20556 0:0 11380
11377 20557 0:0 11380
11380 20558 21:0 11446
11448 20588 21:0 11456
11453 20589 0:0 11456
11455 20590 0:0 11456
11456 20591 21:0 11522
11524 20621 0:0 11527
11529 20623 21:0 11587
11531 20622 0:0 11532
11586 20624 0:0 11598
11587 20641 21:0 11598
11600 20654 21:0 11608
11607 20655 0:0 11608
11607 20656 0:0 11608
11608 20657 21:0 11674
11676 20687 21:0 11684
11683 20689 0:0 11684
11683 20688 21:0 11750
11748 20690 0:0 11750
11749 20699 21:0 11755
11752 20720 0:0 11755
11754 20703 21:0 11755
11757 20721 21:0 11815
11759 20722 0:0 11760
11814 20718 21:0 11826
11814 20723 0:0 11826
11825 20659 21:0 11826
11828 20753 0:0 11831
11833 20755 21:0 11891
11835 20754 0:0 11836
11890 20756 0:0 11902
11890 139 21:0 11902
11901 20758 21:0 11902
11904 20786 0:0 11907
11909 20788 21:0 11967
11911 20787 0:0 11912
11966 157 21:0 11978
11966 20789 0:0 11978
11980 20819 21:0 11988
11987 20821 0:0 11988
11987 20820 21:0 12054
12052 20822 0:0 12054
12056 20852 0:0 12059
12061 20854 21:0 12119
12063 20853 0:0 12064
12118 20855 0:0 12130
12118 20871 21:0 12130
12129 20863 21:0 12130
12129 20844 21:0 12135
12132 20885 0:0 12135
12137 20887 21:0 12195
12139 20886 0:0 12140
12194 20888 0:0 12206
12195 20905 21:0 12206
12208 20918 21:0 12216
12215 20920 0:0 12216
12215 20919 21:0 12282
12280 20921 0:0 12282
12284 20951 21:0 12292
12291 20953 0:0 12292
12291 20952 21:0 12358
12356 20954 0:0 12358
12360 20984 21:0 12368
12367 20986 0:0 12368
12367 20985 21:0 12434
12432 20987 0:0 12434
12436 21017 21:0 12444
12443 21019 0:0 12444
12443 21018 21:0 12510
12508 21020 0:0 12510
12512 21050 21:0 12520
12519 21051 0:0 12520
12519 21052 21:0 12586
12585 21053 21:0 12596
12616 21096 21:0 12626
12625 21083 21:0 12652
12657 21083 1:0 12665
12658 21053 1:0 12778
12658 21052 1:0 12786
12667 21051 1:0 12785
12667 21050 1:0 12796
12673 21020 1:0 12909
12694 21018 1:0 12916
12788 21019 1:0 12917
12789 21017 1:0 12927
12798 20987 1:0 13040
12798 20985 1:0 13047
12804 20986 1:0 13048
12809 20984 1:0 13058
12824 16399 1:0 13142
12917 16281 21:0 12922
12919 16395 1:0 13171
12919 20954 1:0 13171
12920 20952 1:0 13178
12920 20953 1:0 13179
12929 20951 1:0 13189
12929 20921 1:0 13302
12937 20919 1:0 13309
12938 16288 21:0 12962
12956 20920 1:0 13310
13050 20918 1:0 13320
13050 20905 1:0 13350
13051 20888 1:0 13433
13059 16342 21:0 13062
13060 20886 1:0 13440
13060 20887 1:0 13441
13066 20885 1:0 13451
13066 16516 1:0 13460
13066 20871 1:0 13490
13087 20855 1:0 13564
13099 20863 1:0 13543
13181 20854 1:0 13572
13182 20853 1:0 13571
13191 20852 1:0 13582
13191 20844 1:0 13597
13191 20822 1:0 13695
13197 20820 1:0 13702
13218 20821 1:0 13703
13312 20819 1:0 13713
13313 20789 1:0 13826
13313 157 1:0 13826
13321 16456 21:0 13324
13322 20787 1:0 13833
13322 20788 1:0 13834
13328 20786 1:0 13844
13328 16687 1:0 13853
13328 20758 1:0 13928
13330 139 1:0 13957
13361 20756 1:0 13957
13443 20755 1:0 13965
13444 20754 1:0 13964
13453 20753 1:0 13975
13453 20723 1:0 14088
13459 20721 1:0 14095
13479 20722 1:0 14096
13572 16566 21:0 13577
13574 20720 1:0 14106
13574 16801 1:0 14111
13574 20703 1:0 14136
13575 20718 1:0 14116
13575 20699 1:0 14171
13575 20690 1:0 14219
13584 20688 1:0 14226
13584 20689 1:0 14227
13590 20687 1:0 14237
13592 20659 1:0 14242
13623 20657 1:0 14350
13703 16623 21:0 13708
13705 20656 1:0 14358
13706 20655 1:0 14357
13715 20654 1:0 14368
13715 20641 1:0 14398
13715 16965 1:0 14481
13715 20624 1:0 14481
13721 20623 1:0 14489
13742 20622 1:0 14488
13834 16680 21:0 13839
13836 20621 1:0 14499
13837 20591 1:0 14612
13837 20589 1:0 14619
13846 20590 1:0 14620
13846 20588 1:0 14630
13854 20558 1:0 14743
13885 20556 1:0 14750
13967 20557 1:0 14751
13968 20555 1:0 14761
13977 20525 1:0 14874
13977 20524 1:0 14882
13983 20523 1:0 14881
13986 16744 21:0 14010
14003 20522 1:0 14892
14004 17143 1:0 14901
14004 20508 1:0 14931
14011 12902 1:0 27832
14016 338 1:0 15003
14882 17136 21:0 14887
15001 337 21:0 15051
15069 22173 0:0 15072
15074 22175 21:0 15132
15076 22174 0:0 15077
15131 22176 0:0 15143
15145 22206 21:0 15153
15150 22207 0:0 15153
15152 22208 0:0 15153
15153 22209 21:0 15219
15221 22239 21:0 15229
15228 22240 0:0 15229
15228 22241 21:0 15295
15293 22242 0:0 15295
15297 22272 21:0 15305
15304 22273 0:0 15305
15304 22274 0:0 15305
15305 22275 21:0 15371
15370 22292 21:0 15376
15373 22305 0:0 15376
15375 22271 21:0 15376
15378 22306 21:0 15436
15380 22307 0:0 15381
15435 22308 0:0 15447
15435 22270 21:0 15447
15446 22323 21:0 15447
15449 22338 0:0 15452
15454 22339 21:0 15512
15456 22340 0:0 15457
15511 22341 0:0 15523
15511 22330 21:0 15523
15522 103 21:0 15523
15522 22349 21:0 15528
15525 22371 0:0 15528
15527 22354 21:0 15528
15530 22372 21:0 15588
15532 22373 0:0 15533
15587 22374 0:0 15599
15587 123 21:0 15599
15601 22404 21:0 15609
15608 22405 0:0 15609
15608 22406 0:0 15609
15609 22407 21:0 15675
15674 22435 21:0 15680
15677 22437 0:0 15680
15682 22439 21:0 15740
15684 22438 0:0 15685
15739 22440 0:0 15751
15739 22436 21:0 15751
15750 157 21:0 15751
15753 22470 0:0 15756
15758 22471 21:0 15816
15760 22472 0:0 15761
15815 22473 0:0 15827
15815 177 21:0 15827
15826 175 21:0 15827
15827 191 21:0 15832
15829 22503 0:0 15832
15831 22469 21:0 15832
15834 22505 21:0 15892
15836 22504 0:0 15837
15891 22506 0:0 15903
15905 22536 21:0 15913
15912 22537 0:0 15913
15912 22538 0:0 15913
15913 22539 21:0 15979
15981 22569 21:0 15989
15988 22570 0:0 15989
15988 22571 21:0 16055
16053 22572 0:0 16055
16057 22602 21:0 16065
16064 22603 0:0 16065
16064 22604 21:0 16131
16129 22605 0:0 16131
16133 22635 21:0 16141
16140 22637 0:0 16141
16140 22636 21:0 16207
16205 22638 0:0 16207
16209 22668 21:0 16217
16216 22669 0:0 16217
16216 22670 21:0 16283
16281 22671 0:0 16283
16285 22701 21:0 16293
16292 22703 21:0 16359
16358 22702 21:0 16369
16389 22747 21:0 16399
16430 22702 1:0 16551
16431 22703 1:0 16559
16440 22701 1:0 16569
16440 16281 1:0 16682
16440 22671 1:0 16682
16446 22670 1:0 16690
16467 22669 1:0 16689
16559 16224 21:0 16564
16561 22668 1:0 16700
16561 16288 1:0 16709
16562 16342 1:0 16813
16562 22638 1:0 16813
16571 22636 1:0 16820
16571 22637 1:0 16821
16577 22635 1:0 16831
16597 22605 1:0 16944
16692 22604 1:0 16952
16693 22603 1:0 16951
16693 22602 1:0 16962
16702 16456 1:0 17075
16702 22572 1:0 17075
16708 22571 1:0 17083
16713 22570 1:0 17082
16823 22569 1:0 17093
16824 22539 1:0 17206
16824 22537 1:0 17213
16833 22538 1:0 17214
16833 22536 1:0 17224
16833 16566 1:0 17337
16841 22506 1:0 17337
16872 22505 1:0 17345
16954 22504 1:0 17344
16955 22503 1:0 17355
16955 191 1:0 17359
16955 22469 1:0 17388
16964 16623 1:0 17439
16964 175 1:0 17468
16964 22473 1:0 17468
16970 22471 1:0 17475
16990 22472 1:0 17476
16991 177 1:0 17481
17085 22470 1:0 17486
17085 157 1:0 17519
17086 16680 1:0 17570
17086 22436 1:0 17599
17086 22440 1:0 17599
17095 22438 1:0 17606
17095 22439 1:0 17607
17103 22437 1:0 17617
17106 22435 1:0 17622
17216 22407 1:0 17730
17217 22405 1:0 17737
17217 22406 1:0 17738
17226 22404 1:0 17748
17226 16744 1:0 17757
17226 22374 1:0 17861
17234 22372 1:0 17868
17265 22373 1:0 17869
17347 123 1:0 17874
17348 22371 1:0 17879
17348 22354 1:0 17912
17348 22349 1:0 17963
17348 103 1:0 17992
17357 22341 1:0 17992
17357 22339 1:0 17999
17363 22340 1:0 18000
17383 22338 1:0 18010
17384 22330 1:0 18025
17396 22323 1:0 18049
17478 22308 1:0 18123
17479 22306 1:0 18130
17488 22307 1:0 18131
17488 22305 1:0 18141
17488 22292 1:0 18146
17494 22275 1:0 18254
17496 22271 1:0 18265
17527 22273 1:0 18261
17607 16680 21:0 17612
17609 22274 1:0 18262
17610 22272 1:0 18272
17610 22270 1:0 18282
17619 22242 1:0 18385
17619 22241 1:0 18393
17625 22240 1:0 18392
17645 22239 1:0 18403
17740 22209 1:0 18516
17741 22207 1:0 18523
17741 22208 1:0 18524
17750 22206 1:0 18534
17750 17136 1:0 18647
17756 22176 1:0 18647
17761 22175 1:0 18655
17776 339 1:0 18776
17871 22174 1:0 18654
17872 22173 1:0 18665
18774 338 21:0 18824
18842 23824 0:0 18845
18847 23826 21:0 18905
18849 23825 0:0 18850
18904 23827 0:0 18916
18904 23840 21:0 18916
18918 23857 21:0 18926
18923 23858 0:0 18926
18925 23859 0:0 18926
18926 23860 21:0 18992
18991 23868 21:0 18997
18994 23890 0:0 18997
18996 23856 21:0 18997
18999 23892 21:0 19057
19001 23891 0:0 19002
19056 23893 0:0 19068
19056 23901 21:0 19068
19067 23906 21:0 19068
19070 23923 21:0 19078
19077 23925 0:0 19078
19077 23924 21:0 19144
19142 23926 0:0 19144
19146 23956 21:0 19154
19153 23958 0:0 19154
19153 23957 0:0 19154
19154 23959 21:0 19220
19222 23989 21:0 19230
19229 23990 0:0 19230
19229 23991 21:0 19296
19294 23992 0:0 19296
19298 24022 21:0 19306
19303 24023 0:0 19306
19305 24024 0:0 19306
19306 24025 21:0 19372
19371 23954 21:0 19377
19374 24055 0:0 19377
19376 23968 21:0 19377
19379 24056 21:0 19437
19381 24057 0:0 19382
19436 24074 21:0 19448
19436 24058 0:0 19448
19447 24042 21:0 19448
19447 137 21:0 19453
19450 24088 0:0 19453
19452 23948 21:0 19453
19455 24090 21:0 19513
19457 24089 0:0 19458
19512 24014 21:0 19524
19512 24091 0:0 19524
19523 24086 21:0 19524
19526 24121 21:0 19534
19533 24122 0:0 19534
19533 24123 21:0 19600
19598 24124 0:0 19600
19600 191 21:0 19605
19602 24154 0:0 19605
19604 24113 21:0 19605
19607 24155 21:0 19665
19609 24156 0:0 19610
19664 24157 0:0 19676
19664 24166 21:0 19676
19675 24120 21:0 19676
19675 24020 21:0 19681
19678 24187 0:0 19681
19683 24188 21:0 19741
19685 24189 0:0 19686
19740 24190 0:0 19752
19754 24220 21:0 19762
19761 24222 0:0 19762
19761 24221 21:0 19828
19826 24223 0:0 19828
19830 24253 21:0 19838
19837 24255 0:0 19838
19837 24254 21:0 19904
19902 24256 0:0 19904
19906 24286 21:0 19914
19913 24287 0:0 19914
19913 24288 21:0 19980
19978 24289 0:0 19980
19982 24319 21:0 19990
19989 24321 0:0 19990
19989 24320 21:0 20056
20054 24322 0:0 20056
20058 24352 21:0 20066
20065 24354 0:0 20066
20065 24353 21:0 20132
20131 24355 21:0 20142
20162 24398 21:0 20172
20171 24385 21:0 20198
20203 24385 1:0 20211
20203 16224 1:0 20216
20204 24355 1:0 20324
20204 24353 1:0 20331
20213 24354 1:0 20332
20213 24352 1:0 20342
20221 24322 1:0 20455
20252 24320 1:0 20462
20334 24321 1:0 20463
20335 24319 1:0 20473
20344 24289 1:0 20586
20344 24288 1:0 20594
20350 24287 1:0 20593
20370 24286 1:0 20604
20465 24256 1:0 20717
20466 24254 1:0 20724
20466 24255 1:0 20725
20475 24253 1:0 20735
20475 24223 1:0 20848
20483 24221 1:0 20855
20514 24222 1:0 20856
20596 24220 1:0 20866
20597 24190 1:0 20979
20606 24188 1:0 20986
20606 24189 1:0 20987
20612 24187 1:0 20997
20612 24166 1:0 21062
20633 24157 1:0 21110
20727 24155 1:0 21117
20728 24156 1:0 21118
20737 24154 1:0 21128
20737 191 1:0 21132
20737 24124 1:0 21241
20737 24120 1:0 21241
20743 24123 1:0 21249
20764 24122 1:0 21248
20858 24121 1:0 21259
20858 24113 1:0 21274
20859 24091 1:0 21372
20859 16680 1:0 21372
20868 24089 1:0 21379
20868 24090 1:0 21380
20874 24088 1:0 21390
20876 24086 1:0 21400
20879 24074 1:0 21429
20989 24058 1:0 21503
20990 24056 1:0 21510
20990 24057 1:0 21511
20990 137 1:0 21523
20999 24055 1:0 21521
20999 24042 1:0 21526
21005 24025 1:0 21634
21010 24024 1:0 21642
21118 16566 21:0 21123
21120 24023 1:0 21641
21121 24022 1:0 21652
21121 24020 1:0 21662
21121 24014 1:0 21667
21121 23992 1:0 21765
21130 23990 1:0 21772
21130 23991 1:0 21773
21138 23989 1:0 21783
21141 23968 1:0 21788
21251 23959 1:0 21896
21252 23957 1:0 21903
21252 23958 1:0 21904
21261 23956 1:0 21914
21261 23954 1:0 21924
21261 23948 1:0 21929
21267 23926 1:0 22027
21272 23924 1:0 22034
21380 16680 21:0 21385
21382 23925 1:0 22035
21383 23923 1:0 22045
21383 23906 1:0 22084
21383 23901 1:0 22137
21383 23893 1:0 22158
21392 23891 1:0 22165
21392 23892 1:0 22166
21400 23890 1:0 22176
21403 23868 1:0 22181
21513 23860 1:0 22289
21514 23858 1:0 22296
21514 23859 1:0 22297
21514 23856 1:0 22300
21523 23857 1:0 22307
21523 23840 1:0 22346
21529 23827 1:0 22420
21534 23826 1:0 22428
21549 340 1:0 22549
21644 23825 1:0 22427
21645 23824 1:0 22438
21773 16851 21:0 21778
21925 16915 21:0 21949
22308 17083 21:0 22311
22547 339 21:0 22597
22610 25473 21:0 22613
22615 25475 21:0 22623
22622 25476 0:0 22623
22622 25477 21:0 22689
22687 25478 0:0 22689
22688 25506 0:0 22689
22691 25508 21:0 22699
22696 25509 0:0 22699
22696 25510 0:0 22699
22698 25507 0:0 22699
22699 25511 21:0 22765
22747 25520 0:0 22749
22767 25541 0:0 22770
22772 25542 21:0 22830
22774 25543 0:0 22775
22829 25544 0:0 22841
22843 25574 21:0 22851
22848 25576 0:0 22851
22850 25575 0:0 22851
22851 25577 21:0 22917
22919 25607 21:0 22927
22926 25608 0:0 22927
22926 25609 21:0 22993
22940 25618 0:0 22941
22991 25610 0:0 22993
22995 25640 21:0 23003
23002 25642 0:0 23003
23002 25641 21:0 23069
23067 25643 0:0 23069
23071 25673 21:0 23079
23078 25675 0:0 23079
23078 25674 0:0 23079
23079 25676 21:0 23145
23144 25678 21:0 23150
23147 25706 0:0 23150
23152 25707 21:0 23210
23154 25708 0:0 23155
23209 25709 0:0 23221
23223 25739 21:0 23231
23230 25741 0:0 23231
23230 25740 21:0 23297
23295 25742 0:0 23297
23299 25772 21:0 23307
23306 25773 0:0 23307
23306 25774 21:0 23373
23371 25775 0:0 23373
23375 25805 21:0 23383
23382 25806 0:0 23383
23382 25807 0:0 23383
23383 25808 21:0 23449
23431 25817 0:0 23433
23437 25823 0:0 23438
23451 25838 21:0 23459
23458 25839 0:0 23459
23458 25840 21:0 23525
23523 25841 0:0 23525
23524 25869 21:0 23530
23527 25871 0:0 23530
23532 25872 21:0 23590
23534 25873 0:0 23535
23589 25874 0:0 23601
23603 25904 21:0 23611
23610 249 0:0 23611
23610 25906 0:0 23611
23610 25905 21:0 23677
23675 25907 0:0 23677
23679 25937 21:0 23687
23686 25938 0:0 23687
23686 25939 21:0 23753
23751 25940 0:0 23753
23755 25970 21:0 23763
23756 281 0:0 23758
23762 25972 0:0 23763
23762 25971 21:0 23829
23827 25973 0:0 23829
23831 26003 21:0 23839
23838 26004 0:0 23839
23838 26005 21:0 23905
23903 26006 0:0 23905
23907 26036 21:0 23915
23935 26049 21:0 23945
23944 267 21:0 23968
23976 26036 1:0 23984
23977 26006 1:0 24097
23986 26004 1:0 24104
23986 26005 1:0 24105
23992 26003 1:0 24115
24012 25973 1:0 24228
24107 25971 1:0 24235
24108 25972 1:0 24236
24108 25970 1:0 24246
24117 281 1:0 24250
24117 267 1:0 24359
24117 25940 1:0 24359
24123 25939 1:0 24367
24143 25938 1:0 24366
24238 25937 1:0 24377
24239 25907 1:0 24490
24239 25905 1:0 24497
24248 25906 1:0 24498
24248 249 1:0 24503
24254 25904 1:0 24508
24259 25874 1:0 24621
24369 25872 1:0 24628
24370 25873 1:0 24629
24370 25871 1:0 24639
24370 25869 1:0 24649
24378 16342 21:0 24381
24379 25841 1:0 24752
24379 25840 1:0 24760
24385 25839 1:0 24759
24406 25838 1:0 24770
24500 25823 1:0 24805
24500 25808 1:0 24883
24501 25817 1:0 24805
24501 16566 1:0 24889
24501 25806 1:0 24890
24510 25807 1:0 24891
24510 25805 1:0 24901
24518 25775 1:0 25014
24549 25774 1:0 25022
24631 25773 1:0 25021
24632 25772 1:0 25032
24641 25742 1:0 25145
24641 16680 1:0 25145
24641 25740 1:0 25152
24647 25741 1:0 25153
24668 25739 1:0 25163
24762 25709 1:0 25276
24763 25707 1:0 25283
24772 25708 1:0 25284
24772 25706 1:0 25294
24772 25678 1:0 25299
24778 25676 1:0 25407
24798 25675 1:0 25415
24893 25674 1:0 25414
24894 25673 1:0 25425
24894 16851 1:0 25538
24903 25643 1:0 25538
24903 25641 1:0 25545
24909 25642 1:0 25546
24912 16573 21:0 24936
24914 25640 1:0 25556
24942 25610 1:0 25669
25024 25618 1:0 25648
25025 25608 1:0 25676
25025 25609 1:0 25677
25034 25607 1:0 25687
25034 16915 1:0 25692
25034 25577 1:0 25800
25042 25575 1:0 25807
25073 25576 1:0 25808
25155 25574 1:0 25818
25156 25544 1:0 25931
25165 25542 1:0 25938
25165 25543 1:0 25939
25171 25541 1:0 25949
25191 25511 1:0 26062
25192 25520 1:0 25984
25286 25509 1:0 26069
25286 25507 1:0 26073
25287 25510 1:0 26070
25287 17083 1:0 26073
25296 25508 1:0 26080
25296 25506 1:0 26090
25296 25478 1:0 26193
25304 25477 1:0 26201
25335 25476 1:0 26200
25417 25475 1:0 26211
25418 25473 1:0 26221
25418 341 1:0 26322
25418 12896 1:0 27832
25418 12901 1:0 27841
25418 12895 1:0 27851
25418 12907 1:0 27940
25418 13049 1:0 28072
26320 340 21:0 26370
26388 27126 0:0 26391
26393 27128 21:0 26451
26395 27127 0:0 26396
26450 27129 0:0 26462
26451 27146 21:0 26462
26461 27142 21:0 26462
26464 27159 0:0 26467
26469 27161 21:0 26527
26471 27160 0:0 26472
26526 27162 0:0 26538
26529 27164 21:0 26538
26540 27192 21:0 26548
26547 27194 0:0 26548
26547 27193 21:0 26614
26612 27195 0:0 26614
26616 27225 21:0 26624
26623 27226 0:0 26624
26623 27227 0:0 26624
26624 27228 21:0 26690
26692 27258 21:0 26700
26693 83 0:0 26695
26699 27259 0:0 26700
26699 27260 0:0 26700
26700 27261 21:0 26766
26768 27291 21:0 26776
26775 27293 0:0 26776
26775 27292 21:0 26842
26840 27294 0:0 26842
26841 27289 21:0 26847
26844 27324 0:0 26847
26846 69 21:0 26847
26849 27326 21:0 26907
26851 27325 0:0 26852
26906 27327 0:0 26918
26909 27329 21:0 26918
26917 49 21:0 26918
26920 27357 21:0 26928
26925 27358 0:0 26928
26927 27359 0:0 26928
26928 27360 21:0 26994
26996 27390 21:0 27004
27003 27391 0:0 27004
27003 27392 21:0 27070
27068 27393 0:0 27070
27069 139 21:0 27075
27072 27423 0:0 27075
27074 27349 21:0 27075
27074 27208 21:0 27077
27077 27425 21:0 27135
27079 27424 0:0 27080
27134 27422 21:0 27146
27134 27426 0:0 27146
27145 27197 21:0 27146
27148 27456 21:0 27156
27153 27458 0:0 27156
27155 27457 0:0 27156
27156 27459 21:0 27222
27221 27442 21:0 27227
27224 27489 0:0 27227
27226 27434 21:0 27227
27229 27490 21:0 27287
27231 27491 0:0 27232
27286 27492 0:0 27298
27286 213 21:0 27298
27297 27230 21:0 27298
27297 27344 21:0 27303
27300 27522 0:0 27303
27305 27523 21:0 27363
27307 27524 0:0 27308
27362 27525 0:0 27374
27376 27555 21:0 27384
27383 27557 0:0 27384
27383 27556 21:0 27450
27448 27558 0:0 27450
27452 27588 21:0 27460
27459 27590 0:0 27460
27459 27589 21:0 27526
27524 27591 0:0 27526
27528 27621 21:0 27536
27535 27622 0:0 27536
27535 27623 21:0 27602
27600 27624 0:0 27602
27604 27654 21:0 27612
27611 27655 0:0 27612
27611 27656 21:0 27678
27677 27657 21:0 27688
27687 27687 21:0 27754
27759 27687 1:0 27767
27760 27657 1:0 27800
27760 12903 1:0 27920
27760 12904 1:0 27921
27769 12905 1:0 27930
27769 12906 1:0 27931
27769 12908 1:0 27941
27769 27656 1:0 27978
27775 27655 1:0 27977
27796 27654 1:0 27988
27849 27624 1:0 28073
27862 13050 1:0 28141
27877 13051 1:0 28142
27878 13042 1:0 28101
27878 13052 1:0 28151
27878 13053 1:0 28152
27879 13043 1:0 28102
27879 13048 1:0 28131
27879 13196 1:0 28293
27928 13054 1:0 28161
27938 13055 1:0 28162
27948 13199 1:0 28372
27950 12907 21:0 27972
27971 12903 0:0 27972
27971 12905 0:0 27972
27971 12906 0:0 27972
27971 12904 0:0 27972
27971 12908 0:0 27972
27971 12896 21:0 27972
27971 12901 21:0 27972
27971 12895 21:0 27972
27971 12902 21:0 27975
27980 27623 1:0 28199
27981 27622 1:0 28198
27981 13197 1:0 28362
27990 27621 1:0 28209
27990 16342 1:0 28283
27990 27591 1:0 28294
27996 13189 1:0 28322
27996 13190 1:0 28323
27996 13195 1:0 28352
27996 13198 1:0 28363
27996 13200 1:0 28373
27996 13483 1:0 28735
27998 13201 1:0 28382
28001 13202 1:0 28383
28029 27589 1:0 28419
28098 27590 1:0 28420
28151 13050 21:0 28193
28159 27588 1:0 28430
28169 13349 1:0 28604
28192 13048 0:0 28193
28192 13043 0:0 28193
28192 13042 0:0 28193
28192 13051 0:0 28193
28192 13053 0:0 28193
28192 13049 21:0 28193
28192 13052 0:0 28193
28192 13054 0:0 28193
28192 13055 0:0 28193
28201 27558 1:0 28515
28202 13336 1:0 28543
28202 13337 1:0 28544
28202 13342 1:0 28573
28202 13343 1:0 28574
28202 13344 1:0 28583
28202 13345 1:0 28584
28202 13346 1:0 28593
28202 13347 1:0 28594
28202 13348 1:0 28603
28211 27556 1:0 28640
28211 27557 1:0 28641
28219 27555 1:0 28651
28222 13494 1:0 28815
28237 13492 1:0 28805
28238 13491 1:0 28804
28291 27525 1:0 28853
28304 13484 1:0 28765
28304 13490 1:0 28795
28304 13493 1:0 28814
28319 13489 1:0 28794
28319 13637 1:0 28956
28319 13783 1:0 29167
28320 13495 1:0 28824
28320 13496 1:0 28825
28382 13199 21:0 28414
28390 27523 1:0 28861
28412 13197 0:0 28414
28412 13201 0:0 28414
28412 13200 0:0 28414
28413 13198 0:0 28414
28413 13189 0:0 28414
28413 13195 0:0 28414
28413 13190 0:0 28414
28413 13196 21:0 28414
28413 13202 0:0 28414
28422 27524 1:0 28862
28423 27522 1:0 28872
28423 13639 1:0 29026
28423 13642 1:0 29045
28432 27492 1:0 28957
28432 13630 1:0 28985
28432 13631 1:0 28986
28432 13636 1:0 29015
28432 13638 1:0 29025
28432 13640 1:0 29035
28432 13641 1:0 29036
28438 13643 1:0 29046
28443 27490 1:0 29082
28471 27491 1:0 29083
28512 213 1:0 29088
28541 27489 1:0 29093
28601 27459 1:0 29177
28610 13349 21:0 28635
28611 13778 1:0 29177
28611 13931 1:0 29398
28633 13348 0:0 28635
28633 13346 0:0 28635
28634 13347 0:0 28635
28634 13344 0:0 28635
28634 13342 0:0 28635
28634 13345 0:0 28635
28634 13337 0:0 28635
28634 13336 0:0 28635
28634 13343 0:0 28635
28643 13777 1:0 29206
28643 13784 1:0 29237
28643 13785 1:0 29246
28643 13786 1:0 29247
28643 13787 1:0 29256
28643 13788 1:0 29257
28644 13789 1:0 29266
28644 13790 1:0 29267
28644 27457 1:0 29303
28653 27458 1:0 29304
28653 27456 1:0 29314
28659 16573 1:0 29319
28659 27434 1:0 29344
28659 27442 1:0 29344
28661 27422 1:0 29388
28692 27426 1:0 29399
28733 13932 1:0 29467
28733 13937 1:0 29488
28741 13933 1:0 29468
28746 13934 1:0 29477
28761 13935 1:0 29478
28762 13924 1:0 29427
28762 13925 1:0 29428
28762 13930 1:0 29457
28762 13936 1:0 29487
28812 14083 1:0 29708
28821 13494 21:0 28856
28854 13495 0:0 28856
28855 13484 0:0 28856
28855 13492 0:0 28856
28855 13483 21:0 28856
28855 13490 0:0 28856
28855 13493 0:0 28856
28855 13496 0:0 28856
28855 13489 0:0 28856
28855 13491 0:0 28856
28864 27425 1:0 29525
28865 27424 1:0 29524
28865 27423 1:0 29535
28874 14071 1:0 29648
28874 14072 1:0 29649
28874 14077 1:0 29678
28874 14079 1:0 29688
28874 14080 1:0 29689
28874 14081 1:0 29698
28874 14082 1:0 29699
28874 27393 1:0 29738
28880 14078 1:0 29679
28880 14084 1:0 29709
28880 14218 1:0 29840
28880 14372 1:0 30061
28900 27392 1:0 29746
28954 27391 1:0 29745
28983 27390 1:0 29756
29043 27360 1:0 29840
29053 14229 1:0 29920
29055 13642 21:0 29077
29076 13631 0:0 29077
29076 13636 0:0 29077
29076 13639 0:0 29077
29076 13643 0:0 29077
29076 13638 0:0 29077
29076 13640 0:0 29077
29076 13641 0:0 29077
29076 13630 0:0 29077
29076 13637 21:0 29077
29085 14219 1:0 29870
29085 14224 1:0 29899
29085 14225 1:0 29900
29085 14226 1:0 29909
29085 14227 1:0 29910
29085 14228 1:0 29919
29086 14230 1:0 29929
29086 14231 1:0 29930
29086 139 1:0 29961
29095 27358 1:0 29966
29095 27359 1:0 29967
29101 27357 1:0 29977
29101 27349 1:0 29992
29101 27344 1:0 30007
29103 27329 1:0 30051
29106 14378 1:0 30151
29134 27327 1:0 30062
29175 14373 1:0 30130
29175 14374 1:0 30131
29188 14375 1:0 30140
29203 14365 1:0 30090
29203 14376 1:0 30141
29204 14366 1:0 30091
29204 14371 1:0 30120
29204 14377 1:0 30150
29266 13787 21:0 29298
29274 27326 1:0 30188
29296 13789 0:0 29298
29297 13785 0:0 29298
29297 13790 0:0 29298
29297 13788 0:0 29298
29297 13786 0:0 29298
29297 13784 0:0 29298
29297 13777 0:0 29298
29297 13778 21:0 29298
29297 13783 21:0 29298
29306 27325 1:0 30187
29307 27324 1:0 30198
29307 27289 1:0 30282
29307 14523 1:0 30362
29316 27294 1:0 30283
29316 14512 1:0 30311
29316 14513 1:0 30312
29316 14518 1:0 30341
29316 14519 1:0 30342
29316 14520 1:0 30351
29316 14521 1:0 30352
29316 14522 1:0 30361
29322 14524 1:0 30371
29322 14525 1:0 30372
29342 27292 1:0 30408
29396 27293 1:0 30409
29425 27291 1:0 30419
29494 13937 21:0 29519
29495 27261 1:0 30503
29517 13936 0:0 29519
29517 13934 0:0 29519
29518 13933 0:0 29519
29518 13924 0:0 29519
29518 13935 0:0 29519
29518 13925 0:0 29519
29518 13931 21:0 29519
29518 13932 0:0 29519
29518 13930 0:0 29519
29527 14667 1:0 30572
29527 14668 1:0 30573
29527 14669 1:0 30582
29527 14671 1:0 30592
29528 14659 1:0 30532
29528 14660 1:0 30533
29528 14665 1:0 30562
29528 14666 1:0 30563
29528 14670 1:0 30583
29528 14672 1:0 30593
29537 27259 1:0 30629
29537 27260 1:0 30630
29543 27258 1:0 30640
29548 27228 1:0 30724
29563 83 1:0 30644
29564 27230 1:0 30724
29576 14814 1:0 30793
29576 14815 1:0 30794
29617 14806 1:0 30753
29617 14807 1:0 30754
29617 14816 1:0 30803
29617 14817 1:0 30804
29625 14812 1:0 30783
29630 14813 1:0 30784
29630 14960 1:0 30935
29645 14818 1:0 30813
29646 14819 1:0 30814
29706 27227 1:0 30851
29718 14083 21:0 29740
29739 14079 0:0 29740
29739 14072 0:0 29740
29739 14078 0:0 29740
29739 14071 0:0 29740
29739 14077 0:0 29740
29739 14080 0:0 29740
29739 14082 0:0 29740
29739 14084 0:0 29740
29739 14081 0:0 29740
29748 27226 1:0 30850
29748 69 1:0 30854
29749 27225 1:0 30861
29749 27208 1:0 30891
29749 27197 1:0 30891
29758 49 1:0 30926
29758 14959 1:0 30945
29758 27195 1:0 30946
29758 14962 1:0 31015
29758 14964 1:0 31025
29764 14953 1:0 30974
29764 14954 1:0 30975
29764 14961 1:0 31014
29764 14963 1:0 31024
29764 14965 1:0 31034
29766 14966 1:0 31035
29797 27193 1:0 31071
29851 27194 1:0 31072
29868 27192 1:0 31082
29917 27164 1:0 31115
29926 14229 21:0 29961
29927 15106 1:0 31147
29927 15100 1:0 31156
29927 15101 1:0 31166
29937 15109 1:0 31236
29959 14230 0:0 29961
29960 14219 0:0 29961
29960 14227 0:0 29961
29960 14226 0:0 29961
29960 14228 0:0 29961
29960 14231 0:0 29961
29960 14225 0:0 29961
29960 14224 0:0 29961
29960 14218 21:0 29961
29969 27162 1:0 31284
29970 15107 1:0 31226
29970 15108 1:0 31235
29970 15110 1:0 31245
29970 15111 1:0 31246
29970 15112 1:0 31255
29970 15113 1:0 31256
29979 27160 1:0 31292
29979 27161 1:0 31293
29985 27159 1:0 31303
29987 27146 1:0 31333
29990 27142 1:0 31342
30018 27129 1:0 31388
30059 15253 1:0 31387
30059 15260 1:0 31477
30072 15256 1:0 31457
30087 15255 1:0 31456
30088 15247 1:0 31416
30088 15248 1:0 31417
30088 15254 1:0 31447
30088 15257 1:0 31466
30088 15258 1:0 31467
30138 15259 1:0 31476
30157 14378 21:0 30182
30180 14376 0:0 30182
30180 14375 0:0 30182
30181 14377 0:0 30182
30181 14374 0:0 30182
30181 14373 0:0 30182
30181 14371 0:0 30182
30181 14365 0:0 30182
30181 14366 0:0 30182
30181 14372 21:0 30182
30190 27128 1:0 31514
30191 27127 1:0 31513
30191 27126 1:0 31524
30191 26049 1:0 31529
30200 22747 1:0 31529
30200 24398 1:0 31529
30200 19445 1:0 31547
30200 21096 1:0 31547
30200 17794 1:0 31547
30200 15400 1:0 31547
30200 16143 1:0 31557
30200 334 1:0 31608
30200 15402 1:0 31677
30200 15403 1:0 31678
30200 15406 1:0 31697
30206 15394 1:0 31637
30206 15395 1:0 31638
30206 15401 1:0 31668
30206 15404 1:0 31687
30206 15405 1:0 31688
30208 15407 1:0 31698
30368 14523 21:0 30403
30401 14520 0:0 30403
30402 14525 0:0 30403
30402 14522 0:0 30403
30402 14521 0:0 30403
30402 14524 0:0 30403
30402 14519 0:0 30403
30402 14513 0:0 30403
30402 14518 0:0 30403
30402 14512 0:0 30403
30602 14671 21:0 30624
30623 14659 0:0 30624
30623 14668 0:0 30624
30623 14667 0:0 30624
30623 14670 0:0 30624
30623 14672 0:0 30624
30623 14669 0:0 30624
30623 14665 0:0 30624
30623 14666 0:0 30624
30623 14660 0:0 30624
30800 14815 21:0 30845
30843 14814 0:0 30845
30843 14818 0:0 30845
30844 14817 0:0 30845
30844 14816 0:0 30845
30844 14812 0:0 30845
30844 14813 0:0 30845
30844 14806 0:0 30845
30844 14819 0:0 30845
30844 14807 0:0 30845
31031 14964 21:0 31066
31064 14961 0:0 31066
31064 14963 0:0 31066
31064 14962 0:0 31066
31065 14966 0:0 31066
31065 14959 21:0 31066
31065 14965 0:0 31066
31065 14960 21:0 31066
31065 14953 0:0 31066
31065 14954 0:0 31066
31242 15109 21:0 31287
31285 15112 0:0 31287
31286 15110 0:0 31287
31286 15106 21:0 31287
31286 15111 0:0 31287
31286 15100 21:0 31287
31286 15108 0:0 31287
31286 15101 21:0 31287
31286 15107 0:0 31287
31286 15113 0:0 31287
31483 15260 21:0 31508
31506 15255 0:0 31508
31506 15256 0:0 31508
31506 15258 0:0 31508
31506 15259 0:0 31508
31507 15254 0:0 31508
31507 15248 0:0 31508
31507 15253 21:0 31508
31507 15247 0:0 31508
31507 15257 0:0 31508
31707 15406 21:0 123
