49 7909 0:0 51
49 7818 0:0 51
50 7908 0:0 51
50 7819 0:0 51
1273 8473 21:0 1283
3323 9438 21:0 3381
3546 9535 21:0 3554
3622 9568 21:0 3630
3779 9636 21:0 3837
3855 9668 21:0 3913
3926 9700 21:0 3934
4010 9736 21:0 4076
4083 9768 21:0 4141
4527 9768 1:0 5180
4528 9736 1:0 5303
4537 9700 1:0 5452
4537 9668 1:0 5572
4543 9636 1:0 5704
4548 9568 1:0 5976
4576 9535 1:0 6107
4658 9438 1:0 6490
6910 11007 21:0 6968
7138 11107 21:0 7196
7293 11174 21:0 7359
7366 11206 21:0 7424
7368 11205 0:0 7369
7589 11303 21:0 7597
7596 11304 21:0 7663
7673 11339 21:0 7739
7886 11339 1:0 8138
7887 11304 1:0 8276
7896 11303 1:0 8287
7896 11206 1:0 8670
7902 11205 1:0 8669
7907 11174 1:0 8793
7935 11107 1:0 9063
8017 11007 1:0 9455
10036 12378 21:0 10044
10120 12414 21:0 10186
10264 12477 21:0 10272
10345 12511 21:0 10403
10421 12544 21:0 10479
10500 12579 21:0 10566
10649 12643 21:0 10707
10801 12710 21:0 10859
11255 5602 1:0 11351
11255 5611 1:0 11426
11255 5754 1:0 11627
11256 5760 1:0 11657
11256 5908 1:0 11794
11256 5903 1:0 11858
11265 5906 1:0 11794
11265 6053 1:0 12014
11265 6052 1:0 12015
11265 6054 1:0 12099
11271 6051 1:0 12014
11273 6050 1:0 12015
11276 6196 1:0 12235
11276 6198 1:0 12301
11291 6189 1:0 12236
11304 6201 1:0 12235
11304 6197 1:0 12235
11353 6199 1:0 12235
11374 12710 1:0 12358
11383 5602 0:0 11408
11384 6345 1:0 12522
11424 6348 1:0 12457
11436 5611 21:0 11468
11476 6337 1:0 12456
11476 6346 1:0 12457
11477 6342 1:0 12457
11477 6347 1:0 12457
11477 6495 1:0 12676
11477 6484 1:0 12703
11486 6489 1:0 12732
11486 6491 1:0 12742
11486 6492 1:0 12743
11486 6493 1:0 12752
11486 6494 1:0 12753
11492 6496 1:0 12763
11497 12643 1:0 12799
11513 6638 1:0 12963
11525 6642 1:0 12898
11566 6639 1:0 12898
11579 6641 1:0 12898
11579 6636 1:0 12899
11595 6640 1:0 12898
11596 6643 1:0 12899
11637 5754 21:0 11689
11645 6788 1:0 13195
11687 5760 0:0 11689
11697 12579 1:0 13108
11698 6789 1:0 13119
11698 6787 1:0 13119
11707 6786 1:0 13120
11707 6783 1:0 13120
11707 6785 1:0 13120
11707 6777 1:0 13120
11707 6790 1:0 13120
11707 6924 1:0 13336
11713 6933 1:0 13340
11713 6936 1:0 13425
11717 6935 1:0 13340
11717 6925 1:0 13340
11733 6934 1:0 13341
11746 6932 1:0 13341
11746 6930 1:0 13341
11800 12544 1:0 13462
11816 12511 1:0 13547
11866 7079 1:0 13626
11868 5903 21:0 11910
11876 7081 1:0 13562
11886 7083 1:0 13562
11909 5906 0:0 11910
11909 5908 0:0 11910
11918 7080 1:0 13562
11918 7082 1:0 13562
11919 7084 1:0 13562
11919 7231 1:0 13868
11928 7229 1:0 13782
11928 7227 1:0 13782
11928 7226 1:0 13783
11928 7376 1:0 14079
11934 12477 1:0 13915
11938 7377 1:0 14003
11939 7365 1:0 14004
11954 7378 1:0 14003
11955 7372 1:0 14003
11967 7374 1:0 14003
12008 7373 1:0 14004
12037 12414 1:0 14210
12038 7520 1:0 14289
12087 7521 1:0 14225
12097 7519 1:0 14224
12097 7513 1:0 14224
12107 7522 1:0 14225
12109 6054 21:0 12131
12130 6051 0:0 12131
12130 6053 0:0 12131
12130 6052 0:0 12131
12130 6050 0:0 12131
12132 7523 1:0 14225
12132 7524 1:0 14225
12139 7669 1:0 14446
12139 7671 1:0 14530
12140 7672 1:0 14445
12140 7670 1:0 14445
12140 7667 1:0 14446
12149 12378 1:0 14578
12149 8473 1:0 14655
12149 7813 1:0 14666
12149 7817 1:0 14742
12155 7818 1:0 14667
12157 7819 1:0 14666
12157 7908 1:0 14792
12157 7909 1:0 14793
12270 6189 0:0 12296
12297 6196 0:0 12306
12307 6198 21:0 12352
12350 6201 0:0 12352
12350 6199 0:0 12352
12350 6197 0:0 12352
12488 6337 0:0 12513
12528 6345 21:0 12573
12571 6346 0:0 12573
12571 6348 0:0 12573
12571 6342 0:0 12573
12572 6347 0:0 12573
12709 6484 21:0 12766
12772 6495 21:0 12794
12793 6492 0:0 12794
12793 6493 0:0 12794
12793 6494 0:0 12794
12793 6489 0:0 12794
12793 6496 0:0 12794
12793 6491 0:0 12794
12963 6636 0:0 12971
12973 6638 21:0 13015
13013 6640 0:0 13015
13013 6642 0:0 13015
13014 6643 0:0 13015
13014 6639 0:0 13015
13014 6641 0:0 13015
13159 6777 0:0 13182
13184 6783 0:0 13192
13201 6788 21:0 13236
13234 6789 0:0 13236
13234 6785 0:0 13236
13234 6787 0:0 13236
13235 6790 0:0 13236
13235 6786 0:0 13236
13375 6924 21:0 13431
13435 6936 21:0 13457
13456 6932 0:0 13457
13456 6933 0:0 13457
13456 6934 0:0 13457
13456 6930 0:0 13457
13456 6935 0:0 13457
13456 6925 0:0 13457
13636 7079 21:0 13678
13676 7081 0:0 13678
13677 7080 0:0 13678
13677 7084 0:0 13678
13677 7083 0:0 13678
13677 7082 0:0 13678
13874 7231 21:0 13899
13897 7229 0:0 13899
13897 7226 0:0 13899
13897 7227 0:0 13899
14038 7365 0:0 14064
14085 7376 21:0 14120
14118 7373 0:0 14120
14118 7374 0:0 14120
14118 7372 0:0 14120
14118 7377 0:0 14120
14119 7378 0:0 14120
14256 7513 0:0 14281
14286 7519 0:0 14295
14299 7520 21:0 14341
14339 7522 0:0 14341
14339 7524 0:0 14341
14340 7521 0:0 14341
14340 7523 0:0 14341
14540 7671 21:0 14562
14561 7670 0:0 14562
14561 7672 0:0 14562
14561 7667 0:0 14562
14561 7669 0:0 14562
14728 7813 0:0 14737
14748 7817 21:0 87
