255 48230 0:0 257
256 48229 0:0 257
256 48223 0:0 257
256 48224 0:0 258
302 48232 0:0 304
302 48233 0:0 304
302 48234 0:0 304
302 48235 0:0 304
303 48323 0:0 304
303 48231 0:0 304
303 48324 0:0 304
358 48494 21:0 366
365 48496 0:0 366
365 48495 21:0 432
439 48529 21:0 497
441 48528 0:0 442
496 48530 0:0 508
515 48562 21:0 573
667 48627 21:0 725
743 48661 21:0 801
745 48660 0:0 746
819 48694 21:0 877
895 48727 21:0 953
952 48728 0:0 964
971 48759 21:0 1029
973 48760 0:0 974
1028 48761 0:0 1040
1047 48792 0:0 1050
1050 48794 21:0 1116
1118 48824 21:0 1126
1125 48825 21:0 1192
1190 48827 0:0 1192
1194 48857 21:0 1202
1278 48893 21:0 1344
1354 48926 21:0 1420
1575 49023 21:0 1583
1582 49024 0:0 1583
1582 49025 21:0 1649
1647 49026 0:0 1649
1651 49056 21:0 1659
1658 49058 0:0 1659
1658 49057 21:0 1725
1723 49059 0:0 1725
1727 49089 21:0 1735
1734 49091 0:0 1735
1734 49090 21:0 1801
1799 49092 0:0 1801
1803 49122 21:0 1811
1810 49123 0:0 1811
1810 49124 21:0 1877
1875 49125 0:0 1877
1879 49155 0:0 1882
1884 49156 21:0 1942
1886 49157 0:0 1887
1941 49158 0:0 1953
1955 49188 21:0 1963
1962 49189 0:0 1963
1962 49190 21:0 2029
2027 49191 0:0 2029
2031 49221 21:0 2039
2038 49222 0:0 2039
2038 49223 21:0 2105
2103 49224 0:0 2105
2107 49254 21:0 2115
2114 49256 0:0 2115
2114 49255 21:0 2181
2179 49257 0:0 2181
2183 49287 21:0 2191
2190 49289 0:0 2191
2190 49288 21:0 2257
2255 49290 0:0 2257
2259 49320 21:0 2267
2266 49321 0:0 2267
2266 49322 21:0 2333
2331 49323 0:0 2333
2335 49353 21:0 2343
2342 49355 0:0 2343
2342 49354 21:0 2409
2407 49356 0:0 2409
2411 49386 21:0 2419
2418 49388 0:0 2419
2418 49387 21:0 2485
2483 49389 0:0 2485
2487 49419 21:0 2495
2494 49421 0:0 2495
2494 49420 21:0 2561
2559 49422 0:0 2561
2563 49452 21:0 2571
2570 49454 0:0 2571
2570 49453 21:0 2637
2635 49455 0:0 2637
2639 49485 21:0 2647
2762 328 21:0 2776
2777 328 1:0 2725
2777 48926 1:0 2971
2777 48893 1:0 3093
2777 48857 1:0 3231
2777 48827 1:0 3337
2777 48825 1:0 3343
2858 48824 1:0 3353
2859 48794 1:0 3459
2867 48792 1:0 3465
2867 48761 1:0 3581
2877 48759 1:0 3587
2980 48760 1:0 3588
2981 48728 1:0 3703
2989 48727 1:0 3710
2989 48694 1:0 3832
2999 48661 1:0 3954
3102 48660 1:0 3953
3103 48627 1:0 4075
3111 48562 1:0 4320
3111 48530 1:0 4435
3121 48529 1:0 4442
3224 48528 1:0 4441
3225 48495 1:0 4563
3233 48496 1:0 4564
3233 48494 1:0 4573
3239 329 1:0 5895
3257 49485 1:0 6046
4745 50465 21:0 4753
4752 50466 0:0 4753
4752 50467 21:0 4819
4817 50468 0:0 4819
4821 50498 21:0 4829
4828 50500 0:0 4829
4828 50499 21:0 4895
4893 50501 0:0 4895
4897 50531 21:0 4905
4904 50532 0:0 4905
4904 50533 21:0 4971
4969 50534 0:0 4971
4973 50564 21:0 4981
4980 50566 0:0 4981
4980 50565 21:0 5047
5045 50567 0:0 5047
5049 50597 21:0 5057
5056 50599 0:0 5057
5056 50598 21:0 5123
5121 50600 0:0 5123
5125 50630 21:0 5133
5132 50632 0:0 5133
5132 50631 21:0 5199
5197 50633 0:0 5199
5201 50663 21:0 5209
5208 50665 0:0 5209
5208 50664 21:0 5275
5273 50666 0:0 5275
5277 50696 21:0 5285
5284 50697 0:0 5285
5284 50698 21:0 5351
5349 50699 0:0 5351
5353 50729 0:0 5356
5358 50731 21:0 5416
5360 50730 0:0 5361
5415 50732 0:0 5427
5429 50762 21:0 5437
5436 50763 0:0 5437
5436 50764 21:0 5503
5501 50765 0:0 5503
5505 50795 21:0 5513
5510 50797 0:0 5513
5510 50796 0:0 5513
5513 50798 21:0 5579
5581 50828 21:0 5589
5588 50829 21:0 5655
5653 50831 0:0 5655
5662 50862 0:0 5665
5662 50863 0:0 5665
5665 50864 21:0 5731
5733 50894 21:0 5741
5740 50895 21:0 5807
5805 50897 0:0 5807
5809 50927 21:0 5817
5907 49455 1:0 6159
5908 49453 1:0 6166
5917 49454 1:0 6167
5917 49452 1:0 6177
5923 49422 1:0 6290
5936 329 21:0 5950
5944 49420 1:0 6297
5956 49421 1:0 6298
6038 49419 1:0 6308
6039 49389 1:0 6421
6048 49387 1:0 6428
6048 49388 1:0 6429
6054 49386 1:0 6439
6074 49356 1:0 6552
6169 49354 1:0 6559
6170 49355 1:0 6560
6170 49353 1:0 6570
6179 49323 1:0 6683
6179 49322 1:0 6691
6187 49321 1:0 6690
6206 49320 1:0 6701
6300 49290 1:0 6814
6301 49288 1:0 6821
6301 49289 1:0 6822
6310 49287 1:0 6832
6310 49257 1:0 6945
6318 49255 1:0 6952
6337 49256 1:0 6953
6431 49254 1:0 6963
6432 49224 1:0 7076
6441 49222 1:0 7083
6441 49223 1:0 7084
6447 49221 1:0 7094
6451 49191 1:0 7207
6480 49190 1:0 7215
6562 49189 1:0 7214
6563 49188 1:0 7225
6572 49158 1:0 7338
6572 49156 1:0 7345
6578 49157 1:0 7346
6583 49155 1:0 7356
6611 49125 1:0 7469
6693 49124 1:0 7477
6694 49123 1:0 7476
6703 49122 1:0 7487
6703 49092 1:0 7600
6709 49090 1:0 7607
6714 49091 1:0 7608
6742 49089 1:0 7618
6824 49059 1:0 7731
6825 49057 1:0 7738
6834 49058 1:0 7739
6834 49056 1:0 7749
6840 49026 1:0 7862
6860 49025 1:0 7870
6873 49024 1:0 7869
6955 49023 1:0 7880
6956 330 1:0 9210
8060 51907 21:0 8068
8067 51909 0:0 8068
8067 51908 21:0 8134
8132 51910 0:0 8134
8136 51940 21:0 8144
8143 51942 0:0 8144
8143 51941 21:0 8210
8208 51943 0:0 8210
8212 51973 21:0 8220
8219 51975 0:0 8220
8219 51974 21:0 8286
8284 51976 0:0 8286
8288 52006 21:0 8296
8295 52008 0:0 8296
8295 52007 21:0 8362
8360 52009 0:0 8362
8364 52039 21:0 8372
8371 52040 0:0 8372
8371 52041 21:0 8438
8436 52042 0:0 8438
8440 52072 21:0 8448
8447 52073 0:0 8448
8447 52074 21:0 8514
8512 52075 0:0 8514
8516 52105 21:0 8524
8523 52106 0:0 8524
8523 52107 21:0 8590
8588 52108 0:0 8590
8592 52138 21:0 8600
8599 52140 0:0 8600
8599 52139 21:0 8666
8664 52141 0:0 8666
8668 52171 21:0 8676
8675 52172 0:0 8676
8675 52173 21:0 8742
8740 52174 0:0 8742
8744 52204 21:0 8752
8751 52205 0:0 8752
8751 52206 21:0 8818
8816 52207 0:0 8818
8820 52237 21:0 8828
8827 52238 0:0 8828
8827 52239 21:0 8894
8892 52240 0:0 8894
8896 52270 21:0 8904
8903 52272 0:0 8904
8903 52271 21:0 8970
8968 52273 0:0 8970
8972 52303 0:0 8975
8977 52305 21:0 9035
8979 52304 0:0 8980
9034 52306 0:0 9046
9048 52336 0:0 9051
9053 52338 21:0 9111
9055 52337 0:0 9056
9110 52339 0:0 9122
9222 50927 1:0 9361
9223 50897 1:0 9474
9232 50895 1:0 9481
9232 50894 1:0 9492
9238 50864 1:0 9605
9251 330 21:0 9265
9259 50863 1:0 9613
9271 50862 1:0 9612
9353 50831 1:0 9736
9354 50829 1:0 9743
9363 50828 1:0 9754
9363 50798 1:0 9867
9369 50797 1:0 9875
9389 50796 1:0 9874
9484 50795 1:0 9885
9485 50765 1:0 9998
9485 50764 1:0 10006
9494 50763 1:0 10005
9494 50762 1:0 10016
9502 50732 1:0 10129
9521 50731 1:0 10137
9615 50730 1:0 10136
9616 50729 1:0 10147
9616 50699 1:0 10260
9625 50697 1:0 10267
9625 50698 1:0 10268
9633 50696 1:0 10278
9652 50666 1:0 10391
9746 50664 1:0 10398
9747 50665 1:0 10399
9756 50663 1:0 10409
9756 50633 1:0 10522
9762 50631 1:0 10529
9766 50632 1:0 10530
9795 50630 1:0 10540
9877 50600 1:0 10653
9878 50598 1:0 10660
9887 50599 1:0 10661
9887 50597 1:0 10671
9893 50567 1:0 10784
9898 50565 1:0 10791
9926 50566 1:0 10792
10008 50564 1:0 10802
10009 50534 1:0 10915
10018 50532 1:0 10922
10018 50533 1:0 10923
10024 50531 1:0 10933
10029 50501 1:0 11046
10057 50499 1:0 11053
10139 50500 1:0 11054
10140 50498 1:0 11064
10149 50468 1:0 11177
10149 50467 1:0 11185
10155 50466 1:0 11184
10175 50465 1:0 11195
10176 331 1:0 12525
10270 52339 1:0 12789
10271 52338 1:0 12797
11375 53349 21:0 11383
11382 53350 0:0 11383
11382 53351 21:0 11449
11447 53352 0:0 11449
11451 53382 21:0 11459
11458 53383 0:0 11459
11458 53384 21:0 11525
11523 53385 0:0 11525
11527 53415 21:0 11535
11534 53416 0:0 11535
11534 53417 21:0 11601
11599 53418 0:0 11601
11603 53448 21:0 11611
11610 53450 0:0 11611
11610 53449 21:0 11677
11675 53451 0:0 11677
11679 53481 21:0 11687
11686 53483 0:0 11687
11686 53482 21:0 11753
11751 53484 0:0 11753
11755 53514 21:0 11763
11762 53516 0:0 11763
11762 53515 21:0 11829
11827 53517 0:0 11829
11831 53547 21:0 11839
11838 53548 0:0 11839
11838 53549 0:0 11839
11839 53550 21:0 11905
11907 53580 21:0 11915
11914 53581 0:0 11915
11914 53582 21:0 11981
11979 53583 0:0 11981
11983 53613 0:0 11986
11988 53615 21:0 12046
11990 53614 0:0 11991
12045 53616 0:0 12057
12059 53646 21:0 12067
12066 53647 0:0 12067
12066 53648 0:0 12067
12067 53649 21:0 12133
12135 53679 0:0 12138
12140 53681 21:0 12198
12142 53680 0:0 12143
12197 53682 0:0 12209
12211 53712 21:0 12219
12218 53714 0:0 12219
12218 53713 21:0 12285
12283 53715 0:0 12285
12287 53745 21:0 12295
12294 53746 21:0 12361
12359 53748 0:0 12361
12363 53778 21:0 12371
12370 53780 0:0 12371
12370 53779 0:0 12371
12371 53781 21:0 12437
12439 53811 21:0 12447
12537 52337 1:0 12796
12538 52336 1:0 12807
12547 52306 1:0 12920
12547 52305 1:0 12928
12553 52304 1:0 12927
12566 331 21:0 12580
12574 52303 1:0 12938
12586 52273 1:0 13051
12668 52271 1:0 13058
12669 52272 1:0 13059
12678 52270 1:0 13069
12678 52240 1:0 13182
12684 52239 1:0 13190
12704 52238 1:0 13189
12799 52237 1:0 13200
12800 52207 1:0 13313
12800 52206 1:0 13321
12809 52205 1:0 13320
12809 52204 1:0 13331
12817 52174 1:0 13444
12836 52173 1:0 13452
12930 52172 1:0 13451
12931 52171 1:0 13462
12931 52141 1:0 13575
12940 52139 1:0 13582
12940 52140 1:0 13583
12948 52138 1:0 13593
12967 52108 1:0 13706
13061 52107 1:0 13714
13062 52106 1:0 13713
13071 52105 1:0 13724
13071 52075 1:0 13837
13077 52074 1:0 13845
13081 52073 1:0 13844
13110 52072 1:0 13855
13192 52042 1:0 13968
13193 52041 1:0 13976
13202 52040 1:0 13975
13202 52039 1:0 13986
13208 52009 1:0 14099
13213 52007 1:0 14106
13241 52008 1:0 14107
13323 52006 1:0 14117
13324 51976 1:0 14230
13333 51974 1:0 14237
13333 51975 1:0 14238
13339 51973 1:0 14248
13344 51943 1:0 14361
13372 51941 1:0 14368
13454 51942 1:0 14369
13455 51940 1:0 14379
13464 51910 1:0 14492
13464 51908 1:0 14499
13470 51909 1:0 14500
13490 51907 1:0 14510
13491 332 1:0 15840
13585 53811 1:0 15991
13586 53781 1:0 16104
14690 54791 21:0 14698
14697 54792 0:0 14698
14697 54793 21:0 14764
14762 54794 0:0 14764
14766 54824 21:0 14774
14773 54825 0:0 14774
14773 54826 21:0 14840
14838 54827 0:0 14840
14842 54857 21:0 14850
14849 54858 0:0 14850
14849 54859 21:0 14916
14914 54860 0:0 14916
14918 54890 21:0 14926
14925 54891 0:0 14926
14925 54892 21:0 14992
14990 54893 0:0 14992
14994 54923 21:0 15002
15001 54925 0:0 15002
15001 54924 21:0 15068
15066 54926 0:0 15068
15070 54956 21:0 15078
15077 54958 0:0 15078
15077 54957 21:0 15144
15142 54959 0:0 15144
15146 54989 21:0 15154
15153 54991 0:0 15154
15153 54990 21:0 15220
15218 54992 0:0 15220
15222 55022 21:0 15230
15229 55023 0:0 15230
15229 55024 21:0 15296
15294 55025 0:0 15296
15298 55055 21:0 15306
15305 55056 0:0 15306
15305 55057 21:0 15372
15370 55058 0:0 15372
15374 55088 21:0 15382
15379 55090 0:0 15382
15379 55089 0:0 15382
15382 55091 21:0 15448
15450 55121 0:0 15453
15455 55123 21:0 15513
15457 55122 0:0 15458
15512 55124 0:0 15524
15526 55154 0:0 15529
15531 55156 21:0 15589
15533 55155 0:0 15534
15588 55157 0:0 15600
15602 55187 0:0 15605
15607 55188 21:0 15665
15609 55189 0:0 15610
15664 55190 0:0 15676
15678 55220 21:0 15686
15683 55221 0:0 15686
15686 55223 21:0 15752
15759 55254 21:0 15817
15852 53780 1:0 16112
15853 53779 1:0 16111
15862 53778 1:0 16122
15862 53748 1:0 16235
15868 53746 1:0 16242
15881 332 21:0 15895
15889 53745 1:0 16253
15901 53715 1:0 16366
15983 53713 1:0 16373
15984 53714 1:0 16374
15993 53712 1:0 16384
15993 53682 1:0 16497
15999 53681 1:0 16505
16019 53680 1:0 16504
16114 53679 1:0 16515
16115 53649 1:0 16628
16115 53648 1:0 16636
16124 53647 1:0 16635
16124 53646 1:0 16646
16132 53616 1:0 16759
16151 53615 1:0 16767
16245 53614 1:0 16766
16246 53613 1:0 16777
16246 53583 1:0 16890
16255 53581 1:0 16897
16255 53582 1:0 16898
16263 53580 1:0 16908
16282 53550 1:0 17021
16376 53548 1:0 17028
16377 53549 1:0 17029
16386 53547 1:0 17039
16386 53517 1:0 17152
16392 53515 1:0 17159
16396 53516 1:0 17160
16425 53514 1:0 17170
16507 53484 1:0 17283
16508 53482 1:0 17290
16517 53483 1:0 17291
16517 53481 1:0 17301
16523 53451 1:0 17414
16528 53449 1:0 17421
16556 53450 1:0 17422
16638 53448 1:0 17432
16639 53418 1:0 17545
16648 53416 1:0 17552
16648 53417 1:0 17553
16654 53415 1:0 17563
16659 53385 1:0 17676
16687 53384 1:0 17684
16769 53383 1:0 17683
16770 53382 1:0 17694
16779 53352 1:0 17807
16779 53351 1:0 17815
16785 53350 1:0 17814
16805 53349 1:0 17825
16806 333 1:0 19155
18005 56233 21:0 18013
18012 56235 0:0 18013
18012 56234 21:0 18079
18077 56236 0:0 18079
18081 56266 21:0 18089
18088 56268 0:0 18089
18088 56267 21:0 18155
18153 56269 0:0 18155
18157 56299 21:0 18165
18164 56301 0:0 18165
18164 56300 21:0 18231
18229 56302 0:0 18231
18233 56332 21:0 18241
18240 56333 0:0 18241
18240 56334 21:0 18307
18305 56335 0:0 18307
18309 56365 21:0 18317
18316 56367 0:0 18317
18316 56366 21:0 18383
18381 56368 0:0 18383
18385 56398 21:0 18393
18392 56399 0:0 18393
18392 56400 21:0 18459
18457 56401 0:0 18459
18461 56431 21:0 18469
18468 56432 0:0 18469
18468 56433 21:0 18535
18533 56434 0:0 18535
18537 56464 21:0 18545
18544 56466 0:0 18545
18544 56465 21:0 18611
18609 56467 0:0 18611
18613 56497 21:0 18621
18620 56498 0:0 18621
18620 56499 21:0 18687
18685 56500 0:0 18687
18689 56530 0:0 18692
18694 56531 21:0 18752
18696 56532 0:0 18697
18751 56533 0:0 18763
18765 56563 21:0 18773
18772 56564 0:0 18773
18772 56565 0:0 18773
18773 56566 21:0 18839
18841 56596 21:0 18849
18848 56598 0:0 18849
18848 56597 21:0 18915
18913 56599 0:0 18915
18917 56629 0:0 18920
18922 56630 21:0 18980
18924 56631 0:0 18925
18998 56664 0:0 19001
18998 56663 0:0 19001
19001 56665 21:0 19067
19167 55254 1:0 19295
19168 55223 1:0 19419
19177 55221 1:0 19426
19177 55220 1:0 19437
19183 55190 1:0 19550
19196 333 21:0 19210
19204 55188 1:0 19557
19216 55189 1:0 19558
19298 55187 1:0 19568
19299 55157 1:0 19681
19308 55155 1:0 19688
19308 55156 1:0 19689
19314 55154 1:0 19699
19334 55124 1:0 19812
19429 55123 1:0 19820
19430 55122 1:0 19819
19430 55121 1:0 19830
19439 55091 1:0 19943
19439 55089 1:0 19950
19447 55090 1:0 19951
19466 55088 1:0 19961
19560 55058 1:0 20074
19561 55056 1:0 20081
19561 55057 1:0 20082
19570 55055 1:0 20092
19570 55025 1:0 20205
19578 55024 1:0 20213
19597 55023 1:0 20212
19691 55022 1:0 20223
19692 54992 1:0 20336
19701 54990 1:0 20343
19701 54991 1:0 20344
19707 54989 1:0 20354
19711 54959 1:0 20467
19740 54957 1:0 20474
19822 54958 1:0 20475
19823 54956 1:0 20485
19832 54926 1:0 20598
19832 54924 1:0 20605
19838 54925 1:0 20606
19843 54923 1:0 20616
19871 54893 1:0 20729
19953 54892 1:0 20737
19954 54891 1:0 20736
19963 54890 1:0 20747
19963 54860 1:0 20860
19969 54859 1:0 20868
19974 54858 1:0 20867
20002 54857 1:0 20878
20084 54827 1:0 20991
20085 54826 1:0 20999
20094 54825 1:0 20998
20094 54824 1:0 21009
20100 54794 1:0 21122
20120 54793 1:0 21130
20133 54792 1:0 21129
20215 54791 1:0 21140
20216 334 1:0 22470
20216 56665 1:0 22734
20225 56663 1:0 22741
20225 56664 1:0 22742
21320 57675 21:0 21328
21327 57677 0:0 21328
21327 57676 21:0 21394
21392 57678 0:0 21394
21396 57708 21:0 21404
21403 57710 0:0 21404
21403 57709 21:0 21470
21468 57711 0:0 21470
21472 57741 21:0 21480
21479 57742 0:0 21480
21479 57743 21:0 21546
21544 57744 0:0 21546
21548 57774 21:0 21556
21555 57775 0:0 21556
21555 57776 21:0 21622
21620 57777 0:0 21622
21624 57807 21:0 21632
21631 57809 0:0 21632
21631 57808 21:0 21698
21696 57810 0:0 21698
21700 57840 21:0 21708
21707 57842 0:0 21708
21707 57841 21:0 21774
21772 57843 0:0 21774
21776 57873 21:0 21784
21783 57874 0:0 21784
21783 57875 21:0 21850
21848 57876 0:0 21850
21852 57906 21:0 21860
21859 57908 0:0 21860
21859 57907 21:0 21926
21924 57909 0:0 21926
21928 57939 0:0 21931
21933 57940 21:0 21991
21935 57941 0:0 21936
21990 57942 0:0 22002
22004 57972 0:0 22007
22009 57974 21:0 22067
22011 57973 0:0 22012
22066 57975 0:0 22078
22080 58005 21:0 22088
22087 58007 0:0 22088
22087 58006 21:0 22154
22152 58008 0:0 22154
22156 58038 21:0 22164
22163 58040 0:0 22164
22163 58039 21:0 22230
22228 58041 0:0 22230
22232 58071 0:0 22235
22237 58073 21:0 22295
22239 58072 0:0 22240
22294 58074 0:0 22306
22308 58104 21:0 22316
22315 58105 0:0 22316
22315 58106 21:0 22382
22380 58107 0:0 22382
22384 58137 0:0 22387
22389 58139 21:0 22447
22391 58138 0:0 22392
22482 56630 1:0 22872
22483 56631 1:0 22873
22492 56629 1:0 22883
22492 56599 1:0 22996
22498 56597 1:0 23003
22511 334 21:0 22525
22519 56598 1:0 23004
22531 56596 1:0 23014
22613 56566 1:0 23127
22614 56565 1:0 23135
22623 56564 1:0 23134
22623 56563 1:0 23145
22629 56533 1:0 23258
22649 56531 1:0 23265
22744 56532 1:0 23266
22745 56530 1:0 23276
22745 56500 1:0 23389
22754 56498 1:0 23396
22754 56499 1:0 23397
22762 56497 1:0 23407
22781 56467 1:0 23520
22875 56465 1:0 23527
22876 56466 1:0 23528
22876 56464 1:0 23538
22885 56434 1:0 23651
22885 56433 1:0 23659
22893 56432 1:0 23658
22912 56431 1:0 23669
23006 56401 1:0 23782
23007 56400 1:0 23790
23016 56399 1:0 23789
23016 56398 1:0 23800
23022 56368 1:0 23913
23026 56366 1:0 23920
23055 56367 1:0 23921
23137 56365 1:0 23931
23138 56335 1:0 24044
23147 56333 1:0 24051
23147 56334 1:0 24052
23153 56332 1:0 24062
23158 56302 1:0 24175
23186 56300 1:0 24182
23268 56301 1:0 24183
23269 56299 1:0 24193
23278 56269 1:0 24306
23278 56267 1:0 24313
23284 56268 1:0 24314
23289 56266 1:0 24324
23317 56236 1:0 24437
23399 56234 1:0 24444
23400 56235 1:0 24445
23400 335 1:0 25785
23409 56233 1:0 24455
23409 58139 1:0 25926
23417 58138 1:0 25925
24635 59117 21:0 24643
24642 59119 0:0 24643
24642 59118 21:0 24709
24707 59120 0:0 24709
24711 59150 21:0 24719
24718 59151 0:0 24719
24718 59152 21:0 24785
24783 59153 0:0 24785
24787 59183 21:0 24795
24794 59184 0:0 24795
24794 59185 21:0 24861
24859 59186 0:0 24861
24863 59216 21:0 24871
24870 59217 0:0 24871
24870 59218 21:0 24937
24935 59219 0:0 24937
24939 59249 21:0 24947
24946 59250 0:0 24947
24946 59251 21:0 25013
25011 59252 0:0 25013
25015 59282 21:0 25023
25022 59284 0:0 25023
25022 59283 21:0 25089
25087 59285 0:0 25089
25091 59315 21:0 25099
25098 59316 0:0 25099
25098 59317 21:0 25165
25163 59318 0:0 25165
25167 59348 21:0 25175
25174 59349 0:0 25175
25174 59350 21:0 25241
25239 59351 0:0 25241
25243 59381 0:0 25246
25248 59382 21:0 25306
25250 59383 0:0 25251
25305 59384 0:0 25317
25319 59414 21:0 25327
25326 59415 0:0 25327
25326 59416 21:0 25393
25391 59417 0:0 25393
25395 59447 21:0 25403
25402 59448 0:0 25403
25402 59449 21:0 25469
25467 59450 0:0 25469
25471 59480 21:0 25479
25478 59482 0:0 25479
25478 59481 21:0 25545
25543 59483 0:0 25545
25547 59513 21:0 25555
25554 59514 0:0 25555
25554 59515 21:0 25621
25619 59516 0:0 25621
25699 59579 21:0 25707
25797 58137 1:0 25936
25798 58107 1:0 26049
25807 58105 1:0 26056
25807 58106 1:0 26057
25813 58104 1:0 26067
25826 335 21:0 25840
25834 58074 1:0 26180
25846 58073 1:0 26188
25928 58072 1:0 26187
25929 58071 1:0 26198
25938 58041 1:0 26311
25938 58039 1:0 26318
25944 58040 1:0 26319
25964 58038 1:0 26329
26059 58008 1:0 26442
26060 58006 1:0 26449
26060 58007 1:0 26450
26069 58005 1:0 26460
26069 57975 1:0 26573
26077 57974 1:0 26581
26096 57973 1:0 26580
26190 57972 1:0 26591
26191 57942 1:0 26704
26191 57940 1:0 26711
26200 57941 1:0 26712
26200 57939 1:0 26722
26208 57909 1:0 26835
26227 57907 1:0 26842
26321 57908 1:0 26843
26322 57906 1:0 26853
26331 57876 1:0 26966
26331 57875 1:0 26974
26337 57874 1:0 26973
26341 57873 1:0 26984
26370 57843 1:0 27097
26452 57841 1:0 27104
26453 57842 1:0 27105
26462 57840 1:0 27115
26462 57810 1:0 27228
26468 57808 1:0 27235
26473 57809 1:0 27236
26501 57807 1:0 27246
26583 57777 1:0 27359
26584 57776 1:0 27367
26593 57775 1:0 27366
26593 57774 1:0 27377
26599 57744 1:0 27490
26604 57743 1:0 27498
26632 57742 1:0 27497
26714 57741 1:0 27508
26715 57711 1:0 27621
26724 57709 1:0 27628
26724 57710 1:0 27629
26730 57708 1:0 27639
26750 57678 1:0 27752
26763 57676 1:0 27759
26845 57677 1:0 27760
26846 57675 1:0 27770
26846 336 1:0 29100
27950 60559 21:0 27958
27957 60561 0:0 27958
27957 60560 21:0 28024
28022 60562 0:0 28024
28026 60592 21:0 28034
28033 60593 0:0 28034
28033 60594 21:0 28100
28098 60595 0:0 28100
28102 60625 21:0 28110
28109 60626 0:0 28110
28109 60627 21:0 28176
28174 60628 0:0 28176
28178 60658 21:0 28186
28185 60659 0:0 28186
28185 60660 21:0 28252
28250 60661 0:0 28252
28254 60691 21:0 28262
28261 60692 0:0 28262
28261 60693 21:0 28328
28326 60694 0:0 28328
28330 60724 21:0 28338
28337 60725 0:0 28338
28337 60726 21:0 28404
28402 60727 0:0 28404
28406 60757 21:0 28414
28413 60758 0:0 28414
28413 60759 21:0 28480
28478 60760 0:0 28480
28482 60790 21:0 28490
28489 60792 0:0 28490
28489 60791 21:0 28556
28554 60793 0:0 28556
28558 60823 21:0 28566
28565 60824 0:0 28566
28565 60825 21:0 28632
28630 60826 0:0 28632
28634 60856 21:0 28642
28641 60857 0:0 28642
28641 60858 0:0 28642
28642 60859 21:0 28708
28710 60889 0:0 28713
28715 60890 21:0 28773
28717 60891 0:0 28718
28772 60892 0:0 28784
28786 60922 0:0 28789
28791 60924 21:0 28849
28793 60923 0:0 28794
28848 60925 0:0 28860
28862 60955 0:0 28865
28867 60957 21:0 28925
28869 60956 0:0 28870
28924 60958 0:0 28936
28938 60988 0:0 28941
28943 60989 21:0 29001
28945 60990 0:0 28946
29014 61021 21:0 29022
29021 61022 21:0 29088
29112 59579 1:0 29251
29113 59516 1:0 29495
29122 59514 1:0 29502
29122 59515 1:0 29503
29128 59513 1:0 29513
29141 336 21:0 29155
29149 59483 1:0 29626
29161 59481 1:0 29633
29243 59482 1:0 29634
29244 59480 1:0 29644
29253 59450 1:0 29757
29253 59449 1:0 29765
29259 59448 1:0 29764
29279 59447 1:0 29775
29374 59417 1:0 29888
29375 59415 1:0 29895
29375 59416 1:0 29896
29384 59414 1:0 29906
29384 59384 1:0 30019
29392 59382 1:0 30026
29411 59383 1:0 30027
29505 59381 1:0 30037
29506 59351 1:0 30150
29506 59350 1:0 30158
29515 59349 1:0 30157
29515 59348 1:0 30168
29523 59318 1:0 30281
29542 59317 1:0 30289
29636 59316 1:0 30288
29637 59315 1:0 30299
29646 59285 1:0 30412
29646 59283 1:0 30419
29652 59284 1:0 30420
29656 59282 1:0 30430
29685 59252 1:0 30543
29767 59251 1:0 30551
29768 59250 1:0 30550
29777 59249 1:0 30561
29777 59219 1:0 30674
29783 59218 1:0 30682
29788 59217 1:0 30681
29816 59216 1:0 30692
29898 59186 1:0 30805
29899 59185 1:0 30813
29908 59184 1:0 30812
29908 59183 1:0 30823
29914 59153 1:0 30936
29919 59152 1:0 30944
29947 59151 1:0 30943
30029 59150 1:0 30954
30030 59120 1:0 31067
30039 59118 1:0 31074
30039 59119 1:0 31075
30045 59117 1:0 31085
30047 337 1:0 32415
30066 61022 1:0 32555
30160 61021 1:0 32566
30161 60989 1:0 32686
30161 60990 1:0 32687
31265 62001 21:0 31273
31272 62002 0:0 31273
31272 62003 21:0 31339
31337 62004 0:0 31339
31341 62034 21:0 31349
31348 62036 0:0 31349
31348 62035 21:0 31415
31413 62037 0:0 31415
31417 62067 21:0 31425
31424 62068 0:0 31425
31424 62069 21:0 31491
31489 62070 0:0 31491
31493 62100 21:0 31501
31500 62102 0:0 31501
31500 62101 21:0 31567
31565 62103 0:0 31567
31569 62133 21:0 31577
31576 62135 0:0 31577
31576 62134 21:0 31643
31641 62136 0:0 31643
31645 62166 21:0 31653
31652 62168 0:0 31653
31652 62167 21:0 31719
31717 62169 0:0 31719
31721 62199 21:0 31729
31728 62200 0:0 31729
31728 62201 21:0 31795
31793 62202 0:0 31795
31797 62232 21:0 31805
31804 62233 0:0 31805
31804 62234 21:0 31871
31869 62235 0:0 31871
31873 62265 0:0 31876
31878 62266 21:0 31936
31880 62267 0:0 31881
31935 62268 0:0 31947
31949 62298 21:0 31957
31956 62299 0:0 31957
31956 62300 0:0 31957
31957 62301 21:0 32023
32025 62331 21:0 32033
32032 62332 0:0 32033
32032 62333 0:0 32033
32033 62334 21:0 32099
32101 62364 0:0 32104
32106 62366 21:0 32164
32108 62365 0:0 32109
32163 62367 0:0 32175
32177 62397 0:0 32180
32182 62398 21:0 32240
32184 62399 0:0 32185
32239 62400 0:0 32251
32253 62430 21:0 32261
32260 62432 0:0 32261
32260 62431 21:0 32327
32325 62433 0:0 32327
32329 62463 21:0 32337
32427 60988 1:0 32697
32428 60958 1:0 32810
32437 60956 1:0 32817
32437 60957 1:0 32818
32443 60955 1:0 32828
32456 337 21:0 32470
32464 60925 1:0 32941
32476 60924 1:0 32949
32558 60923 1:0 32948
32559 60922 1:0 32959
32568 60892 1:0 33072
32568 60890 1:0 33079
32574 60891 1:0 33080
32594 60889 1:0 33090
32689 60859 1:0 33203
32690 60857 1:0 33210
32690 60858 1:0 33211
32699 60856 1:0 33221
32699 60826 1:0 33334
32707 60825 1:0 33342
32726 60824 1:0 33341
32820 60823 1:0 33352
32821 60793 1:0 33465
32821 60791 1:0 33472
32830 60792 1:0 33473
32830 60790 1:0 33483
32838 60760 1:0 33596
32857 60759 1:0 33604
32951 60758 1:0 33603
32952 60757 1:0 33614
32961 60727 1:0 33727
32961 60726 1:0 33735
32967 60725 1:0 33734
32971 60724 1:0 33745
33000 60694 1:0 33858
33082 60693 1:0 33866
33083 60692 1:0 33865
33092 60691 1:0 33876
33092 60661 1:0 33989
33098 60660 1:0 33997
33103 60659 1:0 33996
33131 60658 1:0 34007
33213 60628 1:0 34120
33214 60627 1:0 34128
33223 60626 1:0 34127
33223 60625 1:0 34138
33229 60595 1:0 34251
33234 60594 1:0 34259
33262 60593 1:0 34258
33344 60592 1:0 34269
33345 60562 1:0 34382
33354 60560 1:0 34389
33354 60561 1:0 34390
33360 60559 1:0 34400
33362 338 1:0 35730
34580 63443 21:0 34588
34587 63444 0:0 34588
34587 63445 21:0 34654
34652 63446 0:0 34654
34656 63476 21:0 34664
34663 63477 0:0 34664
34663 63478 21:0 34730
34728 63479 0:0 34730
34732 63509 21:0 34740
34739 63511 0:0 34740
34739 63510 21:0 34806
34804 63512 0:0 34806
34808 63542 21:0 34816
34815 63543 0:0 34816
34815 63544 21:0 34882
34880 63545 0:0 34882
34884 63575 21:0 34892
34891 63577 0:0 34892
34891 63576 21:0 34958
34956 63578 0:0 34958
34960 63608 21:0 34968
34967 63609 0:0 34968
34967 63610 21:0 35034
35032 63611 0:0 35034
35036 63641 21:0 35044
35043 63643 0:0 35044
35043 63642 21:0 35110
35108 63644 0:0 35110
35112 63674 21:0 35120
35119 63675 0:0 35120
35119 63676 21:0 35186
35184 63677 0:0 35186
35188 63707 0:0 35191
35193 63709 21:0 35251
35195 63708 0:0 35196
35250 63710 0:0 35262
35264 63740 21:0 35272
35271 63742 0:0 35272
35271 63741 21:0 35338
35336 63743 0:0 35338
35340 63773 0:0 35343
35345 63774 21:0 35403
35347 63775 0:0 35348
35402 63776 0:0 35414
35416 63806 0:0 35419
35421 63807 21:0 35479
35423 63808 0:0 35424
35478 63809 0:0 35490
35492 63839 0:0 35495
35497 63840 21:0 35555
35499 63841 0:0 35500
35554 63842 0:0 35566
35573 63874 21:0 35631
35742 62463 1:0 35881
35743 62433 1:0 35994
35752 62431 1:0 36001
35752 62432 1:0 36002
35758 62430 1:0 36012
35771 338 21:0 35785
35779 62400 1:0 36125
35791 62398 1:0 36132
35873 62399 1:0 36133
35874 62397 1:0 36143
35883 62367 1:0 36256
35883 62366 1:0 36264
35889 62365 1:0 36263
35909 62364 1:0 36274
36004 62334 1:0 36387
36005 62332 1:0 36394
36005 62333 1:0 36395
36014 62331 1:0 36405
36014 62301 1:0 36518
36022 62299 1:0 36525
36041 62300 1:0 36526
36135 62298 1:0 36536
36136 62268 1:0 36649
36136 62266 1:0 36656
36145 62267 1:0 36657
36145 62265 1:0 36667
36153 62235 1:0 36780
36172 62234 1:0 36788
36266 62233 1:0 36787
36267 62232 1:0 36798
36276 62202 1:0 36911
36276 62201 1:0 36919
36282 62200 1:0 36918
36286 62199 1:0 36929
36315 62169 1:0 37042
36397 62167 1:0 37049
36398 62168 1:0 37050
36407 62166 1:0 37060
36407 62136 1:0 37173
36413 62134 1:0 37180
36418 62135 1:0 37181
36446 62133 1:0 37191
36528 62103 1:0 37304
36529 62101 1:0 37311
36538 62102 1:0 37312
36538 62100 1:0 37322
36544 62070 1:0 37435
36549 62069 1:0 37443
36577 62068 1:0 37442
36659 62067 1:0 37453
36660 62037 1:0 37566
36669 62035 1:0 37573
36669 62036 1:0 37574
36675 62034 1:0 37584
36695 62004 1:0 37697
36708 62003 1:0 37705
36790 62002 1:0 37704
36791 62001 1:0 37715
36791 339 1:0 39045
36800 63874 1:0 39317
37895 64885 21:0 37903
37902 64886 0:0 37903
37902 64887 21:0 37969
37967 64888 0:0 37969
37971 64918 21:0 37979
37978 64919 0:0 37979
37978 64920 21:0 38045
38043 64921 0:0 38045
38047 64951 21:0 38055
38054 64953 0:0 38055
38054 64952 21:0 38121
38119 64954 0:0 38121
38123 64984 21:0 38131
38130 64985 0:0 38131
38130 64986 21:0 38197
38195 64987 0:0 38197
38199 65017 21:0 38207
38206 65018 0:0 38207
38206 65019 21:0 38273
38271 65020 0:0 38273
38275 65050 21:0 38283
38282 65052 0:0 38283
38282 65051 21:0 38349
38347 65053 0:0 38349
38351 65083 21:0 38359
38358 65085 0:0 38359
38358 65084 0:0 38359
38359 65086 21:0 38425
38427 65116 21:0 38435
38434 65117 0:0 38435
38434 65118 21:0 38501
38499 65119 0:0 38501
38503 65149 21:0 38511
38510 65150 0:0 38511
38510 65151 21:0 38577
38575 65152 0:0 38577
38579 65182 21:0 38587
38586 65184 0:0 38587
38586 65183 21:0 38653
38651 65185 0:0 38653
38655 65215 21:0 38663
38662 65216 0:0 38663
38662 65217 21:0 38729
38727 65218 0:0 38729
38731 65248 0:0 38734
38736 65250 21:0 38794
38738 65249 0:0 38739
38793 65251 0:0 38805
38807 65281 21:0 38815
38814 65283 0:0 38815
38814 65282 0:0 38815
38815 65284 21:0 38881
38883 65314 21:0 38891
38890 65316 0:0 38891
38890 65315 21:0 38957
38959 65347 0:0 38962
38964 65348 21:0 39022
38966 65349 0:0 38967
39057 63842 1:0 39440
39058 63840 1:0 39447
39067 63841 1:0 39448
39067 63839 1:0 39458
39073 63809 1:0 39571
39086 339 21:0 39100
39094 63807 1:0 39578
39106 63808 1:0 39579
39188 63806 1:0 39589
39189 63776 1:0 39702
39198 63774 1:0 39709
39198 63775 1:0 39710
39204 63773 1:0 39720
39224 63743 1:0 39833
39319 63741 1:0 39840
39320 63742 1:0 39841
39320 63740 1:0 39851
39329 63710 1:0 39964
39329 63709 1:0 39972
39337 63708 1:0 39971
39356 63707 1:0 39982
39450 63677 1:0 40095
39451 63675 1:0 40102
39451 63676 1:0 40103
39460 63674 1:0 40113
39460 63644 1:0 40226
39468 63642 1:0 40233
39487 63643 1:0 40234
39581 63641 1:0 40244
39582 63611 1:0 40357
39591 63609 1:0 40364
39591 63610 1:0 40365
39597 63608 1:0 40375
39601 63578 1:0 40488
39630 63576 1:0 40495
39712 63577 1:0 40496
39713 63575 1:0 40506
39722 63545 1:0 40619
39722 63544 1:0 40627
39728 63543 1:0 40626
39733 63542 1:0 40637
39761 63512 1:0 40750
39843 63510 1:0 40757
39844 63511 1:0 40758
39853 63509 1:0 40768
39853 63479 1:0 40881
39859 63478 1:0 40889
39864 63477 1:0 40888
39892 63476 1:0 40899
39974 63446 1:0 41012
39975 63445 1:0 41020
39975 340 1:0 42360
39984 63444 1:0 41019
39984 63443 1:0 41030
39992 65348 1:0 42500
41210 66327 21:0 41218
41217 66329 0:0 41218
41217 66328 21:0 41284
41282 66330 0:0 41284
41286 66360 21:0 41294
41293 66362 0:0 41294
41293 66361 21:0 41360
41358 66363 0:0 41360
41362 66393 21:0 41370
41369 66394 0:0 41370
41369 66395 21:0 41436
41434 66396 0:0 41436
41438 66426 21:0 41446
41445 66427 0:0 41446
41445 66428 21:0 41512
41510 66429 0:0 41512
41514 66459 21:0 41522
41521 66460 0:0 41522
41521 66461 21:0 41588
41586 66462 0:0 41588
41590 66492 21:0 41598
41597 66494 0:0 41598
41597 66493 21:0 41664
41662 66495 0:0 41664
41666 66525 21:0 41674
41673 66527 0:0 41674
41673 66526 21:0 41740
41738 66528 0:0 41740
41742 66558 21:0 41750
41749 66560 0:0 41750
41749 66559 21:0 41816
41814 66561 0:0 41816
41818 66591 0:0 41821
41823 66593 21:0 41881
41825 66592 0:0 41826
41880 66594 0:0 41892
41894 66624 21:0 41902
41901 66625 0:0 41902
41901 66626 21:0 41968
41966 66627 0:0 41968
41970 66657 0:0 41973
41975 66659 21:0 42033
41977 66658 0:0 41978
42032 66660 0:0 42044
42046 66690 0:0 42049
42051 66692 21:0 42109
42053 66691 0:0 42054
42108 66693 0:0 42120
42122 66723 21:0 42130
42130 66726 21:0 42196
42198 66756 21:0 42206
42206 66759 21:0 42272
42279 66791 21:0 42337
42372 65349 1:0 42501
42373 65347 1:0 42511
42382 65315 1:0 42631
42382 65316 1:0 42632
42388 65314 1:0 42642
42401 340 21:0 42415
42409 65284 1:0 42755
42421 65282 1:0 42762
42503 65283 1:0 42763
42504 65281 1:0 42773
42513 65251 1:0 42886
42513 65250 1:0 42894
42519 65249 1:0 42893
42539 65248 1:0 42904
42634 65218 1:0 43017
42635 65216 1:0 43024
42635 65217 1:0 43025
42644 65215 1:0 43035
42644 65185 1:0 43148
42652 65183 1:0 43155
42671 65184 1:0 43156
42765 65182 1:0 43166
42766 65152 1:0 43279
42766 65151 1:0 43287
42775 65150 1:0 43286
42775 65149 1:0 43297
42783 65119 1:0 43410
42802 65118 1:0 43418
42896 65117 1:0 43417
42897 65116 1:0 43428
42906 65086 1:0 43541
42906 65084 1:0 43548
42912 65085 1:0 43549
42916 65083 1:0 43559
42945 65053 1:0 43672
43027 65051 1:0 43679
43028 65052 1:0 43680
43037 65050 1:0 43690
43037 65020 1:0 43803
43043 65019 1:0 43811
43048 65018 1:0 43810
43076 65017 1:0 43821
43158 64987 1:0 43934
43159 64986 1:0 43942
43168 64985 1:0 43941
43168 64984 1:0 43952
43174 64954 1:0 44065
43179 64952 1:0 44072
43207 64953 1:0 44073
43289 64951 1:0 44083
43290 64921 1:0 44196
43299 64919 1:0 44203
43299 64920 1:0 44204
43305 64918 1:0 44214
43325 64888 1:0 44327
43338 64887 1:0 44335
43420 64886 1:0 44334
43421 64885 1:0 44345
43421 341 1:0 45675
44525 67769 21:0 44533
44532 67770 0:0 44533
44532 67771 21:0 44599
44597 67772 0:0 44599
44601 67802 21:0 44609
44608 67803 0:0 44609
44608 67804 21:0 44675
44673 67805 0:0 44675
44677 67835 21:0 44685
44684 67836 0:0 44685
44684 67837 21:0 44751
44749 67838 0:0 44751
44753 67868 21:0 44761
44760 67870 0:0 44761
44760 67869 21:0 44827
44825 67871 0:0 44827
44829 67901 21:0 44837
44836 67902 0:0 44837
44836 67903 21:0 44903
44901 67904 0:0 44903
44905 67934 21:0 44913
44912 67936 0:0 44913
44912 67935 21:0 44979
44977 67937 0:0 44979
44981 67967 21:0 44989
44988 67969 0:0 44989
44988 67968 21:0 45055
45053 67970 0:0 45055
45057 68000 21:0 45065
45064 68001 0:0 45065
45064 68002 21:0 45131
45129 68003 0:0 45131
45133 68033 21:0 45141
45140 68035 0:0 45141
45140 68034 21:0 45207
45205 68036 0:0 45207
45209 68066 0:0 45212
45214 68067 21:0 45272
45216 68068 0:0 45217
45271 68069 0:0 45283
45285 68099 21:0 45293
45292 68101 0:0 45293
45292 68100 21:0 45359
45357 68102 0:0 45359
45361 68132 0:0 45364
45366 68133 21:0 45424
45368 68134 0:0 45369
45423 68135 0:0 45435
45437 68165 21:0 45445
45444 68167 0:0 45445
45444 68166 21:0 45511
45509 68168 0:0 45511
45513 68198 21:0 45521
45520 68199 0:0 45521
45520 68200 0:0 45521
45521 68201 21:0 45587
45589 68231 21:0 45597
45687 66791 1:0 45816
45688 66759 1:0 45939
45697 66756 1:0 45957
45697 66726 1:0 46070
45703 66723 1:0 46088
45716 341 21:0 45730
45724 66693 1:0 46201
45736 66692 1:0 46209
45818 66691 1:0 46208
45819 66690 1:0 46219
45828 66660 1:0 46332
45828 66659 1:0 46340
45834 66658 1:0 46339
45854 66657 1:0 46350
45949 66627 1:0 46463
45950 66625 1:0 46470
45950 66626 1:0 46471
45959 66624 1:0 46481
45959 66594 1:0 46594
45967 66593 1:0 46602
45986 66592 1:0 46601
46080 66591 1:0 46612
46081 66561 1:0 46725
46081 66559 1:0 46732
46090 66560 1:0 46733
46090 66558 1:0 46743
46098 66528 1:0 46856
46117 66526 1:0 46863
46211 66527 1:0 46864
46212 66525 1:0 46874
46221 66495 1:0 46987
46221 66493 1:0 46994
46227 66494 1:0 46995
46231 66492 1:0 47005
46260 66462 1:0 47118
46342 66461 1:0 47126
46343 66460 1:0 47125
46352 66459 1:0 47136
46352 66429 1:0 47249
46358 66428 1:0 47257
46363 66427 1:0 47256
46391 66426 1:0 47267
46473 66396 1:0 47380
46474 66395 1:0 47388
46483 66394 1:0 47387
46483 66393 1:0 47398
46489 66363 1:0 47511
46494 66361 1:0 47518
46522 66362 1:0 47519
46604 66360 1:0 47529
46605 66330 1:0 47642
46614 66328 1:0 47649
46614 66329 1:0 47650
46620 66327 1:0 47660
46622 342 1:0 48990
46641 68231 1:0 49141
46735 68201 1:0 49254
47840 69211 21:0 47848
47847 69213 0:0 47848
47847 69212 21:0 47914
47912 69214 0:0 47914
47916 69244 21:0 47924
47923 69245 0:0 47924
47923 69246 21:0 47990
47988 69247 0:0 47990
47992 69277 21:0 48000
47999 69279 0:0 48000
47999 69278 21:0 48066
48064 69280 0:0 48066
48068 69310 21:0 48076
48075 69311 0:0 48076
48075 69312 21:0 48142
48140 69313 0:0 48142
48144 69343 21:0 48152
48151 69345 0:0 48152
48151 69344 21:0 48218
48216 69346 0:0 48218
48220 69376 21:0 48228
48227 69378 0:0 48228
48227 69377 21:0 48294
48292 69379 0:0 48294
48296 69409 21:0 48304
48303 69410 0:0 48304
48303 69411 21:0 48370
48368 69412 0:0 48370
48372 69442 21:0 48380
48379 69443 0:0 48380
48379 69444 21:0 48446
48444 69445 0:0 48446
48448 69475 0:0 48451
48453 69477 21:0 48511
48455 69476 0:0 48456
48510 69478 0:0 48522
48524 69508 21:0 48532
48529 69509 0:0 48532
48531 69510 0:0 48532
48532 69511 21:0 48598
48600 69541 21:0 48608
48607 69543 0:0 48608
48607 69542 21:0 48674
48672 69544 0:0 48674
48676 69574 21:0 48684
48683 69575 0:0 48684
48683 69576 21:0 48750
48748 69577 0:0 48750
48752 69607 0:0 48755
48757 69608 21:0 48815
48759 69609 0:0 48760
48814 69610 0:0 48826
48828 69640 21:0 48836
48835 69642 0:0 48836
48835 69641 21:0 48902
49002 68199 1:0 49261
49003 68200 1:0 49262
49012 68198 1:0 49272
49012 68168 1:0 49385
49018 68166 1:0 49392
49031 342 21:0 49045
49039 68167 1:0 49393
49051 68165 1:0 49403
49133 68135 1:0 49516
49134 68133 1:0 49523
49143 68134 1:0 49524
49143 68132 1:0 49534
49149 68102 1:0 49647
49169 68100 1:0 49654
49264 68101 1:0 49655
49265 68099 1:0 49665
49265 68069 1:0 49778
49274 68067 1:0 49785
49274 68068 1:0 49786
49282 68066 1:0 49796
49301 68036 1:0 49909
49395 68034 1:0 49916
49396 68035 1:0 49917
49396 68033 1:0 49927
49405 68003 1:0 50040
49405 68002 1:0 50048
49413 68001 1:0 50047
49432 68000 1:0 50058
49526 67970 1:0 50171
49527 67968 1:0 50178
49536 67969 1:0 50179
49536 67967 1:0 50189
49542 67937 1:0 50302
49546 67935 1:0 50309
49575 67936 1:0 50310
49657 67934 1:0 50320
49658 67904 1:0 50433
49667 67902 1:0 50440
49667 67903 1:0 50441
49673 67901 1:0 50451
49678 67871 1:0 50564
49706 67869 1:0 50571
49788 67870 1:0 50572
49789 67868 1:0 50582
49798 67838 1:0 50695
49798 67837 1:0 50703
49804 67836 1:0 50702
49809 67835 1:0 50713
49837 67805 1:0 50826
49919 67804 1:0 50834
49920 67803 1:0 50833
49929 67802 1:0 50844
49929 67772 1:0 50957
49935 67771 1:0 50965
49955 67770 1:0 50964
49968 67769 1:0 50975
50050 343 1:0 52305
51155 70653 21:0 51163
51162 70655 0:0 51163
51162 70654 21:0 51229
51227 70656 0:0 51229
51231 70686 21:0 51239
51238 70688 0:0 51239
51238 70687 21:0 51305
51303 70689 0:0 51305
51307 70719 21:0 51315
51314 70721 0:0 51315
51314 70720 21:0 51381
51379 70722 0:0 51381
51383 70752 21:0 51391
51390 70753 0:0 51391
51390 70754 21:0 51457
51455 70755 0:0 51457
51459 70785 21:0 51467
51466 70786 0:0 51467
51466 70787 21:0 51533
51531 70788 0:0 51533
51535 70818 21:0 51543
51542 70819 0:0 51543
51542 70820 21:0 51609
51607 70821 0:0 51609
51611 70851 21:0 51619
51618 70852 0:0 51619
51618 70853 21:0 51685
51683 70854 0:0 51685
51687 70884 21:0 51695
51694 70886 0:0 51695
51694 70885 21:0 51761
51759 70887 0:0 51761
51763 70917 0:0 51766
51768 70918 21:0 51826
51770 70919 0:0 51771
51825 70920 0:0 51837
51839 70950 0:0 51842
51844 70951 21:0 51902
51846 70952 0:0 51847
51901 70953 0:0 51913
51915 70983 21:0 51923
51922 70984 0:0 51923
51922 70985 0:0 51923
51923 70986 21:0 51989
51991 71016 21:0 51999
51998 71017 0:0 51999
51998 71018 0:0 51999
51999 71019 21:0 52065
52075 71052 21:0 52141
52143 71082 21:0 52151
52150 71084 0:0 52151
52150 71083 21:0 52217
52215 71085 0:0 52217
52219 71115 0:0 52222
52224 71116 21:0 52282
52317 69641 1:0 52576
52318 69642 1:0 52577
52327 69640 1:0 52587
52327 69610 1:0 52700
52333 69608 1:0 52707
52346 343 21:0 52360
52354 69609 1:0 52708
52366 69607 1:0 52718
52448 69577 1:0 52831
52449 69576 1:0 52839
52458 69575 1:0 52838
52458 69574 1:0 52849
52464 69544 1:0 52962
52484 69542 1:0 52969
52579 69543 1:0 52970
52580 69541 1:0 52980
52580 69511 1:0 53093
52589 69509 1:0 53100
52589 69510 1:0 53101
52597 69508 1:0 53111
52616 69478 1:0 53224
52710 69477 1:0 53232
52711 69476 1:0 53231
52711 69475 1:0 53242
52720 69445 1:0 53355
52720 69444 1:0 53363
52728 69443 1:0 53362
52747 69442 1:0 53373
52841 69412 1:0 53486
52842 69411 1:0 53494
52851 69410 1:0 53493
52851 69409 1:0 53504
52857 69379 1:0 53617
52861 69377 1:0 53624
52890 69378 1:0 53625
52972 69376 1:0 53635
52973 69346 1:0 53748
52982 69344 1:0 53755
52982 69345 1:0 53756
52988 69343 1:0 53766
52993 69313 1:0 53879
53021 69312 1:0 53887
53103 69311 1:0 53886
53104 69310 1:0 53897
53113 69280 1:0 54010
53113 69278 1:0 54017
53119 69279 1:0 54018
53124 69277 1:0 54028
53152 69247 1:0 54141
53234 69246 1:0 54149
53235 69245 1:0 54148
53244 69244 1:0 54159
53244 69214 1:0 54272
53250 69212 1:0 54279
53270 69213 1:0 54280
53283 69211 1:0 54290
53365 344 1:0 55620
53366 71116 1:0 55760
54470 72095 21:0 54478
54477 72097 0:0 54478
54477 72096 21:0 54544
54542 72098 0:0 54544
54546 72128 21:0 54554
54553 72130 0:0 54554
54553 72129 21:0 54620
54618 72131 0:0 54620
54622 72161 21:0 54630
54629 72163 0:0 54630
54629 72162 21:0 54696
54694 72164 0:0 54696
54698 72194 21:0 54706
54705 72195 0:0 54706
54705 72196 21:0 54772
54770 72197 0:0 54772
54774 72227 21:0 54782
54781 72228 0:0 54782
54781 72229 21:0 54848
54846 72230 0:0 54848
54850 72260 21:0 54858
54857 72261 0:0 54858
54857 72262 21:0 54924
54922 72263 0:0 54924
54926 72293 21:0 54934
54933 72294 0:0 54934
54933 72295 21:0 55000
54998 72296 0:0 55000
55002 72326 21:0 55010
55009 72328 0:0 55010
55009 72327 21:0 55076
55074 72329 0:0 55076
55078 72359 0:0 55081
55083 72361 21:0 55141
55085 72360 0:0 55086
55140 72362 0:0 55152
55154 72392 21:0 55162
55161 72394 0:0 55162
55161 72393 21:0 55228
55226 72395 0:0 55228
55230 72425 21:0 55238
55237 72426 0:0 55238
55237 72427 21:0 55304
55302 72428 0:0 55304
55306 72458 21:0 55314
55313 72460 0:0 55314
55313 72459 21:0 55380
55378 72461 0:0 55380
55382 72491 21:0 55390
55389 72493 0:0 55390
55389 72492 0:0 55390
55390 72494 21:0 55456
55458 72524 0:0 55461
55463 72526 21:0 55521
55465 72525 0:0 55466
55520 72527 0:0 55532
55632 71115 1:0 55771
55633 71085 1:0 55884
55642 71083 1:0 55891
55642 71084 1:0 55892
55648 71082 1:0 55902
55661 344 21:0 55675
55669 71052 1:0 56015
55681 71019 1:0 56146
55763 71017 1:0 56153
55764 71018 1:0 56154
55773 71016 1:0 56164
55773 70986 1:0 56277
55779 70984 1:0 56284
55799 70985 1:0 56285
55894 70983 1:0 56295
55895 70953 1:0 56408
55895 70951 1:0 56415
55904 70952 1:0 56416
55904 70950 1:0 56426
55912 70920 1:0 56539
55931 70918 1:0 56546
56025 70919 1:0 56547
56026 70917 1:0 56557
56026 70887 1:0 56670
56035 70885 1:0 56677
56035 70886 1:0 56678
56043 70884 1:0 56688
56062 70854 1:0 56801
56156 70853 1:0 56809
56157 70852 1:0 56808
56166 70851 1:0 56819
56166 70821 1:0 56932
56172 70820 1:0 56940
56176 70819 1:0 56939
56205 70818 1:0 56950
56287 70788 1:0 57063
56288 70787 1:0 57071
56297 70786 1:0 57070
56297 70785 1:0 57081
56303 70755 1:0 57194
56308 70754 1:0 57202
56336 70753 1:0 57201
56418 70752 1:0 57212
56419 70722 1:0 57325
56428 70720 1:0 57332
56428 70721 1:0 57333
56434 70719 1:0 57343
56439 70689 1:0 57456
56467 70687 1:0 57463
56549 70688 1:0 57464
56550 70686 1:0 57474
56559 70656 1:0 57587
56559 70654 1:0 57594
56565 70655 1:0 57595
56585 70653 1:0 57605
56586 345 1:0 58935
57785 73537 21:0 57793
57792 73539 0:0 57793
57792 73538 21:0 57859
57857 73540 0:0 57859
57861 73570 21:0 57869
57868 73571 0:0 57869
57868 73572 21:0 57935
57933 73573 0:0 57935
57937 73603 21:0 57945
57944 73605 0:0 57945
57944 73604 21:0 58011
58009 73606 0:0 58011
58013 73636 21:0 58021
58020 73638 0:0 58021
58020 73637 21:0 58087
58085 73639 0:0 58087
58089 73669 21:0 58097
58096 73670 0:0 58097
58096 73671 21:0 58163
58161 73672 0:0 58163
58165 73702 21:0 58173
58172 73704 0:0 58173
58172 73703 21:0 58239
58237 73705 0:0 58239
58241 73735 21:0 58249
58248 73736 0:0 58249
58248 73737 21:0 58315
58313 73738 0:0 58315
58317 73768 21:0 58325
58324 73770 0:0 58325
58324 73769 21:0 58391
58389 73771 0:0 58391
58393 73801 21:0 58401
58400 73803 0:0 58401
58400 73802 21:0 58467
58465 73804 0:0 58467
58469 73834 0:0 58472
58474 73835 21:0 58532
58476 73836 0:0 58477
58531 73837 0:0 58543
58545 73867 21:0 58553
58552 73868 0:0 58553
58552 73869 21:0 58619
58617 73870 0:0 58619
58621 73900 0:0 58624
58626 73901 21:0 58684
58628 73902 0:0 58629
58683 73903 0:0 58695
58697 73933 21:0 58705
58704 73935 21:0 58771
58769 73936 0:0 58771
58773 73966 0:0 58776
58778 73968 21:0 58836
58857 74002 21:0 58923
58947 72527 1:0 59199
58948 72526 1:0 59207
58957 72525 1:0 59206
58957 72524 1:0 59217
58963 72494 1:0 59330
58976 345 21:0 58990
58984 72493 1:0 59338
58996 72492 1:0 59337
59078 72491 1:0 59348
59079 72461 1:0 59461
59088 72459 1:0 59468
59088 72460 1:0 59469
59094 72458 1:0 59479
59114 72428 1:0 59592
59209 72427 1:0 59600
59210 72426 1:0 59599
59210 72425 1:0 59610
59219 72395 1:0 59723
59219 72393 1:0 59730
59227 72394 1:0 59731
59246 72392 1:0 59741
59340 72362 1:0 59854
59341 72360 1:0 59861
59341 72361 1:0 59862
59350 72359 1:0 59872
59350 72329 1:0 59985
59358 72327 1:0 59992
59377 72328 1:0 59993
59471 72326 1:0 60003
59472 72296 1:0 60116
59481 72294 1:0 60123
59481 72295 1:0 60124
59487 72293 1:0 60134
59491 72263 1:0 60247
59520 72262 1:0 60255
59602 72261 1:0 60254
59603 72260 1:0 60265
59612 72230 1:0 60378
59612 72229 1:0 60386
59618 72228 1:0 60385
59623 72227 1:0 60396
59651 72197 1:0 60509
59733 72196 1:0 60517
59734 72195 1:0 60516
59743 72194 1:0 60527
59743 72164 1:0 60640
59749 72162 1:0 60647
59754 72163 1:0 60648
59782 72161 1:0 60658
59864 72131 1:0 60771
59865 72129 1:0 60778
59874 72130 1:0 60779
59874 72128 1:0 60789
59880 72098 1:0 60902
59900 72096 1:0 60909
59913 72097 1:0 60910
59995 72095 1:0 60920
59996 346 1:0 62250
59996 74002 1:0 62383
60005 73968 1:0 62522
61100 74979 21:0 61108
61107 74981 0:0 61108
61107 74980 21:0 61174
61172 74982 0:0 61174
61176 75012 21:0 61184
61183 75014 0:0 61184
61183 75013 21:0 61250
61248 75015 0:0 61250
61252 75045 21:0 61260
61259 75047 0:0 61260
61259 75046 21:0 61326
61324 75048 0:0 61326
61328 75078 21:0 61336
61335 75079 0:0 61336
61335 75080 21:0 61402
61400 75081 0:0 61402
61404 75111 21:0 61412
61411 75112 0:0 61412
61411 75113 21:0 61478
61476 75114 0:0 61478
61480 75144 21:0 61488
61487 75145 0:0 61488
61487 75146 21:0 61554
61552 75147 0:0 61554
61556 75177 21:0 61564
61563 75179 0:0 61564
61563 75178 21:0 61630
61628 75180 0:0 61630
61632 75210 21:0 61640
61639 75212 0:0 61640
61639 75211 21:0 61706
61704 75213 0:0 61706
61708 75243 0:0 61711
61713 75245 21:0 61771
61715 75244 0:0 61716
61770 75246 0:0 61782
61784 75276 21:0 61792
61791 75277 0:0 61792
61791 75278 21:0 61858
61856 75279 0:0 61858
61860 75309 0:0 61863
61865 75311 21:0 61923
61867 75310 0:0 61868
61922 75312 0:0 61934
61936 75342 21:0 61944
61943 75343 0:0 61944
61943 75344 0:0 61944
61944 75345 21:0 62010
62012 75375 21:0 62020
62019 75377 0:0 62020
62019 75376 21:0 62086
62084 75378 0:0 62086
62088 75408 0:0 62091
62093 75410 21:0 62151
62095 75409 0:0 62096
62164 75441 21:0 62172
62171 75443 0:0 62172
62172 75444 21:0 62238
62262 73966 1:0 62532
62263 73936 1:0 62645
62272 73935 1:0 62653
62272 73933 1:0 62663
62278 73903 1:0 62776
62291 346 21:0 62305
62299 73901 1:0 62783
62311 73902 1:0 62784
62393 73900 1:0 62794
62394 73870 1:0 62907
62403 73868 1:0 62914
62403 73869 1:0 62915
62409 73867 1:0 62925
62429 73837 1:0 63038
62524 73835 1:0 63045
62525 73836 1:0 63046
62525 73834 1:0 63056
62534 73804 1:0 63169
62534 73802 1:0 63176
62542 73803 1:0 63177
62561 73801 1:0 63187
62655 73771 1:0 63300
62656 73769 1:0 63307
62656 73770 1:0 63308
62665 73768 1:0 63318
62665 73738 1:0 63431
62673 73737 1:0 63439
62692 73736 1:0 63438
62786 73735 1:0 63449
62787 73705 1:0 63562
62796 73703 1:0 63569
62796 73704 1:0 63570
62802 73702 1:0 63580
62806 73672 1:0 63693
62835 73671 1:0 63701
62917 73670 1:0 63700
62918 73669 1:0 63711
62927 73639 1:0 63824
62927 73637 1:0 63831
62933 73638 1:0 63832
62938 73636 1:0 63842
62966 73606 1:0 63955
63048 73604 1:0 63962
63049 73605 1:0 63963
63058 73603 1:0 63973
63058 73573 1:0 64086
63064 73572 1:0 64094
63069 73571 1:0 64093
63097 73570 1:0 64104
63179 73540 1:0 64217
63180 73538 1:0 64224
63180 347 1:0 65565
63189 73539 1:0 64225
63189 73537 1:0 64235
63197 75444 1:0 65698
64415 76421 21:0 64423
64422 76422 0:0 64423
64422 76423 21:0 64489
64487 76424 0:0 64489
64491 76454 21:0 64499
64498 76456 0:0 64499
64498 76455 21:0 64565
64563 76457 0:0 64565
64567 76487 21:0 64575
64574 76489 0:0 64575
64574 76488 21:0 64641
64639 76490 0:0 64641
64643 76520 21:0 64651
64650 76521 0:0 64651
64650 76522 21:0 64717
64715 76523 0:0 64717
64719 76553 21:0 64727
64726 76555 0:0 64727
64726 76554 21:0 64793
64791 76556 0:0 64793
64795 76586 21:0 64803
64802 76587 0:0 64803
64802 76588 21:0 64869
64867 76589 0:0 64869
64871 76619 21:0 64879
64878 76621 0:0 64879
64878 76620 0:0 64879
64879 76622 21:0 64945
64947 76652 21:0 64955
64954 76654 0:0 64955
64954 76653 21:0 65021
65019 76655 0:0 65021
65023 76685 21:0 65031
65030 76686 0:0 65031
65030 76687 21:0 65097
65095 76688 0:0 65097
65099 76718 21:0 65107
65106 76719 0:0 65107
65106 76720 0:0 65107
65107 76721 21:0 65173
65175 76751 21:0 65183
65182 76752 21:0 65249
65247 76754 0:0 65249
65256 76785 21:0 65314
65258 76786 0:0 65259
65313 76787 0:0 65325
65327 76817 21:0 65335
65334 76818 0:0 65335
65334 76819 21:0 65401
65399 76820 0:0 65401
65403 76850 21:0 65411
65410 76851 0:0 65411
65411 76853 21:0 65477
65577 75443 1:0 65706
65578 75441 1:0 65716
65587 75409 1:0 65836
65587 75410 1:0 65837
65593 75408 1:0 65847
65606 347 21:0 65620
65614 75378 1:0 65960
65626 75376 1:0 65967
65708 75377 1:0 65968
65709 75375 1:0 65978
65718 75345 1:0 66091
65718 75343 1:0 66098
65724 75344 1:0 66099
65744 75342 1:0 66109
65839 75312 1:0 66222
65840 75310 1:0 66229
65840 75311 1:0 66230
65849 75309 1:0 66240
65849 75279 1:0 66353
65857 75278 1:0 66361
65876 75277 1:0 66360
65970 75276 1:0 66371
65971 75246 1:0 66484
65971 75245 1:0 66492
65980 75244 1:0 66491
65980 75243 1:0 66502
65988 75213 1:0 66615
66007 75211 1:0 66622
66101 75212 1:0 66623
66102 75210 1:0 66633
66111 75180 1:0 66746
66111 75178 1:0 66753
66117 75179 1:0 66754
66121 75177 1:0 66764
66150 75147 1:0 66877
66232 75146 1:0 66885
66233 75145 1:0 66884
66242 75144 1:0 66895
66242 75114 1:0 67008
66248 75113 1:0 67016
66253 75112 1:0 67015
66281 75111 1:0 67026
66363 75081 1:0 67139
66364 75080 1:0 67147
66373 75079 1:0 67146
66373 75078 1:0 67157
66379 75048 1:0 67270
66384 75046 1:0 67277
66412 75047 1:0 67278
66494 75045 1:0 67288
66495 75015 1:0 67401
66504 75013 1:0 67408
66504 75014 1:0 67409
66510 75012 1:0 67419
66530 74982 1:0 67532
66543 74980 1:0 67539
66625 74981 1:0 67540
66626 74979 1:0 67550
66626 348 1:0 68880
67730 77863 21:0 67738
67737 77864 0:0 67738
67737 77865 21:0 67804
67802 77866 0:0 67804
67806 77896 21:0 67814
67813 77898 0:0 67814
67813 77897 21:0 67880
67878 77899 0:0 67880
67882 77929 21:0 67890
67889 77931 0:0 67890
67889 77930 21:0 67956
67954 77932 0:0 67956
67958 77962 21:0 67966
67965 77964 0:0 67966
67965 77963 21:0 68032
68030 77965 0:0 68032
68034 77995 21:0 68042
68041 77996 0:0 68042
68041 77997 21:0 68108
68106 77998 0:0 68108
68110 78028 21:0 68118
68117 78030 0:0 68118
68117 78029 21:0 68184
68182 78031 0:0 68184
68186 78061 21:0 68194
68193 78063 0:0 68194
68193 78062 21:0 68260
68258 78064 0:0 68260
68262 78094 21:0 68270
68269 78095 0:0 68270
68269 78096 21:0 68336
68334 78097 0:0 68336
68338 78127 21:0 68346
68345 78128 0:0 68346
68345 78129 21:0 68412
68410 78130 0:0 68412
68414 78160 0:0 68417
68419 78162 21:0 68477
68421 78161 0:0 68422
68476 78163 0:0 68488
68490 78193 21:0 68498
68497 78195 0:0 68498
68497 78194 21:0 68564
68562 78196 0:0 68564
68566 78226 0:0 68569
68571 78228 21:0 68629
68573 78227 0:0 68574
68628 78229 0:0 68640
68642 78259 21:0 68650
68649 78261 0:0 68650
68649 78260 21:0 68716
68714 78262 0:0 68716
68718 78292 0:0 68721
68723 78294 21:0 68781
68725 78293 0:0 68726
68794 78325 21:0 68802
68801 78326 21:0 68868
68892 76853 1:0 69144
68893 76851 1:0 69151
68902 76850 1:0 69162
68902 76820 1:0 69275
68908 76819 1:0 69283
68921 348 21:0 68935
68929 76818 1:0 69282
68941 76817 1:0 69293
69023 76787 1:0 69406
69024 76785 1:0 69413
69033 76786 1:0 69414
69033 76754 1:0 69537
69039 76752 1:0 69544
69059 76751 1:0 69555
69154 76721 1:0 69668
69155 76719 1:0 69675
69155 76720 1:0 69676
69164 76718 1:0 69686
69164 76688 1:0 69799
69172 76687 1:0 69807
69191 76686 1:0 69806
69285 76685 1:0 69817
69286 76655 1:0 69930
69286 76653 1:0 69937
69295 76654 1:0 69938
69295 76652 1:0 69948
69303 76622 1:0 70061
69322 76620 1:0 70068
69416 76621 1:0 70069
69417 76619 1:0 70079
69426 76589 1:0 70192
69426 76588 1:0 70200
69432 76587 1:0 70199
69436 76586 1:0 70210
69465 76556 1:0 70323
69547 76554 1:0 70330
69548 76555 1:0 70331
69557 76553 1:0 70341
69557 76523 1:0 70454
69563 76522 1:0 70462
69568 76521 1:0 70461
69596 76520 1:0 70472
69678 76490 1:0 70585
69679 76488 1:0 70592
69688 76489 1:0 70593
69688 76487 1:0 70603
69694 76457 1:0 70716
69699 76455 1:0 70723
69727 76456 1:0 70724
69809 76454 1:0 70734
69810 76424 1:0 70847
69819 76422 1:0 70854
69819 76423 1:0 70855
69825 76421 1:0 70865
69827 349 1:0 72195
69846 78326 1:0 72335
69940 78325 1:0 72346
69941 78294 1:0 72467
71045 79305 21:0 71053
71052 79307 0:0 71053
71052 79306 21:0 71119
71117 79308 0:0 71119
71121 79338 21:0 71129
71128 79339 0:0 71129
71128 79340 21:0 71195
71193 79341 0:0 71195
71197 79371 21:0 71205
71204 79373 0:0 71205
71204 79372 21:0 71271
71269 79374 0:0 71271
71273 79404 21:0 71281
71280 79405 0:0 71281
71280 79406 21:0 71347
71345 79407 0:0 71347
71349 79437 21:0 71357
71356 79439 0:0 71357
71356 79438 21:0 71423
71421 79440 0:0 71423
71425 79470 21:0 71433
71432 79472 0:0 71433
71432 79471 21:0 71499
71497 79473 0:0 71499
71501 79503 21:0 71509
71508 79504 0:0 71509
71508 79505 21:0 71575
71573 79506 0:0 71575
71577 79536 21:0 71585
71584 79537 0:0 71585
71584 79538 21:0 71651
71649 79539 0:0 71651
71653 79569 0:0 71656
71658 79570 21:0 71716
71660 79571 0:0 71661
71715 79572 0:0 71727
71729 79602 0:0 71732
71734 79604 21:0 71792
71736 79603 0:0 71737
71791 79605 0:0 71803
71805 79635 0:0 71808
71810 79637 21:0 71868
71812 79636 0:0 71813
71867 79638 0:0 71879
71881 79668 0:0 71884
71886 79669 21:0 71944
71888 79670 0:0 71889
71943 79671 0:0 71955
71957 79701 0:0 71960
71962 79703 21:0 72020
71964 79702 0:0 71965
72019 79704 0:0 72031
72033 79734 0:0 72036
72038 79735 21:0 72096
72040 79736 0:0 72041
72095 79737 0:0 72107
72207 78293 1:0 72466
72208 78292 1:0 72477
72217 78262 1:0 72590
72217 78260 1:0 72597
72223 78261 1:0 72598
72236 349 21:0 72250
72244 78259 1:0 72608
72256 78229 1:0 72721
72338 78228 1:0 72729
72339 78227 1:0 72728
72348 78226 1:0 72739
72348 78196 1:0 72852
72354 78194 1:0 72859
72374 78195 1:0 72860
72469 78193 1:0 72870
72470 78163 1:0 72983
72470 78162 1:0 72991
72479 78161 1:0 72990
72479 78160 1:0 73001
72487 78130 1:0 73114
72506 78129 1:0 73122
72600 78128 1:0 73121
72601 78127 1:0 73132
72601 78097 1:0 73245
72610 78095 1:0 73252
72610 78096 1:0 73253
72618 78094 1:0 73263
72637 78064 1:0 73376
72731 78062 1:0 73383
72732 78063 1:0 73384
72741 78061 1:0 73394
72741 78031 1:0 73507
72747 78029 1:0 73514
72751 78030 1:0 73515
72780 78028 1:0 73525
72862 77998 1:0 73638
72863 77997 1:0 73646
72872 77996 1:0 73645
72872 77995 1:0 73656
72878 77965 1:0 73769
72883 77963 1:0 73776
72911 77964 1:0 73777
72993 77962 1:0 73787
72994 77932 1:0 73900
73003 77930 1:0 73907
73003 77931 1:0 73908
73009 77929 1:0 73918
73014 77899 1:0 74031
73042 77897 1:0 74038
73124 77898 1:0 74039
73125 77896 1:0 74049
73134 77866 1:0 74162
73134 77865 1:0 74170
73140 77864 1:0 74169
73160 77863 1:0 74180
73161 350 1:0 75510
74360 80747 21:0 74368
74367 80748 0:0 74368
74367 80749 21:0 74434
74432 80750 0:0 74434
74436 80780 21:0 74444
74443 80781 0:0 74444
74443 80782 21:0 74510
74508 80783 0:0 74510
74512 80813 21:0 74520
74519 80814 0:0 74520
74519 80815 21:0 74586
74584 80816 0:0 74586
74588 80846 21:0 74596
74595 80848 0:0 74596
74595 80847 21:0 74662
74660 80849 0:0 74662
74664 80879 21:0 74672
74671 80881 0:0 74672
74671 80880 21:0 74738
74736 80882 0:0 74738
74740 80912 21:0 74748
74747 80913 0:0 74748
74747 80914 21:0 74814
74812 80915 0:0 74814
74816 80945 21:0 74824
74823 80947 0:0 74824
74823 80946 21:0 74890
74888 80948 0:0 74890
74892 80978 21:0 74900
74899 80979 0:0 74900
74899 80980 21:0 74966
74964 80981 0:0 74966
74968 81011 21:0 74976
74973 81012 0:0 74976
74973 81013 0:0 74976
74976 81014 21:0 75042
75044 81044 21:0 75052
75051 81046 0:0 75052
75051 81045 0:0 75052
75052 81047 21:0 75118
75120 81077 21:0 75128
75127 81078 0:0 75128
75127 81079 0:0 75128
75128 81080 21:0 75194
75196 81110 0:0 75199
75201 81112 21:0 75259
75258 81113 0:0 75270
75272 81143 21:0 75280
75279 81145 0:0 75280
75280 81146 21:0 75346
75356 81179 21:0 75422
75424 81209 0:0 75427
75429 81210 21:0 75487
75431 81211 0:0 75432
75522 79737 1:0 75774
75523 79735 1:0 75781
75532 79736 1:0 75782
75532 79734 1:0 75792
75538 79704 1:0 75905
75551 350 21:0 75565
75559 79703 1:0 75913
75571 79702 1:0 75912
75653 79701 1:0 75923
75654 79671 1:0 76036
75663 79669 1:0 76043
75663 79670 1:0 76044
75669 79668 1:0 76054
75689 79638 1:0 76167
75784 79637 1:0 76175
75785 79636 1:0 76174
75785 79635 1:0 76185
75794 79605 1:0 76298
75794 79604 1:0 76306
75802 79603 1:0 76305
75821 79602 1:0 76316
75915 79572 1:0 76429
75916 79570 1:0 76436
75916 79571 1:0 76437
75925 79569 1:0 76447
75925 79539 1:0 76560
75933 79538 1:0 76568
75952 79537 1:0 76567
76046 79536 1:0 76578
76047 79506 1:0 76691
76056 79504 1:0 76698
76056 79505 1:0 76699
76062 79503 1:0 76709
76066 79473 1:0 76822
76095 79471 1:0 76829
76177 79472 1:0 76830
76178 79470 1:0 76840
76187 79440 1:0 76953
76187 79438 1:0 76960
76193 79439 1:0 76961
76198 79437 1:0 76971
76226 79407 1:0 77084
76308 79406 1:0 77092
76309 79405 1:0 77091
76318 79404 1:0 77102
76318 79374 1:0 77215
76324 79372 1:0 77222
76329 79373 1:0 77223
76357 79371 1:0 77233
76439 79341 1:0 77346
76440 79340 1:0 77354
76449 79339 1:0 77353
76449 79338 1:0 77364
76455 79308 1:0 77477
76475 79306 1:0 77484
76488 79307 1:0 77485
76570 79305 1:0 77495
76571 351 1:0 78825
77675 82189 21:0 77683
77682 82191 0:0 77683
77682 82190 21:0 77749
77747 82192 0:0 77749
77751 82222 21:0 77759
77758 82224 0:0 77759
77758 82223 21:0 77825
77823 82225 0:0 77825
77827 82255 21:0 77835
77834 82257 0:0 77835
77834 82256 21:0 77901
77899 82258 0:0 77901
77903 82288 21:0 77911
77910 82290 0:0 77911
77910 82289 21:0 77977
77975 82291 0:0 77977
77979 82321 21:0 77987
77986 82323 0:0 77987
77986 82322 21:0 78053
78051 82324 0:0 78053
78055 82354 21:0 78063
78062 82355 0:0 78063
78062 82356 21:0 78129
78127 82357 0:0 78129
78131 82387 21:0 78139
78138 82389 0:0 78139
78138 82388 0:0 78139
78139 82390 21:0 78205
78207 82420 21:0 78215
78214 82421 0:0 78215
78214 82422 21:0 78281
78279 82423 0:0 78281
78283 82453 0:0 78286
78288 82455 21:0 78346
78290 82454 0:0 78291
78345 82456 0:0 78357
78359 82486 0:0 78362
78364 82488 21:0 78422
78366 82487 0:0 78367
78421 82489 0:0 78433
78435 82519 0:0 78438
78440 82521 21:0 78498
78442 82520 0:0 78443
78497 82522 0:0 78509
78511 82552 21:0 78519
78518 82553 0:0 78519
78518 82554 21:0 78585
78583 82555 0:0 78585
78587 82585 0:0 78590
78592 82586 21:0 78650
78594 82587 0:0 78595
78649 82588 0:0 78661
78663 82618 21:0 78671
78670 82620 0:0 78671
78670 82619 21:0 78737
78735 82621 0:0 78737
78837 81210 1:0 78965
78838 81211 1:0 78966
78847 81209 1:0 78976
78847 81179 1:0 79089
78853 81146 1:0 79220
78866 351 21:0 78880
78874 81145 1:0 79228
78886 81143 1:0 79238
78968 81113 1:0 79351
78969 81112 1:0 79359
78978 81110 1:0 79369
78978 81080 1:0 79482
78984 81078 1:0 79489
79004 81079 1:0 79490
79099 81077 1:0 79500
79100 81047 1:0 79613
79100 81046 1:0 79621
79109 81045 1:0 79620
79109 81044 1:0 79631
79117 81014 1:0 79744
79136 81013 1:0 79752
79230 81012 1:0 79751
79231 81011 1:0 79762
79231 80981 1:0 79875
79240 80979 1:0 79882
79240 80980 1:0 79883
79248 80978 1:0 79893
79267 80948 1:0 80006
79361 80946 1:0 80013
79362 80947 1:0 80014
79371 80945 1:0 80024
79371 80915 1:0 80137
79377 80914 1:0 80145
79381 80913 1:0 80144
79410 80912 1:0 80155
79492 80882 1:0 80268
79493 80880 1:0 80275
79502 80881 1:0 80276
79502 80879 1:0 80286
79508 80849 1:0 80399
79513 80847 1:0 80406
79541 80848 1:0 80407
79623 80846 1:0 80417
79624 80816 1:0 80530
79633 80814 1:0 80537
79633 80815 1:0 80538
79639 80813 1:0 80548
79644 80783 1:0 80661
79672 80782 1:0 80669
79754 80781 1:0 80668
79755 80780 1:0 80679
79764 80750 1:0 80792
79764 80749 1:0 80800
79770 80748 1:0 80799
79790 80747 1:0 80810
79791 352 1:0 82140
80990 83631 21:0 80998
80997 83633 0:0 80998
80997 83632 21:0 81064
81062 83634 0:0 81064
81066 83664 21:0 81074
81073 83666 0:0 81074
81073 83665 21:0 81140
81138 83667 0:0 81140
81142 83697 21:0 81150
81149 83699 0:0 81150
81149 83698 21:0 81216
81214 83700 0:0 81216
81218 83730 21:0 81226
81225 83731 0:0 81226
81225 83732 21:0 81292
81290 83733 0:0 81292
81294 83763 21:0 81302
81301 83764 0:0 81302
81301 83765 21:0 81368
81366 83766 0:0 81368
81370 83796 21:0 81378
81377 83797 0:0 81378
81377 83798 21:0 81444
81442 83799 0:0 81444
81446 83829 21:0 81454
81453 83830 0:0 81454
81453 83831 21:0 81520
81518 83832 0:0 81520
81522 83862 21:0 81530
81529 83863 0:0 81530
81529 83864 21:0 81596
81594 83865 0:0 81596
81598 83895 0:0 81601
81603 83896 21:0 81661
81605 83897 0:0 81606
81660 83898 0:0 81672
81674 83928 21:0 81682
81681 83929 0:0 81682
81681 83930 0:0 81682
81682 83931 21:0 81748
81750 83961 21:0 81758
81755 83963 0:0 81758
81755 83962 0:0 81758
81758 83964 21:0 81824
81826 83994 21:0 81834
81833 83995 0:0 81834
81833 83996 21:0 81900
81898 83997 0:0 81900
81907 84029 21:0 81965
81909 84028 0:0 81910
81964 84030 0:0 81976
81983 84061 21:0 82041
81985 84062 0:0 81986
82040 84063 0:0 82052
82152 82621 1:0 82404
82153 82619 1:0 82411
82162 82620 1:0 82412
82162 82618 1:0 82422
82168 82588 1:0 82535
82181 352 21:0 82195
82189 82586 1:0 82542
82201 82587 1:0 82543
82283 82585 1:0 82553
82284 82555 1:0 82666
82293 82553 1:0 82673
82293 82554 1:0 82674
82299 82552 1:0 82684
82319 82522 1:0 82797
82414 82521 1:0 82805
82415 82520 1:0 82804
82415 82519 1:0 82815
82424 82489 1:0 82928
82424 82488 1:0 82936
82432 82487 1:0 82935
82451 82486 1:0 82946
82545 82456 1:0 83059
82546 82454 1:0 83066
82546 82455 1:0 83067
82555 82453 1:0 83077
82555 82423 1:0 83190
82563 82422 1:0 83198
82582 82421 1:0 83197
82676 82420 1:0 83208
82677 82390 1:0 83321
82686 82388 1:0 83328
82686 82389 1:0 83329
82692 82387 1:0 83339
82696 82357 1:0 83452
82725 82356 1:0 83460
82807 82355 1:0 83459
82808 82354 1:0 83470
82817 82324 1:0 83583
82817 82322 1:0 83590
82823 82323 1:0 83591
82828 82321 1:0 83601
82856 82291 1:0 83714
82938 82289 1:0 83721
82939 82290 1:0 83722
82948 82288 1:0 83732
82948 82258 1:0 83845
82954 82256 1:0 83852
82959 82257 1:0 83853
82987 82255 1:0 83863
83069 82225 1:0 83976
83070 82223 1:0 83983
83079 82224 1:0 83984
83079 82222 1:0 83994
83085 82192 1:0 84107
83105 82190 1:0 84114
83118 82191 1:0 84115
83200 82189 1:0 84125
83201 353 1:0 85455
84305 85073 21:0 84313
84312 85075 0:0 84313
84312 85074 21:0 84379
84377 85076 0:0 84379
84381 85106 21:0 84389
84388 85108 0:0 84389
84388 85107 21:0 84455
84453 85109 0:0 84455
84457 85139 21:0 84465
84464 85141 0:0 84465
84464 85140 21:0 84531
84529 85142 0:0 84531
84533 85172 21:0 84541
84540 85173 0:0 84541
84540 85174 21:0 84607
84605 85175 0:0 84607
84609 85205 21:0 84617
84616 85206 0:0 84617
84616 85207 21:0 84683
84681 85208 0:0 84683
84685 85238 21:0 84693
84692 85239 0:0 84693
84692 85240 21:0 84759
84757 85241 0:0 84759
84761 85271 21:0 84769
84768 85272 0:0 84769
84768 85273 21:0 84835
84833 85274 0:0 84835
84837 85304 21:0 84845
84844 85305 0:0 84845
84844 85306 21:0 84911
84909 85307 0:0 84911
84913 85337 0:0 84916
84918 85338 21:0 84976
84920 85339 0:0 84921
84975 85340 0:0 84987
84989 85370 21:0 84997
84996 85372 0:0 84997
84996 85371 21:0 85063
85061 85373 0:0 85063
85065 85403 0:0 85068
85070 85405 21:0 85128
85072 85404 0:0 85073
85127 85406 0:0 85139
85141 85436 21:0 85149
85148 85437 0:0 85149
85148 85438 0:0 85149
85149 85439 21:0 85215
85217 85469 21:0 85225
85224 85471 0:0 85225
85224 85470 21:0 85291
85289 85472 0:0 85291
85293 85502 21:0 85301
85300 85504 0:0 85301
85300 85503 21:0 85367
85365 85505 0:0 85367
85467 84063 1:0 85719
85468 84061 1:0 85726
85477 84062 1:0 85727
85477 84030 1:0 85850
85483 84029 1:0 85858
85496 353 21:0 85510
85504 84028 1:0 85857
85516 83997 1:0 85981
85598 83996 1:0 85989
85599 83995 1:0 85988
85608 83994 1:0 85999
85608 83964 1:0 86112
85614 83963 1:0 86120
85634 83962 1:0 86119
85729 83961 1:0 86130
85730 83931 1:0 86243
85730 83930 1:0 86251
85739 83929 1:0 86250
85739 83928 1:0 86261
85747 83898 1:0 86374
85766 83896 1:0 86381
85860 83897 1:0 86382
85861 83895 1:0 86392
85861 83865 1:0 86505
85870 83863 1:0 86512
85870 83864 1:0 86513
85878 83862 1:0 86523
85897 83832 1:0 86636
85991 83831 1:0 86644
85992 83830 1:0 86643
86001 83829 1:0 86654
86001 83799 1:0 86767
86007 83798 1:0 86775
86011 83797 1:0 86774
86040 83796 1:0 86785
86122 83766 1:0 86898
86123 83765 1:0 86906
86132 83764 1:0 86905
86132 83763 1:0 86916
86138 83733 1:0 87029
86143 83732 1:0 87037
86171 83731 1:0 87036
86253 83730 1:0 87047
86254 83700 1:0 87160
86263 83698 1:0 87167
86263 83699 1:0 87168
86269 83697 1:0 87178
86274 83667 1:0 87291
86302 83665 1:0 87298
86384 83666 1:0 87299
86385 83664 1:0 87309
86394 83634 1:0 87422
86394 83632 1:0 87429
86400 83633 1:0 87430
86420 83631 1:0 87440
86421 354 1:0 88770
87620 86515 21:0 87628
87627 86517 0:0 87628
87627 86516 21:0 87694
87692 86518 0:0 87694
87696 86548 21:0 87704
87703 86549 0:0 87704
87703 86550 21:0 87770
87768 86551 0:0 87770
87772 86581 21:0 87780
87779 86582 0:0 87780
87779 86583 21:0 87846
87844 86584 0:0 87846
87848 86614 21:0 87856
87855 86616 0:0 87856
87855 86615 21:0 87922
87920 86617 0:0 87922
87924 86647 21:0 87932
87931 86649 0:0 87932
87931 86648 21:0 87998
87996 86650 0:0 87998
88000 86680 21:0 88008
88007 86682 0:0 88008
88007 86681 21:0 88074
88072 86683 0:0 88074
88076 86713 21:0 88084
88083 86714 0:0 88084
88083 86715 21:0 88150
88148 86716 0:0 88150
88152 86746 21:0 88160
88159 86748 0:0 88160
88159 86747 21:0 88226
88224 86749 0:0 88226
88228 86779 0:0 88231
88233 86781 21:0 88291
88235 86780 0:0 88236
88290 86782 0:0 88302
88304 86812 21:0 88312
88311 86814 0:0 88312
88311 86813 21:0 88378
88376 86815 0:0 88378
88380 86845 0:0 88383
88385 86847 21:0 88443
88387 86846 0:0 88388
88442 86848 0:0 88454
88456 86878 0:0 88459
88461 86879 21:0 88519
88463 86880 0:0 88464
88518 86881 0:0 88530
88532 86911 21:0 88540
88539 86913 21:0 88606
88604 86914 0:0 88606
88613 86945 21:0 88671
88689 86979 0:0 88692
88692 86980 21:0 88758
88782 85505 1:0 89034
88783 85503 1:0 89041
88792 85504 1:0 89042
88792 85502 1:0 89052
88798 85472 1:0 89165
88811 354 21:0 88825
88819 85470 1:0 89172
88831 85471 1:0 89173
88913 85469 1:0 89183
88914 85439 1:0 89296
88923 85437 1:0 89303
88923 85438 1:0 89304
88929 85436 1:0 89314
88949 85406 1:0 89427
89044 85405 1:0 89435
89045 85404 1:0 89434
89045 85403 1:0 89445
89054 85373 1:0 89558
89054 85371 1:0 89565
89062 85372 1:0 89566
89081 85370 1:0 89576
89175 85340 1:0 89689
89176 85338 1:0 89696
89176 85339 1:0 89697
89185 85337 1:0 89707
89185 85307 1:0 89820
89193 85306 1:0 89828
89212 85305 1:0 89827
89306 85304 1:0 89838
89307 85274 1:0 89951
89316 85272 1:0 89958
89316 85273 1:0 89959
89322 85271 1:0 89969
89326 85241 1:0 90082
89355 85240 1:0 90090
89437 85239 1:0 90089
89438 85238 1:0 90100
89447 85208 1:0 90213
89447 85207 1:0 90221
89453 85206 1:0 90220
89458 85205 1:0 90231
89486 85175 1:0 90344
89568 85174 1:0 90352
89569 85173 1:0 90351
89578 85172 1:0 90362
89578 85142 1:0 90475
89584 85140 1:0 90482
89589 85141 1:0 90483
89617 85139 1:0 90493
89699 85109 1:0 90606
89700 85107 1:0 90613
89709 85108 1:0 90614
89709 85106 1:0 90624
89715 85076 1:0 90737
89735 85074 1:0 90744
89748 85075 1:0 90745
89830 85073 1:0 90755
89831 355 1:0 92085
89831 86980 1:0 92218
89840 86979 1:0 92226
89840 86945 1:0 92356
90935 87957 21:0 90943
90942 87959 0:0 90943
90942 87958 21:0 91009
91007 87960 0:0 91009
91011 87990 21:0 91019
91018 87991 0:0 91019
91018 87992 21:0 91085
91083 87993 0:0 91085
91087 88023 21:0 91095
91094 88024 0:0 91095
91094 88025 21:0 91161
91159 88026 0:0 91161
91163 88056 21:0 91171
91170 88058 0:0 91171
91170 88057 21:0 91237
91235 88059 0:0 91237
91239 88089 21:0 91247
91246 88091 0:0 91247
91246 88090 21:0 91313
91311 88092 0:0 91313
91315 88122 21:0 91323
91322 88124 0:0 91323
91322 88123 21:0 91389
91387 88125 0:0 91389
91391 88155 21:0 91399
91398 88156 0:0 91399
91398 88157 21:0 91465
91463 88158 0:0 91465
91467 88188 21:0 91475
91474 88189 0:0 91475
91474 88190 21:0 91541
91539 88191 0:0 91541
91543 88221 0:0 91546
91548 88222 21:0 91606
91550 88223 0:0 91551
91605 88224 0:0 91617
91619 88254 0:0 91622
91624 88255 21:0 91682
91626 88256 0:0 91627
91681 88257 0:0 91693
91695 88287 21:0 91703
91702 88289 0:0 91703
91702 88288 21:0 91769
91767 88290 0:0 91769
91771 88320 0:0 91774
91776 88321 21:0 91834
91778 88322 0:0 91779
91833 88323 0:0 91845
91847 88353 0:0 91850
91852 88354 21:0 91910
91854 88355 0:0 91855
91909 88356 0:0 91921
91923 88386 0:0 91926
91928 88388 21:0 91986
91930 88387 0:0 91931
91985 88389 0:0 91997
91999 88419 21:0 92007
92006 88421 0:0 92007
92006 88420 21:0 92073
92097 86914 1:0 92480
92098 86913 1:0 92488
92107 86911 1:0 92498
92107 86881 1:0 92611
92113 86879 1:0 92618
92126 355 21:0 92140
92134 86880 1:0 92619
92146 86878 1:0 92629
92228 86848 1:0 92742
92229 86847 1:0 92750
92238 86846 1:0 92749
92238 86845 1:0 92760
92244 86815 1:0 92873
92264 86813 1:0 92880
92359 86814 1:0 92881
92360 86812 1:0 92891
92360 86782 1:0 93004
92369 86780 1:0 93011
92369 86781 1:0 93012
92377 86779 1:0 93022
92396 86749 1:0 93135
92490 86747 1:0 93142
92491 86748 1:0 93143
92491 86746 1:0 93153
92500 86716 1:0 93266
92500 86715 1:0 93274
92508 86714 1:0 93273
92527 86713 1:0 93284
92621 86683 1:0 93397
92622 86681 1:0 93404
92631 86682 1:0 93405
92631 86680 1:0 93415
92637 86650 1:0 93528
92641 86648 1:0 93535
92670 86649 1:0 93536
92752 86647 1:0 93546
92753 86617 1:0 93659
92762 86615 1:0 93666
92762 86616 1:0 93667
92768 86614 1:0 93677
92773 86584 1:0 93790
92801 86583 1:0 93798
92883 86582 1:0 93797
92884 86581 1:0 93808
92893 86551 1:0 93921
92893 86550 1:0 93929
92899 86549 1:0 93928
92904 86548 1:0 93939
92932 86518 1:0 94052
93014 86516 1:0 94059
93015 86517 1:0 94060
93015 356 1:0 95400
93024 86515 1:0 94070
93024 88420 1:0 95540
94250 89399 21:0 94258
94257 89400 0:0 94258
94257 89401 21:0 94324
94322 89402 0:0 94324
94326 89432 21:0 94334
94333 89433 0:0 94334
94333 89434 21:0 94400
94398 89435 0:0 94400
94402 89465 21:0 94410
94409 89467 0:0 94410
94409 89466 21:0 94476
94474 89468 0:0 94476
94478 89498 21:0 94486
94485 89499 0:0 94486
94485 89500 21:0 94552
94550 89501 0:0 94552
94554 89531 21:0 94562
94561 89533 0:0 94562
94561 89532 21:0 94628
94626 89534 0:0 94628
94630 89564 21:0 94638
94637 89566 0:0 94638
94637 89565 21:0 94704
94702 89567 0:0 94704
94706 89597 21:0 94714
94713 89598 0:0 94714
94713 89599 21:0 94780
94778 89600 0:0 94780
94782 89630 21:0 94790
94789 89632 0:0 94790
94789 89631 21:0 94856
94854 89633 0:0 94856
94858 89663 0:0 94861
94863 89664 21:0 94921
94865 89665 0:0 94866
94920 89666 0:0 94932
94934 89696 21:0 94942
94941 89698 0:0 94942
94941 89697 21:0 95008
95006 89699 0:0 95008
95010 89729 21:0 95018
95015 89731 0:0 95018
95015 89730 0:0 95018
95018 89732 21:0 95084
95086 89762 21:0 95094
95093 89763 0:0 95094
95093 89764 0:0 95094
95094 89765 21:0 95160
95167 89797 21:0 95225
95224 89798 0:0 95236
95243 89830 21:0 95301
95245 89829 0:0 95246
95412 88421 1:0 95541
95413 88419 1:0 95551
95422 88389 1:0 95664
95422 88388 1:0 95672
95428 88387 1:0 95671
95441 356 21:0 95455
95449 88386 1:0 95682
95461 88356 1:0 95795
95543 88354 1:0 95802
95544 88355 1:0 95803
95553 88353 1:0 95813
95553 88323 1:0 95926
95559 88321 1:0 95933
95579 88322 1:0 95934
95674 88320 1:0 95944
95675 88290 1:0 96057
95675 88288 1:0 96064
95684 88289 1:0 96065
95684 88287 1:0 96075
95692 88257 1:0 96188
95711 88255 1:0 96195
95805 88256 1:0 96196
95806 88254 1:0 96206
95806 88224 1:0 96319
95815 88222 1:0 96326
95815 88223 1:0 96327
95823 88221 1:0 96337
95842 88191 1:0 96450
95936 88190 1:0 96458
95937 88189 1:0 96457
95946 88188 1:0 96468
95946 88158 1:0 96581
95952 88157 1:0 96589
95956 88156 1:0 96588
95985 88155 1:0 96599
96067 88125 1:0 96712
96068 88123 1:0 96719
96077 88124 1:0 96720
96077 88122 1:0 96730
96083 88092 1:0 96843
96088 88090 1:0 96850
96116 88091 1:0 96851
96198 88089 1:0 96861
96199 88059 1:0 96974
96208 88057 1:0 96981
96208 88058 1:0 96982
96214 88056 1:0 96992
96219 88026 1:0 97105
96247 88025 1:0 97113
96329 88024 1:0 97112
96330 88023 1:0 97123
96339 87993 1:0 97236
96339 87992 1:0 97244
96345 87991 1:0 97243
96365 87990 1:0 97254
96378 87960 1:0 97367
96460 87958 1:0 97374
96461 87959 1:0 97375
96461 357 1:0 98715
96470 87957 1:0 97385
96470 89830 1:0 98987
96478 89829 1:0 98986
97565 90841 21:0 97573
97572 90842 0:0 97573
97572 90843 21:0 97639
97637 90844 0:0 97639
97641 90874 21:0 97649
97648 90875 0:0 97649
97648 90876 21:0 97715
97713 90877 0:0 97715
97717 90907 21:0 97725
97724 90909 0:0 97725
97724 90908 21:0 97791
97789 90910 0:0 97791
97793 90940 21:0 97801
97800 90941 0:0 97801
97800 90942 21:0 97867
97865 90943 0:0 97867
97869 90973 21:0 97877
97876 90975 0:0 97877
97876 90974 21:0 97943
97941 90976 0:0 97943
97945 91006 21:0 97953
97952 91008 0:0 97953
97952 91007 21:0 98019
98017 91009 0:0 98019
98021 91039 21:0 98029
98028 91040 0:0 98029
98028 91041 21:0 98095
98093 91042 0:0 98095
98097 91072 21:0 98105
98104 91073 0:0 98105
98104 91074 21:0 98171
98169 91075 0:0 98171
98173 91105 21:0 98181
98180 91107 0:0 98181
98180 91106 21:0 98247
98245 91108 0:0 98247
98249 91138 21:0 98257
98256 91139 0:0 98257
98256 91140 21:0 98323
98321 91141 0:0 98323
98325 91171 21:0 98333
98332 91173 0:0 98333
98332 91172 21:0 98399
98397 91174 0:0 98399
98401 91204 21:0 98409
98408 91205 0:0 98409
98408 91206 21:0 98475
98473 91207 0:0 98475
98477 91237 21:0 98485
98484 91239 0:0 98485
98484 91238 21:0 98551
98549 91240 0:0 98551
98553 91270 21:0 98561
98560 91272 0:0 98561
98560 91271 21:0 98627
98625 91273 0:0 98627
98629 91303 21:0 98637
98636 91304 0:0 98637
98636 91305 21:0 98703
98701 91306 0:0 98703
98727 89798 1:0 99110
98728 89797 1:0 99118
98737 89765 1:0 99241
98737 89764 1:0 99249
98743 89763 1:0 99248
98756 357 21:0 98770
98764 89762 1:0 99259
98776 89732 1:0 99372
98858 89730 1:0 99379
98859 89731 1:0 99380
98868 89729 1:0 99390
98868 89699 1:0 99503
98874 89697 1:0 99510
98894 89698 1:0 99511
98989 89696 1:0 99521
98990 89666 1:0 99634
98990 89664 1:0 99641
98999 89665 1:0 99642
98999 89663 1:0 99652
99007 89633 1:0 99765
99026 89631 1:0 99772
99120 89632 1:0 99773
99121 89630 1:0 99783
99121 89600 1:0 99896
99130 89598 1:0 99903
99130 89599 1:0 99904
99138 89597 1:0 99914
99157 89567 1:0 100027
99251 89565 1:0 100034
99252 89566 1:0 100035
99261 89564 1:0 100045
99261 89534 1:0 100158
99267 89532 1:0 100165
99271 89533 1:0 100166
99300 89531 1:0 100176
99382 89501 1:0 100289
99383 89500 1:0 100297
99392 89499 1:0 100296
99392 89498 1:0 100307
99398 89468 1:0 100420
99403 89466 1:0 100427
99431 89467 1:0 100428
99513 89465 1:0 100438
99514 89435 1:0 100551
99523 89433 1:0 100558
99523 89434 1:0 100559
99529 89432 1:0 100569
99534 89402 1:0 100682
99562 89401 1:0 100690
99644 89400 1:0 100689
99645 89399 1:0 100700
99645 358 1:0 102030
100880 92283 21:0 100888
100885 92285 0:0 100888
100885 92284 0:0 100888
100888 92286 21:0 100954
100956 92316 0:0 100959
100961 92317 21:0 101019
100963 92318 0:0 100964
101018 92319 0:0 101030
101032 92349 0:0 101035
101037 92351 21:0 101095
101039 92350 0:0 101040
101094 92352 0:0 101106
101108 92382 0:0 101111
101113 92383 21:0 101171
101115 92384 0:0 101116
101170 92385 0:0 101182
101184 92415 21:0 101192
101191 92416 0:0 101192
101191 92417 21:0 101258
101256 92418 0:0 101258
101260 92448 21:0 101268
101265 92450 0:0 101268
101267 92449 0:0 101268
101268 92451 21:0 101334
101336 92481 0:0 101339
101341 92483 21:0 101399
101343 92482 0:0 101344
101398 92484 0:0 101410
101412 92514 21:0 101420
101419 92516 0:0 101420
101419 92515 21:0 101486
101484 92517 0:0 101486
101493 92548 21:0 101551
101495 92549 0:0 101496
101550 92550 0:0 101562
101564 92580 21:0 101572
101571 92582 0:0 101572
101571 92581 0:0 101572
101572 92583 21:0 101638
101645 92615 21:0 101703
101647 92614 0:0 101648
101702 92616 0:0 101714
101716 92646 21:0 101724
101723 92648 0:0 101724
101724 92649 21:0 101790
101797 92681 0:0 101800
101797 92680 0:0 101800
101800 92682 21:0 101866
101868 92712 21:0 101876
101875 92714 21:0 101942
102042 91306 1:0 102163
102043 91305 1:0 102171
102052 91304 1:0 102170
102052 91303 1:0 102181
102058 91273 1:0 102294
102071 358 21:0 102085
102079 91271 1:0 102301
102091 91272 1:0 102302
102173 91270 1:0 102312
102174 91240 1:0 102425
102183 91238 1:0 102432
102183 91239 1:0 102433
102189 91237 1:0 102443
102209 91207 1:0 102556
102304 91206 1:0 102564
102305 91205 1:0 102563
102305 91204 1:0 102574
102314 91174 1:0 102687
102314 91172 1:0 102694
102322 91173 1:0 102695
102341 91171 1:0 102705
102435 91141 1:0 102818
102436 91139 1:0 102825
102436 91140 1:0 102826
102445 91138 1:0 102836
102445 91108 1:0 102949
102453 91106 1:0 102956
102472 91107 1:0 102957
102566 91105 1:0 102967
102567 91075 1:0 103080
102576 91073 1:0 103087
102576 91074 1:0 103088
102582 91072 1:0 103098
102586 91042 1:0 103211
102615 91041 1:0 103219
102697 91040 1:0 103218
102698 91039 1:0 103229
102707 91009 1:0 103342
102707 91007 1:0 103349
102713 91008 1:0 103350
102718 91006 1:0 103360
102746 90976 1:0 103473
102828 90974 1:0 103480
102829 90975 1:0 103481
102838 90973 1:0 103491
102838 90943 1:0 103604
102844 90942 1:0 103612
102849 90941 1:0 103611
102877 90940 1:0 103622
102959 90910 1:0 103735
102960 90908 1:0 103742
102969 90909 1:0 103743
102969 90907 1:0 103753
102975 90877 1:0 103866
102995 90876 1:0 103874
103008 90875 1:0 103873
103090 90874 1:0 103884
103091 90844 1:0 103997
103100 90842 1:0 104004
103100 90843 1:0 104005
103106 90841 1:0 104015
103108 359 1:0 104128
103111 46031 1:0 104322
103127 46026 1:0 104237
103139 46027 1:0 104236
103221 46019 1:0 104236
103221 46025 1:0 104236
103221 46028 1:0 104237
103221 46018 1:0 104237
103221 46024 1:0 104237
103222 46029 1:0 104236
103222 46030 1:0 104236
103231 92714 1:0 104453
103231 46166 1:0 104457
103231 46172 1:0 104457
103231 46171 1:0 104458
103231 46165 1:0 104458
103231 46178 1:0 104543
103237 46174 1:0 104457
103239 46173 1:0 104458
103242 46175 1:0 104458
103242 46169 1:0 104458
103257 46176 1:0 104457
103270 46177 1:0 104458
103352 92712 1:0 104590
103353 92682 1:0 104674
103353 46324 1:0 104763
103362 46313 1:0 104678
103362 46315 1:0 104678
103362 46319 1:0 104678
103362 46317 1:0 104678
103362 46321 1:0 104678
103362 46323 1:0 104678
103362 46318 1:0 104679
103362 46325 1:0 104679
103368 46322 1:0 104679
103370 46320 1:0 104679
103372 46312 1:0 104679
103389 92680 1:0 104800
103401 46467 1:0 104964
103483 92681 1:0 104801
103484 92649 1:0 104885
103493 46468 1:0 104899
103493 46460 1:0 104899
103493 46471 1:0 104899
103493 46472 1:0 104899
103493 46459 1:0 104900
103493 46465 1:0 104900
103499 46470 1:0 104899
103499 46469 1:0 104899
103501 46466 1:0 104899
103519 92648 1:0 105022
103614 92646 1:0 105032
103615 92616 1:0 105038
103615 92615 1:0 105106
103624 46615 1:0 105120
103624 46618 1:0 105120
103624 46616 1:0 105120
103624 46614 1:0 105185
103630 46613 1:0 105120
103630 46617 1:0 105120
103630 46606 1:0 105121
103632 46607 1:0 105120
103632 46612 1:0 105121
103635 46619 1:0 105120
103663 92614 1:0 105242
103745 92583 1:0 105330
103746 46762 1:0 105341
103746 46759 1:0 105342
103746 46764 1:0 105417
103755 46763 1:0 105341
103755 46765 1:0 105341
103755 46760 1:0 105341
103755 46754 1:0 105341
103755 46766 1:0 105341
103755 46753 1:0 105342
103755 46755 1:0 105342
103761 46761 1:0 105342
103766 92582 1:0 105464
103794 92581 1:0 105463
103876 92580 1:0 105474
103877 92548 1:0 105548
103877 46904 1:0 105563
103877 46909 1:0 105628
103886 92550 1:0 105480
103886 46907 1:0 105562
103886 46908 1:0 105562
103886 46900 1:0 105563
103886 46906 1:0 105563
103892 46911 1:0 105562
103894 46910 1:0 105562
103897 46912 1:0 105562
103897 46901 1:0 105562
103913 46913 1:0 105562
103925 47056 1:0 105849
104007 92549 1:0 105685
104008 92517 1:0 105701
104017 92515 1:0 105769
104017 47057 1:0 105783
104017 47059 1:0 105783
104017 47054 1:0 105783
104017 47047 1:0 105784
104023 47050 1:0 105783
104023 47058 1:0 105783
104023 47053 1:0 105784
104027 47055 1:0 105783
104027 47048 1:0 105783
104043 47060 1:0 105783
104097 92516 1:0 105906
104140 92514 1:0 105916
104141 92483 1:0 105990
104150 92484 1:0 105922
104150 47201 1:0 106004
104150 47207 1:0 106004
104150 47194 1:0 106005
104150 47200 1:0 106005
104150 47202 1:0 106069
104156 47204 1:0 106004
104158 47206 1:0 106004
104169 359 21:0 104183
104176 47205 1:0 106004
104177 47195 1:0 106004
104177 47197 1:0 106004
104189 47203 1:0 106004
104238 92482 1:0 106126
104259 92481 1:0 106137
104319 92451 1:0 106211
104328 46031 21:0 104353
104329 47342 1:0 106225
104329 47343 1:0 106226
104329 47341 1:0 106226
104329 47350 1:0 106291
104351 46028 0:0 104353
104351 46029 0:0 104353
104351 46030 0:0 104353
104351 46027 0:0 104353
104352 46019 0:0 104353
104352 46026 0:0 104353
104352 46024 0:0 104353
104352 46025 0:0 104353
104352 46018 0:0 104353
104354 47354 1:0 106225
104354 47351 1:0 106225
104354 47349 1:0 106225
104354 47348 1:0 106225
104354 47347 1:0 106226
104354 47345 1:0 106226
104361 47353 1:0 106225
104361 47352 1:0 106225
104362 92449 1:0 106347
104371 92450 1:0 106348
104371 92448 1:0 106358
104377 92417 1:0 106432
104397 92418 1:0 106364
104398 47496 1:0 106511
104410 47498 1:0 106446
104410 47493 1:0 106446
104451 47495 1:0 106446
104459 47497 1:0 106446
104464 47494 1:0 106447
104480 47501 1:0 106446
104480 47499 1:0 106446
104481 47489 1:0 106446
104530 47488 1:0 106447
104540 47500 1:0 106446
104549 46178 21:0 104574
104550 47642 1:0 106667
104550 47646 1:0 106743
104572 46173 0:0 104574
104572 46177 0:0 104574
104572 46176 0:0 104574
104572 46175 0:0 104574
104573 46172 0:0 104574
104573 46166 0:0 104574
104573 46165 0:0 104574
104573 46171 0:0 104574
104573 46174 0:0 104574
104573 46169 0:0 104574
104575 92416 1:0 106568
104575 92415 1:0 106579
104582 92383 1:0 106656
104583 92385 1:0 106585
104583 47645 1:0 106667
104592 47644 1:0 106667
104592 47647 1:0 106667
104592 47636 1:0 106667
104592 47643 1:0 106668
104592 47635 1:0 106668
104598 47648 1:0 106667
104598 47641 1:0 106668
104603 92384 1:0 106790
104631 92382 1:0 106800
104685 92351 1:0 106877
104702 92352 1:0 106806
104751 47787 1:0 106888
104751 47793 1:0 106964
104761 47783 1:0 106888
104761 47782 1:0 106889
104771 47791 1:0 106888
104773 46324 21:0 104795
104794 46312 0:0 104795
104794 46323 0:0 104795
104794 46320 0:0 104795
104794 46322 0:0 104795
104794 46321 0:0 104795
104794 46319 0:0 104795
104794 46317 0:0 104795
104794 46313 0:0 104795
104794 46315 0:0 104795
104794 46325 0:0 104795
104794 46318 0:0 104795
104796 47792 1:0 106888
104796 47785 1:0 106888
104796 47794 1:0 106888
104796 47795 1:0 106888
104796 47789 1:0 106888
104796 47788 1:0 106889
104796 47790 1:0 106889
104803 92350 1:0 107010
104804 92349 1:0 107021
104813 92317 1:0 107105
104813 92319 1:0 107106
104819 47932 1:0 107109
104819 47933 1:0 107110
104819 47942 1:0 107195
104821 47941 1:0 107110
104824 47940 1:0 107109
104839 47939 1:0 107110
104852 47938 1:0 107109
104852 47930 1:0 107109
104893 47937 1:0 107110
104893 47929 1:0 107110
104901 47936 1:0 107109
104906 47935 1:0 107110
104922 92318 1:0 107232
104974 46467 21:0 105016
104982 92316 1:0 107242
104992 48077 1:0 107330
104992 48084 1:0 107395
105014 46471 0:0 105016
105014 46469 0:0 105016
105015 46460 0:0 105016
105015 46470 0:0 105016
105015 46468 0:0 105016
105015 46466 0:0 105016
105015 46465 0:0 105016
105015 46459 0:0 105016
105015 46472 0:0 105016
105017 92286 1:0 107316
105017 48088 1:0 107330
105017 48086 1:0 107330
105024 48087 1:0 107330
105024 48083 1:0 107330
105025 48085 1:0 107330
105025 48089 1:0 107330
105025 48076 1:0 107331
105025 48082 1:0 107331
105034 92284 1:0 107452
105034 92285 1:0 107453
105040 92283 1:0 107463
105044 48236 1:0 107637
105045 48230 1:0 107551
105045 48224 1:0 107551
105060 48223 1:0 107552
105060 48229 1:0 107552
105073 48235 1:0 107552
105114 48234 1:0 107551
105122 48233 1:0 107552
105142 48232 1:0 107551
105143 48231 1:0 107552
105143 48323 1:0 107676
105143 48324 1:0 107677
105195 46614 21:0 105237
105235 46616 0:0 105237
105236 46612 0:0 105237
105236 46607 0:0 105237
105236 46606 0:0 105237
105236 46618 0:0 105237
105236 46619 0:0 105237
105236 46613 0:0 105237
105236 46617 0:0 105237
105236 46615 0:0 105237
105423 46764 21:0 105458
105456 46765 0:0 105458
105456 46762 0:0 105458
105456 46761 0:0 105458
105457 46753 0:0 105458
105457 46763 0:0 105458
105457 46766 0:0 105458
105457 46754 0:0 105458
105457 46755 0:0 105458
105457 46760 0:0 105458
105457 46759 0:0 105458
105634 46909 21:0 105679
105677 46912 0:0 105679
105677 46910 0:0 105679
105677 46908 0:0 105679
105678 46904 0:0 105679
105678 46913 0:0 105679
105678 46907 0:0 105679
105678 46901 0:0 105679
105678 46906 0:0 105679
105678 46911 0:0 105679
105678 46900 0:0 105679
105855 47056 21:0 105900
105898 47057 0:0 105900
105898 47059 0:0 105900
105899 47050 0:0 105900
105899 47054 0:0 105900
105899 47047 0:0 105900
105899 47055 0:0 105900
105899 47053 0:0 105900
105899 47048 0:0 105900
105899 47060 0:0 105900
105899 47058 0:0 105900
106079 47202 21:0 106121
106119 47204 0:0 106121
106120 47197 0:0 106121
106120 47200 0:0 106121
106120 47203 0:0 106121
106120 47206 0:0 106121
106120 47205 0:0 106121
106120 47194 0:0 106121
106120 47201 0:0 106121
106120 47207 0:0 106121
106120 47195 0:0 106121
106297 47350 21:0 106342
106340 47349 0:0 106342
106340 47351 0:0 106342
106341 47343 0:0 106342
106341 47345 0:0 106342
106341 47348 0:0 106342
106341 47347 0:0 106342
106341 47354 0:0 106342
106341 47341 0:0 106342
106341 47342 0:0 106342
106341 47352 0:0 106342
106341 47353 0:0 106342
106521 47496 21:0 106563
106561 47498 0:0 106563
106562 47494 0:0 106563
106562 47497 0:0 106563
106562 47495 0:0 106563
106562 47500 0:0 106563
106562 47499 0:0 106563
106562 47501 0:0 106563
106562 47489 0:0 106563
106562 47493 0:0 106563
106562 47488 0:0 106563
106749 47646 21:0 106784
106782 47645 0:0 106784
106782 47647 0:0 106784
106782 47644 0:0 106784
106783 47648 0:0 106784
106783 47643 0:0 106784
106783 47636 0:0 106784
106783 47635 0:0 106784
106783 47642 0:0 106784
106783 47641 0:0 106784
106970 47793 21:0 107005
107003 47791 0:0 107005
107003 47792 0:0 107005
107003 47794 0:0 107005
107004 47790 0:0 107005
107004 47788 0:0 107005
107004 47789 0:0 107005
107004 47782 0:0 107005
107004 47795 0:0 107005
107004 47783 0:0 107005
107004 47785 0:0 107005
107004 47787 0:0 107005
107201 47942 21:0 107226
107224 47939 0:0 107226
107224 47938 0:0 107226
107224 47940 0:0 107226
107224 47941 0:0 107226
107225 47935 0:0 107226
107225 47937 0:0 107226
107225 47936 0:0 107226
107225 47933 0:0 107226
107225 47929 0:0 107226
107225 47930 0:0 107226
107225 47932 0:0 107226
107405 48084 21:0 107447
107445 48086 0:0 107447
107445 48088 0:0 107447
107446 48077 0:0 107447
107446 48085 0:0 107447
107446 48087 0:0 107447
107446 48089 0:0 107447
107446 48083 0:0 107447
107446 48082 0:0 107447
107446 48076 0:0 107447
107643 48236 21:0 304
