86 15407 21:0 123
122 15406 21:0 128
127 15405 21:0 139
138 15403 21:0 139
138 15404 21:0 139
138 341 21:0 144
143 15547 21:0 144
143 15496 21:0 144
143 15400 21:0 144
143 15497 21:0 144
143 15401 21:0 144
143 15394 21:0 144
143 15395 21:0 144
143 15396 21:0 144
143 15399 21:0 146
145 15557 21:0 146
146 15570 21:0 167
166 15571 21:0 215
214 15554 21:0 215
214 25 21:0 217
217 15602 21:0 225
224 15569 21:0 275
274 15572 21:0 291
290 15623 21:0 291
290 23 21:0 291
290 15590 21:0 291
291 47 21:0 296
295 15633 21:0 296
295 15600 21:0 296
295 5 21:0 298
298 15637 21:0 319
318 15638 21:0 367
366 15605 21:0 372
371 15635 21:0 392
391 15669 21:0 443
442 15636 21:0 448
445 15701 21:0 445
447 79 21:0 448
447 61 21:0 448
447 57 21:0 448
447 15689 21:0 450
449 15656 21:0 450
450 15703 21:0 467
466 15704 21:0 519
518 15604 21:0 524
523 99 21:0 524
523 21 21:0 524
523 77 21:0 524
523 95 21:0 524
523 59 21:0 526
525 15722 21:0 526
526 15736 21:0 543
542 15668 21:0 595
594 15735 21:0 600
599 105 21:0 605
604 111 21:0 605
604 15765 21:0 605
604 15726 21:0 605
604 9 21:0 605
604 15755 21:0 605
604 115 21:0 605
605 15770 21:0 671
670 15769 21:0 676
675 15785 21:0 676
675 15788 21:0 676
675 131 21:0 676
675 7 21:0 678
678 15802 21:0 699
698 15801 21:0 747
746 15737 21:0 752
751 151 21:0 752
751 133 21:0 752
751 15821 21:0 752
751 113 21:0 754
754 15834 21:0 775
774 15833 21:0 823
822 15835 21:0 828
827 135 21:0 828
827 169 21:0 830
830 15868 21:0 847
846 15671 21:0 899
898 15603 21:0 904
903 15869 21:0 923
922 15836 21:0 975
974 15800 21:0 980
977 15932 21:0 977
979 15901 21:0 985
984 15866 21:0 1051
1050 15934 21:0 1056
1053 15965 21:0 1053
1055 15867 21:0 1061
1060 15767 21:0 1127
1061 15968 21:0 1061
1126 15899 21:0 1132
1131 15803 21:0 1137
1136 15702 21:0 1203
1137 16001 21:0 1137
1202 15900 21:0 1208
1207 15734 21:0 1213
1212 15902 21:0 1221
1220 15933 21:0 1221
1220 15670 21:0 1279
1278 15935 21:0 1284
1283 15768 21:0 1289
1286 16065 21:0 1286
1286 16066 21:0 1286
1288 16033 21:0 1355
1354 16064 21:0 1360
1357 16097 21:0 1357
1359 16031 21:0 1365
1362 16098 21:0 1362
1362 16099 21:0 1362
1364 16032 21:0 1431
1365 16100 21:0 1365
1430 16034 21:0 1436
1433 16130 21:0 1433
1435 319 1:0 1437
1435 16000 21:0 1441
1440 137 21:0 1456
1455 3 21:0 1456
1455 353 21:0 1456
1455 15920 21:0 1456
1455 16052 21:0 1456
1455 16019 21:0 1456
1455 167 21:0 1456
1455 15953 21:0 1461
1460 15854 21:0 1461
1461 16143 21:0 1471
1470 15999 21:0 1495
1494 15966 21:0 1502
1500 353 1:0 1553
1501 16067 21:0 1505
1504 15967 21:0 1513
1507 16130 1:0 1507
1512 15998 21:0 1548
1547 16174 21:0 1587
1586 16171 21:0 1590
1589 15667 21:0 1614
1613 16100 1:0 1613
1613 15680 21:0 1614
1613 15686 21:0 1614
1613 15684 21:0 1617
1616 16201 21:0 1617
1616 16203 21:0 1617
1616 11 21:0 1617
1616 16206 21:0 1617
1616 15585 21:0 1617
1616 43 21:0 1620
1619 16098 1:0 1619
1619 16085 21:0 1620
1619 15887 21:0 1620
1619 15986 21:0 1620
1620 16099 1:0 1620
1620 16224 21:0 1624
1621 16085 1:0 1656
1621 16067 1:0 1734
1621 16064 1:0 1750
1621 16034 1:0 1778
1621 16052 1:0 1778
1621 16032 1:0 1856
1621 16033 1:0 1863
1621 16031 1:0 1872
1621 16019 1:0 1895
1621 15999 1:0 1978
1621 16000 1:0 1985
1621 15998 1:0 1994
1621 15986 1:0 2022
1621 15967 1:0 2100
1622 15966 1:0 2106
1622 15953 1:0 2144
1622 15935 1:0 2144
1623 31 21:0 1624
1623 15588 21:0 1627
1626 153 21:0 1627
1626 16151 21:0 1627
1626 13 21:0 1627
1626 41 21:0 1627
1626 33 21:0 1627
1626 97 21:0 1627
1626 149 21:0 1627
1626 16192 21:0 1627
1628 15933 1:0 2222
1629 16097 1:0 1629
1630 16228 21:0 1632
1630 15934 1:0 2229
1630 15920 1:0 2266
1630 15902 1:0 2266
1631 16167 21:0 1632
1631 319 21:0 1635
1633 15900 1:0 2344
1634 317 21:0 1635
1634 321 21:0 1635
1634 329 21:0 1635
1636 15901 1:0 2351
1639 16231 21:0 1661
1654 15899 1:0 2360
1664 16249 21:0 1695
1698 16258 21:0 1700
1707 16260 21:0 1709
1716 16263 21:0 1736
1741 16065 1:0 1741
1742 16066 1:0 1742
1742 16281 21:0 1746
1743 15887 1:0 2388
1743 15867 1:0 2388
1744 15869 1:0 2466
1744 15868 1:0 2473
1752 16285 21:0 1754
1752 15866 1:0 2482
1752 15854 1:0 2503
1752 167 1:0 2503
1752 15836 1:0 2510
1752 169 1:0 2510
1758 15835 1:0 2588
1761 16288 21:0 1783
1777 15834 1:0 2594
1786 16306 21:0 1817
1820 16315 21:0 1822
1829 16317 21:0 1831
1838 16320 21:0 1858
1864 16338 21:0 1868
1865 15833 1:0 2604
1866 149 1:0 2620
1866 15821 1:0 2625
1866 15803 1:0 2632
1866 153 1:0 2632
1866 151 1:0 2632
1874 16342 21:0 1876
1874 15801 1:0 2710
1874 15802 1:0 2717
1880 15800 1:0 2726
1880 137 1:0 2728
1883 16345 21:0 1905
1899 135 1:0 2754
1899 15768 1:0 2754
1908 16363 21:0 1939
1910 133 1:0 2742
1910 15788 1:0 2747
1910 131 1:0 2754
1910 15785 1:0 2754
1942 16372 21:0 1944
1951 16374 21:0 1953
1960 16377 21:0 1980
1979 16001 1:0 1979
1986 16395 21:0 1990
1987 15770 1:0 2832
1988 15769 1:0 2839
1996 16399 21:0 1998
1996 15767 1:0 2848
1996 15765 1:0 2857
1996 113 1:0 2864
1996 111 1:0 2873
1996 115 1:0 2873
1996 15737 1:0 2876
1996 15755 1:0 2876
2002 15735 1:0 2954
2005 16402 21:0 2027
2021 15736 1:0 2961
2030 16420 21:0 2061
2064 16429 21:0 2066
2073 16431 21:0 2075
2082 16434 21:0 2102
2101 15968 1:0 2101
2108 16452 21:0 2112
2109 105 1:0 2964
2110 15734 1:0 2970
2110 15726 1:0 2983
2110 97 1:0 2986
2110 15722 1:0 2991
2110 15702 1:0 2998
2110 99 1:0 2998
2110 95 1:0 2998
2117 15965 1:0 2117
2118 16456 21:0 2120
2118 15704 1:0 3076
2118 15703 1:0 3083
2118 79 1:0 3094
2118 77 1:0 3094
2121 15684 1:0 3094
2127 16459 21:0 2149
2128 15670 1:0 3120
2142 15680 1:0 3120
2143 15686 1:0 3120
2143 15689 1:0 3120
2152 16477 21:0 2183
2186 16486 21:0 2188
2195 16488 21:0 2197
2204 16491 21:0 2224
2230 16509 21:0 2234
2231 15671 1:0 3198
2232 15669 1:0 3204
2232 15667 1:0 3208
2239 15932 1:0 2239
2240 16513 21:0 2242
2240 15668 1:0 3214
2240 59 1:0 3235
2240 15656 1:0 3235
2240 61 1:0 3242
2240 57 1:0 3242
2240 15636 1:0 3242
2246 15638 1:0 3320
2249 16516 21:0 2271
2265 15637 1:0 3327
2274 16534 21:0 2305
2308 16543 21:0 2310
2317 16545 21:0 2319
2326 16548 21:0 2346
2352 16566 21:0 2356
2353 15635 1:0 3336
2353 43 1:0 3338
2353 41 1:0 3338
2353 47 1:0 3338
2354 15633 1:0 3345
2354 15623 1:0 3364
2354 15603 1:0 3364
2354 31 1:0 3364
2362 16570 21:0 2364
2362 15605 1:0 3442
2362 15604 1:0 3449
2365 33 1:0 3452
2368 13 1:0 3452
2371 16573 21:0 2393
2386 15602 1:0 3458
2387 15588 1:0 3460
2387 23 1:0 3460
2387 21 1:0 3460
2387 25 1:0 3460
2396 16591 21:0 2427
2430 16600 21:0 2432
2439 16602 21:0 2441
2448 16605 21:0 2468
2474 16623 21:0 2478
2475 15572 1:0 3486
2475 15585 1:0 3486
2476 15600 1:0 3467
2476 15590 1:0 3486
2476 15571 1:0 3564
2484 16627 21:0 2486
2484 15570 1:0 3570
2484 15569 1:0 3580
2484 11 1:0 3584
2487 7 1:0 3611
2487 15557 1:0 3611
2487 15554 1:0 3611
2490 9 1:0 3610
2490 5 1:0 3650
2490 3 1:0 3659
2490 15547 1:0 3659
2490 335 1:0 3684
2493 16630 21:0 2515
2494 317 1:0 5036
2508 321 1:0 5041
2518 16648 21:0 2549
2552 16657 21:0 2554
2561 16659 21:0 2563
2570 16662 21:0 2590
2596 16680 21:0 2600
2606 16684 21:0 2608
2615 16687 21:0 2637
2640 16705 21:0 2671
2674 16714 21:0 2676
2683 16716 21:0 2685
2692 16719 21:0 2712
2718 16737 21:0 2722
2728 16741 21:0 2730
2737 16744 21:0 2759
2762 16762 21:0 2793
2796 16771 21:0 2798
2805 16773 21:0 2807
2814 16776 21:0 2834
2840 16794 21:0 2844
2850 16798 21:0 2852
2859 16801 21:0 2881
2884 16819 21:0 2915
2918 16828 21:0 2920
2927 16830 21:0 2929
2936 16833 21:0 2956
2962 16851 21:0 2966
2972 16855 21:0 2974
2981 16858 21:0 3003
3006 16876 21:0 3037
3040 16885 21:0 3042
3049 16887 21:0 3051
3058 16890 21:0 3078
3084 16908 21:0 3088
3093 15701 1:0 3093
3094 16912 21:0 3096
3103 16915 21:0 3125
3128 16933 21:0 3159
3162 16942 21:0 3164
3171 16944 21:0 3173
3180 16947 21:0 3200
3206 16965 21:0 3210
3216 16969 21:0 3218
3225 16972 21:0 3247
3250 16990 21:0 3281
3284 16999 21:0 3286
3293 17001 21:0 3295
3302 17004 21:0 3322
3328 17022 21:0 3332
3338 17026 21:0 3340
3347 17029 21:0 3369
3372 17047 21:0 3403
3406 17056 21:0 3408
3415 17058 21:0 3417
3424 17061 21:0 3444
3450 17079 21:0 3454
3460 17083 21:0 3462
3469 17086 21:0 3491
3494 17104 21:0 3525
3528 17113 21:0 3530
3537 17115 21:0 3539
3546 17118 21:0 3566
3572 17136 21:0 3576
3582 17140 21:0 3584
3591 17143 21:0 3613
3616 17161 21:0 3647
3650 17170 21:0 3652
3659 17172 21:0 3661
3682 334 21:0 3700
3700 5 21:0 3704
3704 17199 21:0 3737
3736 3 21:0 3737
3736 17175 21:0 3737
3736 17208 21:0 3737
3736 7 21:0 3737
3737 17207 21:0 3748
3747 17206 21:0 3748
3747 17198 21:0 3748
3750 17220 21:0 3758
3757 15 21:0 3758
3757 17219 21:0 3758
3758 17223 21:0 3824
3823 17221 21:0 3829
3828 17239 21:0 3829
3828 25 21:0 3831
3830 17241 21:0 3831
3831 17255 21:0 3852
3851 17254 21:0 3900
3899 17273 21:0 3900
3899 41 21:0 3902
3902 17286 21:0 3910
3909 17245 21:0 3910
3909 17251 21:0 3910
3909 17274 21:0 3910
3909 23 21:0 3910
3910 17289 21:0 3976
3975 17287 21:0 3981
3980 61 21:0 3981
3980 17317 21:0 3981
3980 17307 21:0 3981
3980 59 21:0 3983
3983 17321 21:0 4000
3999 17319 21:0 4052
4051 17256 21:0 4057
4056 17340 21:0 4057
4056 79 21:0 4057
4056 75 21:0 4057
4056 77 21:0 4057
4056 63 21:0 4057
4056 43 21:0 4059
4059 17354 21:0 4076
4075 17352 21:0 4128
4127 17351 21:0 4128
4127 81 21:0 4128
4127 17373 21:0 4128
4127 97 21:0 4128
4127 95 21:0 4128
4130 17385 21:0 4138
4137 17253 21:0 4188
4187 17387 21:0 4204
4203 17370 21:0 4209
4208 17338 21:0 4209
4208 17406 21:0 4209
4208 17339 21:0 4209
4208 27 21:0 4209
4208 117 21:0 4209
4208 115 21:0 4211
4211 17419 21:0 4232
4231 17420 21:0 4280
4279 17353 21:0 4285
4284 17322 21:0 4304
4303 17418 21:0 4356
4355 17451 21:0 4361
4360 17355 21:0 4380
4379 17288 21:0 4432
4431 17454 21:0 4437
4436 17388 21:0 4442
4441 17452 21:0 4508
4507 17222 21:0 4513
4512 17453 21:0 4518
4517 17320 21:0 4573
4572 17486 21:0 4589
4588 17386 21:0 4594
4593 17484 21:0 4649
4648 17485 21:0 4665
4664 17517 21:0 4670
4669 17421 21:0 4725
4724 17520 21:0 4741
4740 17518 21:0 4746
4745 17487 21:0 4796
4795 17519 21:0 4812
4811 17551 21:0 4822
4814 17682 21:0 4814
4819 17684 21:0 4819
4819 17683 21:0 4819
4821 17552 21:0 4872
4822 17685 21:0 4822
4871 17550 21:0 4888
4887 17584 21:0 4898
4890 17715 21:0 4890
4895 17717 21:0 4895
4895 17716 21:0 4895
4897 17553 21:0 4916
4898 17718 21:0 4898
4915 17583 21:0 4964
4963 17585 21:0 4969
4966 17748 21:0 4966
4968 17586 21:0 4988
4971 17749 21:0 4971
4971 17750 21:0 4971
4974 17751 21:0 4974
4987 17619 21:0 5040
5039 17618 21:0 5045
5042 17781 21:0 5042
5044 319 1:0 5046
5044 17617 21:0 5065
5049 329 1:0 5061
5064 17604 21:0 5065
5064 17703 21:0 5065
5064 17571 21:0 5065
5064 169 21:0 5065
5064 203 21:0 5065
5064 9 21:0 5065
5064 17538 21:0 5070
5069 17505 21:0 5070
5070 17794 21:0 5080
5079 16151 1:0 5081
5079 17616 21:0 5106
5104 16167 1:0 5107
5105 17652 21:0 5114
5112 16171 1:0 5118
5112 16174 1:0 5128
5112 16192 1:0 5155
5112 16201 1:0 5190
5112 16203 1:0 5200
5112 16206 1:0 5210
5112 16224 1:0 5238
5112 16228 1:0 5249
5113 17649 21:0 5117
5115 16231 1:0 5259
5115 16249 1:0 5286
5115 16258 1:0 5321
5115 16260 1:0 5331
5115 16263 1:0 5341
5115 16281 1:0 5369
5116 17650 21:0 5126
5118 16285 1:0 5380
5118 16288 1:0 5390
5118 16306 1:0 5417
5118 17703 1:0 5420
5118 16315 1:0 5452
5118 16317 1:0 5462
5118 16320 1:0 5472
5118 16338 1:0 5500
5118 16342 1:0 5511
5120 17781 1:0 5120
5125 17651 21:0 5154
5153 17337 21:0 5202
5155 16345 1:0 5521
5155 17651 1:0 5542
5201 17401 21:0 5208
5207 17405 21:0 5234
5233 17751 1:0 5233
5233 11 21:0 5234
5233 17384 21:0 5234
5233 17205 21:0 5237
5236 16174 21:0 5237
5236 16201 21:0 5237
5236 16151 21:0 5237
5236 205 21:0 5237
5236 16203 21:0 5237
5236 16206 21:0 5237
5236 17218 21:0 5237
5240 17749 1:0 5240
5240 16224 21:0 5245
5241 17750 1:0 5241
5244 16167 21:0 5245
5244 16171 21:0 5245
5244 319 21:0 5248
5247 16192 21:0 5248
5247 257 21:0 5248
5247 321 21:0 5248
5247 329 21:0 5248
5249 257 1:0 5524
5249 16372 1:0 5535
5249 16374 1:0 5542
5249 16363 1:0 5542
5249 16377 1:0 5542
5249 17652 1:0 5625
5249 16395 1:0 5631
5249 17650 1:0 5632
5249 16399 1:0 5642
5249 17649 1:0 5643
5249 16402 1:0 5652
5249 16420 1:0 5654
5249 16431 1:0 5666
5249 16434 1:0 5666
5249 16429 1:0 5673
5249 17617 1:0 5673
5249 17619 1:0 5756
5249 16452 1:0 5762
5249 17618 1:0 5764
5249 16456 1:0 5773
5249 17616 1:0 5774
5249 16459 1:0 5783
5249 17604 1:0 5786
5249 16486 1:0 5797
5249 16488 1:0 5804
5249 16477 1:0 5804
5249 16491 1:0 5804
5249 17586 1:0 5804
5251 17748 1:0 5251
5251 16228 21:0 5254
5252 17585 1:0 5887
5252 16509 1:0 5893
5252 17584 1:0 5894
5258 16513 1:0 5904
5258 17583 1:0 5905
5261 16231 21:0 5285
5278 203 1:0 5917
5278 205 1:0 5917
5278 17553 1:0 5935
5279 16516 1:0 5914
5279 16548 1:0 5917
5279 16534 1:0 5917
5279 17571 1:0 5917
5279 16545 1:0 5928
5279 16543 1:0 5935
5288 16249 21:0 5320
5323 16258 21:0 5326
5333 16260 21:0 5336
5343 16263 21:0 5365
5364 17718 1:0 5364
5371 17716 1:0 5371
5371 16281 21:0 5376
5372 17717 1:0 5372
5373 17552 1:0 6018
5374 16566 1:0 6024
5374 17551 1:0 6025
5374 17550 1:0 6036
5382 17715 1:0 5382
5382 16285 21:0 5385
5383 16570 1:0 6035
5383 16573 1:0 6045
5383 16591 1:0 6047
5383 16602 1:0 6059
5383 17538 1:0 6059
5383 16600 1:0 6066
5383 17519 1:0 6066
5383 16605 1:0 6066
5389 17520 1:0 6149
5392 16288 21:0 5416
5409 17518 1:0 6156
5410 16623 1:0 6155
5419 16306 21:0 5451
5454 16315 21:0 5457
5464 16317 21:0 5467
5474 16320 21:0 5496
5495 17685 1:0 5495
5502 17683 1:0 5502
5502 16338 21:0 5507
5503 17684 1:0 5503
5504 16627 1:0 6166
5504 17517 1:0 6167
5505 16630 1:0 6176
5505 169 1:0 6178
5505 16648 1:0 6178
5505 17505 1:0 6190
5505 16659 1:0 6190
5505 16662 1:0 6190
5505 16657 1:0 6197
5505 17487 1:0 6197
5513 17682 1:0 5513
5513 16342 21:0 5516
5514 17485 1:0 6280
5514 16680 1:0 6286
5514 17486 1:0 6288
5520 16684 1:0 6297
5520 17484 1:0 6298
5520 16705 1:0 6300
5520 16719 1:0 6300
5520 16716 1:0 6300
5523 16345 21:0 5547
5541 17453 1:0 6328
5541 16912 1:0 6328
5550 16363 21:0 5582
5553 16687 1:0 6307
5553 16714 1:0 6328
5585 16372 21:0 5588
5595 16374 21:0 5598
5605 16377 21:0 5627
5633 16395 21:0 5638
5635 17454 1:0 6411
5636 16737 1:0 6417
5636 17452 1:0 6418
5636 16969 1:0 6422
5644 16399 21:0 5647
5645 16741 1:0 6428
5645 17451 1:0 6429
5645 16762 1:0 6431
5645 16828 1:0 6431
5645 16933 1:0 6431
5645 16773 1:0 6431
5645 16776 1:0 6431
5645 17421 1:0 6459
5648 16744 1:0 6438
5651 16851 1:0 6459
5651 16771 1:0 6459
5654 16402 21:0 5678
5656 17420 1:0 6542
5681 16420 21:0 5713
5684 17419 1:0 6549
5684 16801 1:0 6553
5716 16429 21:0 5719
5726 16431 21:0 5729
5736 16434 21:0 5758
5764 16452 21:0 5769
5766 16794 1:0 6548
5767 16798 1:0 6559
5767 17418 1:0 6560
5767 117 1:0 6562
5767 115 1:0 6562
5767 16833 1:0 6562
5767 16819 1:0 6562
5767 16830 1:0 6562
5767 17386 1:0 6590
5775 16456 21:0 5778
5776 17401 1:0 6590
5776 17405 1:0 6590
5776 17406 1:0 6590
5776 17388 1:0 6673
5782 17387 1:0 6681
5782 16858 1:0 6684
5782 17384 1:0 6684
5785 16459 21:0 5809
5803 16855 1:0 6690
5803 17385 1:0 6691
5810 95 1:0 6690
5812 16477 21:0 5844
5815 16887 1:0 6693
5815 17373 1:0 6693
5815 16890 1:0 6693
5815 59 1:0 6693
5815 77 1:0 6693
5815 79 1:0 6693
5815 97 1:0 6693
5815 16876 1:0 6693
5847 16486 21:0 5850
5857 16488 21:0 5860
5867 16491 21:0 5889
5895 16509 21:0 5900
5897 16908 1:0 6721
5897 17355 1:0 6721
5898 17370 1:0 6721
5898 16885 1:0 6721
5898 17353 1:0 6804
5906 16513 21:0 5909
5907 17354 1:0 6812
5907 17351 1:0 6815
5907 17337 1:0 6815
5910 16942 1:0 6821
5910 17352 1:0 6822
5910 75 1:0 6824
5913 16947 1:0 6821
5913 16999 1:0 6821
5913 81 1:0 6824
5913 17340 1:0 6824
5913 17339 1:0 6824
5916 16516 21:0 5940
5918 17320 1:0 6852
5933 17338 1:0 6852
5934 16915 1:0 6831
5934 16944 1:0 6852
5943 16534 21:0 5975
5978 16543 21:0 5981
5988 16545 21:0 5991
5998 16548 21:0 6020
6026 16566 21:0 6031
6028 17322 1:0 6935
6029 16965 1:0 6941
6029 17321 1:0 6943
6029 16972 1:0 6946
6037 16570 21:0 6040
6038 17319 1:0 6953
6038 16990 1:0 6955
6038 63 1:0 6955
6038 17218 1:0 6955
6038 17004 1:0 6955
6038 17001 1:0 6955
6038 61 1:0 6955
6038 17317 1:0 6963
6038 17288 1:0 6983
6041 17022 1:0 6983
6041 17307 1:0 6983
6046 17289 1:0 7066
6047 16573 21:0 6071
6065 17287 1:0 7073
6074 16591 21:0 6106
6077 17219 1:0 7077
6077 17083 1:0 7077
6109 16600 21:0 6112
6119 16602 21:0 6122
6129 16605 21:0 6151
6157 16623 21:0 6162
6159 17286 1:0 7084
6160 17056 1:0 7083
6160 17026 1:0 7083
6160 17058 1:0 7083
6160 43 1:0 7083
6160 17061 1:0 7083
6160 17047 1:0 7083
6160 17115 1:0 7083
6160 17274 1:0 7086
6160 17256 1:0 7114
6160 17273 1:0 7114
6168 16627 21:0 6171
6169 17029 1:0 7093
6169 41 1:0 7114
6169 17254 1:0 7197
6172 17255 1:0 7205
6175 17079 1:0 7203
6175 17251 1:0 7208
6178 16630 21:0 6202
6195 17253 1:0 7215
6196 23 1:0 7214
6196 17086 1:0 7217
6196 27 1:0 7217
6196 25 1:0 7217
6196 17104 1:0 7217
6196 17118 1:0 7217
6196 17241 1:0 7217
6205 16648 21:0 6237
6240 16657 21:0 6243
6250 16659 21:0 6253
6260 16662 21:0 6282
6288 16680 21:0 6293
6290 17245 1:0 7230
6290 17239 1:0 7245
6290 17222 1:0 7245
6290 17113 1:0 7245
6291 17223 1:0 7328
6299 16684 21:0 6302
6300 17136 1:0 7334
6300 17221 1:0 7335
6300 15 1:0 7339
6300 17140 1:0 7345
6300 17220 1:0 7346
6303 9 1:0 7351
6303 17205 1:0 7351
6306 11 1:0 7350
6306 17161 1:0 7351
6306 3 1:0 7351
6306 17143 1:0 7355
6308 17207 1:0 7376
6309 16687 21:0 6333
6311 7 1:0 7364
6311 17170 1:0 7373
6311 17208 1:0 7376
6311 17206 1:0 7376
6326 17199 1:0 7411
6327 5 1:0 7422
6327 17172 1:0 7427
6327 17198 1:0 7430
6327 336 1:0 7457
6334 17175 1:0 7437
6336 16705 21:0 6368
6339 321 1:0 8814
6371 16714 21:0 6374
6381 16716 21:0 6384
6391 16719 21:0 6413
6419 16737 21:0 6424
6421 319 1:0 8819
6430 16741 21:0 6433
6440 16744 21:0 6464
6467 16762 21:0 6499
6502 16771 21:0 6505
6512 16773 21:0 6515
6522 16776 21:0 6544
6550 16794 21:0 6555
6561 16798 21:0 6564
6571 16801 21:0 6595
6598 16819 21:0 6630
6633 16828 21:0 6636
6643 16830 21:0 6646
6653 16833 21:0 6675
6681 16851 21:0 6686
6692 16855 21:0 6695
6702 16858 21:0 6726
6729 16876 21:0 6761
6764 16885 21:0 6767
6774 16887 21:0 6777
6784 16890 21:0 6806
6812 16908 21:0 6817
6823 16912 21:0 6826
6833 16915 21:0 6857
6860 16933 21:0 6892
6895 16942 21:0 6898
6905 16944 21:0 6908
6915 16947 21:0 6937
6943 16965 21:0 6948
6954 16969 21:0 6957
6964 16972 21:0 6988
6991 16990 21:0 7023
7026 16999 21:0 7029
7036 17001 21:0 7039
7046 17004 21:0 7068
7074 17022 21:0 7079
7085 17026 21:0 7088
7095 17029 21:0 7119
7122 17047 21:0 7154
7157 17056 21:0 7160
7167 17058 21:0 7170
7177 17061 21:0 7199
7205 17079 21:0 7210
7216 17083 21:0 7219
7226 17086 21:0 7250
7253 17104 21:0 7285
7288 17113 21:0 7291
7298 17115 21:0 7301
7308 17118 21:0 7330
7336 17136 21:0 7341
7347 17140 21:0 7350
7357 17143 21:0 7381
7384 17161 21:0 7416
7419 17170 21:0 7422
7429 17172 21:0 7432
7455 335 21:0 7473
7472 18849 21:0 7505
7504 7 21:0 7505
7504 5 21:0 7505
7505 18856 21:0 7521
7520 18857 21:0 7521
7520 336 21:0 7521
7520 18869 21:0 7526
7525 11 21:0 7526
7525 18854 21:0 7526
7525 18850 21:0 7528
7527 18859 21:0 7528
7528 18872 21:0 7549
7548 18873 21:0 7597
7596 18874 21:0 7602
7601 27 21:0 7602
7601 23 21:0 7604
7603 18892 21:0 7604
7604 18906 21:0 7625
7624 18904 21:0 7673
7672 18905 21:0 7678
7677 9 21:0 7680
7679 18925 21:0 7680
7680 18939 21:0 7697
7696 18938 21:0 7749
7748 18940 21:0 7754
7753 63 21:0 7754
7753 59 21:0 7754
7753 39 21:0 7754
7753 41 21:0 7754
7753 43 21:0 7756
7756 18972 21:0 7773
7772 18970 21:0 7825
7824 75 21:0 7825
7824 25 21:0 7825
7824 18986 21:0 7825
7824 18991 21:0 7825
7824 81 21:0 7825
7824 79 21:0 7825
7824 77 21:0 7827
7826 18958 21:0 7827
7827 19003 21:0 7835
7834 61 21:0 7835
7834 18988 21:0 7835
7834 3 21:0 7835
7834 17175 21:0 7835
7834 18990 21:0 7835
7835 19006 21:0 7901
7900 19004 21:0 7906
7905 18971 21:0 7911
7910 19005 21:0 7977
7976 99 21:0 7977
7976 111 21:0 7977
7976 113 21:0 7977
7976 115 21:0 7977
7976 49 21:0 7977
7976 19024 21:0 7977
7976 87 21:0 7977
7976 95 21:0 7977
7976 19057 21:0 7977
7976 97 21:0 7979
7979 19069 21:0 7987
7986 18937 21:0 8037
8036 18907 21:0 8053
8052 19036 21:0 8063
8062 19071 21:0 8104
8103 19038 21:0 8129
8128 18973 21:0 8134
8133 19104 21:0 8153
8152 19135 21:0 8205
8204 19070 21:0 8210
8209 19039 21:0 8215
8214 19103 21:0 8281
8280 19072 21:0 8286
8285 19102 21:0 8291
8290 18871 21:0 8346
8345 19170 21:0 8362
8361 19105 21:0 8367
8366 19168 21:0 8417
8416 19171 21:0 8438
8437 19169 21:0 8443
8442 19137 21:0 8493
8492 19037 21:0 8509
8508 19138 21:0 8519
8518 19136 21:0 8533
8532 19234 21:0 8585
8584 19202 21:0 8590
8589 19203 21:0 8595
8594 19201 21:0 8661
8660 19204 21:0 8666
8663 19366 21:0 8663
8665 19235 21:0 8671
8668 19367 21:0 8668
8668 19368 21:0 8668
8670 19236 21:0 8737
8671 19369 21:0 8671
8736 19267 21:0 8742
8739 19399 21:0 8739
8741 19237 21:0 8747
8744 19401 21:0 8744
8744 19400 21:0 8744
8746 19269 21:0 8802
8747 19402 21:0 8747
8801 19268 21:0 8818
8815 19433 21:0 8815
8815 19432 21:0 8815
8817 19270 21:0 8823
8819 19433 1:0 8819
8820 19434 21:0 8820
8820 19433 21:0 8820
8822 19014 21:0 8823
8822 329 1:0 8834
8822 18876 21:0 8838
8837 151 21:0 8838
8837 205 21:0 8838
8837 275 21:0 8838
8837 257 21:0 8838
8837 353 21:0 8838
8837 19222 21:0 8838
8837 19354 21:0 8838
8837 19420 21:0 8838
8837 19090 21:0 8838
8837 19189 21:0 8843
8843 19445 21:0 8853
8847 16151 1:0 8854
8852 19301 21:0 8879
8873 16167 1:0 8880
8878 19300 21:0 8887
8882 19433 1:0 8882
8883 19434 1:0 8883
8884 16171 1:0 8891
8884 16174 1:0 8901
8884 16192 1:0 8928
8884 19420 1:0 8931
8884 353 1:0 8942
8884 16201 1:0 8963
8884 16203 1:0 8973
8884 16206 1:0 8983
8885 16224 1:0 9011
8885 16228 1:0 9022
8885 16231 1:0 9032
8886 19302 21:0 8890
8889 19303 21:0 8899
8893 19432 1:0 8893
8898 19335 21:0 8927
8926 19333 21:0 9007
9006 19402 1:0 9006
9006 19336 21:0 9010
9009 19334 21:0 9021
9013 19400 1:0 9013
9014 19401 1:0 9014
9020 16224 21:0 9021
9020 16174 21:0 9021
9020 16203 21:0 9021
9020 19387 21:0 9021
9020 16206 21:0 9021
9020 16192 21:0 9021
9020 16201 21:0 9021
9020 19156 21:0 9024
9022 16249 1:0 9059
9022 19387 1:0 9062
9023 19255 21:0 9024
9024 19399 1:0 9024
9024 16228 21:0 9027
9026 16171 21:0 9027
9026 16167 21:0 9030
9029 19321 21:0 9030
9029 16151 21:0 9030
9029 329 21:0 9030
9029 295 21:0 9030
9029 319 21:0 9030
9029 321 21:0 9030
9029 171 21:0 9030
9029 133 21:0 9030
9031 295 1:0 9090
9031 16258 1:0 9094
9031 16260 1:0 9104
9031 16263 1:0 9114
9031 16281 1:0 9142
9031 16285 1:0 9153
9031 19354 1:0 9160
9031 16288 1:0 9163
9031 275 1:0 9166
9031 16306 1:0 9166
9031 16315 1:0 9177
9031 16320 1:0 9177
9031 19334 1:0 9184
9031 16317 1:0 9184
9031 19336 1:0 9267
9031 16338 1:0 9273
9031 19335 1:0 9275
9031 16342 1:0 9284
9031 19333 1:0 9285
9031 19321 1:0 9291
9031 16345 1:0 9294
9031 16377 1:0 9297
9031 16363 1:0 9297
9031 257 1:0 9297
9031 16374 1:0 9308
9031 16372 1:0 9315
9031 19303 1:0 9315
9031 19302 1:0 9398
9031 16395 1:0 9404
9031 19301 1:0 9405
9031 16399 1:0 9415
9031 19300 1:0 9416
9031 16402 1:0 9425
9031 16420 1:0 9439
9031 16431 1:0 9439
9031 16429 1:0 9446
9031 19270 1:0 9446
9031 16434 1:0 9446
9031 19268 1:0 9529
9031 16452 1:0 9535
9031 19269 1:0 9537
9031 16456 1:0 9546
9031 19267 1:0 9547
9031 16459 1:0 9556
9031 16477 1:0 9558
9031 16491 1:0 9558
9031 16488 1:0 9570
9031 19255 1:0 9570
9031 16486 1:0 9577
9031 19237 1:0 9577
9031 19236 1:0 9660
9031 16509 1:0 9666
9031 19235 1:0 9667
9034 16231 21:0 9058
9052 19234 1:0 9678
9057 317 21:0 9093
9059 16513 1:0 9677
9096 16258 21:0 9099
9098 16249 21:0 9102
9106 16260 21:0 9109
9108 207 21:0 9109
9116 16263 21:0 9138
9137 19369 1:0 9137
9144 19367 1:0 9144
9144 16281 21:0 9149
9145 19368 1:0 9145
9146 16516 1:0 9687
9146 205 1:0 9689
9146 16534 1:0 9689
9146 207 1:0 9689
9146 16543 1:0 9701
9146 16548 1:0 9701
9146 19222 1:0 9701
9146 16545 1:0 9708
9146 19204 1:0 9708
9147 19203 1:0 9791
9147 19202 1:0 9798
9155 19366 1:0 9155
9155 16285 21:0 9158
9156 16566 1:0 9797
9156 16570 1:0 9808
9156 19201 1:0 9809
9162 16573 1:0 9818
9162 16602 1:0 9832
9162 19189 1:0 9832
9162 19169 1:0 9839
9162 16605 1:0 9839
9162 16600 1:0 9839
9162 16591 1:0 9839
9165 16288 21:0 9189
9183 19171 1:0 9922
9192 16306 21:0 9224
9227 16315 21:0 9230
9237 16317 21:0 9240
9247 16320 21:0 9269
9275 16338 21:0 9280
9277 16623 1:0 9928
9277 19170 1:0 9930
9278 16627 1:0 9939
9278 19168 1:0 9940
9278 19136 1:0 9970
9286 16342 21:0 9289
9287 16630 1:0 9949
9287 16648 1:0 9951
9287 171 1:0 9951
9287 19156 1:0 9963
9287 16657 1:0 9963
9287 16662 1:0 9970
9287 16659 1:0 9970
9287 19138 1:0 10053
9293 16680 1:0 10059
9293 19137 1:0 10061
9296 16345 21:0 9320
9313 19135 1:0 10071
9314 16684 1:0 10070
9323 16363 21:0 9355
9358 16372 21:0 9361
9368 16374 21:0 9371
9378 16377 21:0 9400
9406 16395 21:0 9411
9408 16687 1:0 10080
9408 151 1:0 10082
9408 16714 1:0 10094
9408 16719 1:0 10101
9408 16716 1:0 10101
9408 16705 1:0 10101
9408 19105 1:0 10101
9409 19103 1:0 10184
9409 19104 1:0 10192
9417 16399 21:0 9420
9418 16737 1:0 10190
9418 16741 1:0 10201
9418 19102 1:0 10202
9424 16744 1:0 10211
9424 133 1:0 10213
9424 16762 1:0 10213
9424 16776 1:0 10213
9424 16773 1:0 10225
9424 19090 1:0 10225
9424 16771 1:0 10232
9424 19072 1:0 10232
9427 16402 21:0 9451
9445 19070 1:0 10315
9454 16420 21:0 9486
9489 16429 21:0 9492
9499 16431 21:0 9502
9509 16434 21:0 9531
9537 16452 21:0 9542
9539 16794 1:0 10321
9539 19071 1:0 10323
9539 16876 1:0 10326
9539 16833 1:0 10326
9540 97 1:0 10332
9540 16798 1:0 10332
9540 16885 1:0 10332
9540 16819 1:0 10332
9540 16830 1:0 10332
9540 115 1:0 10332
9540 19069 1:0 10333
9540 113 1:0 10335
9540 111 1:0 10335
9540 19057 1:0 10335
9548 16456 21:0 9551
9549 16801 1:0 10342
9549 19037 1:0 10363
9549 16915 1:0 10363
9549 16828 1:0 10363
9549 19039 1:0 10446
9555 19038 1:0 10454
9557 16851 1:0 10452
9558 16459 21:0 9582
9560 16858 1:0 10457
9585 16477 21:0 9617
9588 16855 1:0 10463
9588 19036 1:0 10464
9588 95 1:0 10466
9620 16486 21:0 9623
9630 16488 21:0 9633
9640 16491 21:0 9662
9668 16509 21:0 9673
9670 16947 1:0 10463
9670 16942 1:0 10463
9670 99 1:0 10466
9670 16890 1:0 10466
9670 19024 1:0 10466
9671 19005 1:0 10494
9671 19014 1:0 10494
9671 16908 1:0 10494
9671 16887 1:0 10494
9671 19006 1:0 10577
9679 16513 21:0 9682
9680 19004 1:0 10584
9680 16912 1:0 10588
9680 87 1:0 10588
9686 77 1:0 10594
9686 16933 1:0 10594
9686 19003 1:0 10595
9686 16944 1:0 10597
9686 81 1:0 10597
9686 18990 1:0 10597
9686 75 1:0 10597
9686 18991 1:0 10597
9689 16516 21:0 9713
9707 18973 1:0 10625
9707 18988 1:0 10625
9716 16534 21:0 9748
9719 79 1:0 10625
9719 18986 1:0 10625
9751 16543 21:0 9754
9761 16545 21:0 9764
9771 16548 21:0 9793
9799 16566 21:0 9804
9801 18971 1:0 10708
9802 16965 1:0 10714
9802 18972 1:0 10716
9802 16990 1:0 10719
9810 16570 21:0 9813
9811 61 1:0 10725
9811 16969 1:0 10725
9811 18970 1:0 10726
9811 18958 1:0 10728
9811 17004 1:0 10728
9811 63 1:0 10728
9811 16999 1:0 10728
9811 17001 1:0 10728
9811 16972 1:0 10735
9811 18940 1:0 10756
9814 59 1:0 10756
9814 49 1:0 10756
9819 18938 1:0 10839
9820 16573 21:0 9844
9845 18939 1:0 10847
9847 16591 21:0 9879
9850 17022 1:0 10845
9850 17056 1:0 10850
9882 16600 21:0 9885
9892 16602 21:0 9895
9902 16605 21:0 9924
9930 16623 21:0 9935
9932 18937 1:0 10857
9932 41 1:0 10859
9932 39 1:0 10859
9932 43 1:0 10859
9933 17026 1:0 10856
9933 18925 1:0 10859
9933 17047 1:0 10859
9933 17061 1:0 10859
9933 17029 1:0 10866
9933 18907 1:0 10887
9941 16627 21:0 9944
9942 17079 1:0 10887
9942 17058 1:0 10887
9942 18905 1:0 10970
9945 18906 1:0 10978
9948 17136 1:0 10981
9948 17113 1:0 10981
9951 16630 21:0 9975
9953 17104 1:0 10987
9953 17118 1:0 10987
9953 25 1:0 10987
9953 18904 1:0 10988
9968 17115 1:0 10987
9968 27 1:0 10990
9968 17175 1:0 11210
9969 17083 1:0 10987
9969 18892 1:0 10990
9978 16648 21:0 10010
10013 16657 21:0 10016
10023 16659 21:0 10026
10033 16662 21:0 10055
10061 16680 21:0 10066
10063 17086 1:0 10997
10063 23 1:0 11018
10063 18876 1:0 11018
10063 18874 1:0 11018
10064 18873 1:0 11101
10064 18872 1:0 11108
10072 16684 21:0 10075
10073 17140 1:0 11112
10073 18850 1:0 11112
10073 18871 1:0 11119
10073 18854 1:0 11121
10073 3 1:0 11124
10073 17161 1:0 11124
10076 11 1:0 11123
10079 9 1:0 11124
10079 18869 1:0 11124
10079 18857 1:0 11149
10079 336 1:0 11149
10081 17143 1:0 11128
10081 7 1:0 11137
10081 18859 1:0 11142
10081 17170 1:0 11149
10082 16687 21:0 10106
10084 18856 1:0 11158
10099 5 1:0 11195
10099 17172 1:0 11200
10099 18849 1:0 11203
10100 337 1:0 11230
10107 317 1:0 12582
10109 16705 21:0 10141
10112 321 1:0 12587
10144 16714 21:0 10147
10154 16716 21:0 10157
10164 16719 21:0 10186
10192 16737 21:0 10197
10194 319 1:0 12592
10203 16741 21:0 10206
10213 16744 21:0 10237
10240 16762 21:0 10272
10275 16771 21:0 10278
10285 16773 21:0 10288
10295 16776 21:0 10317
10323 16794 21:0 10328
10334 16798 21:0 10337
10344 16801 21:0 10368
10371 16819 21:0 10403
10406 16828 21:0 10409
10416 16830 21:0 10419
10426 16833 21:0 10448
10454 16851 21:0 10459
10465 16855 21:0 10468
10475 16858 21:0 10499
10502 16876 21:0 10534
10537 16885 21:0 10540
10547 16887 21:0 10550
10557 16890 21:0 10579
10585 16908 21:0 10590
10596 16912 21:0 10599
10606 16915 21:0 10630
10633 16933 21:0 10665
10668 16942 21:0 10671
10678 16944 21:0 10681
10688 16947 21:0 10710
10716 16965 21:0 10721
10727 16969 21:0 10730
10737 16972 21:0 10761
10764 16990 21:0 10796
10799 16999 21:0 10802
10809 17001 21:0 10812
10819 17004 21:0 10841
10847 17022 21:0 10852
10858 17026 21:0 10861
10868 17029 21:0 10892
10895 17047 21:0 10927
10930 17056 21:0 10933
10940 17058 21:0 10943
10950 17061 21:0 10972
10978 17079 21:0 10983
10989 17083 21:0 10992
10999 17086 21:0 11023
11026 17104 21:0 11058
11061 17113 21:0 11064
11071 17115 21:0 11074
11081 17118 21:0 11103
11109 17136 21:0 11114
11120 17140 21:0 11123
11130 17143 21:0 11154
11157 17161 21:0 11189
11192 17170 21:0 11195
11202 17172 21:0 11205
11228 336 21:0 11246
11245 20500 21:0 11278
11277 5 21:0 11278
11277 7 21:0 11278
11278 20505 21:0 11294
11293 20510 21:0 11294
11293 9 21:0 11294
11293 20508 21:0 11294
11293 337 21:0 11294
11293 3 21:0 11294
11293 17175 21:0 11294
11296 20522 21:0 11304
11303 20501 21:0 11304
11303 20509 21:0 11304
11304 20525 21:0 11370
11369 20524 21:0 11375
11374 20523 21:0 11380
11379 20543 21:0 11380
11379 25 21:0 11380
11380 20558 21:0 11446
11445 20557 21:0 11451
11450 20554 21:0 11451
11450 41 21:0 11453
11452 20576 21:0 11453
11453 20589 21:0 11474
11473 20588 21:0 11522
11521 20591 21:0 11527
11526 33 21:0 11532
11531 27 21:0 11532
11531 20609 21:0 11532
11531 63 21:0 11532
11531 59 21:0 11532
11531 61 21:0 11532
11531 20619 21:0 11532
11531 43 21:0 11532
11531 31 21:0 11532
11532 20624 21:0 11598
11597 20556 21:0 11603
11602 20639 21:0 11603
11602 77 21:0 11603
11602 20642 21:0 11603
11602 79 21:0 11603
11602 81 21:0 11603
11602 23 21:0 11603
11605 20655 21:0 11622
11621 20657 21:0 11674
11673 20621 21:0 11679
11678 20687 21:0 11698
11697 20688 21:0 11750
11749 20656 21:0 11755
11754 115 21:0 11755
11754 20633 21:0 11755
11754 20675 21:0 11757
11756 20708 21:0 11757
11757 20722 21:0 11778
11777 20723 21:0 11826
11825 20721 21:0 11831
11830 20689 21:0 11850
11849 20590 21:0 11902
11901 20756 21:0 11907
11906 20622 21:0 11926
11925 20755 21:0 11978
11977 20720 21:0 11983
11982 20654 21:0 11988
11987 20754 21:0 12054
12053 20555 21:0 12059
12058 20690 21:0 12064
12063 20820 21:0 12119
12118 20788 21:0 12135
12134 20819 21:0 12140
12139 20753 21:0 12195
12194 20822 21:0 12211
12210 20789 21:0 12216
12215 20821 21:0 12266
12265 20786 21:0 12282
12281 20623 21:0 12292
12291 20787 21:0 12342
12341 20885 21:0 12358
12357 20853 21:0 12365
12364 20854 21:0 12382
12368 20987 21:0 12368
12381 20887 21:0 12434
12433 20855 21:0 12439
12436 21017 21:0 12436
12438 20886 21:0 12458
12441 21018 21:0 12441
12441 21019 21:0 12441
12444 21020 21:0 12444
12457 20852 21:0 12510
12509 20888 21:0 12515
12512 21050 21:0 12512
12514 20918 21:0 12520
12517 21051 21:0 12517
12517 21052 21:0 12517
12519 20920 21:0 12586
12520 21053 21:0 12520
12585 20919 21:0 12591
12588 21083 21:0 12588
12590 20921 21:0 12596
12595 329 1:0 12607
12595 20917 21:0 12611
12610 21038 21:0 12611
12610 185 21:0 12611
12610 20840 21:0 12611
12610 203 21:0 12611
12610 275 21:0 12611
12610 20774 21:0 12616
12615 20873 21:0 12616
12616 21096 21:0 12626
12625 16151 1:0 12627
12625 20952 21:0 12652
12650 16167 1:0 12653
12651 20951 21:0 12660
12658 16171 1:0 12664
12658 16174 1:0 12674
12658 16192 1:0 12701
12658 16201 1:0 12736
12658 16203 1:0 12746
12658 16206 1:0 12756
12658 16224 1:0 12784
12658 16228 1:0 12795
12658 16231 1:0 12805
12658 16249 1:0 12832
12658 21038 1:0 12835
12658 16258 1:0 12867
12658 16260 1:0 12877
12658 16263 1:0 12887
12659 20984 21:0 12663
12661 16281 1:0 12915
12661 16285 1:0 12926
12661 16288 1:0 12936
12662 20953 21:0 12672
12664 16306 1:0 12938
12664 16320 1:0 12950
12666 21083 1:0 12666
12671 20954 21:0 12700
12699 20986 21:0 12780
12779 21053 1:0 12779
12779 20985 21:0 12783
12782 16206 21:0 12783
12782 16201 21:0 12783
12782 16203 21:0 12783
12782 16192 21:0 12783
12782 20972 21:0 12783
12782 20906 21:0 12783
12782 20741 21:0 12783
12782 20939 21:0 12786
12785 20807 21:0 12786
12786 21051 1:0 12786
12786 16224 21:0 12791
12787 21052 1:0 12787
12790 16174 21:0 12791
12790 16171 21:0 12791
12790 16167 21:0 12794
12793 20804 21:0 12794
12793 321 21:0 12797
12796 21005 21:0 12797
12797 21050 1:0 12797
12797 16228 21:0 12800
12799 319 21:0 12800
12799 317 21:0 12803
12802 329 21:0 12803
12802 16151 21:0 12803
12802 187 21:0 12803
12802 97 21:0 12803
12802 277 21:0 12803
12804 277 1:0 12938
12804 275 1:0 12938
12804 16315 1:0 12950
12804 21005 1:0 12950
12804 16317 1:0 12957
12804 20985 1:0 13040
12804 16338 1:0 13046
12804 20986 1:0 13048
12804 16342 1:0 13057
12804 20984 1:0 13058
12804 16345 1:0 13067
12804 20972 1:0 13081
12804 16372 1:0 13081
12804 16374 1:0 13088
12804 20954 1:0 13088
12804 16363 1:0 13088
12804 16377 1:0 13088
12804 20953 1:0 13171
12804 16395 1:0 13177
12804 20952 1:0 13178
12804 16399 1:0 13188
12804 20951 1:0 13189
12804 16402 1:0 13198
12804 16420 1:0 13200
12804 16434 1:0 13200
12804 16429 1:0 13212
12804 20939 1:0 13212
12804 20921 1:0 13219
12804 16431 1:0 13219
12804 20919 1:0 13302
12804 16452 1:0 13308
12804 20920 1:0 13310
12804 20917 1:0 13313
12804 16456 1:0 13319
12804 20918 1:0 13320
12804 16459 1:0 13329
12804 16486 1:0 13343
12804 20906 1:0 13343
12804 20888 1:0 13350
12804 16491 1:0 13350
12804 16477 1:0 13350
12804 16488 1:0 13350
12804 20886 1:0 13433
12807 16231 21:0 12831
12809 20887 1:0 13441
12824 16509 1:0 13439
12834 16249 21:0 12866
12837 20885 1:0 13451
12869 16258 21:0 12872
12879 16260 21:0 12882
12889 16263 21:0 12911
12910 21020 1:0 12910
12917 21018 1:0 12917
12917 16281 21:0 12922
12918 21019 1:0 12918
12919 16513 1:0 13450
12920 16516 1:0 13460
12920 20873 1:0 13463
12920 16534 1:0 13463
12920 203 1:0 13463
12920 16545 1:0 13474
12920 16548 1:0 13474
12920 16543 1:0 13481
12920 20855 1:0 13481
12920 20854 1:0 13564
12928 21017 1:0 12928
12928 16285 21:0 12931
12929 16566 1:0 13570
12929 20853 1:0 13571
12932 20852 1:0 13582
12935 16570 1:0 13581
12938 16288 21:0 12962
12940 185 1:0 13593
12940 16605 1:0 13593
12940 16591 1:0 13605
12940 20821 1:0 13612
12955 16573 1:0 13591
12955 187 1:0 13593
12956 20840 1:0 13605
12956 16602 1:0 13605
12956 16600 1:0 13612
12965 16306 21:0 12997
13000 16315 21:0 13003
13010 16317 21:0 13013
13020 16320 21:0 13042
13041 20987 1:0 13041
13048 16338 21:0 13053
13050 20822 1:0 13695
13051 16623 1:0 13701
13051 20820 1:0 13702
13051 16627 1:0 13712
13051 20819 1:0 13713
13051 16657 1:0 13715
13051 16648 1:0 13715
13059 16342 21:0 13062
13060 16662 1:0 13715
13060 20807 1:0 13715
13060 16630 1:0 13722
13060 20787 1:0 13743
13060 20804 1:0 13743
13060 16659 1:0 13743
13066 20789 1:0 13826
13069 16345 21:0 13093
13086 20788 1:0 13834
13087 16680 1:0 13832
13096 16363 21:0 13128
13131 16372 21:0 13134
13141 16374 21:0 13144
13151 16377 21:0 13173
13179 16395 21:0 13184
13181 16684 1:0 13843
13181 20786 1:0 13844
13182 16687 1:0 13853
13182 20774 1:0 13856
13182 16719 1:0 13867
13182 16705 1:0 13867
13182 16716 1:0 13867
13182 20754 1:0 13874
13182 16714 1:0 13874
13190 16399 21:0 13193
13191 20756 1:0 13957
13191 16737 1:0 13963
13191 20755 1:0 13965
13197 16741 1:0 13974
13197 20753 1:0 13975
13200 16402 21:0 13224
13217 16776 1:0 13998
13217 16762 1:0 13998
13217 20721 1:0 14005
13218 16744 1:0 13984
13218 16773 1:0 13998
13218 20741 1:0 13998
13218 16771 1:0 14005
13227 16420 21:0 13259
13262 16429 21:0 13265
13272 16431 21:0 13275
13282 16434 21:0 13304
13310 16452 21:0 13315
13312 20723 1:0 14088
13313 16794 1:0 14094
13313 20722 1:0 14096
13313 20720 1:0 14106
13321 16456 21:0 13324
13322 16798 1:0 14105
13322 16801 1:0 14115
13322 16828 1:0 14116
13322 16833 1:0 14116
13322 16830 1:0 14124
13322 20708 1:0 14129
13322 16819 1:0 14129
13322 20690 1:0 14136
13322 115 1:0 14136
13328 20689 1:0 14219
13331 16459 21:0 13355
13333 20688 1:0 14226
13348 16851 1:0 14225
13358 16477 21:0 13390
13393 16486 21:0 13396
13403 16488 21:0 13406
13413 16491 21:0 13435
13441 16509 21:0 13446
13443 16855 1:0 14236
13443 20687 1:0 14237
13444 16858 1:0 14246
13444 16933 1:0 14247
13444 97 1:0 14247
13444 16887 1:0 14255
13444 16890 1:0 14255
13444 16885 1:0 14264
13444 16876 1:0 14267
13444 20675 1:0 14267
13444 20656 1:0 14267
13452 16513 21:0 13455
13453 20657 1:0 14350
13453 16908 1:0 14356
13453 20655 1:0 14357
13453 16912 1:0 14361
13459 77 1:0 14367
13459 16942 1:0 14367
13459 79 1:0 14367
13459 16947 1:0 14367
13459 20654 1:0 14368
13459 81 1:0 14370
13459 16915 1:0 14370
13459 20642 1:0 14370
13462 16516 21:0 13486
13480 20623 1:0 14398
13487 20639 1:0 14398
13489 16534 21:0 13521
13492 20633 1:0 14398
13492 16944 1:0 14398
13524 16543 21:0 13527
13534 16545 21:0 13537
13544 16548 21:0 13566
13572 16566 21:0 13577
13574 20624 1:0 14481
13575 16965 1:0 14487
13575 20622 1:0 14488
13575 16972 1:0 14492
13583 16570 21:0 13586
13584 16969 1:0 14498
13584 20621 1:0 14499
13584 59 1:0 14510
13584 17001 1:0 14510
13584 17004 1:0 14522
13584 20590 1:0 14529
13584 16990 1:0 14529
13587 63 1:0 14510
13587 17175 1:0 14983
13590 20619 1:0 14509
13590 61 1:0 14522
13590 20609 1:0 14522
13590 16999 1:0 14529
13593 16573 21:0 13617
13595 20591 1:0 14612
13620 16591 21:0 13652
13623 20589 1:0 14619
13623 17026 1:0 14623
13655 16600 21:0 13658
13665 16602 21:0 13668
13675 16605 21:0 13697
13703 16623 21:0 13708
13705 17022 1:0 14618
13706 43 1:0 14629
13706 17056 1:0 14629
13706 17047 1:0 14629
13706 20588 1:0 14630
13706 17029 1:0 14632
13706 20576 1:0 14632
13706 17061 1:0 14632
13706 17058 1:0 14632
13706 20556 1:0 14660
13714 16627 21:0 13717
13715 31 1:0 14660
13715 17079 1:0 14660
13715 41 1:0 14660
13715 20558 1:0 14743
13721 20557 1:0 14751
13721 33 1:0 14754
13721 20554 1:0 14754
13724 16630 21:0 13748
13742 17083 1:0 14760
13742 20555 1:0 14761
13751 16648 21:0 13783
13786 16657 21:0 13789
13796 16659 21:0 13799
13806 16662 21:0 13828
13834 16680 21:0 13839
13836 17086 1:0 14770
13836 20543 1:0 14773
13836 17104 1:0 14773
13836 23 1:0 14773
13836 27 1:0 14773
13836 17118 1:0 14773
13836 17115 1:0 14773
13836 25 1:0 14784
13836 17113 1:0 14791
13836 20523 1:0 14791
13837 20525 1:0 14874
13845 16684 21:0 13848
13846 17136 1:0 14880
13846 20524 1:0 14882
13846 17140 1:0 14891
13846 20522 1:0 14892
13846 17161 1:0 14897
13846 9 1:0 14897
13849 20509 1:0 14897
13849 3 1:0 14897
13852 20500 1:0 14897
13852 17143 1:0 14901
13852 20501 1:0 14922
13854 7 1:0 14915
13854 20510 1:0 14915
13854 20508 1:0 14922
13854 17170 1:0 14922
13855 16687 21:0 13879
13857 20505 1:0 14931
13872 5 1:0 14968
13872 17172 1:0 14973
13872 337 1:0 14976
13873 338 1:0 15003
13880 317 1:0 16355
13882 16705 21:0 13914
13885 321 1:0 16360
13917 16714 21:0 13920
13927 16716 21:0 13930
13937 16719 21:0 13959
13965 16737 21:0 13970
13967 319 1:0 16365
13976 16741 21:0 13979
13986 16744 21:0 14010
14013 16762 21:0 14045
14048 16771 21:0 14051
14058 16773 21:0 14061
14068 16776 21:0 14090
14096 16794 21:0 14101
14107 16798 21:0 14110
14117 16801 21:0 14141
14144 16819 21:0 14176
14179 16828 21:0 14182
14189 16830 21:0 14192
14199 16833 21:0 14221
14227 16851 21:0 14232
14238 16855 21:0 14241
14248 16858 21:0 14272
14275 16876 21:0 14307
14310 16885 21:0 14313
14320 16887 21:0 14323
14330 16890 21:0 14352
14358 16908 21:0 14363
14369 16912 21:0 14372
14379 16915 21:0 14403
14406 16933 21:0 14438
14441 16942 21:0 14444
14451 16944 21:0 14454
14461 16947 21:0 14483
14489 16965 21:0 14494
14500 16969 21:0 14503
14510 16972 21:0 14534
14537 16990 21:0 14569
14572 16999 21:0 14575
14582 17001 21:0 14585
14592 17004 21:0 14614
14620 17022 21:0 14625
14631 17026 21:0 14634
14641 17029 21:0 14665
14668 17047 21:0 14700
14703 17056 21:0 14706
14713 17058 21:0 14716
14723 17061 21:0 14745
14751 17079 21:0 14756
14762 17083 21:0 14765
14772 17086 21:0 14796
14799 17104 21:0 14831
14834 17113 21:0 14837
14844 17115 21:0 14847
14854 17118 21:0 14876
14882 17136 21:0 14887
14893 17140 21:0 14896
14903 17143 21:0 14927
14930 17161 21:0 14962
14965 17170 21:0 14968
14975 17172 21:0 14978
15001 337 21:0 15019
15018 22151 21:0 15051
15050 7 21:0 15051
15050 5 21:0 15051
15051 22158 21:0 15067
15066 3 21:0 15067
15066 17175 21:0 15067
15066 22161 21:0 15067
15066 22152 21:0 15067
15066 338 21:0 15067
15066 9 21:0 15067
15067 11 21:0 15072
15071 22156 21:0 15072
15071 22159 21:0 15072
15074 22175 21:0 15095
15094 22176 21:0 15143
15142 22172 21:0 15143
15142 25 21:0 15143
15142 23 21:0 15145
15144 22194 21:0 15145
15145 22206 21:0 15153
15152 22208 21:0 15203
15202 22173 21:0 15219
15218 31 21:0 15224
15223 22205 21:0 15224
15223 22218 21:0 15224
15223 45 21:0 15226
15225 22227 21:0 15226
15226 22241 21:0 15247
15246 22240 21:0 15295
15294 22239 21:0 15300
15299 22231 21:0 15305
15304 61 21:0 15305
15304 22226 21:0 15305
15304 57 21:0 15305
15304 22260 21:0 15305
15304 59 21:0 15305
15304 43 21:0 15305
15304 63 21:0 15305
15304 22244 21:0 15305
15305 22275 21:0 15371
15370 13 21:0 15371
15370 41 21:0 15371
15370 77 21:0 15371
15370 22293 21:0 15371
15370 22288 21:0 15371
15370 79 21:0 15371
15373 22305 21:0 15381
15380 22251 21:0 15381
15380 21 21:0 15381
15380 83 21:0 15381
15380 75 21:0 15381
15381 22308 21:0 15447
15446 22207 21:0 15452
15451 22338 21:0 15457
15456 22209 21:0 15523
15522 22307 21:0 15528
15527 22339 21:0 15533
15532 22340 21:0 15599
15598 22372 21:0 15604
15603 22272 21:0 15609
15608 22374 21:0 15664
15663 22371 21:0 15680
15679 22273 21:0 15685
15684 22274 21:0 15735
15734 22405 21:0 15753
15752 22242 21:0 15761
15760 22407 21:0 15811
15810 22174 21:0 15827
15826 22437 21:0 15832
15831 22341 21:0 15851
15850 22404 21:0 15903
15902 22440 21:0 15908
15907 22438 21:0 15927
15926 22470 21:0 15979
15978 22306 21:0 15984
15983 22406 21:0 15991
15990 22373 21:0 16055
16054 22472 21:0 16060
16059 22439 21:0 16065
16064 22471 21:0 16131
16130 22473 21:0 16136
16135 22505 21:0 16141
16138 22637 21:0 16138
16140 22503 21:0 16196
16195 22536 21:0 16212
16211 22504 21:0 16217
16216 22506 21:0 16267
16217 22671 21:0 16217
16266 22537 21:0 16283
16282 22538 21:0 16293
16285 22701 21:0 16285
16290 22703 21:0 16290
16292 22539 21:0 16343
16293 22704 21:0 16293
16342 22569 21:0 16359
16358 22571 21:0 16369
16361 22734 21:0 16361
16368 329 1:0 16380
16368 22570 21:0 16399
16398 16151 1:0 16400
16398 22747 21:0 16422
16421 22572 21:0 16425
16423 16167 1:0 16426
16424 22605 21:0 16433
16431 16171 1:0 16437
16431 16174 1:0 16447
16431 16192 1:0 16474
16431 16201 1:0 16509
16431 16203 1:0 16519
16431 16206 1:0 16529
16431 16224 1:0 16557
16431 16228 1:0 16568
16431 16231 1:0 16578
16431 16249 1:0 16605
16431 16258 1:0 16640
16431 16260 1:0 16650
16431 16263 1:0 16660
16431 16281 1:0 16688
16432 22604 21:0 16442
16434 16285 1:0 16699
16434 16288 1:0 16709
16434 16306 1:0 16736
16434 16315 1:0 16771
16434 16317 1:0 16781
16434 16320 1:0 16791
16439 22734 1:0 16439
16440 16338 1:0 16819
16440 16342 1:0 16830
16441 22602 21:0 16445
16444 22603 21:0 16514
16513 29 21:0 16524
16515 16345 1:0 16840
16515 16377 1:0 16842
16515 16363 1:0 16842
16515 16372 1:0 16854
16515 16374 1:0 16861
16515 22603 1:0 16861
16515 22605 1:0 16944
16515 16395 1:0 16950
16515 22604 1:0 16952
16515 16399 1:0 16961
16515 22602 1:0 16962
16515 16402 1:0 16971
16515 16420 1:0 16985
16515 16434 1:0 16985
16515 16431 1:0 16985
16515 22572 1:0 16992
16515 16429 1:0 16992
16520 22570 1:0 17075
16523 16174 21:0 16553
16549 16452 1:0 17081
16549 22571 1:0 17083
16552 22704 1:0 16552
16552 16171 21:0 16553
16552 16167 21:0 16553
16552 319 21:0 16556
16555 317 21:0 16556
16555 16192 21:0 16556
16555 16151 21:0 16556
16555 16201 21:0 16556
16555 16203 21:0 16556
16555 321 21:0 16556
16555 16206 21:0 16556
16555 329 21:0 16559
16559 16224 21:0 16564
16560 22703 1:0 16560
16561 22569 1:0 17093
16562 16456 1:0 17092
16562 16459 1:0 17102
16562 16491 1:0 17104
16562 16477 1:0 17116
16562 16488 1:0 17116
16562 16486 1:0 17123
16562 22539 1:0 17123
16570 22701 1:0 16570
16570 16228 21:0 16573
16571 22538 1:0 17206
16571 22537 1:0 17213
16574 16509 1:0 17212
16579 22536 1:0 17224
16580 16231 21:0 16604
16582 16513 1:0 17223
16607 16249 21:0 16639
16610 16534 1:0 17236
16610 16548 1:0 17247
16610 22506 1:0 17254
16642 16258 21:0 16645
16652 16260 21:0 16655
16662 16263 21:0 16684
16683 22671 1:0 16683
16690 16281 21:0 16695
16692 16516 1:0 17233
16692 16543 1:0 17247
16692 16545 1:0 17254
16693 22504 1:0 17337
16693 16566 1:0 17343
16693 22505 1:0 17345
16701 16285 21:0 16704
16702 16570 1:0 17354
16702 22503 1:0 17355
16702 22473 1:0 17385
16705 16573 1:0 17364
16705 16602 1:0 17378
16705 16605 1:0 17378
16705 16591 1:0 17378
16705 16600 1:0 17385
16710 22471 1:0 17468
16711 16288 21:0 16735
16729 22472 1:0 17476
16738 16306 21:0 16770
16741 16623 1:0 17474
16773 16315 21:0 16776
16783 16317 21:0 16786
16793 16320 21:0 16815
16821 16338 21:0 16826
16822 22637 1:0 16822
16823 22470 1:0 17486
16824 16627 1:0 17485
16824 16630 1:0 17495
16824 16657 1:0 17509
16824 16648 1:0 17509
16824 16659 1:0 17516
16824 16662 1:0 17516
16824 22439 1:0 17516
16832 16342 21:0 16835
16833 22440 1:0 17599
16833 16680 1:0 17605
16833 22438 1:0 17606
16839 22437 1:0 17617
16841 16684 1:0 17616
16842 16345 21:0 16866
16860 22406 1:0 17647
16867 16705 1:0 17640
16869 16363 21:0 16901
16872 16687 1:0 17626
16872 16714 1:0 17640
16872 16719 1:0 17647
16872 16716 1:0 17647
16904 16372 21:0 16907
16914 16374 21:0 16917
16924 16377 21:0 16946
16952 16395 21:0 16957
16954 22407 1:0 17730
16955 16737 1:0 17736
16955 22405 1:0 17737
16963 16399 21:0 16966
16964 16741 1:0 17747
16964 22404 1:0 17748
16964 16744 1:0 17757
16964 22373 1:0 17778
16964 16762 1:0 17778
16967 16771 1:0 17771
16967 16776 1:0 17778
16967 16773 1:0 17778
16972 22374 1:0 17861
16973 16402 21:0 16997
16991 22372 1:0 17868
17000 16420 21:0 17032
17003 16794 1:0 17867
17003 16855 1:0 17872
17035 16429 21:0 17038
17045 16431 21:0 17048
17055 16434 21:0 17077
17083 16452 21:0 17088
17085 22371 1:0 17879
17085 16830 1:0 17881
17085 23 1:0 17881
17086 16798 1:0 17878
17086 16819 1:0 17881
17086 41 1:0 17881
17086 16833 1:0 17881
17086 16885 1:0 17881
17086 22341 1:0 17909
17086 16851 1:0 17909
17094 16456 21:0 17097
17095 16801 1:0 17888
17095 16828 1:0 17909
17095 22340 1:0 17992
17098 22339 1:0 17999
17101 16908 1:0 18003
17101 17029 1:0 18003
17104 16459 21:0 17128
17121 22338 1:0 18010
17121 16933 1:0 18012
17122 16876 1:0 18012
17122 17001 1:0 18012
17122 16890 1:0 18012
17122 16858 1:0 18012
17122 16942 1:0 18012
17131 16477 21:0 17163
17166 16486 21:0 17169
17176 16488 21:0 17179
17186 16491 21:0 17208
17214 16509 21:0 17219
17216 16887 1:0 18040
17216 16972 1:0 18040
17216 22306 1:0 18040
17216 16915 1:0 18040
17217 22308 1:0 18123
17225 16513 21:0 17228
17226 22307 1:0 18131
17226 16912 1:0 18134
17226 17086 1:0 18134
17226 22305 1:0 18141
17226 57 1:0 18143
17226 75 1:0 18143
17229 16944 1:0 18140
17229 22293 1:0 18143
17229 16947 1:0 18143
17229 77 1:0 18143
17229 83 1:0 18143
17234 22274 1:0 18171
17235 16516 21:0 17259
17237 17022 1:0 18171
17252 79 1:0 18171
17252 22288 1:0 18171
17262 16534 21:0 17294
17297 16543 21:0 17300
17307 16545 21:0 17310
17317 16548 21:0 17339
17345 16566 21:0 17350
17347 22275 1:0 18254
17348 16965 1:0 18260
17348 22273 1:0 18261
17348 17026 1:0 18265
17348 22272 1:0 18272
17356 16570 21:0 17359
17357 16969 1:0 18271
17357 17004 1:0 18274
17357 22260 1:0 18274
17357 16999 1:0 18274
17357 59 1:0 18274
17357 63 1:0 18274
17357 16990 1:0 18274
17357 22242 1:0 18302
17357 22244 1:0 18302
17357 22251 1:0 18302
17357 61 1:0 18302
17363 22240 1:0 18385
17366 16573 21:0 17390
17384 22241 1:0 18393
17384 17079 1:0 18396
17393 16591 21:0 17425
17396 22226 1:0 18396
17428 16600 21:0 17431
17438 16602 21:0 17441
17448 16605 21:0 17470
17476 16623 21:0 17481
17478 22239 1:0 18403
17478 43 1:0 18405
17478 45 1:0 18405
17478 22218 1:0 18405
17479 17061 1:0 18402
17479 17056 1:0 18402
17479 17047 1:0 18405
17479 22227 1:0 18405
17479 22231 1:0 18418
17479 17058 1:0 18433
17479 31 1:0 18433
17479 22209 1:0 18433
17487 16627 21:0 17490
17488 22207 1:0 18516
17488 22208 1:0 18524
17491 17083 1:0 18527
17494 22205 1:0 18527
17497 16630 21:0 17521
17499 22206 1:0 18534
17499 17115 1:0 18536
17499 17118 1:0 18536
17499 21 1:0 18536
17514 17113 1:0 18536
17515 29 1:0 18536
17515 17104 1:0 18536
17515 22194 1:0 18536
17524 16648 21:0 17556
17559 16657 21:0 17562
17569 16659 21:0 17572
17579 16662 21:0 17601
17607 16680 21:0 17612
17609 22174 1:0 18564
17609 13 1:0 18564
17609 17136 1:0 18564
17609 25 1:0 18564
17610 22176 1:0 18647
17610 22175 1:0 18655
17618 16684 21:0 17621
17619 17140 1:0 18658
17619 22172 1:0 18658
17619 22173 1:0 18665
17619 22156 1:0 18667
17619 11 1:0 18669
17619 17161 1:0 18670
17622 9 1:0 18670
17622 5 1:0 18670
17622 17175 1:0 18756
17625 22151 1:0 18670
17625 17143 1:0 18674
17625 22159 1:0 18695
17627 17170 1:0 18683
17627 22161 1:0 18688
17627 22152 1:0 18695
17627 7 1:0 18695
17628 16687 21:0 17652
17630 22158 1:0 18704
17645 17172 1:0 18746
17645 338 1:0 18749
17645 3 1:0 18749
17646 339 1:0 18776
17653 317 1:0 20128
17655 16705 21:0 17687
17658 321 1:0 20133
17690 16714 21:0 17693
17700 16716 21:0 17703
17710 16719 21:0 17732
17738 16737 21:0 17743
17749 16741 21:0 17752
17759 16744 21:0 17783
17786 16762 21:0 17818
17821 16771 21:0 17824
17831 16773 21:0 17834
17841 16776 21:0 17863
17869 16794 21:0 17874
17880 16798 21:0 17883
17890 16801 21:0 17914
17917 16819 21:0 17949
17952 16828 21:0 17955
17962 16830 21:0 17965
17972 16833 21:0 17994
18000 16851 21:0 18005
18011 16855 21:0 18014
18021 16858 21:0 18045
18048 16876 21:0 18080
18083 16885 21:0 18086
18093 16887 21:0 18096
18103 16890 21:0 18125
18131 16908 21:0 18136
18142 16912 21:0 18145
18152 16915 21:0 18176
18179 16933 21:0 18211
18214 16942 21:0 18217
18224 16944 21:0 18227
18234 16947 21:0 18256
18262 16965 21:0 18267
18273 16969 21:0 18276
18283 16972 21:0 18307
18310 16990 21:0 18342
18345 16999 21:0 18348
18355 17001 21:0 18358
18365 17004 21:0 18387
18393 17022 21:0 18398
18404 17026 21:0 18407
18414 17029 21:0 18438
18441 17047 21:0 18473
18476 17056 21:0 18479
18486 17058 21:0 18489
18496 17061 21:0 18518
18524 17079 21:0 18529
18535 17083 21:0 18538
18545 17086 21:0 18569
18572 17104 21:0 18604
18607 17113 21:0 18610
18617 17115 21:0 18620
18627 17118 21:0 18649
18655 17136 21:0 18660
18666 17140 21:0 18669
18676 17143 21:0 18700
18703 17161 21:0 18735
18738 17170 21:0 18741
18748 17172 21:0 18751
18774 338 21:0 18792
18791 23802 21:0 18824
18823 7 21:0 18824
18823 5 21:0 18824
18823 3 21:0 18829
18828 23812 21:0 18829
18828 17175 21:0 18829
18829 23811 21:0 18840
18839 23807 21:0 18840
18839 339 21:0 18840
18842 23824 21:0 18850
18849 23826 21:0 18900
18899 23825 21:0 18916
18915 23 21:0 18916
18915 25 21:0 18916
18915 23845 21:0 18916
18918 23857 21:0 18926
18925 23858 21:0 18976
18975 23859 21:0 18992
18991 23875 21:0 18997
18996 23868 21:0 18997
18996 23840 21:0 18997
18996 21 21:0 18999
18998 23878 21:0 18999
18999 23891 21:0 19020
19019 23892 21:0 19068
19067 23860 21:0 19073
19072 41 21:0 19073
19072 43 21:0 19073
19072 61 21:0 19073
19072 23911 21:0 19073
19072 9 21:0 19073
19072 59 21:0 19075
19075 23924 21:0 19092
19091 23926 21:0 19144
19143 23827 21:0 19149
19148 79 21:0 19149
19148 81 21:0 19149
19148 77 21:0 19149
19148 57 21:0 19149
19148 75 21:0 19151
19150 23944 21:0 19151
19151 23957 21:0 19168
19167 23956 21:0 19220
19219 23923 21:0 19225
19224 23939 21:0 19230
19229 23977 21:0 19230
19229 95 21:0 19230
19229 93 21:0 19230
19229 23908 21:0 19230
19229 23975 21:0 19230
19229 97 21:0 19230
19229 63 21:0 19230
19229 45 21:0 19230
19230 23992 21:0 19296
19295 23893 21:0 19301
19300 24022 21:0 19306
19305 23990 21:0 19372
19371 24023 21:0 19377
19376 24024 21:0 19382
19381 23989 21:0 19448
19447 23958 21:0 19453
19452 24057 21:0 19458
19457 24025 21:0 19513
19512 23959 21:0 19529
19528 24058 21:0 19534
19533 23925 21:0 19584
19583 23890 21:0 19600
19599 24090 21:0 19610
19609 24088 21:0 19660
19659 23991 21:0 19676
19675 24124 21:0 19686
19685 24122 21:0 19704
19703 24121 21:0 19752
19751 24089 21:0 19757
19756 24123 21:0 19776
19775 24091 21:0 19828
19827 24055 21:0 19833
19832 24056 21:0 19852
19851 24154 21:0 19904
19903 24156 21:0 19909
19908 24155 21:0 19914
19913 24190 21:0 19980
19979 24157 21:0 19985
19982 24319 21:0 19982
19984 24188 21:0 19990
19987 24321 21:0 19987
19987 24320 21:0 19987
19989 24187 21:0 20045
19990 24322 21:0 19990
20044 24189 21:0 20061
20058 24352 21:0 20058
20060 24220 21:0 20066
20063 24353 21:0 20063
20063 24354 21:0 20063
20065 24223 21:0 20116
20066 24355 21:0 20066
20115 24221 21:0 20137
20134 24385 21:0 20134
20136 319 1:0 20138
20136 24222 21:0 20142
20141 329 1:0 20153
20141 24256 21:0 20195
20171 16151 1:0 20173
20194 24253 21:0 20198
20196 16167 1:0 20199
20197 24255 21:0 20206
20204 16171 1:0 20210
20204 16174 1:0 20220
20204 16192 1:0 20247
20204 16201 1:0 20282
20204 16203 1:0 20292
20204 16206 1:0 20302
20204 16224 1:0 20330
20204 16228 1:0 20341
20204 16231 1:0 20351
20204 16249 1:0 20378
20204 16258 1:0 20413
20204 16260 1:0 20423
20204 16263 1:0 20433
20204 16281 1:0 20461
20205 24254 21:0 20215
20207 16285 1:0 20472
20212 24385 1:0 20212
20214 24398 21:0 20215
20214 24287 21:0 20218
20217 24286 21:0 20297
20296 24289 21:0 20326
20325 24355 1:0 20325
20325 24288 21:0 20337
20332 24353 1:0 20332
20333 24354 1:0 20333
20336 23869 21:0 20337
20336 23843 21:0 20337
20336 23835 21:0 20340
20338 16288 1:0 20482
20338 16320 1:0 20496
20338 16306 1:0 20496
20338 16317 1:0 20496
20338 24288 1:0 20503
20338 16315 1:0 20503
20338 24289 1:0 20586
20338 16338 1:0 20592
20338 24287 1:0 20593
20338 16342 1:0 20603
20338 24286 1:0 20604
20338 16345 1:0 20613
20338 16377 1:0 20616
20338 16374 1:0 20627
20338 24254 1:0 20634
20338 16372 1:0 20634
20338 16363 1:0 20634
20338 24256 1:0 20717
20338 16395 1:0 20723
20338 24255 1:0 20725
20338 16399 1:0 20734
20338 24253 1:0 20735
20338 16402 1:0 20744
20338 16420 1:0 20746
20338 16431 1:0 20758
20338 16434 1:0 20758
20338 16429 1:0 20765
20338 24222 1:0 20765
20338 24223 1:0 20848
20339 23862 21:0 20340
20339 23856 21:0 20340
20339 16224 21:0 20346
20341 16452 1:0 20854
20341 24221 1:0 20855
20343 24352 1:0 20343
20344 16456 1:0 20865
20344 24220 1:0 20866
20345 16228 21:0 20346
20345 16174 21:0 20346
20345 16171 21:0 20349
20347 16459 1:0 20875
20347 16491 1:0 20878
20347 16486 1:0 20889
20347 16477 1:0 20889
20347 24189 1:0 20896
20347 16488 1:0 20896
20348 16167 21:0 20349
20348 16151 21:0 20349
20348 319 21:0 20349
20348 16203 21:0 20349
20348 16201 21:0 20349
20350 24190 1:0 20979
20353 16231 21:0 20377
20355 24188 1:0 20986
20370 16509 1:0 20985
20376 321 21:0 20412
20383 16513 1:0 20996
20383 24187 1:0 20997
20411 317 21:0 20428
20427 16260 21:0 20428
20427 16249 21:0 20431
20430 16258 21:0 20431
20430 16192 21:0 20431
20430 16206 21:0 20431
20430 329 21:0 20431
20435 16263 21:0 20457
20456 24322 1:0 20456
20463 24320 1:0 20463
20463 16281 21:0 20468
20464 24321 1:0 20464
20465 16516 1:0 21006
20465 16534 1:0 21009
20465 16548 1:0 21020
20465 16543 1:0 21020
20465 24157 1:0 21027
20465 16545 1:0 21027
20466 24155 1:0 21110
20474 24319 1:0 20474
20474 16285 21:0 20477
20475 16566 1:0 21116
20475 24156 1:0 21118
20475 16570 1:0 21127
20475 24154 1:0 21128
20481 16573 1:0 21137
20481 16591 1:0 21151
20481 24123 1:0 21158
20481 16605 1:0 21158
20483 16600 1:0 21151
20483 16602 1:0 21158
20484 16288 21:0 20508
20502 24124 1:0 21241
20511 16306 21:0 20543
20546 16315 21:0 20549
20556 16317 21:0 20559
20566 16320 21:0 20588
20594 16338 21:0 20599
20596 16623 1:0 21247
20596 24122 1:0 21248
20597 16627 1:0 21258
20597 24121 1:0 21259
20605 16342 21:0 20608
20606 16630 1:0 21268
20606 16657 1:0 21282
20606 16662 1:0 21289
20606 24091 1:0 21289
20606 16648 1:0 21289
20606 16659 1:0 21289
20606 24089 1:0 21372
20612 16680 1:0 21378
20612 24090 1:0 21380
20615 16345 21:0 20639
20633 16684 1:0 21389
20633 24088 1:0 21390
20642 16363 21:0 20674
20677 16372 21:0 20680
20687 16374 21:0 20690
20697 16377 21:0 20719
20725 16395 21:0 20730
20727 16687 1:0 21399
20727 16719 1:0 21401
20727 16714 1:0 21413
20727 16705 1:0 21413
20727 16716 1:0 21420
20727 24056 1:0 21420
20728 24058 1:0 21503
20736 16399 21:0 20739
20737 16737 1:0 21509
20737 24057 1:0 21511
20737 16741 1:0 21520
20737 24055 1:0 21521
20743 16744 1:0 21530
20743 16776 1:0 21544
20743 16762 1:0 21544
20743 16771 1:0 21544
20743 24025 1:0 21551
20743 16773 1:0 21551
20746 16402 21:0 20770
20764 24024 1:0 21634
20773 16420 21:0 20805
20808 16429 21:0 20811
20818 16431 21:0 20821
20828 16434 21:0 20850
20856 16452 21:0 20861
20858 16794 1:0 21640
20858 24023 1:0 21641
20858 16819 1:0 21645
20858 16933 1:0 21645
20859 16798 1:0 21651
20859 24022 1:0 21652
20859 16833 1:0 21654
20859 63 1:0 21654
20859 16828 1:0 21654
20859 93 1:0 21654
20859 16885 1:0 21654
20867 16456 21:0 20870
20868 16801 1:0 21661
20868 23991 1:0 21682
20868 17083 1:0 21682
20868 16830 1:0 21682
20868 23992 1:0 21765
20874 23990 1:0 21772
20876 16858 1:0 21776
20877 16459 21:0 20901
20879 16851 1:0 21771
20904 16477 21:0 20936
20907 16855 1:0 21782
20907 23989 1:0 21783
20939 16486 21:0 20942
20949 16488 21:0 20952
20959 16491 21:0 20981
20987 16509 21:0 20992
20989 75 1:0 21782
20989 95 1:0 21782
20989 16890 1:0 21782
20989 16887 1:0 21782
20989 16876 1:0 21785
20989 23977 1:0 21785
20990 23959 1:0 21813
20990 23975 1:0 21813
20990 16908 1:0 21813
20990 97 1:0 21813
20990 23958 1:0 21896
20998 16513 21:0 21001
20999 23957 1:0 21903
20999 16912 1:0 21907
20999 17079 1:0 21907
21005 17113 1:0 21913
21005 16999 1:0 21913
21005 17056 1:0 21913
21005 23956 1:0 21914
21005 79 1:0 21916
21005 77 1:0 21916
21005 16915 1:0 21916
21005 16942 1:0 21916
21005 23944 1:0 21916
21005 16947 1:0 21916
21005 81 1:0 21916
21008 16516 21:0 21032
21026 23925 1:0 21944
21026 23939 1:0 21944
21035 16534 21:0 21067
21038 17022 1:0 21944
21038 16944 1:0 21944
21070 16543 21:0 21073
21080 16545 21:0 21083
21090 16548 21:0 21112
21118 16566 21:0 21123
21120 23926 1:0 22027
21121 16965 1:0 22033
21121 23924 1:0 22034
21121 16972 1:0 22038
21129 16570 21:0 21132
21130 16969 1:0 22044
21130 17004 1:0 22044
21130 57 1:0 22044
21130 17001 1:0 22044
21130 59 1:0 22044
21130 23923 1:0 22045
21130 16990 1:0 22047
21130 23911 1:0 22047
21133 23893 1:0 22075
21136 61 1:0 22075
21136 23908 1:0 22075
21136 17029 1:0 22075
21139 16573 21:0 21163
21156 23892 1:0 22158
21166 16591 21:0 21198
21169 23891 1:0 22165
21201 16600 21:0 21204
21211 16602 21:0 21214
21221 16605 21:0 21243
21249 16623 21:0 21254
21251 23862 1:0 22169
21251 23869 1:0 22169
21252 17026 1:0 22175
21252 17061 1:0 22175
21252 41 1:0 22175
21252 17058 1:0 22175
21252 17047 1:0 22175
21252 45 1:0 22175
21252 23890 1:0 22176
21252 23878 1:0 22178
21260 16627 21:0 21263
21261 23860 1:0 22206
21261 23868 1:0 22206
21261 23875 1:0 22206
21261 43 1:0 22206
21261 23859 1:0 22289
21267 23858 1:0 22296
21267 23856 1:0 22300
21269 17086 1:0 22300
21270 16630 21:0 21294
21288 23857 1:0 22307
21288 21 1:0 22309
21288 17115 1:0 22309
21295 17104 1:0 22309
21297 16648 21:0 21329
21300 23835 1:0 22309
21300 17118 1:0 22309
21300 23 1:0 22309
21300 23845 1:0 22309
21300 17175 1:0 22529
21332 16657 21:0 21335
21342 16659 21:0 21345
21352 16662 21:0 21374
21380 16680 21:0 21385
21382 23827 1:0 22337
21383 23843 1:0 22337
21383 23840 1:0 22337
21383 25 1:0 22337
21383 23825 1:0 22420
21391 16684 21:0 21394
21392 17136 1:0 22426
21392 23826 1:0 22428
21392 23824 1:0 22438
21395 17140 1:0 22437
21398 17143 1:0 22443
21398 3 1:0 22461
21398 17161 1:0 22461
21398 9 1:0 22468
21398 339 1:0 22468
21400 17170 1:0 22461
21400 23812 1:0 22461
21400 23811 1:0 22468
21400 7 1:0 22468
21401 16687 21:0 21425
21403 23807 1:0 22477
21418 5 1:0 22514
21418 17172 1:0 22519
21418 23802 1:0 22522
21419 340 1:0 22549
21426 317 1:0 23901
21428 16705 21:0 21460
21431 321 1:0 23906
21463 16714 21:0 21466
21473 16716 21:0 21476
21483 16719 21:0 21505
21511 16737 21:0 21516
21513 319 1:0 23911
21522 16741 21:0 21525
21532 16744 21:0 21556
21559 16762 21:0 21591
21594 16771 21:0 21597
21604 16773 21:0 21607
21614 16776 21:0 21636
21642 16794 21:0 21647
21653 16798 21:0 21656
21663 16801 21:0 21687
21690 16819 21:0 21722
21725 16828 21:0 21728
21735 16830 21:0 21738
21745 16833 21:0 21767
21773 16851 21:0 21778
21784 16855 21:0 21787
21794 16858 21:0 21818
21821 16876 21:0 21853
21856 16885 21:0 21859
21866 16887 21:0 21869
21876 16890 21:0 21898
21904 16908 21:0 21909
21915 16912 21:0 21918
21925 16915 21:0 21949
21952 16933 21:0 21984
21987 16942 21:0 21990
21997 16944 21:0 22000
22007 16947 21:0 22029
22035 16965 21:0 22040
22046 16969 21:0 22049
22056 16972 21:0 22080
22083 16990 21:0 22115
22118 16999 21:0 22121
22128 17001 21:0 22131
22138 17004 21:0 22160
22166 17022 21:0 22171
22177 17026 21:0 22180
22187 17029 21:0 22211
22214 17047 21:0 22246
22249 17056 21:0 22252
22259 17058 21:0 22262
22269 17061 21:0 22291
22297 17079 21:0 22302
22308 17083 21:0 22311
22318 17086 21:0 22342
22345 17104 21:0 22377
22380 17113 21:0 22383
22390 17115 21:0 22393
22400 17118 21:0 22422
22428 17136 21:0 22433
22439 17140 21:0 22442
22449 17143 21:0 22473
22476 17161 21:0 22508
22511 17170 21:0 22514
22521 17172 21:0 22524
22547 339 21:0 22565
22564 25453 21:0 22597
22596 7 21:0 22597
22596 5 21:0 22597
22597 25458 21:0 22597
22597 25460 21:0 22613
22612 25463 21:0 22613
22612 3 21:0 22613
22612 17175 21:0 22613
22612 9 21:0 22613
22612 25461 21:0 22613
22612 25454 21:0 22613
22615 25475 21:0 22623
22622 11 21:0 22623
22622 15 21:0 22623
22623 25478 21:0 22689
22688 25477 21:0 22694
22693 13 21:0 22694
22693 25 21:0 22694
22693 25496 21:0 22694
22693 23 21:0 22696
22696 25510 21:0 22717
22716 25509 21:0 22765
22754 25528 21:0 22754
22764 25508 21:0 22770
22769 41 21:0 22770
22769 25529 21:0 22770
22769 43 21:0 22770
22772 25542 21:0 22793
22792 25541 21:0 22841
22838 25572 21:0 22838
22840 25543 21:0 22846
22845 61 21:0 22846
22845 59 21:0 22846
22845 21 21:0 22846
22845 25562 21:0 22846
22848 25575 21:0 22865
22862 25585 21:0 22862
22864 25511 21:0 22917
22901 25592 21:0 22901
22914 25605 21:0 22914
22916 79 21:0 22917
22916 25595 21:0 22917
22916 75 21:0 22917
22916 25533 21:0 22917
22916 77 21:0 22917
22917 83 21:0 22917
22919 25607 21:0 22927
22926 25540 21:0 22927
22926 27 21:0 22927
22926 87 21:0 22927
22926 81 21:0 22927
22927 25610 21:0 22993
22938 25618 21:0 22938
22949 25619 21:0 22949
22992 25608 21:0 22998
22997 25609 21:0 23003
22998 25639 21:0 22998
23002 25640 21:0 23069
23003 103 21:0 23003
23068 25643 21:0 23074
23073 25574 21:0 23079
23074 123 21:0 23074
23078 25476 21:0 23145
23129 25692 21:0 23129
23144 25642 21:0 23150
23149 25689 21:0 23150
23149 25625 21:0 23150
23149 113 21:0 23152
23152 25707 21:0 23169
23168 25641 21:0 23221
23220 25577 21:0 23226
23225 25706 21:0 23245
23226 25738 21:0 23226
23226 159 21:0 23226
23242 25750 21:0 23242
23244 25676 21:0 23297
23296 25708 21:0 23302
23301 25709 21:0 23307
23302 25771 21:0 23302
23306 25740 21:0 23373
23318 25783 21:0 23318
23372 25741 21:0 23378
23373 191 21:0 23373
23377 25674 21:0 23383
23382 25544 21:0 23438
23437 25576 21:0 23454
23446 25836 21:0 23446
23453 25772 21:0 23459
23458 25742 21:0 23514
23509 25857 21:0 23509
23513 25739 21:0 23530
23529 25673 21:0 23535
23534 25675 21:0 23585
23584 25773 21:0 23606
23585 25890 21:0 23585
23585 25887 21:0 23585
23605 25808 21:0 23611
23610 25806 21:0 23661
23660 25805 21:0 23677
23676 25775 21:0 23687
23686 25774 21:0 23701
23700 25807 21:0 23753
23752 25841 21:0 23758
23755 25970 21:0 23755
23757 25840 21:0 23777
23758 285 21:0 23758
23760 25972 21:0 23760
23760 25971 21:0 23760
23763 25973 21:0 23763
23776 25839 21:0 23829
23813 25986 21:0 23813
23828 25838 21:0 23834
23831 26003 21:0 23831
23833 25871 21:0 23839
23834 303 21:0 23834
23836 26004 21:0 23836
23836 26005 21:0 23836
23838 25872 21:0 23905
23839 26006 21:0 23839
23904 25873 21:0 23910
23907 26037 21:0 23907
23907 26036 21:0 23907
23909 25874 21:0 23915
23911 26037 1:0 23911
23912 26038 21:0 23912
23912 26037 21:0 23912
23914 329 1:0 23926
23914 25904 21:0 23968
23944 16151 1:0 23946
23967 25905 21:0 23971
23969 16167 1:0 23972
23970 25937 21:0 23982
23974 26037 1:0 23974
23975 26038 1:0 23975
23976 16171 1:0 23983
23977 16174 1:0 23993
23977 16192 1:0 24020
23977 16201 1:0 24055
23977 16203 1:0 24065
23977 16206 1:0 24075
23977 16224 1:0 24103
23977 16228 1:0 24114
23977 16231 1:0 24124
23977 16249 1:0 24151
23977 16258 1:0 24186
23977 16260 1:0 24196
23977 16263 1:0 24206
23977 16281 1:0 24234
23981 25907 21:0 23988
23983 16285 1:0 24245
23985 26036 1:0 23985
23987 25906 21:0 23991
23990 26049 21:0 24016
24015 25939 21:0 24099
24098 26006 1:0 24098
24098 25938 21:0 24102
24101 25940 21:0 24110
24105 26004 1:0 24105
24106 26005 1:0 24106
24109 25599 21:0 24113
24111 303 1:0 24111
24111 16288 1:0 24255
24111 16306 1:0 24269
24111 16320 1:0 24269
24111 16315 1:0 24269
24111 25940 1:0 24276
24111 16317 1:0 24276
24111 25938 1:0 24359
24111 16338 1:0 24365
24111 25939 1:0 24367
24111 16342 1:0 24376
24111 25937 1:0 24377
24111 16345 1:0 24386
24111 16377 1:0 24388
24111 16363 1:0 24400
24111 16374 1:0 24400
24111 25906 1:0 24407
24111 16372 1:0 24407
24111 25907 1:0 24490
24111 16395 1:0 24496
24111 25905 1:0 24497
24111 16399 1:0 24507
24111 25904 1:0 24508
24111 16402 1:0 24517
24111 16420 1:0 24520
24111 16431 1:0 24531
24111 16429 1:0 24538
24111 16434 1:0 24538
24111 25874 1:0 24538
24111 25873 1:0 24621
24112 47 21:0 24113
24112 25506 21:0 24113
24112 25561 21:0 24119
24114 25872 1:0 24628
24116 26003 1:0 24116
24117 16452 1:0 24627
24117 16456 1:0 24638
24117 25871 1:0 24639
24118 25474 21:0 24119
24118 57 21:0 24119
24118 16206 21:0 24119
24118 16192 21:0 24119
24118 16203 21:0 24119
24118 16201 21:0 24119
24118 16151 21:0 24119
24118 329 21:0 24119
24118 313 21:0 24119
24118 315 21:0 24119
24120 16459 1:0 24648
24120 16491 1:0 24651
24120 16488 1:0 24662
24120 16477 1:0 24662
24120 16486 1:0 24669
24120 25839 1:0 24669
24125 25841 1:0 24752
24126 16231 21:0 24150
24151 25840 1:0 24760
24153 16249 21:0 24185
24155 25986 1:0 24155
24156 16509 1:0 24758
24188 16258 21:0 24191
24198 16260 21:0 24201
24208 16263 21:0 24230
24229 25973 1:0 24229
24236 25971 1:0 24236
24236 16281 21:0 24241
24237 25972 1:0 24237
24238 25838 1:0 24770
24239 16513 1:0 24769
24239 16516 1:0 24779
24239 16548 1:0 24781
24239 16534 1:0 24793
24239 16543 1:0 24793
24239 25807 1:0 24800
24239 16545 1:0 24800
24242 285 1:0 24242
24247 25970 1:0 24247
24247 16285 21:0 24250
24248 25808 1:0 24883
24248 16566 1:0 24889
24248 25806 1:0 24890
24254 25805 1:0 24901
24256 16570 1:0 24900
24257 16288 21:0 24281
24275 25774 1:0 24931
24282 16591 1:0 24912
24284 16306 21:0 24316
24287 16573 1:0 24910
24287 16605 1:0 24912
24287 16602 1:0 24924
24287 16600 1:0 24931
24319 16315 21:0 24322
24329 16317 21:0 24332
24339 16320 21:0 24361
24367 16338 21:0 24372
24369 25775 1:0 25014
24370 16623 1:0 25020
24370 25773 1:0 25021
24378 16342 21:0 24381
24379 16627 1:0 25031
24379 25772 1:0 25032
24379 16630 1:0 25041
24379 16648 1:0 25062
24379 25742 1:0 25062
24382 16657 1:0 25055
24382 16662 1:0 25062
24382 16659 1:0 25062
24387 25741 1:0 25145
24388 16345 21:0 24412
24406 25740 1:0 25152
24415 16363 21:0 24447
24418 16680 1:0 25151
24450 16372 21:0 24453
24460 16374 21:0 24463
24470 16377 21:0 24492
24498 16395 21:0 24503
24500 16684 1:0 25162
24500 25739 1:0 25163
24501 16687 1:0 25172
24501 16719 1:0 25174
24501 16705 1:0 25174
24501 16716 1:0 25186
24501 16714 1:0 25193
24501 25709 1:0 25193
24509 16399 21:0 24512
24510 25708 1:0 25276
24510 16737 1:0 25282
24510 25707 1:0 25283
24513 16744 1:0 25287
24518 25706 1:0 25294
24518 16773 1:0 25296
24519 16402 21:0 24543
24521 16741 1:0 25293
24521 16776 1:0 25296
24521 16762 1:0 25296
24546 16420 21:0 24578
24548 25890 1:0 24548
24548 25887 1:0 24548
24549 25675 1:0 25324
24581 16429 21:0 24584
24591 16431 21:0 24594
24601 16434 21:0 24623
24629 16452 21:0 24634
24631 16794 1:0 25324
24631 25689 1:0 25324
24631 16771 1:0 25324
24632 25676 1:0 25407
24632 25674 1:0 25414
24632 16801 1:0 25418
24640 16456 21:0 24643
24641 16798 1:0 25424
24641 25673 1:0 25425
24644 16819 1:0 25437
24644 16828 1:0 25437
24644 25641 1:0 25455
24647 16833 1:0 25437
24647 113 1:0 25448
24647 16830 1:0 25455
24647 16851 1:0 25455
24650 16459 21:0 24674
24667 25643 1:0 25538
24677 16477 21:0 24709
24679 25857 1:0 24679
24680 25642 1:0 25546
24680 16947 1:0 25549
24712 16486 21:0 24715
24722 16488 21:0 24725
24732 16491 21:0 24754
24760 16509 21:0 24765
24762 16855 1:0 25549
24762 16990 1:0 25549
24763 25640 1:0 25556
24763 16858 1:0 25558
24763 16933 1:0 25558
24763 16885 1:0 25558
24763 16876 1:0 25558
24763 16890 1:0 25558
24763 25609 1:0 25586
24771 16513 21:0 24774
24772 16887 1:0 25586
24772 25625 1:0 25586
24772 16908 1:0 25586
24772 25610 1:0 25669
24778 25608 1:0 25676
24778 87 1:0 25680
24778 16912 1:0 25680
24781 25836 1:0 24781
24781 16516 21:0 24805
24799 25607 1:0 25687
24799 81 1:0 25689
24799 16944 1:0 25689
24799 75 1:0 25689
24799 79 1:0 25689
24799 16942 1:0 25689
24799 77 1:0 25689
24808 16534 21:0 24840
24811 16915 1:0 25689
24843 16543 21:0 24846
24853 16545 21:0 24856
24863 16548 21:0 24885
24891 16566 21:0 24896
24893 25576 1:0 25717
24893 17022 1:0 25717
24894 25599 1:0 25702
24894 25595 1:0 25717
24894 25577 1:0 25800
24902 16570 21:0 24905
24903 16965 1:0 25806
24903 25575 1:0 25807
24903 16972 1:0 25811
24903 25574 1:0 25818
24903 61 1:0 25820
24906 191 1:0 24906
24906 57 1:0 25820
24906 17001 1:0 25820
24906 17004 1:0 25820
24906 16999 1:0 25820
24906 23 1:0 25820
24909 16969 1:0 25817
24909 59 1:0 25820
24909 41 1:0 25820
24912 16573 21:0 24936
24914 25544 1:0 25848
24929 17026 1:0 25848
24930 25561 1:0 25848
24930 25562 1:0 25848
24939 16591 21:0 24971
24974 16600 21:0 24977
24984 16602 21:0 24987
24994 25783 1:0 24994
24994 16605 21:0 25016
25022 16623 21:0 25027
25024 25543 1:0 25931
25025 25542 1:0 25938
25025 25540 1:0 25942
25025 17029 1:0 25942
25026 25771 1:0 25026
25033 16627 21:0 25036
25034 17047 1:0 25948
25034 17058 1:0 25948
25034 17104 1:0 25948
25034 17061 1:0 25948
25034 25541 1:0 25949
25034 47 1:0 25951
25034 25529 1:0 25951
25034 17056 1:0 25951
25034 25533 1:0 25964
25034 25511 1:0 25979
25037 17086 1:0 25979
25037 43 1:0 25979
25042 25509 1:0 26062
25043 16630 21:0 25067
25061 25510 1:0 26070
25070 16648 21:0 25102
25073 17079 1:0 26068
25073 17083 1:0 26073
25105 16657 21:0 25108
25115 16659 21:0 25118
25125 25750 1:0 25125
25125 16662 21:0 25147
25153 16680 21:0 25158
25155 17113 1:0 26079
25155 25508 1:0 26080
25156 17118 1:0 26079
25156 27 1:0 26079
25156 25 1:0 26079
25156 21 1:0 26079
25156 25506 1:0 26082
25156 25496 1:0 26082
25156 25476 1:0 26110
25156 17136 1:0 26110
25157 25738 1:0 25157
25159 159 1:0 25159
25164 16684 21:0 25167
25165 13 1:0 26110
25165 17115 1:0 26110
25165 25478 1:0 26193
25168 25477 1:0 26201
25171 15 1:0 26204
25171 25474 1:0 26204
25174 16687 21:0 25198
25191 25475 1:0 26211
25192 17140 1:0 26210
25192 17161 1:0 26216
25192 9 1:0 26216
25199 11 1:0 26215
25201 16705 21:0 25233
25204 3 1:0 26216
25204 25454 1:0 26241
25236 16714 21:0 25239
25246 16716 21:0 25249
25256 16719 21:0 25278
25284 16737 21:0 25289
25286 17143 1:0 26220
25286 17170 1:0 26229
25286 25463 1:0 26234
25286 25461 1:0 26241
25286 7 1:0 26241
25286 25460 1:0 26250
25286 5 1:0 26287
25286 17172 1:0 26292
25286 25453 1:0 26295
25287 17175 1:0 26302
25287 341 1:0 26322
25295 16741 21:0 25298
25305 16744 21:0 25329
25332 16762 21:0 25364
25334 25692 1:0 25334
25367 16771 21:0 25370
25377 16773 21:0 25380
25387 16776 21:0 25409
25415 16794 21:0 25420
25421 123 1:0 25421
25426 16798 21:0 25429
25436 16801 21:0 25460
25463 16819 21:0 25495
25498 16828 21:0 25501
25508 16830 21:0 25511
25518 16833 21:0 25540
25541 103 1:0 25541
25546 16851 21:0 25551
25550 25639 1:0 25550
25557 16855 21:0 25560
25567 16858 21:0 25591
25594 16876 21:0 25626
25622 25619 1:0 25622
25629 16885 21:0 25632
25639 16887 21:0 25642
25649 25618 1:0 25649
25649 16890 21:0 25671
25677 16908 21:0 25682
25688 16912 21:0 25691
25692 83 1:0 25692
25698 25605 1:0 25698
25698 16915 21:0 25722
25725 16933 21:0 25757
25727 25592 1:0 25727
25760 16942 21:0 25763
25770 16944 21:0 25773
25780 25585 1:0 25780
25780 16947 21:0 25802
25808 16965 21:0 25813
25819 16969 21:0 25822
25829 25572 1:0 25829
25829 16972 21:0 25853
25856 16990 21:0 25888
25891 16999 21:0 25894
25901 17001 21:0 25904
25911 17004 21:0 25933
25939 17022 21:0 25944
25950 17026 21:0 25953
25960 17029 21:0 25984
25980 25528 1:0 25980
25987 17047 21:0 26019
26022 17056 21:0 26025
26032 17058 21:0 26035
26042 17061 21:0 26064
26070 17079 21:0 26075
26081 17083 21:0 26084
26091 17086 21:0 26115
26118 17104 21:0 26150
26153 17113 21:0 26156
26163 17115 21:0 26166
26173 17118 21:0 26195
26201 17136 21:0 26206
26212 17140 21:0 26215
26222 17143 21:0 26246
26249 17161 21:0 26281
26251 25458 1:0 26251
26284 17170 21:0 26287
26294 17172 21:0 26297
26320 340 21:0 26338
26338 5 21:0 26342
26342 27105 21:0 26375
26374 7 21:0 26375
26374 17175 21:0 26375
26374 3 21:0 26375
26374 27114 21:0 26375
26375 27113 21:0 26386
26385 341 21:0 26386
26385 27111 21:0 26386
26386 11 21:0 26391
26390 27112 21:0 26391
26390 27109 21:0 26391
26393 27128 21:0 26414
26413 27129 21:0 26462
26418 27138 21:0 26418
26461 27126 21:0 26467
26466 23 21:0 26467
26466 27147 21:0 26467
26466 25 21:0 26467
26469 27161 21:0 26490
26489 27160 21:0 26538
26522 27175 21:0 26522
26537 27151 21:0 26538
26537 43 21:0 26538
26537 27180 21:0 26538
26537 41 21:0 26540
26538 47 21:0 26538
26540 27192 21:0 26548
26547 51 21:0 26548
26547 27158 21:0 26548
26548 27195 21:0 26614
26598 27211 21:0 26598
26613 27194 21:0 26619
26618 27193 21:0 26624
26623 27162 21:0 26690
26626 27217 21:0 26626
26679 27245 21:0 26679
26689 27227 21:0 26695
26690 83 21:0 26690
26694 61 21:0 26695
26694 77 21:0 26695
26694 27210 21:0 26695
26694 27246 21:0 26695
26694 27236 21:0 26695
26694 27213 21:0 26695
26694 79 21:0 26697
26697 27259 21:0 26714
26711 27269 21:0 26711
26713 27260 21:0 26766
26755 27278 21:0 26755
26765 27226 21:0 26771
26770 27 21:0 26771
26770 57 21:0 26771
26770 97 21:0 26771
26770 27279 21:0 26771
26770 95 21:0 26771
26770 59 21:0 26771
26771 27290 21:0 26776
26775 27244 21:0 26776
26775 63 21:0 26776
26775 27263 21:0 26776
26776 27294 21:0 26842
26787 27302 21:0 26787
26831 27311 21:0 26831
26841 27293 21:0 26847
26846 27225 21:0 26852
26851 27291 21:0 26918
26863 27335 21:0 26863
26902 27343 21:0 26902
26917 27159 21:0 26923
26922 27228 21:0 26928
26927 27326 21:0 26994
26950 27369 21:0 26950
26985 27362 21:0 26985
26991 27388 21:0 26991
26993 27261 21:0 26999
26998 27292 21:0 27004
27003 27324 21:0 27059
27058 27391 21:0 27075
27074 27392 21:0 27080
27079 27393 21:0 27130
27129 27327 21:0 27146
27145 27390 21:0 27156
27148 27456 21:0 27148
27155 27358 21:0 27197
27156 193 21:0 27156
27196 27359 21:0 27222
27206 27475 21:0 27206
27211 27476 21:0 27211
27213 27461 21:0 27213
27221 27325 21:0 27232
27222 209 21:0 27222
27224 27489 21:0 27224
27229 27490 21:0 27229
27229 27491 21:0 27229
27231 27357 21:0 27250
27232 211 21:0 27232
27249 27360 21:0 27298
27297 27459 21:0 27303
27300 27522 21:0 27300
27302 27424 21:0 27322
27305 27523 21:0 27305
27305 27524 21:0 27305
27308 27525 21:0 27308
27321 27258 21:0 27374
27358 27538 21:0 27358
27373 27423 21:0 27379
27376 27555 21:0 27376
27378 27457 21:0 27386
27381 27557 21:0 27381
27381 27556 21:0 27381
27384 27558 21:0 27384
27385 27425 21:0 27450
27434 27573 21:0 27434
27449 27127 21:0 27455
27450 263 21:0 27450
27452 27588 21:0 27452
27454 27492 21:0 27460
27457 27590 21:0 27457
27457 27589 21:0 27457
27459 27458 21:0 27526
27460 27591 21:0 27460
27510 27606 21:0 27510
27525 27426 21:0 27531
27528 27621 21:0 27528
27530 27124 21:0 27531
27530 27104 21:0 27531
27530 27422 21:0 27536
27533 27622 21:0 27533
27533 27623 21:0 27533
27535 245 21:0 27536
27535 27401 21:0 27536
27535 27574 21:0 27550
27536 27624 21:0 27536
27549 27170 21:0 27586
27585 27274 21:0 27591
27590 27607 21:0 27602
27592 27274 1:0 27610
27601 207 21:0 27602
27601 243 21:0 27602
27601 21 21:0 27602
27601 75 21:0 27602
27601 93 21:0 27602
27601 103 21:0 27602
27601 201 21:0 27607
27603 103 1:0 27610
27603 27607 1:0 27610
27603 27426 1:0 27660
27604 27654 21:0 27604
27606 189 21:0 27607
27606 111 21:0 27607
27606 9 21:0 27607
27606 39 21:0 27607
27606 183 21:0 27607
27606 45 21:0 27607
27606 99 21:0 27607
27606 219 21:0 27607
27606 135 21:0 27607
27606 117 21:0 27607
27606 81 21:0 27607
27606 237 21:0 27607
27606 153 21:0 27612
27609 27655 21:0 27609
27609 27656 21:0 27609
27611 129 21:0 27612
27611 165 21:0 27612
27611 225 21:0 27612
27611 279 21:0 27612
27611 241 21:0 27612
27611 147 21:0 27612
27611 171 21:0 27612
27611 255 21:0 27612
27611 261 21:0 27612
27611 273 21:0 27612
27611 169 21:0 27612
27611 257 21:0 27612
27611 259 21:0 27612
27611 27345 21:0 27612
27611 149 21:0 27612
27611 205 21:0 27612
27611 27378 21:0 27612
27611 133 21:0 27612
27611 115 21:0 27612
27611 223 21:0 27612
27611 187 21:0 27612
27611 27312 21:0 27612
27611 167 21:0 27612
27611 113 21:0 27622
27612 27657 21:0 27612
27621 27510 21:0 27623
27622 27411 21:0 27623
27622 221 21:0 27626
27625 277 21:0 27626
27625 27609 21:0 27626
27625 275 21:0 27626
27625 27543 21:0 27626
27625 295 21:0 27626
27625 27642 21:0 27626
27625 293 21:0 27626
27625 203 21:0 27626
27625 27576 21:0 27626
27625 151 21:0 27626
27625 27444 21:0 27626
27625 185 21:0 27626
27625 131 21:0 27626
27625 27477 21:0 27626
27625 239 21:0 27626
27625 297 21:0 27630
27627 313 1:0 27630
27629 291 21:0 27634
27629 315 1:0 27660
27648 353 21:0 27657
27656 311 21:0 27662
27661 313 21:0 27662
27661 309 21:0 27662
27661 27458 1:0 27681
27662 27675 21:0 27667
27677 309 1:0 27681
27682 27492 1:0 27707
27687 329 1:0 27699
27687 27170 1:0 27707
27687 27574 1:0 27707
27702 16206 1:0 27707
27702 16151 1:0 27707
27708 27700 21:0 27718
27708 27127 1:0 27752
27721 16151 21:0 27738
27737 329 21:0 27751
27753 27425 1:0 27763
27761 27401 1:0 27763
27761 245 1:0 27763
27764 27457 1:0 27772
27770 27422 1:0 27772
27770 12895 1:0 27772
27770 12902 1:0 27772
27770 16192 1:0 27772
27773 12906 1:0 27800
27773 12903 1:0 27800
27773 12905 1:0 27800
27798 12901 1:0 27800
27798 12896 1:0 27800
27798 313 1:0 27800
27798 27675 1:0 27800
27798 353 1:0 27800
27798 16203 1:0 27800
27798 311 1:0 27800
27801 12904 1:0 27841
27824 353 21:0 27834
27836 16201 1:0 27838
27836 12898 1:0 27841
27836 12900 1:0 27841
27842 12907 1:0 27854
27852 12899 1:0 27854
27852 12897 1:0 27854
27855 12908 1:0 27941
27887 12896 21:0 27939
27938 12899 21:0 27947
27947 12908 21:0 27972
27971 27657 1:0 27971
27971 12907 21:0 27972
27971 16263 1:0 27973
27971 16338 1:0 27973
27971 16285 1:0 27973
27971 297 1:0 27973
27971 291 1:0 27973
27971 12904 21:0 27975
27974 12903 21:0 27975
27974 12906 21:0 27975
27974 12905 21:0 27979
27974 27423 1:0 27984
27978 27655 1:0 27978
27978 12901 21:0 27983
27979 27656 1:0 27979
27982 12895 21:0 27983
27982 12902 21:0 27983
27982 319 21:0 27983
27982 321 21:0 27983
27982 16281 1:0 27984
27982 16288 1:0 27984
27982 317 21:0 27986
27985 311 21:0 27986
27985 309 21:0 27986
27985 313 21:0 27986
27985 12897 21:0 27986
27985 12898 21:0 27986
27985 315 21:0 27986
27985 12900 21:0 27986
27985 27258 1:0 27993
27989 27654 1:0 27989
27991 13049 1:0 27993
27991 16249 1:0 27993
27991 16231 1:0 27993
27991 13048 1:0 27993
27994 13052 1:0 28021
27994 13051 1:0 28021
27994 13054 1:0 28021
28019 13043 1:0 28021
28019 353 1:0 28021
28019 13042 1:0 28021
28019 16258 1:0 28021
28019 293 1:0 28021
28019 295 1:0 28021
28019 27642 1:0 28021
28022 13053 1:0 28062
28045 353 21:0 28055
28057 13044 1:0 28062
28057 16260 1:0 28062
28057 13047 1:0 28062
28063 13050 1:0 28075
28073 13046 1:0 28075
28073 13045 1:0 28075
28076 13055 1:0 28162
28108 13043 21:0 28160
28159 13045 21:0 28168
28168 13055 21:0 28193
28192 27624 1:0 28192
28192 13050 21:0 28193
28192 273 1:0 28194
28192 16623 1:0 28194
28192 279 1:0 28194
28192 16306 1:0 28194
28192 16345 1:0 28194
28192 13053 21:0 28196
28195 13052 21:0 28196
28195 13051 21:0 28196
28195 13054 21:0 28200
28195 27424 1:0 28205
28199 27622 1:0 28199
28199 13042 21:0 28204
28200 27623 1:0 28200
28203 303 21:0 28204
28203 301 21:0 28204
28203 13048 21:0 28204
28203 13049 21:0 28204
28203 16908 1:0 28205
28203 17143 1:0 28205
28203 299 21:0 28207
28206 295 21:0 28207
28206 291 21:0 28207
28206 297 21:0 28207
28206 293 21:0 28207
28206 13044 21:0 28207
28206 13047 21:0 28207
28206 13046 21:0 28207
28206 27459 1:0 28214
28210 27621 1:0 28210
28211 16320 1:0 28214
28211 13189 1:0 28214
28211 16402 1:0 28214
28211 13195 1:0 28214
28215 13199 1:0 28242
28215 13202 1:0 28242
28215 13201 1:0 28242
28219 291 1:0 1299
28219 293 1:0 1303
28219 295 1:0 1307
28219 353 1:0 28242
28219 275 1:0 28242
28222 297 1:0 1337
28222 16315 1:0 28242
28222 13196 1:0 28242
28222 277 1:0 28242
28222 27609 1:0 28242
28222 13190 1:0 28242
28222 13194 1:0 28283
28222 16317 1:0 28283
28237 299 1:0 1351
28238 13200 1:0 28283
28249 27606 1:0 28249
28250 13191 1:0 28283
28250 13193 1:0 28296
28250 13192 1:0 28296
28250 13197 1:0 28296
28250 259 1:0 28463
28250 27576 1:0 28463
28291 303 1:0 1356
28291 13198 1:0 28363
28304 16342 1:0 28415
28319 255 1:0 28415
28319 16363 1:0 28415
28319 261 1:0 28415
28319 16395 1:0 28415
28320 257 1:0 28463
28339 13192 21:0 28364
28369 13198 21:0 28414
28380 27360 1:0 28426
28413 27591 1:0 28413
28413 13197 21:0 28414
28413 13200 21:0 28414
28413 13202 21:0 28417
28416 13199 21:0 28417
28416 13201 21:0 28417
28416 13196 21:0 28422
28420 27589 1:0 28420
28421 27590 1:0 28421
28421 13190 21:0 28425
28422 301 1:0 1361
28422 309 1:0 1375
28422 311 1:0 1379
28422 313 1:0 1381
28422 315 1:0 1413
28422 317 1:0 1427
28422 321 1:0 1432
28422 16399 1:0 28426
28423 16459 1:0 28426
28423 16798 1:0 28435
28423 27357 1:0 28435
28423 16377 1:0 28435
28423 13342 1:0 28435
28423 13337 1:0 28435
28423 13336 1:0 28463
28423 16372 1:0 28463
28423 16374 1:0 28504
28423 241 1:0 28684
28423 27543 1:0 28684
28424 13189 21:0 28425
28424 13194 21:0 28425
28424 13191 21:0 28425
28424 13193 21:0 28425
28424 13195 21:0 28425
28431 27588 1:0 28431
28432 13349 1:0 28463
28432 13345 1:0 28463
28432 13347 1:0 28463
28432 13343 1:0 28463
28432 13338 1:0 28504
28432 13341 1:0 28504
28432 13346 1:0 28504
28432 13344 1:0 28517
28432 13339 1:0 28517
28432 13340 1:0 28517
28432 13348 1:0 28603
28432 243 1:0 28636
28432 16434 1:0 28636
28432 16680 1:0 28636
28435 263 1:0 28435
28438 27124 1:0 28636
28438 237 1:0 28636
28438 16420 1:0 28656
28438 13490 1:0 28656
28438 13489 1:0 28656
28458 27325 1:0 28647
28459 17083 1:0 28647
28470 27573 1:0 28470
28471 27104 1:0 28647
28525 27359 1:0 28656
28540 27112 1:0 28656
28541 13493 1:0 28684
28541 13494 1:0 28684
28542 16431 1:0 28684
28542 239 1:0 28684
28542 13484 1:0 28684
28542 13483 1:0 28684
28542 16429 1:0 28722
28573 13340 21:0 28587
28586 13343 21:0 28612
28591 13496 1:0 28684
28601 16477 1:0 28857
28613 13348 21:0 28635
28634 27558 1:0 28634
28634 13344 21:0 28635
28634 13346 21:0 28638
28637 13349 21:0 28638
28637 13347 21:0 28638
28637 13345 21:0 28643
28641 27556 1:0 28641
28642 27557 1:0 28642
28642 13336 21:0 28646
28643 13487 1:0 28725
28643 13485 1:0 28725
28643 13491 1:0 28725
28643 13495 1:0 28738
28643 13486 1:0 28738
28643 13488 1:0 28738
28643 13492 1:0 28805
28643 225 1:0 28857
28643 219 1:0 28857
28643 16488 1:0 28905
28643 221 1:0 28905
28643 223 1:0 28905
28643 27510 1:0 28905
28644 16456 1:0 28857
28644 16452 1:0 28857
28644 27358 1:0 28868
28644 16741 1:0 28868
28644 16851 1:0 28868
28645 13339 21:0 28646
28645 13341 21:0 28646
28645 13337 21:0 28646
28645 13338 21:0 28646
28645 13342 21:0 28646
28652 27555 1:0 28652
28653 16491 1:0 28877
28653 13630 1:0 28877
28653 13636 1:0 28877
28653 27109 1:0 28877
28653 27390 1:0 28877
28653 13637 1:0 28905
28653 13639 1:0 28905
28653 13643 1:0 28905
28659 13631 1:0 28905
28659 13640 1:0 28905
28659 16486 1:0 28943
28659 13641 1:0 28946
28659 13632 1:0 28946
28659 13635 1:0 28946
28659 16534 1:0 29078
28659 205 1:0 29126
28659 27477 1:0 29126
28659 203 1:0 29126
28661 13633 1:0 28959
28661 13634 1:0 28959
28661 13638 1:0 28959
28664 13642 1:0 29045
28679 201 1:0 29078
28679 13777 1:0 29098
28680 16509 1:0 29078
28691 27538 1:0 28691
28692 16548 1:0 29078
28692 11 1:0 29078
28746 27327 1:0 29089
28761 16513 1:0 29089
28762 27111 1:0 29089
28781 13486 21:0 28806
28811 13492 21:0 28856
28822 27393 1:0 29098
28855 27525 1:0 28855
28855 13491 21:0 28856
28855 13495 21:0 28856
28855 13496 21:0 28859
28858 13494 21:0 28859
28858 13493 21:0 28859
28858 13483 21:0 28864
28862 27523 1:0 28862
28863 27524 1:0 28863
28863 13484 21:0 28867
28864 13783 1:0 29098
28864 16516 1:0 29098
28864 207 1:0 29098
28864 13784 1:0 29126
28864 13785 1:0 29126
28864 13789 1:0 29126
28864 13778 1:0 29126
28865 16545 1:0 29126
28865 13786 1:0 29126
28865 16543 1:0 29164
28865 13781 1:0 29167
28865 13790 1:0 29167
28865 13782 1:0 29167
28865 13788 1:0 29180
28865 13780 1:0 29180
28865 13779 1:0 29180
28865 13787 1:0 29256
28865 16566 1:0 29299
28865 16801 1:0 29299
28865 189 1:0 29299
28865 16591 1:0 29299
28865 183 1:0 29299
28865 16600 1:0 29347
28866 13488 21:0 28867
28866 13489 21:0 28867
28866 13490 21:0 28867
28866 13485 21:0 28867
28866 13487 21:0 28867
28873 27522 1:0 28873
28874 27392 1:0 29310
28874 16627 1:0 29310
28874 16570 1:0 29310
28874 13925 1:0 29319
28874 13931 1:0 29319
28874 187 1:0 29347
28874 185 1:0 29347
28874 27444 1:0 29347
28874 13926 1:0 29388
28874 16602 1:0 29388
28880 16605 1:0 29319
28880 27391 1:0 29319
28882 16573 1:0 29319
28885 13936 1:0 29347
28900 13937 1:0 29347
28901 13935 1:0 29347
28913 13930 1:0 29347
28913 13924 1:0 29347
28913 13934 1:0 29388
28913 13929 1:0 29388
28913 27411 1:0 29568
28954 13932 1:0 29401
28954 13928 1:0 29401
28954 13927 1:0 29401
28954 13933 1:0 29468
28967 16915 1:0 29520
28982 16969 1:0 29520
28982 171 1:0 29520
28983 165 1:0 29520
28983 16648 1:0 29520
28983 14071 1:0 29540
28983 16662 1:0 29540
28983 16630 1:0 29540
28992 13631 21:0 29044
29043 13633 21:0 29051
29055 13642 21:0 29077
29076 13638 21:0 29077
29076 13641 21:0 29080
29078 211 1:0 29078
29079 13640 21:0 29080
29079 13639 21:0 29080
29079 13643 21:0 29085
29083 27490 1:0 29083
29084 27491 1:0 29084
29084 13637 21:0 29088
29085 341 1:0 29531
29085 27324 1:0 29531
29085 17026 1:0 29531
29086 27292 1:0 29540
29086 14072 1:0 29540
29086 167 1:0 29568
29086 14079 1:0 29568
29086 14084 1:0 29568
29086 14080 1:0 29568
29086 14077 1:0 29568
29086 14078 1:0 29568
29086 169 1:0 29568
29086 16659 1:0 29568
29087 13634 21:0 29088
29087 13636 21:0 29088
29087 13630 21:0 29088
29087 13635 21:0 29088
29087 13632 21:0 29088
29094 27489 1:0 29094
29095 16657 1:0 29606
29095 14081 1:0 29609
29095 14076 1:0 29609
29095 14073 1:0 29609
29095 14082 1:0 29622
29095 14074 1:0 29622
29095 14075 1:0 29622
29095 14083 1:0 29708
29095 147 1:0 29738
29095 16719 1:0 29741
29095 27113 1:0 29741
29095 16972 1:0 29741
29095 153 1:0 29741
29095 129 1:0 29741
29095 16705 1:0 29761
29095 14218 1:0 29761
29095 27378 1:0 29789
29095 16716 1:0 29789
29095 151 1:0 29789
29098 209 1:0 29098
29101 27261 1:0 29752
29103 16684 1:0 29752
29106 16855 1:0 29752
29124 27476 1:0 29124
29133 27475 1:0 29133
29134 27326 1:0 29761
29175 14225 1:0 29761
29175 16687 1:0 29761
29175 149 1:0 29789
29175 14219 1:0 29789
29175 14224 1:0 29789
29183 16714 1:0 29827
29183 14223 1:0 29830
29183 14222 1:0 29830
29188 14226 1:0 29789
29191 27461 1:0 29191
29203 14228 1:0 29789
29204 14231 1:0 29789
29204 14229 1:0 29830
29205 81 1:0 29959
29205 16776 1:0 29962
29205 131 1:0 30010
29213 13778 21:0 29265
29254 14220 1:0 29843
29254 14221 1:0 29843
29254 14227 1:0 29843
29264 14230 1:0 29929
29266 13787 21:0 29298
29266 135 1:0 29962
29297 13788 21:0 29298
29297 13790 21:0 29298
29297 13786 21:0 29301
29299 193 1:0 29299
29300 13789 21:0 29301
29300 13785 21:0 29301
29300 13784 21:0 29309
29306 117 1:0 29962
29306 17086 1:0 29962
29306 16737 1:0 29962
29306 16744 1:0 29982
29306 14371 1:0 29982
29306 14372 1:0 29982
29306 16771 1:0 30010
29306 133 1:0 30010
29306 27345 1:0 30010
29306 16773 1:0 30051
29307 27105 1:0 29973
29307 16858 1:0 29973
29307 27228 1:0 29973
29307 14373 1:0 30010
29308 13779 21:0 29309
29308 13781 21:0 29309
29308 13782 21:0 29309
29308 13780 21:0 29309
29308 13783 21:0 29309
29308 13777 21:0 29309
29315 27456 1:0 29315
29316 27291 1:0 29982
29316 16762 1:0 29982
29316 14376 1:0 30010
29316 14377 1:0 30010
29316 14366 1:0 30010
29316 14365 1:0 30010
29316 14367 1:0 30051
29316 14369 1:0 30051
29316 14375 1:0 30051
29322 14374 1:0 30064
29322 14370 1:0 30064
29322 14368 1:0 30064
29322 14378 1:0 30151
29322 99 1:0 30180
29322 45 1:0 30183
29322 16819 1:0 30183
29324 16794 1:0 30183
29327 16965 1:0 30183
29327 111 1:0 30183
29355 27225 1:0 30194
29396 16912 1:0 30194
29404 27244 1:0 30194
29425 27294 1:0 30203
29426 14512 1:0 30203
29426 14518 1:0 30203
29426 16833 1:0 30203
29457 13928 21:0 29471
29474 13933 21:0 29519
29475 27290 1:0 30203
29485 14521 1:0 30231
29518 13932 21:0 29519
29518 13934 21:0 29519
29518 13935 21:0 29522
29521 13937 21:0 29522
29521 13936 21:0 29522
29521 13924 21:0 29527
29526 13930 21:0 29530
29527 113 1:0 30231
29527 27312 1:0 30231
29527 14519 1:0 30231
29527 115 1:0 30231
29527 16828 1:0 30231
29527 14513 1:0 30231
29527 14523 1:0 30231
29527 14520 1:0 30231
29527 16830 1:0 30272
29527 14517 1:0 30272
29527 14515 1:0 30272
29527 14522 1:0 30272
29527 16887 1:0 30452
29528 14524 1:0 30285
29528 14514 1:0 30285
29528 14516 1:0 30285
29528 14525 1:0 30372
29528 3 1:0 30401
29528 27293 1:0 30409
29528 95 1:0 30452
29529 13926 21:0 29530
29529 13931 21:0 29530
29529 13925 21:0 29530
29529 13929 21:0 29530
29529 13927 21:0 29530
29537 27226 1:0 30415
29537 17104 1:0 30415
29537 16876 1:0 30415
29537 16890 1:0 30415
29537 27260 1:0 30424
29543 14659 1:0 30424
29543 14665 1:0 30424
29543 27263 1:0 30424
29543 93 1:0 30424
29543 14672 1:0 30452
29545 14669 1:0 30452
29548 14666 1:0 30452
29548 14670 1:0 30452
29555 97 1:0 30452
29563 14660 1:0 30452
29563 27279 1:0 30452
29563 16885 1:0 30490
29563 14663 1:0 30493
29563 16990 1:0 30622
29563 27246 1:0 30673
29564 14661 1:0 30493
29564 14667 1:0 30493
29576 14671 1:0 30506
29576 14664 1:0 30506
29576 14662 1:0 30506
29576 14668 1:0 30573
29645 27259 1:0 30629
29685 14078 21:0 29712
29706 27227 1:0 30636
29718 14083 21:0 29740
29739 14082 21:0 29740
29739 14081 21:0 29743
29742 14079 21:0 29743
29742 14080 21:0 29743
29742 14084 21:0 29748
29747 14077 21:0 29751
29748 16947 1:0 30636
29748 17004 1:0 30636
29748 16933 1:0 30636
29748 27236 1:0 30645
29748 14806 1:0 30645
29748 14812 1:0 30645
29748 77 1:0 30673
29748 16942 1:0 30673
29748 14807 1:0 30673
29748 79 1:0 30673
29748 14817 1:0 30673
29748 14810 1:0 30714
29748 16944 1:0 30714
29748 14809 1:0 30714
29749 27162 1:0 30645
29749 75 1:0 30645
29749 14813 1:0 30673
29749 14814 1:0 30673
29749 14815 1:0 30673
29749 14816 1:0 30714
29749 39 1:0 30843
29749 63 1:0 30846
29750 14071 21:0 29751
29750 14075 21:0 29751
29750 14076 21:0 29751
29750 14073 21:0 29751
29750 14072 21:0 29751
29750 14074 21:0 29751
29758 14811 1:0 30727
29758 14808 1:0 30727
29758 14818 1:0 30727
29758 14819 1:0 30814
29758 17079 1:0 30846
29758 51 1:0 30846
29758 27700 1:0 30846
29758 57 1:0 30866
29758 14960 1:0 30866
29764 27193 1:0 30857
29764 17029 1:0 30857
29764 27158 1:0 30857
29767 27388 1:0 29767
29785 27195 1:0 30866
29797 27210 1:0 30866
29797 14959 1:0 30866
29797 61 1:0 30894
29797 14954 1:0 30894
29797 27213 1:0 30894
29797 59 1:0 30894
29797 17001 1:0 30894
29822 27369 1:0 29822
29838 14962 1:0 30894
29838 14961 1:0 30894
29846 14953 1:0 30894
29851 14963 1:0 30894
29854 27362 1:0 29854
29866 14964 1:0 30935
29866 14955 1:0 30935
29867 16999 1:0 30932
29867 14957 1:0 30935
29867 14965 1:0 30948
29867 14956 1:0 30948
29867 14958 1:0 30948
29867 17047 1:0 31064
29867 17056 1:0 31115
29867 41 1:0 31115
29868 14966 1:0 31035
29909 14224 21:0 29935
29917 15101 1:0 31087
29939 14230 21:0 29961
29960 14227 21:0 29961
29960 14229 21:0 29964
29963 14228 21:0 29964
29963 14226 21:0 29964
29963 14231 21:0 29969
29968 14219 21:0 29972
29969 17022 1:0 31070
29969 27194 1:0 31072
29970 17136 1:0 31075
29970 27192 1:0 31082
29970 15106 1:0 31087
29970 15100 1:0 31115
29970 27180 1:0 31115
29970 43 1:0 31115
29970 15113 1:0 31115
29970 15110 1:0 31115
29970 15107 1:0 31115
29970 17058 1:0 31156
29970 23 1:0 31336
29971 14222 21:0 29972
29971 14218 21:0 29972
29971 14225 21:0 29972
29971 14221 21:0 29972
29971 14220 21:0 29972
29971 14223 21:0 29972
29979 27160 1:0 31087
29979 17061 1:0 31087
29979 15112 1:0 31115
29979 15109 1:0 31156
29979 15103 1:0 31156
29979 15104 1:0 31156
29979 15108 1:0 31169
29979 15105 1:0 31169
29979 15102 1:0 31169
29979 17118 1:0 31285
29979 15253 1:0 31308
29985 15111 1:0 31246
29990 27161 1:0 31293
30017 27343 1:0 30017
30018 27159 1:0 31299
30059 21 1:0 31299
30059 26049 1:0 31299
30059 15254 1:0 31308
30059 25 1:0 31336
30059 15248 1:0 31336
30059 17113 1:0 31336
30059 27147 1:0 31336
30070 27335 1:0 30070
30088 27129 1:0 31308
30088 27 1:0 31308
30089 27151 1:0 31308
30100 14365 21:0 30151
30138 15257 1:0 31336
30148 15247 1:0 31336
30148 17115 1:0 31377
30150 14368 21:0 30157
30157 14378 21:0 30182
30181 14374 21:0 30182
30181 14375 21:0 30185
30184 14376 21:0 30185
30184 14373 21:0 30185
30184 14377 21:0 30189
30188 14366 21:0 30193
30190 15255 1:0 31336
30190 15256 1:0 31336
30190 15249 1:0 31377
30190 15258 1:0 31377
30190 15252 1:0 31377
30190 15251 1:0 31390
30190 15250 1:0 31390
30190 15259 1:0 31390
30190 17161 1:0 31506
30191 15260 1:0 31477
30191 27128 1:0 31514
30191 24398 1:0 31517
30191 329 1:0 31517
30191 17140 1:0 31517
30191 17175 1:0 31517
30192 14369 21:0 30193
30192 14371 21:0 30193
30192 14367 21:0 30193
30192 14372 21:0 30193
30192 14370 21:0 30193
30200 27126 1:0 31524
30200 15394 1:0 31526
30200 15401 1:0 31526
30200 9 1:0 31526
30200 15395 1:0 31526
30200 15400 1:0 31526
30200 22747 1:0 31526
30200 17794 1:0 31529
30200 334 1:0 31529
30200 21096 1:0 31529
30200 19445 1:0 31529
30206 16151 1:0 31529
30206 15403 1:0 31557
30206 15404 1:0 31557
30208 17172 1:0 31554
30208 7 1:0 31557
30208 17170 1:0 31557
30208 16143 1:0 31557
30208 27114 1:0 31557
30208 15405 1:0 31557
30211 15399 1:0 31598
30211 15406 1:0 31598
30211 5 1:0 31598
30226 15396 1:0 31598
30226 15397 1:0 31611
30226 15398 1:0 31611
30227 15407 1:0 31611
30229 27311 1:0 30229
30239 15402 1:0 31677
30239 15497 1:0 31699
30239 15496 1:0 31738
30291 27302 1:0 30291
30318 14513 21:0 30370
30369 14514 21:0 30378
30378 14525 21:0 30403
30402 14524 21:0 30403
30402 14522 21:0 30406
30405 14520 21:0 30406
30405 14521 21:0 30406
30405 14523 21:0 30410
30409 14519 21:0 30414
30413 14516 21:0 30414
30413 14517 21:0 30414
30413 14512 21:0 30414
30413 14515 21:0 30414
30413 14518 21:0 30414
30450 27278 1:0 30450
30512 27269 1:0 30512
30549 14662 21:0 30574
30579 14668 21:0 30624
30623 14671 21:0 30624
30623 14667 21:0 30624
30623 14672 21:0 30627
30626 14670 21:0 30627
30626 14669 21:0 30627
30626 14666 21:0 30632
30631 14660 21:0 30635
30634 14663 21:0 30635
30634 14659 21:0 30635
30634 14664 21:0 30635
30634 14665 21:0 30635
30634 14661 21:0 30635
30645 83 1:0 30645
30671 27245 1:0 30671
30790 14813 21:0 30817
30820 14819 21:0 30845
30844 14818 21:0 30845
30844 14816 21:0 30848
30847 14817 21:0 30848
30847 14814 21:0 30848
30847 14815 21:0 30852
30851 14807 21:0 30856
30855 14810 21:0 30856
30855 14809 21:0 30856
30855 14806 21:0 30856
30855 14808 21:0 30856
30855 14812 21:0 30856
30855 14811 21:0 30856
30877 27217 1:0 30877
30901 27211 1:0 30901
30981 14954 21:0 31033
31032 14958 21:0 31040
31041 14966 21:0 31066
31065 14965 21:0 31066
31065 14964 21:0 31069
31068 14963 21:0 31069
31068 14962 21:0 31069
31068 14961 21:0 31073
31072 14953 21:0 31077
31076 14957 21:0 31077
31076 14959 21:0 31077
31076 14960 21:0 31077
31076 14955 21:0 31077
31076 14956 21:0 31077
31087 47 1:0 31087
31122 27175 1:0 31122
31222 15105 21:0 31238
31237 15102 21:0 31244
31243 15103 21:0 31251
31252 15111 21:0 31287
31286 15108 21:0 31287
31286 15109 21:0 31287
31286 15110 21:0 31290
31289 15112 21:0 31290
31289 15113 21:0 31290
31289 15100 21:0 31298
31297 15107 21:0 31298
31297 15101 21:0 31298
31297 15106 21:0 31298
31297 15104 21:0 31298
31369 27138 1:0 31369
31426 15247 21:0 31477
31476 15250 21:0 31483
31483 15260 21:0 31508
31507 15259 21:0 31508
31507 15258 21:0 31511
31510 15255 21:0 31511
31510 15257 21:0 31511
31510 15256 21:0 31515
31514 15248 21:0 31519
31518 15249 21:0 31519
31518 15252 21:0 31519
31518 15251 21:0 31519
31518 15254 21:0 31519
31518 15253 21:0 31519
31667 15398 21:0 31680
31679 15397 21:0 31686
31687 15402 21:0 87
