128 49172 0:0 129
174 48788 21:0 237
236 48493 21:0 308
307 49078 21:0 379
378 49081 21:0 455
454 49076 21:0 457
456 49077 21:0 460
459 48050 21:0 536
535 48344 21:0 607
606 46874 21:0 667
666 47020 21:0 699
698 47170 21:0 769
768 47022 21:0 840
839 47609 21:0 911
910 47755 21:0 976
975 48934 21:0 1011
1010 47172 21:0 1073
1072 47168 21:0 1144
1143 48051 21:0 1215
1214 47315 21:0 1291
1290 48936 21:0 1326
1325 49073 21:0 1351
1350 48935 21:0 1377
1376 47466 21:0 1438
1437 47906 21:0 1472
1471 48052 21:0 1556
1555 48787 21:0 1571
1570 49074 21:0 1571
1570 47169 21:0 1675
1674 48928 21:0 1675
1674 48634 21:0 1675
1674 48778 21:0 1682
1681 48631 21:0 1682
1681 48781 21:0 1682
1681 48782 21:0 1685
1684 47895 21:0 1690
1689 49785 21:0 1693
1692 48492 21:0 1797
1796 329 21:0 1807
1806 47612 21:0 1883
1882 48630 21:0 1916
1915 48636 21:0 1919
1918 47318 21:0 1934
1933 47319 21:0 2038
2037 47023 21:0 2056
2055 47464 21:0 2136
2135 47317 21:0 2173
2172 48640 21:0 2238
2237 47748 21:0 2282
2281 48336 21:0 2285
2284 48042 21:0 2292
2291 47894 21:0 2295
2294 48629 21:0 2300
2299 48494 21:0 2380
2379 47012 21:0 2404
2403 48929 21:0 2407
2406 49070 21:0 2414
2413 47607 21:0 2417
2416 47608 21:0 2499
2498 48195 21:0 2526
2525 46866 21:0 2529
2528 47166 21:0 2536
2535 47610 21:0 2551
2550 47901 21:0 2615
2614 47025 21:0 2658
2657 47454 21:0 2661
2660 47611 21:0 2743
2742 47314 21:0 2783
2782 48041 21:0 2788
2787 47904 21:0 2868
2867 48343 21:0 2905
2904 47167 21:0 2970
2969 47754 21:0 3014
3013 48789 21:0 3027
3026 48637 21:0 3103
3102 48785 21:0 3146
3145 47613 21:0 3180
3374 298 21:0 3440
4610 51256 21:0 4643
4651 312 1:0 47043
6733 299 21:0 6799
10092 300 21:0 10158
11369 313 1:0 50402
13451 301 21:0 13517
14687 55669 21:0 14720
14728 314 1:0 53761
16810 302 21:0 16876
20169 303 21:0 20235
21446 315 1:0 57120
23528 304 21:0 23594
24764 60082 21:0 24797
26887 305 21:0 26953
28164 316 1:0 60479
30246 306 21:0 30312
31523 317 1:0 63838
33605 307 21:0 33671
34841 64495 21:0 34874
36964 308 21:0 37030
38241 318 1:0 67197
40323 309 21:0 40389
41600 319 1:0 70556
43682 310 21:0 43748
44918 68908 21:0 44951
47041 311 21:0 47107
48318 320 1:0 73915
50400 312 21:0 50466
51677 321 1:0 77274
53759 313 21:0 53825
54995 73321 21:0 55028
57118 314 21:0 57184
58395 322 1:0 80633
60477 315 21:0 60543
61754 323 1:0 83992
63836 316 21:0 63902
65072 77734 21:0 65105
67195 317 21:0 67261
68472 324 1:0 87351
70554 318 21:0 70620
71831 325 1:0 90710
73913 319 21:0 73979
75149 82147 21:0 75182
77272 320 21:0 77338
80631 321 21:0 80697
81908 326 1:0 94069
83990 322 21:0 84056
87349 323 21:0 87415
88626 327 1:0 97428
90708 324 21:0 90774
94067 325 21:0 94133
95344 328 1:0 100787
97426 326 21:0 97492
98703 47613 1:0 101766
98703 48785 1:0 101842
98704 48637 1:0 101918
98925 49902 21:0 98928
99308 50071 21:0 99321
99439 50128 21:0 99452
99711 50244 21:0 99714
99832 50299 21:0 99845
99844 50301 21:0 99848
99963 50356 21:0 99976
99975 50358 21:0 99979
100094 50413 21:0 100107
100225 50470 21:0 100238
100237 50472 21:0 100241
100356 50527 21:0 100369
100368 50529 21:0 100372
100487 50584 21:0 100500
100499 50586 21:0 100503
100628 50643 21:0 100631
100630 50641 21:0 100634
100749 50698 21:0 100762
100761 50700 21:0 100765
100785 327 21:0 100851
100850 5 21:0 100851
100850 7 21:0 100856
100853 93407 21:0 100853
100858 93409 21:0 100858
100883 25 21:0 100911
100910 23 21:0 100916
100929 93440 21:0 100929
100934 93442 21:0 100934
100959 43 21:0 100987
100986 41 21:0 100992
101031 59 21:0 101063
101107 77 21:0 101139
101138 79 21:0 101144
101162 93541 21:0 101162
101165 93542 21:0 101165
101183 95 21:0 101215
101238 93573 21:0 101238
101309 93605 21:0 101309
101314 93606 21:0 101314
101339 133 21:0 101367
101366 131 21:0 101372
101385 93638 21:0 101385
101466 93672 21:0 101466
101469 93674 21:0 101469
101537 93704 21:0 101537
101563 185 21:0 101595
101639 203 21:0 101671
101719 223 21:0 101747
101748 223 1:0 101918
101748 79 1:0 101918
101748 41 1:0 101918
101748 131 1:0 101994
101748 95 1:0 101994
101748 50641 1:0 101994
101748 48789 1:0 101994
101748 47754 1:0 101999
101748 47167 1:0 102063
101765 93803 21:0 101765
101795 241 21:0 101823
101846 93837 21:0 101846
101871 259 21:0 101899
101898 257 21:0 101904
101917 93869 21:0 101917
101922 93871 21:0 101922
101922 93870 21:0 101922
101925 93872 21:0 101925
101961 341 21:0 101975
101993 93902 21:0 101993
102023 49249 21:0 102028
102034 49793 21:0 102054
102053 293 21:0 102057
102063 48343 1:0 102100
102063 257 1:0 102100
102063 259 1:0 102100
102063 341 1:0 102100
102071 93902 1:0 102071
102072 47904 1:0 102190
102072 48041 1:0 102197
102072 49902 1:0 102268
102072 47314 1:0 102285
102072 241 1:0 102285
102072 47611 1:0 102328
102072 47454 1:0 102334
102072 47025 1:0 102437
102078 47901 1:0 102448
102078 50071 1:0 102468
102078 203 1:0 102468
102078 47610 1:0 102468
102080 47166 1:0 102485
102080 46866 1:0 102547
102083 47608 1:0 102590
102098 48195 1:0 102599
102098 47607 1:0 102599
102099 49070 1:0 102616
102099 48929 1:0 102678
102111 48494 1:0 102721
102152 48629 1:0 102730
102184 93872 1:0 102184
102191 93870 1:0 102191
102192 93871 1:0 102192
102193 47012 1:0 102730
102193 50128 1:0 102758
102193 185 1:0 102776
102193 47894 1:0 102776
102193 48042 1:0 102830
102193 48336 1:0 102841
102193 298 1:0 102852
102194 50244 1:0 102922
102194 48640 1:0 102940
102194 50301 1:0 102940
102194 47317 1:0 102983
102202 93869 1:0 102202
102203 50358 1:0 103053
102203 133 1:0 103071
102203 47464 1:0 103071
102203 47023 1:0 103114
102203 50299 1:0 103189
102203 47319 1:0 103202
102203 50356 1:0 103202
102203 47318 1:0 103245
102209 48636 1:0 103254
102209 47748 1:0 103254
102209 47612 1:0 103365
102211 50413 1:0 103365
102211 47160 1:0 103385
102213 329 1:0 103376
102214 48630 1:0 103385
102230 48492 1:0 103496
102230 50643 1:0 103496
102230 77 1:0 103507
102230 50472 1:0 103507
102230 49785 1:0 103507
102242 50470 1:0 103507
102242 47159 1:0 103516
102242 47895 1:0 103516
102322 93837 1:0 102322
102324 47169 1:0 103627
102324 50529 1:0 103627
102324 48787 1:0 103647
102324 59 1:0 103647
102324 50527 1:0 103647
102325 50586 1:0 103758
102325 48052 1:0 103758
102325 50584 1:0 103778
102325 43 1:0 103778
102325 47906 1:0 103778
102334 47466 1:0 103889
102334 23 1:0 103889
102334 48935 1:0 103909
102334 25 1:0 103909
102334 50700 1:0 103909
102334 48936 1:0 104020
102334 50698 1:0 104020
102334 7 1:0 104040
102334 5 1:0 104040
102334 47315 1:0 104040
102340 48051 1:0 104208
102342 47168 1:0 104284
102345 47172 1:0 104360
102360 293 1:0 105120
102361 48934 1:0 104436
102373 47755 1:0 104512
102455 47609 1:0 104588
102455 47022 1:0 104664
102456 47170 1:0 104740
102456 47020 1:0 104816
102464 93803 1:0 102464
102465 46874 1:0 104892
102465 47461 1:0 104968
102465 48344 1:0 105044
102465 47465 1:0 105120
102471 47024 1:0 105196
102536 50014 21:0 102549
102857 93704 1:0 102857
102939 50187 21:0 102942
102970 93674 1:0 102970
102977 93672 1:0 102977
103060 50242 21:0 103073
103119 93638 1:0 103119
103201 50301 21:0 103204
103239 93606 1:0 103239
103250 93605 1:0 103250
103370 93573 1:0 103370
103494 93542 1:0 103494
103502 93541 1:0 103502
103895 93442 1:0 103895
103905 93440 1:0 103905
104026 93409 1:0 104026
104036 93407 1:0 104036
104118 50700 21:0 104121
104144 328 21:0 104210
104217 94880 21:0 104217
104288 94911 21:0 104288
104293 94913 21:0 104293
104293 94912 21:0 104293
104296 94914 21:0 104296
104364 94944 21:0 104364
104369 94946 21:0 104369
104369 94945 21:0 104369
104372 94947 21:0 104372
104440 94977 21:0 104440
104445 94978 21:0 104445
104445 94979 21:0 104445
104448 94980 21:0 104448
104516 95010 21:0 104516
104521 95011 21:0 104521
104524 95013 21:0 104524
104592 95043 21:0 104592
104597 95045 21:0 104597
104597 95044 21:0 104597
104600 95046 21:0 104600
104668 95076 21:0 104668
104673 95077 21:0 104673
104673 95078 21:0 104673
104744 95109 21:0 104744
104749 95110 21:0 104749
104752 95112 21:0 104752
104774 151 21:0 104802
104820 95142 21:0 104820
104825 95143 21:0 104825
104828 95145 21:0 104828
104846 167 21:0 104878
104896 95175 21:0 104896
104901 95176 21:0 104901
104901 95177 21:0 104901
104972 95208 21:0 104972
104977 95210 21:0 104977
104977 95209 21:0 104977
104980 95211 21:0 104980
105053 95243 21:0 105053
105053 95242 21:0 105053
105056 95244 21:0 105056
105074 221 21:0 105106
105094 341 0:0 105096
105129 95276 21:0 105129
105133 341 1:0 105133
105137 341 21:0 105146
105153 341 1:0 105161
105168 341 21:0 105182
105181 49793 1:0 105196
105186 341 1:0 105196
105197 47316 1:0 105272
105213 341 21:0 105222
105229 341 1:0 105237
105244 341 21:0 105258
105257 47016 1:0 105261
105262 341 1:0 105272
105262 47017 1:0 105272
105273 46878 1:0 105348
105289 341 21:0 105298
105305 341 1:0 105313
105333 46869 1:0 105337
105338 47164 1:0 105348
105342 49249 1:0 105348
105349 46873 1:0 105421
105389 46870 1:0 105421
105422 46877 1:0 105441
105436 46867 1:0 105441
105436 46868 1:0 105441
105442 46875 1:0 105602
105496 341 21:0 105506
105527 47161 1:0 105593
105578 341 1:0 105593
105594 47163 1:0 105642
105612 46875 21:0 105658
105643 48050 1:0 105662
105657 47014 1:0 105662
105657 47015 1:0 105662
105657 46877 21:0 105730
105663 47021 1:0 105814
105725 341 0:0 105727
105729 46868 21:0 105746
105745 46867 21:0 105746
105745 46870 21:0 105749
105748 46869 21:0 105805
105748 47462 1:0 105877
105820 47021 21:0 105879
105878 47165 1:0 105883
105878 46873 21:0 105938
105884 47171 1:0 106054
105928 341 1:0 105929
105937 47014 21:0 105960
105946 341 0:0 105948
105959 47015 21:0 105967
105966 47017 21:0 105970
105969 47016 21:0 105990
105969 47162 1:0 106005
106011 47162 21:0 106058
106030 221 1:0 106063
106062 48782 1:0 106087
106064 47171 21:0 106100
106087 82147 1:0 106098
106093 95276 1:0 106093
106095 299 1:0 3376
106095 151 1:0 106098
106095 167 1:0 106098
106095 50014 1:0 106098
106095 47311 1:0 106107
106095 77734 1:0 106107
106099 47165 21:0 106106
106101 300 1:0 6735
106101 301 1:0 10094
106104 302 1:0 13453
106104 303 1:0 16812
106104 304 1:0 20171
106104 305 1:0 23530
106104 306 1:0 26889
106104 307 1:0 30248
106104 50242 1:0 106107
106104 50700 1:0 106107
106104 47308 1:0 106135
106104 341 1:0 106150
106104 73321 1:0 106171
106105 47163 21:0 106106
106105 47161 21:0 106106
106105 47164 21:0 106109
106107 47310 1:0 106171
106107 47309 1:0 106171
106107 47456 1:0 106319
106108 47159 21:0 106134
106110 308 1:0 33607
106110 309 1:0 36966
106110 310 1:0 40325
106112 311 1:0 43684
106114 68908 1:0 106271
106114 47605 1:0 106319
106115 64495 1:0 106308
106115 60082 1:0 106319
106130 50301 1:0 106319
106130 55669 1:0 106328
106130 47458 1:0 106328
106130 47455 1:0 106328
106131 47457 1:0 106328
106131 51256 1:0 106344
106131 49077 1:0 106407
106133 47160 21:0 106188
106143 49076 1:0 106526
106143 47905 1:0 106546
106184 47604 1:0 106546
106184 47603 1:0 106546
106189 47602 1:0 106667
106189 47759 1:0 106747
106192 50187 1:0 106747
106192 48191 1:0 107430
106192 48192 1:0 107430
106212 47750 1:0 106767
106212 47752 1:0 106767
106212 47756 1:0 106767
106213 47749 1:0 106888
106213 47758 1:0 106929
106232 47309 21:0 106279
106278 46878 21:0 106321
106306 95244 1:0 106306
106313 95242 1:0 106313
106314 95243 1:0 106314
106315 47751 1:0 106898
106315 47757 1:0 106928
106315 47760 1:0 106939
106315 47899 1:0 106967
106316 47903 1:0 106988
106316 47897 1:0 106988
106316 47896 1:0 106988
106316 47898 1:0 107119
106316 47902 1:0 107139
106320 47316 21:0 106393
106322 47907 1:0 107160
106322 48046 1:0 107189
106325 48196 1:0 107209
106325 48045 1:0 107209
106325 48043 1:0 107209
106325 48044 1:0 107331
106325 48049 1:0 107360
106325 48053 1:0 107380
106325 48193 1:0 107409
106325 48493 1:0 107430
106331 48190 1:0 107551
106331 48199 1:0 107592
106333 48197 1:0 107582
106336 48198 1:0 107591
106352 48200 1:0 107601
106364 48201 1:0 107602
106364 48337 1:0 107630
106369 48642 1:0 107651
106369 48338 1:0 107651
106369 48339 1:0 107651
106392 47310 21:0 106409
106405 48340 1:0 107783
106405 48347 1:0 107822
106408 47308 21:0 106412
106411 47311 21:0 106412
106418 48345 1:0 107812
106434 48346 1:0 107813
106435 48348 1:0 107823
106435 48487 1:0 107852
106483 47462 21:0 106542
106527 95211 1:0 106527
106534 95209 1:0 106534
106535 95210 1:0 106535
106536 48485 1:0 107872
106536 48495 1:0 107872
106536 48486 1:0 107872
106536 48631 1:0 108073
106536 48634 1:0 108093
106537 48484 1:0 107993
106537 48490 1:0 108023
106537 48491 1:0 108024
106537 48641 1:0 108093
106537 48633 1:0 108093
106541 47024 21:0 106601
106543 48639 1:0 108254
106545 95208 1:0 106545
106546 48632 1:0 108215
106546 48781 1:0 108294
106546 48788 1:0 108314
106546 48780 1:0 108314
106546 48778 1:0 108314
106546 48779 1:0 108436
106546 48784 1:0 108465
106546 48786 1:0 108475
106546 48928 1:0 108515
106546 49074 1:0 108735
106546 49072 1:0 108756
106546 49075 1:0 108888
106546 49173 1:0 108969
106552 48927 1:0 108535
106552 48926 1:0 108535
106552 48931 1:0 108535
106554 48925 1:0 108656
106554 48932 1:0 108687
106557 48933 1:0 108696
106573 49081 1:0 108756
106573 49073 1:0 108756
106585 49078 1:0 108907
106590 49079 1:0 108908
106600 47457 21:0 106623
106602 49172 1:0 108968
106622 47455 21:0 106630
106626 49080 1:0 108917
106629 47458 21:0 106633
106632 47456 21:0 106653
106639 49083 1:0 108926
106655 49082 1:0 108927
106677 47602 21:0 106723
106722 47465 21:0 106763
106755 95176 1:0 106755
106756 95177 1:0 106756
106762 47461 21:0 106835
106766 95175 1:0 106766
106834 47604 21:0 106851
106850 47603 21:0 106854
106853 47605 21:0 106854
106935 47758 21:0 106984
106968 47757 0:0 106970
106969 95145 1:0 106969
106969 47760 0:0 106970
106969 47751 0:0 106970
106976 95143 1:0 106976
106983 47756 21:0 107053
106987 95142 1:0 106987
107052 47749 21:0 107067
107066 47752 21:0 107072
107071 47750 21:0 107075
107149 47902 21:0 107205
107190 95112 1:0 107190
107190 47907 0:0 107191
107197 95110 1:0 107197
107204 47759 21:0 107274
107208 95109 1:0 107208
107273 47898 21:0 107286
107285 47896 21:0 107293
107292 47897 21:0 107296
107295 47899 21:0 107321
107370 48049 21:0 107426
107410 48053 0:0 107412
107418 95077 1:0 107418
107419 95078 1:0 107419
107425 47903 21:0 107495
107429 95076 1:0 107429
107494 48044 21:0 107507
107506 48043 21:0 107514
107513 48045 21:0 107517
107598 48199 21:0 107647
107631 48198 0:0 107633
107631 48197 0:0 107633
107632 95046 1:0 107632
107632 48200 0:0 107633
107632 48201 0:0 107633
107639 95044 1:0 107639
107640 95045 1:0 107640
107646 48196 21:0 107716
107650 95043 1:0 107650
107715 48190 21:0 107730
107729 48192 21:0 107735
107734 48191 21:0 107738
107832 48347 21:0 107868
107853 95013 1:0 107853
107853 48348 0:0 107854
107853 48346 0:0 107854
107853 48345 0:0 107854
107860 95011 1:0 107860
107867 47905 21:0 107946
107871 95010 1:0 107871
107945 48340 21:0 107956
107955 48339 21:0 107959
107958 48338 21:0 107964
108033 48490 21:0 108089
108074 94980 1:0 108074
108074 48491 0:0 108075
108081 94978 1:0 108081
108082 94979 1:0 108082
108088 48495 21:0 108158
108092 94977 1:0 108092
108157 48484 21:0 108170
108169 48485 21:0 108177
108176 48486 21:0 108180
108179 48337 21:0 108205
108204 48487 21:0 108262
108264 48639 21:0 108310
108295 94947 1:0 108295
108302 94945 1:0 108302
108303 94946 1:0 108303
108309 48641 21:0 108382
108313 94944 1:0 108313
108381 48632 21:0 108398
108397 48633 21:0 108398
108397 48046 21:0 108401
108485 48786 21:0 108531
108516 94914 1:0 108516
108516 48784 0:0 108517
108523 94912 1:0 108523
108524 94913 1:0 108524
108530 48642 21:0 108603
108534 94911 1:0 108534
108602 48779 21:0 108619
108618 48193 21:0 108619
108618 48780 21:0 108622
108693 48932 21:0 108752
108736 48933 0:0 108738
108745 94880 1:0 108745
108751 48931 21:0 108811
108810 48925 21:0 108833
108832 48927 21:0 108840
108839 48926 21:0 108843
108927 49080 0:0 108957
108937 49082 0:0 108957
108956 49072 21:0 108957
108956 49083 0:0 108957
108956 49079 0:0 108957
108956 49075 21:0 108957
108975 49173 21:0 175
