87 15407 21:0 123
122 15405 21:0 128
127 15404 21:0 139
138 15402 21:0 139
138 15403 21:0 139
138 341 21:0 144
143 15569 21:0 149
148 15496 21:0 149
148 15557 21:0 149
148 15396 21:0 149
148 15394 21:0 149
148 15398 21:0 149
148 15397 21:0 149
148 15497 21:0 149
148 15399 21:0 149
148 15401 21:0 149
148 15395 21:0 149
149 15572 21:0 215
214 15570 21:0 220
219 15588 21:0 220
219 5 21:0 222
221 15590 21:0 222
222 15604 21:0 243
242 15602 21:0 291
290 15605 21:0 296
295 25 21:0 296
295 41 21:0 298
298 15637 21:0 319
318 15603 21:0 367
366 15636 21:0 372
371 15656 21:0 372
371 59 21:0 374
373 15623 21:0 374
374 15669 21:0 395
394 15668 21:0 443
442 15687 21:0 443
442 15689 21:0 443
442 79 21:0 445
445 15701 21:0 453
452 15703 21:0 503
502 15702 21:0 519
518 21 21:0 519
518 3 21:0 519
518 99 21:0 521
520 15722 21:0 521
521 15734 21:0 529
528 15735 21:0 579
578 15671 21:0 595
594 15737 21:0 605
604 15585 21:0 605
604 111 21:0 605
604 93 21:0 605
604 83 21:0 605
604 39 21:0 605
604 15755 21:0 605
605 15770 21:0 671
670 15769 21:0 676
675 15778 21:0 676
675 133 21:0 676
675 131 21:0 678
677 15788 21:0 678
678 15802 21:0 699
698 15800 21:0 747
746 15768 21:0 752
751 15792 21:0 757
756 135 21:0 757
756 15821 21:0 757
756 15816 21:0 757
756 15832 21:0 757
757 15836 21:0 823
822 15803 21:0 828
827 15736 21:0 833
832 15704 21:0 899
898 15635 21:0 904
903 15835 21:0 909
908 15638 21:0 964
963 15767 21:0 980
979 15900 21:0 985
984 15868 21:0 1040
1039 15801 21:0 1056
1055 15902 21:0 1061
1060 15833 21:0 1116
1115 15866 21:0 1132
1129 15998 21:0 1129
1131 15901 21:0 1137
1134 16000 21:0 1134
1136 15867 21:0 1187
1186 15869 21:0 1203
1202 15968 21:0 1213
1212 15935 21:0 1221
1220 15965 21:0 1221
1220 15571 21:0 1268
1267 15834 21:0 1284
1283 15934 21:0 1289
1288 16032 21:0 1344
1343 15933 21:0 1360
1357 16097 21:0 1357
1359 15999 21:0 1365
1362 16099 21:0 1362
1362 16098 21:0 1362
1364 16001 21:0 1415
1365 16100 21:0 1365
1414 317 1:0 1427
1414 15670 21:0 1436
1430 321 1:0 1432
1435 319 1:0 1437
1435 16065 21:0 1441
1440 151 21:0 1441
1440 123 21:0 1441
1440 15660 21:0 1441
1440 149 21:0 1446
1445 63 21:0 1456
1455 15887 21:0 1456
1455 16052 21:0 1456
1455 15920 21:0 1456
1455 15854 21:0 1456
1455 16019 21:0 1456
1455 113 21:0 1456
1455 115 21:0 1456
1455 43 21:0 1456
1455 353 21:0 1461
1461 16143 21:0 1471
1470 15899 21:0 1495
1494 15932 21:0 1502
1501 16031 21:0 1505
1504 16067 21:0 1513
1506 353 1:0 1553
1512 16066 21:0 1548
1547 15967 21:0 1614
1549 16066 1:0 1656
1613 16100 1:0 1613
1613 16033 21:0 1617
1616 16064 21:0 1627
1619 16098 1:0 1619
1620 16099 1:0 1620
1626 16034 21:0 1632
1629 16097 1:0 1629
1631 15966 21:0 1635
1634 16192 21:0 1635
1634 16203 21:0 1639
1638 16085 21:0 1639
1639 16231 21:0 1661
1640 16085 1:0 1656
1640 16067 1:0 1734
1640 16065 1:0 1740
1640 16064 1:0 1750
1640 16052 1:0 1771
1640 16034 1:0 1778
1660 16228 21:0 1695
1694 16224 21:0 1709
1708 16174 21:0 1712
1711 16171 21:0 1736
1735 16167 21:0 1736
1735 15555 21:0 1736
1735 319 21:0 1739
1738 16260 21:0 1739
1738 317 21:0 1739
1738 321 21:0 1739
1738 16258 21:0 1742
1741 15953 21:0 1742
1741 15986 21:0 1742
1742 16281 21:0 1746
1745 16151 21:0 1746
1745 167 21:0 1746
1745 16249 21:0 1746
1745 16201 21:0 1746
1745 329 21:0 1746
1745 16263 21:0 1746
1745 16206 21:0 1746
1745 275 21:0 1746
1745 185 21:0 1746
1745 81 21:0 1746
1745 23 21:0 1746
1747 275 1:0 1778
1747 16033 1:0 1856
1747 16032 1:0 1862
1747 16031 1:0 1872
1747 16019 1:0 1895
1747 16001 1:0 1978
1747 15999 1:0 1984
1747 15966 1:0 2022
1747 15986 1:0 2022
1747 15968 1:0 2100
1747 15967 1:0 2107
1747 15965 1:0 2116
1747 15933 1:0 2144
1747 15953 1:0 2144
1747 15935 1:0 2222
1747 15934 1:0 2229
1747 15932 1:0 2238
1747 15901 1:0 2266
1747 15920 1:0 2266
1747 15902 1:0 2344
1747 15900 1:0 2350
1747 15899 1:0 2360
1752 16285 21:0 1754
1752 15887 1:0 2381
1752 15869 1:0 2388
1752 185 1:0 2388
1755 15867 1:0 2466
1761 16288 21:0 1783
1762 15868 1:0 2473
1786 16306 21:0 1817
1820 16315 21:0 1822
1829 16317 21:0 1831
1838 16320 21:0 1858
1864 16338 21:0 1868
1865 15866 1:0 2482
1866 167 1:0 2507
1866 15834 1:0 2510
1866 15854 1:0 2510
1866 15836 1:0 2588
1874 16342 21:0 1876
1874 15835 1:0 2595
1874 15832 1:0 2598
1874 15833 1:0 2604
1880 15801 1:0 2632
1883 16345 21:0 1905
1884 149 1:0 2625
1884 15821 1:0 2625
1884 15816 1:0 2632
1884 151 1:0 2632
1908 16363 21:0 1939
1942 16372 21:0 1944
1951 16374 21:0 1953
1960 16377 21:0 1980
1986 16000 1:0 1986
1986 16395 21:0 1990
1987 15803 1:0 2710
1988 15802 1:0 2717
1988 15800 1:0 2726
1988 133 1:0 2728
1988 131 1:0 2728
1988 135 1:0 2728
1995 15998 1:0 1995
1996 16399 21:0 1998
1996 15792 1:0 2739
1996 15788 1:0 2754
1996 15778 1:0 2754
1996 15768 1:0 2754
1999 15770 1:0 2832
2005 16402 21:0 2027
2006 15769 1:0 2839
2020 123 1:0 2842
2030 16420 21:0 2061
2064 16429 21:0 2066
2073 16431 21:0 2075
2082 16434 21:0 2102
2108 16452 21:0 2112
2109 15767 1:0 2848
2110 113 1:0 2864
2110 115 1:0 2873
2110 15755 1:0 2876
2110 111 1:0 2876
2110 15736 1:0 2876
2110 15737 1:0 2954
2118 16456 21:0 2120
2118 15735 1:0 2960
2121 15734 1:0 2970
2127 16459 21:0 2149
2128 15704 1:0 2998
2128 15722 1:0 2998
2128 93 1:0 2998
2128 99 1:0 2998
2152 16477 21:0 2183
2186 16486 21:0 2188
2195 16488 21:0 2197
2204 16491 21:0 2224
2230 16509 21:0 2234
2231 15702 1:0 3076
2232 15703 1:0 3083
2232 15701 1:0 3092
2232 83 1:0 3094
2240 16513 21:0 2242
2240 81 1:0 3108
2240 79 1:0 3117
2240 15687 1:0 3120
2240 15670 1:0 3120
2240 15689 1:0 3120
2243 15671 1:0 3198
2249 16516 21:0 2271
2250 15669 1:0 3204
2274 16534 21:0 2305
2308 16543 21:0 2310
2317 16545 21:0 2319
2326 16548 21:0 2346
2352 16566 21:0 2356
2353 15668 1:0 3214
2354 15660 1:0 3227
2354 63 1:0 3230
2354 59 1:0 3239
2354 15638 1:0 3242
2354 15656 1:0 3242
2354 15636 1:0 3320
2362 16570 21:0 2364
2362 15637 1:0 3327
2365 15635 1:0 3336
2371 16573 21:0 2393
2372 15623 1:0 3357
2372 43 1:0 3357
2372 41 1:0 3364
2372 15603 1:0 3364
2372 39 1:0 3364
2396 16591 21:0 2427
2430 16600 21:0 2432
2439 16602 21:0 2441
2448 16605 21:0 2468
2474 16623 21:0 2478
2475 15605 1:0 3442
2476 15604 1:0 3449
2476 15602 1:0 3458
2476 23 1:0 3460
2476 21 1:0 3460
2476 25 1:0 3460
2484 16627 21:0 2486
2484 15590 1:0 3486
2484 15571 1:0 3486
2484 15585 1:0 3486
2484 15588 1:0 3486
2490 15572 1:0 3564
2493 16630 21:0 2515
2508 15570 1:0 3570
2509 335 1:0 3684
2518 16648 21:0 2549
2552 16657 21:0 2554
2561 16659 21:0 2563
2570 16662 21:0 2590
2596 16680 21:0 2600
2597 15569 1:0 3580
2597 15555 1:0 3616
2597 15557 1:0 3616
2597 5 1:0 3650
2597 3 1:0 3659
2598 317 1:0 5036
2606 16684 21:0 2608
2615 16687 21:0 2637
2640 16705 21:0 2671
2674 16714 21:0 2676
2683 16716 21:0 2685
2692 16719 21:0 2712
2718 16737 21:0 2722
2728 16741 21:0 2730
2737 16744 21:0 2759
2762 16762 21:0 2793
2796 16771 21:0 2798
2805 16773 21:0 2807
2814 16776 21:0 2834
2840 16794 21:0 2844
2850 16798 21:0 2852
2859 16801 21:0 2881
2884 16819 21:0 2915
2918 16828 21:0 2920
2927 16830 21:0 2929
2936 16833 21:0 2956
2962 16851 21:0 2966
2972 16855 21:0 2974
2981 16858 21:0 3003
3006 16876 21:0 3037
3040 16885 21:0 3042
3049 16887 21:0 3051
3058 16890 21:0 3078
3084 16908 21:0 3088
3094 16912 21:0 3096
3103 16915 21:0 3125
3128 16933 21:0 3159
3162 16942 21:0 3164
3171 16944 21:0 3173
3180 16947 21:0 3200
3206 16965 21:0 3210
3216 16969 21:0 3218
3225 16972 21:0 3247
3250 16990 21:0 3281
3284 16999 21:0 3286
3293 17001 21:0 3295
3302 17004 21:0 3322
3328 17022 21:0 3332
3338 17026 21:0 3340
3347 17029 21:0 3369
3372 17047 21:0 3403
3406 17056 21:0 3408
3415 17058 21:0 3417
3424 17061 21:0 3444
3450 17079 21:0 3454
3460 17083 21:0 3462
3469 17086 21:0 3491
3494 17104 21:0 3525
3528 17113 21:0 3530
3537 17115 21:0 3539
3546 17118 21:0 3566
3572 17136 21:0 3576
3582 17140 21:0 3584
3591 17143 21:0 3613
3616 17161 21:0 3647
3650 17170 21:0 3652
3659 17172 21:0 3661
3682 334 21:0 3700
3699 17198 21:0 3732
3731 5 21:0 3732
3731 3 21:0 3737
3736 7 21:0 3737
3736 17175 21:0 3737
3736 17208 21:0 3737
3739 335 21:0 3748
3747 17199 21:0 3748
3747 17205 21:0 3748
3750 17220 21:0 3758
3757 17219 21:0 3758
3757 17207 21:0 3758
3758 17223 21:0 3824
3823 17222 21:0 3829
3828 17221 21:0 3834
3833 17253 21:0 3900
3899 17256 21:0 3905
3904 17286 21:0 3910
3909 21 21:0 3910
3909 17241 21:0 3910
3910 17289 21:0 3976
3975 17255 21:0 3981
3980 17287 21:0 3986
3985 17274 21:0 3986
3985 17307 21:0 3986
3985 41 21:0 3986
3985 61 21:0 3986
3985 23 21:0 3986
3985 25 21:0 3986
3985 59 21:0 3986
3986 17322 21:0 4052
4051 17320 21:0 4057
4056 17352 21:0 4062
4061 17354 21:0 4128
4127 17370 21:0 4128
4127 17305 21:0 4128
4127 17357 21:0 4128
4127 17373 21:0 4130
4129 17340 21:0 4130
4130 17385 21:0 4138
4137 17321 21:0 4188
4187 17388 21:0 4204
4203 17355 21:0 4214
4213 17386 21:0 4264
4263 17418 21:0 4280
4279 17288 21:0 4290
4289 39 21:0 4290
4289 17439 21:0 4290
4289 135 21:0 4290
4289 131 21:0 4290
4289 97 21:0 4290
4289 57 21:0 4290
4289 31 21:0 4290
4289 121 21:0 4290
4289 115 21:0 4290
4290 17454 21:0 4356
4355 17453 21:0 4361
4360 17319 21:0 4366
4365 17452 21:0 4432
4431 17254 21:0 4437
4436 17420 21:0 4442
4441 17451 21:0 4497
4496 17353 21:0 4513
4512 17421 21:0 4518
4517 17387 21:0 4573
4572 17419 21:0 4589
4588 17517 21:0 4594
4593 17484 21:0 4644
4643 17518 21:0 4660
4659 17519 21:0 4670
4669 17487 21:0 4720
4719 17486 21:0 4736
4735 17485 21:0 4746
4745 17520 21:0 4796
4795 17552 21:0 4812
4811 17551 21:0 4819
4818 17550 21:0 4836
4822 17685 21:0 4822
4835 17553 21:0 4888
4887 17583 21:0 4893
4890 17715 21:0 4890
4892 17586 21:0 4912
4895 17716 21:0 4895
4895 17717 21:0 4895
4898 17718 21:0 4898
4911 17585 21:0 4964
4963 17584 21:0 4969
4966 17748 21:0 4966
4968 17616 21:0 4974
4971 17749 21:0 4971
4971 17750 21:0 4971
4973 17618 21:0 5040
4974 17751 21:0 4974
5039 321 1:0 5041
5039 17617 21:0 5045
5044 319 1:0 5046
5044 17619 21:0 5050
5049 329 1:0 5061
5049 17339 21:0 5065
5064 17571 21:0 5065
5064 17406 21:0 5065
5064 17505 21:0 5065
5064 17736 21:0 5065
5064 17472 21:0 5065
5064 17769 21:0 5070
5069 17538 21:0 5070
5070 17794 21:0 5080
5079 16151 1:0 5081
5079 17650 21:0 5106
5105 16167 1:0 5107
5105 17649 21:0 5114
5113 17651 21:0 5117
5115 16171 1:0 5118
5116 17652 21:0 5126
5118 16174 1:0 5128
5118 16192 1:0 5155
5118 17769 1:0 5158
5118 16201 1:0 5190
5118 16203 1:0 5200
5118 16206 1:0 5210
5118 16224 1:0 5238
5121 16228 1:0 5249
5121 16231 1:0 5259
5121 16249 1:0 5286
5121 17736 1:0 5289
5121 16258 1:0 5321
5121 16260 1:0 5331
5121 16263 1:0 5341
5121 16281 1:0 5369
5121 16285 1:0 5380
5121 16288 1:0 5390
5121 16306 1:0 5392
5121 16320 1:0 5392
5121 16315 1:0 5404
5121 16317 1:0 5411
5125 17682 21:0 5154
5153 17683 21:0 5234
5233 17751 1:0 5233
5233 17684 21:0 5237
5236 17364 21:0 5245
5238 17684 1:0 5494
5238 16338 1:0 5500
5238 17683 1:0 5501
5238 16342 1:0 5511
5238 17682 1:0 5512
5238 16345 1:0 5521
5238 16377 1:0 5524
5238 16363 1:0 5535
5238 16372 1:0 5535
5238 17652 1:0 5542
5238 16374 1:0 5542
5238 17651 1:0 5625
5240 17749 1:0 5240
5241 17750 1:0 5241
5242 16395 1:0 5631
5242 17650 1:0 5632
5243 16399 1:0 5642
5243 17649 1:0 5643
5244 17232 21:0 5245
5244 11 21:0 5245
5244 16224 21:0 5248
5246 16402 1:0 5652
5246 16420 1:0 5654
5246 16434 1:0 5654
5246 16429 1:0 5666
5246 17619 1:0 5673
5247 16203 21:0 5248
5247 111 21:0 5248
5247 16201 21:0 5248
5247 16171 21:0 5248
5247 16174 21:0 5248
5247 16192 21:0 5251
5251 17748 1:0 5251
5251 16228 21:0 5254
5253 16167 21:0 5254
5253 319 21:0 5257
5256 329 21:0 5257
5256 321 21:0 5257
5256 16206 21:0 5257
5256 317 21:0 5257
5256 17604 21:0 5257
5256 17637 21:0 5257
5256 16151 21:0 5257
5258 17637 1:0 5666
5258 16431 1:0 5673
5258 17617 1:0 5756
5258 16452 1:0 5762
5258 17618 1:0 5764
5258 16456 1:0 5773
5258 17616 1:0 5774
5258 16459 1:0 5783
5258 17604 1:0 5786
5258 16491 1:0 5797
5258 16477 1:0 5797
5258 16486 1:0 5797
5258 16488 1:0 5804
5258 17584 1:0 5804
5261 16231 21:0 5285
5279 17586 1:0 5887
5288 16249 21:0 5320
5323 16258 21:0 5326
5333 16260 21:0 5336
5343 16263 21:0 5365
5364 17718 1:0 5364
5371 17716 1:0 5371
5371 16281 21:0 5376
5372 17717 1:0 5372
5373 16509 1:0 5893
5373 17585 1:0 5895
5374 16513 1:0 5904
5374 17583 1:0 5905
5374 16534 1:0 5928
5374 17553 1:0 5935
5382 17715 1:0 5382
5382 16285 21:0 5385
5383 16516 1:0 5914
5383 17571 1:0 5917
5383 16548 1:0 5917
5383 16543 1:0 5928
5383 16545 1:0 5935
5383 17551 1:0 6018
5389 16566 1:0 6024
5389 17552 1:0 6026
5392 16288 21:0 5416
5409 17550 1:0 6036
5410 16570 1:0 6035
5419 16306 21:0 5451
5454 16315 21:0 5457
5464 16317 21:0 5467
5474 16320 21:0 5496
5495 17685 1:0 5495
5502 16338 21:0 5507
5504 16573 1:0 6045
5504 17538 1:0 6059
5504 16600 1:0 6059
5504 16602 1:0 6066
5504 16605 1:0 6066
5504 17520 1:0 6066
5504 16591 1:0 6066
5505 17519 1:0 6149
5505 17518 1:0 6156
5513 16342 21:0 5516
5514 16623 1:0 6155
5514 16627 1:0 6166
5514 17517 1:0 6167
5520 16630 1:0 6176
5520 16659 1:0 6190
5520 17505 1:0 6190
5520 16648 1:0 6197
5520 16657 1:0 6197
5520 17485 1:0 6197
5520 16662 1:0 6197
5523 16345 21:0 5547
5540 17487 1:0 6280
5550 16363 21:0 5582
5585 16372 21:0 5588
5595 16374 21:0 5598
5605 16377 21:0 5627
5633 16395 21:0 5638
5635 16680 1:0 6286
5635 17486 1:0 6288
5636 16684 1:0 6297
5636 17484 1:0 6298
5636 16719 1:0 6321
5636 17452 1:0 6328
5636 16705 1:0 6328
5644 16399 21:0 5647
5645 16687 1:0 6307
5645 17472 1:0 6321
5645 16714 1:0 6321
5645 16716 1:0 6328
5645 17454 1:0 6411
5648 17453 1:0 6419
5651 16737 1:0 6417
5651 16744 1:0 6422
5654 16402 21:0 5678
5671 17451 1:0 6429
5672 16741 1:0 6428
5681 16420 21:0 5713
5716 16429 21:0 5719
5726 16431 21:0 5729
5736 16434 21:0 5758
5764 16452 21:0 5769
5766 16762 1:0 6441
5766 17439 1:0 6441
5766 16773 1:0 6441
5766 16776 1:0 6441
5766 16771 1:0 6452
5766 121 1:0 6459
5766 131 1:0 6459
5766 17419 1:0 6459
5766 135 1:0 6459
5767 17421 1:0 6542
5775 16456 21:0 5778
5776 16794 1:0 6548
5776 17420 1:0 6550
5776 16798 1:0 6553
5776 17418 1:0 6560
5776 16801 1:0 6562
5782 17387 1:0 6590
5782 16819 1:0 6590
5784 115 1:0 6571
5784 16851 1:0 6590
5784 16833 1:0 6590
5785 16459 21:0 5809
5787 111 1:0 6571
5787 17406 1:0 6583
5787 16830 1:0 6583
5787 16828 1:0 6590
5812 16477 21:0 5844
5815 17388 1:0 6673
5847 16486 21:0 5850
5857 16488 21:0 5860
5867 16491 21:0 5889
5895 16509 21:0 5900
5897 17386 1:0 6680
5897 16858 1:0 6684
5898 16855 1:0 6684
5898 16890 1:0 6690
5898 16885 1:0 6690
5898 17385 1:0 6691
5898 17364 1:0 6693
5898 16887 1:0 6693
5898 17373 1:0 6693
5898 16876 1:0 6693
5906 16513 21:0 5909
5907 97 1:0 6721
5907 17357 1:0 6721
5907 17370 1:0 6721
5907 17353 1:0 6721
5913 17355 1:0 6804
5916 16516 21:0 5940
5918 17354 1:0 6812
5933 16908 1:0 6810
5934 16912 1:0 6815
5943 16534 21:0 5975
5978 16543 21:0 5981
5988 16545 21:0 5991
5998 16548 21:0 6020
6026 16566 21:0 6031
6028 17352 1:0 6822
6028 16915 1:0 6824
6029 16947 1:0 6840
6029 16944 1:0 6840
6029 17340 1:0 6845
6029 17339 1:0 6852
6029 16933 1:0 6852
6029 16942 1:0 6852
6029 17321 1:0 6852
6037 16570 21:0 6040
6038 17322 1:0 6935
6038 16965 1:0 6941
6038 17320 1:0 6942
6038 16969 1:0 6946
6044 17319 1:0 6953
6044 16972 1:0 6955
6047 16573 21:0 6071
6065 57 1:0 6965
6065 17288 1:0 6983
6065 17004 1:0 6983
6065 16990 1:0 6983
6074 16591 21:0 6106
6077 17307 1:0 6965
6077 17001 1:0 6965
6077 16999 1:0 6965
6077 59 1:0 6976
6077 61 1:0 6983
6077 17305 1:0 6983
6109 16600 21:0 6112
6119 16602 21:0 6122
6129 16605 21:0 6151
6157 16623 21:0 6162
6159 17289 1:0 7066
6160 17022 1:0 7072
6160 17287 1:0 7073
6160 17029 1:0 7077
6168 16627 21:0 6171
6169 17026 1:0 7083
6169 17286 1:0 7084
6169 17118 1:0 7086
6169 17254 1:0 7114
6169 31 1:0 7114
6172 17047 1:0 7096
6172 17274 1:0 7096
6172 39 1:0 7096
6172 17061 1:0 7096
6172 17058 1:0 7096
6172 41 1:0 7107
6172 17056 1:0 7114
6177 17256 1:0 7197
6178 16630 21:0 6202
6203 17255 1:0 7205
6205 16648 21:0 6237
6208 17086 1:0 7208
6240 16657 21:0 6243
6250 16659 21:0 6253
6260 16662 21:0 6282
6288 16680 21:0 6293
6290 17079 1:0 7203
6291 17104 1:0 7214
6291 25 1:0 7214
6291 17083 1:0 7214
6291 17253 1:0 7215
6291 17115 1:0 7217
6291 23 1:0 7217
6291 21 1:0 7217
6291 17241 1:0 7217
6291 11 1:0 7245
6291 17221 1:0 7245
6299 16684 21:0 6302
6300 17232 1:0 7245
6300 17113 1:0 7245
6300 17223 1:0 7328
6303 17222 1:0 7336
6306 17136 1:0 7334
6306 17219 1:0 7339
6309 16687 21:0 6333
6326 17220 1:0 7346
6327 17140 1:0 7345
6334 17207 1:0 7351
6336 16705 21:0 6368
6339 17205 1:0 7351
6371 16714 21:0 6374
6381 16716 21:0 6384
6391 16719 21:0 6413
6419 16737 21:0 6424
6421 17143 1:0 7355
6421 335 1:0 7379
6421 7 1:0 7379
6421 17161 1:0 7379
6421 17208 1:0 7379
6421 3 1:0 7379
6421 17199 1:0 7379
6421 17170 1:0 7417
6421 17198 1:0 7430
6422 5 1:0 7422
6422 17172 1:0 7427
6422 17175 1:0 7437
6422 336 1:0 7457
6422 317 1:0 8809
6422 321 1:0 8814
6430 16741 21:0 6433
6440 16744 21:0 6464
6467 16762 21:0 6499
6502 16771 21:0 6505
6512 16773 21:0 6515
6522 16776 21:0 6544
6550 16794 21:0 6555
6561 16798 21:0 6564
6571 16801 21:0 6595
6598 16819 21:0 6630
6633 16828 21:0 6636
6643 16830 21:0 6646
6653 16833 21:0 6675
6681 16851 21:0 6686
6692 16855 21:0 6695
6702 16858 21:0 6726
6729 16876 21:0 6761
6764 16885 21:0 6767
6774 16887 21:0 6777
6784 16890 21:0 6806
6812 16908 21:0 6817
6823 16912 21:0 6826
6833 16915 21:0 6857
6860 16933 21:0 6892
6895 16942 21:0 6898
6905 16944 21:0 6908
6915 16947 21:0 6937
6943 16965 21:0 6948
6954 16969 21:0 6957
6964 16972 21:0 6988
6991 16990 21:0 7023
7026 16999 21:0 7029
7036 17001 21:0 7039
7046 17004 21:0 7068
7074 17022 21:0 7079
7085 17026 21:0 7088
7095 17029 21:0 7119
7122 17047 21:0 7154
7157 17056 21:0 7160
7167 17058 21:0 7170
7177 17061 21:0 7199
7205 17079 21:0 7210
7216 17083 21:0 7219
7226 17086 21:0 7250
7253 17104 21:0 7285
7288 17113 21:0 7291
7298 17115 21:0 7301
7308 17118 21:0 7330
7336 17136 21:0 7341
7347 17140 21:0 7350
7357 17143 21:0 7381
7384 17161 21:0 7416
7419 17170 21:0 7422
7429 17172 21:0 7432
7455 335 21:0 7473
7472 18849 21:0 7505
7504 18850 21:0 7521
7520 18858 21:0 7521
7520 336 21:0 7521
7520 18869 21:0 7523
7522 18859 21:0 7523
7523 18871 21:0 7531
7530 15 21:0 7531
7530 11 21:0 7531
7530 7 21:0 7531
7530 5 21:0 7531
7531 18874 21:0 7597
7596 18872 21:0 7602
7601 18890 21:0 7602
7601 18892 21:0 7602
7601 23 21:0 7602
7601 25 21:0 7602
7604 18906 21:0 7625
7624 18905 21:0 7673
7672 18907 21:0 7678
7677 27 21:0 7680
7679 18925 21:0 7680
7680 18938 21:0 7697
7696 18937 21:0 7749
7748 18904 21:0 7754
7753 59 21:0 7754
7753 61 21:0 7754
7753 18958 21:0 7754
7753 17175 21:0 7754
7753 9 21:0 7754
7756 18971 21:0 7773
7772 18973 21:0 7825
7824 18970 21:0 7830
7829 18939 21:0 7835
7834 77 21:0 7835
7834 18991 21:0 7835
7834 79 21:0 7835
7834 75 21:0 7835
7834 43 21:0 7835
7835 19006 21:0 7901
7900 95 21:0 7901
7900 65 21:0 7901
7900 85 21:0 7901
7900 97 21:0 7901
7900 41 21:0 7901
7900 19024 21:0 7901
7903 19036 21:0 7911
7910 19004 21:0 7961
7960 19037 21:0 7977
7976 18940 21:0 7987
7986 18873 21:0 8009
8008 19039 21:0 8053
8052 19003 21:0 8060
8059 19071 21:0 8077
8076 19102 21:0 8129
8128 18972 21:0 8134
8133 19005 21:0 8139
8138 19070 21:0 8205
8204 19104 21:0 8210
8209 19038 21:0 8215
8214 19105 21:0 8270
8269 19136 21:0 8286
8285 19135 21:0 8291
8290 19137 21:0 8341
8340 19103 21:0 8359
8358 19072 21:0 8367
8366 19168 21:0 8417
8416 19069 21:0 8433
8432 19138 21:0 8443
8442 19170 21:0 8465
8464 19169 21:0 8509
8508 19204 21:0 8514
8513 19171 21:0 8533
8532 19202 21:0 8585
8584 19203 21:0 8590
8589 19201 21:0 8595
8594 19234 21:0 8661
8595 19336 21:0 8595
8660 19237 21:0 8666
8663 19366 21:0 8663
8665 19235 21:0 8671
8668 19368 21:0 8668
8668 19367 21:0 8668
8670 19236 21:0 8726
8671 19369 21:0 8671
8725 19267 21:0 8742
8739 19399 21:0 8739
8741 19269 21:0 8747
8744 19400 21:0 8744
8744 19401 21:0 8744
8746 19268 21:0 8802
8747 19402 21:0 8747
8801 19270 21:0 8818
8815 19432 21:0 8815
8817 319 1:0 8819
8817 19300 21:0 8823
8822 203 21:0 8823
8822 18969 21:0 8823
8822 87 21:0 8823
8822 261 21:0 8828
8822 329 1:0 8834
8827 165 21:0 8838
8837 19387 21:0 8838
8837 19354 21:0 8838
8837 205 21:0 8838
8837 293 21:0 8838
8837 19156 21:0 8838
8837 19255 21:0 8838
8837 19057 21:0 8838
8837 19189 21:0 8838
8837 19321 21:0 8838
8837 311 21:0 8838
8837 19288 21:0 8843
8842 19123 21:0 8843
8843 19445 21:0 8853
8852 16151 1:0 8854
8852 19302 21:0 8879
8878 16167 1:0 8880
8878 19301 21:0 8887
8885 16171 1:0 8891
8886 19303 21:0 8890
8888 16174 1:0 8901
8888 16192 1:0 8928
8888 16201 1:0 8963
8888 311 1:0 8968
8888 16203 1:0 8973
8888 16206 1:0 8983
8888 16224 1:0 9011
8889 19333 21:0 8899
8891 16228 1:0 9022
8891 16231 1:0 9032
8891 16249 1:0 9059
8891 19387 1:0 9062
8891 16258 1:0 9094
8891 293 1:0 9099
8891 16260 1:0 9104
8891 16263 1:0 9114
8891 16281 1:0 9142
8891 16285 1:0 9153
8891 16320 1:0 9177
8893 19432 1:0 8893
8894 16288 1:0 9163
8894 19354 1:0 9166
8894 16306 1:0 9166
8894 16317 1:0 9177
8894 16315 1:0 9184
8898 19335 21:0 8927
8926 19334 21:0 9007
9006 19402 1:0 9006
9006 18909 21:0 9007
9006 16174 21:0 9010
9008 19334 1:0 9267
9008 16338 1:0 9273
9008 19335 1:0 9275
9008 16342 1:0 9284
9008 19333 1:0 9285
9008 19303 1:0 9315
9009 16171 21:0 9010
9009 16203 21:0 9010
9009 16201 21:0 9010
9009 16192 21:0 9010
9009 16206 21:0 9010
9009 16167 21:0 9010
9009 19222 21:0 9013
9012 19090 21:0 9013
9013 19400 1:0 9013
9013 16224 21:0 9018
9014 19401 1:0 9014
9017 321 21:0 9018
9017 319 21:0 9018
9017 317 21:0 9021
9020 39 21:0 9021
9020 169 21:0 9021
9020 329 21:0 9021
9020 167 21:0 9021
9020 241 21:0 9021
9020 187 21:0 9021
9020 151 21:0 9021
9020 113 21:0 9021
9020 257 21:0 9021
9020 219 21:0 9021
9020 16151 21:0 9021
9022 16345 1:0 9294
9022 19321 1:0 9297
9022 261 1:0 9297
9022 16377 1:0 9297
9022 257 1:0 9297
9022 16374 1:0 9308
9022 16363 1:0 9315
9022 16372 1:0 9315
9022 19301 1:0 9398
9022 16395 1:0 9404
9022 19302 1:0 9406
9022 16399 1:0 9415
9022 19300 1:0 9416
9022 16402 1:0 9425
9022 241 1:0 9427
9022 19288 1:0 9439
9022 16429 1:0 9439
9022 16434 1:0 9439
9022 16420 1:0 9439
9022 16431 1:0 9446
9022 19270 1:0 9446
9022 19268 1:0 9529
9024 19399 1:0 9024
9024 16228 21:0 9027
9025 16452 1:0 9535
9025 19269 1:0 9537
9025 16456 1:0 9546
9025 19267 1:0 9547
9031 16491 1:0 9558
9031 16477 1:0 9558
9031 219 1:0 9558
9031 19236 1:0 9577
9033 16459 1:0 9556
9033 19255 1:0 9570
9033 16488 1:0 9570
9034 16231 21:0 9058
9036 16486 1:0 9577
9061 16249 21:0 9093
9064 19237 1:0 9660
9096 16258 21:0 9099
9106 16260 21:0 9109
9116 16263 21:0 9138
9137 19369 1:0 9137
9144 19367 1:0 9144
9144 16281 21:0 9149
9145 19368 1:0 9145
9146 16509 1:0 9666
9146 19235 1:0 9667
9147 16513 1:0 9677
9147 19234 1:0 9678
9155 19366 1:0 9155
9155 16285 21:0 9158
9156 16516 1:0 9687
9156 203 1:0 9689
9156 205 1:0 9689
9156 19222 1:0 9701
9156 16545 1:0 9701
9156 16548 1:0 9708
9156 16534 1:0 9708
9156 19203 1:0 9708
9156 16543 1:0 9708
9156 19204 1:0 9791
9162 19202 1:0 9798
9164 16566 1:0 9797
9165 16288 21:0 9189
9183 19201 1:0 9809
9192 16306 21:0 9224
9195 16570 1:0 9808
9227 16315 21:0 9230
9237 16317 21:0 9240
9247 16320 21:0 9269
9268 19336 1:0 9268
9275 16338 21:0 9280
9277 187 1:0 9820
9277 16605 1:0 9839
9277 16591 1:0 9839
9277 19171 1:0 9839
9278 16573 1:0 9818
9278 16600 1:0 9832
9278 19189 1:0 9832
9278 16602 1:0 9839
9278 19169 1:0 9922
9286 16342 21:0 9289
9287 16623 1:0 9928
9287 19170 1:0 9930
9287 16627 1:0 9939
9287 19168 1:0 9940
9293 16662 1:0 9963
9293 16648 1:0 9963
9293 19138 1:0 9970
9295 16630 1:0 9949
9295 165 1:0 9951
9296 16345 21:0 9320
9298 169 1:0 9951
9298 167 1:0 9951
9298 16657 1:0 9963
9298 19156 1:0 9963
9298 16659 1:0 9970
9323 16363 21:0 9355
9326 19137 1:0 10053
9358 16372 21:0 9361
9368 16374 21:0 9371
9378 16377 21:0 9400
9406 16395 21:0 9411
9408 16680 1:0 10059
9408 19136 1:0 10060
9409 16684 1:0 10070
9409 19135 1:0 10071
9417 16399 21:0 9420
9418 16687 1:0 10080
9418 151 1:0 10082
9418 16705 1:0 10094
9418 16719 1:0 10094
9418 16716 1:0 10094
9418 19123 1:0 10094
9418 19103 1:0 10101
9418 16714 1:0 10101
9418 19105 1:0 10184
9424 19104 1:0 10192
9426 16737 1:0 10190
9427 16402 21:0 9451
9445 19102 1:0 10202
9454 16420 21:0 9486
9457 16741 1:0 10201
9489 16429 21:0 9492
9499 16431 21:0 9502
9509 16434 21:0 9531
9537 16452 21:0 9542
9539 16744 1:0 10211
9539 16762 1:0 10213
9539 19072 1:0 10232
9540 16776 1:0 10213
9540 16771 1:0 10225
9540 19090 1:0 10225
9540 16773 1:0 10232
9540 19070 1:0 10315
9548 16456 21:0 9551
9549 16794 1:0 10321
9549 19071 1:0 10323
9549 16798 1:0 10332
9549 19069 1:0 10333
9549 16830 1:0 10335
9549 19057 1:0 10335
9549 16819 1:0 10335
9549 113 1:0 10335
9549 16833 1:0 10335
9555 19038 1:0 10363
9557 16801 1:0 10342
9558 16459 21:0 9582
9560 16851 1:0 10363
9560 16828 1:0 10363
9585 16477 21:0 9617
9588 19039 1:0 10446
9620 16486 21:0 9623
9630 16488 21:0 9633
9640 16491 21:0 9662
9668 16509 21:0 9673
9670 19037 1:0 10453
9671 16855 1:0 10457
9671 16876 1:0 10463
9671 16890 1:0 10463
9671 16885 1:0 10463
9671 19036 1:0 10464
9671 95 1:0 10466
9671 19024 1:0 10466
9671 16858 1:0 10466
9671 16887 1:0 10466
9679 16513 21:0 9682
9680 16908 1:0 10494
9680 19005 1:0 10494
9680 85 1:0 10494
9680 97 1:0 10494
9686 19006 1:0 10577
9689 16516 21:0 9713
9691 19004 1:0 10584
9691 16933 1:0 10588
9706 87 1:0 10588
9716 16534 21:0 9748
9719 19003 1:0 10595
9719 16947 1:0 10597
9751 16543 21:0 9754
9761 16545 21:0 9764
9771 16548 21:0 9793
9799 16566 21:0 9804
9801 16944 1:0 10594
9801 16942 1:0 10594
9801 16912 1:0 10594
9801 18991 1:0 10597
9801 77 1:0 10597
9801 75 1:0 10597
9802 16915 1:0 10604
9802 79 1:0 10625
9802 18972 1:0 10625
9802 16965 1:0 10625
9810 16570 21:0 9813
9811 18973 1:0 10708
9811 18971 1:0 10715
9811 18969 1:0 10719
9811 16969 1:0 10719
9817 18970 1:0 10726
9817 65 1:0 10728
9820 16573 21:0 9844
9838 16972 1:0 10735
9838 16990 1:0 10737
9838 18940 1:0 10756
9845 59 1:0 10737
9845 17001 1:0 10737
9847 16591 21:0 9879
9850 18958 1:0 10749
9850 61 1:0 10749
9850 16999 1:0 10756
9850 17004 1:0 10756
9882 16600 21:0 9885
9892 16602 21:0 9895
9902 16605 21:0 9924
9930 16623 21:0 9935
9932 18939 1:0 10839
9933 17022 1:0 10845
9933 18938 1:0 10846
9933 17026 1:0 10850
9941 16627 21:0 9944
9942 18937 1:0 10857
9942 17029 1:0 10859
9942 39 1:0 10859
9942 18907 1:0 10887
9942 18909 1:0 10887
9945 41 1:0 10867
9945 43 1:0 10867
9945 23 1:0 10867
9945 17058 1:0 10875
9945 17061 1:0 10880
9945 18925 1:0 10880
9945 17056 1:0 10887
9945 17047 1:0 10887
9950 18905 1:0 10970
9951 16630 21:0 9975
9969 18906 1:0 10978
9978 16648 21:0 10010
9981 17079 1:0 10976
10013 16657 21:0 10016
10023 16659 21:0 10026
10033 16662 21:0 10055
10061 16680 21:0 10066
10063 17086 1:0 10981
10064 17113 1:0 10987
10064 17083 1:0 10987
10064 18904 1:0 10988
10064 17118 1:0 10990
10064 17115 1:0 10990
10064 27 1:0 10990
10064 17104 1:0 10990
10064 18892 1:0 10990
10064 18873 1:0 11018
10064 17140 1:0 11018
10072 16684 21:0 10075
10073 18890 1:0 11018
10073 25 1:0 11018
10073 18874 1:0 11101
10076 18872 1:0 11108
10079 17136 1:0 11107
10079 15 1:0 11112
10082 16687 21:0 10106
10099 18871 1:0 11119
10100 18869 1:0 11121
10107 336 1:0 11124
10109 16705 21:0 10141
10112 11 1:0 11123
10144 16714 21:0 10147
10154 16716 21:0 10157
10164 16719 21:0 10186
10192 16737 21:0 10197
10194 17143 1:0 11128
10194 18858 1:0 11149
10194 9 1:0 11151
10194 17161 1:0 11152
10194 7 1:0 11152
10194 18859 1:0 11152
10194 18850 1:0 11152
10194 17170 1:0 11190
10194 18849 1:0 11203
10195 5 1:0 11195
10195 17172 1:0 11200
10195 17175 1:0 11210
10195 337 1:0 11230
10195 317 1:0 12582
10203 16741 21:0 10206
10213 16744 21:0 10237
10240 16762 21:0 10272
10275 16771 21:0 10278
10285 16773 21:0 10288
10295 16776 21:0 10317
10323 16794 21:0 10328
10334 16798 21:0 10337
10344 16801 21:0 10368
10371 16819 21:0 10403
10406 16828 21:0 10409
10416 16830 21:0 10419
10426 16833 21:0 10448
10454 16851 21:0 10459
10465 16855 21:0 10468
10475 16858 21:0 10499
10502 16876 21:0 10534
10537 16885 21:0 10540
10547 16887 21:0 10550
10557 16890 21:0 10579
10585 16908 21:0 10590
10596 16912 21:0 10599
10606 16915 21:0 10630
10633 16933 21:0 10665
10668 16942 21:0 10671
10678 16944 21:0 10681
10688 16947 21:0 10710
10716 16965 21:0 10721
10727 16969 21:0 10730
10737 16972 21:0 10761
10764 16990 21:0 10796
10799 16999 21:0 10802
10809 17001 21:0 10812
10819 17004 21:0 10841
10847 17022 21:0 10852
10858 17026 21:0 10861
10868 17029 21:0 10892
10895 17047 21:0 10927
10930 17056 21:0 10933
10940 17058 21:0 10943
10950 17061 21:0 10972
10978 17079 21:0 10983
10989 17083 21:0 10992
10999 17086 21:0 11023
11026 17104 21:0 11058
11061 17113 21:0 11064
11071 17115 21:0 11074
11081 17118 21:0 11103
11109 17136 21:0 11114
11120 17140 21:0 11123
11130 17143 21:0 11154
11157 17161 21:0 11189
11192 17170 21:0 11195
11202 17172 21:0 11205
11228 336 21:0 11246
11245 17175 21:0 11250
11250 20501 21:0 11283
11282 3 21:0 11283
11282 5 21:0 11283
11282 7 21:0 11283
11282 20510 21:0 11283
11283 20509 21:0 11294
11293 337 21:0 11294
11293 20505 21:0 11294
11296 20522 21:0 11304
11303 20521 21:0 11304
11303 11 21:0 11304
11304 20525 21:0 11370
11369 20553 21:0 11370
11369 20541 21:0 11372
11371 20543 21:0 11372
11372 20555 21:0 11380
11379 20527 21:0 11380
11379 20542 21:0 11380
11379 23 21:0 11380
11380 20558 21:0 11446
11445 20524 21:0 11451
11450 20560 21:0 11451
11450 25 21:0 11453
11452 20576 21:0 11453
11453 20589 21:0 11474
11473 20556 21:0 11522
11521 20588 21:0 11527
11526 61 21:0 11527
11526 59 21:0 11527
11526 63 21:0 11527
11526 43 21:0 11529
11528 20609 21:0 11529
11529 20622 21:0 11546
11545 20623 21:0 11598
11597 20573 21:0 11598
11597 39 21:0 11598
11597 27 21:0 11598
11597 20642 21:0 11600
11600 20654 21:0 11608
11607 20621 21:0 11658
11657 20624 21:0 11674
11673 99 21:0 11674
11673 75 21:0 11674
11673 81 21:0 11674
11673 97 21:0 11676
11675 20675 21:0 11676
11676 20687 21:0 11684
11683 20591 21:0 11734
11733 20590 21:0 11750
11749 20656 21:0 11760
11759 20657 21:0 11805
11804 20523 21:0 11826
11825 20720 21:0 11836
11835 20655 21:0 11858
11857 20689 21:0 11902
11901 20754 21:0 11907
11906 20557 21:0 11926
11925 20722 21:0 11978
11977 20756 21:0 11983
11982 20753 21:0 11988
11987 20688 21:0 12054
12053 20690 21:0 12059
12058 20723 21:0 12064
12063 20787 21:0 12130
12129 20786 21:0 12135
12134 20755 21:0 12140
12139 20820 21:0 12195
12194 20821 21:0 12211
12210 20788 21:0 12216
12215 20819 21:0 12271
12270 20789 21:0 12287
12286 20822 21:0 12292
12291 20721 21:0 12342
12341 20852 21:0 12358
12357 20854 21:0 12368
12367 20855 21:0 12390
12368 20987 21:0 12368
12389 20885 21:0 12434
12433 20853 21:0 12439
12436 21017 21:0 12436
12438 20887 21:0 12458
12441 21018 21:0 12441
12441 21019 21:0 12441
12444 21020 21:0 12444
12457 20888 21:0 12510
12509 20886 21:0 12515
12512 21050 21:0 12512
12514 20918 21:0 12534
12517 21052 21:0 12517
12517 21051 21:0 12517
12520 21053 21:0 12520
12533 20920 21:0 12586
12585 321 1:0 12587
12585 20921 21:0 12591
12588 21083 21:0 12588
12590 319 1:0 12592
12590 20919 21:0 12596
12595 21 21:0 12596
12595 41 21:0 12601
12595 329 1:0 12607
12600 20840 21:0 12602
12601 21071 21:0 12605
12604 353 21:0 12606
12605 20906 21:0 12606
12605 21005 21:0 12611
12610 20774 21:0 12611
12610 20972 21:0 12611
12610 203 21:0 12611
12610 311 21:0 12611
12610 183 21:0 12611
12610 20708 21:0 12611
12610 20873 21:0 12611
12610 20741 21:0 12611
12610 21038 21:0 12611
12610 20939 21:0 12611
12610 20807 21:0 12611
12616 21096 21:0 12626
12625 16151 1:0 12627
12625 20954 21:0 12652
12651 16167 1:0 12653
12651 20952 21:0 12660
12659 20951 21:0 12663
12661 16171 1:0 12664
12662 20953 21:0 12672
12664 16174 1:0 12674
12664 16192 1:0 12701
12664 21071 1:0 12704
12664 353 1:0 12715
12664 16201 1:0 12736
12664 311 1:0 12741
12664 16203 1:0 12746
12664 16206 1:0 12756
12664 16224 1:0 12784
12664 16228 1:0 12795
12666 21083 1:0 12666
12667 16231 1:0 12805
12667 16249 1:0 12832
12667 21038 1:0 12835
12667 16258 1:0 12867
12667 16260 1:0 12877
12667 16263 1:0 12887
12667 16281 1:0 12915
12667 16285 1:0 12926
12671 20984 21:0 12700
12699 20986 21:0 12780
12779 21053 1:0 12779
12779 20985 21:0 12783
12782 20637 21:0 12791
12786 21051 1:0 12786
12787 21052 1:0 12787
12790 20607 21:0 12791
12790 20626 21:0 12791
12790 20599 21:0 12794
12793 20508 21:0 12794
12793 20507 21:0 12794
12793 16203 21:0 12794
12793 16201 21:0 12794
12793 16206 21:0 12794
12793 16192 21:0 12794
12797 21050 1:0 12797
12797 16228 21:0 12800
12799 16224 21:0 12800
12799 16174 21:0 12803
12802 16167 21:0 12803
12802 221 21:0 12803
12802 273 21:0 12803
12802 329 21:0 12803
12802 16151 21:0 12803
12802 219 21:0 12803
12802 16171 21:0 12803
12804 16288 1:0 12936
12804 273 1:0 12938
12804 21005 1:0 12950
12804 16317 1:0 12950
12804 16315 1:0 12957
12804 16306 1:0 12957
12804 16320 1:0 12957
12804 20985 1:0 13040
12804 16338 1:0 13046
12804 20986 1:0 13048
12804 16342 1:0 13057
12804 20984 1:0 13058
12804 16345 1:0 13067
12804 16363 1:0 13081
12804 16374 1:0 13081
12804 20972 1:0 13081
12804 16377 1:0 13081
12804 16372 1:0 13088
12804 20953 1:0 13088
12804 20954 1:0 13171
12804 16395 1:0 13177
12804 20952 1:0 13178
12804 16399 1:0 13188
12804 20951 1:0 13189
12804 16402 1:0 13198
12804 16420 1:0 13212
12804 16429 1:0 13212
12804 20939 1:0 13212
12804 16434 1:0 13219
12804 20919 1:0 13219
12804 16431 1:0 13219
12804 20921 1:0 13302
12804 16452 1:0 13308
12804 20920 1:0 13310
12804 16456 1:0 13319
12804 20918 1:0 13320
12804 16459 1:0 13329
12804 16491 1:0 13331
12804 221 1:0 13331
12804 219 1:0 13331
12804 16477 1:0 13331
12804 20906 1:0 13343
12804 16488 1:0 13343
12804 16486 1:0 13350
12804 20886 1:0 13350
12807 16231 21:0 12831
12824 20888 1:0 13433
12830 319 21:0 12866
12837 16509 1:0 13439
12837 20887 1:0 13441
12865 321 21:0 12882
12881 317 21:0 12885
12884 16249 21:0 12911
12910 21020 1:0 12910
12910 16260 21:0 12911
12910 16263 21:0 12911
12910 16258 21:0 12911
12917 21018 1:0 12917
12917 16281 21:0 12922
12918 21019 1:0 12918
12919 16513 1:0 13450
12919 20885 1:0 13451
12920 16516 1:0 13460
12920 203 1:0 13463
12920 20873 1:0 13463
12920 16534 1:0 13474
12920 16543 1:0 13474
12920 20853 1:0 13481
12920 16548 1:0 13481
12920 16545 1:0 13481
12928 21017 1:0 12928
12928 16285 21:0 12931
12929 20855 1:0 13564
12929 16566 1:0 13570
12929 20854 1:0 13572
12935 16570 1:0 13581
12935 20852 1:0 13582
12938 16288 21:0 12962
12956 183 1:0 13593
12956 16591 1:0 13605
12956 16605 1:0 13605
12956 20822 1:0 13612
12965 16306 21:0 12997
12968 16573 1:0 13591
12968 20840 1:0 13605
12968 16600 1:0 13605
12968 16602 1:0 13612
13000 16315 21:0 13003
13010 16317 21:0 13013
13020 16320 21:0 13042
13041 20987 1:0 13041
13048 16338 21:0 13053
13050 20821 1:0 13695
13051 16623 1:0 13701
13051 20820 1:0 13702
13059 16342 21:0 13062
13060 16627 1:0 13712
13060 20819 1:0 13713
13060 16630 1:0 13722
13060 16657 1:0 13736
13060 20807 1:0 13736
13060 20789 1:0 13743
13060 16659 1:0 13743
13060 16648 1:0 13743
13060 16662 1:0 13743
13066 20788 1:0 13826
13069 16345 21:0 13093
13087 16680 1:0 13832
13087 20787 1:0 13833
13096 16363 21:0 13128
13131 16372 21:0 13134
13141 16374 21:0 13144
13151 16377 21:0 13173
13179 16395 21:0 13184
13181 16684 1:0 13843
13181 20786 1:0 13844
13182 16687 1:0 13853
13182 16719 1:0 13856
13182 16705 1:0 13856
13182 20774 1:0 13856
13182 16716 1:0 13867
13182 20755 1:0 13874
13182 16714 1:0 13874
13190 16399 21:0 13193
13191 20756 1:0 13957
13191 16737 1:0 13963
13191 20754 1:0 13964
13197 16741 1:0 13974
13197 20753 1:0 13975
13200 16402 21:0 13224
13218 16776 1:0 14005
13218 20721 1:0 14005
13225 16744 1:0 13984
13227 16420 21:0 13259
13230 20741 1:0 13998
13230 16771 1:0 13998
13230 16773 1:0 14005
13230 16762 1:0 14005
13262 16429 21:0 13265
13272 16431 21:0 13275
13282 16434 21:0 13304
13310 16452 21:0 13315
13312 20723 1:0 14088
13313 16794 1:0 14094
13313 16947 1:0 14095
13313 20722 1:0 14096
13313 17115 1:0 14099
13321 16456 21:0 13324
13322 16798 1:0 14105
13322 20720 1:0 14106
13322 16833 1:0 14108
13322 16933 1:0 14108
13322 16819 1:0 14108
13322 41 1:0 14108
13322 16828 1:0 14108
13322 20708 1:0 14108
13322 16801 1:0 14115
13322 20690 1:0 14136
13325 16830 1:0 14136
13325 17029 1:0 14136
13330 20688 1:0 14219
13331 16459 21:0 13355
13356 20689 1:0 14227
13358 16477 21:0 13390
13361 16965 1:0 14230
13393 16486 21:0 13396
13403 16488 21:0 13406
13413 16491 21:0 13435
13441 16509 21:0 13446
13443 16851 1:0 14225
13444 16876 1:0 14236
13444 16855 1:0 14236
13444 16890 1:0 14236
13444 20687 1:0 14237
13444 99 1:0 14239
13444 20675 1:0 14239
13444 97 1:0 14239
13444 16887 1:0 14239
13444 20655 1:0 14267
13452 16513 21:0 13455
13453 16858 1:0 14246
13453 16908 1:0 14267
13453 16885 1:0 14267
13453 20657 1:0 14350
13459 20656 1:0 14358
13459 16912 1:0 14361
13459 17083 1:0 14361
13462 16516 21:0 13486
13480 20654 1:0 14368
13480 16915 1:0 14370
13480 16944 1:0 14370
13480 81 1:0 14370
13480 16942 1:0 14370
13480 16990 1:0 14370
13487 20642 1:0 14370
13487 75 1:0 14370
13489 16534 21:0 13521
13524 16543 21:0 13527
13534 16545 21:0 13537
13544 16548 21:0 13566
13572 16566 21:0 13577
13574 20626 1:0 14398
13574 20624 1:0 14398
13575 61 1:0 14398
13575 20637 1:0 14398
13575 20623 1:0 14481
13583 16570 21:0 13586
13584 20622 1:0 14488
13584 17079 1:0 14492
13584 16972 1:0 14492
13584 20621 1:0 14499
13584 63 1:0 14501
13584 16999 1:0 14501
13584 17001 1:0 14501
13587 17004 1:0 14501
13587 17047 1:0 14501
13590 16969 1:0 14498
13590 20609 1:0 14501
13593 16573 21:0 13617
13595 20590 1:0 14529
13610 20607 1:0 14529
13611 59 1:0 14529
13611 20599 1:0 14529
13620 16591 21:0 13652
13655 16600 21:0 13658
13665 16602 21:0 13668
13675 16605 21:0 13697
13703 16623 21:0 13708
13705 20591 1:0 14612
13706 17022 1:0 14618
13706 20589 1:0 14619
13706 17136 1:0 14623
13706 20588 1:0 14630
13706 17061 1:0 14632
13714 16627 21:0 13717
13715 17026 1:0 14629
13715 39 1:0 14632
13715 20576 1:0 14632
13715 43 1:0 14632
13715 21 1:0 14632
13715 17056 1:0 14632
13715 20557 1:0 14660
13715 17058 1:0 14660
13715 20560 1:0 14660
13715 20573 1:0 14660
13721 20558 1:0 14743
13724 16630 21:0 13748
13742 20556 1:0 14750
13742 17086 1:0 14754
13751 16648 21:0 13783
13754 20527 1:0 14754
13786 16657 21:0 13789
13796 16659 21:0 13799
13806 16662 21:0 13828
13834 16680 21:0 13839
13836 17113 1:0 14760
13836 20555 1:0 14761
13836 17104 1:0 14763
13836 17118 1:0 14763
13836 27 1:0 14763
13837 20542 1:0 14763
13837 25 1:0 14763
13837 20543 1:0 14763
13837 20553 1:0 14771
13837 20541 1:0 14791
13837 20523 1:0 14791
13837 23 1:0 14791
13845 16684 21:0 13848
13846 20525 1:0 14874
13846 20524 1:0 14882
13849 20521 1:0 14885
13852 17143 1:0 14885
13855 16687 21:0 13879
13857 20522 1:0 14892
13872 17140 1:0 14891
13873 17161 1:0 14897
13873 3 1:0 14897
13873 20507 1:0 14897
13882 16705 21:0 13914
13885 11 1:0 14896
13885 20505 1:0 14922
13917 16714 21:0 13920
13927 16716 21:0 13930
13937 16719 21:0 13959
13965 16737 21:0 13970
13967 7 1:0 14915
13967 20510 1:0 14915
13967 20509 1:0 14922
13967 20508 1:0 14922
13967 17170 1:0 14922
13967 20501 1:0 14957
13967 337 1:0 14976
13968 5 1:0 14968
13968 17172 1:0 14973
13968 17175 1:0 14983
13968 338 1:0 15003
13968 317 1:0 16355
13976 16741 21:0 13979
13986 16744 21:0 14010
14013 16762 21:0 14045
14048 16771 21:0 14051
14058 16773 21:0 14061
14068 16776 21:0 14090
14096 16794 21:0 14101
14107 16798 21:0 14110
14117 16801 21:0 14141
14144 16819 21:0 14176
14179 16828 21:0 14182
14189 16830 21:0 14192
14199 16833 21:0 14221
14227 16851 21:0 14232
14238 16855 21:0 14241
14248 16858 21:0 14272
14275 16876 21:0 14307
14310 16885 21:0 14313
14320 16887 21:0 14323
14330 16890 21:0 14352
14358 16908 21:0 14363
14369 16912 21:0 14372
14379 16915 21:0 14403
14406 16933 21:0 14438
14441 16942 21:0 14444
14451 16944 21:0 14454
14461 16947 21:0 14483
14489 16965 21:0 14494
14500 16969 21:0 14503
14510 16972 21:0 14534
14537 16990 21:0 14569
14572 16999 21:0 14575
14582 17001 21:0 14585
14592 17004 21:0 14614
14620 17022 21:0 14625
14631 17026 21:0 14634
14641 17029 21:0 14665
14668 17047 21:0 14700
14703 17056 21:0 14706
14713 17058 21:0 14716
14723 17061 21:0 14745
14751 17079 21:0 14756
14762 17083 21:0 14765
14772 17086 21:0 14796
14799 17104 21:0 14831
14834 17113 21:0 14837
14844 17115 21:0 14847
14854 17118 21:0 14876
14882 17136 21:0 14887
14893 17140 21:0 14896
14903 17143 21:0 14927
14930 17161 21:0 14962
14965 17170 21:0 14968
14975 17172 21:0 14978
15001 337 21:0 15019
15018 22151 21:0 15051
15050 7 21:0 15051
15050 5 21:0 15051
15051 22156 21:0 15067
15066 3 21:0 15067
15066 17175 21:0 15067
15066 22158 21:0 15067
15066 22161 21:0 15067
15066 9 21:0 15067
15066 22159 21:0 15067
15069 22173 21:0 15077
15076 11 21:0 15077
15076 22171 21:0 15077
15077 22176 21:0 15143
15142 22174 21:0 15148
15147 22165 21:0 15148
15147 22194 21:0 15148
15147 25 21:0 15148
15147 23 21:0 15150
15150 22208 21:0 15171
15170 22207 21:0 15219
15218 22227 21:0 15219
15218 41 21:0 15219
15218 22225 21:0 15219
15221 22239 21:0 15229
15228 22240 21:0 15279
15278 22242 21:0 15295
15294 22255 21:0 15300
15299 22260 21:0 15300
15299 22257 21:0 15300
15299 51 21:0 15300
15299 61 21:0 15300
15299 45 21:0 15300
15299 43 21:0 15300
15299 59 21:0 15300
15302 22274 21:0 15319
15318 22275 21:0 15371
15370 22209 21:0 15376
15375 22241 21:0 15381
15380 22293 21:0 15381
15380 77 21:0 15381
15380 79 21:0 15381
15381 22308 21:0 15447
15446 22305 21:0 15452
15451 22326 21:0 15452
15451 75 21:0 15452
15451 22284 21:0 15452
15451 97 21:0 15452
15451 95 21:0 15454
15454 22340 21:0 15471
15470 22341 21:0 15523
15522 93 21:0 15523
15522 22330 21:0 15523
15522 22359 21:0 15525
15525 22371 21:0 15533
15532 22338 21:0 15583
15582 22306 21:0 15599
15598 22273 21:0 15609
15608 22272 21:0 15659
15658 22175 21:0 15675
15674 22206 21:0 15685
15684 22407 21:0 15703
15702 22405 21:0 15751
15750 22373 21:0 15756
15755 22339 21:0 15775
15774 22372 21:0 15827
15826 22404 21:0 15832
15831 22307 21:0 15837
15836 22437 21:0 15903
15902 22440 21:0 15908
15907 22406 21:0 15913
15912 22470 21:0 15979
15978 22374 21:0 15984
15983 22438 21:0 15989
15988 22439 21:0 16044
16043 22472 21:0 16060
16059 22471 21:0 16065
16064 22505 21:0 16115
16114 22473 21:0 16133
16132 22503 21:0 16141
16140 22506 21:0 16191
16141 22638 21:0 16141
16190 22538 21:0 16207
16206 22504 21:0 16214
16209 22668 21:0 16209
16213 22537 21:0 16231
16214 22670 21:0 16214
16214 22669 21:0 16214
16217 22671 21:0 16217
16230 22536 21:0 16283
16282 22539 21:0 16288
16285 22701 21:0 16285
16287 22569 21:0 16307
16290 22702 21:0 16290
16290 22703 21:0 16290
16293 22704 21:0 16293
16306 22571 21:0 16359
16358 321 1:0 16360
16358 22570 21:0 16364
16361 22734 21:0 16361
16363 319 1:0 16365
16363 22572 21:0 16369
16368 329 1:0 16380
16368 111 21:0 16384
16383 22491 21:0 16384
16383 353 21:0 16384
16383 81 21:0 16384
16383 22689 21:0 16389
16388 22557 21:0 16389
16389 22747 21:0 16399
16398 16151 1:0 16400
16398 22605 21:0 16425
16424 16167 1:0 16426
16424 22603 21:0 16433
16432 22604 21:0 16436
16434 16171 1:0 16437
16435 22602 21:0 16445
16437 16174 1:0 16447
16437 16192 1:0 16474
16437 353 1:0 16488
16437 16201 1:0 16509
16437 16203 1:0 16519
16437 16206 1:0 16529
16437 16224 1:0 16557
16437 16228 1:0 16568
16437 16231 1:0 16578
16437 22689 1:0 16608
16439 22734 1:0 16439
16440 16249 1:0 16605
16440 16258 1:0 16640
16440 16260 1:0 16650
16440 16263 1:0 16660
16440 16281 1:0 16688
16440 16285 1:0 16699
16440 16288 1:0 16709
16440 16315 1:0 16723
16440 16317 1:0 16730
16440 16320 1:0 16730
16440 16306 1:0 16730
16444 22635 21:0 16473
16472 22637 21:0 16553
16552 22704 1:0 16552
16552 22636 21:0 16556
16555 22290 21:0 16564
16557 22636 1:0 16813
16557 16338 1:0 16819
16557 22637 1:0 16821
16557 16342 1:0 16830
16557 22635 1:0 16831
16557 16345 1:0 16840
16557 16377 1:0 16854
16557 16374 1:0 16854
16557 16363 1:0 16861
16557 22604 1:0 16861
16559 22702 1:0 16559
16560 22703 1:0 16560
16563 22231 21:0 16564
16563 22356 21:0 16564
16563 16224 21:0 16567
16566 16201 21:0 16567
16566 16206 21:0 16567
16566 16171 21:0 16567
16566 16174 21:0 16567
16566 16192 21:0 16567
16566 16203 21:0 16567
16566 22458 21:0 16570
16569 22590 21:0 16570
16570 22701 1:0 16570
16570 16228 21:0 16573
16572 16167 21:0 16573
16572 321 21:0 16576
16575 329 21:0 16576
16575 317 21:0 16576
16575 319 21:0 16576
16575 16151 21:0 16576
16575 27 21:0 16576
16575 135 21:0 16576
16575 22392 21:0 16576
16575 22425 21:0 16576
16575 22623 21:0 16576
16575 22524 21:0 16576
16577 22623 1:0 16854
16577 16372 1:0 16861
16577 22605 1:0 16944
16577 16395 1:0 16950
16577 22603 1:0 16951
16577 16399 1:0 16961
16577 22602 1:0 16962
16577 16402 1:0 16971
16577 22590 1:0 16974
16577 16420 1:0 16974
16577 16429 1:0 16985
16577 16434 1:0 16985
16577 16431 1:0 16992
16577 22572 1:0 16992
16577 22570 1:0 17075
16577 16452 1:0 17081
16577 22571 1:0 17083
16577 16456 1:0 17092
16577 22569 1:0 17093
16577 16459 1:0 17102
16577 16486 1:0 17116
16577 22557 1:0 17116
16577 16477 1:0 17123
16577 16488 1:0 17123
16577 16491 1:0 17123
16577 22539 1:0 17123
16580 16231 21:0 16604
16582 22537 1:0 17206
16607 16249 21:0 16639
16610 16509 1:0 17212
16610 22538 1:0 17214
16642 16258 21:0 16645
16652 16260 21:0 16655
16662 16263 21:0 16684
16683 22671 1:0 16683
16690 22669 1:0 16690
16690 16281 21:0 16695
16691 22670 1:0 16691
16692 22536 1:0 17224
16693 16513 1:0 17223
16693 16516 1:0 17233
16693 22524 1:0 17236
16693 16548 1:0 17236
16693 16545 1:0 17247
16693 16534 1:0 17247
16693 16543 1:0 17254
16693 22504 1:0 17254
16701 22668 1:0 16701
16701 16285 21:0 16704
16702 22506 1:0 17337
16702 22505 1:0 17345
16705 16566 1:0 17343
16710 22503 1:0 17355
16711 16288 21:0 16735
16713 16570 1:0 17354
16738 16306 21:0 16770
16741 16605 1:0 17366
16741 22473 1:0 17385
16773 16315 21:0 16776
16783 16317 21:0 16786
16793 16320 21:0 16815
16814 22638 1:0 16814
16821 16338 21:0 16826
16823 16573 1:0 17364
16823 22491 1:0 17378
16823 16602 1:0 17378
16823 16591 1:0 17378
16823 16600 1:0 17385
16824 22471 1:0 17468
16824 16623 1:0 17474
16824 22472 1:0 17476
16832 16342 21:0 16835
16833 16627 1:0 17485
16833 22470 1:0 17486
16833 16662 1:0 17497
16833 16648 1:0 17516
16833 22439 1:0 17516
16836 16630 1:0 17495
16839 16657 1:0 17509
16839 22458 1:0 17509
16839 16659 1:0 17516
16842 16345 21:0 16866
16844 22440 1:0 17599
16869 16363 21:0 16901
16872 16680 1:0 17605
16872 22438 1:0 17606
16904 16372 21:0 16907
16914 16374 21:0 16917
16924 16377 21:0 16946
16952 16395 21:0 16957
16954 22437 1:0 17617
16955 16684 1:0 17616
16955 16687 1:0 17626
16955 16705 1:0 17628
16955 16719 1:0 17628
16955 16714 1:0 17640
16955 22425 1:0 17640
16955 22406 1:0 17647
16955 16716 1:0 17647
16963 16399 21:0 16966
16964 22407 1:0 17730
16964 22405 1:0 17737
16967 16737 1:0 17736
16972 22404 1:0 17748
16972 135 1:0 17750
16972 16776 1:0 17750
16973 16402 21:0 16997
16975 16741 1:0 17747
16975 16773 1:0 17750
16975 16762 1:0 17750
16975 22392 1:0 17750
17000 16420 21:0 17032
17003 22374 1:0 17778
17035 16429 21:0 17038
17045 16431 21:0 17048
17055 16434 21:0 17077
17083 16452 21:0 17088
17085 16744 1:0 17757
17085 16794 1:0 17778
17085 16771 1:0 17778
17086 22372 1:0 17861
17086 81 1:0 17868
17086 22373 1:0 17869
17086 16851 1:0 17872
17086 16830 1:0 17872
17094 16456 21:0 17097
17095 16798 1:0 17878
17095 16819 1:0 17878
17095 16944 1:0 17878
17095 95 1:0 17878
17095 22371 1:0 17879
17095 16833 1:0 17881
17095 22359 1:0 17881
17095 111 1:0 17881
17101 16801 1:0 17888
17101 22339 1:0 17909
17101 16828 1:0 17909
17101 22356 1:0 17909
17104 16459 21:0 17128
17122 22341 1:0 17992
17131 16477 21:0 17163
17166 16486 21:0 17169
17176 16488 21:0 17179
17186 16491 21:0 17208
17214 16509 21:0 17219
17216 22340 1:0 18000
17216 16858 1:0 18003
17216 16969 1:0 18003
17217 97 1:0 18009
17217 16855 1:0 18009
17217 16876 1:0 18009
17217 22338 1:0 18010
17217 22326 1:0 18012
17217 16887 1:0 18012
17217 93 1:0 18012
17217 16890 1:0 18012
17225 16513 21:0 17228
17226 22330 1:0 18025
17226 16885 1:0 18040
17226 22307 1:0 18040
17226 16908 1:0 18040
17226 22308 1:0 18123
17232 22306 1:0 18130
17234 16912 1:0 18134
17235 16516 21:0 17259
17237 16965 1:0 18134
17262 16534 21:0 17294
17265 22305 1:0 18141
17265 16933 1:0 18143
17265 75 1:0 18143
17265 77 1:0 18143
17297 16543 21:0 17300
17307 16545 21:0 17310
17317 16548 21:0 17339
17345 16566 21:0 17350
17347 16915 1:0 18143
17347 16942 1:0 18143
17347 16947 1:0 18143
17347 22293 1:0 18143
17348 79 1:0 18171
17348 22290 1:0 18171
17348 22273 1:0 18171
17348 22284 1:0 18171
17356 16570 21:0 17359
17357 22275 1:0 18254
17357 22274 1:0 18262
17357 17022 1:0 18265
17357 17026 1:0 18265
17363 61 1:0 18271
17363 22272 1:0 18272
17363 17001 1:0 18274
17363 22257 1:0 18274
17363 16999 1:0 18274
17363 22260 1:0 18274
17363 17004 1:0 18274
17363 16990 1:0 18274
17366 16573 21:0 17390
17384 22241 1:0 18302
17391 22255 1:0 18302
17393 16591 21:0 17425
17396 16972 1:0 18281
17396 59 1:0 18302
17428 16600 21:0 17431
17438 16602 21:0 17441
17448 16605 21:0 17470
17476 16623 21:0 17481
17478 22242 1:0 18385
17479 22240 1:0 18392
17479 17029 1:0 18396
17479 51 1:0 18396
17487 16627 21:0 17490
17488 22239 1:0 18403
17488 22231 1:0 18405
17488 22209 1:0 18433
17488 45 1:0 18433
17491 17056 1:0 18413
17491 22225 1:0 18433
17491 17061 1:0 18433
17494 17058 1:0 18413
17494 43 1:0 18421
17494 17047 1:0 18421
17494 22227 1:0 18426
17494 41 1:0 18433
17497 16630 21:0 17521
17499 22207 1:0 18516
17524 16648 21:0 17556
17527 17079 1:0 18522
17527 22208 1:0 18524
17527 27 1:0 18527
17559 16657 21:0 17562
17569 16659 21:0 17572
17579 16662 21:0 17601
17607 16680 21:0 17612
17609 22206 1:0 18534
17610 17083 1:0 18533
17610 17118 1:0 18533
17610 23 1:0 18533
17610 17115 1:0 18533
17610 25 1:0 18533
17610 17104 1:0 18536
17610 22194 1:0 18536
17610 17086 1:0 18543
17610 22175 1:0 18564
17618 16684 21:0 17621
17619 17113 1:0 18564
17619 17136 1:0 18564
17619 22176 1:0 18647
17622 22174 1:0 18654
17625 17140 1:0 18658
17628 16687 21:0 17652
17630 22173 1:0 18665
17645 17143 1:0 18667
17645 17161 1:0 18670
17646 22171 1:0 18670
17653 11 1:0 18669
17655 16705 21:0 17687
17658 17170 1:0 18670
17658 9 1:0 18670
17658 22165 1:0 18680
17690 16714 21:0 17693
17700 16716 21:0 17703
17710 16719 21:0 17732
17738 16737 21:0 17743
17740 5 1:0 18683
17740 22161 1:0 18688
17740 22158 1:0 18695
17740 7 1:0 18695
17740 22159 1:0 18695
17740 22156 1:0 18704
17740 22151 1:0 18749
17741 17172 1:0 18746
17741 3 1:0 18749
17741 17175 1:0 18756
17741 339 1:0 18776
17741 317 1:0 20128
17749 16741 21:0 17752
17759 16744 21:0 17783
17786 16762 21:0 17818
17821 16771 21:0 17824
17831 16773 21:0 17834
17841 16776 21:0 17863
17869 16794 21:0 17874
17880 16798 21:0 17883
17890 16801 21:0 17914
17917 16819 21:0 17949
17952 16828 21:0 17955
17962 16830 21:0 17965
17972 16833 21:0 17994
18000 16851 21:0 18005
18011 16855 21:0 18014
18021 16858 21:0 18045
18048 16876 21:0 18080
18083 16885 21:0 18086
18093 16887 21:0 18096
18103 16890 21:0 18125
18131 16908 21:0 18136
18142 16912 21:0 18145
18152 16915 21:0 18176
18179 16933 21:0 18211
18214 16942 21:0 18217
18224 16944 21:0 18227
18234 16947 21:0 18256
18262 16965 21:0 18267
18273 16969 21:0 18276
18283 16972 21:0 18307
18310 16990 21:0 18342
18345 16999 21:0 18348
18355 17001 21:0 18358
18365 17004 21:0 18387
18393 17022 21:0 18398
18404 17026 21:0 18407
18414 17029 21:0 18438
18441 17047 21:0 18473
18476 17056 21:0 18479
18486 17058 21:0 18489
18496 17061 21:0 18518
18524 17079 21:0 18529
18535 17083 21:0 18538
18545 17086 21:0 18569
18572 17104 21:0 18604
18607 17113 21:0 18610
18617 17115 21:0 18620
18627 17118 21:0 18649
18655 17136 21:0 18660
18666 17140 21:0 18669
18676 17143 21:0 18700
18703 17161 21:0 18735
18738 17170 21:0 18741
18748 17172 21:0 18751
18774 338 21:0 18792
18791 23802 21:0 18824
18823 17175 21:0 18829
18828 3 21:0 18829
18828 7 21:0 18829
18828 23812 21:0 18829
18828 5 21:0 18829
18829 23811 21:0 18840
18839 23810 21:0 18840
18839 339 21:0 18840
18839 23807 21:0 18845
18844 23803 21:0 18845
18844 11 21:0 18845
18847 23826 21:0 18868
18867 23824 21:0 18916
18915 23845 21:0 18916
18915 15 21:0 18916
18915 23 21:0 18916
18918 23857 21:0 18926
18925 25 21:0 18926
18925 29 21:0 18926
18925 13 21:0 18926
18926 23860 21:0 18992
18991 23878 21:0 18992
18991 23888 21:0 18992
18991 23868 21:0 18992
18994 23890 21:0 19002
19001 51 21:0 19002
19001 23869 21:0 19002
19001 43 21:0 19002
19001 41 21:0 19002
19002 23893 21:0 19068
19067 23901 21:0 19068
19067 23873 21:0 19068
19067 61 21:0 19068
19067 23911 21:0 19068
19067 59 21:0 19070
19070 23923 21:0 19078
19077 23925 21:0 19128
19127 23891 21:0 19144
19143 23892 21:0 19149
19148 23827 21:0 19168
19167 23924 21:0 19220
19219 23957 21:0 19225
19224 79 21:0 19225
19224 93 21:0 19225
19224 95 21:0 19225
19224 63 21:0 19225
19224 57 21:0 19225
19224 97 21:0 19227
19226 23944 21:0 19227
19227 23990 21:0 19244
19243 23992 21:0 19296
19295 23958 21:0 19301
19300 23859 21:0 19320
19319 23989 21:0 19372
19371 23959 21:0 19377
19376 23825 21:0 19396
19395 23956 21:0 19448
19447 24055 21:0 19453
19452 24023 21:0 19458
19457 23991 21:0 19524
19523 24025 21:0 19529
19528 24058 21:0 19534
19533 23926 21:0 19589
19588 24022 21:0 19605
19604 24056 21:0 19610
19609 24024 21:0 19665
19664 24091 21:0 19681
19680 24121 21:0 19686
19685 24057 21:0 19736
19735 23858 21:0 19752
19751 24089 21:0 19762
19761 24090 21:0 19812
19811 24088 21:0 19828
19827 24122 21:0 19838
19837 24123 21:0 19856
19855 24124 21:0 19904
19903 24155 21:0 19909
19908 24157 21:0 19928
19914 24289 21:0 19914
19927 24156 21:0 19980
19979 24154 21:0 19985
19982 24319 21:0 19982
19984 24187 21:0 19990
19987 24320 21:0 19987
19987 24321 21:0 19987
19989 24189 21:0 20056
19990 24322 21:0 19990
20055 24190 21:0 20061
20058 24352 21:0 20058
20060 24188 21:0 20066
20063 24354 21:0 20063
20063 24353 21:0 20063
20065 24220 21:0 20125
20066 24355 21:0 20066
20124 24222 21:0 20137
20126 321 1:0 20133
20134 24385 21:0 20134
20136 319 1:0 20138
20136 24221 21:0 20142
20141 329 1:0 20153
20141 24223 21:0 20195
20171 16151 1:0 20173
20194 24253 21:0 20198
20197 16167 1:0 20199
20197 24254 21:0 20206
20205 24255 21:0 20215
20207 16171 1:0 20210
20207 16174 1:0 20220
20207 16192 1:0 20247
20207 16201 1:0 20282
20207 16203 1:0 20292
20207 16206 1:0 20302
20212 24385 1:0 20212
20213 16224 1:0 20330
20213 16228 1:0 20341
20213 16231 1:0 20351
20213 16249 1:0 20378
20213 16258 1:0 20413
20213 16260 1:0 20423
20213 16263 1:0 20433
20213 16281 1:0 20461
20213 16285 1:0 20472
20213 16288 1:0 20482
20213 16306 1:0 20485
20213 16317 1:0 20496
20213 16315 1:0 20503
20213 16320 1:0 20503
20214 24256 21:0 20218
20217 24398 21:0 20218
20217 24286 21:0 20300
20299 24288 21:0 20329
20325 24355 1:0 20325
20328 24287 21:0 20337
20332 24353 1:0 20332
20333 24354 1:0 20333
20336 23816 21:0 20337
20336 23842 21:0 20340
20338 24287 1:0 20586
20338 16338 1:0 20592
20338 24288 1:0 20594
20338 16342 1:0 20603
20338 24286 1:0 20604
20338 16345 1:0 20613
20338 16363 1:0 20616
20338 16377 1:0 20616
20338 16374 1:0 20627
20338 16372 1:0 20634
20338 24256 1:0 20634
20338 24255 1:0 20717
20338 16395 1:0 20723
20338 24254 1:0 20724
20338 16399 1:0 20734
20338 24253 1:0 20735
20338 16402 1:0 20744
20338 16434 1:0 20746
20338 16431 1:0 20758
20338 16420 1:0 20758
20338 16429 1:0 20765
20338 24223 1:0 20765
20339 16203 21:0 20340
20339 16224 21:0 20340
20339 23809 21:0 20340
20339 16201 21:0 20340
20339 77 21:0 20340
20339 9 21:0 20340
20341 24221 1:0 20848
20343 24352 1:0 20343
20343 16228 21:0 20346
20344 16452 1:0 20854
20344 24222 1:0 20856
20344 24220 1:0 20866
20345 16174 21:0 20346
20345 16171 21:0 20349
20347 16456 1:0 20865
20348 16206 21:0 20349
20348 16167 21:0 20349
20348 329 21:0 20349
20348 16151 21:0 20349
20348 16192 21:0 20349
20348 319 21:0 20349
20350 16459 1:0 20875
20350 16491 1:0 20878
20350 16477 1:0 20878
20350 16486 1:0 20889
20350 16488 1:0 20896
20350 24188 1:0 20896
20353 16231 21:0 20377
20355 24190 1:0 20979
20376 321 21:0 20412
20383 16509 1:0 20985
20383 24189 1:0 20987
20411 317 21:0 20428
20427 16249 21:0 20431
20430 16258 21:0 20431
20430 16260 21:0 20431
20435 16263 21:0 20457
20456 24322 1:0 20456
20463 24320 1:0 20463
20463 16281 21:0 20468
20464 24321 1:0 20464
20465 16513 1:0 20996
20465 24187 1:0 20997
20466 16516 1:0 21006
20466 16543 1:0 21020
20466 16545 1:0 21027
20466 24156 1:0 21027
20466 16548 1:0 21027
20466 16534 1:0 21027
20474 24319 1:0 20474
20474 16285 21:0 20477
20475 24157 1:0 21110
20475 16566 1:0 21116
20475 24155 1:0 21117
20481 16570 1:0 21127
20481 24154 1:0 21128
20484 16288 21:0 20508
20502 16573 1:0 21137
20502 16605 1:0 21139
20502 24124 1:0 21158
20509 16591 1:0 21139
20511 16306 21:0 20543
20514 16600 1:0 21151
20514 16602 1:0 21158
20546 16315 21:0 20549
20556 16317 21:0 20559
20566 16320 21:0 20588
20587 24289 1:0 20587
20594 16338 21:0 20599
20596 24123 1:0 21241
20597 16623 1:0 21247
20597 24122 1:0 21248
20605 16342 21:0 20608
20606 16627 1:0 21258
20606 24121 1:0 21259
20606 16630 1:0 21268
20606 16662 1:0 21271
20606 16648 1:0 21271
20606 16657 1:0 21282
20606 24090 1:0 21289
20606 16659 1:0 21289
20612 24091 1:0 21372
20615 16345 21:0 20639
20633 16680 1:0 21378
20633 24089 1:0 21379
20642 16363 21:0 20674
20677 16372 21:0 20680
20687 16374 21:0 20690
20697 16377 21:0 20719
20725 16395 21:0 20730
20727 16684 1:0 21389
20727 24088 1:0 21390
20728 16687 1:0 21399
20728 16705 1:0 21401
20728 16714 1:0 21413
20728 16716 1:0 21420
20728 16719 1:0 21420
20728 24057 1:0 21420
20736 16399 21:0 20739
20737 24058 1:0 21503
20737 16737 1:0 21509
20737 24056 1:0 21510
20743 16741 1:0 21520
20743 24055 1:0 21521
20743 16762 1:0 21523
20743 16773 1:0 21523
20743 16776 1:0 21523
20746 16402 21:0 20770
20764 16794 1:0 21551
20764 24024 1:0 21551
20773 16420 21:0 20805
20776 16744 1:0 21530
20776 16771 1:0 21551
20808 16429 21:0 20811
20818 16431 21:0 20821
20828 16434 21:0 20850
20856 16452 21:0 20861
20858 24025 1:0 21634
20859 24023 1:0 21641
20859 16890 1:0 21645
20859 17083 1:0 21645
20867 16456 21:0 20870
20868 16798 1:0 21651
20868 24022 1:0 21652
20868 16833 1:0 21654
20868 16830 1:0 21654
20868 17004 1:0 21654
20868 16819 1:0 21654
20868 23991 1:0 21682
20871 23809 1:0 21682
20874 16801 1:0 21661
20874 16828 1:0 21682
20877 16459 21:0 20901
20879 23992 1:0 21765
20904 16477 21:0 20936
20907 16851 1:0 21771
20907 23990 1:0 21772
20939 16486 21:0 20942
20949 16488 21:0 20952
20959 16491 21:0 20981
20987 16509 21:0 20992
20989 17136 1:0 21776
20990 16855 1:0 21782
20990 23989 1:0 21783
20990 16887 1:0 21785
20990 97 1:0 21785
20990 16876 1:0 21785
20990 93 1:0 21785
20990 16885 1:0 21785
20990 23959 1:0 21813
20998 16513 21:0 21001
20999 16858 1:0 21792
20999 95 1:0 21813
20999 17022 1:0 21813
20999 23958 1:0 21896
21005 16908 1:0 21902
21005 23957 1:0 21903
21005 17079 1:0 21907
21008 16516 21:0 21032
21026 16944 1:0 21913
21026 16999 1:0 21913
21026 23956 1:0 21914
21026 77 1:0 21916
21026 16933 1:0 21916
21033 16912 1:0 21913
21033 16942 1:0 21916
21035 16534 21:0 21067
21038 16947 1:0 21916
21038 23944 1:0 21916
21070 16543 21:0 21073
21080 16545 21:0 21083
21090 16548 21:0 21112
21118 16566 21:0 21123
21120 16915 1:0 21923
21120 23926 1:0 21944
21121 79 1:0 21944
21121 17029 1:0 21944
21121 23924 1:0 22027
21129 16570 21:0 21132
21130 16965 1:0 22033
21130 23925 1:0 22035
21130 16969 1:0 22038
21130 23923 1:0 22045
21133 59 1:0 22044
21133 16972 1:0 22047
21133 16990 1:0 22047
21136 61 1:0 22044
21136 23911 1:0 22047
21136 63 1:0 22047
21136 57 1:0 22047
21139 16573 21:0 21163
21141 23892 1:0 22075
21156 23901 1:0 22075
21157 17026 1:0 22075
21157 17001 1:0 22075
21166 16591 21:0 21198
21201 16600 21:0 21204
21211 16602 21:0 21214
21221 16605 21:0 21243
21249 16623 21:0 21254
21251 23893 1:0 22158
21252 23891 1:0 22165
21252 23873 1:0 22169
21252 51 1:0 22169
21252 23890 1:0 22176
21252 17058 1:0 22178
21260 16627 21:0 21263
21261 17047 1:0 22178
21261 17061 1:0 22178
21261 23888 1:0 22178
21261 41 1:0 22178
21261 17056 1:0 22178
21261 43 1:0 22178
21261 23878 1:0 22206
21261 23868 1:0 22206
21261 23869 1:0 22206
21261 23858 1:0 22206
21267 23860 1:0 22289
21270 16630 21:0 21294
21288 23859 1:0 22297
21288 17086 1:0 22300
21297 16648 21:0 21329
21300 11 1:0 22300
21332 16657 21:0 21335
21342 16659 21:0 21345
21352 16662 21:0 21374
21380 16680 21:0 21385
21382 17118 1:0 22306
21382 17115 1:0 22306
21382 23857 1:0 22307
21383 17113 1:0 22306
21383 25 1:0 22306
21383 23845 1:0 22309
21383 17104 1:0 22309
21383 29 1:0 22309
21383 23 1:0 22337
21383 13 1:0 22337
21383 23842 1:0 22337
21383 23825 1:0 22337
21391 16684 21:0 21394
21392 23827 1:0 22420
21392 23826 1:0 22428
21395 23803 1:0 22431
21398 15 1:0 22431
21401 16687 21:0 21425
21403 23824 1:0 22438
21418 17140 1:0 22437
21418 17172 1:0 22443
21419 17161 1:0 22443
21419 339 1:0 22443
21428 16705 21:0 21460
21431 9 1:0 22443
21431 23807 1:0 22443
21431 23811 1:0 22468
21463 16714 21:0 21466
21473 16716 21:0 21476
21483 16719 21:0 21505
21511 16737 21:0 21516
21513 17143 1:0 22447
21513 23816 1:0 22453
21513 17170 1:0 22461
21513 23812 1:0 22461
21513 7 1:0 22468
21513 23810 1:0 22477
21513 5 1:0 22514
21513 23802 1:0 22522
21514 3 1:0 22522
21514 17175 1:0 22529
21514 340 1:0 22549
21514 317 1:0 23901
21522 16741 21:0 21525
21532 16744 21:0 21556
21559 16762 21:0 21591
21594 16771 21:0 21597
21604 16773 21:0 21607
21614 16776 21:0 21636
21642 16794 21:0 21647
21653 16798 21:0 21656
21663 16801 21:0 21687
21690 16819 21:0 21722
21725 16828 21:0 21728
21735 16830 21:0 21738
21745 16833 21:0 21767
21773 16851 21:0 21778
21784 16855 21:0 21787
21794 16858 21:0 21818
21821 16876 21:0 21853
21856 16885 21:0 21859
21866 16887 21:0 21869
21876 16890 21:0 21898
21904 16908 21:0 21909
21915 16912 21:0 21918
21925 16915 21:0 21949
21952 16933 21:0 21984
21987 16942 21:0 21990
21997 16944 21:0 22000
22007 16947 21:0 22029
22035 16965 21:0 22040
22046 16969 21:0 22049
22056 16972 21:0 22080
22083 16990 21:0 22115
22118 16999 21:0 22121
22128 17001 21:0 22131
22138 17004 21:0 22160
22166 17022 21:0 22171
22177 17026 21:0 22180
22187 17029 21:0 22211
22214 17047 21:0 22246
22249 17056 21:0 22252
22259 17058 21:0 22262
22269 17061 21:0 22291
22297 17079 21:0 22302
22308 17083 21:0 22311
22318 17086 21:0 22342
22345 17104 21:0 22377
22380 17113 21:0 22383
22390 17115 21:0 22393
22400 17118 21:0 22422
22428 17136 21:0 22433
22439 17140 21:0 22442
22449 17143 21:0 22473
22476 17161 21:0 22508
22511 17170 21:0 22514
22521 17172 21:0 22524
22547 339 21:0 22565
22565 5 21:0 22569
22569 25454 21:0 22602
22601 25458 21:0 22613
22612 25453 21:0 22613
22612 17175 21:0 22613
22612 9 21:0 22613
22612 7 21:0 22613
22612 25463 21:0 22613
22612 25460 21:0 22613
22615 25475 21:0 22623
22622 25477 21:0 22673
22672 25478 21:0 22689
22688 25496 21:0 22689
22688 23 21:0 22689
22688 25 21:0 22689
22691 25508 21:0 22699
22698 25493 21:0 22699
22698 25506 21:0 22699
22699 25511 21:0 22765
22764 25520 21:0 22765
22764 25524 21:0 22765
22764 25529 21:0 22765
22767 25541 21:0 22775
22774 25509 21:0 22825
22824 25476 21:0 22841
22840 25542 21:0 22851
22850 25574 21:0 22869
22868 25544 21:0 22917
22916 25540 21:0 22917
22916 79 21:0 22917
22916 25595 21:0 22917
22916 77 21:0 22919
22918 25562 21:0 22919
22919 25607 21:0 22927
22926 25575 21:0 22977
22976 25609 21:0 22993
22992 25510 21:0 23000
22999 25628 21:0 23000
23000 25641 21:0 23017
23016 25577 21:0 23069
23068 25643 21:0 23074
23073 25543 21:0 23093
23092 25640 21:0 23145
23144 25674 21:0 23150
23149 27 21:0 23150
23149 95 21:0 23150
23149 39 21:0 23150
23149 113 21:0 23152
23151 25694 21:0 23152
23151 25661 21:0 23152
23152 25708 21:0 23169
23168 25675 21:0 23221
23220 25642 21:0 23226
23225 25676 21:0 23245
23244 25673 21:0 23297
23296 25707 21:0 23302
23301 25608 21:0 23307
23306 25709 21:0 23373
23372 25610 21:0 23378
23377 25739 21:0 23383
23382 25741 21:0 23438
23437 25706 21:0 23454
23453 25576 21:0 23459
23458 25740 21:0 23514
23513 25742 21:0 23530
23529 25772 21:0 23535
23534 25774 21:0 23585
23584 25773 21:0 23606
23605 25775 21:0 23611
23610 25806 21:0 23661
23660 25808 21:0 23677
23676 25805 21:0 23687
23686 25807 21:0 23701
23687 25940 21:0 23687
23700 25838 21:0 23753
23752 25841 21:0 23758
23755 25970 21:0 23755
23757 25840 21:0 23777
23760 25971 21:0 23760
23760 25972 21:0 23760
23763 25973 21:0 23763
23776 25839 21:0 23829
23828 25871 21:0 23834
23831 26003 21:0 23831
23833 25873 21:0 23839
23836 26004 21:0 23836
23836 26005 21:0 23836
23838 25872 21:0 23905
23839 26006 21:0 23839
23904 321 1:0 23906
23904 25874 21:0 23910
23907 26036 21:0 23907
23909 319 1:0 23911
23909 25906 21:0 23915
23914 329 1:0 23926
23914 25904 21:0 23968
23944 16151 1:0 23946
23967 25905 21:0 23971
23970 16167 1:0 23972
23970 25907 21:0 23982
23977 16171 1:0 23983
23981 26049 21:0 23982
23981 25937 21:0 23988
23983 16174 1:0 23993
23983 16192 1:0 24020
23983 16201 1:0 24055
23983 16203 1:0 24065
23983 16206 1:0 24075
23983 16224 1:0 24103
23985 26036 1:0 23985
23986 16228 1:0 24114
23986 16231 1:0 24124
23986 16249 1:0 24151
23986 16258 1:0 24186
23986 16260 1:0 24196
23986 16263 1:0 24206
23986 16281 1:0 24234
23986 16285 1:0 24245
23986 16288 1:0 24255
23986 16315 1:0 24269
23986 16306 1:0 24269
23986 16320 1:0 24269
23986 16317 1:0 24276
23987 25939 21:0 24016
24015 25938 21:0 24099
24098 26006 1:0 24098
24098 67 21:0 24099
24098 25573 21:0 24099
24098 65 21:0 24102
24100 25938 1:0 24359
24100 16338 1:0 24365
24100 25939 1:0 24367
24100 16342 1:0 24376
24100 25937 1:0 24377
24100 16345 1:0 24386
24100 16374 1:0 24400
24100 25907 1:0 24407
24100 16372 1:0 24407
24100 16363 1:0 24407
24100 16377 1:0 24407
24100 25905 1:0 24490
24101 16151 21:0 24102
24101 115 21:0 24102
24101 59 21:0 24102
24101 16206 21:0 24102
24101 16192 21:0 24102
24101 313 21:0 24102
24101 315 21:0 24102
24101 111 21:0 24102
24101 329 21:0 24102
24101 16203 21:0 24102
24101 16201 21:0 24102
24105 26004 1:0 24105
24105 16224 21:0 24110
24106 26005 1:0 24106
24107 16395 1:0 24496
24107 25906 1:0 24498
24108 16399 1:0 24507
24108 25904 1:0 24508
24108 16434 1:0 24531
24108 25874 1:0 24538
24116 26003 1:0 24116
24116 16228 21:0 24119
24117 16402 1:0 24517
24117 16431 1:0 24531
24117 16420 1:0 24531
24117 16429 1:0 24538
24117 25872 1:0 24621
24120 25873 1:0 24629
24123 16452 1:0 24627
24126 16231 21:0 24150
24128 25871 1:0 24639
24143 16456 1:0 24638
24153 16249 21:0 24185
24188 16258 21:0 24191
24198 16260 21:0 24201
24208 16263 21:0 24230
24229 25973 1:0 24229
24236 25971 1:0 24236
24236 16281 21:0 24241
24237 25972 1:0 24237
24238 16459 1:0 24648
24238 16488 1:0 24662
24238 16491 1:0 24662
24238 25839 1:0 24669
24238 16486 1:0 24669
24238 16477 1:0 24669
24239 25841 1:0 24752
24239 16509 1:0 24758
24239 25840 1:0 24760
24247 25970 1:0 24247
24247 16285 21:0 24250
24248 16513 1:0 24769
24248 25838 1:0 24770
24251 25807 1:0 24800
24254 16516 1:0 24779
24254 16543 1:0 24793
24254 16545 1:0 24800
24254 16548 1:0 24800
24254 16534 1:0 24800
24257 16288 21:0 24281
24274 25808 1:0 24883
24284 16306 21:0 24316
24287 25806 1:0 24890
24319 16315 21:0 24322
24329 16317 21:0 24332
24339 16320 21:0 24361
24360 25940 1:0 24360
24367 16338 21:0 24372
24369 16566 1:0 24889
24370 16570 1:0 24900
24370 25805 1:0 24901
24370 16573 1:0 24910
24370 25775 1:0 24931
24378 16342 21:0 24381
24379 16600 1:0 24924
24379 16591 1:0 24931
24379 16602 1:0 24931
24379 16605 1:0 24931
24379 25773 1:0 25014
24382 25774 1:0 25022
24385 16623 1:0 25020
24388 16345 21:0 24412
24390 25772 1:0 25032
24405 16627 1:0 25031
24415 16363 21:0 24447
24418 25742 1:0 25062
24450 16372 21:0 24453
24460 16374 21:0 24463
24470 16377 21:0 24492
24498 16395 21:0 24503
24500 16630 1:0 25041
24500 16659 1:0 25055
24500 16648 1:0 25055
24500 16662 1:0 25062
24500 16657 1:0 25062
24501 25740 1:0 25145
24501 16680 1:0 25151
24501 25741 1:0 25153
24509 16399 21:0 24512
24510 16684 1:0 25162
24510 25739 1:0 25163
24513 25709 1:0 25193
24513 16719 1:0 25193
24516 16687 1:0 25172
24516 16705 1:0 25174
24516 16716 1:0 25186
24516 16714 1:0 25193
24519 16402 21:0 24543
24536 25707 1:0 25276
24546 16420 21:0 24578
24549 25708 1:0 25284
24581 16429 21:0 24584
24591 16431 21:0 24594
24601 16434 21:0 24623
24629 16452 21:0 24634
24631 16737 1:0 25282
24632 16741 1:0 25293
24632 25706 1:0 25294
24632 16762 1:0 25317
24632 25676 1:0 25324
24632 16776 1:0 25324
24640 16456 21:0 24643
24641 16744 1:0 25303
24641 16771 1:0 25317
24641 25694 1:0 25317
24641 16773 1:0 25324
24641 25675 1:0 25407
24644 25674 1:0 25414
24647 16794 1:0 25413
24650 16459 21:0 24674
24652 25673 1:0 25425
24667 16798 1:0 25424
24677 16477 21:0 24709
24680 25642 1:0 25455
24680 111 1:0 25455
24712 16486 21:0 24715
24722 16488 21:0 24725
24732 16491 21:0 24754
24760 16509 21:0 24765
24762 16801 1:0 25434
24762 16833 1:0 25437
24762 16819 1:0 25437
24762 115 1:0 25437
24762 16828 1:0 25437
24762 25661 1:0 25437
24762 16830 1:0 25448
24762 113 1:0 25455
24763 25643 1:0 25538
24763 16851 1:0 25544
24763 25641 1:0 25545
24771 16513 21:0 24774
24772 16855 1:0 25555
24772 16876 1:0 25555
24772 16887 1:0 25555
24772 25640 1:0 25556
24772 16890 1:0 25558
24772 16885 1:0 25558
24772 25628 1:0 25558
24778 16858 1:0 25565
24778 95 1:0 25586
24778 25610 1:0 25586
24778 16908 1:0 25586
24781 16516 21:0 24805
24799 25608 1:0 25669
24808 16534 21:0 24840
24843 16543 21:0 24846
24853 16545 21:0 24856
24863 16548 21:0 24885
24891 16566 21:0 24896
24893 25609 1:0 25677
24893 16969 1:0 25680
24893 16912 1:0 25680
24894 25607 1:0 25687
24894 77 1:0 25689
24894 79 1:0 25689
24894 16947 1:0 25689
24894 16942 1:0 25689
24894 16915 1:0 25689
24894 16933 1:0 25689
24894 16944 1:0 25689
24902 16570 21:0 24905
24903 25576 1:0 25717
24903 67 1:0 25717
24903 25595 1:0 25717
24903 16965 1:0 25717
24903 25577 1:0 25800
24909 25575 1:0 25807
24911 25573 1:0 25811
24912 16573 21:0 24936
24914 16972 1:0 25811
24939 16591 21:0 24971
24942 25574 1:0 25818
24942 16990 1:0 25820
24942 17001 1:0 25820
24942 59 1:0 25820
24974 16600 21:0 24977
24984 16602 21:0 24987
24994 16605 21:0 25016
25022 16623 21:0 25027
25024 16999 1:0 25820
25024 17004 1:0 25820
25024 65 1:0 25820
25025 25543 1:0 25848
25025 17022 1:0 25848
25025 17029 1:0 25848
25025 25562 1:0 25848
25025 25544 1:0 25931
25033 16627 21:0 25036
25034 25542 1:0 25938
25034 17079 1:0 25942
25034 25540 1:0 25942
25040 17026 1:0 25948
25040 25541 1:0 25949
25040 17061 1:0 25951
25040 39 1:0 25951
25040 17058 1:0 25951
25040 17047 1:0 25951
25040 17056 1:0 25951
25043 16630 21:0 25067
25061 25524 1:0 25979
25061 25510 1:0 25979
25070 16648 21:0 25102
25073 25529 1:0 25979
25073 25520 1:0 25979
25105 16657 21:0 25108
25115 16659 21:0 25118
25125 16662 21:0 25147
25153 16680 21:0 25158
25155 25511 1:0 26062
25156 25509 1:0 26069
25156 17083 1:0 26073
25156 17113 1:0 26073
25164 16684 21:0 25167
25165 25508 1:0 26080
25165 17086 1:0 26082
25165 23 1:0 26082
25165 25496 1:0 26082
25165 17118 1:0 26082
25165 25 1:0 26082
25165 27 1:0 26082
25165 17104 1:0 26082
25165 25476 1:0 26110
25165 25493 1:0 26110
25168 25506 1:0 26090
25168 17115 1:0 26110
25173 25478 1:0 26193
25174 16687 21:0 25198
25192 25477 1:0 26201
25201 16705 21:0 25233
25204 17136 1:0 26199
25236 16714 21:0 25239
25246 16716 21:0 25249
25256 16719 21:0 25278
25284 16737 21:0 25289
25286 25475 1:0 26211
25287 17140 1:0 26210
25287 17143 1:0 26216
25287 17161 1:0 26223
25287 25463 1:0 26223
25287 9 1:0 26234
25287 7 1:0 26234
25287 25458 1:0 26241
25287 17170 1:0 26241
25287 25460 1:0 26241
25287 25454 1:0 26276
25287 5 1:0 26287
25287 17172 1:0 26292
25287 25453 1:0 26295
25287 341 1:0 26322
25295 16741 21:0 25298
25296 17175 1:0 26302
25305 16744 21:0 25329
25332 16762 21:0 25364
25367 16771 21:0 25370
25377 16773 21:0 25380
25387 16776 21:0 25409
25415 16794 21:0 25420
25426 16798 21:0 25429
25436 16801 21:0 25460
25463 16819 21:0 25495
25498 16828 21:0 25501
25508 16830 21:0 25511
25518 16833 21:0 25540
25546 16851 21:0 25551
25557 16855 21:0 25560
25567 16858 21:0 25591
25594 16876 21:0 25626
25629 16885 21:0 25632
25639 16887 21:0 25642
25649 16890 21:0 25671
25677 16908 21:0 25682
25688 16912 21:0 25691
25698 16915 21:0 25722
25725 16933 21:0 25757
25760 16942 21:0 25763
25770 16944 21:0 25773
25780 16947 21:0 25802
25808 16965 21:0 25813
25819 16969 21:0 25822
25829 16972 21:0 25853
25856 16990 21:0 25888
25891 16999 21:0 25894
25901 17001 21:0 25904
25911 17004 21:0 25933
25939 17022 21:0 25944
25950 17026 21:0 25953
25960 17029 21:0 25984
25987 17047 21:0 26019
26022 17056 21:0 26025
26032 17058 21:0 26035
26042 17061 21:0 26064
26070 17079 21:0 26075
26081 17083 21:0 26084
26091 17086 21:0 26115
26118 17104 21:0 26150
26153 17113 21:0 26156
26163 17115 21:0 26166
26173 17118 21:0 26195
26201 17136 21:0 26206
26212 17140 21:0 26215
26222 17143 21:0 26246
26249 17161 21:0 26281
26284 17170 21:0 26287
26294 17172 21:0 26297
26320 340 21:0 26338
26338 5 21:0 26342
26342 27105 21:0 26375
26374 17175 21:0 26375
26374 7 21:0 26375
26374 27114 21:0 26375
26374 3 21:0 26375
26377 341 21:0 26386
26385 27109 21:0 26386
26385 27124 21:0 26386
26388 27126 21:0 26396
26391 27125 21:0 26391
26395 27127 21:0 26446
26445 27129 21:0 26462
26461 27147 21:0 26462
26461 25 21:0 26462
26461 23 21:0 26462
26464 27159 21:0 26472
26471 15 21:0 26472
26471 27158 21:0 26472
26472 31 21:0 26472
26472 27162 21:0 26538
26494 27171 21:0 26494
26527 27179 21:0 26527
26529 27164 21:0 26529
26537 27178 21:0 26538
26537 27151 21:0 26538
26537 43 21:0 26540
26539 27180 21:0 26540
26540 27192 21:0 26548
26547 27161 21:0 26598
26597 27160 21:0 26614
26613 27204 21:0 26619
26618 27197 21:0 26619
26618 59 21:0 26619
26618 41 21:0 26619
26618 27213 21:0 26619
26618 27 21:0 26619
26618 65 21:0 26619
26618 61 21:0 26621
26619 69 21:0 26619
26621 27226 21:0 26638
26635 27236 21:0 26635
26637 27225 21:0 26690
26689 63 21:0 26690
26689 75 21:0 26690
26689 27256 21:0 26690
26689 79 21:0 26692
26691 27246 21:0 26692
26692 27258 21:0 26700
26699 27142 21:0 26700
26699 77 21:0 26700
26699 67 21:0 26700
26699 21 21:0 26700
26699 39 21:0 26700
26700 27261 21:0 26766
26765 27259 21:0 26771
26770 27279 21:0 26771
26770 85 21:0 26771
26770 97 21:0 26771
26770 9 21:0 26771
26770 95 21:0 26771
26773 27293 21:0 26790
26789 27292 21:0 26842
26841 27291 21:0 26847
26846 27294 21:0 26866
26865 27326 21:0 26918
26917 27325 21:0 26923
26922 27128 21:0 26942
26941 27260 21:0 26994
26991 27388 21:0 26991
26993 27327 21:0 26999
26998 27193 21:0 27004
27003 27195 21:0 27070
27069 27390 21:0 27075
27072 27423 21:0 27072
27074 27360 21:0 27080
27079 27358 21:0 27135
27080 27426 21:0 27080
27134 27392 21:0 27151
27150 27228 21:0 27156
27153 27457 21:0 27153
27153 27458 21:0 27153
27155 27194 21:0 27206
27205 27357 21:0 27224
27223 27324 21:0 27232
27224 27489 21:0 27224
27227 213 21:0 27227
27229 27491 21:0 27229
27229 27490 21:0 27229
27231 27359 21:0 27282
27281 27227 21:0 27298
27297 27459 21:0 27308
27303 27521 21:0 27303
27305 27523 21:0 27305
27307 27391 21:0 27358
27357 27393 21:0 27374
27373 27492 21:0 27384
27376 27555 21:0 27376
27381 27557 21:0 27381
27383 27425 21:0 27398
27384 27558 21:0 27384
27386 27547 21:0 27386
27397 27522 21:0 27450
27449 27424 21:0 27455
27452 27588 21:0 27452
27454 27456 21:0 27470
27455 267 21:0 27455
27457 27589 21:0 27457
27457 27590 21:0 27457
27460 27591 21:0 27460
27469 27525 21:0 27526
27525 27556 21:0 27531
27528 27621 21:0 27528
27530 27524 21:0 27536
27533 27622 21:0 27533
27533 27623 21:0 27533
27535 27500 21:0 27550
27536 27624 21:0 27536
27537 27524 1:0 27610
27537 313 1:0 27610
27549 27303 21:0 27586
27585 27619 21:0 27591
27590 231 21:0 27602
27601 27335 21:0 27602
27601 137 21:0 27602
27601 45 21:0 27602
27601 129 21:0 27602
27601 165 21:0 27607
27604 27654 21:0 27604
27606 203 21:0 27607
27606 201 21:0 27607
27606 187 21:0 27607
27606 27477 21:0 27607
27606 243 21:0 27607
27606 257 21:0 27607
27606 223 21:0 27607
27606 183 21:0 27607
27606 205 21:0 27607
27606 207 21:0 27607
27606 111 21:0 27607
27606 113 21:0 27607
27606 133 21:0 27607
27606 93 21:0 27607
27606 189 21:0 27607
27606 225 21:0 27607
27606 153 21:0 27607
27606 99 21:0 27607
27606 241 21:0 27609
27608 27312 21:0 27609
27608 151 21:0 27612
27609 27655 21:0 27609
27609 27656 21:0 27609
27611 221 21:0 27612
27611 149 21:0 27612
27611 27345 21:0 27612
27611 255 21:0 27612
27611 185 21:0 27612
27611 171 21:0 27612
27611 259 21:0 27612
27611 27378 21:0 27612
27611 27411 21:0 27612
27611 237 21:0 27612
27611 167 21:0 27612
27611 27444 21:0 27612
27611 81 21:0 27612
27611 117 21:0 27612
27611 57 21:0 27612
27611 27576 21:0 27612
27611 169 21:0 27612
27611 147 21:0 27612
27611 219 21:0 27612
27611 27510 21:0 27612
27611 131 21:0 27612
27611 27543 21:0 27612
27611 135 21:0 27612
27611 115 21:0 27612
27611 239 21:0 27612
27611 261 21:0 27618
27611 27556 1:0 27660
27612 27657 21:0 27612
27617 277 21:0 27626
27625 275 21:0 27626
27625 27642 21:0 27626
27625 273 21:0 27626
27625 293 21:0 27626
27625 27609 21:0 27626
27625 295 21:0 27626
27625 279 21:0 27626
27625 291 21:0 27630
27629 297 21:0 27653
27629 315 1:0 27660
27652 353 21:0 27657
27656 313 21:0 27662
27661 311 21:0 27662
27661 309 21:0 27662
27661 27525 1:0 27681
27662 27675 21:0 27667
27677 309 1:0 27681
27682 27456 1:0 27707
27687 329 1:0 27699
27687 137 1:0 27707
27687 27335 1:0 27707
27702 16151 1:0 27707
27702 16206 1:0 27707
27708 27700 21:0 27718
27708 27424 1:0 27752
27718 329 21:0 27738
27737 16151 21:0 27751
27753 27522 1:0 27763
27761 27619 1:0 27763
27761 231 1:0 27763
27764 27425 1:0 27772
27770 16192 1:0 27772
27770 27303 1:0 27772
27770 12901 1:0 27772
27770 12902 1:0 27772
27773 12905 1:0 27800
27773 12904 1:0 27800
27773 12907 1:0 27800
27798 12896 1:0 27800
27798 353 1:0 27800
27798 16203 1:0 27800
27798 27675 1:0 27800
27798 311 1:0 27800
27798 313 1:0 27800
27798 12895 1:0 27800
27801 12903 1:0 27841
27824 353 21:0 27834
27836 16201 1:0 27838
27836 12899 1:0 27841
27836 12900 1:0 27841
27842 12906 1:0 27854
27852 12897 1:0 27854
27852 12898 1:0 27854
27855 12908 1:0 27941
27887 12896 21:0 27939
27938 12898 21:0 27947
27947 12908 21:0 27972
27971 27657 1:0 27971
27971 12906 21:0 27972
27971 297 1:0 27973
27971 27500 1:0 27973
27971 291 1:0 27973
27971 16224 1:0 27973
27971 16249 1:0 27973
27971 12903 21:0 27975
27974 12905 21:0 27975
27974 12904 21:0 27975
27974 12907 21:0 27979
27974 27492 1:0 27984
27978 27655 1:0 27978
27978 12895 21:0 27983
27979 27656 1:0 27979
27982 12902 21:0 27983
27982 319 21:0 27983
27982 321 21:0 27983
27982 12901 21:0 27983
27982 16231 1:0 27984
27982 16228 1:0 27984
27982 317 21:0 27986
27985 309 21:0 27986
27985 311 21:0 27986
27985 313 21:0 27986
27985 315 21:0 27986
27985 12897 21:0 27986
27985 12900 21:0 27986
27985 12899 21:0 27986
27985 27393 1:0 27993
27989 27654 1:0 27989
27991 16281 1:0 27993
27991 13048 1:0 27993
27991 16263 1:0 27993
27991 13049 1:0 27993
27994 13051 1:0 28021
27994 13055 1:0 28021
27994 13053 1:0 28021
28019 13042 1:0 28021
28019 353 1:0 28021
28019 27642 1:0 28021
28019 13043 1:0 28021
28019 16258 1:0 28021
28019 295 1:0 28021
28019 293 1:0 28021
28022 13052 1:0 28062
28045 353 21:0 28055
28057 16260 1:0 28062
28057 13044 1:0 28062
28057 13046 1:0 28062
28063 13050 1:0 28075
28073 13047 1:0 28075
28073 13045 1:0 28075
28076 13054 1:0 28161
28108 13043 21:0 28160
28159 13047 21:0 28168
28171 13054 21:0 28193
28192 27624 1:0 28192
28192 13050 21:0 28193
28192 16338 1:0 28194
28192 16306 1:0 28194
28192 279 1:0 28194
28192 16285 1:0 28194
28192 273 1:0 28194
28192 13052 21:0 28196
28195 13051 21:0 28196
28195 13053 21:0 28196
28195 13055 21:0 28201
28195 27391 1:0 28205
28199 27622 1:0 28199
28200 27623 1:0 28200
28200 13042 21:0 28204
28203 13049 21:0 28204
28203 13048 21:0 28204
28203 303 21:0 28204
28203 301 21:0 28204
28203 16395 1:0 28205
28203 16288 1:0 28205
28203 299 21:0 28207
28206 13044 21:0 28207
28206 295 21:0 28207
28206 297 21:0 28207
28206 293 21:0 28207
28206 13045 21:0 28207
28206 291 21:0 28207
28206 13046 21:0 28207
28206 27459 1:0 28214
28210 27621 1:0 28210
28212 13189 1:0 28214
28212 13195 1:0 28214
28212 16320 1:0 28214
28212 16399 1:0 28214
28215 13200 1:0 28242
28215 13202 1:0 28242
28215 13199 1:0 28242
28240 277 1:0 28242
28240 27609 1:0 28242
28240 353 1:0 28242
28240 16315 1:0 28242
28240 13190 1:0 28242
28240 13196 1:0 28242
28240 275 1:0 28242
28243 13198 1:0 28283
28266 353 21:0 28276
28278 13191 1:0 28283
28278 13193 1:0 28283
28278 16317 1:0 28283
28284 13201 1:0 28296
28294 13194 1:0 28296
28294 13192 1:0 28296
28297 13197 1:0 28362
28320 255 1:0 28415
28339 13192 21:0 28364
28363 13194 21:0 28371
28370 16345 1:0 28415
28372 13197 21:0 28414
28380 16342 1:0 28415
28380 16363 1:0 28415
28380 261 1:0 28415
28413 27591 1:0 28413
28413 13198 21:0 28414
28413 13201 21:0 28414
28413 13202 21:0 28417
28415 27227 1:0 28426
28416 13200 21:0 28417
28416 13199 21:0 28417
28416 13190 21:0 28422
28420 27589 1:0 28420
28421 27590 1:0 28421
28421 13196 21:0 28425
28422 291 1:0 1299
28422 293 1:0 1303
28422 295 1:0 1307
28422 257 1:0 28463
28422 353 1:0 28463
28422 27477 1:0 29126
28423 297 1:0 1337
28423 16402 1:0 28426
28423 17083 1:0 28426
28423 13343 1:0 28435
28423 13342 1:0 28435
28423 16377 1:0 28435
28423 27359 1:0 28435
28423 16372 1:0 28463
28423 27576 1:0 28463
28423 259 1:0 28463
28424 13189 21:0 28425
28424 13193 21:0 28425
28424 13191 21:0 28425
28424 13195 21:0 28425
28426 267 1:0 28426
28431 27588 1:0 28431
28432 299 1:0 1351
28432 303 1:0 1356
28432 301 1:0 1361
28432 309 1:0 1375
28432 311 1:0 1379
28432 313 1:0 1381
28432 315 1:0 1413
28432 16459 1:0 28435
28432 13347 1:0 28463
28432 13345 1:0 28463
28432 13346 1:0 28463
28432 13337 1:0 28463
28432 13341 1:0 28504
28432 16374 1:0 28504
28438 13336 1:0 28463
28438 13338 1:0 28504
28438 13344 1:0 28504
28438 13348 1:0 28517
28438 13340 1:0 28517
28438 13339 1:0 28517
28438 237 1:0 28636
28438 16420 1:0 28636
28440 13349 1:0 28604
28443 16456 1:0 28636
28458 16741 1:0 28636
28459 243 1:0 28636
28512 27324 1:0 28647
28525 16855 1:0 28647
28540 16513 1:0 28647
28550 13337 21:0 28602
28591 27357 1:0 28656
28591 16434 1:0 28656
28601 13340 21:0 28609
28601 13490 1:0 28656
28601 13483 1:0 28656
28610 13349 21:0 28635
28634 27558 1:0 28634
28634 13348 21:0 28635
28634 13344 21:0 28638
28637 13347 21:0 28638
28637 13346 21:0 28638
28637 13345 21:0 28642
28641 13336 21:0 28646
28642 27557 1:0 28642
28643 16798 1:0 28656
28643 13484 1:0 28684
28643 239 1:0 28684
28643 27543 1:0 28684
28643 16431 1:0 28684
28643 241 1:0 28684
28643 13489 1:0 28684
28643 13492 1:0 28684
28643 13493 1:0 28684
28643 13494 1:0 28684
28643 16429 1:0 28722
28643 13487 1:0 28725
28643 223 1:0 28905
28643 16486 1:0 28905
28643 27510 1:0 28905
28643 221 1:0 28905
28644 13496 1:0 28725
28644 13486 1:0 28725
28644 13491 1:0 28738
28644 13485 1:0 28738
28644 13488 1:0 28738
28644 13495 1:0 28824
28644 225 1:0 28857
28644 16452 1:0 28857
28644 16627 1:0 28857
28644 16491 1:0 28857
28644 219 1:0 28857
28644 13636 1:0 28877
28644 13631 1:0 28877
28645 13343 21:0 28646
28645 13342 21:0 28646
28645 13341 21:0 28646
28645 13338 21:0 28646
28645 13339 21:0 28646
28652 27555 1:0 28652
28653 27194 1:0 28868
28653 16687 1:0 28868
28653 16509 1:0 28868
28659 16477 1:0 28877
28659 27228 1:0 28877
28659 16684 1:0 28877
28661 13643 1:0 28905
28664 13639 1:0 28905
28667 27547 1:0 28667
28679 13630 1:0 28905
28679 13642 1:0 28905
28680 13637 1:0 28905
28680 16488 1:0 28946
28680 207 1:0 29078
28680 203 1:0 29126
28680 27444 1:0 29347
28692 13638 1:0 28946
28692 13635 1:0 28946
28692 13634 1:0 28946
28692 13640 1:0 28959
28692 13632 1:0 28959
28692 13633 1:0 28959
28733 13641 1:0 29036
28733 16548 1:0 29078
28733 13783 1:0 29098
28746 16573 1:0 29078
28761 16965 1:0 29078
28761 201 1:0 29078
28771 13484 21:0 28823
28812 27392 1:0 29089
28822 13488 21:0 28830
28822 16534 1:0 29098
28822 205 1:0 29126
28834 13495 21:0 28856
28855 13491 21:0 28856
28855 13496 21:0 28859
28858 13494 21:0 28859
28858 13492 21:0 28859
28858 13493 21:0 28864
28862 27523 1:0 28862
28863 13489 21:0 28867
28864 16908 1:0 29089
28864 16737 1:0 29089
28864 13784 1:0 29098
28864 16516 1:0 29098
28864 16545 1:0 29126
28864 13777 1:0 29126
28864 13778 1:0 29126
28865 27358 1:0 29098
28865 13787 1:0 29126
28865 13785 1:0 29126
28865 13790 1:0 29126
28865 13780 1:0 29167
28865 13782 1:0 29167
28865 13789 1:0 29167
28866 27521 1:0 28866
28866 13490 21:0 28867
28866 13483 21:0 28867
28866 13485 21:0 28867
28866 13486 21:0 28867
28866 13487 21:0 28867
28874 16543 1:0 29164
28874 13779 1:0 29180
28874 13781 1:0 29180
28874 13786 1:0 29180
28874 13788 1:0 29257
28874 183 1:0 29299
28874 189 1:0 29299
28874 16794 1:0 29299
28874 16566 1:0 29299
28874 16591 1:0 29299
28874 185 1:0 29347
28880 27360 1:0 29310
28880 16570 1:0 29310
28880 17143 1:0 29310
28901 27390 1:0 29319
28913 16851 1:0 29319
28913 13931 1:0 29319
28913 16605 1:0 29319
28913 13924 1:0 29319
28913 27411 1:0 29568
28954 13934 1:0 29347
28954 13933 1:0 29347
28962 13930 1:0 29347
28967 13937 1:0 29347
28982 13925 1:0 29347
28982 16600 1:0 29347
28982 187 1:0 29347
28982 16602 1:0 29388
28983 13932 1:0 29388
28983 13929 1:0 29388
28983 13928 1:0 29388
28983 13927 1:0 29401
28983 13926 1:0 29401
28983 13936 1:0 29401
28984 13935 1:0 29478
29002 13633 21:0 29027
29026 13632 21:0 29034
29033 13634 21:0 29039
29033 81 1:0 29517
29033 167 1:0 29568
29033 169 1:0 29568
29042 13641 21:0 29077
29043 171 1:0 29520
29043 17086 1:0 29520
29043 16648 1:0 29520
29043 165 1:0 29520
29076 13638 21:0 29077
29076 13640 21:0 29077
29076 13642 21:0 29080
29079 13639 21:0 29080
29079 13643 21:0 29080
29079 13630 21:0 29088
29083 27490 1:0 29083
29084 27491 1:0 29084
29085 16623 1:0 29520
29086 27195 1:0 29531
29086 17140 1:0 29531
29086 27124 1:0 29531
29086 27193 1:0 29540
29087 13637 21:0 29088
29087 13636 21:0 29088
29087 13635 21:0 29088
29087 13631 21:0 29088
29089 213 1:0 29089
29089 16657 1:0 29568
29094 27489 1:0 29094
29095 14071 1:0 29540
29095 16630 1:0 29540
29095 14072 1:0 29540
29095 16662 1:0 29540
29095 14077 1:0 29568
29095 14078 1:0 29568
29095 14080 1:0 29568
29095 14079 1:0 29568
29095 14081 1:0 29568
29095 14082 1:0 29609
29095 14073 1:0 29609
29095 16659 1:0 29609
29095 14075 1:0 29609
29095 14076 1:0 29622
29095 14083 1:0 29622
29095 14074 1:0 29622
29095 57 1:0 29738
29095 149 1:0 29789
29095 27378 1:0 29789
29095 16716 1:0 29789
29101 14084 1:0 29709
29101 147 1:0 29741
29101 16705 1:0 29741
29101 16915 1:0 29741
29101 14225 1:0 29761
29103 16680 1:0 29741
29103 153 1:0 29741
29134 16801 1:0 29752
29134 27327 1:0 29752
29175 16912 1:0 29752
29175 14219 1:0 29761
29175 16719 1:0 29761
29175 151 1:0 29789
29204 27260 1:0 29761
29205 16744 1:0 29761
29226 13779 21:0 29249
29248 13781 21:0 29255
29254 13780 21:0 29262
29254 14229 1:0 29789
29256 14224 1:0 29789
29263 13788 21:0 29298
29263 16714 1:0 29827
29264 14228 1:0 29789
29297 13789 21:0 29298
29297 13786 21:0 29298
29297 13790 21:0 29301
29300 13785 21:0 29301
29300 13787 21:0 29301
29300 13778 21:0 29309
29304 27457 1:0 29304
29305 27458 1:0 29305
29306 14226 1:0 29789
29306 14218 1:0 29789
29306 14230 1:0 29830
29306 14221 1:0 29830
29306 14223 1:0 29830
29306 14227 1:0 29843
29306 14222 1:0 29843
29306 14220 1:0 29843
29306 135 1:0 29959
29306 117 1:0 29962
29307 14231 1:0 29930
29307 129 1:0 29962
29307 17022 1:0 29962
29307 17136 1:0 29962
29307 16762 1:0 29962
29307 14372 1:0 29982
29307 16776 1:0 29982
29307 14371 1:0 29982
29307 27345 1:0 30010
29307 131 1:0 30010
29307 16773 1:0 30010
29307 14366 1:0 30010
29307 133 1:0 30010
29307 14365 1:0 30010
29308 13782 21:0 29309
29308 13783 21:0 29309
29308 13784 21:0 29309
29308 13777 21:0 29309
29316 27142 1:0 29973
29316 16972 1:0 29973
29316 27325 1:0 29973
29316 27326 1:0 29982
29322 27109 1:0 29982
29322 14373 1:0 30010
29322 14377 1:0 30010
29324 14374 1:0 30010
29327 14376 1:0 30051
29327 14369 1:0 30051
29342 16771 1:0 30048
29342 14367 1:0 30051
29342 111 1:0 30180
29343 14375 1:0 30064
29343 14370 1:0 30064
29343 14368 1:0 30064
29355 14378 1:0 30151
29355 341 1:0 30183
29355 93 1:0 30183
29355 16833 1:0 30183
29396 27105 1:0 30183
29396 99 1:0 30183
29396 14518 1:0 30203
29396 16819 1:0 30203
29425 27294 1:0 30194
29426 27197 1:0 30194
29444 13927 21:0 29469
29468 13926 21:0 29476
29475 13929 21:0 29483
29475 65 1:0 30194
29477 27312 1:0 30231
29484 13935 21:0 29519
29484 113 1:0 30231
29518 27426 1:0 29518
29518 13932 21:0 29519
29518 13936 21:0 29519
29518 13933 21:0 29522
29521 13937 21:0 29522
29521 13934 21:0 29522
29521 13925 21:0 29530
29527 27292 1:0 30203
29527 16858 1:0 30203
29528 14519 1:0 30203
29528 14520 1:0 30231
29528 14522 1:0 30231
29528 14524 1:0 30231
29528 14513 1:0 30231
29528 115 1:0 30231
29528 14512 1:0 30231
29528 16828 1:0 30231
29528 14514 1:0 30272
29528 14515 1:0 30272
29528 16830 1:0 30272
29528 14521 1:0 30272
29528 14517 1:0 30285
29528 14516 1:0 30285
29528 14525 1:0 30285
29528 16947 1:0 30401
29528 14666 1:0 30424
29528 14665 1:0 30424
29528 27279 1:0 30452
29528 16887 1:0 30452
29529 13924 21:0 29530
29529 13931 21:0 29530
29529 13930 21:0 29530
29529 13928 21:0 29530
29531 97 1:0 30452
29536 27423 1:0 29536
29537 14523 1:0 30362
29537 27293 1:0 30409
29537 16890 1:0 30424
29543 45 1:0 30415
29543 16990 1:0 30415
29543 16876 1:0 30415
29543 27291 1:0 30415
29563 27261 1:0 30424
29564 85 1:0 30424
29576 14667 1:0 30452
29576 14670 1:0 30452
29617 14668 1:0 30452
29617 14659 1:0 30452
29617 14660 1:0 30452
29617 95 1:0 30452
29617 16885 1:0 30490
29617 16942 1:0 30673
29630 14669 1:0 30493
29630 14664 1:0 30493
29630 14661 1:0 30493
29645 14662 1:0 30506
29645 14663 1:0 30506
29645 14672 1:0 30506
29646 14671 1:0 30592
29646 75 1:0 30622
29646 14807 1:0 30645
29646 14806 1:0 30645
29685 14078 21:0 29712
29715 14084 21:0 29740
29739 14083 21:0 29740
29739 14082 21:0 29743
29742 14079 21:0 29743
29742 14081 21:0 29743
29742 14080 21:0 29747
29746 14077 21:0 29751
29748 27259 1:0 30629
29748 67 1:0 30633
29748 27256 1:0 30633
29749 27258 1:0 30640
29749 16933 1:0 30645
29749 27128 1:0 30645
29750 14072 21:0 29751
29750 14075 21:0 29751
29750 14073 21:0 29751
29750 14074 21:0 29751
29750 14076 21:0 29751
29750 14071 21:0 29751
29758 14812 1:0 30673
29758 14819 1:0 30673
29758 27246 1:0 30673
29758 79 1:0 30673
29758 77 1:0 30673
29758 14813 1:0 30673
29758 14815 1:0 30673
29758 14816 1:0 30673
29758 14814 1:0 30714
29758 16944 1:0 30714
29758 14809 1:0 30714
29758 14808 1:0 30714
29758 14810 1:0 30727
29758 14811 1:0 30727
29758 14817 1:0 30727
29758 14818 1:0 30813
29758 63 1:0 30843
29758 14960 1:0 30866
29758 14959 1:0 30866
29766 27226 1:0 30850
29767 27388 1:0 29767
29769 16969 1:0 30854
29784 27204 1:0 30854
29785 14965 1:0 30894
29838 27225 1:0 30861
29867 27160 1:0 30866
29867 17004 1:0 30866
29868 17001 1:0 30894
29868 14953 1:0 30894
29868 61 1:0 30894
29868 27213 1:0 30894
29868 16999 1:0 30894
29868 14955 1:0 30935
29868 59 1:0 30935
29868 41 1:0 31115
29909 14224 21:0 29935
29917 14963 1:0 30894
29927 39 1:0 31064
29936 14231 21:0 29961
29960 14227 21:0 29961
29960 14230 21:0 29964
29963 14226 21:0 29964
29963 14228 21:0 29964
29963 14229 21:0 29968
29967 14218 21:0 29972
29969 14954 1:0 30894
29969 14961 1:0 30894
29969 14957 1:0 30935
29969 14966 1:0 30935
29969 14962 1:0 30948
29969 14958 1:0 30948
29969 14956 1:0 30948
29969 14964 1:0 31025
29969 21 1:0 31067
29969 15106 1:0 31087
29969 17056 1:0 31115
29969 27180 1:0 31115
29970 17047 1:0 31067
29970 17079 1:0 31067
29970 27 1:0 31067
29970 17029 1:0 31067
29970 27192 1:0 31078
29970 17061 1:0 31087
29970 15100 1:0 31087
29971 14223 21:0 29972
29971 14225 21:0 29972
29971 14221 21:0 29972
29971 14222 21:0 29972
29971 14220 21:0 29972
29971 14219 21:0 29972
29979 27178 1:0 31078
29979 17026 1:0 31078
29979 27162 1:0 31087
29979 27151 1:0 31087
29979 15113 1:0 31115
29985 15101 1:0 31115
29985 43 1:0 31115
29985 15109 1:0 31115
29985 15108 1:0 31115
29985 15107 1:0 31115
29985 15103 1:0 31156
29985 15104 1:0 31156
29985 17058 1:0 31156
29987 15112 1:0 31156
29990 15110 1:0 31169
29990 15105 1:0 31169
29990 15102 1:0 31169
30005 15111 1:0 31246
30006 17104 1:0 31285
30006 15247 1:0 31308
30006 15254 1:0 31308
30059 27161 1:0 31293
30072 27158 1:0 31296
30087 15 1:0 31296
30097 14366 21:0 30149
30138 27159 1:0 31303
30148 14370 21:0 30157
30148 17118 1:0 31308
30148 25 1:0 31336
30157 14378 21:0 30182
30181 14375 21:0 30182
30181 14376 21:0 30185
30184 14377 21:0 30185
30184 14373 21:0 30185
30184 14374 21:0 30189
30188 14365 21:0 30193
30190 27129 1:0 31308
30190 15258 1:0 31336
30191 16151 1:0 31333
30191 17113 1:0 31336
30191 15260 1:0 31336
30191 15255 1:0 31336
30191 15253 1:0 31336
30191 15248 1:0 31336
30191 17115 1:0 31336
30191 27147 1:0 31336
30191 15259 1:0 31377
30191 23 1:0 31377
30191 15250 1:0 31377
30191 15251 1:0 31377
30191 15252 1:0 31390
30191 15249 1:0 31390
30191 15257 1:0 31390
30191 15256 1:0 31457
30191 9 1:0 31506
30192 14371 21:0 30193
30192 14368 21:0 30193
30192 14372 21:0 30193
30192 14369 21:0 30193
30192 14367 21:0 30193
30200 27127 1:0 31513
30200 17161 1:0 31517
30200 329 1:0 31517
30200 24398 1:0 31517
30200 26049 1:0 31517
30200 27700 1:0 31517
30206 27126 1:0 31524
30206 3 1:0 31526
30206 17175 1:0 31526
30206 22747 1:0 31526
30206 21096 1:0 31526
30208 15401 1:0 31526
30208 15400 1:0 31529
30211 334 1:0 31529
30211 15394 1:0 31529
30211 15395 1:0 31529
30226 19445 1:0 31529
30227 17794 1:0 31529
30239 15402 1:0 31557
30239 15404 1:0 31557
30280 17170 1:0 31554
30280 15403 1:0 31557
30280 27114 1:0 31557
30280 16143 1:0 31557
30280 7 1:0 31557
30280 5 1:0 31557
30288 15405 1:0 31598
30288 15398 1:0 31598
30288 17172 1:0 31598
30293 15397 1:0 31598
30308 15396 1:0 31611
30308 15407 1:0 31611
30308 15399 1:0 31611
30309 15406 1:0 31697
30309 15496 1:0 31699
30309 15497 1:0 31739
30338 14517 21:0 30354
30353 14516 21:0 30360
30359 14515 21:0 30367
30368 14523 21:0 30403
30402 14525 21:0 30403
30402 14521 21:0 30403
30402 14520 21:0 30406
30405 14524 21:0 30406
30405 14522 21:0 30406
30405 14512 21:0 30414
30413 14518 21:0 30414
30413 14513 21:0 30414
30413 14519 21:0 30414
30413 14514 21:0 30414
30539 14660 21:0 30591
30590 14663 21:0 30598
30602 14671 21:0 30624
30623 14672 21:0 30624
30623 14669 21:0 30627
30626 14667 21:0 30627
30626 14670 21:0 30627
30626 14668 21:0 30632
30631 14659 21:0 30635
30634 14666 21:0 30635
30634 14662 21:0 30635
30634 14664 21:0 30635
30634 14661 21:0 30635
30634 14665 21:0 30635
30733 27236 1:0 30733
30793 14812 21:0 30819
30823 14818 21:0 30845
30844 14817 21:0 30845
30844 14814 21:0 30848
30847 14816 21:0 30848
30847 14815 21:0 30848
30847 14819 21:0 30853
30852 14813 21:0 30856
30855 14808 21:0 30856
30855 14810 21:0 30856
30855 14806 21:0 30856
30855 14809 21:0 30856
30855 14807 21:0 30856
30855 14811 21:0 30856
30857 69 1:0 30857
31001 14958 21:0 31017
31016 14956 21:0 31023
31022 14955 21:0 31030
31031 14964 21:0 31066
31065 14962 21:0 31066
31065 14966 21:0 31066
31065 14963 21:0 31069
31068 14965 21:0 31069
31068 14961 21:0 31069
31068 14954 21:0 31077
31076 14953 21:0 31077
31076 14957 21:0 31077
31076 14960 21:0 31077
31076 14959 21:0 31077
31113 27179 1:0 31113
31148 27171 1:0 31148
31180 27164 1:0 31180
31222 15105 21:0 31238
31237 15102 21:0 31244
31243 15103 21:0 31251
31252 15111 21:0 31287
31286 15112 21:0 31287
31286 15110 21:0 31287
31286 15113 21:0 31290
31288 31 1:0 31288
31289 15109 21:0 31290
31289 15108 21:0 31290
31289 15107 21:0 31298
31297 15106 21:0 31298
31297 15104 21:0 31298
31297 15101 21:0 31298
31297 15100 21:0 31298
31436 15249 21:0 31459
31463 15256 21:0 31508
31507 15257 21:0 31508
31507 15259 21:0 31508
31507 15255 21:0 31511
31510 15258 21:0 31511
31510 15260 21:0 31511
31510 15253 21:0 31516
31515 15248 21:0 31519
31518 27125 1:0 31518
31518 15252 21:0 31519
31518 15247 21:0 31519
31518 15251 21:0 31519
31518 15250 21:0 31519
31518 15254 21:0 31519
31677 15400 21:0 31703
31707 15406 21:0 88
