213 13784 0:0 215
213 13786 0:0 215
214 13781 21:0 215
214 13783 0:0 215
214 13787 0:0 215
214 13785 0:0 215
214 305 0:0 215
214 13780 21:0 223
222 13775 21:0 251
250 13876 21:0 256
250 13774 21:0 251
250 13877 21:0 251
255 13998 21:0 267
266 14011 21:0 267
266 7 21:0 267
266 5 21:0 267
266 14001 21:0 267
266 13779 21:0 267
266 13777 21:0 267
266 13778 21:0 267
266 13776 21:0 267
269 14013 21:0 277
274 14014 0:0 277
276 3 21:0 277
276 14015 0:0 277
277 14016 21:0 343
297 23 0:0 299
342 25 21:0 343
342 14034 21:0 345
345 14046 21:0 353
352 14047 0:0 353
352 14048 21:0 419
417 14049 0:0 419
418 14058 21:0 424
421 14079 0:0 424
423 14077 21:0 424
423 14067 21:0 424
423 41 21:0 426
426 14080 21:0 484
428 14081 0:0 429
477 61 0:0 479
483 14082 0:0 495
483 14091 21:0 495
494 43 21:0 495
494 21 21:0 495
494 59 21:0 495
494 14100 21:0 495
494 11 21:0 495
497 14112 21:0 505
504 39 21:0 505
504 14113 0:0 505
504 27 21:0 505
505 14115 21:0 571
570 75 21:0 571
570 14133 21:0 573
573 14145 21:0 581
578 14147 0:0 581
578 14146 0:0 581
580 79 21:0 581
580 9 21:0 581
580 77 21:0 581
581 14148 21:0 647
629 97 0:0 631
646 95 21:0 647
646 14166 21:0 647
649 14178 21:0 657
656 14179 0:0 657
656 14180 21:0 723
705 115 0:0 707
711 14194 0:0 712
721 14181 0:0 723
722 113 21:0 723
722 117 21:0 723
722 14199 21:0 723
725 14211 21:0 733
730 14212 0:0 733
730 14213 0:0 733
732 99 21:0 733
733 14214 21:0 799
798 131 21:0 799
798 14232 21:0 799
798 133 21:0 799
801 14244 21:0 809
808 14246 0:0 809
808 135 21:0 809
808 129 21:0 809
809 14247 21:0 875
874 14210 21:0 880
879 14265 21:0 880
879 149 21:0 880
879 14144 21:0 880
879 151 21:0 880
882 14279 21:0 940
884 14278 0:0 885
939 14277 21:0 956
955 169 21:0 956
955 153 21:0 956
955 165 21:0 958
957 14298 21:0 958
958 14311 21:0 1016
973 14302 0:0 975
1015 14313 21:0 1032
1026 189 0:0 1027
1031 14310 21:0 1092
1091 14343 21:0 1108
1107 14312 21:0 1135
1134 14114 21:0 1184
1178 225 0:0 1179
1183 14245 21:0 1203
1189 14412 21:0 1189
1202 14346 21:0 1260
1257 14442 21:0 1257
1259 14345 21:0 1265
1262 14444 21:0 1262
1262 14443 21:0 1262
1264 14344 21:0 1331
1265 14445 21:0 1265
1330 14409 21:0 1341
1333 14475 21:0 1333
1335 265 1:0 1337
1338 14477 21:0 1338
1338 14476 21:0 1338
1340 273 1:0 1351
1340 14379 21:0 1407
1341 14478 21:0 1341
1354 275 1:0 1355
1358 277 1:0 1359
1362 279 1:0 1389
1390 281 1:0 1403
1406 285 1:0 1408
1406 14376 21:0 1417
1409 14508 21:0 1409
1411 283 1:0 1413
1416 14104 21:0 1432
1431 14364 21:0 1432
1431 14430 21:0 1432
1431 207 21:0 1432
1431 14331 21:0 1432
1431 14463 21:0 1436
1435 14397 21:0 1437
1437 14521 21:0 1447
1446 14280 21:0 1471
1470 14377 21:0 1481
1480 14378 21:0 1489
1483 14508 1:0 1483
1488 14411 21:0 1586
1560 14463 1:0 1635
1585 14410 21:0 1593
1589 14478 1:0 1589
1592 14249 21:0 1600
1594 14410 1:0 1713
1595 14476 1:0 1595
1596 14477 1:0 1596
1597 14411 1:0 1723
1598 14378 1:0 1731
1598 14430 1:0 1731
1598 14377 1:0 1832
1599 14255 21:0 1603
1602 14064 21:0 1603
1602 14057 21:0 1608
1605 14475 1:0 1605
1606 14376 1:0 1842
1606 14409 1:0 1848
1606 14397 1:0 1853
1607 14606 21:0 1608
1607 14602 21:0 1608
1607 49 21:0 1611
1609 225 1:0 1878
1609 14379 1:0 1954
1609 207 1:0 1957
1610 14579 21:0 1611
1610 31 21:0 1611
1610 13 21:0 1611
1610 171 21:0 1611
1610 147 21:0 1611
1610 14581 21:0 1613
1612 14344 1:0 1967
1615 14609 21:0 1634
1630 14345 1:0 1975
1630 14364 1:0 1975
1633 14552 21:0 1668
1642 14346 1:0 2076
1667 14549 21:0 1685
1684 14545 21:0 1688
1686 14312 1:0 2086
1687 14584 21:0 1688
1687 14627 21:0 1688
1687 14638 21:0 1688
1687 14636 21:0 1692
1692 14641 21:0 1712
1711 14445 1:0 1711
1711 285 21:0 1712
1711 283 21:0 1712
1711 281 21:0 1715
1714 265 21:0 1715
1714 14570 21:0 1715
1714 57 21:0 1715
1714 14529 21:0 1715
1714 63 21:0 1715
1714 293 21:0 1715
1714 273 21:0 1715
1714 279 21:0 1715
1714 277 21:0 1715
1714 275 21:0 1715
1717 14443 1:0 1717
1718 14444 1:0 1718
1718 14659 21:0 1722
1719 14343 1:0 2092
1719 14331 1:0 2097
1720 189 1:0 2122
1720 14313 1:0 2198
1720 14311 1:0 2204
1727 14442 1:0 1727
1728 14663 21:0 1730
1728 14310 1:0 2214
1728 169 1:0 2219
1728 171 1:0 2219
1728 14298 1:0 2219
1728 14302 1:0 2221
1734 165 1:0 2295
1734 14280 1:0 2320
1737 14666 21:0 1756
1752 14279 1:0 2327
1762 14684 21:0 1793
1764 14278 1:0 2326
1796 14693 21:0 1798
1805 14695 21:0 1807
1814 14698 21:0 1834
1833 14412 1:0 1833
1840 14716 21:0 1844
1841 14277 1:0 2336
1842 149 1:0 2341
1842 147 1:0 2341
1842 153 1:0 2341
1842 151 1:0 2341
1842 14265 1:0 2341
1842 14255 1:0 2341
1842 14249 1:0 2426
1842 14247 1:0 2442
1850 14720 21:0 1852
1850 14245 1:0 2448
1853 14246 1:0 2449
1859 14723 21:0 1878
1860 14244 1:0 2458
1860 14232 1:0 2463
1874 135 1:0 2463
1874 133 1:0 2463
1874 131 1:0 2463
1884 14741 21:0 1915
1886 129 1:0 2539
1886 14214 1:0 2564
1918 14750 21:0 1920
1927 14752 21:0 1929
1936 14755 21:0 1956
1962 14773 21:0 1966
1963 14212 1:0 2570
1964 14213 1:0 2571
1964 14210 1:0 2574
1972 14777 21:0 1974
1972 14211 1:0 2580
1972 117 1:0 2610
1972 14199 1:0 2616
1972 14194 1:0 2616
1972 115 1:0 2644
1972 113 1:0 2652
1975 14181 1:0 2686
1981 14780 21:0 2000
1982 14180 1:0 2693
2006 14798 21:0 2037
2008 14179 1:0 2692
2040 14807 21:0 2042
2049 14809 21:0 2051
2058 14812 21:0 2078
2084 14830 21:0 2088
2085 14178 1:0 2702
2085 95 1:0 2707
2085 99 1:0 2707
2085 14166 1:0 2707
2086 97 1:0 2766
2086 14148 1:0 2808
2094 14834 21:0 2096
2094 14146 1:0 2814
2094 14147 1:0 2815
2094 14144 1:0 2818
2100 14145 1:0 2824
2100 77 1:0 2829
2100 79 1:0 2829
2100 14133 1:0 2829
2103 14837 21:0 2122
2119 75 1:0 2905
2119 14115 1:0 2930
2128 14855 21:0 2159
2162 14864 21:0 2164
2171 14866 21:0 2173
2180 14869 21:0 2200
2206 14887 21:0 2210
2207 14114 1:0 2937
2208 14113 1:0 2936
2208 14112 1:0 2946
2208 14104 1:0 2959
2208 63 1:0 2974
2216 14891 21:0 2218
2216 14100 1:0 2982
2216 14091 1:0 3008
2216 61 1:0 3010
2216 59 1:0 3018
2216 57 1:0 3027
2216 14082 1:0 3052
2216 49 1:0 3052
2222 14080 1:0 3058
2225 14894 21:0 2244
2241 14081 1:0 3059
2250 14912 21:0 2281
2284 14921 21:0 2286
2293 14923 21:0 2295
2302 14926 21:0 2322
2328 14944 21:0 2332
2329 14079 1:0 3068
2329 14064 1:0 3073
2329 39 1:0 3077
2329 14077 1:0 3077
2329 43 1:0 3084
2329 41 1:0 3093
2329 14067 1:0 3096
2330 14058 1:0 3130
2330 31 1:0 3147
2330 14057 1:0 3154
2330 14049 1:0 3174
2338 14948 21:0 2340
2338 14048 1:0 3181
2341 14047 1:0 3180
2347 14951 21:0 2366
2348 14046 1:0 3190
2348 14034 1:0 3195
2362 25 1:0 3195
2362 27 1:0 3195
2372 14969 21:0 2403
2374 23 1:0 3262
2374 21 1:0 3271
2374 14016 1:0 3296
2406 14978 21:0 2408
2415 14980 21:0 2417
2424 14983 21:0 2444
2450 15001 21:0 2454
2451 13 1:0 3298
2451 299 1:0 3416
2452 14014 1:0 3302
2452 14015 1:0 3303
2460 15005 21:0 2462
2460 14013 1:0 3312
2460 11 1:0 3316
2460 14011 1:0 3321
2460 9 1:0 3340
2460 14001 1:0 3348
2460 13998 1:0 3348
2460 7 1:0 3376
2460 5 1:0 3382
2460 3 1:0 3391
2469 15008 21:0 2488
2494 15026 21:0 2525
2528 15035 21:0 2530
2537 15037 21:0 2539
2546 15040 21:0 2566
2572 15058 21:0 2576
2582 15062 21:0 2584
2591 15065 21:0 2610
2616 15083 21:0 2647
2650 15092 21:0 2652
2663 15094 21:0 2664
2668 15097 21:0 2688
2694 15115 21:0 2698
2704 15119 21:0 2706
2713 15122 21:0 2732
2738 15140 21:0 2769
2772 15149 21:0 2774
2781 15151 21:0 2783
2790 15154 21:0 2810
2816 15172 21:0 2820
2826 15176 21:0 2828
2835 15179 21:0 2854
2860 15197 21:0 2891
2894 15206 21:0 2896
2903 15208 21:0 2905
2912 15211 21:0 2932
2938 15229 21:0 2942
2948 15233 21:0 2950
2957 15236 21:0 2976
2982 15254 21:0 3013
3016 15263 21:0 3018
3029 15265 21:0 3030
3034 15268 21:0 3054
3060 15286 21:0 3064
3070 15290 21:0 3072
3079 15293 21:0 3098
3104 15311 21:0 3135
3138 15320 21:0 3140
3151 15322 21:0 3152
3156 15325 21:0 3176
3182 15343 21:0 3186
3192 15347 21:0 3194
3201 15350 21:0 3220
3226 15368 21:0 3257
3260 15377 21:0 3262
3269 15379 21:0 3271
3278 15382 21:0 3298
3304 15400 21:0 3308
3314 15404 21:0 3316
3323 15407 21:0 3342
3348 15425 21:0 3379
3382 15434 21:0 3384
3391 15436 21:0 3393
3414 298 21:0 3464
3463 15439 21:0 3464
3463 7 21:0 3469
3468 5 21:0 3469
3468 15472 21:0 3469
3468 3 21:0 3469
3471 299 21:0 3480
3479 15470 21:0 3485
3484 15467 21:0 3485
3484 11 21:0 3485
3487 15485 21:0 3545
3489 15486 0:0 3490
3502 13 0:0 3504
3544 15487 0:0 3556
3544 15484 21:0 3561
3555 27 0:0 3556
3558 15517 0:0 3561
3560 15505 21:0 3561
3560 9 21:0 3561
3560 25 21:0 3563
3563 15519 21:0 3621
3565 15518 0:0 3566
3620 15476 21:0 3632
3620 15520 0:0 3632
3631 15489 21:0 3637
3634 15550 0:0 3637
3636 45 21:0 3637
3636 23 21:0 3637
3636 15482 21:0 3637
3636 31 21:0 3637
3636 41 21:0 3637
3636 43 21:0 3639
3639 15551 21:0 3697
3641 15552 0:0 3642
3696 15553 21:0 3713
3710 15583 0:0 3713
3712 61 21:0 3713
3712 59 21:0 3713
3712 51 21:0 3713
3712 15538 21:0 3715
3714 15571 21:0 3715
3715 15584 21:0 3773
3716 69 0:0 3718
3717 15585 0:0 3718
3772 15586 0:0 3784
3772 15569 21:0 3784
3783 15581 21:0 3784
3783 15602 21:0 3789
3786 15616 0:0 3789
3788 15599 21:0 3791
3790 15604 21:0 3791
3791 15617 21:0 3849
3792 87 0:0 3794
3793 15618 0:0 3794
3806 85 0:0 3808
3848 15635 21:0 3860
3848 15619 0:0 3860
3859 15566 21:0 3865
3862 15649 0:0 3865
3864 83 21:0 3865
3864 81 21:0 3865
3864 95 21:0 3865
3864 15515 21:0 3865
3864 97 21:0 3867
3866 15637 21:0 3867
3867 15651 21:0 3925
3869 15650 0:0 3870
3924 105 21:0 3936
3935 57 21:0 3936
3935 117 21:0 3936
3935 15665 21:0 3936
3935 113 21:0 3938
3938 15682 21:0 3946
3945 15652 21:0 4012
4011 15713 21:0 4017
4014 15715 0:0 4017
4016 123 21:0 4017
4016 15509 21:0 4017
4016 15670 21:0 4019
4018 15703 21:0 4019
4019 15716 21:0 4077
4076 15684 21:0 4093
4092 15717 21:0 4148
4147 15683 21:0 4169
4168 15750 21:0 4196
4195 15718 21:0 4245
4244 15749 21:0 4264
4263 15685 21:0 4321
4320 15783 21:0 4326
4325 15748 21:0 4392
4391 15782 21:0 4402
4399 15881 21:0 4399
4399 15882 21:0 4399
4401 15781 21:0 4468
4402 15883 21:0 4402
4467 15784 21:0 4478
4470 15913 21:0 4470
4475 15915 21:0 4475
4475 15914 21:0 4475
4477 15751 21:0 4544
4478 15916 21:0 4478
4543 15816 21:0 4554
4546 15946 21:0 4546
4548 265 1:0 4550
4551 15947 21:0 4551
4551 15948 21:0 4551
4553 273 1:0 4564
4553 15814 21:0 4620
4554 15949 21:0 4554
4567 275 1:0 4568
4571 277 1:0 4572
4575 279 1:0 4602
4603 281 1:0 4616
4619 285 1:0 4621
4619 15815 21:0 4625
4622 15979 21:0 4622
4624 283 1:0 4626
4624 177 21:0 4630
4629 15594 21:0 4630
4629 15 21:0 4632
4629 293 1:0 4641
4631 99 21:0 4645
4644 39 21:0 4645
4644 15868 21:0 4645
4644 15736 21:0 4645
4644 15802 21:0 4645
4644 15835 21:0 4648
4647 317 21:0 4650
4650 15992 21:0 4660
4659 14529 1:0 4661
4659 15847 21:0 4686
4685 14545 1:0 4687
4685 15848 21:0 4697
4696 14549 1:0 4698
4696 15850 21:0 4706
4700 15979 1:0 4700
4705 14552 1:0 4708
4705 15817 21:0 4814
4729 14570 1:0 4735
4740 317 1:0 4749
4740 14579 1:0 4770
4740 14581 1:0 4780
4740 14584 1:0 4790
4781 14602 1:0 4818
4781 14606 1:0 4829
4781 14666 1:0 4832
4781 14627 1:0 4835
4789 14720 1:0 4835
4794 15008 1:0 4835
4809 14609 1:0 4839
4809 14894 1:0 4845
4810 14777 1:0 4845
4813 15949 1:0 4813
4813 15849 21:0 4820
4819 15880 21:0 4828
4820 15947 1:0 4820
4821 15948 1:0 4821
4827 15568 21:0 4834
4831 15946 1:0 4831
4833 15533 21:0 4837
4836 14606 21:0 4837
4836 77 21:0 4837
4836 15504 21:0 4837
4836 14584 21:0 4839
4838 15934 21:0 4839
4838 15901 21:0 4841
4840 15934 1:0 4845
4840 14834 1:0 4863
4840 14636 1:0 4901
4840 14638 1:0 4907
4840 14830 1:0 4907
4840 15058 1:0 4917
4840 14641 1:0 4921
4840 14773 1:0 4946
4840 14716 1:0 4946
4840 14659 1:0 4949
4840 14698 1:0 4954
4840 14663 1:0 4954
4840 14684 1:0 4954
4840 15880 1:0 4963
4840 14693 1:0 4968
4840 15849 1:0 4994
4841 14609 21:0 4862
4842 15901 1:0 4968
4842 14695 1:0 4976
4842 14723 1:0 4994
4842 14741 1:0 5077
4842 15817 1:0 5077
4842 15850 1:0 5088
4842 14750 1:0 5097
4842 15868 1:0 5097
4842 15848 1:0 5097
4842 14752 1:0 5173
4842 14798 1:0 5179
4842 14755 1:0 5179
4842 14812 1:0 5179
4842 14780 1:0 5205
4842 15847 1:0 5205
4859 15815 1:0 5216
4861 14602 21:0 4887
4871 15814 1:0 5225
4886 14627 21:0 4900
4899 14552 21:0 4916
4915 14545 21:0 4919
4918 14636 21:0 4919
4918 14579 21:0 4919
4918 14638 21:0 4919
4918 14581 21:0 4919
4918 14529 21:0 4923
4920 14809 1:0 5230
4920 15835 1:0 5230
4920 14807 1:0 5238
4920 15816 1:0 5256
4923 14641 21:0 4945
4925 14837 1:0 5256
4944 15916 1:0 4944
4944 283 21:0 4945
4944 14549 21:0 4945
4944 285 21:0 4948
4947 14570 21:0 4948
4947 281 21:0 4948
4947 293 21:0 4948
4947 275 21:0 4948
4947 15769 21:0 4948
4947 277 21:0 4948
4947 279 21:0 4948
4947 265 21:0 4948
4951 15914 1:0 4951
4951 14659 21:0 4956
4952 15915 1:0 4952
4953 14855 1:0 5339
4953 15751 1:0 5339
4954 15784 1:0 5350
4954 15781 1:0 5359
4954 14864 1:0 5359
4954 15802 1:0 5359
4955 267 21:0 4956
4955 273 21:0 4956
4962 15913 1:0 4962
4962 14663 21:0 4965
4963 14866 1:0 5435
4963 14869 1:0 5441
4963 15782 1:0 5467
4963 14887 1:0 5467
4963 15783 1:0 5475
4966 14891 1:0 5481
4966 14912 1:0 5481
4969 177 1:0 5480
4972 14666 21:0 4993
4974 15769 1:0 5490
4974 14921 1:0 5490
4974 15748 1:0 5490
4999 14684 21:0 5031
5002 14923 1:0 5566
5002 14926 1:0 5572
5002 14944 1:0 5598
5002 15749 1:0 5598
5034 14693 21:0 5037
5044 14695 21:0 5047
5054 14698 21:0 5076
5075 15883 1:0 5075
5082 15881 1:0 5082
5082 14716 21:0 5087
5083 15882 1:0 5083
5084 15750 1:0 5606
5084 14951 1:0 5612
5084 14983 1:0 5612
5085 14969 1:0 5612
5085 14948 1:0 5612
5085 15736 1:0 5621
5085 14980 1:0 5621
5085 14978 1:0 5621
5085 15718 1:0 5621
5093 14720 21:0 5096
5094 15005 1:0 5703
5094 15717 1:0 5729
5094 15001 1:0 5729
5094 15716 1:0 5736
5094 15026 1:0 5743
5094 117 1:0 5743
5094 15083 1:0 5743
5097 15040 1:0 5743
5100 15713 1:0 5743
5103 14723 21:0 5124
5105 15685 1:0 5752
5130 14741 21:0 5162
5133 15715 1:0 5747
5133 15703 1:0 5752
5133 15037 1:0 5752
5133 15035 1:0 5752
5165 14750 21:0 5168
5175 14752 21:0 5178
5185 14755 21:0 5207
5213 14773 21:0 5218
5215 15062 1:0 5834
5215 15683 1:0 5860
5215 123 1:0 5860
5216 15684 1:0 5868
5224 14777 21:0 5227
5225 15682 1:0 5878
5225 15092 1:0 5883
5225 15065 1:0 5883
5225 15665 1:0 5883
5225 113 1:0 5883
5225 15670 1:0 5883
5225 15094 1:0 5959
5225 15097 1:0 5965
5225 15652 1:0 5991
5225 15115 1:0 5991
5233 15651 1:0 5999
5234 14780 21:0 5255
5252 15650 1:0 5998
5261 14798 21:0 5293
5264 105 1:0 6004
5264 15119 1:0 6008
5296 14807 21:0 5299
5306 14809 21:0 5309
5316 14812 21:0 5338
5344 14830 21:0 5349
5346 15649 1:0 6009
5346 15122 1:0 6018
5346 99 1:0 6039
5346 15140 1:0 6039
5347 15637 1:0 6048
5347 15635 1:0 6048
5347 97 1:0 6076
5347 15149 1:0 6080
5347 95 1:0 6085
5347 15151 1:0 6086
5347 15172 1:0 6096
5347 15154 1:0 6100
5347 15619 1:0 6122
5347 85 1:0 6124
5355 14834 21:0 5358
5356 15617 1:0 6129
5356 15618 1:0 6130
5356 87 1:0 6135
5364 15616 1:0 6140
5364 15197 1:0 6142
5365 14837 21:0 5386
5367 15176 1:0 6139
5367 83 1:0 6144
5367 15206 1:0 6145
5367 77 1:0 6145
5382 15568 1:0 6145
5383 15179 1:0 6149
5383 15211 1:0 6170
5383 81 1:0 6170
5392 14855 21:0 5424
5395 15604 1:0 6163
5395 15208 1:0 6170
5395 15599 1:0 6170
5395 15602 1:0 6179
5395 15229 1:0 6224
5427 14864 21:0 5430
5437 14866 21:0 5440
5447 14869 21:0 5469
5475 14887 21:0 5480
5477 15586 1:0 6253
5478 15594 1:0 6232
5478 15584 1:0 6260
5486 14891 21:0 5489
5487 15585 1:0 6261
5487 69 1:0 6266
5487 15236 1:0 6267
5487 15566 1:0 6267
5490 15583 1:0 6271
5493 15233 1:0 6270
5493 15581 1:0 6273
5493 15571 1:0 6276
5493 61 1:0 6276
5493 15254 1:0 6276
5493 15569 1:0 6276
5493 15263 1:0 6276
5493 59 1:0 6276
5496 14894 21:0 5517
5514 15265 1:0 6352
5514 57 1:0 6357
5514 15268 1:0 6358
5514 15553 1:0 6384
5523 14912 21:0 5555
5526 15286 1:0 6384
5558 14921 21:0 5561
5568 14923 21:0 5571
5578 14926 21:0 5600
5606 14944 21:0 5611
5608 15551 1:0 6391
5609 15552 1:0 6392
5609 51 1:0 6397
5609 15290 1:0 6401
5609 15550 1:0 6402
5617 14948 21:0 5620
5618 15293 1:0 6411
5618 15538 1:0 6425
5618 43 1:0 6425
5618 15320 1:0 6432
5618 45 1:0 6432
5618 15311 1:0 6432
5618 15533 1:0 6441
5618 39 1:0 6470
5618 41 1:0 6478
5618 15322 1:0 6479
5618 15325 1:0 6479
5618 15343 1:0 6489
5618 15520 1:0 6515
5621 31 1:0 6515
5626 15519 1:0 6523
5627 14951 21:0 5648
5645 15518 1:0 6522
5654 14969 21:0 5686
5657 3 1:0 6529
5657 11 1:0 6529
5657 15382 1:0 6529
5657 15347 1:0 6529
5657 15425 1:0 6535
5689 14978 21:0 5692
5699 14980 21:0 5702
5709 14983 21:0 5731
5737 15001 21:0 5742
5739 15517 1:0 6533
5739 15350 1:0 6535
5740 15504 1:0 6535
5740 15404 1:0 6538
5740 15509 1:0 6538
5740 15505 1:0 6540
5740 25 1:0 6540
5740 23 1:0 6540
5740 15515 1:0 6543
5740 15400 1:0 6548
5740 15368 1:0 6548
5740 15377 1:0 6548
5740 27 1:0 6565
5740 15 1:0 6566
5740 15379 1:0 6614
5740 15482 1:0 6617
5748 15005 21:0 5751
5749 15489 1:0 6630
5749 15487 1:0 6646
5749 13 1:0 6648
5755 15485 1:0 6653
5758 15008 21:0 5779
5775 15486 1:0 6654
5785 15026 21:0 5817
5788 15484 1:0 6664
5788 15407 1:0 6669
5820 15035 21:0 5823
5830 15037 21:0 5833
5840 15040 21:0 5862
5868 15058 21:0 5873
5870 15467 1:0 6669
5870 15476 1:0 6679
5870 9 1:0 6696
5870 15439 1:0 6697
5870 7 1:0 6697
5870 15470 1:0 6697
5870 15472 1:0 6697
5870 15434 1:0 6697
5870 5 1:0 6697
5871 15436 1:0 6745
5871 299 1:0 6748
5871 300 1:0 6775
5879 15062 21:0 5882
5889 15065 21:0 5910
5916 15083 21:0 5948
5951 15092 21:0 5954
5961 15094 21:0 5964
5971 15097 21:0 5993
5999 15115 21:0 6004
6010 15119 21:0 6013
6020 15122 21:0 6041
6047 15140 21:0 6079
6082 15149 21:0 6085
6097 15151 21:0 6098
6102 15154 21:0 6124
6130 15172 21:0 6135
6141 15176 21:0 6144
6151 15179 21:0 6172
6178 15197 21:0 6210
6213 15206 21:0 6216
6228 15208 21:0 6229
6233 15211 21:0 6255
6261 15229 21:0 6266
6272 15233 21:0 6275
6282 15236 21:0 6303
6309 15254 21:0 6341
6344 15263 21:0 6347
6354 15265 21:0 6357
6364 15268 21:0 6386
6392 15286 21:0 6397
6403 15290 21:0 6406
6413 15293 21:0 6434
6440 15311 21:0 6472
6475 15320 21:0 6478
6490 15322 21:0 6491
6495 15325 21:0 6517
6523 15343 21:0 6528
6534 15347 21:0 6537
6544 15350 21:0 6565
6571 15368 21:0 6603
6606 15377 21:0 6609
6621 15379 21:0 6622
6626 15382 21:0 6648
6654 15400 21:0 6659
6665 15404 21:0 6668
6675 15407 21:0 6696
6702 15425 21:0 6734
6737 15434 21:0 6740
6747 15436 21:0 6750
6773 299 21:0 6823
6822 3 21:0 6823
6822 7 21:0 6828
6827 16943 21:0 6828
6827 15439 21:0 6828
6827 5 21:0 6828
6830 300 21:0 6839
6838 16934 21:0 6844
6841 16955 0:0 6844
6843 16942 21:0 6844
6843 11 21:0 6844
6846 16957 21:0 6904
6848 16956 0:0 6849
6903 16976 21:0 6904
6903 16958 0:0 6915
6904 16975 21:0 6915
6914 16971 21:0 6920
6917 16988 0:0 6920
6919 15 21:0 6920
6919 29 21:0 6920
6919 25 21:0 6920
6919 9 21:0 6920
6919 23 21:0 6920
6919 27 21:0 6920
6922 16989 21:0 6980
6924 16990 0:0 6925
6941 39 0:0 6943
6979 41 21:0 6982
6979 16991 0:0 6991
6981 17009 21:0 6983
6988 17019 21:0 6991
6990 31 21:0 6991
6990 43 21:0 6991
6990 45 21:0 6991
6991 47 21:0 6996
6993 17021 0:0 6996
6995 17007 21:0 6996
6995 21 21:0 6996
6998 17022 21:0 7056
7000 17023 0:0 7001
7055 17024 0:0 7067
7055 17013 21:0 7067
7066 17032 21:0 7067
7066 17033 21:0 7072
7071 17004 21:0 7072
7071 57 21:0 7072
7071 17042 21:0 7074
7074 17056 21:0 7132
7076 17055 0:0 7077
7131 63 21:0 7132
7131 79 21:0 7132
7131 77 21:0 7134
7131 17057 0:0 7143
7134 17059 21:0 7143
7142 49 21:0 7143
7142 81 21:0 7143
7142 17075 21:0 7143
7142 61 21:0 7143
7142 59 21:0 7143
7145 17087 21:0 7153
7152 17089 0:0 7153
7152 17088 21:0 7219
7166 17098 0:0 7167
7217 17090 0:0 7219
7218 93 21:0 7219
7218 17108 21:0 7219
7218 75 21:0 7219
7218 95 21:0 7221
7221 17120 21:0 7229
7228 17121 0:0 7229
7228 17122 0:0 7229
7228 99 21:0 7229
7229 17123 21:0 7295
7294 117 0:0 7295
7294 17054 21:0 7305
7302 17155 0:0 7305
7304 113 21:0 7305
7304 111 21:0 7305
7304 17141 21:0 7305
7304 97 21:0 7305
7304 115 21:0 7305
7305 17156 21:0 7371
7370 17119 21:0 7376
7375 135 21:0 7376
7375 17140 21:0 7376
7375 133 21:0 7378
7377 17174 21:0 7378
7378 17187 21:0 7436
7435 17188 21:0 7452
7446 153 0:0 7447
7451 17154 21:0 7507
7506 17153 21:0 7528
7511 17238 0:0 7512
7527 17189 21:0 7555
7554 17186 21:0 7604
7603 17221 21:0 7623
7622 17220 21:0 7680
7679 17222 21:0 7685
7682 17320 21:0 7682
7684 17252 21:0 7751
7750 17219 21:0 7761
7758 17353 21:0 7758
7758 17352 21:0 7758
7760 17255 21:0 7827
7761 17354 21:0 7761
7826 17253 21:0 7837
7829 17384 21:0 7829
7834 17386 21:0 7834
7834 17385 21:0 7834
7836 17285 21:0 7903
7837 17387 21:0 7837
7902 267 1:0 7904
7902 17254 21:0 7913
7905 17417 21:0 7905
7907 265 1:0 7909
7912 273 1:0 7923
7912 17288 21:0 7968
7926 275 1:0 7927
7930 277 1:0 7931
7934 279 1:0 7961
7962 281 1:0 7975
7967 17286 21:0 7984
7978 285 1:0 7980
7983 283 1:0 7985
7983 17283 21:0 7989
7988 255 21:0 7989
7988 17237 21:0 7989
7988 129 21:0 7989
7988 293 1:0 8000
7988 207 21:0 8004
8003 239 21:0 8004
8003 17240 21:0 8004
8003 171 21:0 8004
8003 17306 21:0 8004
8003 17405 21:0 8009
8009 17463 21:0 8019
8018 14529 1:0 8020
8018 17287 21:0 8045
8044 14545 1:0 8046
8044 17318 21:0 8056
8055 14549 1:0 8057
8055 17321 21:0 8065
8064 14552 1:0 8067
8064 17351 21:0 8173
8088 14570 1:0 8094
8099 14579 1:0 8129
8099 14581 1:0 8139
8099 14584 1:0 8149
8140 14602 1:0 8177
8140 14606 1:0 8188
8140 207 1:0 8204
8140 171 1:0 8204
8140 14926 1:0 8204
8140 14627 1:0 8204
8153 14609 1:0 8198
8153 17405 1:0 8204
8153 255 1:0 8204
8168 14716 1:0 8222
8168 14636 1:0 8257
8168 14638 1:0 8266
8168 14641 1:0 8266
8168 14773 1:0 8266
8169 14666 1:0 8276
8169 14894 1:0 8302
8169 14855 1:0 8305
8169 14698 1:0 8305
8170 14777 1:0 8305
8172 17319 21:0 8176
8174 14741 1:0 8305
8174 14891 1:0 8305
8175 17218 21:0 8184
8181 14659 1:0 8308
8181 14948 1:0 8313
8181 14723 1:0 8313
8181 14755 1:0 8316
8181 14684 1:0 8316
8181 14869 1:0 8316
8181 14830 1:0 8316
8181 14720 1:0 8316
8182 14663 1:0 8319
8182 14887 1:0 8322
8182 14837 1:0 8322
8182 14780 1:0 8325
8182 239 1:0 8325
8183 17164 21:0 8187
8186 17270 21:0 8187
8186 16993 21:0 8193
8188 14693 1:0 8325
8188 17270 1:0 8325
8190 17417 1:0 8190
8192 16933 21:0 8193
8192 16941 21:0 8196
8195 16940 21:0 8196
8195 16938 21:0 8224
8223 16953 21:0 8268
8267 14609 21:0 8278
8277 14584 21:0 8278
8277 14638 21:0 8278
8277 17207 21:0 8278
8277 14579 21:0 8278
8277 14581 21:0 8278
8277 14636 21:0 8278
8277 14627 21:0 8278
8277 17273 21:0 8280
8282 14641 21:0 8304
8303 17387 1:0 8303
8303 14602 21:0 8304
8303 14606 21:0 8304
8303 14552 21:0 8307
8306 241 21:0 8307
8306 14570 21:0 8307
8306 14529 21:0 8307
8306 14549 21:0 8307
8306 275 21:0 8307
8306 277 21:0 8307
8306 14545 21:0 8307
8306 293 21:0 8307
8306 149 21:0 8307
8308 241 1:0 8325
8308 14695 1:0 8401
8308 17237 1:0 8433
8308 17319 1:0 8433
8308 17351 1:0 8444
8308 17321 1:0 8453
8308 14752 1:0 8458
8308 14750 1:0 8466
8308 14834 1:0 8484
8308 17318 1:0 8484
8308 17287 1:0 8567
8308 14812 1:0 8567
8308 14798 1:0 8567
8308 17286 1:0 8578
8308 17288 1:0 8587
8308 17306 1:0 8587
8308 14807 1:0 8587
8308 14809 1:0 8663
8308 17254 1:0 8695
8310 17385 1:0 8310
8310 14659 21:0 8315
8311 17386 1:0 8311
8312 17283 1:0 8695
8313 17285 1:0 8706
8313 17253 1:0 8715
8314 285 21:0 8315
8314 283 21:0 8315
8314 281 21:0 8318
8316 14866 1:0 8720
8316 17273 1:0 8720
8316 14864 1:0 8728
8316 17255 1:0 8746
8317 265 21:0 8318
8317 279 21:0 8318
8317 273 21:0 8318
8319 14944 1:0 8746
8321 17384 1:0 8321
8321 14663 21:0 8324
8322 17219 1:0 8829
8322 14912 1:0 8829
8322 15026 1:0 8829
8322 17252 1:0 8840
8328 17222 1:0 8849
8328 17240 1:0 8849
8328 14921 1:0 8849
8331 14666 21:0 8352
8349 17220 1:0 8957
8358 14684 21:0 8390
8361 17238 1:0 8879
8361 14923 1:0 8925
8361 17218 1:0 8957
8393 14693 21:0 8396
8403 14695 21:0 8406
8413 14698 21:0 8435
8434 17354 1:0 8434
8441 17352 1:0 8441
8441 14716 21:0 8446
8442 17353 1:0 8442
8443 17221 1:0 8965
8443 149 1:0 8971
8443 14951 1:0 8971
8443 15040 1:0 8971
8443 14969 1:0 8971
8444 15001 1:0 8971
8444 14983 1:0 8971
8444 17189 1:0 8980
8444 14980 1:0 8980
8444 17207 1:0 8980
8444 14978 1:0 8980
8452 14720 21:0 8455
8453 153 1:0 9007
8453 15062 1:0 9062
8453 15005 1:0 9088
8453 17188 1:0 9088
8453 17187 1:0 9095
8459 17186 1:0 9106
8459 15035 1:0 9108
8461 17174 1:0 9111
8461 129 1:0 9111
8461 133 1:0 9111
8461 15083 1:0 9111
8461 135 1:0 9111
8462 14723 21:0 8483
8464 15008 1:0 9111
8479 15058 1:0 9111
8489 14741 21:0 8521
8492 15037 1:0 9187
8492 17164 1:0 9198
8492 17156 1:0 9219
8524 14750 21:0 8527
8534 14752 21:0 8537
8544 14755 21:0 8566
8572 14773 21:0 8577
8573 17320 1:0 8573
8574 17154 1:0 9226
8575 17155 1:0 9227
8583 14777 21:0 8586
8584 17153 1:0 9237
8584 17141 1:0 9242
8584 15092 1:0 9242
8584 115 1:0 9242
8584 15065 1:0 9242
8584 113 1:0 9242
8584 17140 1:0 9242
8584 117 1:0 9269
8584 15094 1:0 9318
8584 111 1:0 9323
8584 15097 1:0 9328
8584 17123 1:0 9350
8584 15115 1:0 9353
8590 17119 1:0 9361
8593 14780 21:0 8614
8595 17122 1:0 9358
8620 14798 21:0 8652
8623 17121 1:0 9357
8623 15119 1:0 9361
8655 14807 21:0 8658
8665 14809 21:0 8668
8675 14812 21:0 8697
8703 14830 21:0 8708
8705 17120 1:0 9368
8705 15122 1:0 9377
8705 99 1:0 9400
8705 15140 1:0 9404
8705 17108 1:0 9407
8705 97 1:0 9435
8705 15149 1:0 9436
8705 93 1:0 9436
8706 95 1:0 9444
8706 15154 1:0 9445
8706 15151 1:0 9445
8706 15172 1:0 9455
8706 17098 1:0 9460
8706 15176 1:0 9481
8706 17090 1:0 9481
8714 14834 21:0 8717
8715 17088 1:0 9488
8715 17089 1:0 9489
8723 17087 1:0 9499
8723 17075 1:0 9506
8723 15206 1:0 9506
8724 14837 21:0 8745
8726 15179 1:0 9508
8726 81 1:0 9514
8726 79 1:0 9514
8726 75 1:0 9514
8741 15233 1:0 9532
8741 15229 1:0 9583
8742 15197 1:0 9535
8742 77 1:0 9573
8742 15208 1:0 9580
8742 15211 1:0 9583
8751 14855 21:0 8783
8786 14864 21:0 8789
8795 17057 1:0 9612
8796 14866 21:0 8799
8806 14869 21:0 8828
8834 14887 21:0 8839
8836 17059 1:0 9596
8837 17055 1:0 9619
8837 17056 1:0 9620
8845 14891 21:0 8848
8846 17054 1:0 9630
8846 61 1:0 9635
8846 15236 1:0 9639
8846 59 1:0 9640
8846 15254 1:0 9640
8846 15265 1:0 9648
8846 15263 1:0 9657
8846 63 1:0 9660
8846 15268 1:0 9660
8846 57 1:0 9660
8846 17042 1:0 9660
8846 15286 1:0 9660
8846 17033 1:0 9695
8846 49 1:0 9714
8846 17032 1:0 9722
8852 17024 1:0 9743
8855 14894 21:0 8876
8873 17022 1:0 9750
8882 14912 21:0 8914
8917 14921 21:0 8920
8927 14923 21:0 8930
8937 14926 21:0 8959
8965 14944 21:0 8970
8967 17023 1:0 9751
8967 31 1:0 9757
8968 15290 1:0 9760
8968 17021 1:0 9761
8968 15325 1:0 9763
8968 17004 1:0 9763
8968 47 1:0 9765
8968 43 1:0 9766
8968 17019 1:0 9766
8968 15320 1:0 9766
8968 17013 1:0 9776
8968 45 1:0 9791
8968 15311 1:0 9791
8976 14948 21:0 8979
8977 15293 1:0 9770
8977 17009 1:0 9784
8977 41 1:0 9791
8977 17007 1:0 9800
8977 15322 1:0 9826
8977 39 1:0 9847
8977 16993 1:0 9848
8977 16991 1:0 9874
8977 15343 1:0 9874
8983 16989 1:0 9881
8986 14951 21:0 9007
9004 16990 1:0 9882
9004 21 1:0 9888
9013 14969 21:0 9045
9048 14978 21:0 9051
9058 14980 21:0 9061
9068 14983 21:0 9090
9096 15001 21:0 9101
9098 15347 1:0 9891
9098 16988 1:0 9892
9098 15368 1:0 9894
9098 16953 1:0 9894
9098 29 1:0 9896
9098 15377 1:0 9897
9098 15379 1:0 9897
9098 25 1:0 9897
9099 16938 1:0 9897
9099 15350 1:0 9901
9099 16976 1:0 9915
9099 27 1:0 9922
9099 23 1:0 9922
9099 16975 1:0 9922
9099 15382 1:0 9922
9099 16971 1:0 9931
9099 15400 1:0 9976
9099 16940 1:0 10005
9107 15005 21:0 9110
9108 16958 1:0 10005
9108 16957 1:0 10013
9114 16956 1:0 10012
9114 15 1:0 10018
9117 15008 21:0 9138
9119 16941 1:0 10019
9134 16933 1:0 10025
9144 15026 21:0 9176
9147 15404 1:0 10022
9147 16955 1:0 10023
9179 15035 21:0 9182
9189 15037 21:0 9192
9199 15040 21:0 9221
9227 15058 21:0 9232
9229 11 1:0 10027
9229 16942 1:0 10028
9229 15407 1:0 10032
9229 9 1:0 10053
9229 15439 1:0 10053
9229 16943 1:0 10056
9229 15434 1:0 10056
9229 3 1:0 10056
9229 15425 1:0 10056
9229 7 1:0 10056
9229 16934 1:0 10056
9229 5 1:0 10056
9230 15436 1:0 10104
9230 300 1:0 10107
9230 301 1:0 10134
9238 15062 21:0 9241
9248 15065 21:0 9269
9275 15083 21:0 9307
9310 15092 21:0 9313
9320 15094 21:0 9323
9330 15097 21:0 9352
9358 15115 21:0 9363
9369 15119 21:0 9372
9379 15122 21:0 9400
9406 15140 21:0 9438
9441 15149 21:0 9444
9456 15151 21:0 9457
9461 15154 21:0 9483
9489 15172 21:0 9494
9500 15176 21:0 9503
9510 15179 21:0 9531
9537 15197 21:0 9569
9572 15206 21:0 9575
9587 15208 21:0 9588
9592 15211 21:0 9614
9620 15229 21:0 9625
9631 15233 21:0 9634
9641 15236 21:0 9662
9668 15254 21:0 9700
9703 15263 21:0 9706
9718 15265 21:0 9719
9723 15268 21:0 9745
9751 15286 21:0 9756
9762 15290 21:0 9765
9772 15293 21:0 9793
9799 15311 21:0 9831
9834 15320 21:0 9837
9849 15322 21:0 9850
9854 15325 21:0 9876
9882 15343 21:0 9887
9893 15347 21:0 9896
9903 15350 21:0 9924
9930 15368 21:0 9962
9965 15377 21:0 9968
9980 15379 21:0 9981
9985 15382 21:0 10007
10013 15400 21:0 10018
10024 15404 21:0 10027
10034 15407 21:0 10055
10061 15425 21:0 10093
10096 15434 21:0 10099
10106 15436 21:0 10109
10132 300 21:0 10182
10181 15439 21:0 10182
10182 18411 21:0 10198
10197 18413 21:0 10198
10197 3 21:0 10198
10197 9 21:0 10198
10197 5 21:0 10200
10199 18414 21:0 10200
10200 18426 21:0 10208
10207 18427 0:0 10208
10207 7 21:0 10208
10207 18428 0:0 10208
10208 18429 21:0 10274
10273 27 0:0 10274
10273 18444 21:0 10279
10276 18459 0:0 10279
10278 18447 21:0 10279
10278 23 21:0 10279
10278 15 21:0 10279
10278 21 21:0 10279
10278 25 21:0 10279
10281 18461 21:0 10339
10283 18460 0:0 10284
10300 39 0:0 10302
10338 18462 21:0 10355
10352 18492 0:0 10355
10354 45 21:0 10355
10354 43 21:0 10355
10354 18480 21:0 10355
10354 41 21:0 10355
10357 18494 21:0 10415
10359 18493 0:0 10360
10414 18495 0:0 10426
10414 18458 21:0 10426
10425 18470 21:0 10426
10425 18484 21:0 10431
10428 18525 0:0 10431
10430 18442 21:0 10431
10430 18513 21:0 10431
10430 57 21:0 10431
10430 61 21:0 10433
10433 18527 21:0 10491
10435 18526 0:0 10436
10490 75 21:0 10491
10490 18546 21:0 10491
10490 77 21:0 10491
10490 79 21:0 10493
10490 18528 0:0 10502
10493 18530 21:0 10502
10501 59 21:0 10502
10501 81 21:0 10502
10501 51 21:0 10502
10504 18558 21:0 10512
10511 18559 0:0 10512
10511 18560 21:0 10578
10576 18561 0:0 10578
10577 18544 21:0 10583
10580 18591 0:0 10583
10582 18576 21:0 10583
10582 93 21:0 10583
10582 97 21:0 10585
10584 18579 21:0 10585
10585 18592 21:0 10643
10587 18593 0:0 10588
10642 18612 21:0 10643
10642 115 21:0 10643
10642 95 21:0 10643
10642 113 21:0 10651
10642 18594 0:0 10654
10651 18622 21:0 10654
10653 99 21:0 10654
10653 103 21:0 10654
10656 18624 21:0 10664
10661 18625 0:0 10664
10663 111 21:0 10664
10663 117 21:0 10664
10664 18627 21:0 10730
10680 129 0:0 10682
10729 135 21:0 10730
10729 18645 21:0 10730
10729 133 21:0 10730
10732 18657 21:0 10740
10739 18626 21:0 10806
10805 18659 21:0 10816
10815 18690 21:0 10882
10881 18693 21:0 10892
10891 18691 21:0 10958
10946 18742 0:0 10947
10957 18743 0:0 10958
10957 18692 21:0 10968
10967 18660 21:0 11023
11022 18658 21:0 11039
11038 18724 21:0 11094
11093 18726 21:0 11115
11114 18723 21:0 11134
11120 18825 21:0 11120
11133 18725 21:0 11191
11188 18855 21:0 11188
11190 18756 21:0 11210
11193 18857 21:0 11193
11193 18856 21:0 11193
11196 18858 21:0 11196
11209 18757 21:0 11267
11264 18888 21:0 11264
11266 265 1:0 11268
11266 18759 21:0 11272
11269 18890 21:0 11269
11269 18889 21:0 11269
11271 273 1:0 11282
11271 18758 21:0 11338
11272 18891 21:0 11272
11285 275 1:0 11286
11289 277 1:0 11290
11321 279 1:0 11323
11326 281 1:0 11334
11337 285 1:0 11339
11337 18792 21:0 11348
11340 18921 21:0 11340
11342 283 1:0 11344
11347 18471 21:0 11358
11347 293 1:0 11359
11357 131 21:0 11363
11362 187 21:0 11363
11362 317 21:0 11363
11362 18744 21:0 11363
11362 257 21:0 11363
11362 243 21:0 11363
11362 259 21:0 11368
11368 18934 21:0 11378
11377 14529 1:0 11379
11377 18791 21:0 11404
11403 14545 1:0 11405
11403 18824 21:0 11415
11414 14549 1:0 11416
11414 18822 21:0 11424
11418 18921 1:0 11418
11423 14552 1:0 11426
11423 18790 21:0 11532
11446 14570 1:0 11453
11458 317 1:0 11467
11458 14579 1:0 11488
11458 14581 1:0 11498
11458 14584 1:0 11508
11458 14602 1:0 11536
11499 14720 1:0 11541
11499 14659 1:0 11544
11499 14606 1:0 11544
11512 14716 1:0 11550
11512 14663 1:0 11550
11512 259 1:0 11550
11512 257 1:0 11550
11527 14891 1:0 11550
11527 14627 1:0 11553
11527 243 1:0 11553
11528 14812 1:0 11553
11528 14636 1:0 11553
11528 14609 1:0 11553
11528 14887 1:0 11553
11528 14855 1:0 11578
11528 14723 1:0 11578
11531 18891 1:0 11531
11531 18789 21:0 11535
11533 14837 1:0 11578
11534 18823 21:0 11546
11538 18889 1:0 11538
11539 18890 1:0 11539
11540 14666 1:0 11578
11540 14638 1:0 11578
11540 14741 1:0 11581
11540 14684 1:0 11581
11540 14641 1:0 11581
11545 18557 21:0 11552
11547 14755 1:0 11664
11547 18823 1:0 11664
11547 14698 1:0 11664
11547 18789 1:0 11675
11547 18790 1:0 11684
11547 14695 1:0 11684
11547 14693 1:0 11684
11549 18888 1:0 11549
11550 14777 1:0 11766
11550 18822 1:0 11792
11550 14780 1:0 11792
11551 18457 21:0 11555
11553 18824 1:0 11800
11554 18574 21:0 11555
11554 18578 21:0 11580
11556 18791 1:0 11812
11576 18792 1:0 11843
11579 18438 21:0 11615
11614 18491 21:0 11634
11633 49 21:0 11639
11638 101 21:0 11663
11662 18858 1:0 11662
11662 301 21:0 11663
11662 14609 21:0 11666
11665 14606 21:0 11666
11665 14636 21:0 11666
11665 14602 21:0 11666
11665 14641 21:0 11666
11665 14638 21:0 11666
11665 14579 21:0 11666
11669 18856 1:0 11669
11669 14659 21:0 11674
11670 18857 1:0 11670
11673 14627 21:0 11674
11673 14552 21:0 11674
11673 14584 21:0 11674
11673 14549 21:0 11677
11676 14581 21:0 11677
11676 283 21:0 11677
11676 14570 21:0 11677
11676 14529 21:0 11677
11676 293 21:0 11677
11676 14545 21:0 11677
11680 18855 1:0 11680
11680 14663 21:0 11683
11682 285 21:0 11683
11682 281 21:0 11686
11685 273 21:0 11686
11685 265 21:0 11686
11685 279 21:0 11686
11685 277 21:0 11686
11685 275 21:0 11686
11685 221 21:0 11686
11687 221 1:0 11817
11687 14752 1:0 11817
11687 14750 1:0 11825
11687 14773 1:0 11843
11687 14869 1:0 11926
11687 14798 1:0 11926
11687 18758 1:0 11926
11687 18759 1:0 11937
11687 18757 1:0 11946
11687 14809 1:0 11946
11687 14807 1:0 11946
11687 14834 1:0 12028
11687 18756 1:0 12054
11687 14830 1:0 12054
11687 18725 1:0 12065
11687 18723 1:0 12074
11687 18744 1:0 12079
11687 187 1:0 12079
11687 14864 1:0 12079
11687 14866 1:0 12087
11687 18743 1:0 12102
11687 18726 1:0 12105
11687 14894 1:0 12105
11687 18742 1:0 12107
11687 14926 1:0 12188
11687 14912 1:0 12188
11687 18724 1:0 12188
11690 14666 21:0 11711
11692 18658 1:0 12199
11717 14684 21:0 11749
11720 14921 1:0 12208
11720 14923 1:0 12208
11720 18692 1:0 12208
11752 14693 21:0 11755
11762 14695 21:0 11765
11772 14698 21:0 11794
11793 18825 1:0 11793
11800 14716 21:0 11805
11802 14944 1:0 12290
11802 18693 1:0 12316
11802 14948 1:0 12316
11803 18691 1:0 12323
11811 14720 21:0 11814
11812 18690 1:0 12334
11812 14951 1:0 12339
11812 14978 1:0 12339
11812 14969 1:0 12339
11812 14980 1:0 12339
11812 14983 1:0 12339
11812 15001 1:0 12421
11812 18660 1:0 12447
11812 15005 1:0 12447
11818 18659 1:0 12455
11821 14723 21:0 11842
11839 18657 1:0 12465
11839 18645 1:0 12470
11839 133 1:0 12470
11839 15035 1:0 12470
11839 15037 1:0 12470
11839 131 1:0 12470
11839 135 1:0 12470
11839 15026 1:0 12470
11839 15008 1:0 12470
11839 15040 1:0 12470
11848 14741 21:0 11880
11883 14750 21:0 11886
11893 14752 21:0 11896
11903 14755 21:0 11925
11931 14773 21:0 11936
11933 129 1:0 12551
11933 15062 1:0 12552
11933 18627 1:0 12578
11933 15058 1:0 12578
11934 18625 1:0 12585
11934 18626 1:0 12586
11942 14777 21:0 11945
11943 18624 1:0 12596
11943 15065 1:0 12605
11943 18622 1:0 12606
11943 117 1:0 12628
11943 15083 1:0 12632
11943 18612 1:0 12635
11943 115 1:0 12663
11943 111 1:0 12664
11943 15092 1:0 12664
11943 113 1:0 12672
11943 15097 1:0 12673
11943 15094 1:0 12673
11943 15115 1:0 12683
11949 18594 1:0 12709
11951 103 1:0 12709
11952 14780 21:0 11973
11970 18592 1:0 12716
11979 14798 21:0 12011
12014 14807 21:0 12017
12024 14809 21:0 12027
12034 14812 21:0 12056
12062 14830 21:0 12067
12064 18593 1:0 12717
12064 15119 1:0 12726
12064 15140 1:0 12729
12064 99 1:0 12729
12064 15176 1:0 12729
12065 18591 1:0 12727
12065 101 1:0 12731
12065 15149 1:0 12732
12065 18578 1:0 12732
12065 95 1:0 12732
12065 15122 1:0 12736
12065 18579 1:0 12750
12065 93 1:0 12757
12065 15154 1:0 12757
12065 18574 1:0 12757
12065 15151 1:0 12757
12073 14834 21:0 12076
12074 18576 1:0 12766
12074 97 1:0 12792
12074 18557 1:0 12814
12074 18561 1:0 12840
12074 15172 1:0 12840
12080 18560 1:0 12848
12083 14837 21:0 12104
12101 18559 1:0 12847
12110 14855 21:0 12142
12113 18558 1:0 12858
12145 14864 21:0 12148
12154 15197 1:0 12888
12155 14866 21:0 12158
12165 14869 21:0 12187
12193 14887 21:0 12198
12195 15179 1:0 12867
12195 81 1:0 12888
12195 15229 1:0 12888
12195 18546 1:0 12897
12195 18544 1:0 12897
12195 79 1:0 12923
12195 15206 1:0 12929
12195 75 1:0 12932
12195 77 1:0 12932
12195 15208 1:0 12939
12195 15211 1:0 12942
12196 18530 1:0 12955
12196 18528 1:0 12971
12204 14891 21:0 12207
12205 18526 1:0 12978
12205 18527 1:0 12979
12205 15233 1:0 12988
12211 18525 1:0 12989
12211 61 1:0 12994
12211 59 1:0 12994
12211 15325 1:0 12994
12211 15236 1:0 12994
12213 15290 1:0 13004
12213 45 1:0 13004
12213 57 1:0 13004
12213 15268 1:0 13004
12214 14894 21:0 12235
12216 15263 1:0 13000
12216 15286 1:0 13004
12216 15254 1:0 13004
12216 18513 1:0 13004
12231 49 1:0 13022
12232 15265 1:0 13070
12232 18491 1:0 13073
12232 18438 1:0 13102
12241 14912 21:0 12273
12276 14921 21:0 12279
12286 14923 21:0 12289
12296 14926 21:0 12318
12324 14944 21:0 12329
12326 18495 1:0 13102
12327 18493 1:0 13109
12327 18494 1:0 13110
12327 51 1:0 13115
12327 18471 1:0 13116
12335 14948 21:0 12338
12336 18492 1:0 13120
12336 15311 1:0 13122
12336 15293 1:0 13122
12336 18484 1:0 13122
12336 18480 1:0 13125
12336 15343 1:0 13125
12336 41 1:0 13125
12336 18470 1:0 13125
12336 43 1:0 13125
12336 15320 1:0 13125
12344 15322 1:0 13201
12344 18462 1:0 13233
12345 14951 21:0 12366
12347 39 1:0 13206
12347 18458 1:0 13233
12372 14969 21:0 12404
12375 18461 1:0 13241
12407 14978 21:0 12410
12417 14980 21:0 12420
12427 14983 21:0 12449
12455 15001 21:0 12460
12457 18460 1:0 13240
12457 18457 1:0 13247
12458 15347 1:0 13250
12458 18459 1:0 13251
12458 15368 1:0 13253
12458 18442 1:0 13253
12458 23 1:0 13256
12458 25 1:0 13256
12458 18447 1:0 13256
12458 15377 1:0 13256
12458 18444 1:0 13256
12466 15005 21:0 12469
12467 15350 1:0 13256
12467 27 1:0 13283
12467 15379 1:0 13332
12467 21 1:0 13337
12467 15382 1:0 13342
12467 18429 1:0 13364
12473 18428 1:0 13372
12476 15008 21:0 12497
12478 18427 1:0 13371
12493 15400 1:0 13370
12493 15404 1:0 13375
12494 15 1:0 13375
12503 15026 21:0 12535
12538 15035 21:0 12541
12548 15037 21:0 12551
12558 15040 21:0 12580
12586 15058 21:0 12591
12588 18426 1:0 13382
12588 301 1:0 13387
12588 15407 1:0 13391
12588 15425 1:0 13412
12588 18413 1:0 13412
12588 9 1:0 13412
12589 18414 1:0 13421
12589 18411 1:0 13421
12589 7 1:0 13447
12589 15434 1:0 13453
12589 5 1:0 13456
12589 3 1:0 13456
12589 15436 1:0 13463
12589 15439 1:0 13466
12589 302 1:0 13493
12597 15062 21:0 12600
12607 15065 21:0 12628
12634 15083 21:0 12666
12669 15092 21:0 12672
12684 15094 21:0 12685
12689 15097 21:0 12711
12717 15115 21:0 12722
12728 15119 21:0 12731
12738 15122 21:0 12759
12765 15140 21:0 12797
12800 15149 21:0 12803
12815 15151 21:0 12816
12820 15154 21:0 12842
12848 15172 21:0 12853
12859 15176 21:0 12862
12869 15179 21:0 12890
12896 15197 21:0 12928
12931 15206 21:0 12934
12946 15208 21:0 12947
12951 15211 21:0 12973
12979 15229 21:0 12984
12990 15233 21:0 12993
13000 15236 21:0 13021
13027 15254 21:0 13059
13062 15263 21:0 13065
13077 15265 21:0 13078
13082 15268 21:0 13104
13110 15286 21:0 13115
13121 15290 21:0 13124
13131 15293 21:0 13152
13158 15311 21:0 13190
13193 15320 21:0 13196
13203 15322 21:0 13206
13213 15325 21:0 13235
13241 15343 21:0 13246
13252 15347 21:0 13255
13262 15350 21:0 13283
13289 15368 21:0 13321
13324 15377 21:0 13327
13334 15379 21:0 13337
13344 15382 21:0 13366
13372 15400 21:0 13377
13383 15404 21:0 13386
13393 15407 21:0 13414
13420 15425 21:0 13452
13455 15434 21:0 13458
13465 15436 21:0 13468
13491 301 21:0 13541
13540 19876 21:0 13557
13556 15439 21:0 13557
13556 5 21:0 13557
13556 9 21:0 13557
13556 3 21:0 13557
13556 19882 21:0 13557
13556 19885 21:0 13557
13557 11 21:0 13562
13559 19897 0:0 13562
13561 7 21:0 13562
13561 19880 21:0 13562
13564 19899 21:0 13622
13566 19898 0:0 13567
13621 19900 0:0 13633
13621 15 21:0 13633
13632 23 21:0 13633
13632 19918 21:0 13633
13632 27 21:0 13633
13632 25 21:0 13633
13632 21 21:0 13633
13632 13 21:0 13633
13635 19930 21:0 13643
13642 19932 0:0 13643
13642 19931 21:0 13709
13707 19933 0:0 13709
13708 19935 21:0 13714
13711 19963 0:0 13714
13713 43 21:0 13714
13713 19929 21:0 13714
13713 45 21:0 13714
13713 19951 21:0 13714
13716 19964 21:0 13774
13718 19965 0:0 13719
13773 19955 21:0 13785
13773 19966 0:0 13785
13784 19962 21:0 13785
13784 63 21:0 13785
13784 41 21:0 13785
13784 19984 21:0 13787
13787 19996 21:0 13795
13794 19997 0:0 13795
13794 19998 0:0 13795
13794 57 21:0 13795
13794 59 21:0 13795
13794 61 21:0 13795
13794 39 21:0 13795
13795 19999 21:0 13861
13811 75 0:0 13813
13843 20008 0:0 13845
13860 20016 0:0 13861
13860 20007 21:0 13866
13863 20029 0:0 13866
13865 81 21:0 13866
13865 49 21:0 13866
13865 79 21:0 13866
13865 20017 21:0 13866
13865 77 21:0 13866
13868 20031 21:0 13926
13870 20030 0:0 13871
13925 20032 0:0 13937
13925 20045 21:0 13937
13936 97 21:0 13937
13936 51 21:0 13937
13936 95 21:0 13937
13936 20050 21:0 13937
13936 93 21:0 13937
13936 99 0:0 13937
13939 20062 21:0 13947
13946 20064 0:0 13947
13946 20063 21:0 14013
14011 20065 0:0 14013
14012 113 21:0 14013
14012 117 21:0 14013
14012 111 21:0 14013
14012 115 21:0 14015
14014 20083 21:0 14015
14015 20095 21:0 14023
14022 20096 21:0 14089
14088 20107 21:0 14094
14091 20128 0:0 14094
14093 131 21:0 14094
14093 105 21:0 14094
14093 20060 21:0 14094
14093 133 21:0 14096
14095 20116 21:0 14096
14096 20129 21:0 14154
14153 129 21:0 14154
14153 20149 21:0 14154
14154 20148 21:0 14165
14164 141 21:0 14165
14164 135 21:0 14165
14164 149 21:0 14165
14164 151 21:0 14165
14167 20161 21:0 14175
14174 20097 21:0 14241
14240 20130 21:0 14251
14250 20098 21:0 14317
14316 20131 21:0 14327
14326 20163 21:0 14393
14392 20162 21:0 14398
14397 20196 21:0 14458
14419 219 0:0 14421
14457 20194 21:0 14474
14471 20293 21:0 14471
14473 20164 21:0 14529
14476 20294 21:0 14476
14476 20295 21:0 14476
14479 20296 21:0 14479
14528 20195 21:0 14550
14547 20326 21:0 14547
14549 20228 21:0 14573
14552 20327 21:0 14552
14552 20328 21:0 14552
14555 20329 21:0 14555
14572 20229 21:0 14626
14623 20359 21:0 14623
14625 265 1:0 14627
14625 20230 21:0 14638
14628 20360 21:0 14628
14628 20361 21:0 14628
14630 273 1:0 14641
14631 20362 21:0 14631
14637 20227 21:0 14697
14644 275 1:0 14645
14648 277 1:0 14649
14652 279 1:0 14679
14680 281 1:0 14693
14696 285 1:0 14698
14696 20260 21:0 14707
14699 20392 21:0 14699
14701 283 1:0 14703
14704 20394 21:0 14704
14704 20393 21:0 14704
14706 293 1:0 14718
14706 20197 21:0 14763
14736 14529 1:0 14738
14762 14545 1:0 14764
14762 20262 21:0 14771
14766 20393 1:0 14766
14767 20394 1:0 14767
14770 20261 21:0 14780
14773 14549 1:0 14775
14777 20392 1:0 14777
14779 20405 21:0 14783
14782 20159 21:0 14783
14782 14552 1:0 14785
14782 69 21:0 14794
14793 19928 21:0 14811
14805 14570 1:0 14812
14805 14579 1:0 14847
14805 14581 1:0 14857
14805 14584 1:0 14867
14810 19950 21:0 14862
14817 14602 1:0 14895
14817 14606 1:0 14906
14817 14609 1:0 14916
14817 14627 1:0 14943
14817 14636 1:0 14978
14817 14638 1:0 14988
14817 14641 1:0 14994
14858 15026 1:0 14994
14858 15008 1:0 15020
14858 14834 1:0 15023
14858 14773 1:0 15023
14861 20263 21:0 14894
14863 14741 1:0 15023
14863 14869 1:0 15023
14863 14983 1:0 15023
14866 14777 1:0 15031
14871 14948 1:0 15031
14886 14659 1:0 15026
14886 14684 1:0 15034
14886 14755 1:0 15034
14886 14780 1:0 15034
14890 20362 1:0 14890
14893 14584 21:0 14894
14893 14552 21:0 14894
14893 14579 21:0 14894
14893 14581 21:0 14894
14897 20360 1:0 14897
14897 14602 21:0 14902
14898 20361 1:0 14898
14899 14698 1:0 15034
14899 14663 1:0 15034
14899 14666 1:0 15040
14899 14716 1:0 15040
14899 14720 1:0 15040
14900 14693 1:0 15045
14900 14695 1:0 15053
14900 14723 1:0 15071
14900 20263 1:0 15071
14900 20261 1:0 15154
14901 14549 21:0 14902
14901 14545 21:0 14902
14901 283 21:0 14905
14903 14798 1:0 15154
14903 14812 1:0 15154
14904 14570 21:0 14905
14904 281 21:0 14905
14904 285 21:0 14905
14908 20359 1:0 14908
14908 14606 21:0 14911
14909 20262 1:0 15165
14909 14750 1:0 15174
14909 14752 1:0 15174
14909 20197 1:0 15174
14910 265 21:0 14911
14910 279 21:0 14911
14910 277 21:0 14911
14910 293 21:0 14911
14910 275 21:0 14911
14910 14529 21:0 14911
14910 273 21:0 14914
14912 20260 1:0 15282
14915 219 1:0 15255
14915 14891 1:0 15256
14915 14830 1:0 15282
14918 14609 21:0 14939
14935 20227 1:0 15293
14945 14627 21:0 14977
14948 20230 1:0 15302
14980 14636 21:0 14983
14990 14638 21:0 14993
15000 14641 21:0 15022
15021 20329 1:0 15021
15028 20327 1:0 15028
15028 14659 21:0 15033
15029 20328 1:0 15029
15030 14807 1:0 15307
15030 14809 1:0 15315
15030 20229 1:0 15333
15030 14837 1:0 15333
15031 20228 1:0 15416
15031 15040 1:0 15416
15031 14855 1:0 15416
15039 20326 1:0 15039
15039 14663 21:0 15042
15040 20195 1:0 15427
15040 14864 1:0 15436
15040 20164 1:0 15436
15046 14866 1:0 15512
15046 14887 1:0 15544
15046 20194 1:0 15544
15046 14969 1:0 15544
15046 135 1:0 15544
15049 14666 21:0 15070
15066 20196 1:0 15552
15066 14894 1:0 15558
15067 14944 1:0 15558
15067 14926 1:0 15558
15067 129 1:0 15558
15067 14912 1:0 15558
15076 14684 21:0 15108
15111 14693 21:0 15114
15121 14695 21:0 15124
15131 14698 21:0 15153
15152 20296 1:0 15152
15159 20294 1:0 15159
15159 14716 21:0 15164
15160 20295 1:0 15160
15161 14921 1:0 15567
15161 20162 1:0 15567
15162 14923 1:0 15643
15162 20163 1:0 15675
15162 20159 1:0 15675
15162 20131 1:0 15686
15170 20293 1:0 15170
15170 14720 21:0 15173
15171 20161 1:0 15693
15171 14980 1:0 15695
15171 151 1:0 15698
15171 20149 1:0 15698
15171 14978 1:0 15698
15171 20148 1:0 15698
15171 14951 1:0 15698
15171 149 1:0 15698
15177 15005 1:0 15780
15177 15001 1:0 15806
15177 20130 1:0 15806
15180 14723 21:0 15201
15197 20129 1:0 15813
15198 141 1:0 15819
15198 131 1:0 15820
15198 20107 1:0 15820
15198 133 1:0 15820
15207 14741 21:0 15239
15242 14750 21:0 15245
15252 14752 21:0 15255
15262 14755 21:0 15284
15290 14773 21:0 15295
15292 20098 1:0 15829
15293 20128 1:0 15824
15293 15037 1:0 15829
15293 20116 1:0 15829
15293 15035 1:0 15829
15293 15062 1:0 15911
15293 15058 1:0 15937
15293 20097 1:0 15937
15301 14777 21:0 15304
15302 20096 1:0 15944
15302 20095 1:0 15955
15305 15065 1:0 15964
15305 20083 1:0 15988
15305 15083 1:0 15988
15308 117 1:0 15987
15308 111 1:0 15988
15308 115 1:0 16022
15308 15092 1:0 16023
15308 113 1:0 16031
15308 15094 1:0 16032
15308 15097 1:0 16032
15308 15119 1:0 16032
15308 15115 1:0 16042
15311 14780 21:0 15332
15329 20065 1:0 16068
15329 105 1:0 16068
15338 14798 21:0 15370
15373 14807 21:0 15376
15383 14809 21:0 15386
15393 14812 21:0 15415
15421 14830 21:0 15426
15423 20063 1:0 16075
15424 20064 1:0 16076
15424 20062 1:0 16086
15424 15122 1:0 16095
15424 20060 1:0 16096
15424 15140 1:0 16116
15432 14834 21:0 15435
15433 99 1:0 16118
15433 20050 1:0 16125
15433 20045 1:0 16125
15433 97 1:0 16153
15433 15149 1:0 16157
15433 95 1:0 16162
15433 15151 1:0 16167
15433 93 1:0 16172
15433 15154 1:0 16173
15433 15172 1:0 16199
15433 20032 1:0 16199
15439 20031 1:0 16207
15442 14837 21:0 15463
15459 20030 1:0 16206
15460 15176 1:0 16216
15469 14855 21:0 15501
15472 20029 1:0 16217
15504 14864 21:0 15507
15513 77 1:0 16222
15513 15211 1:0 16222
15514 14866 21:0 15517
15524 14869 21:0 15546
15552 14887 21:0 15557
15554 20017 1:0 16222
15554 15206 1:0 16222
15554 15197 1:0 16222
15554 79 1:0 16222
15554 81 1:0 16222
15554 15179 1:0 16222
15554 20016 1:0 16223
15555 20008 1:0 16252
15555 15208 1:0 16298
15555 75 1:0 16303
15555 20007 1:0 16309
15555 19999 1:0 16330
15563 14891 21:0 15566
15564 15229 1:0 16336
15564 19997 1:0 16337
15564 19998 1:0 16338
15564 15233 1:0 16341
15564 69 1:0 16341
15572 19996 1:0 16348
15572 15254 1:0 16363
15573 14894 21:0 15594
15575 15236 1:0 16357
15575 57 1:0 16359
15575 63 1:0 16363
15575 19984 1:0 16363
15590 15286 1:0 16381
15590 49 1:0 16432
15591 61 1:0 16415
15591 15263 1:0 16419
15591 59 1:0 16422
15591 15265 1:0 16429
15591 15268 1:0 16432
15591 19962 1:0 16461
15600 14912 21:0 15632
15635 14921 21:0 15638
15645 14923 21:0 15648
15655 14926 21:0 15677
15683 14944 21:0 15688
15685 19966 1:0 16461
15686 19964 1:0 16468
15686 19965 1:0 16469
15686 51 1:0 16474
15686 15290 1:0 16478
15686 39 1:0 16481
15686 15311 1:0 16481
15694 14948 21:0 15697
15695 19963 1:0 16479
15695 15325 1:0 16481
15695 15347 1:0 16484
15695 19950 1:0 16484
15695 41 1:0 16486
15695 19951 1:0 16486
15695 15320 1:0 16486
15695 15293 1:0 16488
15695 45 1:0 16494
15695 19955 1:0 16494
15695 43 1:0 16494
15698 15343 1:0 16512
15701 15322 1:0 16560
15701 19929 1:0 16563
15701 19935 1:0 16576
15704 14951 21:0 15725
15722 19933 1:0 16592
15731 14969 21:0 15763
15766 14978 21:0 15769
15775 19931 1:0 16599
15776 14980 21:0 15779
15786 14983 21:0 15808
15814 15001 21:0 15819
15816 19932 1:0 16600
15817 19930 1:0 16610
15817 15350 1:0 16619
15817 19928 1:0 16620
15817 27 1:0 16642
15817 15368 1:0 16646
15817 19918 1:0 16649
15817 25 1:0 16677
15817 15382 1:0 16678
15817 15377 1:0 16678
15817 23 1:0 16686
15817 21 1:0 16687
15817 15379 1:0 16687
15825 15005 21:0 15828
15826 13 1:0 16697
15826 15400 1:0 16723
15826 19900 1:0 16723
15832 19899 1:0 16731
15835 15008 21:0 15856
15837 19898 1:0 16730
15852 15 1:0 16736
15862 15026 21:0 15894
15865 15404 1:0 16740
15865 19897 1:0 16741
15897 15035 21:0 15900
15907 15037 21:0 15910
15917 15040 21:0 15939
15945 15058 21:0 15950
15947 11 1:0 16745
15947 19880 1:0 16746
15947 15407 1:0 16750
15947 19885 1:0 16764
15947 7 1:0 16771
15947 9 1:0 16771
15947 15425 1:0 16771
15947 19882 1:0 16771
15948 19876 1:0 16806
15948 15439 1:0 16809
15948 15434 1:0 16812
15948 5 1:0 16815
15948 15436 1:0 16822
15948 3 1:0 16825
15948 303 1:0 16852
15956 15062 21:0 15959
15966 15065 21:0 15987
15993 15083 21:0 16025
16028 15092 21:0 16031
16043 15094 21:0 16044
16048 15097 21:0 16070
16076 15115 21:0 16081
16087 15119 21:0 16090
16097 15122 21:0 16118
16124 15140 21:0 16156
16159 15149 21:0 16162
16174 15151 21:0 16175
16179 15154 21:0 16201
16207 15172 21:0 16212
16218 15176 21:0 16221
16228 15179 21:0 16249
16255 15197 21:0 16287
16290 15206 21:0 16293
16300 15208 21:0 16303
16310 15211 21:0 16332
16338 15229 21:0 16343
16349 15233 21:0 16352
16359 15236 21:0 16380
16386 15254 21:0 16418
16421 15263 21:0 16424
16436 15265 21:0 16437
16441 15268 21:0 16463
16469 15286 21:0 16474
16480 15290 21:0 16483
16490 15293 21:0 16511
16517 15311 21:0 16549
16552 15320 21:0 16555
16567 15322 21:0 16568
16572 15325 21:0 16594
16600 15343 21:0 16605
16611 15347 21:0 16614
16621 15350 21:0 16642
16648 15368 21:0 16680
16683 15377 21:0 16686
16698 15379 21:0 16699
16703 15382 21:0 16725
16731 15400 21:0 16736
16742 15404 21:0 16745
16752 15407 21:0 16773
16779 15425 21:0 16811
16814 15434 21:0 16817
16824 15436 21:0 16827
16850 302 21:0 16900
16899 7 21:0 16900
16899 5 21:0 16900
16900 21351 21:0 16916
16915 21366 21:0 16916
16915 21353 21:0 16921
16918 21368 0:0 16921
16920 9 21:0 16921
16920 21346 21:0 16921
16920 21356 21:0 16921
16923 21370 21:0 16981
16925 21369 0:0 16926
16980 21360 21:0 16992
16991 25 21:0 16992
16991 23 21:0 16992
16991 3 21:0 16992
16991 21389 21:0 16992
16991 15 21:0 16992
16994 21401 21:0 17002
17001 21403 0:0 17002
17001 21402 21:0 17068
17066 21404 0:0 17068
17067 21386 21:0 17073
17070 21434 0:0 17073
17072 21422 21:0 17073
17072 45 21:0 17073
17072 21384 21:0 17073
17072 43 21:0 17073
17072 41 21:0 17073
17075 21435 21:0 17133
17132 21437 0:0 17144
17132 21436 21:0 17149
17146 21467 0:0 17149
17148 21455 21:0 17149
17148 51 21:0 17149
17148 59 21:0 17149
17148 61 21:0 17149
17151 21469 21:0 17209
17208 21470 0:0 17220
17208 21459 21:0 17220
17219 21367 21:0 17220
17219 57 21:0 17222
17222 21500 21:0 17230
17229 21502 0:0 17230
17229 21501 21:0 17296
17284 21518 0:0 17285
17294 21503 0:0 17296
17295 21531 0:0 17296
17295 95 21:0 17296
17295 99 21:0 17296
17295 93 21:0 17296
17295 21521 21:0 17298
17297 21488 21:0 17298
17298 21533 21:0 17306
17305 21534 0:0 17306
17305 21535 21:0 17372
17370 21536 0:0 17372
17371 79 21:0 17372
17371 115 21:0 17372
17371 63 21:0 17372
17371 117 21:0 17374
17374 21566 21:0 17382
17381 21568 0:0 17382
17381 21567 21:0 17448
17446 21569 0:0 17448
17447 21505 21:0 17453
17450 21599 0:0 17453
17452 103 21:0 17453
17452 133 21:0 17453
17452 21393 21:0 17453
17452 131 21:0 17455
17455 21600 21:0 17513
17457 21601 0:0 17458
17512 21468 21:0 17529
17523 153 0:0 17524
17528 129 21:0 17529
17528 75 21:0 17529
17528 81 21:0 17529
17528 149 21:0 17531
17530 21587 21:0 17531
17531 21633 21:0 17589
17588 21632 21:0 17605
17604 21665 21:0 17660
17659 21634 21:0 17681
17675 189 0:0 17676
17680 21602 21:0 17700
17699 21666 21:0 17757
17751 207 0:0 17752
17756 21635 21:0 17762
17761 21371 21:0 17828
17827 21668 21:0 17838
17835 21765 21:0 17835
17835 21766 21:0 17835
17837 21667 21:0 17904
17838 21767 21:0 17838
17903 21698 21:0 17914
17906 21797 21:0 17906
17911 21798 21:0 17911
17911 21799 21:0 17911
17913 21700 21:0 17980
17914 21800 21:0 17914
17979 21701 21:0 17990
17982 21830 21:0 17982
17984 265 1:0 17986
17987 21831 21:0 17987
17987 21832 21:0 17987
17989 273 1:0 18000
17989 21699 21:0 18056
17990 21833 21:0 17990
18003 275 1:0 18004
18007 277 1:0 18008
18039 279 1:0 18041
18044 281 1:0 18052
18055 285 1:0 18057
18055 21731 21:0 18061
18058 21863 21:0 18058
18060 283 1:0 18062
18060 21733 21:0 18119
18065 293 1:0 18077
18095 14529 1:0 18097
18118 21734 21:0 18126
18121 14545 1:0 18123
18125 21732 21:0 18133
18132 14549 1:0 18134
18132 21764 21:0 18142
18136 21863 1:0 18136
18141 14552 1:0 18144
18141 21876 21:0 18167
18164 14570 1:0 18171
18164 14579 1:0 18206
18164 14581 1:0 18216
18164 14584 1:0 18226
18166 21611 21:0 18202
18176 14602 1:0 18254
18176 14606 1:0 18265
18176 14609 1:0 18275
18176 14627 1:0 18302
18176 14636 1:0 18337
18176 14638 1:0 18347
18176 14641 1:0 18357
18176 14798 1:0 18382
18176 14716 1:0 18382
18181 14720 1:0 18382
18201 21670 21:0 18224
18217 14659 1:0 18385
18217 14773 1:0 18390
18217 14663 1:0 18390
18223 21432 21:0 18250
18225 14698 1:0 18393
18225 14741 1:0 18393
18225 14684 1:0 18393
18225 14837 1:0 18393
18230 14887 1:0 18393
18230 14666 1:0 18399
18245 14830 1:0 18399
18246 14777 1:0 18399
18249 21833 1:0 18249
18249 87 21:0 18250
18249 21453 21:0 18253
18252 85 21:0 18253
18252 21355 21:0 18256
18255 29 21:0 18261
18256 21831 1:0 18256
18257 21832 1:0 18257
18258 14693 1:0 18404
18258 21764 1:0 18430
18259 14695 1:0 18412
18259 14723 1:0 18430
18259 14812 1:0 18513
18259 14755 1:0 18513
18259 21732 1:0 18513
18260 11 21:0 18261
18260 14602 21:0 18261
18260 14552 21:0 18264
18263 14545 21:0 18264
18263 111 21:0 18264
18263 21554 21:0 18264
18263 14549 21:0 18264
18265 21734 1:0 18524
18267 21830 1:0 18267
18267 14606 21:0 18270
18268 14752 1:0 18533
18268 14750 1:0 18533
18268 21733 1:0 18533
18268 14891 1:0 18615
18268 21731 1:0 18641
18269 283 21:0 18270
18269 285 21:0 18273
18271 14780 1:0 18641
18272 265 21:0 18273
18272 14529 21:0 18273
18272 15439 21:0 18273
18272 281 21:0 18273
18272 14570 21:0 18273
18272 14579 21:0 18273
18272 14581 21:0 18273
18272 14584 21:0 18273
18274 21699 1:0 18652
18277 14609 21:0 18298
18279 21701 1:0 18661
18295 14807 1:0 18666
18295 21700 1:0 18692
18296 14809 1:0 18674
18297 293 21:0 18301
18300 279 21:0 18301
18300 273 21:0 18301
18300 275 21:0 18301
18300 277 21:0 18301
18304 14627 21:0 18336
18307 207 1:0 18691
18307 14834 1:0 18692
18339 14636 21:0 18342
18349 14638 21:0 18352
18359 14641 21:0 18381
18380 21800 1:0 18380
18387 21798 1:0 18387
18387 14659 21:0 18392
18388 21799 1:0 18388
18389 21698 1:0 18775
18389 14869 1:0 18775
18389 14855 1:0 18775
18390 21667 1:0 18786
18390 14864 1:0 18795
18390 21668 1:0 18795
18398 21797 1:0 18398
18398 14663 21:0 18401
18399 189 1:0 18822
18399 14866 1:0 18871
18399 21670 1:0 18887
18399 21635 1:0 18903
18405 21666 1:0 18910
18408 14666 21:0 18429
18410 21665 1:0 18921
18410 14926 1:0 18926
18425 14921 1:0 18926
18425 14912 1:0 18926
18425 14894 1:0 18926
18425 14969 1:0 18926
18425 14923 1:0 18926
18435 14684 21:0 18467
18438 21634 1:0 19034
18470 14693 21:0 18473
18479 14944 1:0 19008
18480 14695 21:0 18483
18490 14698 21:0 18512
18511 21767 1:0 18511
18518 21765 1:0 18518
18518 14716 21:0 18523
18519 21766 1:0 18519
18520 14948 1:0 19034
18521 21633 1:0 19041
18521 21632 1:0 19052
18521 14978 1:0 19057
18521 21611 1:0 19057
18521 14951 1:0 19057
18521 149 1:0 19057
18529 14720 21:0 18532
18530 153 1:0 19084
18530 14980 1:0 19133
18530 14983 1:0 19139
18530 15001 1:0 19165
18530 21602 1:0 19165
18536 21600 1:0 19172
18539 14723 21:0 18560
18541 21601 1:0 19173
18566 14741 21:0 18598
18569 15005 1:0 19182
18569 21599 1:0 19183
18569 15008 1:0 19192
18569 15026 1:0 19219
18569 21587 1:0 19222
18569 15040 1:0 19248
18569 133 1:0 19250
18569 131 1:0 19251
18569 15035 1:0 19254
18569 129 1:0 19260
18601 14750 21:0 18604
18610 15037 1:0 19260
18611 14752 21:0 18614
18621 14755 21:0 18643
18649 14773 21:0 18654
18651 15062 1:0 19270
18652 15058 1:0 19296
18652 21569 1:0 19296
18652 21567 1:0 19303
18660 14777 21:0 18663
18661 21568 1:0 19304
18661 21566 1:0 19314
18661 15065 1:0 19323
18661 117 1:0 19346
18661 15097 1:0 19347
18661 21554 1:0 19347
18661 15083 1:0 19347
18664 115 1:0 19381
18664 15092 1:0 19382
18664 111 1:0 19391
18664 15115 1:0 19391
18664 15094 1:0 19391
18667 15119 1:0 19401
18670 14780 21:0 18691
18672 21536 1:0 19427
18687 103 1:0 19427
18697 14798 21:0 18729
18700 21535 1:0 19435
18732 14807 21:0 18735
18742 14809 21:0 18745
18752 14812 21:0 18774
18780 14830 21:0 18785
18782 21534 1:0 19434
18783 21533 1:0 19445
18783 15172 1:0 19450
18783 15122 1:0 19454
18783 21531 1:0 19455
18783 21521 1:0 19460
18783 15140 1:0 19460
18783 15176 1:0 19460
18783 99 1:0 19460
18783 15154 1:0 19460
18791 14834 21:0 18794
18792 85 1:0 19478
18792 21518 1:0 19484
18792 15149 1:0 19516
18792 95 1:0 19519
18792 15151 1:0 19526
18792 93 1:0 19529
18792 87 1:0 19529
18792 21505 1:0 19542
18792 21503 1:0 19558
18800 21501 1:0 19565
18801 14837 21:0 18822
18819 21502 1:0 19566
18828 14855 21:0 18860
18863 14864 21:0 18866
18873 14866 21:0 18876
18883 14869 21:0 18905
18911 14887 21:0 18916
18913 21500 1:0 19576
18913 15206 1:0 19581
18913 21488 1:0 19581
18913 15179 1:0 19581
18913 81 1:0 19581
18913 15197 1:0 19581
18913 79 1:0 19581
18914 15208 1:0 19657
18914 75 1:0 19662
18914 15211 1:0 19663
18914 21468 1:0 19689
18914 21470 1:0 19689
18914 15229 1:0 19689
18922 14891 21:0 18925
18923 21469 1:0 19697
18923 15286 1:0 19703
18923 15254 1:0 19703
18923 15233 1:0 19706
18923 63 1:0 19709
18923 21453 1:0 19709
18929 21467 1:0 19707
18929 59 1:0 19712
18929 21455 1:0 19712
18931 21459 1:0 19712
18932 14894 21:0 18953
18934 15236 1:0 19712
18934 15263 1:0 19712
18934 61 1:0 19712
18959 14912 21:0 18991
18962 15265 1:0 19788
18962 57 1:0 19793
18962 21436 1:0 19820
18994 14921 21:0 18997
19004 14923 21:0 19007
19014 14926 21:0 19036
19042 14944 21:0 19047
19044 15268 1:0 19798
19044 21437 1:0 19820
19045 21435 1:0 19827
19045 51 1:0 19833
19045 15311 1:0 19834
19045 15325 1:0 19834
19045 15400 1:0 19834
19045 15350 1:0 19840
19053 14948 21:0 19056
19054 15290 1:0 19837
19054 21434 1:0 19838
19054 15347 1:0 19840
19054 21355 1:0 19843
19054 15293 1:0 19843
19054 15320 1:0 19845
19054 43 1:0 19845
19054 21422 1:0 19845
19054 21432 1:0 19848
19054 41 1:0 19853
19054 45 1:0 19853
19054 29 1:0 19853
19054 15343 1:0 19871
19060 15322 1:0 19919
19060 21393 1:0 19922
19063 14951 21:0 19084
19065 21404 1:0 19951
19080 21384 1:0 19951
19090 14969 21:0 19122
19093 21402 1:0 19958
19125 14978 21:0 19128
19135 14980 21:0 19138
19145 14983 21:0 19167
19173 15001 21:0 19178
19175 21403 1:0 19959
19176 21401 1:0 19969
19176 15377 1:0 19974
19176 25 1:0 19974
19176 15368 1:0 19974
19176 23 1:0 19974
19176 15382 1:0 19974
19176 21386 1:0 19974
19176 21389 1:0 19974
19184 15005 21:0 19187
19185 15379 1:0 20050
19185 21371 1:0 20082
19185 21367 1:0 20082
19185 21370 1:0 20090
19191 21369 1:0 20089
19193 21346 1:0 20096
19194 15008 21:0 19215
19196 15 1:0 20095
19211 21353 1:0 20102
19221 15026 21:0 19253
19224 15404 1:0 20099
19224 21368 1:0 20100
19256 15035 21:0 19259
19271 15037 21:0 19272
19276 15040 21:0 19298
19304 15058 21:0 19309
19306 11 1:0 20104
19306 21366 1:0 20105
19306 15407 1:0 20109
19306 21360 1:0 20115
19306 9 1:0 20130
19306 15425 1:0 20130
19306 21356 1:0 20130
19307 21351 1:0 20139
19307 5 1:0 20165
19307 7 1:0 20167
19307 15434 1:0 20171
19307 15439 1:0 20174
19307 15436 1:0 20181
19307 3 1:0 20184
19307 304 1:0 20211
19307 265 1:0 21345
19315 15062 21:0 19318
19325 15065 21:0 19346
19352 15083 21:0 19384
19387 15092 21:0 19390
19402 15094 21:0 19403
19407 15097 21:0 19429
19435 15115 21:0 19440
19446 15119 21:0 19449
19456 15122 21:0 19477
19483 15140 21:0 19515
19518 15149 21:0 19521
19533 15151 21:0 19534
19538 15154 21:0 19560
19566 15172 21:0 19571
19577 15176 21:0 19580
19587 15179 21:0 19608
19614 15197 21:0 19646
19649 15206 21:0 19652
19664 15208 21:0 19665
19669 15211 21:0 19691
19697 15229 21:0 19702
19708 15233 21:0 19711
19718 15236 21:0 19739
19745 15254 21:0 19777
19780 15263 21:0 19783
19795 15265 21:0 19796
19800 15268 21:0 19822
19828 15286 21:0 19833
19839 15290 21:0 19842
19849 15293 21:0 19870
19876 15311 21:0 19908
19911 15320 21:0 19914
19926 15322 21:0 19927
19931 15325 21:0 19953
19959 15343 21:0 19964
19970 15347 21:0 19973
19980 15350 21:0 20001
20007 15368 21:0 20039
20042 15377 21:0 20045
20052 15379 21:0 20055
20062 15382 21:0 20084
20090 15400 21:0 20095
20101 15404 21:0 20104
20111 15407 21:0 20132
20138 15425 21:0 20170
20173 15434 21:0 20176
20183 15436 21:0 20186
20209 303 21:0 20259
20231 22818 21:0 20231
20258 3 21:0 20259
20258 7 21:0 20264
20259 22822 21:0 20259
20263 22827 21:0 20264
20263 15439 21:0 20264
20263 5 21:0 20264
20266 304 21:0 20275
20274 9 21:0 20275
20277 22839 21:0 20282
20281 22824 21:0 20282
20281 15 21:0 20282
20281 22837 21:0 20285
20282 22840 0:0 20285
20282 22841 0:0 20285
20284 11 21:0 20285
20285 22842 21:0 20351
20301 21 0:0 20303
20350 22860 21:0 20351
20350 25 21:0 20351
20350 23 21:0 20353
20353 22872 21:0 20361
20360 22874 0:0 20361
20360 22873 21:0 20427
20411 22891 21:0 20411
20424 22903 21:0 20424
20425 22875 0:0 20427
20426 45 0:0 20427
20426 22850 21:0 20432
20429 22905 0:0 20432
20431 41 21:0 20432
20431 22858 21:0 20432
20431 22893 21:0 20432
20431 43 21:0 20434
20432 51 21:0 20432
20434 22907 21:0 20492
20436 22906 0:0 20437
20491 22926 21:0 20492
20491 59 21:0 20492
20491 61 21:0 20500
20491 22908 0:0 20503
20500 22936 21:0 20503
20502 22904 21:0 20508
20505 22938 0:0 20508
20507 65 21:0 20508
20507 22917 21:0 20508
20510 22939 21:0 20568
20512 22940 0:0 20513
20515 22930 21:0 20515
20567 22941 0:0 20579
20567 22950 21:0 20579
20568 22958 21:0 20568
20576 22969 21:0 20576
20578 22855 21:0 20579
20578 22870 21:0 20584
20581 22971 0:0 20584
20583 22890 21:0 20584
20583 81 21:0 20584
20583 22959 21:0 20586
20586 22973 21:0 20644
20588 22972 0:0 20589
20643 22974 0:0 20655
20643 22990 21:0 20655
20654 22991 21:0 20655
20654 75 21:0 20655
20654 97 21:0 20657
20657 23004 21:0 20665
20664 23006 0:0 20665
20664 79 21:0 20665
20664 99 21:0 20665
20664 22992 21:0 20665
20664 57 21:0 20665
20665 23007 21:0 20731
20667 22996 21:0 20667
20719 23022 0:0 20720
20730 77 21:0 20731
20730 23025 21:0 20731
20730 113 21:0 20731
20733 23037 21:0 20741
20740 93 21:0 20741
20740 95 21:0 20741
20740 23038 0:0 20741
20741 23040 21:0 20807
20806 131 21:0 20807
20806 133 21:0 20807
20806 23058 21:0 20809
20809 23070 21:0 20817
20816 23072 0:0 20817
20816 23071 21:0 20883
20874 23075 21:0 20874
20882 23005 21:0 20893
20892 23039 21:0 20959
20958 23073 21:0 20969
20964 23135 21:0 20964
20968 23103 21:0 21035
20985 183 0:0 20987
20991 23148 21:0 20991
21019 23152 21:0 21019
21034 23141 0:0 21035
21034 23104 21:0 21040
21039 23106 21:0 21100
21045 193 21:0 21045
21047 23161 21:0 21047
21067 23181 21:0 21067
21099 23136 21:0 21116
21100 23189 21:0 21100
21115 23105 21:0 21171
21170 23138 21:0 21192
21191 23137 21:0 21211
21199 23227 21:0 21199
21208 23246 21:0 21208
21210 23139 21:0 21268
21265 23268 21:0 21265
21267 23171 21:0 21273
21268 249 21:0 21268
21270 23269 21:0 21270
21270 23270 21:0 21270
21272 23169 21:0 21339
21273 23271 21:0 21273
21284 23279 21:0 21284
21323 23286 21:0 21323
21338 23170 21:0 21349
21339 263 21:0 21339
21341 23301 21:0 21341
21346 23303 21:0 21346
21346 23302 21:0 21346
21348 273 1:0 21359
21348 23204 21:0 21415
21349 23304 21:0 21349
21362 275 1:0 21363
21366 277 1:0 21367
21370 279 1:0 21397
21398 281 1:0 21411
21414 285 1:0 21416
21414 23172 21:0 21425
21417 23334 21:0 21417
21419 283 1:0 21421
21424 293 1:0 21436
21424 23203 21:0 21478
21454 14529 1:0 21456
21477 23202 21:0 21489
21480 14545 1:0 21482
21488 23236 21:0 21498
21491 14549 1:0 21493
21495 23334 1:0 21495
21497 23237 21:0 21526
21500 14552 1:0 21503
21523 14570 1:0 21530
21523 14579 1:0 21565
21523 14581 1:0 21575
21523 14584 1:0 21585
21524 14641 1:0 21610
21524 14609 1:0 21610
21525 23205 21:0 21609
21527 14602 1:0 21613
21527 14659 1:0 21618
21527 14663 1:0 21618
21535 14627 1:0 21621
21535 14755 1:0 21621
21535 14780 1:0 21621
21535 14698 1:0 21621
21535 14723 1:0 21621
21576 14606 1:0 21624
21576 14777 1:0 21627
21576 14716 1:0 21627
21576 14638 1:0 21627
21576 14798 1:0 21630
21589 14684 1:0 21630
21589 14636 1:0 21630
21589 14773 1:0 21630
21589 14666 1:0 21630
21604 14869 1:0 21630
21608 23304 1:0 21608
21608 23235 21:0 21620
21615 23302 1:0 21615
21616 23303 1:0 21616
21619 23238 21:0 21629
21626 23301 1:0 21626
21628 23347 21:0 21629
21628 23168 21:0 21632
21630 263 1:0 21630
21630 14837 1:0 21712
21630 23238 1:0 21738
21630 14834 1:0 21738
21630 23235 1:0 21749
21630 23205 1:0 21758
21630 14693 1:0 21763
21630 14695 1:0 21771
21630 23237 1:0 21789
21630 14720 1:0 21789
21630 23236 1:0 21872
21630 14812 1:0 21872
21630 14741 1:0 21872
21630 23202 1:0 21883
21631 137 21:0 21632
21631 22888 21:0 21657
21633 14750 1:0 21892
21633 23203 1:0 21892
21653 14752 1:0 21968
21653 23172 1:0 22000
21654 23168 1:0 22000
21656 22831 21:0 21701
21665 23286 1:0 21665
21666 23204 1:0 22008
21700 189 21:0 21704
21703 129 21:0 21711
21710 14609 21:0 21714
21713 14606 21:0 21740
21715 23170 1:0 22020
21718 23279 1:0 21718
21739 23271 1:0 21739
21739 14602 21:0 21740
21739 14552 21:0 21740
21739 14549 21:0 21743
21742 14636 21:0 21743
21742 283 21:0 21743
21742 14545 21:0 21743
21742 14627 21:0 21743
21742 14641 21:0 21743
21742 14581 21:0 21743
21742 14638 21:0 21743
21742 14579 21:0 21746
21746 23269 1:0 21746
21746 14659 21:0 21751
21747 23270 1:0 21747
21748 14807 1:0 22025
21748 14809 1:0 22033
21748 23169 1:0 22051
21748 14830 1:0 22051
21749 23171 1:0 22134
21749 14855 1:0 22134
21749 189 1:0 22134
21749 23139 1:0 22145
21750 285 21:0 21751
21750 281 21:0 21751
21750 265 21:0 21754
21752 249 1:0 21752
21753 14529 21:0 21754
21753 279 21:0 21754
21753 273 21:0 21754
21753 14570 21:0 21754
21753 275 21:0 21754
21753 14584 21:0 21754
21753 293 21:0 21754
21753 277 21:0 21754
21757 23268 1:0 21757
21757 14663 21:0 21760
21758 23137 1:0 22154
21758 14866 1:0 22154
21758 14864 1:0 22154
21758 183 1:0 22235
21758 14891 1:0 22236
21758 23141 1:0 22246
21758 23138 1:0 22262
21758 14887 1:0 22262
21764 23105 1:0 22273
21767 14666 21:0 21788
21785 23136 1:0 22280
21785 14923 1:0 22285
21785 14894 1:0 22285
21785 14921 1:0 22285
21794 14684 21:0 21826
21797 14912 1:0 22285
21797 14926 1:0 22285
21829 14693 21:0 21832
21839 14695 21:0 21842
21849 23246 1:0 21849
21849 14698 21:0 21871
21877 14716 21:0 21882
21879 14944 1:0 22367
21879 14948 1:0 22393
21879 23106 1:0 22393
21880 23104 1:0 22400
21888 14720 21:0 21891
21889 23103 1:0 22411
21889 14978 1:0 22416
21889 15062 1:0 22416
21889 14980 1:0 22416
21889 14969 1:0 22416
21889 14951 1:0 22416
21889 14983 1:0 22416
21889 15001 1:0 22498
21889 23073 1:0 22524
21889 15005 1:0 22524
21895 23071 1:0 22531
21898 14723 21:0 21919
21903 23227 1:0 21903
21916 23072 1:0 22532
21925 14741 21:0 21957
21960 14750 21:0 21963
21970 14752 21:0 21973
21980 14755 21:0 22002
22008 14773 21:0 22013
22010 23070 1:0 22542
22010 137 1:0 22546
22010 23058 1:0 22547
22010 15026 1:0 22547
22010 15008 1:0 22547
22010 131 1:0 22547
22010 15035 1:0 22547
22010 133 1:0 22547
22011 15037 1:0 22623
22011 129 1:0 22628
22011 15040 1:0 22629
22011 15058 1:0 22655
22011 23040 1:0 22655
22019 14777 21:0 22022
22020 23038 1:0 22662
22020 23039 1:0 22663
22023 23037 1:0 22673
22023 113 1:0 22678
22026 15083 1:0 22678
22026 23025 1:0 22678
22026 15065 1:0 22678
22026 15094 1:0 22678
22026 15092 1:0 22678
22026 15097 1:0 22678
22029 14780 21:0 22050
22031 23007 1:0 22786
22046 23022 1:0 22708
22047 15119 1:0 22760
22047 15115 1:0 22786
22049 23189 1:0 22049
22056 14798 21:0 22088
22084 23181 1:0 22084
22091 14807 21:0 22094
22101 14809 21:0 22104
22111 14812 21:0 22133
22134 193 1:0 22134
22139 14830 21:0 22144
22141 23005 1:0 22793
22142 23006 1:0 22794
22142 23004 1:0 22804
22142 15122 1:0 22813
22142 22991 1:0 22834
22142 99 1:0 22834
22142 15140 1:0 22834
22150 14834 21:0 22153
22151 22992 1:0 22843
22151 22990 1:0 22843
22151 97 1:0 22871
22151 15149 1:0 22875
22151 95 1:0 22880
22151 15151 1:0 22885
22151 93 1:0 22890
22151 15154 1:0 22891
22151 15172 1:0 22917
22151 22974 1:0 22917
22157 22973 1:0 22925
22160 14837 21:0 22181
22165 23161 1:0 22165
22177 22972 1:0 22924
22178 15176 1:0 22934
22187 14855 21:0 22219
22189 23152 1:0 22189
22215 23148 1:0 22215
22222 14864 21:0 22225
22231 22971 1:0 22935
22232 14866 21:0 22235
22242 14869 21:0 22264
22270 14887 21:0 22275
22272 15179 1:0 22944
22272 81 1:0 22965
22272 15197 1:0 22965
22272 22959 1:0 22974
22272 22950 1:0 23000
22272 79 1:0 23002
22272 15206 1:0 23006
22272 77 1:0 23011
22272 15208 1:0 23016
22272 15211 1:0 23022
22273 75 1:0 23021
22273 15229 1:0 23048
22273 22941 1:0 23048
22274 23135 1:0 22274
22281 14891 21:0 22284
22282 22939 1:0 23055
22282 22940 1:0 23056
22282 15233 1:0 23065
22288 22938 1:0 23066
22288 65 1:0 23070
22288 59 1:0 23071
22288 15265 1:0 23071
22288 15254 1:0 23071
22288 61 1:0 23071
22288 15236 1:0 23075
22288 15268 1:0 23089
22291 14894 21:0 22312
22293 22936 1:0 23076
22293 22926 1:0 23089
22293 15263 1:0 23096
22293 57 1:0 23096
22308 22917 1:0 23131
22308 15286 1:0 23150
22318 14912 21:0 22350
22321 22908 1:0 23179
22353 14921 21:0 22356
22363 14923 21:0 22366
22373 14926 21:0 22395
22401 14944 21:0 22406
22403 22904 1:0 23179
22404 22906 1:0 23186
22404 22907 1:0 23187
22404 15290 1:0 23196
22404 15343 1:0 23199
22412 14948 21:0 22415
22413 22905 1:0 23197
22413 15311 1:0 23202
22413 22888 1:0 23202
22413 15368 1:0 23202
22413 15325 1:0 23202
22413 15320 1:0 23204
22413 43 1:0 23204
22413 22893 1:0 23204
22413 15293 1:0 23206
22413 41 1:0 23212
22413 15382 1:0 23212
22413 45 1:0 23229
22413 22890 1:0 23230
22413 15347 1:0 23230
22419 15322 1:0 23278
22419 22870 1:0 23281
22419 22855 1:0 23310
22422 14951 21:0 22443
22439 22875 1:0 23310
22449 14969 21:0 22481
22452 22873 1:0 23317
22484 14978 21:0 22487
22494 14980 21:0 22497
22504 14983 21:0 22526
22509 23075 1:0 22509
22532 15001 21:0 22537
22534 22874 1:0 23318
22535 22872 1:0 23328
22535 22860 1:0 23333
22535 15377 1:0 23333
22535 23 1:0 23333
22535 25 1:0 23333
22535 22858 1:0 23333
22535 15350 1:0 23333
22543 15005 21:0 22546
22544 15379 1:0 23409
22544 21 1:0 23414
22544 22850 1:0 23420
22544 22842 1:0 23441
22544 15439 1:0 23444
22544 15404 1:0 23452
22544 15 1:0 23452
22550 22841 1:0 23449
22553 15008 21:0 22574
22555 22840 1:0 23448
22570 15400 1:0 23447
22580 15026 21:0 22612
22583 22839 1:0 23459
22583 11 1:0 23463
22615 15035 21:0 22618
22625 15037 21:0 22628
22635 15040 21:0 22657
22663 15058 21:0 22668
22665 22837 1:0 23464
22665 15407 1:0 23468
22665 22831 1:0 23474
22665 9 1:0 23489
22665 15425 1:0 23489
22665 22827 1:0 23498
22665 22824 1:0 23498
22665 7 1:0 23526
22665 15434 1:0 23530
22665 5 1:0 23533
22665 15436 1:0 23540
22665 3 1:0 23543
22666 304 1:0 23556
22666 305 1:0 23570
22674 15062 21:0 22677
22684 15065 21:0 22705
22711 15083 21:0 22743
22746 15092 21:0 22749
22756 15094 21:0 22759
22766 15097 21:0 22788
22794 15115 21:0 22799
22805 15119 21:0 22808
22815 15122 21:0 22836
22820 22996 1:0 22820
22842 15140 21:0 22874
22877 15149 21:0 22880
22892 15151 21:0 22893
22897 15154 21:0 22919
22925 15172 21:0 22930
22936 15176 21:0 22939
22946 22969 1:0 22946
22946 15179 21:0 22967
22966 22958 1:0 22966
22973 15197 21:0 23005
23008 15206 21:0 23011
23023 15208 21:0 23024
23028 15211 21:0 23050
23056 15229 21:0 23061
23067 15233 21:0 23070
23077 15236 21:0 23098
23082 22930 1:0 23082
23104 15254 21:0 23136
23139 15263 21:0 23142
23154 15265 21:0 23155
23159 15268 21:0 23181
23187 15286 21:0 23192
23193 51 1:0 23193
23198 15290 21:0 23201
23208 22903 1:0 23208
23208 15293 21:0 23229
23235 15311 21:0 23267
23237 22891 1:0 23237
23270 15320 21:0 23273
23285 15322 21:0 23286
23290 15325 21:0 23312
23318 15343 21:0 23323
23329 15347 21:0 23332
23339 15350 21:0 23360
23366 15368 21:0 23398
23401 15377 21:0 23404
23411 15379 21:0 23414
23421 15382 21:0 23443
23449 15400 21:0 23454
23460 15404 21:0 23463
23470 15407 21:0 23491
23497 15425 21:0 23529
23499 22822 1:0 23499
23525 22818 1:0 23525
23532 15434 21:0 23535
23542 15436 21:0 23545
23568 304 21:0 23618
23617 3 21:0 23618
23617 15439 21:0 23623
23622 7 21:0 23623
23622 24298 21:0 23623
23622 5 21:0 23623
23631 24308 21:0 23634
23633 305 21:0 23639
23636 24310 0:0 23639
23638 24296 21:0 23639
23638 11 21:0 23639
23641 24311 21:0 23699
23643 24312 0:0 23644
23698 25 21:0 23699
23698 24331 21:0 23700
23698 24313 0:0 23710
23699 24330 21:0 23699
23699 23 21:0 23707
23701 24315 21:0 23701
23707 24341 21:0 23710
23709 9 21:0 23710
23709 13 21:0 23710
23712 24343 21:0 23720
23719 24344 0:0 23720
23719 24345 21:0 23786
23731 24354 21:0 23731
23742 24355 21:0 23742
23770 24361 21:0 23770
23775 24363 21:0 23775
23784 24346 0:0 23786
23785 43 21:0 23786
23785 45 21:0 23786
23785 24364 21:0 23786
23785 41 21:0 23786
23788 24376 21:0 23796
23793 24378 0:0 23796
23795 39 21:0 23796
23795 21 21:0 23796
23796 24379 21:0 23862
23818 24388 21:0 23818
23846 24394 21:0 23846
23851 24396 21:0 23851
23861 24407 21:0 23867
23864 24409 0:0 23867
23866 57 21:0 23867
23866 59 21:0 23867
23866 24375 21:0 23867
23866 61 21:0 23867
23866 24397 21:0 23867
23869 24411 21:0 23927
23871 24410 0:0 23872
23922 24427 21:0 23922
23926 24412 0:0 23938
23926 24377 21:0 23943
23929 24414 21:0 23929
23940 24442 0:0 23943
23942 51 21:0 23943
23942 77 21:0 23945
23944 24430 21:0 23945
23945 24444 21:0 24003
23947 24443 0:0 23948
23998 24460 21:0 23998
23998 24461 21:0 23998
24002 24445 0:0 24014
24002 24408 21:0 24014
24005 24447 21:0 24005
24013 24392 21:0 24016
24016 24475 21:0 24024
24019 24474 21:0 24019
24023 24477 21:0 24090
24079 24495 21:0 24079
24081 24480 21:0 24081
24088 24478 0:0 24090
24089 24486 21:0 24095
24092 24508 0:0 24095
24094 24368 21:0 24095
24094 93 21:0 24095
24094 75 21:0 24095
24094 24463 21:0 24097
24096 24496 21:0 24097
24097 24509 21:0 24155
24099 24510 0:0 24100
24154 24511 0:0 24166
24154 24476 21:0 24171
24170 131 21:0 24171
24170 29 21:0 24171
24170 133 21:0 24171
24170 113 21:0 24173
24172 24529 21:0 24173
24173 24542 21:0 24231
24175 24543 0:0 24176
24178 24533 21:0 24178
24187 24552 21:0 24187
24226 24560 21:0 24226
24230 24541 21:0 24247
24231 24561 21:0 24231
24246 24574 21:0 24302
24247 24573 21:0 24247
24301 24577 21:0 24323
24307 24594 21:0 24307
24309 24579 21:0 24309
24315 24605 21:0 24315
24322 24575 21:0 24346
24323 24606 21:0 24323
24345 24576 21:0 24399
24398 24544 21:0 24418
24406 24632 21:0 24406
24417 24607 21:0 24470
24454 24659 21:0 24454
24469 24610 21:0 24480
24479 24609 21:0 24546
24491 24684 21:0 24491
24502 24685 21:0 24502
24530 24692 21:0 24530
24545 24641 21:0 24556
24548 24706 21:0 24548
24551 24705 21:0 24551
24553 24707 21:0 24553
24555 24608 21:0 24622
24556 24709 21:0 24556
24606 24724 21:0 24606
24619 24737 21:0 24619
24621 24642 21:0 24632
24624 24739 21:0 24624
24629 24741 21:0 24629
24629 24740 21:0 24629
24631 24640 21:0 24698
24632 24742 21:0 24632
24654 24751 21:0 24654
24697 24673 21:0 24703
24700 24772 21:0 24700
24702 265 1:0 24704
24702 24674 21:0 24763
24705 24774 21:0 24705
24705 24773 21:0 24705
24707 273 1:0 24718
24708 24775 21:0 24708
24721 275 1:0 24722
24725 277 1:0 24726
24729 279 1:0 24756
24757 281 1:0 24770
24762 24675 21:0 24779
24773 285 1:0 24775
24776 24806 21:0 24776
24776 24805 21:0 24776
24778 283 1:0 24780
24778 24643 21:0 24814
24780 24806 1:0 24780
24781 24807 21:0 24781
24781 24806 21:0 24781
24783 293 1:0 24795
24813 14529 1:0 24815
24813 24676 21:0 24850
24849 14545 1:0 24851
24849 24401 21:0 24858
24853 24806 1:0 24853
24854 24807 1:0 24854
24857 24708 21:0 24867
24860 14549 1:0 24862
24864 24805 1:0 24864
24866 24297 21:0 24867
24866 24288 21:0 24870
24869 24295 21:0 24870
24869 14552 1:0 24872
24869 24293 21:0 24898
24891 11572 1:0 24937
24892 14570 1:0 24899
24892 14584 1:0 24931
24892 14579 1:0 24934
24892 14581 1:0 24937
24892 11575 1:0 24947
24892 11571 1:0 24947
24892 11573 1:0 24947
24892 11569 1:0 24950
24892 11570 1:0 24950
24892 11576 1:0 24950
24892 11577 1:0 24951
24897 24289 21:0 24949
24904 11578 1:0 24951
24904 11579 1:0 25026
24904 11581 1:0 25036
24945 11574 1:0 24997
24945 11580 1:0 25027
24945 11582 1:0 25037
24945 14602 1:0 25072
24945 14723 1:0 25086
24948 27 21:0 24949
24950 14606 1:0 25083
24950 14780 1:0 25086
24958 14894 1:0 25089
24958 14609 1:0 25089
24973 14627 1:0 25089
24973 14641 1:0 25089
24973 14948 1:0 25099
24973 14636 1:0 25155
24973 11718 1:0 25158
24974 14944 1:0 25099
24974 14887 1:0 25099
24974 14659 1:0 25117
24974 14638 1:0 25158
24974 11723 1:0 25168
24974 11721 1:0 25168
24975 14663 1:0 25158
24975 11719 1:0 25168
24975 11722 1:0 25171
24975 11866 1:0 25310
25024 11717 1:0 25171
25024 11716 1:0 25171
25024 11864 1:0 25301
25034 11725 1:0 25172
25044 11724 1:0 25237
25046 11581 21:0 25068
25067 24775 1:0 25067
25067 11580 0:0 25068
25067 11577 0:0 25068
25067 11582 0:0 25068
25067 11572 21:0 25068
25067 11579 0:0 25068
25067 11578 0:0 25068
25067 11574 21:0 25068
25067 11573 21:0 25068
25067 11571 21:0 25068
25067 11576 21:0 25068
25067 11570 21:0 25068
25067 11569 21:0 25068
25067 11575 21:0 25068
25067 283 21:0 25071
25070 285 21:0 25071
25070 281 21:0 25071
25070 275 21:0 25071
25070 277 21:0 25071
25070 279 21:0 25071
25070 273 21:0 25075
25074 24773 1:0 25074
25075 24774 1:0 25075
25076 11720 1:0 25217
25076 11726 1:0 25247
25076 11727 1:0 25248
25076 11728 1:0 25257
25076 11729 1:0 25258
25076 11867 1:0 25389
25076 11868 1:0 25389
25076 11870 1:0 25392
25076 11863 1:0 25392
25076 11869 1:0 25392
25076 11872 1:0 25393
25077 24708 1:0 25298
25077 14693 1:0 25301
25077 14698 1:0 25301
25077 14666 1:0 25301
25077 14777 1:0 25301
25077 14684 1:0 25301
25085 24772 1:0 25085
25086 24676 1:0 25310
25086 14695 1:0 25310
25086 24643 1:0 25392
25092 11871 1:0 25393
25092 11865 1:0 25428
25092 11873 1:0 25468
25092 11874 1:0 25469
25092 11875 1:0 25478
25092 11876 1:0 25479
25094 14716 1:0 25511
25097 12016 1:0 25511
25097 14720 1:0 25511
25097 14755 1:0 25511
25097 14750 1:0 25531
25097 12014 1:0 25531
25112 14741 1:0 25511
25112 12013 1:0 25610
25112 12012 1:0 25610
25112 12160 1:0 25752
25125 14752 1:0 25522
25125 24675 1:0 25522
25150 24751 1:0 25150
25194 24674 1:0 25531
25196 24673 1:0 25613
25245 12011 1:0 25613
25245 14807 1:0 25752
25245 12159 1:0 25831
25247 11724 21:0 25289
25287 11726 0:0 25289
25288 24742 1:0 25288
25288 11719 21:0 25289
25288 11720 21:0 25289
25288 11728 0:0 25289
25288 11721 21:0 25289
25288 11718 21:0 25289
25288 11723 21:0 25289
25288 11722 21:0 25289
25288 11717 21:0 25289
25288 11716 21:0 25289
25288 11727 0:0 25289
25288 11725 0:0 25289
25288 11729 0:0 25289
25288 265 21:0 25292
25295 24740 1:0 25295
25296 24741 1:0 25296
25297 12010 1:0 25613
25297 12017 1:0 25613
25297 12018 1:0 25614
25297 12019 1:0 25614
25297 12015 1:0 25660
25297 12020 1:0 25689
25297 12021 1:0 25690
25297 12023 1:0 25700
25298 12022 1:0 25699
25298 14773 1:0 25732
25298 14798 1:0 25732
25298 14812 1:0 25732
25298 14830 1:0 25732
25298 14809 1:0 25743
25298 24640 1:0 25743
25306 24739 1:0 25306
25307 24642 1:0 25752
25307 24608 1:0 25834
25313 12162 1:0 25831
25313 12164 1:0 25834
25313 12157 1:0 25834
25313 12158 1:0 25834
25313 12166 1:0 25835
25313 12165 1:0 25835
25313 12170 1:0 25921
25313 12307 1:0 25973
25313 12309 1:0 26052
25313 12306 1:0 26052
25315 12167 1:0 25910
25316 24737 1:0 25316
25318 12161 1:0 25880
25318 12163 1:0 25890
25318 12168 1:0 25911
25318 12310 1:0 26055
25333 12169 1:0 25920
25345 24724 1:0 25345
25346 24641 1:0 25957
25387 14837 1:0 25964
25387 14834 1:0 25964
25387 14969 1:0 25964
25387 14869 1:0 25964
25387 14855 1:0 25964
25387 14864 1:0 25964
25387 12304 1:0 26055
25395 12305 1:0 26055
25400 12458 1:0 26174
25400 14926 1:0 26174
25400 12456 1:0 26194
25416 24609 1:0 25973
25416 14866 1:0 25973
25417 12312 1:0 26056
25485 11876 21:0 25510
25508 11874 0:0 25510
25508 11872 0:0 25510
25508 11873 0:0 25510
25508 11871 0:0 25510
25509 24709 1:0 25509
25509 11865 21:0 25510
25509 11866 21:0 25510
25509 11870 21:0 25510
25509 11869 21:0 25510
25509 11875 0:0 25510
25509 11868 21:0 25510
25509 11863 21:0 25510
25509 11867 21:0 25510
25509 11864 21:0 25510
25516 24707 1:0 25516
25518 24610 1:0 26055
25519 12308 1:0 26101
25519 12311 1:0 26112
25519 12313 1:0 26122
25519 12314 1:0 26131
25519 12315 1:0 26132
25519 12316 1:0 26141
25519 12317 1:0 26142
25519 14912 1:0 26174
25519 14951 1:0 26174
25519 14891 1:0 26174
25519 14923 1:0 26194
25519 12455 1:0 26273
25519 12453 1:0 26273
25519 12452 1:0 26276
25519 12451 1:0 26276
25520 24705 1:0 25520
25527 24706 1:0 25527
25528 24607 1:0 26185
25528 14921 1:0 26185
25528 24576 1:0 26194
25536 24577 1:0 26276
25539 12457 1:0 26276
25539 12460 1:0 26277
25554 12459 1:0 26277
25554 12463 1:0 26362
25555 12461 1:0 26352
25555 12462 1:0 26353
25566 24692 1:0 25566
25567 12454 1:0 26313
25567 12464 1:0 26363
25567 12604 1:0 26415
25567 12603 1:0 26415
25567 14980 1:0 26415
25567 12601 1:0 26494
25592 24685 1:0 25592
25619 24684 1:0 25619
25621 24575 1:0 26399
25637 24574 1:0 26410
25638 15001 1:0 26415
25706 12023 21:0 25731
25729 12019 0:0 25731
25729 12020 0:0 25731
25729 12022 0:0 25731
25730 12014 21:0 25731
25730 12017 21:0 25731
25730 12011 21:0 25731
25730 12013 21:0 25731
25730 12012 21:0 25731
25730 12015 21:0 25731
25730 12010 21:0 25731
25730 12016 21:0 25731
25730 12021 0:0 25731
25730 12018 0:0 25731
25739 14983 1:0 26415
25739 15005 1:0 26415
25739 14978 1:0 26415
25739 12600 1:0 26494
25739 12599 1:0 26497
25739 12598 1:0 26497
25739 12605 1:0 26497
25739 12606 1:0 26498
25739 12607 1:0 26498
25739 12609 1:0 26574
25739 12749 1:0 26715
25739 12750 1:0 26715
25739 12747 1:0 26715
25740 24544 1:0 26497
25740 12602 1:0 26543
25740 12608 1:0 26573
25740 12610 1:0 26583
25740 12611 1:0 26584
25749 24542 1:0 26620
25749 24543 1:0 26621
25757 24541 1:0 26631
25760 15008 1:0 26640
25760 24529 1:0 26664
25760 15026 1:0 26664
25760 15040 1:0 26664
25775 133 1:0 26698
25775 15035 1:0 26702
25775 131 1:0 26707
25775 15037 1:0 26708
25775 15058 1:0 26715
25775 12745 1:0 26718
25775 12751 1:0 26718
25776 12752 1:0 26718
25776 12753 1:0 26784
25787 24659 1:0 25787
25788 12754 1:0 26719
25829 24511 1:0 26719
25837 12893 1:0 26857
25842 12746 1:0 26745
25842 12755 1:0 26794
25842 12895 1:0 26857
25857 12748 1:0 26755
25857 12756 1:0 26795
25857 12757 1:0 26804
25858 12758 1:0 26805
25858 15094 1:0 26857
25858 15092 1:0 26857
25858 113 1:0 26857
25858 15083 1:0 26857
25858 24486 1:0 26857
25858 12896 1:0 26936
25858 12894 1:0 26936
25858 13043 1:0 27147
25859 24496 1:0 26857
25859 15097 1:0 26857
25859 12899 1:0 26939
25859 12892 1:0 26939
25927 12170 21:0 25952
25950 12169 0:0 25952
25950 12168 0:0 25952
25951 12157 21:0 25952
25951 12158 21:0 25952
25951 12163 0:0 25952
25951 12161 21:0 25952
25951 12159 21:0 25952
25951 12160 21:0 25952
25951 12164 21:0 25952
25951 12166 0:0 25952
25951 12165 0:0 25952
25951 12162 21:0 25952
25951 12167 0:0 25952
25960 24509 1:0 26841
25961 24510 1:0 26842
25961 15229 1:0 26848
25961 15115 1:0 26848
25961 12898 1:0 26939
25961 13044 1:0 27157
25961 13039 1:0 27157
25970 15062 1:0 26851
25970 24508 1:0 26852
25970 15119 1:0 26854
25970 15065 1:0 26854
25976 24476 1:0 26939
25984 24632 1:0 25984
25996 24478 1:0 26940
25997 12901 1:0 26940
25997 12900 1:0 27005
26009 12897 1:0 26986
26009 12902 1:0 27015
26009 12903 1:0 27016
26009 12904 1:0 27025
26050 12905 1:0 27026
26078 24477 1:0 27063
26128 12313 21:0 26173
26171 12314 0:0 26173
26172 12306 21:0 26173
26172 12309 21:0 26173
26172 12307 21:0 26173
26172 12304 21:0 26173
26172 12312 0:0 26173
26172 12317 0:0 26173
26172 12316 0:0 26173
26172 12311 0:0 26173
26172 12305 21:0 26173
26172 12308 21:0 26173
26172 12310 21:0 26173
26172 12315 0:0 26173
26181 24475 1:0 27073
26181 15122 1:0 27078
26181 15254 1:0 27078
26181 15404 1:0 27078
26181 15325 1:0 27103
26181 15400 1:0 27103
26181 15347 1:0 27103
26182 15233 1:0 27103
26182 15140 1:0 27109
26182 24463 1:0 27112
26182 15172 1:0 27138
26182 15154 1:0 27138
26182 15149 1:0 27138
26182 93 1:0 27147
26182 15151 1:0 27147
26182 13042 1:0 27157
26182 13045 1:0 27160
26182 13040 1:0 27160
26182 13046 1:0 27160
26182 13048 1:0 27161
26182 13041 1:0 27196
26182 13047 1:0 27226
26182 13049 1:0 27236
26182 13050 1:0 27237
26182 13051 1:0 27246
26183 24606 1:0 26183
26191 24445 1:0 27161
26191 13052 1:0 27247
26197 24444 1:0 27284
26200 24605 1:0 26200
26202 24443 1:0 27283
26202 21 1:0 27290
26217 15286 1:0 27290
26217 27 1:0 27290
26217 15208 1:0 27368
26217 13191 1:0 27368
26218 15311 1:0 27290
26218 15176 1:0 27290
26218 15368 1:0 27296
26220 24594 1:0 26220
26271 24442 1:0 27294
26271 15293 1:0 27296
26284 24289 1:0 27296
26287 24579 1:0 26287
26299 15179 1:0 27299
26300 24293 1:0 27299
26300 24401 1:0 27324
26300 15290 1:0 27324
26301 24430 1:0 27317
26301 15211 1:0 27324
26301 15197 1:0 27324
26301 15206 1:0 27324
26301 77 1:0 27368
26301 13338 1:0 27520
26372 12463 21:0 26394
26393 12456 21:0 26394
26393 12451 21:0 26394
26393 12457 21:0 26394
26393 12461 0:0 26394
26393 12464 0:0 26394
26393 12462 0:0 26394
26393 12460 0:0 26394
26393 12459 0:0 26394
26393 12453 21:0 26394
26393 12455 21:0 26394
26393 12454 21:0 26394
26393 12452 21:0 26394
26393 12458 21:0 26394
26402 75 1:0 27362
26402 24408 1:0 27368
26402 13187 1:0 27378
26402 13190 1:0 27378
26402 13188 1:0 27378
26402 13193 1:0 27381
26402 13192 1:0 27381
26402 13186 1:0 27381
26402 13194 1:0 27382
26402 13198 1:0 27467
26403 13195 1:0 27382
26403 24412 1:0 27382
26403 13189 1:0 27418
26403 13196 1:0 27457
26403 13197 1:0 27458
26403 13199 1:0 27468
26404 24573 1:0 26404
26412 24410 1:0 27504
26412 24411 1:0 27505
26418 15236 1:0 27511
26418 24392 1:0 27511
26418 9 1:0 27517
26418 51 1:0 27517
26418 13333 1:0 27520
26420 13335 1:0 27599
26420 13337 1:0 27599
26439 24409 1:0 27515
26441 24561 1:0 26441
26450 24560 1:0 26450
26451 24375 1:0 27517
26451 57 1:0 27520
26451 15265 1:0 27520
26451 24397 1:0 27520
26451 61 1:0 27520
26451 59 1:0 27520
26451 15268 1:0 27520
26451 15263 1:0 27520
26492 24407 1:0 27520
26503 24552 1:0 26503
26520 24379 1:0 27602
26521 13334 1:0 27602
26521 13339 1:0 27602
26521 13340 1:0 27602
26521 13342 1:0 27603
26521 13341 1:0 27603
26521 15322 1:0 27810
26521 13485 1:0 27810
26521 13481 1:0 27820
26522 13343 1:0 27678
26580 12609 21:0 26615
26613 12608 0:0 26615
26614 12600 21:0 26615
26614 12603 21:0 26615
26614 12605 21:0 26615
26614 12611 0:0 26615
26614 12610 0:0 26615
26614 12607 0:0 26615
26614 12606 0:0 26615
26614 12598 21:0 26615
26614 12604 21:0 26615
26614 12602 21:0 26615
26614 12599 21:0 26615
26614 12601 21:0 26615
26623 13336 1:0 27639
26623 13344 1:0 27679
26623 13345 1:0 27688
26623 13346 1:0 27689
26623 13482 1:0 27820
26623 13484 1:0 27820
26624 24377 1:0 27725
26624 24378 1:0 27726
26633 24376 1:0 27736
26633 15350 1:0 27741
26633 24295 1:0 27741
26633 24368 1:0 27751
26633 39 1:0 27766
26633 45 1:0 27766
26633 15343 1:0 27766
26639 24364 1:0 27775
26639 43 1:0 27803
26639 15320 1:0 27804
26639 41 1:0 27810
26639 24288 1:0 27810
26639 13480 1:0 27823
26639 13487 1:0 27823
26647 24533 1:0 26647
26659 24346 1:0 27824
26660 13486 1:0 27823
26660 13489 1:0 27824
26672 13483 1:0 27860
26672 13488 1:0 27889
26672 13490 1:0 27899
26672 13491 1:0 27900
26672 13492 1:0 27909
26713 13493 1:0 27910
26713 15377 1:0 28028
26713 15379 1:0 28031
26713 13630 1:0 28031
26713 13632 1:0 28041
26713 13631 1:0 28041
26713 13634 1:0 28041
26713 13627 1:0 28044
26713 13633 1:0 28044
26742 24345 1:0 27947
26794 12753 21:0 26836
26834 12755 0:0 26836
26835 12747 21:0 26836
26835 12745 21:0 26836
26835 12748 21:0 26836
26835 12752 21:0 26836
26835 12751 21:0 26836
26835 12750 21:0 26836
26835 12754 0:0 26836
26835 12746 0:0 26836
26835 12749 21:0 26836
26835 12756 0:0 26836
26835 12757 0:0 26836
26835 12758 0:0 26836
26844 24344 1:0 27946
26845 24343 1:0 27957
26845 29 1:0 27961
26845 23 1:0 27962
26845 24297 1:0 27962
26845 24341 1:0 27967
26845 24331 1:0 27980
26845 13 1:0 27987
26845 15439 1:0 27987
26845 15425 1:0 27987
26845 25 1:0 27987
26854 15382 1:0 28025
26854 24296 1:0 28031
26854 13628 1:0 28044
26854 13636 1:0 28045
26854 24313 1:0 28045
26854 13635 1:0 28045
26854 13638 1:0 28121
26860 13629 1:0 28080
26860 13637 1:0 28120
26860 13639 1:0 28130
26860 13640 1:0 28131
26880 24311 1:0 28167
26883 24495 1:0 26883
26934 24312 1:0 28168
26934 15407 1:0 28174
26934 305 1:0 28174
26934 15436 1:0 28180
26947 11 1:0 28180
26950 24480 1:0 26950
26962 24308 1:0 28180
27015 12900 21:0 27057
27055 12902 0:0 27057
27056 12898 21:0 27057
27056 12896 21:0 27057
27056 12893 21:0 27057
27056 12895 21:0 27057
27056 12892 21:0 27057
27056 12899 21:0 27057
27056 12897 21:0 27057
27056 12903 0:0 27057
27056 12905 0:0 27057
27056 12901 0:0 27057
27056 12894 21:0 27057
27056 12904 0:0 27057
27065 24310 1:0 28178
27065 3 1:0 28180
27065 23347 1:0 28183
27065 20405 1:0 28183
27065 21876 1:0 28183
27065 5 1:0 28183
27065 15434 1:0 28189
27065 13778 1:0 28189
27065 17463 1:0 28201
27065 18934 1:0 28201
27066 7 1:0 28189
27066 13774 1:0 28201
27066 13775 1:0 28201
27066 13781 1:0 28201
27066 24298 1:0 28201
27066 13776 1:0 28201
27066 13780 1:0 28201
27066 15992 1:0 28211
27066 14521 1:0 28243
27066 13779 1:0 28265
27066 298 1:0 28265
27066 13783 1:0 28266
27066 13777 1:0 28302
27066 13782 1:0 28331
27066 13784 1:0 28341
27066 13785 1:0 28342
27067 24474 1:0 27067
27075 13876 1:0 28348
27075 13786 1:0 28351
27075 13787 1:0 28352
27075 13877 1:0 28393
27113 24460 1:0 27113
27113 24461 1:0 27113
27171 24447 1:0 27171
27236 13047 21:0 27278
27276 13051 0:0 27278
27277 13039 21:0 27278
27277 13050 0:0 27278
27277 13043 21:0 27278
27277 13052 0:0 27278
27277 13044 21:0 27278
27277 13049 0:0 27278
27277 13042 21:0 27278
27277 13046 21:0 27278
27277 13048 0:0 27278
27277 13040 21:0 27278
27277 13045 21:0 27278
27277 13041 21:0 27278
27334 24427 1:0 27334
27392 24414 1:0 27392
27477 13198 21:0 27499
27498 13186 21:0 27499
27498 13196 0:0 27499
27498 13194 0:0 27499
27498 13199 0:0 27499
27498 13197 0:0 27499
27498 13195 0:0 27499
27498 13189 21:0 27499
27498 13190 21:0 27499
27498 13193 21:0 27499
27498 13192 21:0 27499
27498 13191 21:0 27499
27498 13188 21:0 27499
27498 13187 21:0 27499
27546 24396 1:0 27546
27555 24394 1:0 27555
27581 24388 1:0 27581
27688 13343 21:0 27720
27718 13345 0:0 27720
27719 13340 21:0 27720
27719 13346 0:0 27720
27719 13344 0:0 27720
27719 13333 21:0 27720
27719 13334 21:0 27720
27719 13339 21:0 27720
27719 13342 0:0 27720
27719 13341 0:0 27720
27719 13336 21:0 27720
27719 13335 21:0 27720
27719 13337 21:0 27720
27719 13338 21:0 27720
27767 24363 1:0 27767
27776 24361 1:0 27776
27802 24355 1:0 27802
27829 24354 1:0 27829
27899 13488 21:0 27941
27940 13492 0:0 27941
27940 13491 0:0 27941
27940 13489 0:0 27941
27940 13493 0:0 27941
27940 13490 0:0 27941
27940 13480 21:0 27941
27940 13487 21:0 27941
27940 13481 21:0 27941
27940 13485 21:0 27941
27940 13486 21:0 27941
27940 13483 21:0 27941
27940 13484 21:0 27941
27940 13482 21:0 27941
27988 24330 1:0 27988
28055 24315 1:0 28055
28127 13638 21:0 28162
28160 13637 0:0 28162
28160 13636 0:0 28162
28160 13635 0:0 28162
28161 13628 21:0 28162
28161 13629 21:0 28162
28161 13627 21:0 28162
28161 13631 21:0 28162
28161 13634 21:0 28162
28161 13632 21:0 28162
28161 13630 21:0 28162
28161 13640 0:0 28162
28161 13633 21:0 28162
28161 13639 0:0 28162
28341 13782 21:0 215
