292 48235 21:0 340
339 48234 21:0 356
355 48233 21:0 356
355 48231 21:0 361
360 48232 21:0 366
365 48323 21:0 366
365 48223 21:0 366
365 48230 21:0 366
365 48224 21:0 366
365 48324 21:0 366
366 48497 21:0 432
431 48496 21:0 437
439 48529 21:0 456
515 48562 21:0 532
531 48560 21:0 584
591 48594 21:0 608
607 48595 21:0 660
659 48593 21:0 665
664 48596 21:0 684
683 48627 21:0 736
746 48662 21:0 812
822 48695 21:0 888
887 48693 21:0 893
895 48727 21:0 912
911 48694 21:0 964
971 48759 21:0 988
987 48760 21:0 1040
1042 48791 21:0 1050
1199 48858 21:0 1216
1215 48859 21:0 1268
1275 48892 21:0 1292
1291 48891 21:0 1344
1346 48923 21:0 1354
1354 48926 21:0 1420
1419 48925 21:0 1425
1427 48957 21:0 1444
1443 48956 21:0 1496
1495 48959 21:0 1501
1575 49023 21:0 1583
1582 49024 21:0 1628
1627 49025 21:0 1649
1648 49026 21:0 1659
1658 49056 21:0 1676
1675 49059 21:0 1725
1724 49057 21:0 1730
1729 49058 21:0 1749
1748 49092 21:0 1801
1803 49122 21:0 1811
1810 49091 21:0 1861
1860 49090 21:0 1877
1876 49089 21:0 1887
1886 49155 21:0 1905
1904 49124 21:0 1953
1955 49188 21:0 1963
1962 49190 21:0 2013
2012 49157 21:0 2029
2031 49221 21:0 2039
2038 49223 21:0 2089
2088 49222 21:0 2105
2104 49224 21:0 2115
2114 49254 21:0 2133
2132 49255 21:0 2181
2180 49256 21:0 2186
2185 49257 21:0 2205
2204 49287 21:0 2257
2256 49289 21:0 2262
2261 49288 21:0 2267
2266 49290 21:0 2333
2332 49320 21:0 2338
2337 49321 21:0 2343
2342 49322 21:0 2399
2398 49323 21:0 2414
2413 49158 21:0 2419
2418 49189 21:0 2474
2473 49125 21:0 2490
2489 49191 21:0 2495
2494 49123 21:0 2545
2544 49156 21:0 2561
2560 49353 21:0 2571
2570 49386 21:0 2589
2588 49354 21:0 2637
2636 49355 21:0 2642
2641 49356 21:0 2661
2660 49389 21:0 2713
2712 49452 21:0 2718
2717 49453 21:0 2723
2722 49421 21:0 2732
2724 48959 1:0 2849
2731 49387 21:0 2739
2736 48957 1:0 2855
2737 48956 1:0 2865
2738 49454 21:0 2742
2740 48926 1:0 2971
2741 49419 21:0 2750
2743 48925 1:0 2978
2745 48923 1:0 2987
2751 48891 1:0 3093
2751 48892 1:0 3100
2762 328 21:0 2776
2770 48859 1:0 3215
2775 49422 21:0 2851
2821 48858 1:0 3221
2847 48791 1:0 3475
2850 49388 21:0 2854
2853 49420 21:0 2861
2858 48760 1:0 3581
2859 48759 1:0 3587
2860 49455 21:0 2864
2862 48727 1:0 3710
2865 48694 1:0 3750
2867 48695 1:0 3825
2873 48693 1:0 3831
2891 48662 1:0 3947
2980 48627 1:0 4075
2981 48596 1:0 4116
2989 48595 1:0 4191
2995 48594 1:0 4197
3013 48593 1:0 4207
3102 48562 1:0 4320
3103 48560 1:0 4329
3111 48529 1:0 4442
3117 48497 1:0 4557
3135 48496 1:0 4564
3224 329 1:0 5895
4745 50465 21:0 4753
4752 50467 21:0 4803
4802 50466 21:0 4819
4818 50468 21:0 4829
4828 50498 21:0 4847
4846 50500 21:0 4895
4894 50499 21:0 4900
4899 50501 21:0 4919
4918 50531 21:0 4971
4970 50532 21:0 4976
4975 50533 21:0 4981
4980 50534 21:0 5047
5046 50564 21:0 5052
5051 50567 21:0 5057
5056 50597 21:0 5112
5111 50599 21:0 5128
5127 50598 21:0 5133
5132 50600 21:0 5188
5187 50630 21:0 5204
5203 50632 21:0 5209
5208 50631 21:0 5259
5258 50633 21:0 5275
5274 50663 21:0 5285
5284 50664 21:0 5303
5302 50665 21:0 5351
5350 50697 21:0 5356
5355 50666 21:0 5375
5374 50565 21:0 5427
5426 50696 21:0 5432
5431 50732 21:0 5437
5436 50730 21:0 5503
5502 50731 21:0 5508
5507 50729 21:0 5513
5512 50566 21:0 5568
5567 50698 21:0 5584
5583 50699 21:0 5589
5588 50796 21:0 5644
5643 50764 21:0 5660
5659 50765 21:0 5665
5664 50830 21:0 5715
5714 50829 21:0 5731
5730 50762 21:0 5741
5740 50797 21:0 5759
5758 50763 21:0 5807
5806 50795 21:0 5812
5811 50828 21:0 5831
5830 50895 21:0 5883
5882 50798 21:0 5888
5887 50863 21:0 5893
5892 50896 21:0 5902
5901 50862 21:0 5910
5907 49455 1:0 6079
5908 49454 1:0 6159
5908 49453 1:0 6166
5909 50927 21:0 5913
5912 50861 21:0 5922
5914 49452 1:0 6177
5917 49420 1:0 6210
5917 49422 1:0 6290
5923 49421 1:0 6298
5923 49419 1:0 6308
5927 49388 1:0 6341
5936 329 21:0 5950
5949 50897 21:0 6029
5951 49389 1:0 6421
5997 49387 1:0 6428
6026 49386 1:0 6439
6028 50894 21:0 6033
6032 50864 21:0 6041
6038 49356 1:0 6472
6039 49355 1:0 6552
6039 49354 1:0 6559
6048 49353 1:0 6570
6048 49323 1:0 6603
6054 49322 1:0 6683
6058 49321 1:0 6690
6087 49320 1:0 6701
6169 49290 1:0 6734
6170 49288 1:0 6814
6179 49289 1:0 6822
6179 49287 1:0 6832
6185 49257 1:0 6865
6190 49256 1:0 6945
6218 49255 1:0 6952
6300 49254 1:0 6963
6301 49224 1:0 6996
6310 49222 1:0 7076
6310 49223 1:0 7084
6316 49221 1:0 7094
6321 49191 1:0 7127
6349 49189 1:0 7207
6431 49190 1:0 7215
6432 49188 1:0 7225
6441 49156 1:0 7258
6441 49158 1:0 7338
6447 49157 1:0 7346
6467 49155 1:0 7356
6480 49123 1:0 7389
6562 49125 1:0 7469
6563 49124 1:0 7477
6572 49122 1:0 7487
6572 49090 1:0 7520
6580 49092 1:0 7600
6598 49091 1:0 7608
6693 49089 1:0 7618
6694 49058 1:0 7651
6694 49059 1:0 7731
6703 49057 1:0 7738
6703 49056 1:0 7749
6711 49026 1:0 7782
6730 49025 1:0 7862
6742 330 1:0 9210
6824 49024 1:0 7869
6825 49023 1:0 7880
8060 51907 21:0 8068
8067 51908 21:0 8118
8117 51909 21:0 8134
8133 51910 21:0 8144
8143 51940 21:0 8162
8161 51941 21:0 8210
8209 51942 21:0 8215
8214 51943 21:0 8234
8233 51973 21:0 8286
8285 51976 21:0 8291
8290 52006 21:0 8296
8295 52007 21:0 8362
8361 52008 21:0 8367
8366 52009 21:0 8372
8371 52039 21:0 8427
8426 52040 21:0 8443
8442 52041 21:0 8448
8447 52042 21:0 8503
8502 52072 21:0 8519
8518 52073 21:0 8524
8523 52074 21:0 8574
8573 52075 21:0 8590
8589 52105 21:0 8600
8599 52107 21:0 8618
8617 52106 21:0 8666
8665 52108 21:0 8671
8670 51975 21:0 8690
8689 52139 21:0 8742
8741 52138 21:0 8747
8746 52141 21:0 8752
8751 52173 21:0 8818
8817 52171 21:0 8823
8822 52204 21:0 8828
8827 52205 21:0 8886
8885 52174 21:0 8899
8898 52206 21:0 8904
8903 51974 21:0 8959
8958 52207 21:0 8975
8974 52172 21:0 8980
8979 52237 21:0 9030
9029 52140 21:0 9046
9045 52238 21:0 9056
9055 52271 21:0 9074
9073 52336 21:0 9122
9121 52239 21:0 9127
9126 52240 21:0 9146
9145 52303 21:0 9198
9197 52304 21:0 9203
9202 52272 21:0 9208
9207 52270 21:0 9217
9216 52305 21:0 9225
9222 50927 1:0 9361
9223 50897 1:0 9394
9223 50896 1:0 9474
9224 52273 21:0 9228
9227 52339 21:0 9237
9229 50895 1:0 9481
9232 50894 1:0 9492
9232 50864 1:0 9525
9238 50862 1:0 9605
9238 50863 1:0 9613
9242 50861 1:0 9623
9251 330 21:0 9265
9264 52338 21:0 9343
9266 50829 1:0 9736
9312 50830 1:0 9744
9341 50828 1:0 9754
9342 52306 21:0 9348
9347 52369 21:0 9356
9353 50798 1:0 9787
9354 50797 1:0 9867
9354 50796 1:0 9874
9355 52337 21:0 9359
9360 50795 1:0 9885
9363 50763 1:0 9918
9363 50765 1:0 9998
9369 50764 1:0 10006
9373 50762 1:0 10016
9402 50731 1:0 10049
9484 50732 1:0 10129
9485 50730 1:0 10136
9494 50729 1:0 10147
9494 50699 1:0 10180
9500 50698 1:0 10260
9505 50697 1:0 10267
9533 50696 1:0 10278
9615 50666 1:0 10311
9616 50665 1:0 10391
9625 50664 1:0 10398
9625 50663 1:0 10409
9631 50633 1:0 10442
9636 50631 1:0 10522
9664 50632 1:0 10530
9746 50630 1:0 10540
9747 50600 1:0 10573
9756 50598 1:0 10653
9756 50599 1:0 10661
9762 50597 1:0 10671
9782 50566 1:0 10704
9795 50567 1:0 10784
9877 50565 1:0 10791
9878 50564 1:0 10802
9887 50534 1:0 10835
9887 50533 1:0 10915
9895 50532 1:0 10922
9913 50531 1:0 10933
10008 50501 1:0 10966
10009 50499 1:0 11046
10009 50500 1:0 11054
10018 50498 1:0 11064
10018 50468 1:0 11097
10026 50466 1:0 11177
10045 50467 1:0 11185
10057 331 1:0 12525
10139 50465 1:0 11195
11375 53349 21:0 11383
11382 53350 21:0 11433
11432 53351 21:0 11449
11448 53352 21:0 11459
11458 53382 21:0 11477
11476 53384 21:0 11525
11524 53383 21:0 11530
11529 53385 21:0 11549
11548 53415 21:0 11601
11600 53417 21:0 11606
11605 53416 21:0 11611
11610 53418 21:0 11677
11676 53448 21:0 11682
11681 53450 21:0 11687
11686 53449 21:0 11742
11741 53451 21:0 11758
11757 53481 21:0 11763
11762 53484 21:0 11818
11817 53514 21:0 11834
11833 53517 21:0 11839
11838 53547 21:0 11889
11888 53548 21:0 11905
11904 53549 21:0 11915
11914 53550 21:0 11933
11932 53583 21:0 11981
11983 53613 21:0 11991
11990 53482 21:0 12041
12040 53580 21:0 12057
12056 53516 21:0 12067
12066 53515 21:0 12085
12084 53614 21:0 12133
12132 53483 21:0 12138
12137 53616 21:0 12157
12156 53646 21:0 12209
12208 53615 21:0 12214
12213 53581 21:0 12219
12218 53582 21:0 12285
12284 53648 21:0 12290
12289 53647 21:0 12295
12294 53679 21:0 12353
12352 53712 21:0 12366
12365 53681 21:0 12371
12370 53682 21:0 12426
12425 53649 21:0 12442
12441 53713 21:0 12447
12446 53715 21:0 12497
12496 53714 21:0 12513
12512 53680 21:0 12523
12522 53748 21:0 12529
12524 52369 1:0 12676
12528 53779 21:0 12532
12531 53780 21:0 12543
12537 52337 1:0 12709
12538 52339 1:0 12789
12542 53746 21:0 12549
12544 52338 1:0 12797
12547 52336 1:0 12807
12547 52306 1:0 12840
12548 53747 21:0 12552
12550 52305 1:0 12920
12553 52304 1:0 12927
12553 52303 1:0 12938
12557 52273 1:0 12971
12566 331 21:0 12580
12579 53778 21:0 12657
12581 52272 1:0 13051
12627 52271 1:0 13058
12656 53811 21:0 12663
12656 52270 1:0 13069
12662 53781 21:0 12671
12668 52240 1:0 13102
12669 52239 1:0 13182
12669 52238 1:0 13189
12670 53745 21:0 12674
12673 53812 21:0 12683
12675 52237 1:0 13200
12678 52207 1:0 13233
12678 52206 1:0 13313
12684 52205 1:0 13320
12684 52204 1:0 13331
12688 52172 1:0 13364
12717 52174 1:0 13444
12799 52173 1:0 13452
12800 52171 1:0 13462
12809 52140 1:0 13495
12809 52141 1:0 13575
12815 52139 1:0 13582
12820 52138 1:0 13593
12848 52108 1:0 13626
12930 52106 1:0 13706
12931 52107 1:0 13714
12940 52105 1:0 13724
12940 52075 1:0 13757
12946 52074 1:0 13837
12951 52073 1:0 13844
12979 52072 1:0 13855
13061 52042 1:0 13888
13062 52041 1:0 13968
13071 52040 1:0 13975
13071 52039 1:0 13986
13077 52009 1:0 14019
13097 52008 1:0 14099
13110 52007 1:0 14106
13192 52006 1:0 14117
13193 51974 1:0 14150
13202 51976 1:0 14230
13202 51975 1:0 14238
13210 51973 1:0 14248
13228 51943 1:0 14281
13323 51942 1:0 14361
13324 51941 1:0 14368
13324 51940 1:0 14379
13333 51910 1:0 14412
13333 51909 1:0 14492
13341 51908 1:0 14499
13360 51907 1:0 14510
13372 332 1:0 15840
13454 53812 1:0 15980
13455 53811 1:0 15991
14690 54791 21:0 14698
14697 54792 21:0 14748
14747 54793 21:0 14764
14763 54794 21:0 14774
14773 54824 21:0 14792
14791 54826 21:0 14840
14839 54825 21:0 14845
14844 54827 21:0 14864
14863 54857 21:0 14916
14915 54859 21:0 14921
14920 54858 21:0 14926
14925 54860 21:0 14992
14991 54890 21:0 14997
14996 54893 21:0 15002
15001 54923 21:0 15058
15057 54925 21:0 15073
15072 54924 21:0 15078
15077 54926 21:0 15133
15132 54956 21:0 15149
15148 54957 21:0 15154
15153 54958 21:0 15204
15203 54959 21:0 15220
15219 54989 21:0 15230
15229 54992 21:0 15248
15247 55022 21:0 15296
15295 55024 21:0 15301
15300 55023 21:0 15320
15319 54990 21:0 15372
15371 55025 21:0 15377
15376 54891 21:0 15382
15381 54991 21:0 15448
15447 54892 21:0 15453
15452 55057 21:0 15458
15457 55058 21:0 15521
15520 55089 21:0 15529
15528 55055 21:0 15534
15533 55056 21:0 15589
15588 55091 21:0 15605
15604 55090 21:0 15610
15609 55088 21:0 15660
15659 55189 21:0 15676
15675 55154 21:0 15686
15685 55188 21:0 15708
15707 55157 21:0 15752
15751 55123 21:0 15757
15756 55155 21:0 15776
15775 55121 21:0 15828
15827 55190 21:0 15833
15832 55124 21:0 15844
15843 55255 21:0 15847
15846 55187 21:0 15855
15852 53781 1:0 16024
15853 53780 1:0 16104
15853 53779 1:0 16111
15854 55253 21:0 15858
15857 55221 21:0 15867
15859 53778 1:0 16122
15862 53747 1:0 16155
15862 53748 1:0 16235
15868 53746 1:0 16242
15868 53745 1:0 16253
15872 53714 1:0 16286
15881 332 21:0 15895
15894 55223 21:0 15972
15896 53715 1:0 16366
15942 53713 1:0 16373
15971 55256 21:0 15978
15971 53712 1:0 16384
15977 55122 21:0 15986
15983 53680 1:0 16417
15984 53682 1:0 16497
15984 53681 1:0 16505
15985 55220 21:0 15989
15990 53679 1:0 16515
15993 53649 1:0 16548
15993 53647 1:0 16628
15999 53648 1:0 16636
16003 53646 1:0 16646
16032 53615 1:0 16679
16114 53616 1:0 16759
16115 53614 1:0 16766
16124 53613 1:0 16777
16124 53582 1:0 16810
16130 53583 1:0 16890
16135 53581 1:0 16897
16163 53580 1:0 16908
16245 53550 1:0 16941
16246 53549 1:0 17021
16255 53548 1:0 17028
16255 53547 1:0 17039
16261 53515 1:0 17072
16266 53517 1:0 17152
16294 53516 1:0 17160
16376 53514 1:0 17170
16377 53483 1:0 17203
16386 53484 1:0 17283
16386 53482 1:0 17290
16392 53481 1:0 17301
16412 53451 1:0 17334
16425 53449 1:0 17414
16507 53450 1:0 17422
16508 53448 1:0 17432
16517 53418 1:0 17465
16517 53416 1:0 17545
16525 53417 1:0 17553
16543 53415 1:0 17563
16638 53385 1:0 17596
16639 53383 1:0 17676
16639 53384 1:0 17684
16648 53382 1:0 17694
16648 53352 1:0 17727
16656 53351 1:0 17807
16675 53350 1:0 17814
16687 333 1:0 19155
16769 53349 1:0 17825
18005 56233 21:0 18013
18012 56235 21:0 18063
18062 56234 21:0 18079
18078 56236 21:0 18089
18088 56266 21:0 18107
18106 56268 21:0 18155
18154 56267 21:0 18160
18159 56269 21:0 18179
18178 56299 21:0 18231
18230 56301 21:0 18236
18235 56300 21:0 18241
18240 56302 21:0 18307
18306 56332 21:0 18312
18311 56334 21:0 18317
18316 56365 21:0 18372
18371 56367 21:0 18388
18387 56366 21:0 18393
18392 56368 21:0 18448
18447 56398 21:0 18459
18458 56399 21:0 18469
18468 56400 21:0 18514
18513 56401 21:0 18535
18534 56431 21:0 18545
18544 56433 21:0 18559
18558 56467 21:0 18611
18613 56497 21:0 18621
18620 56335 21:0 18671
18670 56432 21:0 18687
18686 56434 21:0 18697
18696 56333 21:0 18715
18714 56466 21:0 18763
18762 56465 21:0 18768
18767 56499 21:0 18787
18786 56498 21:0 18839
18838 56464 21:0 18844
18843 56500 21:0 18849
18848 56531 21:0 18915
18914 56565 21:0 18920
18919 56566 21:0 18925
18924 56532 21:0 18980
18979 56533 21:0 18996
18995 56530 21:0 19001
19000 56563 21:0 19056
19055 56564 21:0 19067
19066 56596 21:0 19077
19076 56598 21:0 19123
19122 56630 21:0 19143
19142 56597 21:0 19153
19152 56629 21:0 19159
19154 55256 1:0 19288
19158 56664 21:0 19162
19161 56632 21:0 19170
19167 55255 1:0 19296
19168 55253 1:0 19306
19168 55223 1:0 19419
19169 56599 21:0 19179
19177 55221 1:0 19426
19177 55220 1:0 19437
19178 56631 21:0 19182
19180 55190 1:0 19470
19183 55188 1:0 19550
19183 55189 1:0 19558
19187 55187 1:0 19568
19196 333 21:0 19210
19209 56663 21:0 19285
19211 55157 1:0 19681
19257 55155 1:0 19688
19284 56665 21:0 19293
19286 55154 1:0 19699
19292 56662 21:0 19301
19298 55122 1:0 19732
19299 55124 1:0 19812
19299 55123 1:0 19820
19308 55121 1:0 19830
19308 55090 1:0 19863
19314 55091 1:0 19943
19318 55089 1:0 19950
19347 55088 1:0 19961
19429 55056 1:0 19994
19430 55058 1:0 20074
19439 55057 1:0 20082
19439 55055 1:0 20092
19445 55025 1:0 20125
19450 55023 1:0 20205
19478 55024 1:0 20213
19560 55022 1:0 20223
19561 54991 1:0 20256
19570 54992 1:0 20336
19570 54990 1:0 20343
19576 54989 1:0 20354
19581 54959 1:0 20387
19609 54958 1:0 20467
19691 54957 1:0 20474
19692 54956 1:0 20485
19701 54926 1:0 20518
19701 54924 1:0 20598
19707 54925 1:0 20606
19727 54923 1:0 20616
19740 54892 1:0 20649
19822 54893 1:0 20729
19823 54891 1:0 20736
19832 54890 1:0 20747
19832 54860 1:0 20780
19840 54858 1:0 20860
19858 54859 1:0 20868
19953 54857 1:0 20878
19954 54827 1:0 20911
19954 54825 1:0 20991
19963 54826 1:0 20999
19963 54824 1:0 21009
19971 54794 1:0 21042
19990 54793 1:0 21122
20002 334 1:0 22470
20084 54792 1:0 21129
20085 54791 1:0 21140
21320 57675 21:0 21328
21327 57676 21:0 21378
21377 57677 21:0 21394
21393 57678 21:0 21404
21403 57708 21:0 21422
21421 57709 21:0 21470
21469 57710 21:0 21475
21474 57711 21:0 21494
21493 57741 21:0 21546
21545 57743 21:0 21551
21550 57742 21:0 21556
21555 57744 21:0 21622
21621 57774 21:0 21627
21626 57775 21:0 21632
21631 57776 21:0 21687
21686 57777 21:0 21703
21702 57807 21:0 21708
21707 57810 21:0 21763
21762 57840 21:0 21776
21775 57841 21:0 21784
21783 57842 21:0 21834
21833 57843 21:0 21850
21849 57873 21:0 21860
21859 57875 21:0 21878
21877 57874 21:0 21926
21925 57909 21:0 21931
21930 57876 21:0 21950
21949 57808 21:0 22002
22001 57809 21:0 22007
22006 57906 21:0 22012
22011 57907 21:0 22078
22077 57908 21:0 22083
22082 57975 21:0 22088
22087 57940 21:0 22143
22142 57974 21:0 22159
22158 57972 21:0 22164
22163 57942 21:0 22219
22218 57939 21:0 22230
22229 57973 21:0 22240
22239 57941 21:0 22281
22280 58007 21:0 22306
22305 58008 21:0 22316
22315 58040 21:0 22330
22329 58072 21:0 22382
22381 58005 21:0 22387
22386 58074 21:0 22406
22405 58041 21:0 22458
22457 58006 21:0 22463
22462 58038 21:0 22468
22467 58073 21:0 22477
22476 58071 21:0 22485
22482 56665 1:0 22654
22483 56663 1:0 22734
22483 56664 1:0 22742
22484 58039 21:0 22488
22487 58105 21:0 22497
22489 56662 1:0 22752
22492 56631 1:0 22785
22492 56632 1:0 22865
22498 56630 1:0 22872
22498 56629 1:0 22883
22502 56599 1:0 22916
22511 334 21:0 22525
22524 58106 21:0 22601
22526 56597 1:0 22996
22572 56598 1:0 23004
22600 58138 21:0 22608
22601 56596 1:0 23014
22607 58137 21:0 22616
22613 56564 1:0 23047
22614 56566 1:0 23127
22614 56565 1:0 23135
22615 58104 21:0 22619
22620 56563 1:0 23145
22623 56533 1:0 23178
22623 56532 1:0 23258
22629 56531 1:0 23265
22633 56530 1:0 23276
22662 56500 1:0 23309
22744 56498 1:0 23389
22745 56499 1:0 23397
22754 56497 1:0 23407
22754 56465 1:0 23440
22760 56467 1:0 23520
22765 56466 1:0 23528
22793 56464 1:0 23538
22875 56434 1:0 23571
22876 56432 1:0 23651
22885 56433 1:0 23659
22885 56431 1:0 23669
22891 56401 1:0 23702
22896 56400 1:0 23782
22924 56399 1:0 23789
23006 56398 1:0 23800
23007 56368 1:0 23833
23016 56366 1:0 23913
23016 56367 1:0 23921
23022 56365 1:0 23931
23042 56333 1:0 23964
23055 56335 1:0 24044
23137 56334 1:0 24052
23138 56332 1:0 24062
23147 56302 1:0 24095
23147 56300 1:0 24175
23155 56301 1:0 24183
23173 56299 1:0 24193
23268 56269 1:0 24226
23269 56267 1:0 24306
23269 56268 1:0 24314
23278 56266 1:0 24324
23278 56236 1:0 24357
23286 56234 1:0 24437
23305 56235 1:0 24445
23317 335 1:0 25785
23399 56233 1:0 24455
24635 59117 21:0 24643
24642 59119 21:0 24693
24692 59118 21:0 24709
24708 59120 21:0 24719
24718 59150 21:0 24737
24736 59151 21:0 24785
24784 59152 21:0 24790
24789 59153 21:0 24809
24808 59183 21:0 24861
24860 59184 21:0 24866
24865 59185 21:0 24871
24870 59186 21:0 24937
24936 59216 21:0 24942
24941 59217 21:0 24947
24946 59218 21:0 25002
25001 59219 21:0 25018
25017 59249 21:0 25023
25022 59252 21:0 25078
25077 59282 21:0 25092
25091 59285 21:0 25099
25098 59315 21:0 25149
25148 59317 21:0 25165
25164 59316 21:0 25175
25174 59318 21:0 25193
25192 59351 21:0 25241
25243 59381 21:0 25251
25250 59284 21:0 25301
25300 59250 21:0 25317
25316 59350 21:0 25327
25326 59349 21:0 25345
25344 59283 21:0 25393
25392 59348 21:0 25398
25397 59251 21:0 25417
25416 59384 21:0 25469
25468 59417 21:0 25474
25473 59383 21:0 25479
25478 59447 21:0 25545
25544 59448 21:0 25550
25549 59480 21:0 25555
25554 59449 21:0 25610
25609 59414 21:0 25626
25625 59382 21:0 25631
25630 59450 21:0 25686
25685 59415 21:0 25702
25701 59416 21:0 25707
25706 59482 21:0 25757
25756 59549 21:0 25773
25772 59513 21:0 25783
25782 59516 21:0 25789
25784 58138 1:0 25925
25788 59481 21:0 25792
25791 59547 21:0 25800
25797 58137 1:0 25936
25798 58106 1:0 26049
25798 58105 1:0 26056
25799 59548 21:0 25809
25807 58104 1:0 26067
25807 58073 1:0 26100
25808 59483 21:0 25812
25810 58074 1:0 26180
25813 58072 1:0 26187
25813 58071 1:0 26198
25817 58039 1:0 26231
25826 335 21:0 25840
25839 59515 21:0 25917
25841 58041 1:0 26311
25887 58040 1:0 26319
25916 59514 21:0 25923
25916 58038 1:0 26329
25922 59546 21:0 25931
25928 58006 1:0 26362
25929 58008 1:0 26442
25929 58007 1:0 26450
25938 58005 1:0 26460
25938 57973 1:0 26493
25944 57975 1:0 26573
25948 57974 1:0 26581
25977 57972 1:0 26591
26059 57941 1:0 26624
26060 57942 1:0 26704
26069 57940 1:0 26711
26069 57939 1:0 26722
26075 57908 1:0 26755
26080 57909 1:0 26835
26108 57907 1:0 26842
26190 57906 1:0 26853
26191 57876 1:0 26886
26200 57874 1:0 26966
26200 57875 1:0 26974
26206 57873 1:0 26984
26211 57843 1:0 27017
26239 57842 1:0 27097
26321 57841 1:0 27104
26322 57840 1:0 27115
26331 57809 1:0 27148
26331 57810 1:0 27228
26337 57808 1:0 27235
26357 57807 1:0 27246
26370 57777 1:0 27279
26452 57776 1:0 27359
26453 57775 1:0 27366
26462 57774 1:0 27377
26462 57744 1:0 27410
26470 57742 1:0 27490
26488 57743 1:0 27498
26583 57741 1:0 27508
26584 57711 1:0 27541
26584 57710 1:0 27621
26593 57709 1:0 27628
26593 57708 1:0 27639
26601 57678 1:0 27672
26620 57677 1:0 27752
26632 336 1:0 29100
26714 57676 1:0 27759
26715 57675 1:0 27770
27950 60559 21:0 27958
27957 60561 21:0 28008
28007 60560 21:0 28024
28023 60562 21:0 28034
28033 60592 21:0 28052
28051 60594 21:0 28100
28099 60593 21:0 28105
28104 60595 21:0 28124
28123 60625 21:0 28176
28175 60627 21:0 28181
28180 60626 21:0 28186
28185 60628 21:0 28252
28251 60658 21:0 28257
28256 60659 21:0 28262
28261 60660 21:0 28319
28318 60661 21:0 28333
28332 60691 21:0 28338
28337 60694 21:0 28393
28392 60724 21:0 28409
28408 60726 21:0 28414
28413 60725 21:0 28464
28463 60727 21:0 28480
28479 60757 21:0 28490
28489 60758 21:0 28508
28507 60759 21:0 28556
28555 60760 21:0 28561
28560 60692 21:0 28580
28579 60693 21:0 28632
28631 60790 21:0 28637
28636 60792 21:0 28642
28641 60791 21:0 28708
28707 60824 21:0 28713
28712 60856 21:0 28718
28717 60793 21:0 28780
28779 60826 21:0 28789
28788 60823 21:0 28794
28793 60825 21:0 28849
28848 60858 21:0 28865
28864 60857 21:0 28870
28869 60859 21:0 28920
28919 60955 21:0 28936
28935 60922 21:0 28946
28945 60923 21:0 28968
28967 60924 21:0 29012
29011 60889 21:0 29017
29016 60890 21:0 29036
29035 60925 21:0 29088
29087 60892 21:0 29093
29092 60891 21:0 29100
29099 60989 21:0 29107
29106 60958 21:0 29115
29112 59548 1:0 29284
29113 59549 1:0 29364
29113 59547 1:0 29371
29114 60991 21:0 29118
29117 60990 21:0 29127
29119 59546 1:0 29382
29122 59514 1:0 29415
29122 59516 1:0 29495
29128 59515 1:0 29503
29128 59513 1:0 29513
29132 59483 1:0 29546
29141 336 21:0 29155
29154 60988 21:0 29232
29156 59481 1:0 29626
29202 59482 1:0 29634
29231 60956 21:0 29238
29231 59480 1:0 29644
29237 61024 21:0 29246
29243 59450 1:0 29677
29244 59449 1:0 29757
29244 59448 1:0 29764
29253 59447 1:0 29775
29253 59416 1:0 29808
29259 59417 1:0 29888
29263 59415 1:0 29895
29292 59414 1:0 29906
29374 59382 1:0 29939
29375 59384 1:0 30019
29384 59383 1:0 30027
29384 59381 1:0 30037
29390 59349 1:0 30070
29395 59351 1:0 30150
29423 59350 1:0 30158
29505 59348 1:0 30168
29506 59318 1:0 30201
29515 59316 1:0 30281
29515 59317 1:0 30289
29521 59315 1:0 30299
29526 59283 1:0 30332
29554 59285 1:0 30412
29636 59284 1:0 30420
29637 59282 1:0 30430
29646 59251 1:0 30463
29646 59252 1:0 30543
29652 59250 1:0 30550
29672 59249 1:0 30561
29685 59219 1:0 30594
29767 59218 1:0 30674
29768 59217 1:0 30681
29777 59216 1:0 30692
29777 59186 1:0 30725
29785 59185 1:0 30805
29803 59184 1:0 30812
29898 59183 1:0 30823
29899 59153 1:0 30856
29899 59152 1:0 30936
29908 59151 1:0 30943
29908 59150 1:0 30954
29916 59120 1:0 30987
29935 59118 1:0 31067
29947 337 1:0 32415
30029 59119 1:0 31075
30030 59117 1:0 31085
31265 62001 21:0 31273
31272 62003 21:0 31323
31322 62002 21:0 31339
31338 62004 21:0 31349
31348 62034 21:0 31367
31366 62035 21:0 31415
31414 62036 21:0 31420
31419 62037 21:0 31439
31438 62067 21:0 31491
31490 62068 21:0 31496
31495 62069 21:0 31501
31500 62070 21:0 31567
31566 62100 21:0 31572
31571 62103 21:0 31577
31576 62133 21:0 31632
31631 62135 21:0 31648
31647 62134 21:0 31653
31652 62136 21:0 31708
31707 62166 21:0 31724
31723 62168 21:0 31729
31728 62167 21:0 31779
31778 62169 21:0 31795
31794 62199 21:0 31805
31804 62200 21:0 31823
31822 62201 21:0 31871
31870 62235 21:0 31876
31875 62202 21:0 31895
31894 62232 21:0 31947
31946 62233 21:0 31952
31951 62102 21:0 31957
31956 62234 21:0 32023
32022 62101 21:0 32028
32027 62267 21:0 32033
32032 62268 21:0 32092
32091 62298 21:0 32104
32103 62265 21:0 32109
32108 62299 21:0 32164
32163 62331 21:0 32180
32179 62300 21:0 32185
32184 62301 21:0 32235
32234 62266 21:0 32251
32250 62332 21:0 32261
32260 62333 21:0 32279
32278 62334 21:0 32327
32326 62367 21:0 32332
32331 62365 21:0 32351
32350 62397 21:0 32403
32402 62400 21:0 32408
32407 62366 21:0 32414
32413 62398 21:0 32422
32421 62364 21:0 32430
32427 61024 1:0 32548
32428 60990 1:0 32599
32428 60991 1:0 32679
32429 62399 21:0 32433
32432 62430 21:0 32442
32434 60989 1:0 32686
32437 60988 1:0 32697
32437 60958 1:0 32810
32443 60956 1:0 32817
32443 60955 1:0 32828
32447 60925 1:0 32861
32456 337 21:0 32470
32469 62431 21:0 32550
32471 60924 1:0 32941
32517 60923 1:0 32948
32546 60922 1:0 32959
32549 62465 21:0 32553
32552 62432 21:0 32561
32558 60891 1:0 32992
32559 60892 1:0 33072
32559 60890 1:0 33079
32560 62466 21:0 32564
32565 60889 1:0 33090
32568 60859 1:0 33123
32568 60857 1:0 33203
32574 60858 1:0 33211
32578 60856 1:0 33221
32607 60825 1:0 33254
32689 60826 1:0 33334
32690 60824 1:0 33341
32699 60823 1:0 33352
32699 60793 1:0 33385
32705 60791 1:0 33465
32710 60792 1:0 33473
32738 60790 1:0 33483
32820 60760 1:0 33516
32821 60759 1:0 33596
32830 60758 1:0 33603
32830 60757 1:0 33614
32836 60727 1:0 33647
32841 60725 1:0 33727
32869 60726 1:0 33735
32951 60724 1:0 33745
32952 60693 1:0 33778
32961 60694 1:0 33858
32961 60692 1:0 33865
32967 60691 1:0 33876
32987 60661 1:0 33909
33000 60660 1:0 33989
33082 60659 1:0 33996
33083 60658 1:0 34007
33092 60628 1:0 34040
33092 60626 1:0 34120
33100 60627 1:0 34128
33118 60625 1:0 34138
33213 60595 1:0 34171
33214 60593 1:0 34251
33214 60594 1:0 34259
33223 60592 1:0 34269
33223 60562 1:0 34302
33231 60560 1:0 34382
33250 60561 1:0 34390
33262 338 1:0 35730
33344 60559 1:0 34400
34580 63443 21:0 34588
34587 63445 21:0 34638
34637 63444 21:0 34654
34653 63446 21:0 34664
34663 63476 21:0 34682
34681 63477 21:0 34730
34729 63478 21:0 34735
34734 63479 21:0 34754
34753 63509 21:0 34806
34805 63512 21:0 34811
34810 63542 21:0 34816
34815 63543 21:0 34882
34881 63544 21:0 34887
34886 63545 21:0 34892
34891 63575 21:0 34948
34947 63576 21:0 34963
34962 63577 21:0 34968
34967 63578 21:0 35023
35022 63608 21:0 35039
35038 63609 21:0 35044
35043 63610 21:0 35094
35093 63611 21:0 35110
35109 63641 21:0 35120
35119 63644 21:0 35138
35137 63677 21:0 35186
35188 63707 21:0 35196
35195 63511 21:0 35246
35245 63643 21:0 35262
35261 63642 21:0 35272
35271 63510 21:0 35290
35289 63709 21:0 35338
35337 63675 21:0 35343
35342 63676 21:0 35362
35361 63674 21:0 35414
35413 63710 21:0 35419
35418 63708 21:0 35424
35423 63740 21:0 35490
35489 63743 21:0 35495
35494 63775 21:0 35500
35499 63741 21:0 35558
35557 63773 21:0 35571
35570 63742 21:0 35576
35575 63774 21:0 35631
35630 63806 21:0 35647
35646 63776 21:0 35652
35651 63840 21:0 35702
35701 63807 21:0 35718
35717 63839 21:0 35728
35727 63809 21:0 35734
35729 62466 1:0 35863
35733 63842 21:0 35737
35736 63874 21:0 35748
35742 62465 1:0 35871
35743 62432 1:0 35994
35747 63873 21:0 35754
35749 62431 1:0 36001
35752 62430 1:0 36012
35752 62399 1:0 36045
35753 63872 21:0 35757
35755 62400 1:0 36125
35758 62398 1:0 36132
35758 62397 1:0 36143
35762 62366 1:0 36176
35771 338 21:0 35785
35784 63841 21:0 35864
35786 62367 1:0 36256
35832 62365 1:0 36263
35861 62364 1:0 36274
35863 63808 21:0 35868
35867 63907 21:0 35876
35873 62334 1:0 36307
35874 62333 1:0 36387
35874 62332 1:0 36394
35883 62331 1:0 36405
35883 62301 1:0 36438
35889 62300 1:0 36518
35893 62299 1:0 36525
35922 62298 1:0 36536
36004 62266 1:0 36569
36005 62268 1:0 36649
36014 62267 1:0 36657
36014 62265 1:0 36667
36020 62234 1:0 36700
36025 62235 1:0 36780
36053 62233 1:0 36787
36135 62232 1:0 36798
36136 62202 1:0 36831
36145 62201 1:0 36911
36145 62200 1:0 36918
36151 62199 1:0 36929
36156 62169 1:0 36962
36184 62167 1:0 37042
36266 62168 1:0 37050
36267 62166 1:0 37060
36276 62136 1:0 37093
36276 62134 1:0 37173
36282 62135 1:0 37181
36302 62133 1:0 37191
36315 62101 1:0 37224
36397 62103 1:0 37304
36398 62102 1:0 37312
36407 62100 1:0 37322
36407 62070 1:0 37355
36415 62069 1:0 37435
36433 62068 1:0 37442
36528 62067 1:0 37453
36529 62037 1:0 37486
36529 62036 1:0 37566
36538 62035 1:0 37573
36538 62034 1:0 37584
36546 62004 1:0 37617
36565 62002 1:0 37697
36577 339 1:0 39045
36659 62003 1:0 37705
36660 62001 1:0 37715
37895 64885 21:0 37903
37902 64887 21:0 37953
37952 64886 21:0 37969
37968 64888 21:0 37979
37978 64918 21:0 37997
37996 64919 21:0 38045
38044 64920 21:0 38050
38049 64921 21:0 38069
38068 64951 21:0 38121
38120 64952 21:0 38126
38125 64953 21:0 38131
38130 64954 21:0 38197
38196 64984 21:0 38202
38201 64985 21:0 38207
38206 64986 21:0 38265
38264 64987 21:0 38278
38277 65017 21:0 38283
38282 65020 21:0 38338
38337 65050 21:0 38354
38353 65051 21:0 38359
38358 65052 21:0 38409
38408 65053 21:0 38425
38424 65083 21:0 38435
38434 65085 21:0 38453
38452 65086 21:0 38501
38500 65084 21:0 38506
38505 65116 21:0 38525
38524 65018 21:0 38577
38576 65019 21:0 38582
38581 65117 21:0 38588
38587 65118 21:0 38653
38652 65150 21:0 38658
38657 65119 21:0 38663
38662 65151 21:0 38729
38728 65152 21:0 38734
38733 65183 21:0 38739
38738 65185 21:0 38794
38793 65149 21:0 38810
38809 65182 21:0 38815
38814 65184 21:0 38865
38864 65251 21:0 38881
38880 65283 21:0 38891
38890 65282 21:0 38913
38912 65249 21:0 38957
38956 65248 21:0 38962
38961 65250 21:0 38981
38980 65215 21:0 39033
39032 65284 21:0 39038
39037 65281 21:0 39049
39048 65216 21:0 39052
39051 65316 21:0 39060
39057 63907 1:0 39186
39058 63873 1:0 39309
39058 63874 1:0 39317
39059 65350 21:0 39063
39062 65317 21:0 39072
39064 63872 1:0 39327
39067 63841 1:0 39357
39067 63842 1:0 39440
39073 63840 1:0 39447
39073 63839 1:0 39458
39077 63808 1:0 39491
39086 339 21:0 39100
39099 65315 21:0 39179
39101 63809 1:0 39571
39147 63807 1:0 39578
39176 63806 1:0 39589
39178 65217 21:0 39183
39182 65348 21:0 39191
39188 63776 1:0 39622
39189 63774 1:0 39702
39189 63775 1:0 39710
39190 65347 21:0 39194
39193 65349 21:0 39203
39195 63773 1:0 39720
39198 63742 1:0 39753
39198 63743 1:0 39833
39202 65218 21:0 39231
39204 63741 1:0 39840
39204 63740 1:0 39851
39208 63708 1:0 39884
39225 63710 1:0 39964
39230 65314 21:0 39311
39237 63709 1:0 39972
39286 63707 1:0 39982
39319 63676 1:0 40015
39320 63677 1:0 40095
39329 63675 1:0 40102
39329 63674 1:0 40113
39335 63642 1:0 40146
39340 63644 1:0 40226
39368 63643 1:0 40234
39450 63641 1:0 40244
39451 63611 1:0 40277
39460 63610 1:0 40357
39460 63609 1:0 40364
39466 63608 1:0 40375
39471 63578 1:0 40408
39499 63577 1:0 40488
39581 63576 1:0 40495
39582 63575 1:0 40506
39591 63545 1:0 40539
39591 63544 1:0 40619
39597 63543 1:0 40626
39617 63542 1:0 40637
39630 63510 1:0 40670
39712 63512 1:0 40750
39713 63511 1:0 40758
39722 63509 1:0 40768
39722 63479 1:0 40801
39730 63478 1:0 40881
39748 63477 1:0 40888
39843 63476 1:0 40899
39844 63446 1:0 40932
39844 63444 1:0 41012
39853 63445 1:0 41020
39853 63443 1:0 41030
39859 340 1:0 42360
39863 65349 1:0 42413
39892 65350 1:0 42493
39974 65348 1:0 42500
41210 66327 21:0 41218
41217 66329 21:0 41268
41267 66328 21:0 41284
41283 66330 21:0 41294
41293 66360 21:0 41312
41311 66361 21:0 41360
41359 66362 21:0 41365
41364 66363 21:0 41384
41383 66393 21:0 41436
41435 66396 21:0 41441
41440 66426 21:0 41446
41445 66427 21:0 41512
41511 66428 21:0 41517
41516 66429 21:0 41522
41521 66459 21:0 41580
41579 66460 21:0 41593
41592 66461 21:0 41598
41597 66462 21:0 41653
41652 66492 21:0 41669
41668 66495 21:0 41674
41673 66525 21:0 41724
41723 66527 21:0 41740
41739 66526 21:0 41750
41749 66528 21:0 41768
41767 66561 21:0 41816
41818 66591 21:0 41826
41825 66394 21:0 41876
41875 66558 21:0 41892
41891 66395 21:0 41902
41901 66594 21:0 41920
41919 66494 21:0 41968
41967 66560 21:0 41973
41972 66592 21:0 41992
41991 66493 21:0 42044
42043 66593 21:0 42049
42048 66559 21:0 42054
42054 66693 21:0 42120
42119 66692 21:0 42125
42124 66690 21:0 42130
42129 66659 21:0 42196
42195 66658 21:0 42201
42200 66691 21:0 42206
42205 66660 21:0 42261
42260 66625 21:0 42277
42276 66624 21:0 42282
42281 66626 21:0 42332
42331 66724 21:0 42348
42347 66789 21:0 42358
42357 66758 21:0 42364
42359 65347 1:0 42511
42363 66791 21:0 42367
42366 66725 21:0 42378
42372 65315 1:0 42544
42373 65317 1:0 42624
42377 66627 21:0 42384
42379 65316 1:0 42632
42382 65314 1:0 42642
42382 65284 1:0 42675
42383 66723 21:0 42387
42385 65282 1:0 42755
42388 65283 1:0 42763
42388 65281 1:0 42773
42392 65250 1:0 42806
42401 340 21:0 42415
42414 66759 21:0 42495
42416 65251 1:0 42886
42462 65249 1:0 42893
42491 65248 1:0 42904
42494 66726 21:0 42498
42497 66657 21:0 42506
42503 65218 1:0 42937
42504 65217 1:0 43017
42504 65216 1:0 43024
42513 65215 1:0 43035
42513 65184 1:0 43068
42519 65185 1:0 43148
42523 65183 1:0 43155
42552 65182 1:0 43166
42634 65152 1:0 43199
42635 65151 1:0 43279
42644 65150 1:0 43286
42644 65149 1:0 43297
42650 65119 1:0 43330
42655 65118 1:0 43410
42683 65117 1:0 43417
42765 65116 1:0 43428
42766 65084 1:0 43461
42775 65086 1:0 43541
42775 65085 1:0 43549
42781 65083 1:0 43559
42786 65053 1:0 43592
42814 65052 1:0 43672
42896 65051 1:0 43679
42897 65050 1:0 43690
42906 65019 1:0 43723
42906 65020 1:0 43803
42912 65018 1:0 43810
42932 65017 1:0 43821
42945 64987 1:0 43854
43027 64986 1:0 43934
43028 64985 1:0 43941
43037 64984 1:0 43952
43037 64954 1:0 43985
43045 64953 1:0 44065
43063 64952 1:0 44072
43158 64951 1:0 44083
43159 64921 1:0 44116
43159 64920 1:0 44196
43168 64919 1:0 44203
43168 64918 1:0 44214
43176 64888 1:0 44247
43195 64886 1:0 44327
43207 341 1:0 45675
43289 64887 1:0 44335
43290 64885 1:0 44345
44525 67769 21:0 44533
44532 67770 21:0 44583
44582 67771 21:0 44599
44598 67772 21:0 44609
44608 67802 21:0 44627
44626 67804 21:0 44675
44674 67803 21:0 44680
44679 67805 21:0 44699
44698 67835 21:0 44751
44750 67836 21:0 44756
44755 67837 21:0 44761
44760 67838 21:0 44827
44826 67868 21:0 44832
44831 67869 21:0 44837
44836 67870 21:0 44892
44891 67871 21:0 44908
44907 67901 21:0 44913
44912 67904 21:0 44968
44967 67934 21:0 44981
44980 67935 21:0 44989
44988 67936 21:0 45039
45038 67937 21:0 45055
45054 67967 21:0 45065
45064 67969 21:0 45083
45082 67968 21:0 45131
45130 67970 21:0 45136
45135 67902 21:0 45155
45154 68000 21:0 45207
45206 67903 21:0 45212
45211 68002 21:0 45217
45216 68001 21:0 45283
45282 68034 21:0 45288
45287 68033 21:0 45293
45292 68036 21:0 45348
45347 68003 21:0 45364
45363 68035 21:0 45369
45368 68101 21:0 45424
45423 68102 21:0 45437
45436 68066 21:0 45445
45444 68100 21:0 45495
45494 68099 21:0 45511
45510 68068 21:0 45521
45520 68069 21:0 45539
45538 68067 21:0 45587
45586 68132 21:0 45592
45591 68166 21:0 45611
45610 68165 21:0 45663
45662 68133 21:0 45668
45667 68135 21:0 45673
45672 68198 21:0 45682
45681 68168 21:0 45690
45687 66791 1:0 45816
45688 66789 1:0 45826
45688 66759 1:0 45939
45689 68167 21:0 45693
45692 68134 21:0 45699
45694 66758 1:0 45947
45697 66726 1:0 45990
45697 66725 1:0 46070
45700 66724 1:0 46077
45703 66723 1:0 46088
45707 66691 1:0 46121
45716 341 21:0 45730
45729 68201 21:0 45806
45731 66693 1:0 46201
45777 66692 1:0 46209
45805 68264 21:0 45813
45806 66690 1:0 46219
45812 68232 21:0 45821
45818 66660 1:0 46252
45819 66658 1:0 46332
45819 66659 1:0 46340
45828 66657 1:0 46350
45828 66627 1:0 46383
45834 66626 1:0 46463
45838 66625 1:0 46470
45867 66624 1:0 46481
45949 66593 1:0 46514
45950 66594 1:0 46594
45959 66592 1:0 46601
45959 66591 1:0 46612
45965 66559 1:0 46645
45970 66561 1:0 46725
45998 66560 1:0 46733
46080 66558 1:0 46743
46081 66528 1:0 46776
46090 66526 1:0 46856
46090 66527 1:0 46864
46096 66525 1:0 46874
46101 66493 1:0 46907
46129 66495 1:0 46987
46211 66494 1:0 46995
46212 66492 1:0 47005
46221 66462 1:0 47038
46221 66461 1:0 47118
46227 66460 1:0 47125
46247 66459 1:0 47136
46260 66429 1:0 47169
46342 66428 1:0 47249
46343 66427 1:0 47256
46352 66426 1:0 47267
46352 66395 1:0 47300
46360 66396 1:0 47380
46378 66394 1:0 47387
46473 66393 1:0 47398
46474 66363 1:0 47431
46474 66362 1:0 47511
46483 66361 1:0 47518
46483 66360 1:0 47529
46491 66330 1:0 47562
46510 66328 1:0 47642
46522 342 1:0 48990
46604 66329 1:0 47650
46605 66327 1:0 47660
47840 69211 21:0 47848
47847 69213 21:0 47898
47897 69212 21:0 47914
47913 69214 21:0 47924
47923 69244 21:0 47942
47941 69246 21:0 47990
47989 69245 21:0 47995
47994 69247 21:0 48014
48013 69277 21:0 48066
48065 69279 21:0 48071
48070 69278 21:0 48076
48075 69280 21:0 48142
48141 69310 21:0 48147
48146 69312 21:0 48152
48151 69311 21:0 48207
48206 69313 21:0 48223
48222 69343 21:0 48228
48227 69346 21:0 48283
48282 69376 21:0 48299
48298 69378 21:0 48304
48303 69377 21:0 48354
48353 69379 21:0 48370
48369 69409 21:0 48380
48379 69410 21:0 48398
48397 69411 21:0 48446
48445 69445 21:0 48451
48450 69344 21:0 48470
48469 69442 21:0 48522
48521 69412 21:0 48527
48526 69345 21:0 48532
48531 69444 21:0 48598
48597 69509 21:0 48603
48602 69478 21:0 48608
48607 69511 21:0 48667
48666 69443 21:0 48679
48678 69475 21:0 48684
48683 69510 21:0 48739
48738 69477 21:0 48755
48754 69543 21:0 48760
48759 69607 21:0 48810
48809 69610 21:0 48826
48825 69608 21:0 48836
48835 69508 21:0 48856
48855 69541 21:0 48902
48901 69574 21:0 48907
48906 69577 21:0 48926
48925 69544 21:0 48978
48977 69476 21:0 48983
48982 69542 21:0 48988
48987 69575 21:0 48997
48996 69641 21:0 49001
49000 69675 21:0 49001
49000 69640 21:0 49005
49002 68264 1:0 49010
49002 68232 1:0 49130
49002 68201 1:0 49254
49003 68198 1:0 49272
49003 68167 1:0 49305
49004 69676 21:0 49008
49007 69643 21:0 49017
49009 68168 1:0 49385
49012 68166 1:0 49392
49012 68165 1:0 49403
49018 68134 1:0 49436
49018 68135 1:0 49516
49022 68133 1:0 49523
49031 342 21:0 49045
49044 69642 21:0 49121
49046 68132 1:0 49534
49092 68100 1:0 49567
49120 69609 21:0 49128
49121 68102 1:0 49647
49127 69674 21:0 49136
49133 68101 1:0 49655
49134 68099 1:0 49665
49134 68067 1:0 49698
49135 69673 21:0 49139
49138 69576 21:0 49148
49140 68069 1:0 49778
49143 68068 1:0 49786
49143 68066 1:0 49796
49149 68035 1:0 49829
49149 68036 1:0 49909
49153 68034 1:0 49916
49182 68033 1:0 49927
49264 68003 1:0 49960
49265 68001 1:0 50040
49274 68002 1:0 50048
49274 68000 1:0 50058
49280 67970 1:0 50091
49285 67968 1:0 50171
49313 67969 1:0 50179
49395 67967 1:0 50189
49396 67937 1:0 50222
49405 67936 1:0 50302
49405 67935 1:0 50309
49411 67934 1:0 50320
49416 67903 1:0 50353
49444 67904 1:0 50433
49526 67902 1:0 50440
49527 67901 1:0 50451
49536 67871 1:0 50484
49536 67870 1:0 50564
49542 67869 1:0 50571
49562 67868 1:0 50582
49575 67838 1:0 50615
49657 67837 1:0 50695
49658 67836 1:0 50702
49667 67835 1:0 50713
49667 67805 1:0 50746
49675 67803 1:0 50826
49693 67804 1:0 50834
49788 67802 1:0 50844
49789 67772 1:0 50877
49789 67771 1:0 50957
49798 67770 1:0 50964
49798 67769 1:0 50975
49804 343 1:0 52305
49808 69674 1:0 52358
49837 69676 1:0 52438
49919 69675 1:0 52446
49920 69673 1:0 52456
51155 70653 21:0 51163
51162 70654 21:0 51213
51212 70655 21:0 51229
51228 70656 21:0 51239
51238 70686 21:0 51257
51256 70688 21:0 51305
51304 70687 21:0 51310
51309 70689 21:0 51329
51328 70719 21:0 51381
51380 70720 21:0 51386
51385 70721 21:0 51391
51390 70722 21:0 51457
51456 70752 21:0 51462
51461 70753 21:0 51467
51466 70754 21:0 51522
51521 70755 21:0 51538
51537 70785 21:0 51543
51542 70788 21:0 51598
51597 70818 21:0 51614
51613 70819 21:0 51619
51618 70820 21:0 51669
51668 70821 21:0 51685
51684 70851 21:0 51695
51694 70852 21:0 51713
51712 70853 21:0 51761
51760 70887 21:0 51766
51765 70787 21:0 51785
51784 70786 21:0 51837
51836 70918 21:0 51842
51841 70920 21:0 51847
51846 70854 21:0 51913
51912 70885 21:0 51918
51917 70919 21:0 51923
51922 70886 21:0 51978
51977 70917 21:0 51994
51993 70884 21:0 51999
51998 70983 21:0 52054
52053 70985 21:0 52070
52069 70953 21:0 52075
52074 70984 21:0 52125
52124 70986 21:0 52141
52140 70952 21:0 52151
52150 71016 21:0 52169
52168 70951 21:0 52217
52216 70950 21:0 52222
52221 71017 21:0 52241
52240 71085 21:0 52293
52292 71018 21:0 52298
52297 71084 21:0 52303
52302 71115 21:0 52312
52311 71050 21:0 52320
52317 69642 1:0 52489
52318 69643 1:0 52569
52318 69641 1:0 52576
52319 71082 21:0 52323
52322 71052 21:0 52332
52324 69640 1:0 52587
52327 69609 1:0 52620
52327 69610 1:0 52700
52333 69608 1:0 52707
52333 69607 1:0 52718
52337 69576 1:0 52751
52346 343 21:0 52360
52359 71051 21:0 52437
52361 69577 1:0 52831
52407 69575 1:0 52838
52436 71083 21:0 52443
52436 69574 1:0 52849
52442 71049 21:0 52451
52448 69542 1:0 52882
52449 69544 1:0 52962
52449 69543 1:0 52970
52458 69541 1:0 52980
52458 69510 1:0 53013
52464 69511 1:0 53093
52468 69509 1:0 53100
52497 69508 1:0 53111
52579 69476 1:0 53144
52580 69478 1:0 53224
52589 69477 1:0 53232
52589 69475 1:0 53242
52595 69443 1:0 53275
52600 69445 1:0 53355
52628 69444 1:0 53363
52710 69442 1:0 53373
52711 69412 1:0 53406
52720 69411 1:0 53486
52720 69410 1:0 53493
52726 69409 1:0 53504
52731 69379 1:0 53537
52759 69377 1:0 53617
52841 69378 1:0 53625
52842 69376 1:0 53635
52851 69345 1:0 53668
52851 69346 1:0 53748
52857 69344 1:0 53755
52877 69343 1:0 53766
52890 69313 1:0 53799
52972 69311 1:0 53879
52973 69312 1:0 53887
52982 69310 1:0 53897
52982 69280 1:0 53930
52990 69278 1:0 54010
53008 69279 1:0 54018
53103 69277 1:0 54028
53104 69247 1:0 54061
53104 69245 1:0 54141
53113 69246 1:0 54149
53113 69244 1:0 54159
53121 69214 1:0 54192
53140 69212 1:0 54272
53152 344 1:0 55620
53234 69213 1:0 54280
53235 69211 1:0 54290
54470 72095 21:0 54478
54477 72096 21:0 54528
54527 72097 21:0 54544
54543 72098 21:0 54554
54553 72128 21:0 54572
54571 72129 21:0 54620
54619 72130 21:0 54625
54624 72131 21:0 54644
54643 72161 21:0 54696
54695 72163 21:0 54701
54700 72162 21:0 54706
54705 72164 21:0 54772
54771 72194 21:0 54777
54776 72196 21:0 54782
54781 72195 21:0 54839
54838 72197 21:0 54853
54852 72227 21:0 54858
54857 72230 21:0 54913
54912 72260 21:0 54929
54928 72261 21:0 54934
54933 72262 21:0 54984
54983 72263 21:0 55000
54999 72293 21:0 55010
55009 72295 21:0 55028
55027 72294 21:0 55076
55075 72329 21:0 55081
55080 72229 21:0 55100
55099 72228 21:0 55152
55151 72326 21:0 55157
55156 72296 21:0 55162
55161 72327 21:0 55228
55227 72328 21:0 55233
55232 72362 21:0 55238
55237 72392 21:0 55301
55300 72395 21:0 55309
55308 72393 21:0 55314
55313 72361 21:0 55369
55368 72360 21:0 55385
55384 72394 21:0 55390
55389 72359 21:0 55440
55439 72425 21:0 55456
55455 72492 21:0 55466
55465 72426 21:0 55488
55487 72494 21:0 55532
55531 72461 21:0 55537
55536 72458 21:0 55556
55555 72460 21:0 55608
55607 72427 21:0 55613
55612 72491 21:0 55622
55621 72493 21:0 55627
55626 72428 21:0 55635
55632 71115 1:0 55771
55633 71083 1:0 55804
55633 71085 1:0 55884
55634 72525 21:0 55638
55637 72526 21:0 55647
55639 71084 1:0 55892
55642 71082 1:0 55902
55642 71051 1:0 55935
55648 71052 1:0 56015
55648 71050 1:0 56022
55652 71049 1:0 56033
55661 344 21:0 55675
55674 72560 21:0 55754
55676 71018 1:0 56146
55722 71017 1:0 56153
55751 71016 1:0 56164
55753 72559 21:0 55758
55757 72527 21:0 55766
55763 70986 1:0 56197
55764 70984 1:0 56277
55764 70985 1:0 56285
55773 70983 1:0 56295
55773 70951 1:0 56328
55779 70953 1:0 56408
55783 70952 1:0 56416
55812 70950 1:0 56426
55894 70919 1:0 56459
55895 70920 1:0 56539
55904 70918 1:0 56546
55904 70917 1:0 56557
55910 70886 1:0 56590
55915 70887 1:0 56670
55943 70885 1:0 56677
56025 70884 1:0 56688
56026 70854 1:0 56721
56035 70853 1:0 56801
56035 70852 1:0 56808
56041 70851 1:0 56819
56046 70821 1:0 56852
56074 70820 1:0 56932
56156 70819 1:0 56939
56157 70818 1:0 56950
56166 70786 1:0 56983
56166 70788 1:0 57063
56172 70787 1:0 57071
56192 70785 1:0 57081
56205 70755 1:0 57114
56287 70754 1:0 57194
56288 70753 1:0 57201
56297 70752 1:0 57212
56297 70722 1:0 57245
56305 70721 1:0 57325
56323 70720 1:0 57332
56418 70719 1:0 57343
56419 70689 1:0 57376
56419 70687 1:0 57456
56428 70688 1:0 57464
56428 70686 1:0 57474
56436 70656 1:0 57507
56455 70655 1:0 57587
56467 345 1:0 58935
56549 70654 1:0 57594
56550 70653 1:0 57605
57785 73537 21:0 57793
57792 73539 21:0 57843
57842 73538 21:0 57859
57858 73540 21:0 57869
57868 73570 21:0 57887
57886 73571 21:0 57935
57934 73572 21:0 57940
57939 73573 21:0 57959
57958 73603 21:0 58011
58010 73604 21:0 58016
58015 73605 21:0 58021
58020 73606 21:0 58087
58086 73636 21:0 58092
58091 73639 21:0 58097
58096 73669 21:0 58155
58154 73670 21:0 58168
58167 73671 21:0 58173
58172 73672 21:0 58228
58227 73702 21:0 58244
58243 73704 21:0 58249
58248 73703 21:0 58299
58298 73705 21:0 58315
58314 73735 21:0 58325
58324 73736 21:0 58344
58343 73737 21:0 58391
58390 73771 21:0 58396
58395 73637 21:0 58415
58414 73738 21:0 58467
58466 73638 21:0 58472
58471 73769 21:0 58477
58476 73768 21:0 58543
58542 73801 21:0 58548
58547 73770 21:0 58553
58552 73802 21:0 58616
58615 73804 21:0 58624
58623 73803 21:0 58629
58628 73869 21:0 58684
58683 73870 21:0 58700
58699 73834 21:0 58705
58704 73901 21:0 58755
58754 73902 21:0 58771
58770 73836 21:0 58781
58780 73837 21:0 58803
58802 73868 21:0 58847
58846 73900 21:0 58852
58851 73835 21:0 58871
58870 73903 21:0 58923
58922 73936 21:0 58928
58927 74001 21:0 58939
58938 74000 21:0 58942
58941 73969 21:0 58950
58947 72560 1:0 59068
58948 72559 1:0 59076
58948 72527 1:0 59119
58949 73935 21:0 58953
58952 73966 21:0 58962
58954 72526 1:0 59199
58957 72525 1:0 59206
58957 72493 1:0 59250
58963 72494 1:0 59330
58963 72492 1:0 59337
58967 72491 1:0 59348
58976 345 21:0 58990
58989 73968 21:0 59067
58991 72461 1:0 59461
59037 72460 1:0 59469
59066 73867 21:0 59073
59066 72458 1:0 59479
59072 73967 21:0 59081
59078 72428 1:0 59512
59079 72427 1:0 59592
59079 72426 1:0 59599
59080 73999 21:0 59084
59085 72425 1:0 59610
59088 72394 1:0 59643
59088 72395 1:0 59723
59094 72393 1:0 59730
59098 72392 1:0 59741
59127 72360 1:0 59774
59209 72362 1:0 59854
59210 72361 1:0 59862
59219 72359 1:0 59872
59219 72328 1:0 59905
59225 72329 1:0 59985
59230 72327 1:0 59992
59258 72326 1:0 60003
59340 72296 1:0 60036
59341 72294 1:0 60116
59350 72295 1:0 60124
59350 72293 1:0 60134
59356 72263 1:0 60167
59361 72262 1:0 60247
59389 72261 1:0 60254
59471 72260 1:0 60265
59472 72228 1:0 60298
59481 72230 1:0 60378
59481 72229 1:0 60386
59487 72227 1:0 60396
59507 72197 1:0 60429
59520 72195 1:0 60509
59602 72196 1:0 60517
59603 72194 1:0 60527
59612 72164 1:0 60560
59612 72162 1:0 60640
59620 72163 1:0 60648
59638 72161 1:0 60658
59733 72131 1:0 60691
59734 72130 1:0 60771
59734 72129 1:0 60778
59743 72128 1:0 60789
59743 72098 1:0 60822
59751 72097 1:0 60902
59770 72096 1:0 60909
59782 346 1:0 62250
59864 72095 1:0 60920
61100 74979 21:0 61108
61107 74980 21:0 61158
61157 74981 21:0 61174
61173 74982 21:0 61184
61183 75012 21:0 61202
61201 75013 21:0 61250
61249 75014 21:0 61255
61254 75015 21:0 61274
61273 75045 21:0 61326
61325 75047 21:0 61331
61330 75046 21:0 61336
61335 75048 21:0 61402
61401 75078 21:0 61407
61406 75080 21:0 61412
61411 75079 21:0 61467
61466 75081 21:0 61483
61482 75111 21:0 61488
61487 75114 21:0 61543
61542 75144 21:0 61559
61558 75145 21:0 61564
61563 75146 21:0 61614
61613 75147 21:0 61630
61629 75177 21:0 61640
61639 75180 21:0 61658
61657 75213 21:0 61706
61708 75243 21:0 61716
61715 75179 21:0 61766
61765 75113 21:0 61782
61781 75178 21:0 61792
61791 75112 21:0 61810
61809 75244 21:0 61858
61857 75211 21:0 61863
61862 75279 21:0 61882
61881 75309 21:0 61934
61933 75276 21:0 61939
61938 75246 21:0 61944
61943 75245 21:0 62010
62009 75277 21:0 62015
62014 75210 21:0 62020
62019 75212 21:0 62078
62077 75278 21:0 62091
62090 75311 21:0 62096
62095 75378 21:0 62151
62150 75345 21:0 62167
62166 75312 21:0 62172
62171 75375 21:0 62222
62221 75408 21:0 62238
62237 75377 21:0 62248
62247 75376 21:0 62254
62249 74000 1:0 62383
62253 75310 21:0 62257
62256 75344 21:0 62268
62262 74001 1:0 62391
62263 73999 1:0 62401
62267 75342 21:0 62274
62269 73967 1:0 62434
62272 73969 1:0 62514
62272 73968 1:0 62522
62273 75441 21:0 62277
62275 73966 1:0 62532
62278 73936 1:0 62645
62278 73935 1:0 62653
62282 73903 1:0 62696
62291 346 21:0 62305
62304 75411 21:0 62382
62306 73902 1:0 62776
62352 73901 1:0 62783
62381 75343 21:0 62388
62381 73900 1:0 62794
62387 75443 21:0 62396
62393 73868 1:0 62827
62394 73870 1:0 62907
62394 73869 1:0 62915
62403 73867 1:0 62925
62403 73835 1:0 62958
62409 73837 1:0 63038
62413 73836 1:0 63046
62442 73834 1:0 63056
62524 73803 1:0 63089
62525 73804 1:0 63169
62534 73802 1:0 63176
62534 73801 1:0 63187
62540 73770 1:0 63220
62545 73771 1:0 63300
62573 73769 1:0 63307
62655 73768 1:0 63318
62656 73738 1:0 63351
62665 73737 1:0 63431
62665 73736 1:0 63438
62671 73735 1:0 63449
62676 73705 1:0 63482
62704 73703 1:0 63562
62786 73704 1:0 63570
62787 73702 1:0 63580
62796 73672 1:0 63613
62796 73671 1:0 63693
62802 73670 1:0 63700
62822 73669 1:0 63711
62835 73638 1:0 63744
62917 73639 1:0 63824
62918 73637 1:0 63831
62927 73636 1:0 63842
62927 73606 1:0 63875
62935 73605 1:0 63955
62953 73604 1:0 63962
63048 73603 1:0 63973
63049 73573 1:0 64006
63049 73572 1:0 64086
63058 73571 1:0 64093
63058 73570 1:0 64104
63066 73540 1:0 64137
63085 73538 1:0 64217
63097 347 1:0 65565
63179 73539 1:0 64225
63180 73537 1:0 64235
64415 76421 21:0 64423
64422 76422 21:0 64473
64472 76423 21:0 64489
64488 76424 21:0 64499
64498 76454 21:0 64517
64516 76456 21:0 64565
64564 76455 21:0 64570
64569 76457 21:0 64589
64588 76489 21:0 64641
64640 76488 21:0 64646
64645 76490 21:0 64651
64650 76522 21:0 64717
64716 76521 21:0 64722
64721 76523 21:0 64727
64726 76553 21:0 64783
64782 76555 21:0 64798
64797 76554 21:0 64803
64802 76556 21:0 64858
64857 76587 21:0 64874
64873 76588 21:0 64879
64878 76589 21:0 64929
64928 76619 21:0 64945
64944 76621 21:0 64955
64954 76620 21:0 64973
64972 76622 21:0 65021
65020 76655 21:0 65026
65025 76586 21:0 65045
65044 76652 21:0 65097
65096 76487 21:0 65102
65101 76520 21:0 65107
65106 76653 21:0 65173
65172 76654 21:0 65178
65177 76719 21:0 65183
65182 76685 21:0 65244
65243 76718 21:0 65254
65253 76720 21:0 65259
65258 76686 21:0 65314
65313 76687 21:0 65330
65329 76688 21:0 65335
65334 76751 21:0 65385
65384 76753 21:0 65401
65400 76752 21:0 65411
65410 76754 21:0 65433
65432 76721 21:0 65477
65476 76787 21:0 65482
65481 76786 21:0 65501
65500 76817 21:0 65553
65552 76785 21:0 65558
65557 76853 21:0 65569
65568 76818 21:0 65572
65571 76850 21:0 65580
65577 75443 1:0 65706
65578 75441 1:0 65716
65578 75411 1:0 65829
65579 76884 21:0 65583
65582 76885 21:0 65592
65584 75408 1:0 65847
65587 75376 1:0 65880
65587 75378 1:0 65960
65593 75377 1:0 65968
65593 75375 1:0 65978
65597 75343 1:0 66011
65606 347 21:0 65620
65619 76784 21:0 65696
65621 75345 1:0 66091
65667 75344 1:0 66099
65695 76886 21:0 65703
65696 75342 1:0 66109
65702 76820 21:0 65711
65708 75310 1:0 66142
65709 75312 1:0 66222
65709 75311 1:0 66230
65710 76883 21:0 65714
65713 76819 21:0 65723
65715 75309 1:0 66240
65718 75278 1:0 66273
65718 75279 1:0 66353
65724 75277 1:0 66360
65724 75276 1:0 66371
65728 75245 1:0 66404
65757 75246 1:0 66484
65839 75244 1:0 66491
65840 75243 1:0 66502
65849 75212 1:0 66535
65849 75213 1:0 66615
65855 75211 1:0 66622
65860 75210 1:0 66633
65888 75178 1:0 66666
65970 75180 1:0 66746
65971 75179 1:0 66754
65980 75177 1:0 66764
65980 75147 1:0 66797
65986 75146 1:0 66877
65991 75145 1:0 66884
66019 75144 1:0 66895
66101 75112 1:0 66928
66102 75114 1:0 67008
66111 75113 1:0 67016
66111 75111 1:0 67026
66117 75081 1:0 67059
66137 75079 1:0 67139
66150 75080 1:0 67147
66232 75078 1:0 67157
66233 75048 1:0 67190
66242 75046 1:0 67270
66242 75047 1:0 67278
66250 75045 1:0 67288
66268 75015 1:0 67321
66363 75014 1:0 67401
66364 75013 1:0 67408
66364 75012 1:0 67419
66373 74982 1:0 67452
66373 74981 1:0 67532
66381 74980 1:0 67539
66400 74979 1:0 67550
66412 348 1:0 68880
66494 76886 1:0 68933
66495 76885 1:0 69013
67730 77863 21:0 67738
67737 77864 21:0 67788
67787 77865 21:0 67804
67803 77866 21:0 67814
67813 77896 21:0 67832
67831 77897 21:0 67880
67879 77898 21:0 67885
67884 77899 21:0 67904
67903 77929 21:0 67956
67955 77931 21:0 67961
67960 77930 21:0 67966
67965 77932 21:0 68032
68031 77962 21:0 68037
68036 77963 21:0 68042
68041 77964 21:0 68100
68099 77965 21:0 68113
68112 77995 21:0 68118
68117 77998 21:0 68173
68172 78028 21:0 68189
68188 78029 21:0 68194
68193 78030 21:0 68244
68243 78031 21:0 68260
68259 78063 21:0 68270
68269 78062 21:0 68290
68289 78064 21:0 68336
68335 78095 21:0 68341
68340 78096 21:0 68360
68359 77996 21:0 68412
68411 78094 21:0 68417
68416 78130 21:0 68424
68423 78097 21:0 68488
68487 78128 21:0 68493
68492 78061 21:0 68498
68497 78127 21:0 68564
68563 78195 21:0 68569
68568 78193 21:0 68574
68573 78196 21:0 68629
68628 77997 21:0 68645
68644 78129 21:0 68650
68649 78160 21:0 68700
68699 78161 21:0 68716
68715 78163 21:0 68726
68725 78194 21:0 68748
68747 78162 21:0 68792
68791 78228 21:0 68797
68796 78262 21:0 68816
68815 78260 21:0 68868
68867 78261 21:0 68873
68872 78259 21:0 68884
68883 78229 21:0 68887
68886 78292 21:0 68895
68892 76884 1:0 69020
68893 76883 1:0 69031
68893 76853 1:0 69144
68894 78226 21:0 68898
68897 78294 21:0 68907
68899 76850 1:0 69162
68902 76819 1:0 69195
68902 76820 1:0 69275
68908 76818 1:0 69282
68908 76817 1:0 69293
68912 76785 1:0 69326
68921 348 21:0 68935
68934 78293 21:0 69011
68936 76787 1:0 69406
68982 76786 1:0 69414
69010 78326 21:0 69018
69011 76784 1:0 69424
69017 78295 21:0 69026
69023 76754 1:0 69457
69024 76752 1:0 69537
69024 76753 1:0 69545
69033 76751 1:0 69555
69033 76721 1:0 69588
69039 76720 1:0 69668
69043 76719 1:0 69675
69072 76718 1:0 69686
69154 76688 1:0 69719
69155 76687 1:0 69799
69164 76686 1:0 69806
69164 76685 1:0 69817
69170 76654 1:0 69850
69175 76655 1:0 69930
69203 76653 1:0 69937
69285 76652 1:0 69948
69286 76622 1:0 69981
69295 76620 1:0 70061
69295 76621 1:0 70069
69301 76619 1:0 70079
69306 76589 1:0 70112
69334 76588 1:0 70192
69416 76587 1:0 70199
69417 76586 1:0 70210
69426 76556 1:0 70243
69426 76554 1:0 70323
69432 76555 1:0 70331
69452 76553 1:0 70341
69465 76523 1:0 70374
69547 76521 1:0 70454
69548 76522 1:0 70462
69557 76520 1:0 70472
69557 76490 1:0 70505
69565 76488 1:0 70585
69583 76489 1:0 70593
69678 76487 1:0 70603
69679 76457 1:0 70636
69679 76455 1:0 70716
69688 76456 1:0 70724
69688 76454 1:0 70734
69696 76424 1:0 70767
69715 76423 1:0 70847
69727 349 1:0 72195
69809 76422 1:0 70854
69810 76421 1:0 70865
71045 79305 21:0 71053
71052 79307 21:0 71103
71102 79306 21:0 71119
71118 79308 21:0 71129
71128 79338 21:0 71147
71146 79340 21:0 71195
71194 79339 21:0 71200
71199 79341 21:0 71219
71218 79371 21:0 71271
71270 79373 21:0 71276
71275 79372 21:0 71281
71280 79374 21:0 71347
71346 79404 21:0 71352
71351 79405 21:0 71357
71356 79406 21:0 71414
71413 79407 21:0 71428
71427 79437 21:0 71433
71432 79438 21:0 71488
71487 79439 21:0 71504
71503 79440 21:0 71509
71508 79470 21:0 71559
71558 79471 21:0 71575
71574 79472 21:0 71585
71584 79473 21:0 71603
71602 79505 21:0 71651
71650 79504 21:0 71656
71655 79536 21:0 71675
71674 79503 21:0 71727
71726 79506 21:0 71732
71731 79539 21:0 71737
71736 79538 21:0 71803
71802 79537 21:0 71808
71807 79570 21:0 71813
71812 79571 21:0 71876
71875 79603 21:0 71884
71883 79602 21:0 71889
71888 79604 21:0 71944
71943 79572 21:0 71960
71959 79569 21:0 71965
71964 79605 21:0 72015
72014 79636 21:0 72031
72030 79637 21:0 72041
72040 79668 21:0 72063
72062 79670 21:0 72107
72106 79669 21:0 72112
72111 79638 21:0 72131
72130 79671 21:0 72183
72182 79635 21:0 72188
72187 79767 21:0 72199
72198 79703 21:0 72202
72201 79768 21:0 72206
72205 79734 21:0 72206
72205 79769 21:0 72206
72205 79704 21:0 72206
72205 79701 21:0 72206
72205 79737 21:0 72213
72207 78326 1:0 72335
72207 78295 1:0 72379
72207 78293 1:0 72459
72207 78294 1:0 72467
72207 78292 1:0 72477
72207 78261 1:0 72510
72208 78262 1:0 72590
72212 79702 21:0 72219
72214 78260 1:0 72597
72217 78259 1:0 72608
72217 78229 1:0 72721
72218 79736 21:0 72222
72220 78228 1:0 72729
72223 78226 1:0 72739
72223 78194 1:0 72772
72227 78196 1:0 72852
72236 349 21:0 72250
72251 78195 1:0 72860
72338 78193 1:0 72870
72339 78162 1:0 72903
72348 78163 1:0 72983
72348 78161 1:0 72990
72354 78160 1:0 73001
72358 78129 1:0 73034
72387 78130 1:0 73114
72469 78128 1:0 73121
72470 78127 1:0 73132
72479 78097 1:0 73165
72479 78096 1:0 73245
72485 78095 1:0 73252
72490 78094 1:0 73263
72518 78064 1:0 73296
72600 78062 1:0 73376
72601 78063 1:0 73384
72610 78061 1:0 73394
72610 78031 1:0 73427
72616 78030 1:0 73507
72621 78029 1:0 73514
72649 78028 1:0 73525
72731 77997 1:0 73558
72732 77998 1:0 73638
72741 77996 1:0 73645
72741 77995 1:0 73656
72747 77965 1:0 73689
72767 77964 1:0 73769
72780 77963 1:0 73776
72862 77962 1:0 73787
72863 77932 1:0 73820
72872 77930 1:0 73900
72872 77931 1:0 73908
72880 77929 1:0 73918
72898 77899 1:0 73951
72993 77898 1:0 74031
72994 77897 1:0 74038
72994 77896 1:0 74049
73003 77866 1:0 74082
73003 77865 1:0 74162
73011 77864 1:0 74169
73030 77863 1:0 74180
73042 350 1:0 75510
73124 79769 1:0 75643
73125 79768 1:0 75650
74360 80747 21:0 74368
74367 80748 21:0 74418
74417 80749 21:0 74434
74433 80750 21:0 74444
74443 80780 21:0 74462
74461 80781 21:0 74510
74509 80782 21:0 74515
74514 80783 21:0 74534
74533 80813 21:0 74586
74585 80815 21:0 74591
74590 80814 21:0 74596
74595 80816 21:0 74662
74661 80846 21:0 74667
74666 80847 21:0 74672
74671 80848 21:0 74727
74726 80849 21:0 74743
74742 80879 21:0 74748
74747 80882 21:0 74803
74802 80912 21:0 74819
74818 80913 21:0 74824
74823 80914 21:0 74874
74873 80915 21:0 74890
74889 80945 21:0 74900
74899 80947 21:0 74918
74917 80946 21:0 74966
74965 80981 21:0 74971
74970 80880 21:0 74990
74989 80948 21:0 75042
75041 80881 21:0 75047
75046 80978 21:0 75052
75051 80979 21:0 75118
75117 80980 21:0 75123
75122 81011 21:0 75128
75127 81013 21:0 75189
75188 81012 21:0 75199
75198 81046 21:0 75204
75203 81014 21:0 75259
75258 81045 21:0 75275
75274 81044 21:0 75280
75279 81047 21:0 75330
75329 81077 21:0 75346
75345 81080 21:0 75356
75355 81113 21:0 75378
75377 81145 21:0 75422
75421 81078 21:0 75427
75426 81112 21:0 75446
75445 81111 21:0 75498
75497 81110 21:0 75503
75502 81143 21:0 75510
75509 81144 21:0 75517
75516 81079 21:0 75525
75522 79767 1:0 75661
75523 79737 1:0 75774
75523 79736 1:0 75782
75524 81178 21:0 75528
75527 81177 21:0 75537
75529 79734 1:0 75792
75532 79702 1:0 75825
75532 79704 1:0 75905
75538 79703 1:0 75913
75538 79701 1:0 75923
75542 79671 1:0 75956
75551 350 21:0 75565
75564 81176 21:0 75642
75566 79669 1:0 76036
75612 79670 1:0 76044
75641 81242 21:0 75648
75641 79668 1:0 76054
75647 81212 21:0 75656
75653 79638 1:0 76087
75654 79637 1:0 76167
75654 79636 1:0 76174
75663 79635 1:0 76185
75663 79605 1:0 76218
75669 79604 1:0 76298
75673 79603 1:0 76305
75702 79602 1:0 76316
75784 79572 1:0 76349
75785 79571 1:0 76429
75794 79570 1:0 76436
75794 79569 1:0 76447
75800 79537 1:0 76480
75805 79539 1:0 76560
75833 79538 1:0 76568
75915 79536 1:0 76578
75916 79506 1:0 76611
75925 79504 1:0 76691
75925 79505 1:0 76699
75931 79503 1:0 76709
75936 79473 1:0 76742
75964 79472 1:0 76822
76046 79471 1:0 76829
76047 79470 1:0 76840
76056 79440 1:0 76873
76056 79439 1:0 76953
76062 79438 1:0 76960
76082 79437 1:0 76971
76095 79407 1:0 77004
76177 79406 1:0 77084
76178 79405 1:0 77091
76187 79404 1:0 77102
76187 79374 1:0 77135
76195 79372 1:0 77215
76213 79373 1:0 77223
76308 79371 1:0 77233
76309 79341 1:0 77266
76309 79339 1:0 77346
76318 79340 1:0 77354
76318 79338 1:0 77364
76326 79308 1:0 77397
76345 79306 1:0 77477
76357 351 1:0 78825
76439 79307 1:0 77485
76440 79305 1:0 77495
77675 82189 21:0 77683
77682 82190 21:0 77733
77732 82191 21:0 77749
77748 82192 21:0 77759
77758 82222 21:0 77777
77776 82224 21:0 77825
77824 82223 21:0 77830
77829 82225 21:0 77849
77848 82255 21:0 77901
77900 82257 21:0 77906
77905 82256 21:0 77911
77910 82258 21:0 77977
77976 82288 21:0 77982
77981 82289 21:0 77987
77986 82290 21:0 78042
78041 82291 21:0 78058
78057 82321 21:0 78063
78062 82324 21:0 78118
78117 82354 21:0 78134
78133 82355 21:0 78139
78138 82356 21:0 78189
78188 82357 21:0 78205
78204 82387 21:0 78215
78214 82389 21:0 78233
78232 82388 21:0 78281
78280 82423 21:0 78286
78285 82390 21:0 78305
78304 82322 21:0 78357
78356 82420 21:0 78362
78361 82323 21:0 78367
78366 82456 21:0 78433
78432 82455 21:0 78438
78437 82422 21:0 78443
78442 82421 21:0 78501
78500 82519 21:0 78514
78513 82520 21:0 78519
78518 82521 21:0 78574
78573 82453 21:0 78590
78589 82489 21:0 78595
78594 82454 21:0 78645
78644 82486 21:0 78661
78660 82522 21:0 78671
78670 82487 21:0 78689
78688 82488 21:0 78737
78736 82620 21:0 78742
78741 82621 21:0 78761
78760 82554 21:0 78813
78812 82618 21:0 78818
78817 82555 21:0 78823
78822 82552 21:0 78832
78831 82586 21:0 78840
78837 81242 1:0 78845
78838 81212 1:0 78958
78838 81177 1:0 79089
78839 82585 21:0 78843
78842 82619 21:0 78852
78844 81178 1:0 79097
78847 81176 1:0 79107
78847 81144 1:0 79220
78853 81145 1:0 79228
78853 81143 1:0 79238
78857 81111 1:0 79271
78866 351 21:0 78880
78879 82588 21:0 78956
78881 81113 1:0 79351
78927 81112 1:0 79359
78955 82654 21:0 78963
78956 81110 1:0 79369
78962 82652 21:0 78971
78968 81079 1:0 79402
78969 81080 1:0 79482
78969 81078 1:0 79489
78970 82653 21:0 78974
78973 82651 21:0 78983
78975 81077 1:0 79500
78978 81047 1:0 79533
78978 81045 1:0 79613
78982 82684 21:0 79011
78984 81046 1:0 79621
78984 81044 1:0 79631
78988 81014 1:0 79664
79005 81012 1:0 79744
79010 82587 21:0 79091
79017 81013 1:0 79752
79066 81011 1:0 79762
79090 82553 21:0 79094
79092 80980 1:0 79795
79099 80981 1:0 79875
79100 80979 1:0 79882
79109 80978 1:0 79893
79109 80948 1:0 79926
79115 80946 1:0 80006
79120 80947 1:0 80014
79148 80945 1:0 80024
79230 80915 1:0 80057
79231 80914 1:0 80137
79240 80913 1:0 80144
79240 80912 1:0 80155
79246 80881 1:0 80188
79251 80882 1:0 80268
79279 80880 1:0 80275
79361 80879 1:0 80286
79362 80849 1:0 80319
79371 80848 1:0 80399
79371 80847 1:0 80406
79377 80846 1:0 80417
79397 80816 1:0 80450
79410 80814 1:0 80530
79492 80815 1:0 80538
79493 80813 1:0 80548
79502 80783 1:0 80581
79502 80782 1:0 80661
79510 80781 1:0 80668
79528 80780 1:0 80679
79623 80750 1:0 80712
79624 80749 1:0 80792
79624 80748 1:0 80799
79633 80747 1:0 80810
79633 352 1:0 82140
79639 82684 1:0 82160
79643 82653 1:0 82193
79672 82654 1:0 82273
79754 82652 1:0 82280
79755 82651 1:0 82291
80990 83631 21:0 80998
80997 83633 21:0 81048
81047 83632 21:0 81064
81063 83634 21:0 81074
81073 83664 21:0 81092
81091 83665 21:0 81140
81139 83666 21:0 81145
81144 83667 21:0 81164
81163 83697 21:0 81216
81215 83698 21:0 81221
81220 83699 21:0 81226
81225 83700 21:0 81292
81291 83730 21:0 81297
81296 83733 21:0 81302
81301 83763 21:0 81357
81356 83765 21:0 81373
81372 83764 21:0 81378
81377 83766 21:0 81433
81432 83796 21:0 81449
81448 83798 21:0 81454
81453 83797 21:0 81504
81503 83799 21:0 81520
81519 83829 21:0 81530
81529 83831 21:0 81548
81547 83830 21:0 81596
81595 83865 21:0 81601
81600 83731 21:0 81620
81619 83832 21:0 81672
81671 83862 21:0 81677
81676 83732 21:0 81682
81681 83863 21:0 81748
81747 83864 21:0 81753
81752 83895 21:0 81758
81757 83897 21:0 81818
81817 83930 21:0 81829
81828 83928 21:0 81834
81833 83929 21:0 81889
81888 83896 21:0 81905
81904 83898 21:0 81910
81909 83931 21:0 81960
81959 83996 21:0 81976
81975 83997 21:0 81986
81985 83961 21:0 82004
82003 84027 21:0 82052
82051 83964 21:0 82057
82056 83963 21:0 82076
82075 83995 21:0 82128
82127 83962 21:0 82133
82132 83994 21:0 82138
82137 84062 21:0 82147
82146 84028 21:0 82155
82152 82619 1:0 82324
82153 82621 1:0 82404
82153 82620 1:0 82412
82154 84094 21:0 82158
82157 84095 21:0 82167
82159 82618 1:0 82422
82162 82587 1:0 82455
82162 82588 1:0 82535
82168 82586 1:0 82542
82168 82585 1:0 82553
82172 82553 1:0 82586
82181 352 21:0 82195
82194 84060 21:0 82272
82196 82555 1:0 82666
82242 82554 1:0 82674
82271 84061 21:0 82278
82271 82552 1:0 82684
82277 84093 21:0 82286
82283 82522 1:0 82717
82284 82521 1:0 82797
82284 82520 1:0 82804
82285 84063 21:0 82289
82288 84029 21:0 82298
82290 82519 1:0 82815
82293 82488 1:0 82848
82293 82489 1:0 82928
82297 84096 21:0 82326
82299 82487 1:0 82935
82299 82486 1:0 82946
82303 82454 1:0 82979
82320 82456 1:0 83059
82332 82455 1:0 83067
82414 82453 1:0 83077
82415 82421 1:0 83110
82424 82423 1:0 83190
82424 82422 1:0 83198
82430 82420 1:0 83208
82435 82390 1:0 83241
82463 82388 1:0 83321
82545 82389 1:0 83329
82546 82387 1:0 83339
82555 82357 1:0 83372
82555 82356 1:0 83452
82561 82355 1:0 83459
82566 82354 1:0 83470
82594 82323 1:0 83503
82676 82324 1:0 83583
82677 82322 1:0 83590
82686 82321 1:0 83601
82686 82291 1:0 83634
82692 82290 1:0 83714
82712 82289 1:0 83721
82725 82288 1:0 83732
82807 82258 1:0 83765
82808 82256 1:0 83845
82817 82257 1:0 83853
82817 82255 1:0 83863
82825 82225 1:0 83896
82843 82223 1:0 83976
82938 82224 1:0 83984
82939 82222 1:0 83994
82939 82192 1:0 84027
82948 82191 1:0 84107
82948 82190 1:0 84114
82956 82189 1:0 84125
82958 353 1:0 85455
82987 84096 1:0 85508
83069 84095 1:0 85588
84305 85073 21:0 84313
84312 85075 21:0 84363
84362 85074 21:0 84379
84378 85076 21:0 84389
84388 85106 21:0 84407
84406 85108 21:0 84455
84454 85107 21:0 84460
84459 85109 21:0 84479
84478 85139 21:0 84531
84530 85142 21:0 84536
84535 85172 21:0 84541
84540 85174 21:0 84607
84606 85173 21:0 84612
84611 85175 21:0 84617
84616 85205 21:0 84683
84682 85207 21:0 84688
84687 85206 21:0 84693
84692 85208 21:0 84759
84758 85238 21:0 84764
84763 85240 21:0 84769
84768 85241 21:0 84824
84823 85239 21:0 84840
84839 85271 21:0 84845
84844 85274 21:0 84895
84894 85307 21:0 84911
84913 85337 21:0 84921
84920 85338 21:0 84971
84970 85339 21:0 84987
84986 85304 21:0 84997
84996 85272 21:0 85015
85014 85141 21:0 85063
85062 85305 21:0 85068
85067 85273 21:0 85087
85086 85140 21:0 85139
85138 85306 21:0 85144
85143 85340 21:0 85149
85148 85370 21:0 85215
85214 85404 21:0 85220
85219 85406 21:0 85225
85224 85373 21:0 85280
85279 85405 21:0 85296
85295 85403 21:0 85301
85300 85436 21:0 85356
85355 85470 21:0 85372
85371 85372 21:0 85377
85376 85371 21:0 85427
85426 85471 21:0 85443
85442 85472 21:0 85453
85452 85439 21:0 85459
85454 84094 1:0 85595
85458 85438 21:0 85462
85461 85437 21:0 85470
85467 84093 1:0 85606
85468 84063 1:0 85639
85468 84061 1:0 85719
85469 85469 21:0 85479
85477 84062 1:0 85727
85477 84060 1:0 85737
85478 85502 21:0 85482
85480 84029 1:0 85850
85483 84028 1:0 85857
85483 84027 1:0 85868
85487 83995 1:0 85901
85496 353 21:0 85510
85509 85538 21:0 85587
85511 83997 1:0 85981
85557 83996 1:0 85989
85586 85568 21:0 85593
85586 83994 1:0 85999
85592 85537 21:0 85601
85598 83962 1:0 86032
85599 83964 1:0 86112
85599 83963 1:0 86120
85608 83961 1:0 86130
85608 83931 1:0 86163
85614 83929 1:0 86243
85618 83930 1:0 86251
85647 83928 1:0 86261
85729 83898 1:0 86294
85730 83896 1:0 86374
85739 83897 1:0 86382
85739 83895 1:0 86392
85745 83864 1:0 86425
85750 83865 1:0 86505
85778 83863 1:0 86512
85860 83862 1:0 86523
85861 83832 1:0 86556
85870 83830 1:0 86636
85870 83831 1:0 86644
85876 83829 1:0 86654
85881 83799 1:0 86687
85909 83797 1:0 86767
85991 83798 1:0 86775
85992 83796 1:0 86785
86001 83766 1:0 86818
86001 83764 1:0 86898
86007 83765 1:0 86906
86027 83763 1:0 86916
86040 83732 1:0 86949
86122 83733 1:0 87029
86123 83731 1:0 87036
86132 83730 1:0 87047
86132 83700 1:0 87080
86140 83699 1:0 87160
86158 83698 1:0 87167
86253 83697 1:0 87178
86254 83667 1:0 87211
86254 83666 1:0 87291
86263 83665 1:0 87298
86263 83664 1:0 87309
86271 83634 1:0 87342
86290 83632 1:0 87422
86302 354 1:0 88770
86384 83633 1:0 87430
86385 83631 1:0 87440
87620 86515 21:0 87628
87627 86516 21:0 87678
87677 86517 21:0 87694
87693 86518 21:0 87704
87703 86548 21:0 87722
87721 86550 21:0 87770
87769 86549 21:0 87775
87774 86551 21:0 87794
87793 86581 21:0 87846
87845 86583 21:0 87851
87850 86582 21:0 87856
87855 86584 21:0 87922
87921 86614 21:0 87927
87926 86616 21:0 87932
87931 86615 21:0 87987
87986 86617 21:0 88003
88002 86647 21:0 88008
88007 86649 21:0 88063
88062 86648 21:0 88079
88078 86650 21:0 88084
88083 86683 21:0 88134
88133 86713 21:0 88150
88149 86714 21:0 88160
88159 86715 21:0 88178
88177 86716 21:0 88226
88225 86749 21:0 88231
88230 86746 21:0 88250
88249 86680 21:0 88302
88301 86682 21:0 88307
88306 86681 21:0 88312
88311 86748 21:0 88378
88377 86747 21:0 88383
88382 86812 21:0 88388
88387 86782 21:0 88445
88444 86845 21:0 88459
88458 86779 21:0 88464
88463 86846 21:0 88519
88518 86847 21:0 88535
88534 86848 21:0 88540
88539 86814 21:0 88590
88589 86813 21:0 88606
88605 86815 21:0 88616
88615 86781 21:0 88634
88633 86780 21:0 88682
88681 86880 21:0 88687
88686 86879 21:0 88706
88705 86911 21:0 88758
88757 86944 21:0 88763
88762 86878 21:0 88768
88767 86912 21:0 88777
88776 86946 21:0 88785
88782 85568 1:0 88790
88783 85538 1:0 88903
88783 85537 1:0 88911
88784 86945 21:0 88788
88787 86881 21:0 88797
88789 85502 1:0 89052
88792 85472 1:0 89085
88792 85471 1:0 89165
88798 85470 1:0 89172
88798 85469 1:0 89183
88802 85437 1:0 89216
88811 354 21:0 88825
88824 86913 21:0 88902
88826 85439 1:0 89296
88872 85438 1:0 89304
88901 86947 21:0 88908
88901 85436 1:0 89314
88907 86914 21:0 88916
88913 85405 1:0 89347
88914 85406 1:0 89427
88914 85404 1:0 89434
88915 86977 21:0 88919
88920 85403 1:0 89445
88923 85371 1:0 89478
88923 85373 1:0 89558
88929 85372 1:0 89566
88933 85370 1:0 89576
88962 85340 1:0 89609
89044 85339 1:0 89689
89045 85338 1:0 89696
89054 85337 1:0 89707
89054 85306 1:0 89740
89060 85307 1:0 89820
89065 85305 1:0 89827
89093 85304 1:0 89838
89175 85273 1:0 89871
89176 85274 1:0 89951
89185 85272 1:0 89958
89185 85271 1:0 89969
89191 85239 1:0 90002
89196 85241 1:0 90082
89224 85240 1:0 90090
89306 85238 1:0 90100
89307 85208 1:0 90133
89316 85206 1:0 90213
89316 85207 1:0 90221
89322 85205 1:0 90231
89342 85175 1:0 90264
89355 85173 1:0 90344
89437 85174 1:0 90352
89438 85172 1:0 90362
89447 85140 1:0 90395
89447 85142 1:0 90475
89455 85141 1:0 90483
89473 85139 1:0 90493
89568 85109 1:0 90526
89569 85107 1:0 90606
89569 85108 1:0 90614
89578 85106 1:0 90624
89578 85076 1:0 90657
89586 85074 1:0 90737
89605 85075 1:0 90745
89617 355 1:0 92085
89699 85073 1:0 90755
90935 87957 21:0 90943
90942 87959 21:0 90993
90992 87958 21:0 91009
91008 87960 21:0 91019
91018 87990 21:0 91037
91036 87992 21:0 91085
91084 87991 21:0 91090
91089 87993 21:0 91109
91108 88024 21:0 91161
91160 88025 21:0 91166
91165 88026 21:0 91171
91170 88058 21:0 91237
91236 88057 21:0 91242
91241 88059 21:0 91247
91246 88089 21:0 91302
91301 88090 21:0 91318
91317 88092 21:0 91323
91322 88091 21:0 91378
91377 88122 21:0 91394
91393 88123 21:0 91399
91398 88124 21:0 91449
91448 88125 21:0 91465
91464 88155 21:0 91475
91474 88158 21:0 91493
91492 88191 21:0 91541
91543 88221 21:0 91551
91550 88223 21:0 91601
91600 88222 21:0 91617
91616 88156 21:0 91627
91626 88023 21:0 91645
91644 88056 21:0 91693
91692 88189 21:0 91698
91697 88256 21:0 91717
91716 88257 21:0 91769
91768 88254 21:0 91774
91773 88157 21:0 91779
91778 88190 21:0 91845
91844 88255 21:0 91850
91849 88188 21:0 91855
91854 88224 21:0 91910
91909 88323 21:0 91926
91925 88289 21:0 91931
91930 88320 21:0 91986
91985 88287 21:0 92002
92001 88290 21:0 92007
92006 88322 21:0 92057
92056 88321 21:0 92073
92072 88288 21:0 92083
92082 88421 21:0 92089
92084 86977 1:0 92236
92088 88353 21:0 92092
92091 88419 21:0 92100
92097 86947 1:0 92269
92098 86945 1:0 92349
92098 86946 1:0 92357
92099 88386 21:0 92109
92107 86944 1:0 92367
92107 86914 1:0 92400
92108 88387 21:0 92112
92110 86913 1:0 92480
92113 86912 1:0 92487
92113 86911 1:0 92498
92117 86881 1:0 92531
92126 355 21:0 92140
92139 88389 21:0 92218
92141 86879 1:0 92611
92187 86880 1:0 92619
92216 86878 1:0 92629
92217 88355 21:0 92223
92222 88420 21:0 92231
92228 86848 1:0 92662
92229 86847 1:0 92742
92229 86846 1:0 92749
92238 86845 1:0 92760
92238 86815 1:0 92793
92244 86813 1:0 92873
92248 86814 1:0 92881
92277 86812 1:0 92891
92359 86780 1:0 92924
92360 86782 1:0 93004
92369 86781 1:0 93012
92369 86779 1:0 93022
92375 86747 1:0 93055
92380 86749 1:0 93135
92408 86748 1:0 93143
92490 86746 1:0 93153
92491 86716 1:0 93186
92500 86715 1:0 93266
92500 86714 1:0 93273
92506 86713 1:0 93284
92511 86681 1:0 93317
92539 86683 1:0 93397
92621 86682 1:0 93405
92622 86680 1:0 93415
92631 86650 1:0 93448
92631 86648 1:0 93528
92637 86649 1:0 93536
92657 86647 1:0 93546
92670 86617 1:0 93579
92752 86615 1:0 93659
92753 86616 1:0 93667
92762 86614 1:0 93677
92762 86584 1:0 93710
92770 86582 1:0 93790
92788 86583 1:0 93798
92883 86581 1:0 93808
92884 86551 1:0 93841
92884 86549 1:0 93921
92893 86550 1:0 93929
92893 86548 1:0 93939
92901 86518 1:0 93972
92920 86517 1:0 94052
92932 356 1:0 95400
93014 86516 1:0 94059
93015 86515 1:0 94070
94250 89399 21:0 94258
94257 89400 21:0 94308
94307 89401 21:0 94324
94323 89402 21:0 94334
94333 89432 21:0 94352
94351 89433 21:0 94400
94399 89434 21:0 94405
94404 89435 21:0 94424
94423 89465 21:0 94476
94475 89467 21:0 94481
94480 89466 21:0 94486
94485 89468 21:0 94552
94551 89498 21:0 94557
94556 89500 21:0 94562
94561 89499 21:0 94617
94616 89531 21:0 94633
94632 89533 21:0 94638
94637 89532 21:0 94693
94692 89534 21:0 94709
94708 89567 21:0 94714
94713 89597 21:0 94764
94763 89598 21:0 94780
94779 89599 21:0 94790
94789 89600 21:0 94808
94807 89630 21:0 94856
94855 89631 21:0 94861
94860 89632 21:0 94880
94879 89566 21:0 94932
94931 89565 21:0 94937
94936 89564 21:0 94942
94941 89633 21:0 95008
95007 89501 21:0 95013
95012 89697 21:0 95018
95017 89731 21:0 95074
95073 89699 21:0 95089
95088 89666 21:0 95094
95093 89664 21:0 95149
95148 89665 21:0 95165
95164 89729 21:0 95170
95169 89663 21:0 95220
95219 89763 21:0 95236
95235 89798 21:0 95246
95245 89730 21:0 95264
95263 89698 21:0 95312
95311 89696 21:0 95317
95316 89795 21:0 95336
95335 89732 21:0 95388
95387 89796 21:0 95393
95392 89797 21:0 95398
95397 89764 21:0 95407
95406 89762 21:0 95415
95412 88420 1:0 95533
95413 88421 1:0 95541
95413 88419 1:0 95551
95414 89863 21:0 95418
95417 89864 21:0 95427
95419 88389 1:0 95664
95422 88387 1:0 95671
95422 88386 1:0 95682
95428 88355 1:0 95803
95428 88353 1:0 95813
95432 88321 1:0 95846
95441 356 21:0 95455
95454 89829 21:0 95531
95456 88323 1:0 95926
95502 88322 1:0 95934
95530 89861 21:0 95538
95531 88320 1:0 95944
95543 88288 1:0 95977
95544 88290 1:0 96057
95553 88289 1:0 96065
95553 88287 1:0 96075
95559 88255 1:0 96108
95563 88257 1:0 96188
95592 88256 1:0 96196
95674 88254 1:0 96206
95675 88224 1:0 96239
95684 88222 1:0 96319
95684 88223 1:0 96327
95690 88221 1:0 96337
95695 88190 1:0 96370
95723 88191 1:0 96450
95805 88189 1:0 96457
95806 88188 1:0 96468
95815 88157 1:0 96501
95815 88158 1:0 96581
95821 88156 1:0 96588
95826 88155 1:0 96599
95854 88125 1:0 96632
95936 88124 1:0 96712
95937 88123 1:0 96719
95946 88122 1:0 96730
95946 88091 1:0 96763
95952 88092 1:0 96843
95972 88090 1:0 96850
95985 88089 1:0 96861
96067 88059 1:0 96894
96068 88057 1:0 96974
96077 88058 1:0 96982
96077 88056 1:0 96992
96085 88026 1:0 97025
96103 88025 1:0 97105
96198 88024 1:0 97112
96199 88023 1:0 97123
96199 87993 1:0 97156
96208 87991 1:0 97236
96208 87992 1:0 97244
96216 87990 1:0 97254
96235 87960 1:0 97287
96247 357 1:0 98715
96329 87958 1:0 97367
96330 87959 1:0 97375
96339 87957 1:0 97385
97508 90819 21:0 97515
97519 90820 21:0 97552
97552 90828 21:0 97563
97562 90824 21:0 97563
97565 90841 21:0 97573
97572 90842 21:0 97623
97622 90843 21:0 97639
97638 90844 21:0 97649
97648 90874 21:0 97667
97666 90875 21:0 97715
97714 90876 21:0 97720
97719 90877 21:0 97739
97738 90907 21:0 97791
97790 90909 21:0 97796
97795 90908 21:0 97801
97800 90910 21:0 97867
97866 90940 21:0 97872
97871 90941 21:0 97877
97876 90943 21:0 97932
97931 90942 21:0 97948
97947 90973 21:0 97953
97952 90974 21:0 98008
98007 90975 21:0 98024
98023 90976 21:0 98029
98028 91006 21:0 98079
98078 91007 21:0 98095
98094 91008 21:0 98105
98104 91009 21:0 98123
98122 91039 21:0 98171
98170 91041 21:0 98176
98175 91040 21:0 98195
98194 91042 21:0 98247
98246 91072 21:0 98252
98251 91073 21:0 98257
98256 91074 21:0 98323
98322 91075 21:0 98328
98327 91105 21:0 98333
98332 91107 21:0 98388
98387 91106 21:0 98404
98403 91108 21:0 98409
98408 91138 21:0 98464
98463 91139 21:0 98480
98479 91140 21:0 98485
98484 91141 21:0 98535
98534 91171 21:0 98551
98550 91173 21:0 98561
98560 91172 21:0 98579
98578 91174 21:0 98627
98626 91204 21:0 98632
98631 91205 21:0 98651
98650 91206 21:0 98703
98702 91207 21:0 98708
98707 91240 21:0 98713
98712 91270 21:0 98722
98721 91271 21:0 98726
98725 91272 21:0 98726
98725 91273 21:0 98726
98725 91237 21:0 98726
98725 91238 21:0 98733
98727 89864 1:0 98848
98727 89863 1:0 98856
98727 89861 1:0 98866
98727 89829 1:0 98986
98727 89797 1:0 99030
98728 89798 1:0 99110
98728 89796 1:0 99117
98732 91239 21:0 98739
98734 89795 1:0 99128
98737 89764 1:0 99241
98737 89763 1:0 99248
98738 90827 21:0 98739
98738 90839 21:0 98742
98740 89762 1:0 99259
98741 90813 21:0 98742
98741 90826 21:0 98742
98743 89732 1:0 99292
98745 89730 1:0 99372
98756 357 21:0 98770
98764 89731 1:0 99380
98769 91017 21:0 98802
98776 89729 1:0 99390
98858 89698 1:0 99423
98859 89699 1:0 99503
98868 89697 1:0 99510
98868 89696 1:0 99521
98874 89665 1:0 99554
98894 89666 1:0 99634
98907 89664 1:0 99641
98989 89663 1:0 99652
98990 89633 1:0 99685
98999 89632 1:0 99765
98999 89631 1:0 99772
99007 89630 1:0 99783
99025 89600 1:0 99816
99120 89599 1:0 99896
99121 89598 1:0 99903
99121 89597 1:0 99914
99130 89565 1:0 99947
99130 89567 1:0 100027
99138 89566 1:0 100035
99157 89564 1:0 100045
99251 89534 1:0 100078
99252 89532 1:0 100158
99261 89533 1:0 100166
99261 89531 1:0 100176
99267 89501 1:0 100209
99271 89499 1:0 100289
99288 89500 1:0 100297
99382 89498 1:0 100307
99383 89468 1:0 100340
99392 89466 1:0 100420
99392 89467 1:0 100428
99398 89465 1:0 100438
99402 89435 1:0 100471
99431 89434 1:0 100551
99513 89433 1:0 100558
99514 89432 1:0 100569
99523 89402 1:0 100602
99523 89401 1:0 100682
99529 89400 1:0 100689
99534 89399 1:0 100700
99549 358 1:0 102030
99745 49962 21:0 99767
99773 49980 21:0 99778
99784 49984 21:0 99787
99794 49987 21:0 99818
99904 50037 21:0 99909
99915 50041 21:0 99918
100046 50098 21:0 100049
100056 50101 21:0 100080
100580 50329 21:0 100604
100880 92283 21:0 100888
100888 92286 21:0 100954
100953 92284 21:0 100959
100958 92314 21:0 100959
100961 92318 21:0 100978
100977 92317 21:0 101030
101029 92316 21:0 101035
101037 92351 21:0 101054
101053 92349 21:0 101106
101105 92319 21:0 101111
101113 92384 21:0 101130
101129 92385 21:0 101182
101181 92382 21:0 101187
101189 92416 21:0 101206
101205 92418 21:0 101258
101257 92417 21:0 101263
101265 92449 21:0 101282
101281 92451 21:0 101334
101333 92448 21:0 101339
101338 105 21:0 101344
101343 92348 21:0 101344
101344 92484 21:0 101410
101409 69 21:0 101410
101412 92514 21:0 101420
101419 92516 21:0 101470
101469 92285 21:0 101486
101485 125 21:0 101491
101490 92387 21:0 101491
101493 92549 21:0 101510
101509 92352 21:0 101562
101561 92383 21:0 101567
101566 92415 21:0 101586
101585 92550 21:0 101638
101637 92515 21:0 101643
101642 92481 21:0 101648
101647 92482 21:0 101714
101713 92582 21:0 101719
101718 92614 21:0 101724
101723 92517 21:0 101779
101778 92583 21:0 101795
101794 92581 21:0 101800
101799 92350 21:0 101855
101854 92613 21:0 101866
101865 92616 21:0 101876
101875 159 21:0 101876
101875 213 21:0 101917
101916 92612 21:0 101931
101930 92579 21:0 101942
101941 92638 21:0 101942
101941 92691 21:0 101942
101947 92744 21:0 101952
102042 328 1:0 2725
102043 91239 1:0 102052
102043 91238 1:0 102066
102052 50037 1:0 102066
102052 91273 1:0 102137
102058 91272 1:0 102166
102071 358 21:0 102085
102078 91237 1:0 102177
102079 91017 1:0 102177
102091 91271 1:0 102186
102173 213 1:0 102186
102174 91270 1:0 102214
102183 91240 1:0 102294
102183 92616 1:0 102305
102183 50329 1:0 102305
102191 92613 1:0 102314
102194 49987 1:0 102314
102222 92350 1:0 102327
102304 125 1:0 102327
102305 92581 1:0 102399
102305 92583 1:0 102428
102314 92517 1:0 102439
102314 69 1:0 102439
102320 92614 1:0 102448
102322 50101 1:0 102448
102341 91207 1:0 102476
102435 91206 1:0 102556
102436 91205 1:0 102563
102436 50098 1:0 102567
102445 91204 1:0 102574
102445 92582 1:0 102579
102451 91174 1:0 102607
102471 91172 1:0 102687
102484 91173 1:0 102695
102566 49984 1:0 102698
102567 91171 1:0 102705
102576 92482 1:0 102710
102576 91141 1:0 102738
102582 91140 1:0 102818
102586 91139 1:0 102825
102602 159 1:0 102829
102697 91138 1:0 102836
102698 92481 1:0 102841
102698 91108 1:0 102869
102707 91106 1:0 102949
102707 91107 1:0 102957
102713 49980 1:0 102960
102718 91105 1:0 102967
102746 49962 1:0 102972
102746 92515 1:0 102972
102828 91075 1:0 103000
102829 91074 1:0 103080
102838 91073 1:0 103087
102838 105 1:0 103091
102844 91072 1:0 103098
102848 92550 1:0 103103
102877 91042 1:0 103131
102959 91040 1:0 103211
102960 91041 1:0 103219
102960 50041 1:0 103222
102969 91039 1:0 103229
102969 92415 1:0 103234
102977 91009 1:0 103262
102995 91008 1:0 103342
103090 91007 1:0 103349
103090 90826 1:0 103353
103091 91006 1:0 103360
103100 92383 1:0 103365
103100 90976 1:0 103393
103106 90975 1:0 103473
103110 90974 1:0 103480
103111 90813 1:0 103484
103139 90973 1:0 103491
103221 92352 1:0 103496
103222 90942 1:0 103524
103231 90943 1:0 103604
103231 90941 1:0 103611
103231 90820 1:0 103615
103239 90940 1:0 103622
103258 92285 1:0 103627
103352 90910 1:0 103655
103353 90908 1:0 103735
103362 90909 1:0 103743
103362 90839 1:0 103746
103362 90907 1:0 103753
103368 92448 1:0 103758
103373 90877 1:0 103786
103401 90876 1:0 103866
103483 90875 1:0 103873
103483 90827 1:0 103877
103484 90874 1:0 103884
103493 92451 1:0 103889
103493 90844 1:0 103917
103501 90843 1:0 103997
103519 90842 1:0 104004
103520 90824 1:0 104008
103614 90841 1:0 104015
103614 90819 1:0 104017
103615 90828 1:0 104031
103615 92549 1:0 104031
103624 92516 1:0 104102
103624 359 1:0 104128
103624 46027 1:0 104144
103630 92319 1:0 104141
103634 46026 1:0 104150
103650 46030 1:0 104153
103650 46018 1:0 104164
103651 46019 1:0 104164
103663 46029 1:0 104164
103745 46031 1:0 104192
103745 46028 1:0 104235
103745 46024 1:0 104240
103745 46025 1:0 104292
103746 92744 1:0 104354
103746 46176 1:0 104371
103746 46166 1:0 104371
103746 46172 1:0 104374
103755 92316 1:0 104365
103755 46174 1:0 104374
103755 46177 1:0 104384
103755 46171 1:0 104384
103761 46165 1:0 104384
103761 46175 1:0 104412
103765 46173 1:0 104456
103781 46178 1:0 104543
103794 92317 1:0 104586
103876 92691 1:0 104586
103876 46312 1:0 104592
103876 46325 1:0 104592
103877 46318 1:0 104595
103877 46322 1:0 104595
103877 46313 1:0 104605
103877 46319 1:0 104605
103886 46320 1:0 104605
103886 46321 1:0 104633
103886 46323 1:0 104677
103886 46324 1:0 104763
103892 92349 1:0 104804
103894 46465 1:0 104807
103894 46460 1:0 104813
103896 46459 1:0 104813
103912 46471 1:0 104813
103913 46472 1:0 104816
103925 46466 1:0 104816
103966 46467 1:0 104844
104007 46468 1:0 104844
104007 46470 1:0 104895
104008 46469 1:0 104974
104008 46613 1:0 105028
104008 92638 1:0 105028
104008 46607 1:0 105034
104008 46612 1:0 105034
104017 92514 1:0 105025
104017 46619 1:0 105034
104017 46606 1:0 105037
104023 46614 1:0 105037
104023 46615 1:0 105065
104027 46616 1:0 105065
104028 46759 1:0 105255
104043 46618 1:0 105116
104044 92612 1:0 105238
104056 46609 1:0 105156
104056 46617 1:0 105196
104140 92484 1:0 105249
104141 46761 1:0 105255
104141 46753 1:0 105258
104141 46766 1:0 105258
104150 46762 1:0 105268
104150 46760 1:0 105268
104150 46754 1:0 105268
104150 46758 1:0 105268
104150 46764 1:0 105296
104150 46763 1:0 105340
104150 46765 1:0 105426
104156 92579 1:0 105459
104160 92417 1:0 105470
104169 359 21:0 104183
104177 46908 1:0 105476
104177 46907 1:0 105476
104189 46901 1:0 105479
104189 46912 1:0 105479
104230 46906 1:0 105489
104230 46900 1:0 105489
104243 46911 1:0 105489
104258 46910 1:0 105517
104259 46909 1:0 105561
104298 46025 21:0 104323
104309 46913 1:0 105648
104322 46024 21:0 104353
104329 92382 1:0 105688
104352 46028 21:0 104353
104352 46031 21:0 104356
104355 46029 21:0 104364
104361 47053 1:0 105691
104361 47047 1:0 105697
104361 47048 1:0 105697
104361 47057 1:0 105697
104362 47054 1:0 105700
104362 47055 1:0 105700
104362 47060 1:0 105728
104363 46030 21:0 104364
104363 46026 21:0 104367
104365 47058 1:0 105728
104365 47059 1:0 105779
104366 46027 21:0 104370
104368 47049 1:0 105818
104368 47056 1:0 105849
104369 46019 21:0 104373
104371 92449 1:0 105909
104371 47201 1:0 105912
104371 47200 1:0 105918
104371 47194 1:0 105918
104371 47207 1:0 105918
104371 47195 1:0 105921
104371 47206 1:0 105921
104372 46018 21:0 104373
104377 47202 1:0 105949
104377 47203 1:0 105949
104381 47204 1:0 106000
104397 47205 1:0 106080
104398 47348 1:0 106133
104398 47341 1:0 106139
104451 92385 1:0 106130
104464 47349 1:0 106139
104479 47342 1:0 106139
104479 47347 1:0 106142
104480 47351 1:0 106142
104481 47488 1:0 106354
104492 46165 21:0 104536
104530 47352 1:0 106170
104532 47494 1:0 106360
104540 47353 1:0 106170
104549 46178 21:0 104574
104550 47354 1:0 106221
104573 46173 21:0 104577
104576 46175 21:0 104577
104576 46177 21:0 104585
104582 47343 1:0 106260
104582 47350 1:0 106291
104582 47495 1:0 106360
104583 92418 1:0 106351
104583 47497 1:0 106360
104583 47489 1:0 106363
104584 46174 21:0 104588
104586 47501 1:0 106363
104587 46176 21:0 104588
104587 46171 21:0 104594
104589 47500 1:0 106391
104589 47499 1:0 106391
104592 47498 1:0 106442
104592 47496 1:0 106511
104592 92416 1:0 106568
104593 46172 21:0 104594
104593 46166 21:0 104594
104595 92387 1:0 106575
104595 47641 1:0 106575
104598 47636 1:0 106581
104598 47635 1:0 106581
104600 47643 1:0 106581
104603 47644 1:0 106584
104603 47642 1:0 106584
104619 47647 1:0 106612
104631 47648 1:0 106612
104672 47646 1:0 106663
104685 47645 1:0 106742
104702 92384 1:0 106790
104740 46319 21:0 104765
104751 47783 1:0 106796
104751 47935 1:0 107023
104761 47793 1:0 106802
104761 47789 1:0 106802
104761 47788 1:0 106802
104771 47782 1:0 106805
104771 47791 1:0 106805
104773 46324 21:0 104795
104794 46323 21:0 104798
104797 46321 21:0 104798
104797 46320 21:0 104806
104803 47795 1:0 106833
104803 47792 1:0 106833
104804 47794 1:0 106884
104804 47790 1:0 106953
104804 92348 1:0 107003
104805 46322 21:0 104809
104808 46325 21:0 104809
104808 46313 21:0 104815
104810 92351 1:0 107011
104813 92318 1:0 107017
104813 47939 1:0 107023
104813 47930 1:0 107026
104813 47937 1:0 107026
104813 47929 1:0 107036
104813 47936 1:0 107036
104814 46318 21:0 104815
104814 46312 21:0 104815
104819 47938 1:0 107036
104819 47942 1:0 107064
104823 47940 1:0 107108
104839 47941 1:0 107194
104852 92286 1:0 107235
104893 92314 1:0 107238
104893 48077 1:0 107238
104901 48082 1:0 107244
104906 48076 1:0 107244
104921 48088 1:0 107244
104922 48083 1:0 107247
104923 48084 1:0 107247
104934 46459 21:0 104978
104972 48087 1:0 107275
104974 48229 1:0 107478
104982 48089 1:0 107275
104984 46469 21:0 105016
104992 48086 1:0 107326
105015 46470 21:0 105019
105018 46467 21:0 105019
105018 46468 21:0 105027
105024 48085 1:0 107396
105025 92284 1:0 107452
105025 92283 1:0 107459
105026 46472 21:0 105030
105029 46466 21:0 105030
105029 46471 21:0 105030
105029 46460 21:0 105036
105031 48224 1:0 107465
105031 48232 1:0 107465
105031 48323 1:0 107468
105031 48231 1:0 107468
105031 48223 1:0 107468
105034 48233 1:0 107478
105034 48230 1:0 107478
105034 48234 1:0 107506
105034 48235 1:0 107550
105035 46465 21:0 105036
105037 48236 1:0 107637
105037 48324 1:0 107677
105162 46609 21:0 105182
105202 46617 21:0 105237
105236 46618 21:0 105240
105239 46616 21:0 105240
105239 46615 21:0 105248
105247 46614 21:0 105251
105250 46619 21:0 105251
105250 46606 21:0 105251
105250 46607 21:0 105257
105256 46613 21:0 105257
105256 46612 21:0 105257
105393 46758 21:0 105407
105406 46760 21:0 105430
105436 46765 21:0 105458
105457 46763 21:0 105461
105460 46764 21:0 105461
105460 46762 21:0 105469
105468 46766 21:0 105472
105471 46761 21:0 105472
105471 46754 21:0 105478
105477 46759 21:0 105478
105477 46753 21:0 105478
105627 46906 21:0 105651
105654 46913 21:0 105679
105678 46909 21:0 105682
105681 46910 21:0 105682
105681 46911 21:0 105690
105689 46912 21:0 105693
105692 46908 21:0 105693
105692 46900 21:0 105699
105698 46907 21:0 105699
105698 46901 21:0 105699
105828 47049 21:0 105847
105855 47056 21:0 105900
105899 47059 21:0 105903
105902 47058 21:0 105903
105902 47060 21:0 105911
105910 47055 21:0 105914
105913 47057 21:0 105914
105913 47054 21:0 105914
105913 47048 21:0 105920
105919 47047 21:0 105920
105919 47053 21:0 105920
106036 47195 21:0 106082
106086 47205 21:0 106121
106120 47204 21:0 106124
106123 47203 21:0 106124
106123 47202 21:0 106132
106131 47206 21:0 106135
106134 47207 21:0 106135
106134 47200 21:0 106135
106134 47194 21:0 106141
106140 47201 21:0 106141
106270 47343 21:0 106289
106297 47350 21:0 106342
106341 47354 21:0 106345
106344 47353 21:0 106345
106344 47352 21:0 106353
106352 47351 21:0 106356
106355 47349 21:0 106356
106355 47347 21:0 106356
106355 47341 21:0 106362
106361 47348 21:0 106362
106361 47342 21:0 106362
106521 47496 21:0 106563
106562 47498 21:0 106566
106565 47500 21:0 106566
106565 47499 21:0 106574
106573 47501 21:0 106577
106576 47489 21:0 106577
106576 47497 21:0 106577
106576 47494 21:0 106583
106582 47495 21:0 106583
106582 47488 21:0 106583
106702 47635 21:0 106746
106752 47645 21:0 106784
106783 47646 21:0 106787
106786 47647 21:0 106787
106786 47648 21:0 106795
106794 47644 21:0 106798
106797 47643 21:0 106798
106797 47642 21:0 106798
106797 47636 21:0 106804
106803 47641 21:0 106804
106963 47790 21:0 107005
107004 47794 21:0 107008
107007 47795 21:0 107008
107007 47792 21:0 107016
107015 47791 21:0 107019
107018 47793 21:0 107019
107018 47782 21:0 107019
107018 47788 21:0 107025
107024 47783 21:0 107025
107024 47789 21:0 107025
107171 47936 21:0 107196
107204 47941 21:0 107226
107225 47940 21:0 107229
107228 47942 21:0 107229
107228 47938 21:0 107237
107236 47937 21:0 107240
107239 47939 21:0 107240
107239 47929 21:0 107246
107245 47930 21:0 107246
107245 47935 21:0 107246
107402 48085 21:0 107447
107446 48086 21:0 107450
107449 48089 21:0 107450
107449 48087 21:0 107458
107457 48084 21:0 107461
107460 48083 21:0 107461
107460 48088 21:0 107461
107460 48076 21:0 107467
107466 48082 21:0 107467
107466 48077 21:0 107467
107616 48229 21:0 107640
107643 48236 21:0 293
