157 28653 0:0 159
157 28654 0:0 159
157 28650 0:0 159
158 28649 0:0 159
158 28642 0:0 159
158 28652 0:0 159
158 28655 0:0 159
162 28643 0:0 163
162 28648 0:0 163
162 349 0:0 167
162 28745 21:0 167
166 28744 21:0 195
213 28849 21:0 221
220 28850 0:0 221
220 28851 0:0 221
221 28852 21:0 287
289 28882 0:0 292
294 28883 21:0 352
296 28884 0:0 297
351 28885 0:0 363
365 28915 21:0 373
370 28917 0:0 373
372 28916 0:0 373
373 28918 21:0 439
441 28948 0:0 444
446 28949 21:0 504
448 28950 0:0 449
503 28951 0:0 515
517 28981 0:0 520
522 28983 21:0 580
524 28982 0:0 525
579 28984 0:0 591
593 29014 0:0 596
598 29015 21:0 656
600 29016 0:0 601
655 29017 0:0 667
669 29047 21:0 677
676 29049 0:0 677
676 29048 21:0 743
741 29050 0:0 743
745 29080 21:0 753
752 29082 0:0 753
752 29081 21:0 819
817 29083 0:0 819
821 29113 21:0 829
828 29114 0:0 829
828 29115 0:0 829
829 29116 21:0 895
897 29146 21:0 905
904 29148 0:0 905
904 29147 0:0 905
905 29149 21:0 971
973 29179 0:0 976
978 29180 21:0 1036
980 29181 0:0 981
1035 29182 0:0 1047
1049 29212 21:0 1057
1056 29213 0:0 1057
1056 29214 21:0 1123
1121 29215 0:0 1123
1125 29245 0:0 1128
1130 29246 21:0 1188
1132 29247 0:0 1133
1187 29248 0:0 1199
1201 29278 21:0 1209
1206 29280 0:0 1209
1206 29279 0:0 1209
1209 29281 21:0 1275
1277 29311 21:0 1285
1282 29313 0:0 1285
1285 29314 21:0 1351
1353 29344 0:0 1356
1358 29345 21:0 1416
1429 29377 21:0 1437
1533 29423 21:0 1543
1571 29377 1:0 1700
1572 29345 1:0 1812
1572 29344 1:0 1822
1580 29314 1:0 1928
1580 29313 1:0 1935
1590 29311 1:0 1944
1693 29281 1:0 2050
1694 29279 1:0 2056
1694 29280 1:0 2057
1702 29278 1:0 2066
1708 29248 1:0 2172
1711 29511 21:0 1733
1726 29246 1:0 2178
1815 29247 1:0 2179
1816 29245 1:0 2188
1824 29565 21:0 1826
1824 29215 1:0 2294
1824 29214 1:0 2301
1830 29213 1:0 2300
1848 29212 1:0 2310
1936 29618 21:0 1940
1937 29182 1:0 2416
1938 29180 1:0 2422
1946 29181 1:0 2423
1946 29179 1:0 2432
1952 29149 1:0 2538
1971 29147 1:0 2544
2058 29675 21:0 2062
2059 29148 1:0 2545
2060 29146 1:0 2554
2068 29116 1:0 2660
2068 29115 1:0 2667
2074 29114 1:0 2666
2181 29113 1:0 2676
2182 29083 1:0 2782
2182 29081 1:0 2788
2190 29082 1:0 2789
2190 29080 1:0 2798
2199 29739 21:0 2221
2200 29050 1:0 2904
2303 29048 1:0 2910
2304 29049 1:0 2911
2304 29047 1:0 2920
2312 29017 1:0 3026
2312 29015 1:0 3032
2322 29016 1:0 3033
2424 29846 21:0 2428
2425 29014 1:0 3042
2426 28984 1:0 3148
2426 28983 1:0 3155
2434 28982 1:0 3154
2440 28981 1:0 3164
2458 28951 1:0 3270
2547 28949 1:0 3276
2548 28950 1:0 3277
2556 28948 1:0 3286
2556 28918 1:0 3392
2562 28917 1:0 3399
2565 29910 21:0 2587
2581 28916 1:0 3398
2669 28915 1:0 3408
2670 28885 1:0 3514
2678 29964 21:0 2680
2678 28883 1:0 3520
2678 28884 1:0 3521
2684 28882 1:0 3530
2687 29967 21:0 2709
2703 28852 1:0 3636
2791 28851 1:0 3643
2792 28850 1:0 3642
2792 335 1:0 3756
2800 30021 21:0 2802
2800 28849 1:0 3652
2912 30074 21:0 2916
3044 30135 21:0 3046
3532 30363 21:0 3534
3754 334 21:0 3804
3803 30479 21:0 3809
3822 30500 21:0 3830
3829 30501 0:0 3830
3829 30502 0:0 3830
3830 30503 21:0 3896
3895 30516 21:0 3901
3898 30533 0:0 3901
3900 30531 21:0 3901
3903 30535 21:0 3961
3905 30534 0:0 3906
3960 30536 0:0 3972
3960 30532 21:0 3972
3971 30538 21:0 3972
3974 30566 21:0 3982
3979 30567 0:0 3982
3981 30568 0:0 3982
3982 30569 21:0 4048
4050 30599 21:0 4058
4055 30601 0:0 4058
4055 30600 0:0 4058
4058 30602 21:0 4124
4071 30610 0:0 4072
4124 83 21:0 4129
4126 30632 0:0 4129
4128 30565 21:0 4129
4131 30633 21:0 4189
4132 30631 0:0 4134
4133 30634 0:0 4134
4188 30650 21:0 4200
4188 30635 0:0 4200
4199 30598 21:0 4200
4199 30545 21:0 4205
4202 30665 0:0 4205
4204 30571 21:0 4205
4207 30666 21:0 4265
4209 30667 0:0 4210
4264 30668 0:0 4276
4265 30685 21:0 4276
4275 30657 21:0 4276
4278 30698 21:0 4286
4285 30700 0:0 4286
4285 30699 21:0 4352
4350 30701 0:0 4352
4354 30731 21:0 4362
4361 30733 0:0 4362
4361 30732 0:0 4362
4362 30734 21:0 4428
4430 30764 21:0 4438
4437 30766 0:0 4438
4437 30765 0:0 4438
4438 30767 21:0 4504
4503 30714 21:0 4509
4506 30797 0:0 4509
4508 141 21:0 4509
4511 30798 21:0 4569
4513 30799 0:0 4514
4568 30690 21:0 4580
4568 30800 0:0 4580
4579 177 21:0 4580
4579 30782 21:0 4585
4582 30830 0:0 4585
4584 30756 21:0 4585
4587 30831 21:0 4645
4589 30832 0:0 4590
4644 30833 0:0 4656
4644 30553 21:0 4656
4655 30776 21:0 4656
4655 30684 21:0 4661
4658 30863 0:0 4661
4660 30809 21:0 4661
4663 30864 21:0 4721
4665 30865 0:0 4666
4720 30881 21:0 4732
4720 30866 0:0 4732
4731 30875 21:0 4732
4734 30896 21:0 4742
4741 30898 0:0 4742
4741 30897 21:0 4808
4806 30899 0:0 4808
4810 30929 21:0 4818
4817 30930 0:0 4818
4817 30931 21:0 4884
4872 30947 0:0 4873
4882 30932 0:0 4884
4886 30962 21:0 4894
4893 30963 0:0 4894
4893 30964 21:0 4960
4958 30965 0:0 4960
4962 30995 21:0 4970
4969 30996 0:0 4970
4969 30997 21:0 5036
5035 30998 21:0 5046
5045 31028 21:0 5112
5111 31030 21:0 5122
5121 267 21:0 5122
5142 31074 21:0 5152
5145 29511 1:0 5196
5151 31029 21:0 5178
5177 30882 21:0 5186
5183 31029 1:0 5304
5184 31030 1:0 5312
5185 30796 21:0 5186
5185 159 21:0 5189
5187 31028 1:0 5322
5188 30802 21:0 5189
5188 30835 21:0 5195
5190 29565 1:0 5327
5193 30998 1:0 5435
5193 30997 1:0 5443
5194 30750 21:0 5195
5194 30564 21:0 5198
5199 30996 1:0 5442
5201 30995 1:0 5453
5204 29618 1:0 5537
5219 267 1:0 5566
5314 30965 1:0 5566
5315 30963 1:0 5573
5315 30964 1:0 5574
5324 30962 1:0 5584
5324 30947 1:0 5623
5330 30932 1:0 5697
5330 29675 1:0 5697
5350 30931 1:0 5705
5445 30930 1:0 5704
5446 30929 1:0 5715
5446 30899 1:0 5828
5455 30897 1:0 5835
5455 30898 1:0 5836
5463 30896 1:0 5846
5466 30882 1:0 5851
5481 29739 1:0 5855
5482 30875 1:0 5876
5494 30881 1:0 5885
5576 30866 1:0 5959
5577 30864 1:0 5966
5586 30865 1:0 5967
5586 30863 1:0 5977
5586 29846 1:0 6061
5586 30835 1:0 6074
5594 30833 1:0 6090
5625 30831 1:0 6097
5707 30832 1:0 6098
5708 30830 1:0 6108
5708 29967 1:0 6138
5708 30802 1:0 6138
5717 30809 1:0 6173
5717 30800 1:0 6221
5717 30796 1:0 6221
5723 30798 1:0 6228
5743 30799 1:0 6229
5744 177 1:0 6234
5756 29910 1:0 6241
5838 30797 1:0 6239
5839 30776 1:0 6241
5839 30782 1:0 6244
5839 30767 1:0 6352
5848 29964 1:0 6355
5848 30765 1:0 6359
5848 30750 1:0 6363
5854 30766 1:0 6360
5854 159 1:0 6363
5875 30764 1:0 6370
5887 30756 1:0 6375
5969 30734 1:0 6483
5970 30732 1:0 6490
5970 141 1:0 6494
5970 30021 1:0 6494
5979 30733 1:0 6491
5979 30731 1:0 6501
5985 30714 1:0 6540
5990 30701 1:0 6614
6005 30074 1:0 6614
6100 30699 1:0 6621
6101 30700 1:0 6622
6101 30698 1:0 6632
6110 30690 1:0 6647
6110 30685 1:0 6662
6110 30684 1:0 6671
6110 30668 1:0 6745
6116 30666 1:0 6752
6119 29853 21:0 6143
6137 30667 1:0 6753
6137 30135 1:0 6762
6229 29903 21:0 6234
6231 30665 1:0 6763
6231 30657 1:0 6778
6232 30650 1:0 6802
6232 30635 1:0 6876
6240 29907 21:0 6243
6241 30633 1:0 6883
6241 30634 1:0 6884
6241 30631 1:0 6887
6247 30632 1:0 6894
6247 83 1:0 6898
6268 30602 1:0 7007
6280 30610 1:0 6986
6360 29960 21:0 6365
6362 30601 1:0 7015
6363 30600 1:0 7014
6363 30598 1:0 7018
6372 30599 1:0 7025
6372 30571 1:0 7030
6372 30569 1:0 7138
6378 30567 1:0 7145
6380 30565 1:0 7149
6411 30568 1:0 7146
6491 30017 21:0 6496
6493 30566 1:0 7156
6494 30564 1:0 7161
6494 30553 1:0 7186
6494 30545 1:0 7189
6494 30538 1:0 7240
6494 30532 1:0 7269
6503 30536 1:0 7269
6503 30535 1:0 7277
6509 30534 1:0 7276
6509 30531 1:0 7289
6511 30363 1:0 7286
6512 30024 21:0 6536
6530 30533 1:0 7287
6542 30516 1:0 7292
6622 30074 21:0 6627
6624 30503 1:0 7400
6625 30501 1:0 7407
6625 336 1:0 7529
6634 30502 1:0 7408
6634 30500 1:0 7418
6634 30479 1:0 7483
6774 30138 21:0 6798
6895 30192 21:0 6898
7015 30245 21:0 7020
7146 30302 21:0 7151
7277 30359 21:0 7282
7527 335 21:0 7577
7576 32129 21:0 7582
7584 336 21:0 7593
7592 32134 21:0 7593
7595 32151 21:0 7603
7602 32152 0:0 7603
7602 32153 21:0 7669
7667 32154 0:0 7669
7671 32184 21:0 7679
7678 32185 0:0 7679
7678 32186 0:0 7679
7679 32187 21:0 7745
7747 32217 21:0 7755
7752 32218 0:0 7755
7752 32219 0:0 7755
7755 32220 21:0 7821
7820 33 21:0 7826
7823 32250 0:0 7826
7825 32195 21:0 7826
7828 32251 21:0 7886
7830 32252 0:0 7831
7885 32253 0:0 7897
7888 32255 21:0 7897
7896 32262 21:0 7897
7899 32283 21:0 7907
7906 32284 0:0 7907
7906 32285 0:0 7907
7907 32286 21:0 7973
7975 32316 21:0 7983
7980 32317 0:0 7983
7982 32318 0:0 7983
7983 32319 21:0 8049
8051 32349 21:0 8059
8058 32351 0:0 8059
8058 32350 0:0 8059
8059 32352 21:0 8125
8127 32382 21:0 8135
8134 32384 0:0 8135
8134 32383 21:0 8201
8199 32385 0:0 8201
8200 32402 21:0 8206
8203 32415 0:0 8206
8205 32270 21:0 8206
8208 32416 21:0 8266
8210 32417 0:0 8211
8265 32418 0:0 8277
8265 32431 21:0 8277
8276 32302 21:0 8277
8276 32354 21:0 8282
8279 32448 0:0 8282
8281 47 21:0 8282
8284 32450 21:0 8342
8286 32449 0:0 8287
8341 32451 0:0 8353
8342 32468 21:0 8353
8352 32249 21:0 8353
8355 32481 21:0 8363
8362 32483 0:0 8363
8362 32482 21:0 8429
8417 32497 0:0 8418
8427 32484 0:0 8429
8428 32215 21:0 8434
8431 32514 0:0 8434
8433 119 21:0 8434
8436 32516 21:0 8494
8438 32515 0:0 8439
8493 32183 21:0 8505
8493 32517 0:0 8505
8504 32299 21:0 8505
8507 32547 21:0 8515
8514 32549 0:0 8515
8514 32548 21:0 8581
8527 229 0:0 8529
8579 32550 0:0 8581
8583 32580 21:0 8591
8590 32582 0:0 8591
8590 32581 21:0 8657
8603 32572 0:0 8605
8655 32583 0:0 8657
8659 32613 21:0 8667
8666 32615 0:0 8667
8666 32614 21:0 8733
8731 32616 0:0 8733
8735 32646 21:0 8743
8742 32647 0:0 8743
8742 32648 21:0 8809
8807 32649 0:0 8809
8811 32679 21:0 8819
8818 32680 0:0 8819
8818 32681 21:0 8885
8884 32682 21:0 8895
8894 32156 21:0 8910
8915 32725 21:0 8925
8924 65 21:0 8948
8947 32526 21:0 8948
8956 32682 1:0 9077
8957 32681 1:0 9085
8966 32680 1:0 9084
8966 32679 1:0 9095
8972 32649 1:0 9208
8992 32648 1:0 9216
9087 32647 1:0 9215
9088 32646 1:0 9226
9088 32616 1:0 9339
9097 32614 1:0 9346
9097 32615 1:0 9347
9105 32613 1:0 9357
9136 32583 1:0 9470
9216 29561 21:0 9221
9218 32581 1:0 9477
9219 32582 1:0 9478
9228 32580 1:0 9488
9228 32572 1:0 9503
9228 32550 1:0 9601
9228 229 1:0 9603
9234 32548 1:0 9608
9255 32549 1:0 9609
9349 32547 1:0 9619
9349 32526 1:0 9684
9350 32517 1:0 9732
9359 32515 1:0 9739
9359 32516 1:0 9740
9365 32514 1:0 9750
9365 32497 1:0 9789
9386 32484 1:0 9863
9480 32482 1:0 9870
9481 32483 1:0 9871
9490 32481 1:0 9881
9490 29853 1:0 9890
9490 32468 1:0 9911
9490 29903 1:0 9994
9490 32451 1:0 9994
9498 32450 1:0 10002
9529 32449 1:0 10001
9611 29907 1:0 10011
9612 32448 1:0 10012
9612 32431 1:0 10051
9612 29960 1:0 10125
9620 29736 21:0 9623
9621 32418 1:0 10125
9621 32416 1:0 10132
9624 32417 1:0 10133
9629 32415 1:0 10143
9632 32402 1:0 10173
9647 32354 1:0 10227
9742 30017 1:0 10256
9742 32385 1:0 10256
9743 32383 1:0 10263
9752 32384 1:0 10264
9752 32382 1:0 10274
9752 30024 1:0 10279
9758 32352 1:0 10387
9778 32350 1:0 10394
9873 30074 1:0 10393
9873 32351 1:0 10395
9874 32349 1:0 10405
9874 119 1:0 10409
9883 32319 1:0 10518
9883 32317 1:0 10525
9883 32299 1:0 10529
9889 32318 1:0 10526
9891 30138 1:0 10529
9892 29853 21:0 9916
9910 32316 1:0 10536
9922 32302 1:0 10541
10002 29903 21:0 10007
10004 32286 1:0 10649
10005 32284 1:0 10656
10005 30192 1:0 10660
10014 32285 1:0 10657
10014 32283 1:0 10667
10014 32249 1:0 10672
10014 30245 1:0 10697
10020 32270 1:0 10697
10020 32262 1:0 10732
10020 32255 1:0 10764
10041 32253 1:0 10780
10133 29960 21:0 10138
10135 32251 1:0 10787
10136 32252 1:0 10788
10136 32250 1:0 10798
10145 65 1:0 10802
10145 32220 1:0 10911
10145 32215 1:0 10914
10145 30302 1:0 10917
10145 47 1:0 10922
10153 32219 1:0 10919
10184 32218 1:0 10918
10264 30017 21:0 10269
10266 32217 1:0 10929
10267 32195 1:0 10934
10267 32187 1:0 11042
10267 32183 1:0 11045
10267 30359 1:0 11048
10276 32185 1:0 11049
10276 32186 1:0 11050
10282 33 1:0 11053
10285 30024 21:0 10309
10287 32184 1:0 11060
10302 32156 1:0 11157
10303 337 1:0 11302
10397 32154 1:0 11173
10398 32152 1:0 11180
10398 32153 1:0 11181
10406 30078 21:0 10409
10407 32151 1:0 11191
10407 32134 1:0 11224
10407 32129 1:0 11224
10407 336 1:0 11275
10416 30081 21:0 10440
10547 30138 21:0 10571
10799 30249 21:0 10802
11050 30359 21:0 11055
11300 336 21:0 11350
11363 33800 21:0 11366
11365 337 21:0 11366
11368 33802 21:0 11376
11373 33804 0:0 11376
11373 33803 0:0 11376
11376 33805 21:0 11442
11444 33835 21:0 11452
11451 33837 0:0 11452
11451 33836 21:0 11518
11516 33838 0:0 11518
11517 33801 21:0 11523
11520 33868 0:0 11523
11522 29 21:0 11523
11525 33870 21:0 11583
11527 33869 0:0 11528
11582 33871 0:0 11594
11582 33886 21:0 11594
11593 33888 21:0 11594
11596 33901 21:0 11604
11603 33902 0:0 11604
11603 33903 21:0 11670
11668 33904 0:0 11670
11669 33900 21:0 11675
11672 33934 0:0 11675
11674 69 21:0 11675
11674 33884 21:0 11675
11677 33935 21:0 11735
11679 33936 0:0 11680
11734 33937 0:0 11746
11737 33939 21:0 11746
11745 31 21:0 11746
11745 33822 21:0 11751
11748 33967 0:0 11751
11750 33827 21:0 11751
11753 33969 21:0 11811
11755 33968 0:0 11756
11810 33970 0:0 11822
11813 33972 21:0 11822
11821 33983 21:0 11822
11824 34000 21:0 11832
11831 34001 0:0 11832
11831 34002 21:0 11898
11896 34003 0:0 11898
11897 34012 21:0 11903
11900 34033 0:0 11903
11902 34011 21:0 11903
11905 34034 21:0 11963
11907 34035 0:0 11908
11962 34036 0:0 11974
11971 34064 21:0 11974
11973 34053 21:0 11974
11973 141 21:0 11979
11976 34066 0:0 11979
11978 33992 21:0 11979
11981 34067 21:0 12039
11982 159 0:0 11984
11983 34068 0:0 11984
12038 34084 21:0 12050
12038 34069 0:0 12050
12049 34058 21:0 12050
12052 34099 21:0 12060
12059 34101 0:0 12060
12059 34100 21:0 12126
12124 34102 0:0 12126
12128 34132 21:0 12136
12133 34134 0:0 12136
12133 34133 0:0 12136
12136 34135 21:0 12202
12201 34137 0:0 12202
12204 34165 21:0 12212
12211 34166 0:0 12212
12211 34167 21:0 12278
12266 34181 0:0 12267
12276 34168 0:0 12278
12280 34198 21:0 12288
12287 34200 0:0 12288
12287 34199 21:0 12354
12352 34201 0:0 12354
12356 34231 21:0 12364
12363 34232 0:0 12364
12363 34233 21:0 12430
12428 34234 0:0 12430
12432 34264 21:0 12440
12439 34265 0:0 12440
12439 34266 21:0 12506
12504 34267 0:0 12506
12508 34297 21:0 12516
12515 34299 0:0 12516
12515 34298 21:0 12582
12580 34300 0:0 12582
12584 34330 21:0 12592
12591 34332 21:0 12658
12657 34331 21:0 12668
12667 34217 21:0 12683
12688 34376 21:0 12698
12697 51 21:0 12721
12720 121 21:0 12721
12729 34331 1:0 12850
12730 34332 1:0 12858
12739 34330 1:0 12868
12739 29561 1:0 12981
12739 34300 1:0 12981
12745 34298 1:0 12988
12766 34299 1:0 12989
12860 34297 1:0 12999
12861 34267 1:0 13112
12870 34265 1:0 13119
12870 34266 1:0 13120
12876 34264 1:0 13130
12881 34234 1:0 13243
12989 29561 21:0 12994
12991 34233 1:0 13251
12992 34232 1:0 13250
12992 34231 1:0 13261
12992 34217 1:0 13300
12992 29736 1:0 13374
13001 34201 1:0 13374
13001 34199 1:0 13381
13009 34200 1:0 13382
13010 29568 21:0 13034
13028 34198 1:0 13392
13040 34181 1:0 13431
13120 29618 21:0 13125
13122 34168 1:0 13505
13123 34167 1:0 13513
13132 34166 1:0 13512
13132 34165 1:0 13523
13138 34137 1:0 13620
13138 34135 1:0 13636
13141 29625 21:0 13165
13158 34134 1:0 13644
13253 34133 1:0 13643
13254 34132 1:0 13654
13254 29853 1:0 13663
13254 29903 1:0 13767
13263 34102 1:0 13767
13263 34100 1:0 13774
13269 34101 1:0 13775
13274 34099 1:0 13785
13289 34084 1:0 13824
13384 29960 1:0 13898
13384 34069 1:0 13898
13385 34067 1:0 13905
13394 34068 1:0 13906
13394 159 1:0 13911
13394 34066 1:0 13916
13394 34058 1:0 13921
13394 34064 1:0 13926
13400 34053 1:0 13946
13405 34036 1:0 14029
13420 30017 1:0 14029
13513 29789 21:0 13518
13515 34034 1:0 14036
13516 34035 1:0 14037
13516 141 1:0 14042
13516 34033 1:0 14047
13524 29793 21:0 13527
13525 121 1:0 14052
13525 30024 1:0 14056
13525 34011 1:0 14077
13525 34012 1:0 14112
13525 30078 1:0 14160
13528 34003 1:0 14160
13533 34002 1:0 14168
13564 34001 1:0 14167
13644 29846 21:0 13649
13646 34000 1:0 14178
13647 30081 1:0 14187
13647 33992 1:0 14193
13647 33983 1:0 14217
13647 33972 1:0 14275
13656 33970 1:0 14291
13656 33969 1:0 14299
13662 33968 1:0 14298
13667 33967 1:0 14309
13682 30138 1:0 14318
13777 33939 1:0 14406
13777 33937 1:0 14422
13778 33935 1:0 14429
13786 29907 21:0 13789
13787 33936 1:0 14430
13787 33934 1:0 14440
13787 69 1:0 14473
13787 33900 1:0 14524
13787 30249 1:0 14553
13793 33904 1:0 14553
13814 33903 1:0 14561
13908 33902 1:0 14560
13909 33901 1:0 14571
13909 33884 1:0 14601
13909 33888 1:0 14601
13909 33886 1:0 14610
13918 33871 1:0 14684
13918 33870 1:0 14692
13926 33869 1:0 14691
13929 51 1:0 14697
14039 33868 1:0 14702
14039 33827 1:0 14735
14039 33822 1:0 14735
14039 31 1:0 14786
14040 33838 1:0 14815
14040 30359 1:0 14815
14048 30021 21:0 14051
14049 33836 1:0 14822
14049 33837 1:0 14823
14055 33835 1:0 14833
14055 29 1:0 14837
14058 30024 21:0 14082
14076 33805 1:0 14946
14076 33801 1:0 14957
14088 338 1:0 15075
14170 33804 1:0 14954
14171 33803 1:0 14953
14180 33802 1:0 14964
14180 33800 1:0 14974
14180 337 1:0 15048
14299 30131 21:0 14304
14430 30188 21:0 14435
14572 30249 21:0 14575
14703 30306 21:0 14706
14834 30363 21:0 14837
14844 30366 21:0 14868
15073 337 21:0 15123
15122 35432 21:0 15128
15141 35453 0:0 15144
15146 35455 21:0 15204
15148 35454 0:0 15149
15203 15 21:0 15215
15203 35456 0:0 15215
15214 35472 21:0 15215
15217 35486 21:0 15225
15224 35487 0:0 15225
15224 35488 21:0 15291
15279 35504 0:0 15280
15289 35489 0:0 15291
15293 35519 21:0 15301
15300 35521 0:0 15301
15300 35520 21:0 15367
15365 35522 0:0 15367
15366 35550 21:0 15372
15369 35552 0:0 15372
15371 35505 21:0 15372
15374 35553 21:0 15432
15376 35554 0:0 15377
15431 35555 0:0 15443
15431 35506 21:0 15443
15442 35511 21:0 15443
15445 35585 21:0 15453
15452 35586 0:0 15453
15452 35587 21:0 15519
15517 35588 0:0 15519
15521 35618 21:0 15529
15526 35620 0:0 15529
15528 35619 0:0 15529
15529 35621 21:0 15595
15597 35651 21:0 15605
15604 35653 0:0 15605
15604 35652 0:0 15605
15605 35654 21:0 15671
15673 35684 21:0 15681
15680 35686 0:0 15681
15680 35683 0:0 15681
15680 35685 0:0 15681
15681 35687 21:0 15747
15746 35682 21:0 15752
15749 35717 0:0 15752
15751 83 21:0 15752
15754 35718 21:0 15812
15756 35719 0:0 15757
15811 35720 0:0 15823
15811 157 21:0 15823
15822 35597 21:0 15823
15825 35750 21:0 15833
15832 35752 0:0 15833
15832 35751 21:0 15899
15897 35753 0:0 15899
15898 35601 21:0 15904
15901 35783 0:0 15904
15903 177 21:0 15904
15906 35784 21:0 15964
15908 35785 0:0 15909
15963 35702 21:0 15975
15963 35786 0:0 15975
15974 35643 21:0 15975
15977 35816 21:0 15985
15978 209 0:0 15980
15984 35818 0:0 15985
15984 35817 21:0 16051
16049 35819 0:0 16051
16053 35849 21:0 16061
16060 35850 0:0 16061
16060 35851 21:0 16127
16125 35852 0:0 16127
16129 35882 21:0 16137
16136 35884 0:0 16137
16136 35883 21:0 16203
16201 35885 0:0 16203
16205 35915 21:0 16213
16212 35917 0:0 16213
16212 35916 21:0 16279
16277 35918 0:0 16279
16281 35948 21:0 16289
16288 35949 0:0 16289
16288 35950 21:0 16355
16353 35951 0:0 16355
16357 35981 21:0 16365
16364 35982 0:0 16365
16364 35983 21:0 16431
16430 35984 21:0 16441
16440 35801 21:0 16456
16461 36027 21:0 16471
16470 35539 21:0 16494
16493 35564 21:0 16494
16502 35984 1:0 16623
16503 35983 1:0 16631
16512 35982 1:0 16630
16512 35981 1:0 16641
16512 29561 1:0 16754
16518 35951 1:0 16754
16521 29454 21:0 16545
16539 35950 1:0 16762
16633 35949 1:0 16761
16634 35948 1:0 16772
16634 29568 1:0 16781
16643 35918 1:0 16885
16643 29618 1:0 16885
16643 35916 1:0 16892
16649 35917 1:0 16893
16652 29511 21:0 16676
16669 35915 1:0 16903
16670 29625 1:0 16912
16764 35885 1:0 17016
16765 35883 1:0 17023
16765 35884 1:0 17024
16774 35882 1:0 17034
16774 35852 1:0 17147
16782 35851 1:0 17155
16813 35850 1:0 17154
16895 35849 1:0 17165
16896 29789 1:0 17249
16896 29793 1:0 17278
16896 35819 1:0 17278
16905 35817 1:0 17285
16905 35818 1:0 17286
16913 35816 1:0 17296
16916 209 1:0 17300
16931 35801 1:0 17335
17026 29846 1:0 17409
17026 35786 1:0 17409
17027 35784 1:0 17416
17036 35785 1:0 17417
17036 35783 1:0 17427
17036 29907 1:0 17511
17042 35753 1:0 17540
17042 177 1:0 17540
17063 35751 1:0 17547
17157 35752 1:0 17548
17158 35750 1:0 17558
17166 29736 21:0 17169
17167 35720 1:0 17671
17167 157 1:0 17671
17167 35718 1:0 17678
17173 35719 1:0 17679
17178 35717 1:0 17689
17193 35702 1:0 17694
17286 29789 21:0 17291
17288 35687 1:0 17802
17289 35686 1:0 17810
17289 30021 1:0 17813
17289 35683 1:0 17813
17289 30024 1:0 17813
17298 35685 1:0 17809
17298 35684 1:0 17820
17298 35682 1:0 17825
17304 35654 1:0 17933
17325 35653 1:0 17941
17419 35652 1:0 17940
17420 35651 1:0 17951
17420 35643 1:0 17956
17429 35621 1:0 18064
17429 35619 1:0 18071
17435 30131 1:0 18070
17435 35620 1:0 18072
17438 29853 21:0 17462
17456 35618 1:0 18082
17456 35601 1:0 18112
17468 35597 1:0 18147
17550 30188 1:0 18195
17551 35588 1:0 18195
17551 35587 1:0 18203
17560 35586 1:0 18202
17560 35585 1:0 18213
17560 83 1:0 18217
17566 35564 1:0 18278
17569 29910 21:0 17593
17571 35555 1:0 18326
17599 35553 1:0 18333
17681 35554 1:0 18334
17682 30249 1:0 18343
17682 35552 1:0 18344
17682 35539 1:0 18374
17690 29964 21:0 17693
17691 35550 1:0 18354
17691 30306 1:0 18457
17691 35522 1:0 18457
17697 35520 1:0 18464
17702 35521 1:0 18465
17812 35519 1:0 18475
17812 35511 1:0 18490
17812 35506 1:0 18505
17812 35505 1:0 18514
17813 35504 1:0 18514
17813 35489 1:0 18588
17813 30363 1:0 18588
17822 35487 1:0 18595
17822 35488 1:0 18596
17830 35486 1:0 18606
17831 30024 21:0 17855
17833 30366 1:0 18615
17848 35472 1:0 18645
17849 339 1:0 18848
17941 30074 21:0 17946
17943 35456 1:0 18719
17944 35454 1:0 18726
17944 35455 1:0 18727
17944 15 1:0 18732
17952 30078 21:0 17955
17953 35453 1:0 18737
17953 35432 1:0 18802
18072 30131 21:0 18077
18214 30192 21:0 18217
18476 30306 21:0 18479
18607 30363 21:0 18610
18727 30416 21:0 18732
18738 30420 21:0 18741
18846 338 21:0 18896
18895 37082 21:0 18901
18909 37102 21:0 18912
18911 37089 21:0 18912
18911 37087 21:0 18917
18914 37104 0:0 18917
18919 37106 21:0 18977
18921 37105 0:0 18922
18976 37107 0:0 18988
18976 37123 21:0 18988
18987 37124 21:0 18988
18988 29 21:0 18993
18990 37137 0:0 18993
18995 37138 21:0 19053
18997 37139 0:0 18998
19052 37140 0:0 19064
19055 37142 21:0 19064
19063 37149 21:0 19064
19066 37170 21:0 19074
19073 37171 0:0 19074
19073 37172 21:0 19140
19138 37173 0:0 19140
19142 37203 21:0 19150
19149 37204 0:0 19150
19149 37205 0:0 19150
19150 37206 21:0 19216
19162 67 0:0 19164
19215 37221 21:0 19221
19218 37236 0:0 19221
19220 65 21:0 19221
19223 37238 21:0 19281
19225 37237 0:0 19226
19280 37239 0:0 19292
19280 49 21:0 19292
19291 37201 21:0 19292
19294 37269 21:0 19302
19301 37271 0:0 19302
19301 37270 0:0 19302
19302 37272 21:0 19368
19370 37302 21:0 19378
19377 37304 0:0 19378
19377 37303 0:0 19378
19378 37305 21:0 19444
19446 37335 21:0 19454
19453 37337 0:0 19454
19453 37336 21:0 19520
19518 37338 0:0 19520
19522 37368 21:0 19530
19529 37370 0:0 19530
19529 37369 21:0 19596
19594 37371 0:0 19596
19598 37401 21:0 19606
19605 37402 0:0 19606
19605 37403 0:0 19606
19606 37404 21:0 19672
19674 37434 21:0 19682
19681 37436 0:0 19682
19681 37435 0:0 19682
19682 37437 21:0 19748
19750 37467 21:0 19758
19757 37468 0:0 19758
19757 37469 0:0 19758
19758 37470 21:0 19824
19826 37500 21:0 19834
19833 37502 0:0 19834
19833 37501 21:0 19900
19898 37503 0:0 19900
19899 37531 0:0 19900
19902 37533 21:0 19910
19909 37535 0:0 19910
19909 37534 21:0 19976
19974 37536 0:0 19976
19975 37538 0:0 19976
19978 37566 21:0 19986
19985 37568 0:0 19986
19985 37567 21:0 20052
20050 37569 0:0 20052
20054 37599 21:0 20062
20061 37600 0:0 20062
20061 37601 21:0 20128
20126 37602 0:0 20128
20130 37632 21:0 20138
20137 37634 0:0 20138
20137 37633 21:0 20204
20202 37635 0:0 20204
20203 37355 21:0 20209
20208 213 21:0 20209
20208 37478 21:0 20214
20213 37285 21:0 20214
20213 37228 21:0 20229
20234 37678 21:0 20244
20275 29454 1:0 20292
20276 37635 1:0 20396
20276 37633 1:0 20403
20285 37634 1:0 20404
20285 37632 1:0 20414
20285 29511 1:0 20423
20293 37602 1:0 20527
20294 29454 21:0 20318
20312 37601 1:0 20535
20406 37600 1:0 20534
20407 37599 1:0 20545
20415 29508 21:0 20418
20416 37569 1:0 20658
20416 37567 1:0 20665
20419 37568 1:0 20666
20424 37566 1:0 20676
20425 29511 21:0 20449
20443 37536 1:0 20789
20455 37538 1:0 20773
20537 37534 1:0 20796
20538 37535 1:0 20797
20546 29565 21:0 20549
20547 37533 1:0 20807
20547 37531 1:0 20817
20547 29736 1:0 20920
20547 37503 1:0 20920
20553 37501 1:0 20927
20556 29568 21:0 20580
20574 37502 1:0 20928
20668 37500 1:0 20938
20668 37478 1:0 20943
20669 37470 1:0 21051
20678 29789 1:0 21057
20678 37468 1:0 21058
20678 37469 1:0 21059
20678 213 1:0 21062
20684 37467 1:0 21069
20705 37437 1:0 21182
20799 37436 1:0 21190
20800 37435 1:0 21189
20809 37434 1:0 21200
20809 29853 1:0 21205
20809 37404 1:0 21313
20815 37403 1:0 21321
20835 37402 1:0 21320
20930 37401 1:0 21331
20930 29910 1:0 21340
20930 29964 1:0 21444
20931 37371 1:0 21444
20939 29736 21:0 20942
20940 37369 1:0 21451
20940 37370 1:0 21452
20946 37368 1:0 21462
20946 37355 1:0 21492
20966 37338 1:0 21575
21061 37336 1:0 21582
21062 37337 1:0 21583
21062 37335 1:0 21593
21070 29793 21:0 21073
21071 30024 1:0 21598
21071 37305 1:0 21706
21074 37304 1:0 21714
21077 30074 1:0 21712
21077 30078 1:0 21717
21097 37303 1:0 21713
21192 37302 1:0 21724
21192 37285 1:0 21729
21193 37272 1:0 21837
21202 30131 1:0 21843
21202 37270 1:0 21844
21202 37271 1:0 21845
21208 37269 1:0 21855
21211 29853 21:0 21235
21228 37239 1:0 21968
21323 37238 1:0 21976
21324 37237 1:0 21975
21324 37236 1:0 21986
21324 37228 1:0 21988
21332 29907 21:0 21335
21333 30192 1:0 21985
21333 37221 1:0 21991
21333 37206 1:0 22099
21333 67 1:0 22101
21339 37204 1:0 22106
21342 29910 21:0 21366
21359 37205 1:0 22107
21452 29960 21:0 21457
21454 37203 1:0 22117
21454 65 1:0 22121
21454 37201 1:0 22127
21454 49 1:0 22201
21455 30306 1:0 22230
21455 37173 1:0 22230
21464 37171 1:0 22237
21464 37172 1:0 22238
21470 37170 1:0 22248
21470 37149 1:0 22313
21472 37142 1:0 22345
21473 29967 21:0 21497
21491 37140 1:0 22361
21583 30017 21:0 21588
21585 37138 1:0 22368
21586 37139 1:0 22369
21586 30363 1:0 22378
21594 30021 21:0 21597
21595 37137 1:0 22379
21595 29 1:0 22383
21595 37124 1:0 22409
21595 37123 1:0 22418
21595 37107 1:0 22492
21598 30416 1:0 22492
21603 37106 1:0 22500
21634 37105 1:0 22499
21716 37104 1:0 22510
21717 30420 1:0 22509
21717 37087 1:0 22515
21717 37102 1:0 22520
21717 37089 1:0 22543
21717 37082 1:0 22594
21717 340 1:0 22621
22107 30245 21:0 22112
22118 30249 21:0 22121
22128 30252 21:0 22152
22238 30302 21:0 22243
22380 30363 21:0 22383
22619 339 21:0 22669
22676 340 21:0 22685
22687 38755 21:0 22695
22694 38756 0:0 22695
22694 38757 21:0 22761
22759 38758 0:0 22761
22760 38786 21:0 22766
22763 38788 0:0 22766
22765 29 21:0 22766
22768 38790 21:0 22826
22770 38789 0:0 22771
22783 31 0:0 22785
22825 38791 0:0 22837
22825 33 21:0 22837
22836 38808 21:0 22837
22836 38819 21:0 22842
22839 38821 0:0 22842
22844 38823 21:0 22902
22846 38822 0:0 22847
22901 38824 0:0 22913
22901 38839 21:0 22913
22912 38820 21:0 22913
22912 38840 21:0 22918
22915 38854 0:0 22918
22917 38852 21:0 22918
22920 38855 21:0 22978
22922 38856 0:0 22923
22935 38846 0:0 22937
22977 38833 21:0 22989
22977 38857 0:0 22989
22989 83 21:0 22994
22991 38887 0:0 22994
22996 38888 21:0 23054
22998 38889 0:0 22999
23053 38890 0:0 23065
23067 38920 21:0 23075
23072 38921 0:0 23075
23074 38922 0:0 23075
23075 38923 21:0 23141
23143 38953 21:0 23151
23150 38955 0:0 23151
23150 38954 21:0 23217
23215 38956 0:0 23217
23219 38986 21:0 23227
23226 38987 0:0 23227
23226 38988 21:0 23293
23291 38989 0:0 23293
23292 38945 21:0 23298
23295 39019 0:0 23298
23297 38991 21:0 23298
23300 39020 21:0 23358
23302 39021 0:0 23303
23316 39030 0:0 23317
23357 39022 0:0 23369
23357 39035 21:0 23369
23368 39018 21:0 23369
23368 38978 21:0 23374
23371 39052 0:0 23374
23373 38951 21:0 23374
23376 39053 21:0 23434
23378 39054 0:0 23379
23433 39055 0:0 23445
23436 39057 21:0 23445
23444 39083 21:0 23445
23444 39071 21:0 23450
23447 39085 0:0 23450
23449 157 21:0 23450
23452 39087 21:0 23510
23454 39086 0:0 23455
23509 39101 21:0 23521
23509 39088 0:0 23521
23520 39104 21:0 23521
23520 39084 21:0 23526
23523 39118 0:0 23526
23525 39097 21:0 23526
23528 39119 21:0 23586
23530 39120 0:0 23531
23585 39017 21:0 23597
23585 39121 0:0 23597
23596 39072 21:0 23597
23599 39151 21:0 23607
23606 39153 0:0 23607
23606 39152 21:0 23673
23671 39154 0:0 23673
23675 39184 21:0 23683
23682 39186 0:0 23683
23682 39185 21:0 23749
23747 39187 0:0 23749
23751 39217 21:0 23759
23758 39218 0:0 23759
23758 39219 21:0 23825
23824 39220 21:0 23835
23834 39250 21:0 23901
23900 39251 21:0 23911
23910 39252 21:0 23977
23976 39253 21:0 23982
24007 39329 21:0 24017
24010 29454 1:0 24065
24016 39283 21:0 24043
24048 29508 1:0 24140
24048 29511 1:0 24169
24048 29565 1:0 24172
24049 39283 1:0 24183
24058 39253 1:0 24192
24058 39252 1:0 24300
24064 39251 1:0 24307
24067 29454 21:0 24091
24069 39250 1:0 24318
24084 29568 1:0 24323
24179 39220 1:0 24431
24180 39218 1:0 24438
24180 39219 1:0 24439
24189 39217 1:0 24449
24189 39187 1:0 24562
24195 39185 1:0 24569
24216 39186 1:0 24570
24310 39184 1:0 24580
24311 39154 1:0 24693
24311 29736 1:0 24693
24320 39152 1:0 24700
24320 39153 1:0 24701
24326 39151 1:0 24711
24346 39121 1:0 24824
24439 29618 21:0 24444
24441 39119 1:0 24831
24442 39120 1:0 24832
24442 29793 1:0 24841
24442 39118 1:0 24842
24450 29622 21:0 24453
24451 39097 1:0 24872
24451 39104 1:0 24872
24451 39101 1:0 24881
24451 39088 1:0 24955
24451 39084 1:0 24955
24457 39087 1:0 24963
24478 39086 1:0 24962
24572 39085 1:0 24973
24572 39072 1:0 24978
24573 29853 1:0 24982
24573 39083 1:0 24983
24573 39071 1:0 25012
24582 39057 1:0 25070
24582 39055 1:0 25086
24582 39053 1:0 25093
24588 39054 1:0 25094
24608 39052 1:0 25104
24609 29907 1:0 25103
24621 157 1:0 25109
24703 29910 1:0 25113
24703 39018 1:0 25134
24703 39035 1:0 25143
24704 39030 1:0 25196
24704 39022 1:0 25217
24704 29960 1:0 25217
24712 29736 21:0 24715
24713 39020 1:0 25224
24713 39021 1:0 25225
24719 39019 1:0 25235
24719 30017 1:0 25240
24721 29967 1:0 25244
24724 39017 1:0 25245
24739 38991 1:0 25319
24832 29789 21:0 24837
24834 38989 1:0 25348
24834 30021 1:0 25348
24835 38987 1:0 25355
24835 38988 1:0 25356
24844 38986 1:0 25366
24844 38978 1:0 25381
24844 38951 1:0 25479
24850 38956 1:0 25479
24853 29796 21:0 24877
24870 38954 1:0 25486
24965 38955 1:0 25487
24966 38953 1:0 25497
24966 38945 1:0 25502
24966 38923 1:0 25610
24975 38921 1:0 25617
24975 38922 1:0 25618
24983 38920 1:0 25628
25014 38890 1:0 25741
25096 38888 1:0 25748
25097 38889 1:0 25749
25105 29907 21:0 25108
25106 38887 1:0 25759
25106 83 1:0 25763
25106 38857 1:0 25872
25106 30245 1:0 25872
25112 38855 1:0 25879
25133 38856 1:0 25880
25145 38833 1:0 25886
25227 30249 1:0 25889
25227 38852 1:0 25892
25228 38854 1:0 25890
25228 30252 1:0 25895
25228 38846 1:0 25905
25228 38840 1:0 25920
25228 38820 1:0 25920
25237 38839 1:0 25929
25237 30302 1:0 26003
25237 38824 1:0 26003
25243 38823 1:0 26011
25263 38822 1:0 26010
25358 38821 1:0 26021
25358 38819 1:0 26031
25358 38808 1:0 26051
25359 38791 1:0 26134
25359 31 1:0 26136
25368 38789 1:0 26141
25368 38790 1:0 26142
25368 33 1:0 26147
25374 30363 1:0 26151
25377 30024 21:0 25401
25379 38788 1:0 26152
25394 29 1:0 26156
25395 38786 1:0 26162
25489 38758 1:0 26265
25490 38756 1:0 26272
25490 38757 1:0 26273
25499 38755 1:0 26283
25499 340 1:0 26367
25499 341 1:0 26394
25508 30081 21:0 25532
25760 30192 21:0 25763
26032 30309 21:0 26056
26273 30416 21:0 26278
26294 30423 21:0 26318
26392 340 21:0 26442
26405 40384 0:0 26406
26442 40389 21:0 26458
26457 40392 21:0 26458
26460 40406 21:0 26468
26461 11 0:0 26463
26467 40408 0:0 26468
26467 40407 21:0 26534
26532 40409 0:0 26534
26536 40439 21:0 26544
26543 40441 0:0 26544
26543 40440 21:0 26610
26608 40442 0:0 26610
26612 40472 21:0 26620
26619 40474 0:0 26620
26619 40473 0:0 26620
26620 40475 21:0 26686
26633 40483 0:0 26634
26688 40505 21:0 26696
26695 40507 0:0 26696
26695 40506 0:0 26696
26696 40508 21:0 26762
26764 40538 21:0 26772
26771 40539 0:0 26772
26771 40540 21:0 26838
26836 40541 0:0 26838
26840 40571 21:0 26848
26841 101 0:0 26843
26847 40573 0:0 26848
26847 40572 0:0 26848
26848 40574 21:0 26914
26916 40604 21:0 26924
26921 40606 0:0 26924
26923 40605 0:0 26924
26924 40607 21:0 26990
26937 40615 0:0 26938
26992 40637 21:0 27000
26999 40638 0:0 27000
26999 40639 21:0 27066
27064 40640 0:0 27066
27068 40670 21:0 27076
27073 40672 0:0 27076
27075 40671 0:0 27076
27076 40673 21:0 27142
27088 40662 0:0 27090
27144 40703 21:0 27152
27151 40705 0:0 27152
27151 40704 21:0 27218
27216 40706 0:0 27218
27217 40477 21:0 27223
27220 40736 0:0 27223
27222 40523 21:0 27223
27222 40587 21:0 27225
27225 40737 21:0 27283
27227 40738 0:0 27228
27282 40437 21:0 27294
27282 40739 0:0 27294
27293 155 21:0 27294
27293 40424 21:0 27299
27296 40769 0:0 27299
27298 40490 21:0 27299
27301 40770 21:0 27359
27303 40771 0:0 27304
27358 40772 0:0 27370
27361 40774 21:0 27370
27369 40788 21:0 27370
27372 40802 21:0 27380
27379 40803 0:0 27380
27379 40804 21:0 27446
27434 40821 0:0 27435
27444 40805 0:0 27446
27448 40835 21:0 27456
27455 40837 0:0 27456
27455 40836 21:0 27522
27520 40838 0:0 27522
27524 40868 21:0 27532
27531 40870 0:0 27532
27531 40869 21:0 27598
27596 40871 0:0 27598
27600 40901 21:0 27608
27607 40903 0:0 27608
27607 40902 21:0 27674
27672 40904 0:0 27674
27676 40934 21:0 27684
27683 40936 0:0 27684
27683 40935 21:0 27750
27748 40937 0:0 27750
27749 40761 21:0 27755
27754 40967 21:0 27775
27780 40980 21:0 27790
27789 40398 21:0 27813
27812 40589 21:0 27813
27812 191 21:0 27816
27815 40492 21:0 27816
27815 40624 21:0 27824
27821 40967 1:0 27829
27821 29454 1:0 27838
27822 40937 1:0 27942
27822 40935 1:0 27949
27831 40936 1:0 27950
27831 40934 1:0 27960
27837 40904 1:0 28073
27858 40902 1:0 28080
27950 29504 21:0 27955
27952 40903 1:0 28081
27953 40901 1:0 28091
27953 29622 1:0 28175
27953 29618 1:0 28204
27962 40871 1:0 28204
27962 40869 1:0 28211
27968 40870 1:0 28212
27971 29511 21:0 27995
27988 40868 1:0 28222
28083 40838 1:0 28335
28084 40836 1:0 28342
28084 40837 1:0 28343
28093 40835 1:0 28353
28093 40821 1:0 28392
28093 29736 1:0 28466
28099 40805 1:0 28466
28104 40804 1:0 28474
28214 40803 1:0 28473
28215 40802 1:0 28484
28215 29789 1:0 28514
28215 40788 1:0 28523
28223 29622 21:0 28226
28224 40774 1:0 28581
28224 40772 1:0 28597
28224 40770 1:0 28604
28230 40771 1:0 28605
28235 40769 1:0 28615
28250 40761 1:0 28630
28251 29796 1:0 28624
28345 40739 1:0 28728
28346 40737 1:0 28735
28355 40738 1:0 28736
28355 40736 1:0 28746
28355 191 1:0 28750
28355 29907 1:0 28859
28361 40706 1:0 28859
28364 29682 21:0 28388
28382 40704 1:0 28866
28476 40705 1:0 28867
28477 40703 1:0 28877
28477 40673 1:0 28990
28486 40672 1:0 28998
28486 40670 1:0 29008
28494 40671 1:0 28995
28497 155 1:0 29012
28512 40662 1:0 29023
28513 30024 1:0 29121
28607 40640 1:0 29121
28608 40639 1:0 29129
28617 40638 1:0 29128
28617 40637 1:0 29139
28617 40624 1:0 29144
28623 40615 1:0 29231
28623 40607 1:0 29252
28626 29796 21:0 28650
28644 40606 1:0 29260
28736 29846 21:0 28741
28738 40605 1:0 29259
28738 30081 1:0 29263
28738 40589 1:0 29263
28739 40604 1:0 29270
28739 40587 1:0 29275
28748 40574 1:0 29383
28748 40573 1:0 29391
28754 40572 1:0 29390
28774 40571 1:0 29401
28775 101 1:0 29405
28787 30192 1:0 29514
28869 40541 1:0 29514
28870 40540 1:0 29522
28878 29907 21:0 28881
28879 40539 1:0 29521
28879 40538 1:0 29532
28879 40523 1:0 29537
28885 40508 1:0 29645
28905 40506 1:0 29652
28906 40490 1:0 29656
28918 40492 1:0 29656
29000 40507 1:0 29653
29001 40505 1:0 29663
29001 40477 1:0 29668
29009 29964 21:0 29012
29010 40483 1:0 29755
29010 40475 1:0 29776
29010 40473 1:0 29783
29016 40474 1:0 29784
29037 40472 1:0 29794
29049 30309 1:0 29803
29131 40442 1:0 29907
29132 40440 1:0 29914
29140 30021 21:0 29143
29141 40441 1:0 29915
29141 40439 1:0 29925
29141 40437 1:0 29935
29141 40424 1:0 29964
29144 30416 1:0 30038
29149 40409 1:0 30038
29180 40407 1:0 30045
29262 40408 1:0 30046
29263 40406 1:0 30056
29263 11 1:0 30060
29263 30423 1:0 30061
29272 40398 1:0 30071
29272 40392 1:0 30086
29272 40389 1:0 30095
29272 40384 1:0 30148
29272 342 1:0 30167
29522 30188 21:0 29527
29653 30245 21:0 29658
29805 30309 21:0 29829
30067 30423 21:0 30091
30165 341 21:0 30215
30220 42044 21:0 30231
30233 42057 21:0 30241
30240 42058 0:0 30241
30240 42059 21:0 30307
30305 42060 0:0 30307
30309 42090 21:0 30317
30316 42091 0:0 30317
30316 42092 21:0 30383
30381 42093 0:0 30383
30382 15 21:0 30388
30385 42123 0:0 30388
30387 42101 21:0 30388
30390 42124 21:0 30448
30392 42125 0:0 30393
30447 49 21:0 30459
30447 42126 0:0 30459
30458 42139 21:0 30459
30461 42156 21:0 30469
30468 42158 0:0 30469
30468 42157 21:0 30535
30533 42159 0:0 30535
30534 69 21:0 30540
30537 42189 0:0 30540
30539 42176 21:0 30540
30539 42076 21:0 30540
30542 42191 21:0 30600
30544 42190 0:0 30545
30599 42188 21:0 30611
30599 42192 0:0 30611
30610 42194 21:0 30611
30613 42222 21:0 30621
30620 42224 0:0 30621
30620 42223 0:0 30621
30621 42225 21:0 30687
30687 119 21:0 30692
30689 42255 0:0 30692
30691 105 21:0 30692
30694 42256 21:0 30752
30696 42257 0:0 30697
30751 42258 0:0 30763
30754 42260 21:0 30763
30762 42267 21:0 30763
30765 42288 21:0 30773
30772 42290 0:0 30773
30772 42289 21:0 30839
30837 42291 0:0 30839
30841 42321 21:0 30849
30848 42323 0:0 30849
30848 42322 0:0 30849
30849 42324 21:0 30915
30903 42339 0:0 30904
30914 42326 0:0 30915
30917 42354 21:0 30925
30924 42355 0:0 30925
30924 42356 21:0 30991
30989 42357 0:0 30991
30990 42300 21:0 30996
30993 42387 0:0 30996
30995 191 21:0 30996
30995 101 21:0 30996
30998 42389 21:0 31056
31000 42388 0:0 31001
31055 42390 0:0 31067
31055 42403 21:0 31067
31066 42370 21:0 31067
31069 42420 21:0 31077
31076 42422 0:0 31077
31076 42421 21:0 31143
31141 42423 0:0 31143
31145 42453 21:0 31153
31152 42454 0:0 31153
31152 42455 21:0 31219
31166 42464 0:0 31167
31217 42456 0:0 31219
31221 42486 21:0 31229
31228 42488 0:0 31229
31228 42487 21:0 31295
31293 42489 0:0 31295
31297 42519 21:0 31305
31304 42520 0:0 31305
31304 42521 21:0 31371
31369 42522 0:0 31371
31373 42552 21:0 31381
31380 42553 0:0 31381
31380 42554 21:0 31447
31445 42555 0:0 31447
31449 42585 21:0 31457
31456 42587 0:0 31457
31456 42586 21:0 31523
31522 42452 21:0 31528
31527 42588 21:0 31548
31549 29504 1:0 31607
31553 42631 21:0 31563
31562 42340 21:0 31586
31585 42253 21:0 31586
31585 42280 21:0 31589
31588 42207 21:0 31589
31588 42208 21:0 31597
31594 42588 1:0 31715
31595 42586 1:0 31722
31595 42587 1:0 31723
31596 42069 21:0 31597
31596 42134 21:0 31600
31599 42155 21:0 31600
31599 42187 21:0 31606
31601 42585 1:0 31733
31604 29511 1:0 31742
31604 42555 1:0 31846
31607 42554 1:0 31854
31612 42553 1:0 31853
31643 42552 1:0 31864
31725 29622 1:0 31977
31726 42522 1:0 31977
31726 42521 1:0 31985
31735 42520 1:0 31984
31735 42519 1:0 31995
31741 42489 1:0 32108
31762 42487 1:0 32115
31854 29561 21:0 31859
31856 42488 1:0 32116
31857 42486 1:0 32126
31857 29682 1:0 32135
31857 42452 1:0 32239
31866 42464 1:0 32218
31866 42456 1:0 32239
31866 42455 1:0 32247
31872 42454 1:0 32246
31875 29568 21:0 31899
31893 42453 1:0 32257
31985 29618 21:0 31990
31987 42423 1:0 32370
31988 42421 1:0 32377
31988 42422 1:0 32378
31997 42420 1:0 32388
31997 29796 1:0 32397
31997 42403 1:0 32427
31997 29846 1:0 32501
32003 42390 1:0 32501
32023 42389 1:0 32509
32118 42388 1:0 32508
32119 42387 1:0 32519
32119 191 1:0 32523
32119 42370 1:0 32558
32128 29907 1:0 32632
32128 42357 1:0 32632
32128 42356 1:0 32640
32134 42355 1:0 32639
32155 42354 1:0 32650
32167 42340 1:0 32655
32249 42324 1:0 32763
32250 42339 1:0 32685
32250 42326 1:0 32747
32250 29964 1:0 32774
32258 29736 21:0 32261
32259 42322 1:0 32770
32259 42323 1:0 32771
32262 42321 1:0 32781
32265 42300 1:0 32846
32270 42291 1:0 32894
32285 30021 1:0 32894
32380 42289 1:0 32901
32381 42290 1:0 32902
32381 42288 1:0 32912
32390 42280 1:0 32927
32390 42267 1:0 32977
32390 42260 1:0 33009
32390 42258 1:0 33025
32396 42256 1:0 33032
32417 42257 1:0 33033
32511 42255 1:0 33043
32511 42253 1:0 33045
32512 119 1:0 33047
32512 42225 1:0 33156
32521 42223 1:0 33163
32521 42224 1:0 33164
32521 30188 1:0 33167
32527 105 1:0 33167
32532 42222 1:0 33174
32547 101 1:0 33178
32548 42208 1:0 33207
32560 42207 1:0 33207
32640 29903 21:0 32645
32642 42194 1:0 33258
32643 42192 1:0 33287
32643 42188 1:0 33287
32643 42191 1:0 33295
32652 42190 1:0 33294
32652 42189 1:0 33305
32652 42187 1:0 33310
32658 42176 1:0 33335
32658 42155 1:0 33338
32658 30245 1:0 33389
32660 69 1:0 33418
32661 29910 21:0 32685
32679 42159 1:0 33418
32773 42157 1:0 33425
32774 42158 1:0 33426
32783 42156 1:0 33436
32783 42134 1:0 33466
32783 42139 1:0 33475
32783 42126 1:0 33549
32783 49 1:0 33549
32791 42124 1:0 33556
32822 42125 1:0 33557
32904 42123 1:0 33567
32905 30309 1:0 33576
32905 42101 1:0 33659
32905 42093 1:0 33680
32914 42091 1:0 33687
32914 42092 1:0 33688
32922 42090 1:0 33698
32923 30024 21:0 32947
32925 42069 1:0 33728
32940 42076 1:0 33737
32941 15 1:0 33811
33035 42060 1:0 33811
33036 42058 1:0 33818
33036 42059 1:0 33819
33045 42057 1:0 33829
33045 30423 1:0 33838
33045 42044 1:0 33859
33045 343 1:0 33940
33175 30135 21:0 33178
33295 30188 21:0 33300
33306 30192 21:0 33309
33316 30195 21:0 33340
33447 30252 21:0 33471
33938 342 21:0 33988
33993 43695 21:0 34004
34003 343 21:0 34004
34006 43708 21:0 34014
34013 43710 0:0 34014
34013 43709 0:0 34014
34013 43707 0:0 34014
34014 43711 21:0 34080
34079 43724 21:0 34085
34082 43741 0:0 34085
34084 43720 21:0 34085
34087 43742 21:0 34145
34089 43743 0:0 34090
34144 43744 0:0 34156
34144 43733 21:0 34156
34155 43739 21:0 34156
34158 43774 21:0 34166
34163 43775 0:0 34166
34165 43776 0:0 34166
34166 43777 21:0 34232
34234 43807 21:0 34242
34239 43808 0:0 34242
34239 43809 0:0 34242
34242 43810 21:0 34308
34307 43752 21:0 34313
34310 43840 0:0 34313
34312 43773 21:0 34313
34315 43841 21:0 34373
34317 43842 0:0 34318
34372 43843 0:0 34384
34372 43852 21:0 34384
34383 43760 21:0 34384
34383 43806 21:0 34389
34386 43873 0:0 34389
34388 43851 21:0 34389
34391 43874 21:0 34449
34393 43875 0:0 34394
34448 43876 0:0 34460
34451 43878 21:0 34460
34459 43728 21:0 34460
34462 43906 21:0 34470
34469 43908 0:0 34470
34469 43907 21:0 34536
34482 121 0:0 34484
34534 43909 0:0 34536
34535 43925 21:0 34541
34538 43939 0:0 34541
34540 43905 21:0 34541
34543 43940 21:0 34601
34545 43941 0:0 34546
34600 43950 21:0 34612
34600 43942 0:0 34612
34611 139 21:0 34612
34614 43972 21:0 34622
34619 43973 0:0 34622
34621 43974 0:0 34622
34622 43975 21:0 34688
34687 43977 21:0 34693
34690 44005 0:0 34693
34692 43958 21:0 34693
34695 44007 21:0 34753
34696 177 0:0 34698
34697 44006 0:0 34698
34752 44008 0:0 34764
34755 44010 21:0 34764
34763 159 21:0 34764
34766 44038 21:0 34774
34771 44039 0:0 34774
34771 44040 0:0 34774
34774 44041 21:0 34840
34839 44037 21:0 34845
34842 44071 0:0 34845
34844 44004 21:0 34845
34847 44072 21:0 34905
34849 44073 0:0 34850
34904 44074 0:0 34916
34904 44089 21:0 34916
34915 44056 21:0 34916
34918 44104 21:0 34926
34925 44106 0:0 34926
34925 44105 21:0 34992
34990 44107 0:0 34992
34994 44137 21:0 35002
35001 44138 0:0 35002
35001 44139 21:0 35068
35066 44140 0:0 35068
35070 44170 21:0 35078
35077 44172 0:0 35078
35077 44171 21:0 35144
35142 44173 0:0 35144
35146 44203 21:0 35154
35153 44204 0:0 35154
35153 44205 21:0 35220
35219 44206 21:0 35230
35229 44236 21:0 35296
35295 44238 21:0 35306
35305 44148 21:0 35306
35326 44282 21:0 35336
35335 44237 21:0 35362
35361 44036 21:0 35370
35367 44237 1:0 35488
35368 44238 1:0 35496
35368 44236 1:0 35506
35369 195 21:0 35370
35369 44063 21:0 35373
35371 29561 1:0 35511
35372 43832 21:0 35373
35377 44206 1:0 35619
35377 44205 1:0 35627
35383 44204 1:0 35626
35403 44203 1:0 35637
35404 29568 1:0 35646
35498 44173 1:0 35750
35498 29618 1:0 35750
35499 44171 1:0 35757
35508 44172 1:0 35758
35508 44170 1:0 35768
35514 44148 1:0 35860
35514 44140 1:0 35881
35517 29511 21:0 35541
35535 44139 1:0 35889
35629 44138 1:0 35888
35630 44137 1:0 35899
35630 44107 1:0 36012
35638 29565 21:0 35641
35639 29736 1:0 36012
35639 44105 1:0 36019
35642 44106 1:0 36020
35647 44104 1:0 36030
35650 44089 1:0 36069
35758 29618 21:0 35763
35760 44074 1:0 36143
35761 44072 1:0 36150
35761 44073 1:0 36151
35770 44071 1:0 36161
35770 44063 1:0 36163
35770 44056 1:0 36166
35770 44041 1:0 36274
35776 195 1:0 36285
35776 44037 1:0 36285
35796 44039 1:0 36281
35889 29675 21:0 35894
35891 44040 1:0 36282
35892 44038 1:0 36292
35892 44036 1:0 36302
35892 44004 1:0 36325
35892 29903 1:0 36376
35901 44010 1:0 36389
35901 44008 1:0 36405
35901 44007 1:0 36413
35907 44006 1:0 36412
35909 177 1:0 36418
35910 29682 21:0 35934
35912 29910 1:0 36425
35940 44005 1:0 36423
36022 43977 1:0 36428
36023 43975 1:0 36536
36023 43973 1:0 36543
36023 159 1:0 36547
36032 43974 1:0 36544
36032 43972 1:0 36554
36038 43958 1:0 36587
36038 139 1:0 36638
36038 43950 1:0 36646
36059 43942 1:0 36667
36153 43940 1:0 36674
36154 43941 1:0 36675
36162 29793 21:0 36165
36163 43939 1:0 36685
36163 30024 1:0 36694
36163 43925 1:0 36724
36163 43905 1:0 36798
36163 43909 1:0 36798
36166 121 1:0 36800
36171 43907 1:0 36805
36202 43908 1:0 36806
36284 43906 1:0 36816
36285 43878 1:0 36913
36285 43876 1:0 36929
36294 43874 1:0 36936
36294 43875 1:0 36937
36300 43873 1:0 36947
36302 30135 1:0 36946
36303 29853 21:0 36327
36305 30188 1:0 36977
36320 43852 1:0 37012
36415 43851 1:0 37039
36415 43843 1:0 37060
36416 43841 1:0 37067
36416 43842 1:0 37068
36425 30192 1:0 37077
36425 43840 1:0 37078
36425 30195 1:0 37080
36425 43832 1:0 37083
36431 43810 1:0 37191
36452 43808 1:0 37198
36464 43806 1:0 37202
36546 43809 1:0 37199
36547 43807 1:0 37209
36547 30252 1:0 37214
36556 43777 1:0 37322
36556 43775 1:0 37329
36562 43776 1:0 37330
36564 43773 1:0 37333
36595 43774 1:0 37340
36677 43728 1:0 37370
36677 43760 1:0 37379
36677 43752 1:0 37432
36678 43744 1:0 37453
36687 43742 1:0 37460
36687 43743 1:0 37461
36687 43739 1:0 37467
36693 43741 1:0 37471
36693 43733 1:0 37473
36695 43720 1:0 37473
36698 43724 1:0 37476
36713 344 1:0 37713
36806 30074 21:0 36811
36808 43711 1:0 37584
36809 43709 1:0 37591
36809 43710 1:0 37592
36809 43707 1:0 37595
36817 30078 21:0 36820
36818 43708 1:0 37602
36818 43695 1:0 37632
36818 343 1:0 37686
37351 30309 21:0 37375
37482 30366 21:0 37506
37592 30416 21:0 37597
37711 343 21:0 37761
37761 45344 21:0 37777
37776 45342 21:0 37777
37779 45359 21:0 37787
37786 45361 0:0 37787
37786 45360 21:0 37853
37851 45362 0:0 37853
37852 45338 21:0 37858
37855 45392 0:0 37858
37857 45346 21:0 37858
37860 45393 21:0 37918
37861 33 0:0 37863
37862 45394 0:0 37863
37917 45404 21:0 37929
37917 45395 0:0 37929
37928 45391 21:0 37929
37928 45411 21:0 37934
37931 45425 0:0 37934
37933 45423 21:0 37934
37936 45427 21:0 37994
37938 45426 0:0 37939
37993 45428 0:0 38005
37993 45443 21:0 38005
38004 45397 21:0 38005
38007 45458 21:0 38015
38012 45459 0:0 38015
38012 45460 0:0 38015
38015 45461 21:0 38081
38080 45463 0:0 38081
38080 45489 0:0 38081
38083 45491 21:0 38091
38090 45493 0:0 38091
38090 45492 21:0 38157
38155 45494 0:0 38157
38159 45524 21:0 38167
38164 45526 0:0 38167
38166 45525 0:0 38167
38167 45527 21:0 38233
38235 45557 21:0 38243
38242 45559 0:0 38243
38242 45558 0:0 38243
38243 45560 21:0 38309
38308 45573 21:0 38314
38311 45590 0:0 38314
38313 45509 21:0 38314
38316 45591 21:0 38374
38318 45592 0:0 38319
38373 45593 0:0 38385
38373 45609 21:0 38385
38384 45549 21:0 38385
38384 45477 21:0 38390
38387 45623 0:0 38390
38389 45562 21:0 38390
38392 45625 21:0 38450
38394 45624 0:0 38395
38449 45622 21:0 38461
38449 45626 0:0 38461
38460 45469 21:0 38461
38460 45568 21:0 38466
38463 45656 0:0 38466
38465 45478 21:0 38466
38468 45657 21:0 38526
38470 45658 0:0 38471
38525 45672 21:0 38537
38525 45659 0:0 38537
38536 121 21:0 38537
38539 45689 21:0 38547
38546 45690 0:0 38547
38546 45691 0:0 38547
38547 45692 21:0 38613
38615 45722 21:0 38623
38622 45724 0:0 38623
38622 45723 21:0 38689
38687 45725 0:0 38689
38691 45755 21:0 38699
38698 45757 0:0 38699
38698 45756 21:0 38765
38763 45758 0:0 38765
38767 45788 21:0 38775
38774 45790 0:0 38775
38774 45789 21:0 38841
38839 45791 0:0 38841
38843 45821 21:0 38851
38850 45822 0:0 38851
38850 45823 21:0 38917
38915 45824 0:0 38917
38919 45854 21:0 38927
38926 45856 0:0 38927
38926 45855 21:0 38993
38991 45857 0:0 38993
38995 45887 21:0 39003
39002 45888 21:0 39069
39068 45889 21:0 39079
39078 45767 21:0 39094
39099 45933 21:0 39109
39108 247 21:0 39132
39131 13 21:0 39132
39131 45378 21:0 39135
39134 45444 21:0 39135
39140 45889 1:0 39261
39141 45888 1:0 39268
39150 45887 1:0 39279
39150 29511 1:0 39288
39150 45857 1:0 39392
39150 29565 1:0 39392
39156 45855 1:0 39399
39177 45856 1:0 39400
39271 45854 1:0 39410
39271 29618 1:0 39523
39272 45824 1:0 39523
39281 45822 1:0 39530
39281 45823 1:0 39531
39287 45821 1:0 39541
39287 29675 1:0 39625
39289 247 1:0 39654
39290 29511 21:0 39314
39308 45791 1:0 39654
39402 45789 1:0 39661
39403 45790 1:0 39662
39412 45788 1:0 39672
39412 29682 1:0 39681
39412 45767 1:0 39737
39412 45758 1:0 39785
39418 45756 1:0 39792
39421 29568 21:0 39445
39439 45757 1:0 39793
39533 45755 1:0 39803
39533 29793 1:0 39916
39534 45725 1:0 39916
39543 45723 1:0 39923
39543 45724 1:0 39924
39549 45722 1:0 39934
39554 45692 1:0 40047
39664 45690 1:0 40054
39665 45691 1:0 40055
39665 45689 1:0 40065
39665 29853 1:0 40074
39673 29679 21:0 39676
39674 45672 1:0 40104
39674 45659 1:0 40178
39677 45657 1:0 40185
39682 45658 1:0 40186
39713 45656 1:0 40196
39795 45622 1:0 40309
39796 45626 1:0 40309
39796 45625 1:0 40317
39804 29736 21:0 39807
39805 45624 1:0 40316
39805 45623 1:0 40327
39805 45609 1:0 40366
39811 45593 1:0 40440
39814 29739 21:0 39838
39832 45591 1:0 40447
39924 29789 21:0 39929
39926 45592 1:0 40448
39926 45562 1:0 40460
39926 45568 1:0 40460
39927 45590 1:0 40458
39927 45573 1:0 40463
39935 29793 21:0 39938
39936 45560 1:0 40571
39936 121 1:0 40573
39936 30074 1:0 40577
39936 45559 1:0 40579
39942 45558 1:0 40578
39944 30078 1:0 40582
39945 29796 21:0 39969
39963 45557 1:0 40589
39975 45549 1:0 40594
40057 45527 1:0 40702
40058 45525 1:0 40709
40067 45526 1:0 40710
40067 45524 1:0 40720
40067 45478 1:0 40750
40067 45509 1:0 40759
40075 45494 1:0 40833
40078 45469 1:0 40833
40186 29903 21:0 40191
40188 45492 1:0 40840
40189 45493 1:0 40841
40189 45491 1:0 40851
40189 45477 1:0 40856
40189 45489 1:0 40857
40197 29907 21:0 40200
40198 45463 1:0 40948
40198 45461 1:0 40964
40201 45459 1:0 40971
40206 45460 1:0 40972
40207 29910 21:0 40231
40225 45458 1:0 40982
40237 45444 1:0 41012
40319 45443 1:0 41021
40320 45428 1:0 41095
40320 45427 1:0 41103
40329 45426 1:0 41102
40329 45425 1:0 41113
40329 45397 1:0 41115
40335 45423 1:0 41118
40335 30309 1:0 41122
40335 45411 1:0 41143
40337 45404 1:0 41178
40338 29967 21:0 40362
40340 45391 1:0 41226
40368 45395 1:0 41226
40448 30017 21:0 40453
40450 45393 1:0 41233
40451 45394 1:0 41234
40451 33 1:0 41239
40460 45392 1:0 41244
40460 30366 1:0 41253
40460 45378 1:0 41277
40460 13 1:0 41328
40460 30416 1:0 41357
40466 45362 1:0 41357
40486 45360 1:0 41364
40581 45361 1:0 41365
40582 45359 1:0 41375
40582 45346 1:0 41380
40582 45342 1:0 41405
40582 45338 1:0 41405
40582 45344 1:0 41414
40591 345 1:0 41486
40600 30081 21:0 40624
40731 30138 21:0 40755
41124 30309 21:0 41148
41234 30359 21:0 41239
41484 344 21:0 41534
41552 47010 0:0 41555
41557 47012 21:0 41615
41559 47011 0:0 41560
41614 47013 0:0 41626
41614 47028 21:0 41626
41625 47030 21:0 41626
41625 47026 21:0 41631
41628 47043 0:0 41631
41633 47045 21:0 41691
41635 47044 0:0 41636
41690 47046 0:0 41702
41690 33 21:0 41702
41701 47042 21:0 41702
41704 47076 21:0 41712
41709 47078 0:0 41712
41711 47077 0:0 41712
41712 47079 21:0 41778
41780 47109 21:0 41788
41787 47110 0:0 41788
41787 47111 0:0 41788
41788 47112 21:0 41854
41856 47142 21:0 41864
41863 47144 0:0 41864
41863 47143 0:0 41864
41864 47145 21:0 41930
41929 47147 21:0 41935
41932 47175 0:0 41935
41934 101 21:0 41935
41937 47176 21:0 41995
41939 47177 0:0 41940
41994 47178 0:0 42006
41994 47191 21:0 42006
42005 105 21:0 42006
42005 47107 21:0 42011
42008 47208 0:0 42011
42010 47140 21:0 42011
42013 47210 21:0 42071
42015 47209 0:0 42016
42070 47211 0:0 42082
42073 47213 21:0 42082
42081 47114 21:0 42082
42081 47096 21:0 42087
42084 47241 0:0 42087
42086 47134 21:0 42087
42089 47242 21:0 42147
42091 47243 0:0 42092
42146 47259 21:0 42158
42146 47244 0:0 42158
42157 47195 21:0 42158
42160 47274 21:0 42168
42161 155 0:0 42163
42167 47275 0:0 42168
42167 47276 0:0 42168
42168 47277 21:0 42234
42236 47307 21:0 42244
42243 47309 0:0 42244
42243 47308 21:0 42310
42256 47299 0:0 42258
42308 47310 0:0 42310
42312 47340 21:0 42320
42319 47342 0:0 42320
42319 47341 0:0 42320
42320 47343 21:0 42386
42388 47373 21:0 42396
42395 47372 0:0 42396
42395 47375 0:0 42396
42395 47374 21:0 42462
42460 47376 0:0 42462
42464 47406 21:0 42472
42471 47408 0:0 42472
42471 47407 21:0 42538
42536 47409 0:0 42538
42540 47439 21:0 42548
42547 47440 0:0 42548
42547 47441 21:0 42614
42612 47442 0:0 42614
42616 47472 21:0 42624
42623 47474 0:0 42624
42623 47473 21:0 42690
42688 47475 0:0 42690
42692 47505 21:0 42700
42699 47507 0:0 42700
42699 47506 21:0 42766
42764 47508 0:0 42766
42768 47538 21:0 42776
42775 47540 21:0 42842
42841 47539 21:0 42852
42851 47285 21:0 42867
42872 47584 21:0 42882
42881 247 21:0 42905
42904 47290 21:0 42905
42904 47074 21:0 42908
42907 47054 21:0 42908
42907 47062 21:0 42916
42913 47539 1:0 43034
42914 47540 1:0 43042
42914 47538 1:0 43052
42915 47048 21:0 42916
42917 29511 1:0 43061
42923 47508 1:0 43165
42923 47506 1:0 43172
42931 47507 1:0 43173
42962 47505 1:0 43183
43042 29504 21:0 43047
43044 29568 1:0 43192
43045 47475 1:0 43296
43045 47473 1:0 43303
43054 47474 1:0 43304
43054 47472 1:0 43314
43054 29679 1:0 43398
43060 47442 1:0 43427
43062 247 1:0 43427
43093 47441 1:0 43435
43175 47440 1:0 43434
43176 47439 1:0 43445
43176 29736 1:0 43558
43185 47409 1:0 43558
43185 47407 1:0 43565
43191 47408 1:0 43566
43194 29568 21:0 43218
43212 47406 1:0 43576
43212 29739 1:0 43585
43224 29793 1:0 43660
43306 29789 1:0 43689
43307 47376 1:0 43689
43307 47374 1:0 43696
43316 47375 1:0 43697
43316 47372 1:0 43700
43316 47373 1:0 43707
43322 29796 1:0 43712
43325 29625 21:0 43349
43327 47343 1:0 43820
43355 47342 1:0 43828
43437 47341 1:0 43827
43438 47340 1:0 43838
43438 29907 1:0 43871
43438 29910 1:0 43871
43447 47290 1:0 43922
43447 29903 1:0 43951
43447 47310 1:0 43951
43453 47308 1:0 43958
43456 29682 21:0 43480
43473 47309 1:0 43959
43568 47307 1:0 43969
43568 47285 1:0 43974
43569 47299 1:0 43976
43569 47277 1:0 44082
43577 29736 21:0 43580
43578 47275 1:0 44089
43578 47276 1:0 44090
43581 47274 1:0 44100
43584 155 1:0 44104
43584 29967 1:0 44109
43584 47259 1:0 44139
43605 47244 1:0 44213
43617 30017 1:0 44213
43699 47242 1:0 44220
43700 47243 1:0 44221
43708 29793 21:0 43711
43709 47241 1:0 44231
43709 47213 1:0 44328
43709 47211 1:0 44344
43715 47210 1:0 44352
43735 47209 1:0 44351
43830 47208 1:0 44362
43830 30081 1:0 44371
43830 47195 1:0 44392
43831 47191 1:0 44401
43831 47178 1:0 44475
43840 47176 1:0 44482
43840 47177 1:0 44483
43840 105 1:0 44488
43846 30138 1:0 44495
43851 47175 1:0 44493
43866 101 1:0 44495
43867 47147 1:0 44498
43961 47145 1:0 44606
43961 47134 1:0 44617
43962 47144 1:0 44614
43971 47143 1:0 44613
43971 47114 1:0 44617
43971 47142 1:0 44624
43971 47140 1:0 44629
43979 47112 1:0 44737
43982 47096 1:0 44748
44092 47111 1:0 44745
44093 47110 1:0 44744
44093 47109 1:0 44755
44093 47107 1:0 44760
44102 47079 1:0 44868
44102 47062 1:0 44879
44108 47078 1:0 44876
44113 47077 1:0 44875
44128 47048 1:0 44879
44221 30017 21:0 44226
44223 47076 1:0 44886
44223 47054 1:0 44891
44223 30309 1:0 44895
44224 47074 1:0 44896
44224 30359 1:0 44970
44224 47046 1:0 44999
44224 47042 1:0 44999
44232 30021 21:0 44235
44233 47044 1:0 45006
44233 47045 1:0 45007
44236 33 1:0 45012
44241 47043 1:0 45017
44244 47030 1:0 45047
44259 47026 1:0 45047
44260 47028 1:0 45056
44352 30074 21:0 44357
44354 47013 1:0 45130
44355 47011 1:0 45137
44355 47012 1:0 45138
44364 47010 1:0 45148
44364 346 1:0 45259
44504 30138 21:0 44528
44887 30306 21:0 44890
45138 30416 21:0 45143
45159 30423 21:0 45183
45257 345 21:0 45307
45314 346 21:0 45323
45322 48647 21:0 45323
45323 11 21:0 45328
45325 48661 0:0 45328
45330 48662 21:0 45388
45332 48663 0:0 45333
45387 48677 21:0 45399
45387 48664 0:0 45399
45398 48680 21:0 45399
45401 48694 21:0 45409
45408 48696 0:0 45409
45408 48695 21:0 45475
45473 48697 0:0 45475
45474 48712 21:0 45480
45477 48727 0:0 45480
45479 33 21:0 45480
45482 48728 21:0 45540
45484 48729 0:0 45485
45539 48730 0:0 45551
45539 48705 21:0 45551
45550 48725 21:0 45551
45553 48760 21:0 45561
45560 48762 0:0 45561
45560 48761 21:0 45627
45625 48763 0:0 45627
45626 48699 21:0 45632
45629 48793 0:0 45632
45631 48666 21:0 45632
45631 48745 21:0 45632
45634 48795 21:0 45692
45636 48794 0:0 45637
45691 13 21:0 45703
45691 48796 0:0 45703
45702 48811 21:0 45703
45705 48826 21:0 45713
45712 48827 0:0 45713
45712 48828 21:0 45779
45777 48829 0:0 45779
45778 48846 21:0 45784
45781 48859 0:0 45784
45783 48732 21:0 45784
45786 48860 21:0 45844
45788 48861 0:0 45789
45843 48862 0:0 45855
45846 48864 21:0 45855
45854 121 21:0 45855
45854 48858 21:0 45860
45857 48892 0:0 45860
45859 48765 21:0 45860
45862 48894 21:0 45920
45864 48893 0:0 45865
45919 48908 21:0 45931
45919 48895 0:0 45931
45930 48897 21:0 45931
45933 48925 21:0 45941
45940 48926 0:0 45941
45940 48927 21:0 46007
46005 48928 0:0 46007
46009 48958 21:0 46017
46014 48959 0:0 46017
46014 48960 0:0 46017
46017 48961 21:0 46083
46071 48974 0:0 46072
46082 48963 21:0 46088
46085 48991 0:0 46088
46087 175 21:0 46088
46090 48993 21:0 46148
46092 48992 0:0 46093
46147 48994 0:0 46159
46147 48924 21:0 46159
46158 48989 21:0 46159
46158 48969 21:0 46164
46161 49024 0:0 46164
46163 48930 21:0 46164
46166 49025 21:0 46224
46167 213 0:0 46169
46168 49026 0:0 46169
46223 49027 0:0 46235
46223 49042 21:0 46235
46234 49040 21:0 46235
46237 49057 21:0 46245
46244 49058 0:0 46245
46244 49059 21:0 46311
46309 49060 0:0 46311
46313 49090 21:0 46321
46314 245 0:0 46316
46320 49092 0:0 46321
46320 49091 21:0 46387
46385 49093 0:0 46387
46389 49123 21:0 46397
46396 49125 0:0 46397
46396 49124 21:0 46463
46461 49126 0:0 46463
46465 49156 21:0 46473
46472 49158 21:0 46539
46538 49157 21:0 46549
46548 49159 21:0 46615
46614 49189 21:0 46625
46645 49235 21:0 46655
46648 29504 1:0 46696
46654 49191 21:0 46681
46680 49190 21:0 46692
46693 49190 1:0 46727
46693 49191 1:0 46810
46693 49189 1:0 46821
46696 49159 1:0 46830
46696 49157 1:0 46938
46702 49158 1:0 46946
46705 29454 21:0 46729
46722 49156 1:0 46956
46723 29568 1:0 46965
46815 29504 21:0 46820
46817 49126 1:0 47069
46818 49124 1:0 47076
46818 49125 1:0 47077
46827 49123 1:0 47087
46827 29625 1:0 47096
46827 49093 1:0 47200
46835 49091 1:0 47207
46866 49092 1:0 47208
46946 29561 21:0 46951
46948 49090 1:0 47218
46949 245 1:0 47222
46949 29682 1:0 47227
46949 29736 1:0 47331
46949 49060 1:0 47331
46957 29565 21:0 46960
46958 49058 1:0 47338
46958 49059 1:0 47339
46964 49057 1:0 47349
46966 49040 1:0 47379
46969 49042 1:0 47388
47079 49027 1:0 47462
47080 49025 1:0 47469
47080 49026 1:0 47470
47080 213 1:0 47475
47089 29793 1:0 47479
47089 49024 1:0 47480
47095 48994 1:0 47593
47098 29625 21:0 47122
47100 48993 1:0 47601
47128 48992 1:0 47600
47210 48991 1:0 47611
47211 48969 1:0 47613
47211 48989 1:0 47613
47211 48963 1:0 47616
47220 48974 1:0 47646
47220 48961 1:0 47724
47220 175 1:0 47726
47220 48959 1:0 47731
47226 48960 1:0 47732
47229 29682 21:0 47253
47247 48958 1:0 47742
47247 48930 1:0 47826
47341 48924 1:0 47855
47341 48928 1:0 47855
47342 48927 1:0 47863
47351 48926 1:0 47862
47351 48925 1:0 47873
47351 48897 1:0 47903
47351 48908 1:0 47912
47357 30017 1:0 47986
47362 48895 1:0 47986
47472 48894 1:0 47994
47473 48893 1:0 47993
47473 30021 1:0 48003
47473 48892 1:0 48004
47482 48858 1:0 48037
47482 121 1:0 48037
47482 48864 1:0 48088
47482 48862 1:0 48117
47482 30074 1:0 48117
47490 48860 1:0 48124
47521 48861 1:0 48125
47603 48859 1:0 48135
47604 48846 1:0 48165
47604 48829 1:0 48248
47613 48827 1:0 48255
47613 48828 1:0 48256
47619 48826 1:0 48266
47621 30138 1:0 48275
47624 48811 1:0 48305
47734 48796 1:0 48379
47735 48794 1:0 48386
47735 48795 1:0 48387
47744 48793 1:0 48397
47744 48765 1:0 48494
47744 48763 1:0 48510
47752 48761 1:0 48517
47783 48762 1:0 48518
47865 48760 1:0 48528
47866 48745 1:0 48567
47866 48732 1:0 48625
47866 48730 1:0 48641
47875 48728 1:0 48648
47875 48729 1:0 48649
47881 30306 1:0 48658
47886 48727 1:0 48659
47901 48699 1:0 48664
47902 48705 1:0 48689
47914 48725 1:0 48669
47996 48712 1:0 48698
47996 33 1:0 48772
47997 48697 1:0 48772
47997 48695 1:0 48779
48006 48696 1:0 48780
48006 48694 1:0 48790
48012 30416 1:0 48795
48012 48680 1:0 48820
48012 13 1:0 48820
48014 48677 1:0 48829
48017 48666 1:0 48887
48032 347 1:0 49032
48127 48664 1:0 48903
48128 48662 1:0 48910
48128 48663 1:0 48911
48137 48661 1:0 48921
48137 11 1:0 48925
48137 30423 1:0 48930
48137 48647 1:0 48954
48137 346 1:0 49005
48267 30135 21:0 48270
48398 30192 21:0 48401
48660 30306 21:0 48663
48780 30359 21:0 48785
48791 30363 21:0 48794
48922 30420 21:0 48925
49030 346 21:0 49080
49085 50299 21:0 49096
49095 347 21:0 49096
49098 50312 21:0 49106
49105 50314 0:0 49106
49105 50313 0:0 49106
49106 50315 21:0 49172
49171 15 21:0 49177
49174 50345 0:0 49177
49176 11 21:0 49177
49179 50347 21:0 49237
49181 50346 0:0 49182
49236 50348 0:0 49248
49236 50343 21:0 49248
49247 50337 21:0 49248
49247 50376 21:0 49253
49250 50378 0:0 49253
49252 50324 21:0 49253
49255 50379 21:0 49313
49257 50380 0:0 49258
49271 50389 0:0 49272
49312 50381 0:0 49324
49312 50396 21:0 49324
49323 51 21:0 49324
49323 50344 21:0 49329
49326 50411 0:0 49329
49328 50383 21:0 49329
49331 50412 21:0 49389
49333 50413 0:0 49334
49388 50414 0:0 49400
49388 69 21:0 49400
49399 50430 21:0 49400
49399 50297 21:0 49405
49402 50444 0:0 49405
49404 83 21:0 49405
49407 50446 21:0 49465
49409 50445 0:0 49410
49458 50456 0:0 49460
49464 50447 0:0 49476
49464 87 21:0 49476
49475 50443 21:0 49476
49478 50477 21:0 49486
49485 50479 0:0 49486
49485 50478 21:0 49552
49550 50480 0:0 49552
49554 50510 21:0 49562
49561 50511 0:0 49562
49561 50512 0:0 49562
49562 50513 21:0 49628
49627 50482 21:0 49633
49630 50543 0:0 49633
49632 50508 21:0 49633
49635 50545 21:0 49693
49637 50544 0:0 49638
49692 50455 21:0 49704
49692 50546 0:0 49704
49703 50488 21:0 49704
49706 50576 21:0 49714
49713 50577 0:0 49714
49713 50578 21:0 49780
49778 50579 0:0 49780
49782 50609 21:0 49790
49789 50610 0:0 49790
49789 50611 21:0 49856
49854 50612 0:0 49856
49855 50625 21:0 49861
49858 50642 0:0 49861
49860 191 21:0 49861
49863 50643 21:0 49921
49865 50644 0:0 49866
49920 50645 0:0 49932
49920 50595 21:0 49932
49931 50601 21:0 49932
49934 50675 21:0 49942
49941 50676 0:0 49942
49941 50677 21:0 50008
49954 211 0:0 49956
50006 50678 0:0 50008
50010 50708 21:0 50018
50017 50710 0:0 50018
50017 50709 21:0 50084
50082 50711 0:0 50084
50086 50741 21:0 50094
50093 50743 0:0 50094
50093 50742 21:0 50160
50158 50744 0:0 50160
50162 50774 21:0 50170
50169 50775 0:0 50170
50169 50776 21:0 50236
50234 50777 0:0 50236
50238 50807 21:0 50246
50245 50809 0:0 50246
50245 50808 21:0 50312
50311 50810 21:0 50322
50321 50840 21:0 50388
50387 50841 21:0 50398
50397 227 21:0 50398
50418 50886 21:0 50428
50421 29454 1:0 50469
50427 50842 21:0 50454
50453 50691 21:0 50462
50459 29504 1:0 50472
50459 29565 1:0 50472
50460 50842 1:0 50580
50460 50841 1:0 50587
50461 50541 21:0 50462
50461 50542 21:0 50465
50464 139 21:0 50465
50464 50489 21:0 50471
50466 50840 1:0 50598
50469 29561 1:0 50603
50469 50810 1:0 50711
50472 50808 1:0 50718
50477 50809 1:0 50719
50508 50807 1:0 50729
50588 29504 21:0 50593
50590 50777 1:0 50842
50591 50776 1:0 50850
50600 50775 1:0 50849
50600 50774 1:0 50860
50600 29625 1:0 50869
50606 50744 1:0 50973
50626 50742 1:0 50980
50721 50743 1:0 50981
50722 50741 1:0 50991
50722 29682 1:0 51000
50731 50711 1:0 51104
50731 50709 1:0 51111
50737 50710 1:0 51112
50740 29568 21:0 50764
50742 50708 1:0 51122
50757 227 1:0 51126
50758 50691 1:0 51161
50850 29618 21:0 50855
50852 50678 1:0 51235
50852 211 1:0 51237
50853 50676 1:0 51242
50853 50677 1:0 51243
50861 29622 21:0 50864
50862 50675 1:0 51253
50862 50645 1:0 51366
50868 50643 1:0 51373
50889 50644 1:0 51374
50981 29675 21:0 50986
50983 50642 1:0 51384
50983 191 1:0 51388
50984 50625 1:0 51423
50984 50612 1:0 51497
50993 50610 1:0 51504
50993 50611 1:0 51505
50999 50609 1:0 51515
50999 50601 1:0 51530
51001 50595 1:0 51554
51002 29682 21:0 51026
51020 50579 1:0 51628
51114 50578 1:0 51636
51115 50577 1:0 51635
51124 50576 1:0 51646
51124 139 1:0 51730
51124 50546 1:0 51759
51124 50542 1:0 51759
51130 50545 1:0 51767
51151 50544 1:0 51766
51245 50543 1:0 51777
51245 50541 1:0 51782
51246 50513 1:0 51890
51254 29793 21:0 51257
51255 50511 1:0 51897
51255 50512 1:0 51898
51261 50510 1:0 51908
51261 50489 1:0 51913
51261 50488 1:0 51941
51263 50508 1:0 51918
51264 29796 21:0 51288
51266 30135 1:0 51992
51294 50480 1:0 52021
51374 29846 21:0 51379
51376 50482 1:0 52005
51377 50478 1:0 52028
51377 50479 1:0 52029
51386 50477 1:0 52039
51386 50456 1:0 52104
51386 50455 1:0 52123
51386 50443 1:0 52152
51392 50447 1:0 52152
51397 50446 1:0 52160
51507 50445 1:0 52159
51507 87 1:0 52165
51508 30192 1:0 52169
51508 50444 1:0 52170
51508 83 1:0 52174
51508 50430 1:0 52209
51517 50414 1:0 52283
51517 50412 1:0 52290
51523 50413 1:0 52291
51525 69 1:0 52296
51526 29910 21:0 51550
51544 50411 1:0 52301
51556 50396 1:0 52340
51638 50381 1:0 52414
51639 50389 1:0 52393
51639 50383 1:0 52398
51639 50379 1:0 52421
51648 50380 1:0 52422
51648 51 1:0 52427
51654 30306 1:0 52431
51654 50378 1:0 52432
51654 50376 1:0 52442
51656 50344 1:0 52516
51659 30359 1:0 52545
51767 30017 21:0 51772
51769 50348 1:0 52545
51770 50346 1:0 52552
51770 50347 1:0 52553
51770 50324 1:0 52559
51779 30363 1:0 52562
51779 50345 1:0 52563
51779 50337 1:0 52565
51779 50343 1:0 52568
51785 50315 1:0 52676
51805 50314 1:0 52684
51806 15 1:0 52687
51818 30420 1:0 52687
51898 30074 21:0 51903
51900 50313 1:0 52683
51901 50312 1:0 52694
51901 11 1:0 52698
51901 50299 1:0 52724
51901 50297 1:0 52727
51910 347 1:0 52778
51910 348 1:0 52805
51919 30081 21:0 51943
52050 30138 21:0 52074
52312 30252 21:0 52336
52553 30359 21:0 52558
52803 347 21:0 52853
52860 348 21:0 52869
52871 51963 0:0 52874
52876 51964 21:0 52934
52878 51965 0:0 52879
52891 13 0:0 52893
52933 51966 0:0 52945
52942 51994 21:0 52945
52944 51974 21:0 52945
52944 51982 21:0 52950
52947 51996 0:0 52950
52949 15 21:0 52950
52952 51998 21:0 53010
52954 51997 0:0 52955
53009 51999 0:0 53021
53018 52027 21:0 53021
53020 51995 21:0 53021
53020 52001 21:0 53026
53023 52029 0:0 53026
53025 52007 21:0 53026
53028 52031 21:0 53086
53030 52030 0:0 53031
53085 52032 0:0 53097
53094 52060 21:0 53097
53096 52034 21:0 53097
53096 52041 21:0 53102
53099 52062 0:0 53102
53101 52021 21:0 53102
53104 52063 21:0 53162
53106 52064 0:0 53107
53161 52065 0:0 53173
53162 52082 21:0 53173
53172 52074 21:0 53173
53175 52095 21:0 53183
53182 52096 0:0 53183
53182 52097 0:0 53183
53183 52098 21:0 53249
53248 87 21:0 53254
53251 52128 0:0 53254
53253 52107 21:0 53254
53256 52130 21:0 53314
53258 52129 0:0 53259
53313 52131 0:0 53325
53313 52127 21:0 53325
53324 52087 21:0 53325
53327 52161 21:0 53335
53332 52162 0:0 53335
53334 52163 0:0 53335
53335 52164 21:0 53401
53400 52192 21:0 53406
53403 52194 0:0 53406
53405 52179 21:0 53406
53408 52196 21:0 53466
53410 52195 0:0 53411
53423 52186 0:0 53425
53465 52197 0:0 53477
53465 52213 21:0 53477
53476 67 21:0 53477
53479 52227 21:0 53487
53486 52228 0:0 53487
53486 52229 0:0 53487
53487 52230 21:0 53553
53552 52243 21:0 53558
53555 52260 0:0 53558
53557 52246 21:0 53558
53560 52262 21:0 53618
53562 52261 0:0 53563
53617 52263 0:0 53629
53617 52272 21:0 53629
53628 173 21:0 53629
53628 121 21:0 53634
53631 52293 0:0 53634
53633 52278 21:0 53634
53636 52294 21:0 53694
53638 52295 0:0 53639
53693 52312 21:0 53705
53693 52296 0:0 53705
53704 52324 21:0 53705
53704 52309 21:0 53710
53707 52326 0:0 53710
53709 52252 21:0 53710
53712 52327 21:0 53770
53714 52328 0:0 53715
53769 52325 21:0 53781
53769 52329 0:0 53781
53780 52346 21:0 53781
53783 52359 21:0 53791
53784 227 0:0 53786
53790 52360 0:0 53791
53790 52361 21:0 53857
53855 52362 0:0 53857
53859 52392 21:0 53867
53866 52393 0:0 53867
53866 52394 21:0 53933
53931 52395 0:0 53933
53935 52425 21:0 53943
53942 52426 21:0 54009
54008 52427 21:0 54019
54018 52428 21:0 54085
54084 52458 21:0 54095
54094 52459 21:0 54161
54160 52460 21:0 54166
54165 52461 21:0 54224
54220 29504 1:0 54353
54221 29618 1:0 54356
54221 29568 1:0 54364
54223 52371 21:0 54224
54223 52537 21:0 54227
54226 177 21:0 54227
54226 52061 21:0 54235
54232 29622 1:0 54364
54233 52461 1:0 54373
54233 52460 1:0 54404
54234 52342 21:0 54235
54234 47 21:0 54238
54237 51962 21:0 54238
54239 52459 1:0 54487
54242 52458 1:0 54498
54242 52428 1:0 54507
54248 52427 1:0 54615
54269 52426 1:0 54622
54361 29504 21:0 54366
54363 52425 1:0 54633
54364 52395 1:0 54746
54364 29675 1:0 54746
54373 52393 1:0 54753
54373 52394 1:0 54754
54379 52392 1:0 54764
54379 29682 1:0 54773
54379 52371 1:0 54829
54382 29511 21:0 54406
54400 52362 1:0 54877
54494 52361 1:0 54885
54495 52360 1:0 54884
54495 52359 1:0 54895
54503 29565 21:0 54506
54504 227 1:0 54899
54504 52346 1:0 54925
54504 52342 1:0 54934
54504 52329 1:0 55008
54504 52325 1:0 55008
54510 52327 1:0 55015
54513 29568 21:0 54537
54531 52328 1:0 55016
54531 29793 1:0 55025
54625 52326 1:0 55026
54625 29796 1:0 55031
54626 52324 1:0 55036
54626 52309 1:0 55056
54626 52312 1:0 55065
54626 29846 1:0 55139
54635 52296 1:0 55139
54635 52294 1:0 55146
54641 52295 1:0 55147
54661 52293 1:0 55157
54662 52278 1:0 55187
54674 29910 1:0 55187
54756 52272 1:0 55222
54757 52263 1:0 55270
54757 177 1:0 55270
54757 52262 1:0 55278
54766 52261 1:0 55277
54766 52252 1:0 55284
54766 52246 1:0 55290
54772 52260 1:0 55288
54772 173 1:0 55290
54774 52243 1:0 55293
54805 52230 1:0 55401
54887 52228 1:0 55408
54888 52229 1:0 55409
54897 52227 1:0 55419
54897 52213 1:0 55458
54897 30017 1:0 55532
54897 52197 1:0 55532
54905 52196 1:0 55540
54936 52195 1:0 55539
55018 52179 1:0 55552
55019 52194 1:0 55550
55019 52192 1:0 55555
55019 52164 1:0 55663
55027 29793 21:0 55030
55028 52186 1:0 55557
55028 121 1:0 55665
55028 30074 1:0 55669
55028 52162 1:0 55670
55034 52163 1:0 55671
55037 29796 21:0 55061
55054 52161 1:0 55681
55055 30081 1:0 55690
55055 52127 1:0 55794
55149 52131 1:0 55794
55150 52130 1:0 55802
55159 52129 1:0 55801
55159 52128 1:0 55812
55159 30138 1:0 55814
55159 52107 1:0 55817
55165 52098 1:0 55925
55167 87 1:0 55936
55198 52096 1:0 55932
55280 52097 1:0 55933
55281 52095 1:0 55943
55281 52061 1:0 55948
55281 52087 1:0 55958
55290 52082 1:0 55973
55290 52074 1:0 56008
55290 67 1:0 56056
55290 52065 1:0 56056
55296 52063 1:0 56063
55317 52064 1:0 56064
55411 52062 1:0 56074
55411 30252 1:0 56083
55412 52060 1:0 56084
55412 52041 1:0 56139
55412 52034 1:0 56171
55421 52032 1:0 56187
55421 52031 1:0 56195
55427 52030 1:0 56194
55427 47 1:0 56207
55427 30359 1:0 56207
55448 52029 1:0 56205
55460 52007 1:0 56210
55540 30017 21:0 55545
55542 52027 1:0 56215
55542 52021 1:0 56220
55542 52001 1:0 56289
55542 51995 1:0 56318
55543 51999 1:0 56318
55552 51997 1:0 56325
55552 51998 1:0 56326
55558 51996 1:0 56336
55558 51994 1:0 56346
55558 51962 1:0 56366
55560 51982 1:0 56375
55591 51966 1:0 56449
55673 51974 1:0 56428
55673 13 1:0 56451
55674 51964 1:0 56456
55674 51965 1:0 56457
55683 15 1:0 56462
55683 51963 1:0 56467
55683 348 1:0 56564
55683 349 1:0 56578
55954 30195 21:0 55978
56064 30245 21:0 56069
56195 30302 21:0 56200
56206 30306 21:0 56209
56216 30309 21:0 56240
56478 30423 21:0 56502
56576 348 21:0 56626
56644 53614 21:0 56652
56651 53616 0:0 56652
56651 53615 0:0 56652
56652 53617 21:0 56718
56720 53647 21:0 56728
56727 53648 0:0 56728
56727 53649 21:0 56794
56792 53650 0:0 56794
56793 53646 21:0 56799
56796 53680 0:0 56799
56798 53626 21:0 56799
56801 53682 21:0 56859
56803 53681 0:0 56804
56858 11 21:0 56870
56858 53683 0:0 56870
56869 53678 21:0 56870
56869 53633 21:0 56875
56872 53713 0:0 56875
56874 13 21:0 56875
56877 53714 21:0 56935
56879 53715 0:0 56880
56934 53716 0:0 56946
56937 53718 21:0 56946
56945 53731 21:0 56946
56945 53659 21:0 56951
56948 53746 0:0 56951
56950 47 21:0 56951
56953 53748 21:0 57011
56955 53747 0:0 56956
57010 85 21:0 57022
57010 53749 0:0 57022
57021 33 21:0 57022
57022 101 21:0 57027
57024 53779 0:0 57027
57026 65 21:0 57027
57029 53780 21:0 57087
57031 53781 0:0 57032
57086 53782 0:0 57098
57086 53790 21:0 57098
57097 53795 21:0 57098
57100 53812 21:0 57108
57105 53814 0:0 57108
57105 53813 0:0 57108
57108 53815 21:0 57174
57176 53845 21:0 57184
57183 53846 0:0 57184
57183 53847 21:0 57250
57248 53848 0:0 57250
57249 53823 21:0 57255
57252 53878 0:0 57255
57254 53811 21:0 57255
57257 53880 21:0 57315
57259 53879 0:0 57260
57314 155 21:0 57326
57314 53881 0:0 57326
57325 53798 21:0 57326
57328 53911 21:0 57336
57335 53913 0:0 57336
57335 53912 21:0 57402
57400 53914 0:0 57402
57401 53931 21:0 57407
57404 53944 0:0 57407
57406 53942 21:0 57407
57406 53930 21:0 57409
57409 53946 21:0 57467
57411 53945 0:0 57412
57466 53962 21:0 57478
57466 53947 0:0 57478
57477 53963 21:0 57478
57477 193 21:0 57483
57480 53977 0:0 57483
57482 53857 21:0 57483
57485 53978 21:0 57543
57487 53979 0:0 57488
57542 53980 0:0 57554
57545 53982 21:0 57554
57553 121 21:0 57554
57556 54010 21:0 57564
57563 54012 0:0 57564
57563 54011 21:0 57630
57628 54013 0:0 57630
57632 54043 21:0 57640
57639 54045 0:0 57640
57639 54044 21:0 57706
57704 54046 0:0 57706
57708 54076 21:0 57716
57715 54077 0:0 57716
57715 54078 21:0 57782
57780 54079 0:0 57782
57784 54109 21:0 57792
57791 54110 0:0 57792
57791 54111 21:0 57858
57857 54112 21:0 57868
57867 54142 21:0 57934
57933 54143 21:0 57944
57943 54144 21:0 58007
58015 29504 1:0 58025
58015 26151 1:0 58176
58015 26152 1:0 58177
58015 26155 1:0 58196
58016 54144 1:0 58107
58016 29511 1:0 58107
58016 26153 1:0 58186
58025 26143 1:0 58136
58025 26144 1:0 58137
58025 26149 1:0 58166
58025 26150 1:0 58167
58025 26154 1:0 58187
58025 26156 1:0 58197
58025 54143 1:0 58233
58031 54142 1:0 58244
58052 54112 1:0 58328
58064 29565 1:0 58328
58064 26300 1:0 58407
58105 26298 1:0 58397
58105 26299 1:0 58398
58113 26301 1:0 58408
58118 26290 1:0 58357
58118 26291 1:0 58358
58118 26296 1:0 58387
58118 26297 1:0 58388
58133 26302 1:0 58417
58134 26303 1:0 58418
58204 54111 1:0 58455
58206 26155 21:0 58228
58227 26143 0:0 58228
58227 26149 0:0 58228
58227 26156 0:0 58228
58227 26150 0:0 58228
58227 26154 0:0 58228
58227 26151 0:0 58228
58227 26144 0:0 58228
58227 26152 0:0 58228
58227 26153 0:0 58228
58236 54110 1:0 58454
58237 54109 1:0 58465
58237 29568 1:0 58474
58237 26445 1:0 58618
58246 54079 1:0 58550
58246 26437 1:0 58578
58246 26438 1:0 58579
58246 26443 1:0 58608
58246 26444 1:0 58609
58246 26446 1:0 58619
58246 26447 1:0 58628
58246 26448 1:0 58629
58252 26449 1:0 58638
58252 26450 1:0 58639
58272 54078 1:0 58676
58273 26592 1:0 58839
58326 54077 1:0 58675
58355 54076 1:0 58686
58417 26300 21:0 58449
58425 54046 1:0 58889
58447 26302 0:0 58449
58448 26296 0:0 58449
58448 26303 0:0 58449
58448 26297 0:0 58449
58448 26301 0:0 58449
58448 26290 0:0 58449
58448 26291 0:0 58449
58448 26299 0:0 58449
58448 26298 0:0 58449
58457 26584 1:0 58799
58457 26585 1:0 58800
58457 26590 1:0 58829
58457 26591 1:0 58830
58457 26593 1:0 58840
58457 26594 1:0 58849
58457 26595 1:0 58850
58458 26596 1:0 58859
58458 26597 1:0 58860
58458 54044 1:0 58896
58467 54045 1:0 58897
58467 54043 1:0 58907
58475 54013 1:0 58992
58478 26742 1:0 59071
58493 26739 1:0 59060
58494 26740 1:0 59061
58506 26731 1:0 59020
58506 26732 1:0 59021
58506 26737 1:0 59050
58506 26738 1:0 59051
58506 26741 1:0 59070
58547 26743 1:0 59080
58547 26744 1:0 59081
58576 54011 1:0 59117
58628 26445 21:0 58670
58669 26448 0:0 58670
58669 26447 0:0 58670
58669 26446 0:0 58670
58669 26449 0:0 58670
58669 26443 0:0 58670
58669 26444 0:0 58670
58669 26438 0:0 58670
58669 26437 0:0 58670
58669 26450 0:0 58670
58678 54012 1:0 59118
58679 54010 1:0 59128
58679 53982 1:0 59212
58679 53980 1:0 59213
58688 26878 1:0 59241
58688 26879 1:0 59242
58688 26884 1:0 59271
58688 26885 1:0 59272
58688 26886 1:0 59281
58688 26887 1:0 59282
58688 26888 1:0 59291
58688 26889 1:0 59292
58688 26890 1:0 59301
58688 26891 1:0 59302
58694 53978 1:0 59338
58715 53979 1:0 59339
58768 53977 1:0 59349
58781 29793 1:0 59348
58796 29796 1:0 59354
58797 53963 1:0 59379
58797 193 1:0 59379
58798 53962 1:0 59388
58847 27038 1:0 59523
58849 26592 21:0 58891
58857 27034 1:0 59503
58867 27033 1:0 59502
58890 26595 0:0 58891
58890 26597 0:0 58891
58890 26593 0:0 58891
58890 26596 0:0 58891
58890 26594 0:0 58891
58890 26584 0:0 58891
58890 26591 0:0 58891
58890 26590 0:0 58891
58890 26585 0:0 58891
58899 53947 1:0 59434
58900 27025 1:0 59462
58900 27026 1:0 59463
58900 27031 1:0 59492
58900 27032 1:0 59493
58900 27035 1:0 59512
58900 27036 1:0 59513
58900 27037 1:0 59522
58909 53945 1:0 59559
58909 53946 1:0 59560
58915 53944 1:0 59570
58915 53931 1:0 59600
58917 53942 1:0 59580
58920 53930 1:0 59609
58948 53914 1:0 59655
58989 27181 1:0 59724
58989 27183 1:0 59734
59002 27180 1:0 59723
59017 27172 1:0 59683
59017 27173 1:0 59684
59017 27182 1:0 59733
59018 27178 1:0 59713
59018 27179 1:0 59714
59018 27184 1:0 59743
59019 27185 1:0 59744
59068 27332 1:0 59965
59077 26742 21:0 59112
59110 26743 0:0 59112
59110 26740 0:0 59112
59111 26737 0:0 59112
59111 26731 0:0 59112
59111 26732 0:0 59112
59111 26738 0:0 59112
59111 26739 0:0 59112
59111 26741 0:0 59112
59111 26744 0:0 59112
59120 53912 1:0 59780
59121 53913 1:0 59781
59121 53911 1:0 59791
59130 27327 1:0 59944
59130 27328 1:0 59945
59130 27329 1:0 59954
59130 27330 1:0 59955
59130 53881 1:0 59993
59136 27319 1:0 59904
59136 27320 1:0 59905
59136 27325 1:0 59934
59136 27326 1:0 59935
59136 27331 1:0 59964
59156 53880 1:0 60002
59210 53879 1:0 60001
59239 53878 1:0 60012
59239 155 1:0 60016
59289 30017 1:0 60042
59299 53857 1:0 60077
59301 26888 21:0 59333
59309 27474 1:0 60165
59332 26886 0:0 59333
59332 26887 0:0 59333
59332 26891 0:0 59333
59332 26890 0:0 59333
59332 26889 0:0 59333
59332 26885 0:0 59333
59332 26879 0:0 59333
59332 26884 0:0 59333
59332 26878 0:0 59333
59341 53848 1:0 60097
59342 27466 1:0 60125
59342 27467 1:0 60126
59342 27472 1:0 60155
59342 27473 1:0 60156
59342 27475 1:0 60166
59342 27476 1:0 60175
59342 27477 1:0 60176
59342 27478 1:0 60185
59342 27479 1:0 60186
59351 53846 1:0 60222
59351 53847 1:0 60223
59359 53845 1:0 60233
59390 53815 1:0 60317
59390 53823 1:0 60317
59431 27622 1:0 60387
59431 27625 1:0 60406
59444 27621 1:0 60386
59459 27623 1:0 60396
59460 27613 1:0 60346
59460 27614 1:0 60347
59460 27619 1:0 60376
59460 27620 1:0 60377
59460 27624 1:0 60397
59461 27626 1:0 60407
59510 121 1:0 60438
59520 27773 1:0 60628
59529 27038 21:0 59554
59552 27033 0:0 59554
59552 27036 0:0 59554
59552 27037 0:0 59554
59553 27031 0:0 59554
59553 27034 0:0 59554
59553 27025 0:0 59554
59553 27026 0:0 59554
59553 27035 0:0 59554
59553 27032 0:0 59554
59562 53814 1:0 60444
59562 53811 1:0 60447
59563 53813 1:0 60443
59563 27768 1:0 60607
59563 27769 1:0 60608
59572 53812 1:0 60454
59572 53795 1:0 60487
59572 53798 1:0 60487
59572 53790 1:0 60538
59578 53782 1:0 60656
59580 27770 1:0 60617
59583 27760 1:0 60567
59583 27771 1:0 60618
59598 27761 1:0 60568
59598 27766 1:0 60597
59598 27767 1:0 60598
59599 27772 1:0 60627
59652 53780 1:0 60664
59681 53781 1:0 60665
59740 27183 21:0 59775
59751 53779 1:0 60675
59773 27184 0:0 59775
59774 27185 0:0 59775
59774 27181 0:0 59775
59774 27180 0:0 59775
59774 27182 0:0 59775
59774 27172 0:0 59775
59774 27173 0:0 59775
59774 27178 0:0 59775
59774 27179 0:0 59775
59783 101 1:0 60679
59783 85 1:0 60759
59783 27915 1:0 60828
59783 27916 1:0 60829
59784 27917 1:0 60838
59784 27918 1:0 60839
59784 53749 1:0 60877
59793 27907 1:0 60788
59793 27908 1:0 60789
59793 27913 1:0 60818
59793 27914 1:0 60819
59793 27919 1:0 60848
59793 27920 1:0 60849
59793 53748 1:0 60886
59799 53747 1:0 60885
59820 53746 1:0 60896
59832 30245 1:0 60901
59832 30195 1:0 60905
59873 53731 1:0 60929
59881 53718 1:0 60980
59902 53716 1:0 60981
59952 28067 1:0 61070
59962 28062 1:0 61049
59971 27332 21:0 59996
59972 28063 1:0 61050
59994 27331 0:0 59996
59994 27330 0:0 59996
59995 27327 0:0 59996
59995 27328 0:0 59996
59995 27325 0:0 59996
59995 27326 0:0 59996
59995 27329 0:0 59996
59995 27320 0:0 59996
59995 27319 0:0 59996
60004 28054 1:0 61009
60004 28055 1:0 61010
60004 28060 1:0 61039
60004 28061 1:0 61040
60004 28064 1:0 61059
60004 28065 1:0 61060
60004 28066 1:0 61069
60005 53714 1:0 61106
60014 53715 1:0 61107
60014 30309 1:0 61113
60014 33 1:0 61119
60014 65 1:0 61119
60020 53713 1:0 61117
60020 30306 1:0 61122
60020 47 1:0 61150
60022 53659 1:0 61150
60025 30302 1:0 61201
60040 28210 1:0 61271
60041 28209 1:0 61270
60094 53683 1:0 61319
60107 28211 1:0 61280
60122 28201 1:0 61230
60122 28202 1:0 61231
60122 28212 1:0 61281
60123 28207 1:0 61260
60123 28208 1:0 61261
60123 28213 1:0 61290
60124 28214 1:0 61291
60175 27474 21:0 60217
60215 27478 0:0 60217
60216 27479 0:0 60217
60216 27477 0:0 60217
60216 27475 0:0 60217
60216 27466 0:0 60217
60216 27467 0:0 60217
60216 27473 0:0 60217
60216 27472 0:0 60217
60216 27476 0:0 60217
60225 53682 1:0 61328
60226 53681 1:0 61327
60226 13 1:0 61334
60226 53680 1:0 61338
60235 53678 1:0 61340
60235 53633 1:0 61340
60235 30423 1:0 61343
60235 53626 1:0 61371
60235 11 1:0 61371
60235 53646 1:0 61422
60235 28360 1:0 61511
60241 53650 1:0 61423
60243 28357 1:0 61492
60246 28356 1:0 61491
60261 28358 1:0 61501
60262 28348 1:0 61451
60262 28359 1:0 61502
60274 28349 1:0 61452
60274 28354 1:0 61481
60274 28355 1:0 61482
60274 28361 1:0 61512
60343 53649 1:0 61549
60344 45933 1:0 61765
60404 53648 1:0 61548
60414 28508 1:0 61733
60416 27625 21:0 60438
60437 27619 0:0 60438
60437 27613 0:0 60438
60437 27614 0:0 60438
60437 27624 0:0 60438
60437 27622 0:0 60438
60437 27623 0:0 60438
60437 27620 0:0 60438
60437 27626 0:0 60438
60437 27621 0:0 60438
60446 53647 1:0 61559
60447 52537 1:0 61614
60447 50886 1:0 61643
60447 53617 1:0 61643
60447 28503 1:0 61712
60456 28495 1:0 61672
60456 28496 1:0 61673
60456 28501 1:0 61702
60456 28502 1:0 61703
60456 28504 1:0 61713
60456 28505 1:0 61722
60456 28506 1:0 61723
60456 28507 1:0 61732
60456 49235 1:0 61765
60456 47584 1:0 61765
60462 53615 1:0 61767
60482 53614 1:0 61776
60536 53616 1:0 61766
60536 34376 1:0 61782
60544 42631 1:0 61782
60549 44282 1:0 61782
60549 37678 1:0 61785
60564 40980 1:0 61785
60565 39329 1:0 61785
60565 32725 1:0 61810
60565 31074 1:0 61810
60565 36027 1:0 61810
60615 334 1:0 61835
60615 29423 1:0 61864
60625 28651 1:0 61934
60634 27773 21:0 60659
60635 28650 1:0 61933
60657 27768 0:0 60659
60657 27771 0:0 60659
60657 27770 0:0 60659
60657 27769 0:0 60659
60658 27761 0:0 60659
60658 27760 0:0 60659
60658 27766 0:0 60659
60658 27772 0:0 60659
60658 27767 0:0 60659
60667 28642 1:0 61893
60667 28643 1:0 61894
60667 28648 1:0 61923
60667 28649 1:0 61924
60667 28652 1:0 61943
60667 28653 1:0 61944
60667 28654 1:0 61953
60668 28655 1:0 61954
60668 28744 1:0 61957
60668 28745 1:0 61995
60835 27916 21:0 60880
60878 27915 0:0 60880
60878 27917 0:0 60880
60879 27920 0:0 60880
60879 27919 0:0 60880
60879 27918 0:0 60880
60879 27914 0:0 60880
60879 27913 0:0 60880
60879 27908 0:0 60880
60879 27907 0:0 60880
61076 28067 21:0 61101
61099 28066 0:0 61101
61099 28065 0:0 61101
61100 28064 0:0 61101
61100 28061 0:0 61101
61100 28062 0:0 61101
61100 28063 0:0 61101
61100 28060 0:0 61101
61100 28055 0:0 61101
61100 28054 0:0 61101
61277 28210 21:0 61322
61320 28211 0:0 61322
61321 28209 0:0 61322
61321 28213 0:0 61322
61321 28214 0:0 61322
61321 28212 0:0 61322
61321 28208 0:0 61322
61321 28202 0:0 61322
61321 28207 0:0 61322
61321 28201 0:0 61322
61521 28360 21:0 61543
61542 28361 0:0 61543
61542 28359 0:0 61543
61542 28349 0:0 61543
61542 28354 0:0 61543
61542 28355 0:0 61543
61542 28358 0:0 61543
61542 28348 0:0 61543
61542 28357 0:0 61543
61542 28356 0:0 61543
61739 28508 21:0 61764
61762 28506 0:0 61764
61762 28503 0:0 61764
61762 28504 0:0 61764
61762 28505 0:0 61764
61763 28507 0:0 61764
61763 28502 0:0 61764
61763 28496 0:0 61764
61763 28501 0:0 61764
61763 28495 0:0 61764
61940 28651 21:0 163
