55 7691 21:0 93
92 7688 21:0 104
103 7687 21:0 109
108 7690 21:0 109
108 7692 21:0 114
113 7839 21:0 169
113 7780 21:0 114
168 7840 21:0 185
187 7872 21:0 204
203 7841 21:0 256
255 7838 21:0 261
263 7905 21:0 280
279 7907 21:0 332
331 7871 21:0 337
339 7939 21:0 356
355 7938 21:0 408
410 7970 21:0 418
418 7973 21:0 484
483 7971 21:0 489
488 7937 21:0 494
494 8006 21:0 560
559 7972 21:0 565
643 8070 21:0 660
659 8072 21:0 712
711 8069 21:0 717
722 8105 21:0 788
790 8135 21:0 798
797 8137 21:0 848
847 8136 21:0 864
871 8170 21:0 888
887 8171 21:0 940
1323 8367 21:0 1331
1330 8368 21:0 1376
1375 8369 21:0 1397
1396 8370 21:0 1407
1406 8400 21:0 1425
1424 8402 21:0 1473
1472 8401 21:0 1478
1477 8403 21:0 1497
1496 8433 21:0 1549
1548 8434 21:0 1554
1553 8435 21:0 1559
1558 8436 21:0 1625
1624 8466 21:0 1630
1629 8467 21:0 1635
1634 8468 21:0 1690
1689 8469 21:0 1706
1705 8499 21:0 1711
1710 8500 21:0 1766
1765 8501 21:0 1777
1776 8502 21:0 1787
1786 8532 21:0 1832
1831 8534 21:0 1853
1852 8535 21:0 1863
1862 8533 21:0 1878
1877 8565 21:0 1929
1928 8566 21:0 1934
1933 8568 21:0 1953
1952 8567 21:0 2005
2004 8598 21:0 2010
2009 8599 21:0 2015
2014 8600 21:0 2081
2080 8601 21:0 2086
2085 8631 21:0 2091
2090 8633 21:0 2146
2145 8634 21:0 2162
2161 8632 21:0 2167
2166 8664 21:0 2222
2221 8665 21:0 2235
2234 8667 21:0 2243
2242 8666 21:0 2293
2292 8697 21:0 2309
2308 8698 21:0 2319
2318 8699 21:0 2337
2336 8700 21:0 2385
2384 8731 21:0 2390
2389 8796 21:0 2409
2408 8766 21:0 2461
2460 8799 21:0 2466
2465 8832 21:0 2471
2470 8829 21:0 2480
2479 8797 21:0 2487
2484 8171 1:0 3085
2485 8170 1:0 3092
2486 8798 21:0 2490
2488 8136 1:0 3207
2489 8862 21:0 2498
2491 8137 1:0 3214
2493 8135 1:0 3223
2497 8831 21:0 2524
2499 8105 1:0 3329
2499 8072 1:0 3451
2518 8070 1:0 3457
2523 8763 21:0 2599
2529 8069 1:0 3467
2606 8006 1:0 3695
2607 7972 1:0 3742
2607 7973 1:0 3817
2615 7971 1:0 3823
2621 7970 1:0 3833
2728 7938 1:0 3939
2729 7939 1:0 3946
2729 7937 1:0 3955
2737 7907 1:0 4061
2743 7905 1:0 4067
2850 7872 1:0 4189
2851 7871 1:0 4199
2851 7841 1:0 4230
2859 7840 1:0 4305
2865 7839 1:0 4311
2972 7838 1:0 4321
4493 9809 21:0 4501
4500 9811 21:0 4551
4550 9810 21:0 4567
4566 9812 21:0 4577
4576 9842 21:0 4595
4594 9844 21:0 4643
4642 9843 21:0 4648
4647 9845 21:0 4667
4666 9875 21:0 4719
4718 9876 21:0 4724
4723 9877 21:0 4729
4728 9878 21:0 4795
4794 9908 21:0 4800
4799 9909 21:0 4805
4804 9910 21:0 4860
4859 9911 21:0 4876
4875 9941 21:0 4881
4880 9943 21:0 4936
4935 9942 21:0 4952
4951 9944 21:0 4957
4956 9974 21:0 5007
5006 9976 21:0 5023
5022 9977 21:0 5033
5032 9975 21:0 5055
5054 10007 21:0 5099
5098 10009 21:0 5104
5103 10010 21:0 5123
5122 10008 21:0 5175
5174 10040 21:0 5180
5179 10042 21:0 5191
5190 10041 21:0 5251
5250 10043 21:0 5256
5255 10073 21:0 5261
5260 10074 21:0 5327
5326 10075 21:0 5332
5331 10076 21:0 5337
5336 10106 21:0 5392
5391 10108 21:0 5408
5407 10107 21:0 5413
5412 10109 21:0 5463
5462 10139 21:0 5479
5478 10142 21:0 5489
5488 10140 21:0 5525
5524 10141 21:0 5555
5554 10172 21:0 5565
5564 10173 21:0 5579
5578 10175 21:0 5631
5630 10174 21:0 5636
5635 10205 21:0 5647
5646 10207 21:0 5650
5649 10208 21:0 5658
5655 8862 1:0 5663
5656 8832 1:0 5776
5656 8831 1:0 5784
5657 10206 21:0 5663
5659 8829 1:0 5794
5662 10238 21:0 5670
5662 8798 1:0 5827
5665 8799 1:0 5907
5665 8797 1:0 5914
5669 10239 21:0 5698
5671 8796 1:0 5925
5673 8766 1:0 6038
5697 10240 21:0 5778
5699 8763 1:0 6056
5704 8731 1:0 6176
5758 8700 1:0 6220
5777 10241 21:0 5781
5779 8699 1:0 6300
5780 10271 21:0 5789
5786 8698 1:0 6307
5787 8697 1:0 6318
5788 10273 21:0 5798
5790 8666 1:0 6351
5796 8667 1:0 6431
5796 8665 1:0 6438
5797 10272 21:0 5801
5799 8664 1:0 6449
5800 10274 21:0 5836
5802 8632 1:0 6482
5802 8634 1:0 6562
5807 8633 1:0 6570
5835 10304 21:0 5909
5835 8631 1:0 6580
5837 8601 1:0 6613
5889 8600 1:0 6693
5917 8599 1:0 6700
5918 8598 1:0 6711
5927 8567 1:0 6744
5927 8568 1:0 6824
5933 8566 1:0 6831
5953 8565 1:0 6842
5966 8533 1:0 6875
6048 8535 1:0 6955
6049 8534 1:0 6963
6058 8532 1:0 6973
6058 8502 1:0 7006
6064 8501 1:0 7086
6084 8500 1:0 7093
6179 8499 1:0 7104
6180 8469 1:0 7137
6180 8468 1:0 7217
6189 8467 1:0 7224
6189 8466 1:0 7235
6197 8436 1:0 7268
6216 8435 1:0 7348
6310 8434 1:0 7355
6311 8433 1:0 7366
6311 8403 1:0 7399
6320 8401 1:0 7479
6320 8402 1:0 7487
6328 8400 1:0 7497
6347 8370 1:0 7530
6441 8369 1:0 7610
6442 8368 1:0 7617
6451 8367 1:0 7628
7808 11251 21:0 7816
7816 11254 21:0 7882
7881 11252 21:0 7887
7889 11286 21:0 7906
7905 11287 21:0 7958
7960 11317 21:0 7968
7967 11285 21:0 8018
8017 11318 21:0 8034
8036 11350 21:0 8044
8043 11351 21:0 8094
8093 11352 21:0 8110
8117 11385 21:0 8134
8133 11384 21:0 8186
8185 11353 21:0 8191
8196 11419 21:0 8262
8261 11417 21:0 8267
8266 11386 21:0 8272
8272 11452 21:0 8338
8340 11482 21:0 8348
8347 11484 21:0 8398
8397 11483 21:0 8414
8421 11517 21:0 8438
8437 11515 21:0 8490
8489 11383 21:0 8495
8497 11550 21:0 8514
8513 11319 21:0 8566
8565 11416 21:0 8571
8570 11320 21:0 8590
8589 11253 21:0 8642
8641 11548 21:0 8647
8649 11615 21:0 8666
8665 11284 21:0 8718
8717 11450 21:0 8723
8722 11647 21:0 8742
8741 11583 21:0 8794
8793 11650 21:0 8799
8798 11485 21:0 8804
8803 11518 21:0 8870
8869 11584 21:0 8875
8874 11582 21:0 8880
8879 11451 21:0 8935
8934 11682 21:0 8951
8950 11616 21:0 8956
8955 11746 21:0 8962
8970 10304 1:0 8978
8971 10274 1:0 9011
8971 10272 1:0 9091
8980 10273 1:0 9099
8980 10271 1:0 9109
8988 10241 1:0 9142
9019 10240 1:0 9222
9101 10239 1:0 9229
9102 10238 1:0 9240
9111 11746 1:0 9245
9111 10206 1:0 9273
9117 10208 1:0 9353
9122 10207 1:0 9361
9150 10205 1:0 9371
9232 11616 1:0 9376
9233 10174 1:0 9404
9242 10175 1:0 9484
9242 10173 1:0 9491
9248 10172 1:0 9502
9268 11682 1:0 9507
9281 10141 1:0 9535
9363 10142 1:0 9615
9364 10140 1:0 9622
9373 10139 1:0 9633
9373 11451 1:0 9638
9379 10109 1:0 9666
9399 10107 1:0 9746
9494 10108 1:0 9754
9495 10106 1:0 9764
9495 11582 1:0 9769
9504 10076 1:0 9797
9504 10075 1:0 9877
9512 10074 1:0 9884
9531 10073 1:0 9895
9625 11584 1:0 9900
9626 10043 1:0 9928
9626 10041 1:0 10008
9635 10042 1:0 10016
9635 10040 1:0 10026
9643 11518 1:0 10031
9662 10008 1:0 10059
9756 10010 1:0 10139
9757 10009 1:0 10147
9766 10007 1:0 10157
9766 11485 1:0 10162
9772 9975 1:0 10190
9776 9977 1:0 10270
9805 9976 1:0 10278
9887 9974 1:0 10288
9888 11650 1:0 10293
9897 9944 1:0 10321
9897 9942 1:0 10401
9903 9943 1:0 10409
9908 9941 1:0 10419
9936 11583 1:0 10424
10018 9911 1:0 10452
10019 9910 1:0 10532
10028 9909 1:0 10539
10028 9908 1:0 10550
10034 11647 1:0 10555
10039 9878 1:0 10583
10067 9877 1:0 10663
10149 9876 1:0 10670
10150 9875 1:0 10681
10159 11450 1:0 10686
10159 9845 1:0 10714
10165 9843 1:0 10794
10185 9844 1:0 10802
10198 9842 1:0 10812
10280 11284 1:0 10817
10281 9812 1:0 10845
10290 9810 1:0 10925
10290 9811 1:0 10933
10296 9809 1:0 10943
10316 11548 1:0 10948
10411 11253 1:0 10976
10412 11615 1:0 11058
10412 11320 1:0 11069
10421 5484 1:0 11072
10421 5487 1:0 11078
10421 5482 1:0 11081
10421 5474 1:0 11106
10421 5485 1:0 11109
10427 5475 1:0 11109
10427 5486 1:0 11160
10431 5483 1:0 11230
10447 5633 1:0 11299
10460 11416 1:0 11282
10542 11319 1:0 11293
10543 5627 1:0 11302
10543 5634 1:0 11302
10543 5630 1:0 11330
10552 5632 1:0 11330
10552 5631 1:0 11381
10552 5629 1:0 11450
10558 11383 1:0 11503
10563 11452 1:0 11514
10579 5779 1:0 11520
10591 5781 1:0 11523
10673 5780 1:0 11551
10673 5777 1:0 11551
10674 5778 1:0 11602
10674 5776 1:0 11671
10683 11515 1:0 11724
10683 11550 1:0 11735
10689 5924 1:0 11741
10689 5927 1:0 11744
10689 5922 1:0 11754
10693 5926 1:0 11754
10709 5923 1:0 11782
10722 5925 1:0 11826
10804 5928 1:0 11913
10804 6072 1:0 11962
10805 11483 1:0 11956
10805 6070 1:0 11965
10805 6062 1:0 11965
10814 6071 1:0 11993
10814 6074 1:0 11993
10814 6075 1:0 12044
10814 6073 1:0 12124
10822 11318 1:0 12174
10825 6219 1:0 12177
10841 6222 1:0 12183
10853 6217 1:0 12186
10935 6221 1:0 12214
10935 6209 1:0 12214
10935 6220 1:0 12265
10936 6218 1:0 12335
10936 6369 1:0 12404
10936 6356 1:0 12407
10945 11517 1:0 12395
10945 11386 1:0 12404
10951 6368 1:0 12407
10953 6365 1:0 12435
10956 6367 1:0 12435
10972 6364 1:0 12486
10984 6366 1:0 12565
11025 6513 1:0 12625
11068 11417 1:0 12608
11069 11484 1:0 12619
11078 6514 1:0 12628
11078 6511 1:0 12637
11078 6503 1:0 12637
11078 6516 1:0 12664
11078 6512 1:0 12710
11084 6515 1:0 12796
11104 11482 1:0 12840
11117 6658 1:0 12846
11158 6661 1:0 12849
11166 6660 1:0 12859
11171 6650 1:0 12859
11186 6663 1:0 12887
11187 6659 1:0 12931
11236 5483 21:0 11281
11237 6662 1:0 13017
11257 11353 1:0 13058
11280 5486 21:0 11284
11283 5485 21:0 11284
11283 5475 21:0 11284
11283 5482 21:0 11292
11289 11419 1:0 13067
11290 6806 1:0 13067
11290 6808 1:0 13070
11290 6810 1:0 13098
11291 5487 21:0 11295
11293 6809 1:0 13098
11294 5474 21:0 11295
11294 5484 21:0 11301
11296 6805 1:0 13149
11299 6807 1:0 13228
11299 11352 1:0 13271
11302 11384 1:0 13282
11305 6951 1:0 13288
11305 6957 1:0 13288
11307 6956 1:0 13291
11309 6950 1:0 13291
11325 6955 1:0 13319
11326 6952 1:0 13319
11338 6953 1:0 13370
11379 6954 1:0 13449
11408 11385 1:0 13497
11460 5629 21:0 11502
11468 11285 1:0 13503
11478 7100 1:0 13509
11478 7091 1:0 13512
11501 5631 21:0 11505
11504 5632 21:0 11505
11504 5630 21:0 11513
11510 7099 1:0 13512
11510 7101 1:0 13540
11511 7103 1:0 13540
11511 7104 1:0 13591
11511 7102 1:0 13671
11512 5634 21:0 11516
11514 7250 1:0 13730
11515 5633 21:0 11516
11515 5627 21:0 11516
11517 11351 1:0 13717
11520 11350 1:0 13728
11520 7246 1:0 13733
11520 7249 1:0 13761
11526 7247 1:0 13761
11526 7238 1:0 13771
11528 7248 1:0 13815
11531 7251 1:0 13902
11559 11287 1:0 13942
11600 7398 1:0 13942
11608 7391 1:0 13951
11613 7392 1:0 13954
11629 11317 1:0 13949
11679 7393 1:0 13954
11681 5776 21:0 11723
11689 7395 1:0 13982
11699 7394 1:0 13982
11722 5778 21:0 11726
11725 5780 21:0 11726
11725 5777 21:0 11734
11731 7397 1:0 14033
11731 7396 1:0 14113
11732 11286 1:0 14160
11732 7543 1:0 14172
11733 5781 21:0 11737
11736 5779 21:0 11737
11738 11254 1:0 14172
11741 7545 1:0 14175
11741 7542 1:0 14203
11741 7544 1:0 14203
11741 7541 1:0 14254
11747 7540 1:0 14323
11751 11252 1:0 14376
11768 11251 1:0 14387
11780 7692 1:0 14393
11821 7690 1:0 14396
11849 7688 1:0 14424
11850 7687 1:0 14424
11889 5922 21:0 11914
11900 7691 1:0 14475
11910 7689 1:0 14554
11910 7780 1:0 14605
11919 5928 21:0 11944
11943 5925 21:0 11947
11946 5923 21:0 11947
11946 5926 21:0 11955
11954 5927 21:0 11958
11957 5924 21:0 11958
12083 6062 21:0 12127
12130 6073 21:0 12165
12164 6075 21:0 12168
12167 6074 21:0 12168
12167 6071 21:0 12176
12175 6070 21:0 12179
12178 6072 21:0 12179
12341 6218 21:0 12386
12385 6220 21:0 12389
12388 6209 21:0 12389
12388 6221 21:0 12389
12388 6217 21:0 12397
12396 6222 21:0 12400
12399 6219 21:0 12400
12525 6356 21:0 12569
12575 6366 21:0 12607
12606 6364 21:0 12610
12609 6365 21:0 12610
12609 6367 21:0 12618
12617 6368 21:0 12621
12620 6369 21:0 12621
12746 6503 21:0 12790
12806 6515 21:0 12828
12827 6512 21:0 12831
12830 6516 21:0 12831
12830 6511 21:0 12839
12838 6514 21:0 12842
12841 6513 21:0 12842
12967 6650 21:0 13011
13027 6662 21:0 13049
13048 6659 21:0 13052
13051 6663 21:0 13052
13051 6660 21:0 13060
13059 6661 21:0 13063
13062 6658 21:0 13063
13238 6807 21:0 13270
13269 6805 21:0 13273
13272 6809 21:0 13273
13272 6810 21:0 13281
13280 6808 21:0 13284
13283 6806 21:0 13284
13459 6954 21:0 13491
13490 6953 21:0 13494
13493 6955 21:0 13494
13493 6952 21:0 13502
13501 6956 21:0 13505
13504 6957 21:0 13505
13504 6950 21:0 13505
13504 6951 21:0 13511
13630 7091 21:0 13674
13677 7102 21:0 13712
13711 7104 21:0 13715
13714 7103 21:0 13715
13714 7101 21:0 13723
13722 7099 21:0 13726
13725 7100 21:0 13726
13851 7238 21:0 13895
13908 7251 21:0 13933
13932 7248 21:0 13936
13935 7247 21:0 13936
13935 7249 21:0 13944
13943 7246 21:0 13947
13946 7250 21:0 13947
14119 7396 21:0 14154
14153 7397 21:0 14157
14156 7394 21:0 14157
14156 7395 21:0 14165
14164 7393 21:0 14168
14167 7391 21:0 14168
14167 7392 21:0 14168
14167 7398 21:0 14174
14333 7540 21:0 14375
14374 7541 21:0 14378
14377 7542 21:0 14378
14377 7544 21:0 14386
14385 7545 21:0 14389
14388 7543 21:0 14389
14564 7689 21:0 56
