128 49172 0:0 129
174 49077 21:0 219
218 48924 21:0 227
226 49070 21:0 232
231 49076 21:0 237
236 48923 21:0 287
286 48930 21:0 303
302 47465 21:0 368
367 46877 21:0 403
402 47172 21:0 465
464 47022 21:0 536
535 47171 21:0 607
606 47021 21:0 683
682 47020 21:0 721
720 47170 21:0 769
768 48928 21:0 769
768 49074 21:0 783
782 49073 21:0 791
790 48925 21:0 819
818 47169 21:0 845
1397 49785 21:0 1428
3374 298 21:0 3440
4610 51256 21:0 4643
4651 322 1:0 80633
6733 299 21:0 6799
10092 300 21:0 10158
11369 323 1:0 83992
13451 301 21:0 13517
14687 55669 21:0 14720
14728 324 1:0 87351
16810 302 21:0 16876
20169 303 21:0 20235
21446 325 1:0 90710
23528 304 21:0 23594
24764 60082 21:0 24797
24805 326 1:0 94069
26887 305 21:0 26953
30246 306 21:0 30312
31523 327 1:0 97428
33605 307 21:0 33671
34841 64495 21:0 34874
34882 328 1:0 100787
36964 308 21:0 37030
40323 309 21:0 40389
43682 310 21:0 43748
44918 68908 21:0 44951
44959 47169 1:0 104436
47041 311 21:0 47107
50400 312 21:0 50466
53759 313 21:0 53825
54995 73321 21:0 55028
55036 47170 1:0 104512
57118 314 21:0 57184
60477 315 21:0 60543
61754 47020 1:0 104588
63836 316 21:0 63902
65072 77734 21:0 65105
67195 317 21:0 67261
70554 318 21:0 70620
71831 47021 1:0 104664
73913 319 21:0 73979
75149 82147 21:0 75182
77272 320 21:0 77338
80631 321 21:0 80697
81908 47171 1:0 104740
83990 322 21:0 84056
85226 86560 21:0 85259
87349 323 21:0 87415
90708 324 21:0 90774
91985 47022 1:0 104816
94067 325 21:0 94133
97426 326 21:0 97492
98703 47013 1:0 105277
100785 327 21:0 100851
102062 47172 1:0 104892
102062 46877 1:0 104968
102063 46876 1:0 105044
102063 47465 1:0 105120
102063 47019 1:0 105282
102063 47012 1:0 105296
102072 47024 1:0 105196
102072 47025 1:0 105272
102072 86560 1:0 105348
102072 64495 1:0 105358
102284 49902 21:0 102287
102286 49900 21:0 102290
102667 50071 21:0 102680
102808 50130 21:0 102811
102929 50185 21:0 102942
102941 50187 21:0 102945
103070 50244 21:0 103073
103072 50242 21:0 103076
103191 50299 21:0 103204
103322 50356 21:0 103335
103594 50472 21:0 103597
103596 50470 21:0 103600
103725 50529 21:0 103728
103727 50527 21:0 103731
103856 50586 21:0 103859
103977 50641 21:0 103990
103989 50643 21:0 103993
103994 50643 1:0 105358
103994 50187 1:0 105358
104118 50700 21:0 104121
104120 50698 21:0 104124
104144 328 21:0 104210
104209 7 21:0 104210
104209 5 21:0 104215
104217 94880 21:0 104217
104242 25 21:0 104270
104318 43 21:0 104346
104364 94944 21:0 104364
104369 94946 21:0 104369
104372 94947 21:0 104372
104390 59 21:0 104422
104440 94977 21:0 104440
104445 94979 21:0 104445
104470 79 21:0 104498
104546 97 21:0 104574
104622 115 21:0 104650
104649 113 21:0 104655
104656 113 1:0 105272
104668 95076 21:0 104668
104673 95077 21:0 104673
104744 95109 21:0 104744
104749 95110 21:0 104749
104774 151 21:0 104802
104803 151 1:0 105358
104850 169 21:0 104878
104922 185 21:0 104954
104977 95209 21:0 104977
104980 95211 21:0 104980
105048 95241 21:0 105048
105124 95274 21:0 105124
105129 95275 21:0 105129
105132 95277 21:0 105132
105154 241 21:0 105182
105200 95307 21:0 105200
105205 95308 21:0 105205
105208 95310 21:0 105208
105226 257 21:0 105258
105284 95343 21:0 105284
105320 341 21:0 105334
105359 60082 1:0 105421
105374 47604 1:0 105388
105389 48045 1:0 105421
105422 55669 1:0 105432
105425 5 1:0 105432
105425 48486 1:0 105432
105425 48484 1:0 105432
105432 51256 1:0 105441
105436 48925 1:0 105441
105436 25 1:0 105441
105436 115 1:0 105441
105436 341 1:0 105441
105441 299 1:0 3376
105441 300 1:0 6735
105441 46869 1:0 105572
105441 47749 1:0 105608
105441 46878 1:0 105613
105447 301 1:0 10094
105447 302 1:0 13453
105449 303 1:0 16812
105451 304 1:0 20171
105452 305 1:0 23530
105467 306 1:0 26889
105468 307 1:0 30248
105480 308 1:0 33607
105480 309 1:0 36966
105521 310 1:0 40325
105529 311 1:0 43684
105534 312 1:0 47043
105549 313 1:0 50402
105550 314 1:0 53761
105550 82147 1:0 105645
105550 77734 1:0 105656
105550 50242 1:0 105656
105619 46878 21:0 105658
105643 95343 1:0 105643
105652 315 1:0 57120
105652 316 1:0 60479
105652 317 1:0 63838
105652 318 1:0 67197
105653 319 1:0 70556
105653 320 1:0 73915
105653 321 1:0 77274
105653 47163 1:0 105656
105653 47161 1:0 105656
105653 73321 1:0 105665
105653 257 1:0 105665
105653 49900 1:0 105665
105653 49902 1:0 105665
105657 46876 21:0 105730
105659 68908 1:0 105744
105659 47312 1:0 105744
105659 47453 1:0 105842
105659 241 1:0 105946
105659 50527 1:0 106083
105662 47606 1:0 105866
105662 47306 1:0 105870
105662 47165 1:0 105877
105662 47315 1:0 105946
105662 47167 1:0 105970
105662 47160 1:0 105995
105662 47166 1:0 106025
105662 47308 1:0 106087
105662 47309 1:0 106087
105662 50244 1:0 106087
105662 47454 1:0 106091
105668 47600 1:0 106098
105668 47313 1:0 106104
105670 47319 1:0 106276
105673 47314 1:0 106221
105688 47316 1:0 106221
105688 47311 1:0 106221
105689 50130 1:0 106304
105689 47455 1:0 106308
105689 47458 1:0 106308
105701 47307 1:0 106216
105701 47317 1:0 106221
105706 47318 1:0 106275
105729 46869 21:0 105746
105731 50071 1:0 106308
105742 47607 1:0 106312
105742 47460 1:0 106319
105742 47459 1:0 106325
105755 47457 1:0 106456
105755 47462 1:0 106477
105771 47461 1:0 106476
105772 47463 1:0 106486
105783 47012 21:0 105865
105821 50185 1:0 106525
105821 185 1:0 106546
105821 50356 1:0 106546
105821 79 1:0 106698
105864 95310 1:0 105864
105864 47019 21:0 105868
105867 47013 21:0 105876
105871 95308 1:0 105871
105873 47464 1:0 106487
105873 47466 1:0 106497
105874 48931 1:0 106546
105874 47608 1:0 106697
105874 47611 1:0 106708
105875 47025 21:0 105910
105882 95307 1:0 105882
105883 47601 1:0 106658
105883 47609 1:0 106698
105883 47610 1:0 106707
105883 47612 1:0 106717
105883 50470 1:0 106754
105883 48485 1:0 106754
105883 48190 1:0 106754
105883 169 1:0 106754
105883 48042 1:0 106761
105889 47613 1:0 106718
105889 48487 1:0 106746
105889 47748 1:0 106767
105893 47751 1:0 106898
105893 47758 1:0 106929
105909 47755 1:0 106918
105910 47747 1:0 106878
105910 47756 1:0 106919
105922 47753 1:0 106908
105922 47754 1:0 106909
105922 47757 1:0 106928
105963 47759 1:0 106938
105971 50299 1:0 106967
105976 48048 1:0 106975
105991 47760 1:0 106939
105992 47900 1:0 106982
105992 47895 1:0 106988
106001 47160 21:0 106086
106042 47897 1:0 107110
106042 47902 1:0 107139
106052 47894 1:0 107099
106052 47903 1:0 107140
106084 47167 0:0 106086
106085 95277 1:0 106085
106085 47166 0:0 106086
106085 47165 21:0 106089
106088 47024 21:0 106109
106092 95275 1:0 106092
106094 47899 1:0 107120
106094 47901 1:0 107130
106094 47904 1:0 107149
106094 47905 1:0 107150
106095 47906 1:0 107159
106095 47907 1:0 107160
106095 48044 1:0 107188
106095 48336 1:0 107196
106103 95274 1:0 106103
106104 48194 1:0 107203
106104 48041 1:0 107209
106104 48046 1:0 107341
106104 48049 1:0 107360
106104 48050 1:0 107361
106104 48051 1:0 107370
106108 47163 21:0 106109
106108 47161 21:0 106109
106110 48047 1:0 107350
106110 48052 1:0 107371
106110 48053 1:0 107380
106112 48054 1:0 107381
106112 48337 1:0 107409
106112 48189 1:0 107417
106114 48188 1:0 107424
106115 48195 1:0 107430
106130 48199 1:0 107592
106131 48192 1:0 107561
106131 97 1:0 107630
106143 48196 1:0 107581
106184 48197 1:0 107582
106197 48198 1:0 107591
106213 48200 1:0 107601
106213 48201 1:0 107602
106214 48342 1:0 107638
106222 47307 0:0 106247
106223 48335 1:0 107645
106263 48341 1:0 107651
106263 50472 1:0 107852
106263 48482 1:0 107859
106263 48488 1:0 107866
106273 48339 1:0 107782
106273 48347 1:0 107822
106282 47319 21:0 106321
106283 48343 1:0 107802
106305 47314 0:0 106307
106305 47318 0:0 106307
106305 47317 0:0 106307
106305 47316 0:0 106307
106308 48344 1:0 107803
106315 48345 1:0 107812
106315 48346 1:0 107813
106316 48348 1:0 107823
106316 48483 1:0 107872
106316 48490 1:0 108023
106316 50529 1:0 108024
106316 59 1:0 108073
106320 47311 21:0 106321
106320 47313 21:0 106327
106322 48491 1:0 108024
106324 95241 1:0 106324
106325 48489 1:0 108014
106325 48492 1:0 108033
106325 48493 1:0 108034
106325 48494 1:0 108043
106326 47306 21:0 106330
106328 48495 1:0 108044
106329 47309 21:0 106330
106329 47312 21:0 106393
106331 48636 1:0 108080
106331 48630 1:0 108087
106331 48629 1:0 108093
106331 48639 1:0 108254
106333 48632 1:0 108215
106336 48637 1:0 108244
106351 48638 1:0 108245
106364 48635 1:0 108234
106364 48640 1:0 108255
106392 47308 21:0 106409
106405 48641 1:0 108264
106413 48642 1:0 108265
106418 48928 1:0 108293
106418 50641 1:0 108301
106418 48778 1:0 108301
106418 43 1:0 108301
106418 50586 1:0 108301
106433 48782 1:0 108308
106433 48777 1:0 108314
106434 48780 1:0 108445
106434 48786 1:0 108475
106483 47462 21:0 106542
106484 48784 1:0 108465
106494 48776 1:0 108425
106494 48785 1:0 108466
106504 48783 1:0 108456
106504 48787 1:0 108476
106526 47463 0:0 106528
106527 95211 1:0 106527
106527 47464 0:0 106528
106527 47461 0:0 106528
106527 47466 0:0 106528
106529 48788 1:0 108485
106534 95209 1:0 106534
106536 48789 1:0 108486
106536 48927 1:0 108514
106536 48930 1:0 108522
106536 48923 1:0 108529
106536 48924 1:0 108535
106536 50698 1:0 108735
106537 48926 1:0 108657
106537 48932 1:0 108687
106537 48933 1:0 108696
106537 7 1:0 108739
106541 47459 21:0 106548
106543 48929 1:0 108676
106543 48934 1:0 108697
106546 48935 1:0 108706
106546 48936 1:0 108707
106546 49073 1:0 108739
106546 49074 1:0 108739
106546 298 1:0 108750
106546 49070 1:0 108759
106546 49076 1:0 108759
106546 49072 1:0 108787
106546 50700 1:0 108828
106546 49077 1:0 108828
106546 49075 1:0 108828
106546 49173 1:0 108969
106547 47460 21:0 106551
106549 49785 1:0 108926
106550 47454 21:0 106576
106552 49071 1:0 108842
106552 49078 1:0 108843
106554 49081 1:0 108842
106557 49079 1:0 108908
106572 49172 1:0 108968
106573 49080 1:0 108917
106575 47453 21:0 106630
106585 49083 1:0 108926
106626 49082 1:0 108927
106629 47457 21:0 106633
106714 47611 21:0 106763
106747 47610 0:0 106749
106748 47609 0:0 106749
106748 47601 0:0 106749
106748 47612 0:0 106749
106748 47613 0:0 106749
106748 47608 0:0 106749
106762 47607 21:0 106769
106768 47600 21:0 106772
106771 47606 21:0 106797
106796 47455 21:0 106800
106799 47458 21:0 106832
106831 47604 21:0 106846
106935 47758 21:0 106984
106968 47757 0:0 106970
106969 47754 0:0 106970
106969 47755 0:0 106970
106969 47759 0:0 106970
106969 47756 0:0 106970
106969 47760 0:0 106970
106969 47753 0:0 106970
106969 47747 0:0 106970
106983 47751 21:0 106984
106983 47315 21:0 107067
107066 47749 21:0 107072
107149 47902 21:0 107205
107189 47905 0:0 107191
107190 47903 0:0 107191
107190 47907 0:0 107191
107190 47899 0:0 107191
107190 47904 0:0 107191
107190 47894 0:0 107191
107190 47901 0:0 107191
107190 47906 0:0 107191
107197 95110 1:0 107197
107204 47895 21:0 107211
107208 95109 1:0 107208
107210 47748 21:0 107214
107213 47900 21:0 107239
107238 47897 21:0 107242
107370 48049 21:0 107426
107410 48053 0:0 107412
107411 48054 0:0 107412
107411 48047 0:0 107412
107411 48052 0:0 107412
107411 48051 0:0 107412
107411 48050 0:0 107412
107418 95077 1:0 107418
107425 48046 21:0 107426
107425 48041 21:0 107432
107429 95076 1:0 107429
107431 48048 21:0 107435
107434 48042 21:0 107463
107462 48044 21:0 107495
107494 48045 21:0 107507
107598 48199 21:0 107647
107631 48198 0:0 107633
107631 48197 0:0 107633
107632 48196 0:0 107633
107632 48201 0:0 107633
107632 48200 0:0 107633
107646 48195 21:0 107653
107652 48188 21:0 107656
107655 48189 21:0 107681
107680 48194 21:0 107735
107734 48192 21:0 107738
107832 48347 21:0 107868
107853 48344 0:0 107854
107853 48345 0:0 107854
107853 48346 0:0 107854
107853 48348 0:0 107854
107853 48343 0:0 107854
107867 48341 21:0 107874
107873 48335 21:0 107877
107876 48342 21:0 107905
107904 48336 21:0 107959
107958 48339 21:0 107964
108033 48490 21:0 108089
108074 48492 0:0 108075
108074 48493 0:0 108075
108074 48491 0:0 108075
108074 48495 0:0 108075
108074 48489 0:0 108075
108074 48494 0:0 108075
108082 94979 1:0 108082
108088 48483 21:0 108095
108092 94977 1:0 108092
108094 48488 21:0 108098
108097 48482 21:0 108123
108122 48337 21:0 108126
108125 48190 21:0 108158
108157 48485 21:0 108170
108169 48487 21:0 108177
108176 48484 21:0 108180
108264 48639 21:0 108310
108294 48641 0:0 108296
108295 94947 1:0 108295
108295 48638 0:0 108296
108295 48637 0:0 108296
108295 48640 0:0 108296
108295 48642 0:0 108296
108295 48635 0:0 108296
108303 94946 1:0 108303
108309 48629 21:0 108316
108313 94944 1:0 108313
108315 48630 21:0 108319
108318 48636 21:0 108344
108343 48632 21:0 108347
108346 48486 21:0 108382
108485 48786 21:0 108531
108515 48788 0:0 108517
108516 48783 0:0 108517
108516 48789 0:0 108517
108516 48784 0:0 108517
108516 48787 0:0 108517
108516 48776 0:0 108517
108516 48785 0:0 108517
108530 48777 21:0 108537
108536 48782 21:0 108540
108539 48780 21:0 108540
108539 48778 21:0 108540
108693 48932 21:0 108752
108736 48933 0:0 108738
108737 48929 0:0 108738
108737 48935 0:0 108738
108737 48934 0:0 108738
108737 48936 0:0 108738
108745 94880 1:0 108745
108751 48931 21:0 108811
108810 48926 21:0 108833
108832 48927 21:0 108840
108927 49080 0:0 108957
108937 49082 0:0 108957
108956 49081 0:0 108957
108956 49078 0:0 108957
108956 49079 0:0 108957
108956 49071 0:0 108957
108956 49072 21:0 108957
108956 49075 21:0 108957
108956 49083 0:0 108957
108975 49173 21:0 175
