174 48167 0:0 176
174 48172 0:0 176
174 48171 0:0 176
175 48168 0:0 176
183 48169 0:0 212
194 48259 0:0 207
206 48260 0:0 212
235 48367 21:0 293
311 48400 21:0 369
382 48432 21:0 390
390 48435 21:0 456
463 48466 21:0 521
539 48499 21:0 597
610 48531 21:0 618
838 48630 21:0 846
1066 48729 21:0 1074
1074 48732 21:0 1140
1147 48764 21:0 1205
1294 48828 21:0 1302
1447 48895 21:0 1455
1454 48897 0:0 1455
1454 48896 21:0 1521
1519 48898 0:0 1521
1523 48928 0:0 1526
1528 48929 21:0 1586
1530 48930 0:0 1531
1585 48931 0:0 1597
1599 48961 21:0 1607
1604 48963 0:0 1607
1604 48962 0:0 1607
1607 48964 21:0 1673
1675 48994 0:0 1678
1680 48995 21:0 1738
1682 48996 0:0 1683
1737 48997 0:0 1749
1751 49027 0:0 1754
1756 49029 21:0 1814
1758 49028 0:0 1759
1813 49030 0:0 1825
1827 49060 21:0 1835
1834 49062 0:0 1835
1834 49061 21:0 1901
1899 49063 0:0 1901
1903 49093 21:0 1911
1910 49095 0:0 1911
1910 49094 21:0 1977
1975 49096 0:0 1977
1979 49126 21:0 1987
1986 49127 0:0 1987
1986 49128 21:0 2053
2051 49129 0:0 2053
2055 49159 21:0 2063
2062 49160 0:0 2063
2062 49161 21:0 2129
2127 49162 0:0 2129
2131 49192 0:0 2134
2136 49194 21:0 2194
2138 49193 0:0 2139
2193 49195 0:0 2205
2207 49225 21:0 2215
2214 49226 0:0 2215
2214 49227 21:0 2281
2279 49228 0:0 2281
2283 49258 21:0 2291
2290 49260 0:0 2291
2290 49259 21:0 2357
2355 49261 0:0 2357
2359 49291 21:0 2367
2366 49292 0:0 2367
2366 49293 21:0 2433
2431 49294 0:0 2433
2435 49324 21:0 2443
2442 49326 0:0 2443
2442 49325 21:0 2509
2507 49327 0:0 2509
2511 49357 21:0 2519
2518 49358 0:0 2519
2518 49359 21:0 2585
2583 49360 0:0 2585
2608 48828 1:0 2737
2609 48764 1:0 2972
2617 48732 1:0 3087
2617 48729 1:0 3103
2634 328 21:0 2648
2641 48630 1:0 3469
2730 48531 1:0 3835
2731 48499 1:0 3947
2739 48466 1:0 4069
2739 48435 1:0 4185
2749 48432 1:0 4201
2763 329 1:0 5767
2852 48400 1:0 4313
2853 48367 1:0 4435
2861 49360 1:0 5900
4617 50337 21:0 4625
4624 50339 0:0 4625
4625 50340 21:0 4691
4693 50370 21:0 4701
4700 50372 0:0 4701
4700 50371 21:0 4767
4765 50373 0:0 4767
4769 50403 21:0 4777
4776 50405 0:0 4777
4776 50404 21:0 4843
4845 50436 21:0 4853
4852 50437 0:0 4853
4852 50438 21:0 4919
4917 50439 0:0 4919
4921 50469 21:0 4929
4928 50470 0:0 4929
4928 50471 21:0 4995
4993 50472 0:0 4995
4997 50502 21:0 5005
5004 50504 0:0 5005
5004 50503 21:0 5071
5073 50535 21:0 5081
5080 50536 0:0 5081
5080 50537 21:0 5147
5145 50538 0:0 5147
5149 50568 21:0 5157
5156 50570 0:0 5157
5156 50569 21:0 5223
5221 50571 0:0 5223
5225 50601 21:0 5233
5232 50602 0:0 5233
5232 50603 21:0 5299
5297 50604 0:0 5299
5301 50634 21:0 5309
5309 50637 21:0 5375
5382 50669 21:0 5438
5384 50668 0:0 5385
5453 50700 0:0 5456
5458 50702 21:0 5516
5460 50701 0:0 5461
5529 50733 0:0 5532
5534 50735 21:0 5589
5779 49359 1:0 5908
5780 49358 1:0 5907
5789 49357 1:0 5918
5789 49327 1:0 6031
5795 49325 1:0 6038
5808 329 21:0 5822
5816 49326 1:0 6039
5869 49324 1:0 6049
5910 49294 1:0 6162
5911 49293 1:0 6170
5920 49292 1:0 6169
5920 49291 1:0 6180
5928 49261 1:0 6293
5946 49259 1:0 6300
6041 49260 1:0 6301
6042 49258 1:0 6311
6042 49228 1:0 6424
6051 49226 1:0 6431
6051 49227 1:0 6432
6059 49225 1:0 6442
6078 49195 1:0 6555
6172 49194 1:0 6563
6173 49193 1:0 6562
6182 49192 1:0 6573
6182 49162 1:0 6686
6188 49161 1:0 6694
6192 49160 1:0 6693
6209 49159 1:0 6704
6303 49129 1:0 6817
6304 49128 1:0 6825
6313 49127 1:0 6824
6313 49126 1:0 6835
6319 49096 1:0 6948
6323 49094 1:0 6955
6352 49095 1:0 6956
6434 49093 1:0 6966
6435 49063 1:0 7079
6444 49061 1:0 7086
6444 49062 1:0 7087
6450 49060 1:0 7097
6455 49030 1:0 7210
6483 49029 1:0 7218
6565 49028 1:0 7217
6566 49027 1:0 7228
6575 48997 1:0 7341
6575 48995 1:0 7348
6581 48996 1:0 7349
6586 48994 1:0 7359
6614 48964 1:0 7472
6696 48962 1:0 7479
6697 48963 1:0 7480
6706 48961 1:0 7490
6706 48931 1:0 7603
6712 48929 1:0 7610
6732 48930 1:0 7611
6745 48928 1:0 7621
6827 48898 1:0 7734
6828 48896 1:0 7741
6837 48897 1:0 7742
6837 48895 1:0 7752
6843 330 1:0 9082
7932 51779 0:0 7935
7937 51781 21:0 7995
7939 51780 0:0 7940
7994 51782 0:0 8006
8008 51812 21:0 8016
8015 51814 0:0 8016
8015 51813 21:0 8082
8080 51815 0:0 8082
8084 51845 21:0 8092
8091 51847 0:0 8092
8091 51846 21:0 8158
8156 51848 0:0 8158
8160 51878 21:0 8168
8167 51879 0:0 8168
8167 51880 21:0 8234
8232 51881 0:0 8234
8236 51911 21:0 8244
8243 51913 0:0 8244
8243 51912 21:0 8310
8308 51914 0:0 8310
8312 51944 21:0 8320
8319 51946 0:0 8320
8319 51945 21:0 8386
8384 51947 0:0 8386
8388 51977 21:0 8396
8395 51978 0:0 8396
8395 51979 0:0 8396
8396 51980 21:0 8462
8464 52010 21:0 8472
8471 52012 0:0 8472
8471 52011 0:0 8472
8472 52013 21:0 8538
8540 52043 0:0 8543
8545 52044 21:0 8603
8547 52045 0:0 8548
8602 52046 0:0 8614
8616 52076 21:0 8624
8623 52077 0:0 8624
8623 52078 21:0 8690
8688 52079 0:0 8690
8692 52109 21:0 8700
8699 52110 0:0 8700
8699 52111 21:0 8766
8764 52112 0:0 8766
8768 52142 0:0 8771
8773 52144 21:0 8831
8775 52143 0:0 8776
8830 52145 0:0 8842
8844 52175 21:0 8852
8851 52176 0:0 8852
8851 52177 21:0 8918
8916 52178 0:0 8918
8920 52208 21:0 8928
8927 52209 0:0 8928
8927 52210 21:0 8994
8992 52211 0:0 8994
8996 52241 0:0 8999
9001 52243 21:0 9059
9003 52242 0:0 9004
9094 50735 1:0 9485
9095 50733 1:0 9495
9104 50701 1:0 9615
9104 50702 1:0 9616
9110 50700 1:0 9626
9123 330 21:0 9137
9131 50669 1:0 9747
9184 50668 1:0 9746
9225 50637 1:0 9870
9226 50634 1:0 9888
9235 50604 1:0 10001
9235 50603 1:0 10009
9243 50602 1:0 10008
9261 50601 1:0 10019
9356 50571 1:0 10132
9357 50569 1:0 10139
9357 50570 1:0 10140
9366 50568 1:0 10150
9366 50538 1:0 10263
9374 50537 1:0 10271
9393 50536 1:0 10270
9487 50535 1:0 10281
9488 50503 1:0 10401
9497 50504 1:0 10402
9497 50502 1:0 10412
9503 50472 1:0 10525
9507 50471 1:0 10533
9524 50470 1:0 10532
9618 50469 1:0 10543
9619 50439 1:0 10656
9628 50437 1:0 10663
9628 50438 1:0 10664
9634 50436 1:0 10674
9638 50404 1:0 10794
9667 50405 1:0 10795
9749 50403 1:0 10805
9750 50373 1:0 10918
9759 50371 1:0 10925
9759 50372 1:0 10926
9765 50370 1:0 10936
9770 50340 1:0 11049
9785 331 1:0 12397
9798 50339 1:0 11057
9880 50337 1:0 11067
11247 53221 21:0 11255
11254 53222 0:0 11255
11254 53223 0:0 11255
11255 53224 21:0 11321
11323 53254 21:0 11331
11330 53255 0:0 11331
11330 53256 21:0 11397
11399 53287 21:0 11407
11406 53289 0:0 11407
11406 53288 21:0 11473
11471 53290 0:0 11473
11475 53320 21:0 11483
11482 53322 0:0 11483
11482 53321 21:0 11549
11551 53353 21:0 11559
11558 53355 0:0 11559
11558 53354 21:0 11625
11623 53356 0:0 11625
11627 53386 21:0 11635
11634 53387 0:0 11635
11634 53388 21:0 11701
11699 53389 0:0 11701
11703 53419 21:0 11711
11710 53421 0:0 11711
11710 53420 21:0 11777
11775 53422 0:0 11777
11779 53452 21:0 11787
11786 53453 0:0 11787
11786 53454 21:0 11853
11855 53485 21:0 11863
11862 53487 21:0 11929
11927 53488 0:0 11929
11931 53518 21:0 11939
11936 53519 0:0 11939
11939 53521 21:0 12005
12007 53551 21:0 12015
12014 53552 0:0 12015
12015 53554 21:0 12081
12088 53586 21:0 12146
12090 53585 0:0 12091
12145 53587 0:0 12157
12167 53620 21:0 12233
12409 52243 1:0 12538
12410 52242 1:0 12537
12419 52241 1:0 12548
12419 52211 1:0 12661
12425 52210 1:0 12669
12438 331 21:0 12452
12446 52209 1:0 12668
12499 52208 1:0 12679
12540 52178 1:0 12792
12541 52177 1:0 12800
12550 52176 1:0 12799
12550 52175 1:0 12810
12558 52145 1:0 12923
12576 52144 1:0 12931
12671 52143 1:0 12930
12672 52142 1:0 12941
12672 52112 1:0 13054
12681 52110 1:0 13061
12681 52111 1:0 13062
12689 52109 1:0 13072
12708 52079 1:0 13185
12802 52078 1:0 13193
12803 52077 1:0 13192
12812 52076 1:0 13203
12812 52046 1:0 13316
12818 52044 1:0 13323
12822 52045 1:0 13324
12839 52043 1:0 13334
12933 52013 1:0 13447
12934 52011 1:0 13454
12943 52012 1:0 13455
12943 52010 1:0 13465
12949 51980 1:0 13578
12953 51979 1:0 13586
12982 51978 1:0 13585
13064 51977 1:0 13596
13065 51947 1:0 13709
13074 51945 1:0 13716
13074 51946 1:0 13717
13080 51944 1:0 13727
13085 51914 1:0 13840
13113 51912 1:0 13847
13195 51913 1:0 13848
13196 51911 1:0 13858
13205 51881 1:0 13971
13205 51880 1:0 13979
13211 51879 1:0 13978
13216 51878 1:0 13989
13244 51848 1:0 14102
13326 51846 1:0 14109
13327 51847 1:0 14110
13336 51845 1:0 14120
13336 51815 1:0 14233
13342 51813 1:0 14240
13362 51814 1:0 14241
13375 51812 1:0 14251
13457 51782 1:0 14364
13458 51781 1:0 14372
13467 51780 1:0 14371
13467 51779 1:0 14382
13473 332 1:0 15712
14562 54663 21:0 14570
14569 54664 0:0 14570
14569 54665 0:0 14570
14570 54666 21:0 14636
14638 54696 21:0 14646
14645 54697 0:0 14646
14645 54698 21:0 14712
14710 54699 0:0 14712
14714 54729 21:0 14722
14721 54731 0:0 14722
14721 54730 21:0 14788
14786 54732 0:0 14788
14790 54762 21:0 14798
14797 54764 0:0 14798
14797 54763 21:0 14864
14862 54765 0:0 14864
14866 54795 21:0 14874
14873 54797 0:0 14874
14873 54796 21:0 14940
14938 54798 0:0 14940
14942 54828 21:0 14950
14949 54829 0:0 14950
14949 54830 21:0 15016
15014 54831 0:0 15016
15018 54861 21:0 15026
15025 54863 0:0 15026
15025 54862 21:0 15092
15090 54864 0:0 15092
15094 54894 21:0 15102
15101 54896 0:0 15102
15101 54895 21:0 15168
15166 54897 0:0 15168
15170 54927 21:0 15178
15175 54929 0:0 15178
15177 54928 0:0 15178
15178 54930 21:0 15244
15246 54960 21:0 15254
15253 54961 0:0 15254
15253 54962 21:0 15320
15318 54963 0:0 15320
15322 54993 21:0 15330
15329 54995 0:0 15330
15329 54994 21:0 15396
15394 54996 0:0 15396
15398 55026 0:0 15401
15403 55027 21:0 15459
15405 55028 0:0 15406
15458 55029 0:0 15472
15474 55059 21:0 15482
15481 55061 0:0 15482
15481 55060 0:0 15482
15482 55062 21:0 15548
15550 55092 21:0 15558
15557 55093 0:0 15558
15557 55094 21:0 15624
15626 55125 21:0 15634
15633 55126 0:0 15634
15633 55127 21:0 15700
15698 55128 0:0 15700
15724 53620 1:0 16107
15725 53587 1:0 16238
15734 53585 1:0 16245
15734 53586 1:0 16246
15740 53554 1:0 16369
15753 332 21:0 15767
15761 53552 1:0 16376
15814 53551 1:0 16387
15855 53521 1:0 16500
15856 53519 1:0 16507
15865 53518 1:0 16518
15865 53488 1:0 16631
15873 53487 1:0 16639
15891 53485 1:0 16649
15986 53454 1:0 16770
15987 53453 1:0 16769
15987 53452 1:0 16780
15996 53422 1:0 16893
15996 53420 1:0 16900
16004 53421 1:0 16901
16023 53419 1:0 16911
16117 53389 1:0 17024
16118 53388 1:0 17032
16127 53387 1:0 17031
16127 53386 1:0 17042
16133 53356 1:0 17155
16137 53354 1:0 17162
16154 53355 1:0 17163
16248 53353 1:0 17173
16249 53321 1:0 17293
16258 53322 1:0 17294
16258 53320 1:0 17304
16264 53290 1:0 17417
16268 53288 1:0 17424
16297 53289 1:0 17425
16379 53287 1:0 17435
16380 53256 1:0 17556
16389 53255 1:0 17555
16389 53254 1:0 17566
16395 53224 1:0 17679
16400 53223 1:0 17687
16415 333 1:0 19027
16428 53222 1:0 17686
16510 53221 1:0 17697
17877 56105 21:0 17885
17884 56106 0:0 17885
17885 56108 21:0 17951
17953 56138 21:0 17961
17960 56139 0:0 17961
17960 56140 21:0 18027
18029 56171 21:0 18037
18036 56173 0:0 18037
18036 56172 21:0 18103
18101 56174 0:0 18103
18105 56204 21:0 18113
18112 56205 0:0 18113
18112 56206 21:0 18179
18177 56207 0:0 18179
18181 56237 21:0 18189
18188 56238 0:0 18189
18188 56239 21:0 18255
18253 56240 0:0 18255
18257 56270 21:0 18265
18264 56272 0:0 18265
18264 56271 21:0 18331
18329 56273 0:0 18331
18333 56303 21:0 18341
18340 56304 0:0 18341
18340 56305 21:0 18407
18405 56306 0:0 18407
18409 56336 21:0 18417
18416 56337 0:0 18417
18416 56338 21:0 18483
18485 56369 21:0 18493
18492 56370 21:0 18559
18561 56402 21:0 18569
18569 56405 21:0 18635
18637 56435 0:0 18640
18642 56437 21:0 18698
18644 56436 0:0 18645
18697 56438 0:0 18711
18713 56468 21:0 18721
18721 56471 21:0 18787
18789 56501 0:0 18792
18794 56503 21:0 18852
18865 56534 21:0 18873
19039 55128 1:0 19160
19040 55127 1:0 19168
19049 55126 1:0 19167
19049 55125 1:0 19178
19055 55094 1:0 19299
19068 333 21:0 19082
19076 55093 1:0 19298
19129 55092 1:0 19309
19170 55062 1:0 19422
19171 55060 1:0 19429
19180 55061 1:0 19430
19180 55059 1:0 19440
19188 55029 1:0 19553
19206 55027 1:0 19560
19301 55028 1:0 19561
19302 55026 1:0 19571
19302 54996 1:0 19684
19311 54994 1:0 19691
19311 54995 1:0 19692
19319 54993 1:0 19702
19338 54963 1:0 19815
19432 54962 1:0 19823
19433 54961 1:0 19822
19442 54960 1:0 19833
19442 54930 1:0 19946
19448 54928 1:0 19953
19452 54929 1:0 19954
19469 54927 1:0 19964
19563 54897 1:0 20077
19564 54895 1:0 20084
19573 54896 1:0 20085
19573 54894 1:0 20095
19579 54864 1:0 20208
19583 54862 1:0 20215
19612 54863 1:0 20216
19694 54861 1:0 20226
19695 54831 1:0 20339
19704 54829 1:0 20346
19704 54830 1:0 20347
19710 54828 1:0 20357
19715 54798 1:0 20470
19743 54796 1:0 20477
19825 54797 1:0 20478
19826 54795 1:0 20488
19835 54765 1:0 20601
19835 54763 1:0 20608
19841 54764 1:0 20609
19846 54762 1:0 20619
19874 54732 1:0 20732
19956 54730 1:0 20739
19957 54731 1:0 20740
19966 54729 1:0 20750
19966 54699 1:0 20863
19972 54698 1:0 20871
19992 54697 1:0 20870
20005 54696 1:0 20881
20087 54666 1:0 20994
20088 54665 1:0 21002
20097 54664 1:0 21001
20097 54663 1:0 21012
20103 334 1:0 22342
21192 57547 21:0 21200
21199 57548 0:0 21200
21199 57549 0:0 21200
21200 57550 21:0 21266
21268 57580 21:0 21276
21275 57581 0:0 21276
21275 57582 21:0 21342
21340 57583 0:0 21342
21344 57613 21:0 21352
21351 57614 0:0 21352
21351 57615 21:0 21418
21416 57616 0:0 21418
21420 57646 21:0 21428
21427 57647 0:0 21428
21427 57648 21:0 21494
21492 57649 0:0 21494
21496 57679 21:0 21504
21503 57680 0:0 21504
21503 57681 21:0 21570
21568 57682 0:0 21570
21572 57712 21:0 21580
21579 57713 0:0 21580
21579 57714 21:0 21646
21644 57715 0:0 21646
21648 57745 21:0 21656
21655 57747 0:0 21656
21655 57746 21:0 21722
21720 57748 0:0 21722
21724 57778 21:0 21732
21731 57780 0:0 21732
21731 57779 21:0 21798
21796 57781 0:0 21798
21800 57811 21:0 21808
21807 57812 0:0 21808
21807 57813 21:0 21874
21872 57814 0:0 21874
21876 57844 21:0 21884
21881 57845 0:0 21884
21881 57846 0:0 21884
21884 57847 21:0 21950
21952 57877 21:0 21960
21959 57879 0:0 21960
21959 57878 21:0 22026
22024 57880 0:0 22026
22028 57910 0:0 22031
22033 57911 21:0 22091
22035 57912 0:0 22036
22090 57913 0:0 22102
22104 57943 0:0 22107
22109 57944 21:0 22167
22111 57945 0:0 22112
22166 57946 0:0 22178
22180 57976 0:0 22183
22185 57977 21:0 22243
22187 57978 0:0 22188
22242 57979 0:0 22254
22256 58009 0:0 22259
22261 58011 21:0 22319
22318 58012 0:0 22330
22354 56534 1:0 22624
22355 56503 1:0 22745
22364 56501 1:0 22755
22364 56471 1:0 22868
22370 56468 1:0 22886
22383 334 21:0 22397
22391 56438 1:0 22999
22444 56437 1:0 23007
22485 56436 1:0 23006
22486 56435 1:0 23017
22495 56405 1:0 23130
22495 56402 1:0 23148
22503 56370 1:0 23268
22521 56369 1:0 23279
22616 56338 1:0 23400
22617 56337 1:0 23399
22617 56336 1:0 23410
22626 56306 1:0 23523
22626 56305 1:0 23531
22634 56304 1:0 23530
22653 56303 1:0 23541
22747 56273 1:0 23654
22748 56271 1:0 23661
22757 56272 1:0 23662
22757 56270 1:0 23672
22763 56240 1:0 23785
22767 56239 1:0 23793
22784 56238 1:0 23792
22878 56237 1:0 23803
22879 56207 1:0 23916
22888 56205 1:0 23923
22888 56206 1:0 23924
22894 56204 1:0 23934
22898 56174 1:0 24047
22927 56172 1:0 24054
23009 56173 1:0 24055
23010 56171 1:0 24065
23019 56139 1:0 24185
23019 56140 1:0 24186
23025 56138 1:0 24196
23030 56108 1:0 24309
23045 335 1:0 25657
23058 56106 1:0 24316
23140 56105 1:0 24327
23141 58012 1:0 25790
23150 58011 1:0 25798
24507 58989 21:0 24515
24514 58991 0:0 24515
24515 58992 21:0 24581
24583 59022 21:0 24591
24590 59023 0:0 24591
24590 59024 21:0 24657
24655 59025 0:0 24657
24659 59055 21:0 24667
24666 59056 0:0 24667
24666 59057 21:0 24733
24731 59058 0:0 24733
24735 59088 21:0 24743
24742 59090 0:0 24743
24742 59089 21:0 24809
24807 59091 0:0 24809
24811 59121 21:0 24819
24818 59123 0:0 24819
24818 59122 21:0 24885
24883 59124 0:0 24885
24887 59154 21:0 24895
24894 59155 0:0 24895
24894 59156 21:0 24961
24959 59157 0:0 24961
24963 59187 21:0 24971
24970 59189 0:0 24971
24970 59188 21:0 25037
25035 59190 0:0 25037
25039 59220 21:0 25047
25046 59221 21:0 25113
25111 59223 0:0 25113
25115 59253 0:0 25118
25120 59255 21:0 25178
25122 59254 0:0 25123
25191 59286 21:0 25199
25198 59287 21:0 25265
25263 59289 0:0 25265
25272 59321 21:0 25330
25274 59320 0:0 25275
25329 59322 0:0 25341
25343 59352 0:0 25346
25348 59353 21:0 25406
25405 59355 0:0 25417
25427 59388 21:0 25493
25576 59453 21:0 25634
25669 58009 1:0 25808
25670 57979 1:0 25921
25679 57977 1:0 25928
25679 57978 1:0 25929
25685 57976 1:0 25939
25698 335 21:0 25712
25706 57946 1:0 26052
25759 57944 1:0 26059
25800 57945 1:0 26060
25801 57943 1:0 26070
25810 57913 1:0 26183
25810 57911 1:0 26190
25818 57912 1:0 26191
25836 57910 1:0 26201
25931 57880 1:0 26314
25932 57878 1:0 26321
25932 57879 1:0 26322
25941 57877 1:0 26332
25941 57847 1:0 26445
25949 57845 1:0 26452
25968 57846 1:0 26453
26062 57844 1:0 26463
26063 57814 1:0 26576
26072 57812 1:0 26583
26072 57813 1:0 26584
26078 57811 1:0 26594
26082 57781 1:0 26707
26099 57779 1:0 26714
26193 57780 1:0 26715
26194 57778 1:0 26725
26203 57748 1:0 26838
26203 57746 1:0 26845
26209 57747 1:0 26846
26213 57745 1:0 26856
26242 57715 1:0 26969
26324 57714 1:0 26977
26325 57713 1:0 26976
26334 57712 1:0 26987
26334 57682 1:0 27100
26340 57681 1:0 27108
26345 57680 1:0 27107
26373 57679 1:0 27118
26455 57649 1:0 27231
26456 57648 1:0 27239
26465 57647 1:0 27238
26465 57646 1:0 27249
26471 57616 1:0 27362
26476 57615 1:0 27370
26504 57614 1:0 27369
26586 57613 1:0 27380
26587 57583 1:0 27493
26596 57581 1:0 27500
26596 57582 1:0 27501
26602 57580 1:0 27511
26622 57550 1:0 27624
26635 57548 1:0 27631
26717 57549 1:0 27632
26718 57547 1:0 27642
26727 336 1:0 28972
27822 60431 21:0 27830
27829 60432 0:0 27830
27829 60433 0:0 27830
27830 60434 21:0 27896
27898 60464 21:0 27906
27905 60466 0:0 27906
27905 60465 21:0 27972
27970 60467 0:0 27972
27974 60497 21:0 27982
27981 60499 0:0 27982
27981 60498 21:0 28048
28046 60500 0:0 28048
28050 60530 21:0 28058
28057 60531 0:0 28058
28057 60532 21:0 28124
28122 60533 0:0 28124
28126 60563 21:0 28134
28133 60564 0:0 28134
28133 60565 21:0 28200
28198 60566 0:0 28200
28202 60596 21:0 28210
28209 60598 0:0 28210
28209 60597 21:0 28276
28274 60599 0:0 28276
28278 60629 21:0 28286
28285 60631 0:0 28286
28285 60630 21:0 28352
28350 60632 0:0 28352
28354 60662 21:0 28362
28361 60663 0:0 28362
28361 60664 0:0 28362
28362 60665 21:0 28428
28430 60695 21:0 28438
28437 60697 0:0 28438
28437 60696 21:0 28504
28502 60698 0:0 28504
28506 60728 21:0 28514
28513 60730 0:0 28514
28513 60729 21:0 28580
28578 60731 0:0 28580
28582 60761 0:0 28585
28587 60763 21:0 28645
28589 60762 0:0 28590
28644 60764 0:0 28656
28658 60794 21:0 28666
28665 60796 0:0 28666
28665 60795 0:0 28666
28666 60797 21:0 28732
28734 60827 0:0 28737
28739 60829 21:0 28797
28741 60828 0:0 28742
28796 60830 0:0 28808
28810 60860 0:0 28813
28815 60862 21:0 28873
28817 60861 0:0 28818
28872 60863 0:0 28884
28886 60893 21:0 28894
28984 59453 1:0 29113
28985 59388 1:0 29367
28994 59355 1:0 29498
28994 59353 1:0 29505
29000 59352 1:0 29516
29013 336 21:0 29027
29021 59322 1:0 29629
29074 59321 1:0 29637
29115 59320 1:0 29636
29116 59289 1:0 29760
29125 59287 1:0 29767
29125 59286 1:0 29778
29133 59255 1:0 29899
29151 59254 1:0 29898
29246 59253 1:0 29909
29247 59223 1:0 30022
29247 59221 1:0 30029
29256 59220 1:0 30040
29256 59190 1:0 30153
29264 59188 1:0 30160
29283 59189 1:0 30161
29377 59187 1:0 30171
29378 59157 1:0 30284
29387 59155 1:0 30291
29387 59156 1:0 30292
29393 59154 1:0 30302
29397 59124 1:0 30415
29414 59122 1:0 30422
29508 59123 1:0 30423
29509 59121 1:0 30433
29518 59091 1:0 30546
29518 59089 1:0 30553
29524 59090 1:0 30554
29528 59088 1:0 30564
29557 59058 1:0 30677
29639 59057 1:0 30685
29640 59056 1:0 30684
29649 59055 1:0 30695
29649 59025 1:0 30808
29655 59024 1:0 30816
29660 59023 1:0 30815
29675 337 1:0 32287
29688 59022 1:0 30826
29770 58992 1:0 30939
29771 58991 1:0 30947
29780 58989 1:0 30957
31137 61873 21:0 31145
31144 61874 0:0 31145
31144 61875 0:0 31145
31145 61876 21:0 31211
31213 61906 21:0 31221
31220 61907 0:0 31221
31220 61908 21:0 31287
31289 61939 21:0 31297
31296 61940 0:0 31297
31296 61941 21:0 31363
31361 61942 0:0 31363
31365 61972 21:0 31373
31372 61974 0:0 31373
31372 61973 21:0 31439
31437 61975 0:0 31439
31441 62005 21:0 31449
31448 62006 0:0 31449
31448 62007 21:0 31515
31513 62008 0:0 31515
31517 62038 21:0 31525
31524 62040 0:0 31525
31524 62039 21:0 31591
31593 62071 21:0 31601
31600 62072 0:0 31601
31600 62073 21:0 31667
31665 62074 0:0 31667
31669 62104 21:0 31677
31676 62106 0:0 31677
31676 62105 21:0 31743
31741 62107 0:0 31743
31745 62137 21:0 31753
31750 62138 0:0 31753
31753 62140 21:0 31819
31821 62170 0:0 31824
31826 62172 21:0 31884
31902 62204 21:0 31960
31959 62206 0:0 31971
31973 62236 21:0 31981
31980 62237 0:0 31981
31980 62238 21:0 32047
32049 62269 0:0 32052
32054 62271 21:0 32112
32056 62270 0:0 32057
32206 62337 21:0 32264
32299 60893 1:0 32438
32300 60863 1:0 32551
32309 60861 1:0 32558
32309 60862 1:0 32559
32315 60860 1:0 32569
32328 337 21:0 32342
32336 60830 1:0 32682
32389 60829 1:0 32690
32430 60828 1:0 32689
32431 60827 1:0 32700
32440 60797 1:0 32813
32440 60796 1:0 32821
32448 60795 1:0 32820
32466 60794 1:0 32831
32561 60764 1:0 32944
32562 60762 1:0 32951
32562 60763 1:0 32952
32571 60761 1:0 32962
32571 60731 1:0 33075
32579 60729 1:0 33082
32598 60730 1:0 33083
32692 60728 1:0 33093
32693 60698 1:0 33206
32702 60696 1:0 33213
32702 60697 1:0 33214
32708 60695 1:0 33224
32712 60665 1:0 33337
32729 60663 1:0 33344
32823 60664 1:0 33345
32824 60662 1:0 33355
32833 60632 1:0 33468
32833 60630 1:0 33475
32839 60631 1:0 33476
32843 60629 1:0 33486
32872 60599 1:0 33599
32954 60597 1:0 33606
32955 60598 1:0 33607
32964 60596 1:0 33617
32964 60566 1:0 33730
32970 60565 1:0 33738
32975 60564 1:0 33737
33003 60563 1:0 33748
33085 60533 1:0 33861
33086 60532 1:0 33869
33095 60531 1:0 33868
33095 60530 1:0 33879
33101 60500 1:0 33992
33106 60498 1:0 33999
33134 60499 1:0 34000
33216 60497 1:0 34010
33217 60467 1:0 34123
33226 60465 1:0 34130
33226 60466 1:0 34131
33232 60464 1:0 34141
33252 60434 1:0 34254
33265 60433 1:0 34262
33347 60432 1:0 34261
33348 60431 1:0 34272
33357 338 1:0 35602
33357 62337 1:0 35743
33363 62271 1:0 36005
34452 63315 0:0 34455
34457 63316 21:0 34515
34459 63317 0:0 34460
34514 63318 0:0 34526
34528 63348 21:0 34536
34535 63349 0:0 34536
34535 63350 21:0 34602
34600 63351 0:0 34602
34604 63381 21:0 34612
34611 63383 0:0 34612
34611 63382 21:0 34678
34676 63384 0:0 34678
34680 63414 21:0 34688
34687 63416 0:0 34688
34687 63415 21:0 34754
34752 63417 0:0 34754
34756 63447 21:0 34764
34763 63448 0:0 34764
34763 63449 21:0 34830
34828 63450 0:0 34830
34832 63480 21:0 34840
34839 63481 0:0 34840
34839 63482 21:0 34906
34904 63483 0:0 34906
34908 63513 21:0 34916
34915 63515 0:0 34916
34915 63514 21:0 34982
34980 63516 0:0 34982
34984 63546 21:0 34992
34991 63548 0:0 34992
34991 63547 21:0 35058
35056 63549 0:0 35058
35060 63579 21:0 35068
35067 63580 0:0 35068
35067 63581 0:0 35068
35068 63582 21:0 35134
35136 63612 21:0 35144
35143 63613 0:0 35144
35143 63614 0:0 35144
35144 63615 21:0 35210
35212 63645 21:0 35220
35219 63646 0:0 35220
35219 63647 21:0 35286
35284 63648 0:0 35286
35288 63678 0:0 35291
35293 63679 21:0 35351
35350 63681 0:0 35362
35364 63711 0:0 35367
35369 63712 21:0 35427
35371 63713 0:0 35372
35426 63714 0:0 35438
35440 63744 21:0 35448
35447 63746 0:0 35448
35447 63745 21:0 35514
35512 63747 0:0 35514
35516 63777 21:0 35524
35523 63778 0:0 35524
35523 63779 21:0 35590
35588 63780 0:0 35590
35614 62270 1:0 36004
35615 62269 1:0 36015
35624 62237 1:0 36135
35624 62238 1:0 36136
35630 62236 1:0 36146
35643 338 21:0 35657
35651 62206 1:0 36259
35704 62204 1:0 36266
35745 62172 1:0 36398
35746 62170 1:0 36408
35755 62140 1:0 36521
35755 62138 1:0 36528
35763 62137 1:0 36539
35781 62107 1:0 36652
35876 62105 1:0 36659
35877 62106 1:0 36660
35877 62104 1:0 36670
35886 62074 1:0 36783
35886 62073 1:0 36791
35894 62072 1:0 36790
35913 62071 1:0 36801
36007 62039 1:0 36921
36008 62040 1:0 36922
36017 62038 1:0 36932
36017 62008 1:0 37045
36023 62007 1:0 37053
36027 62006 1:0 37052
36044 62005 1:0 37063
36138 61975 1:0 37176
36139 61973 1:0 37183
36148 61974 1:0 37184
36148 61972 1:0 37194
36154 61942 1:0 37307
36158 61941 1:0 37315
36187 61940 1:0 37314
36269 61939 1:0 37325
36270 61908 1:0 37446
36279 61907 1:0 37445
36279 61906 1:0 37456
36285 61876 1:0 37569
36290 61875 1:0 37577
36305 339 1:0 38917
36318 61874 1:0 37576
36400 61873 1:0 37587
37767 64757 21:0 37775
37774 64758 0:0 37775
37775 64760 21:0 37841
37843 64790 21:0 37851
37850 64792 0:0 37851
37850 64791 21:0 37917
37915 64793 0:0 37917
37919 64823 21:0 37927
37926 64824 0:0 37927
37926 64825 21:0 37993
37991 64826 0:0 37993
37995 64856 21:0 38003
38002 64857 0:0 38003
38002 64858 21:0 38069
38067 64859 0:0 38069
38071 64889 21:0 38079
38078 64890 0:0 38079
38078 64891 21:0 38145
38143 64892 0:0 38145
38147 64922 21:0 38155
38154 64923 0:0 38155
38154 64924 21:0 38221
38219 64925 0:0 38221
38223 64955 21:0 38231
38230 64957 0:0 38231
38230 64956 21:0 38297
38295 64958 0:0 38297
38299 64988 21:0 38307
38306 64989 0:0 38307
38306 64990 21:0 38373
38380 65023 21:0 38435
38451 65054 0:0 38454
38456 65056 21:0 38510
38458 65055 0:0 38459
38509 65057 0:0 38525
38532 65088 21:0 38587
38534 65089 0:0 38535
38587 65090 0:0 38601
38603 65120 0:0 38606
38608 65121 21:0 38664
38684 65154 21:0 38739
38755 65186 21:0 38763
38929 63780 1:0 39050
38930 63779 1:0 39058
38939 63778 1:0 39057
38939 63777 1:0 39068
38945 63747 1:0 39181
38958 339 21:0 38972
38966 63745 1:0 39188
39019 63746 1:0 39189
39060 63744 1:0 39199
39061 63714 1:0 39312
39070 63712 1:0 39319
39070 63713 1:0 39320
39078 63711 1:0 39330
39096 63681 1:0 39443
39191 63679 1:0 39450
39192 63678 1:0 39461
39192 63648 1:0 39574
39201 63646 1:0 39581
39201 63647 1:0 39582
39209 63645 1:0 39592
39228 63615 1:0 39705
39322 63613 1:0 39712
39323 63614 1:0 39713
39332 63612 1:0 39723
39332 63582 1:0 39836
39338 63581 1:0 39844
39342 63580 1:0 39843
39359 63579 1:0 39854
39453 63549 1:0 39967
39454 63547 1:0 39974
39463 63548 1:0 39975
39463 63546 1:0 39985
39469 63516 1:0 40098
39473 63514 1:0 40105
39502 63515 1:0 40106
39584 63513 1:0 40116
39585 63483 1:0 40229
39594 63481 1:0 40236
39594 63482 1:0 40237
39600 63480 1:0 40247
39605 63450 1:0 40360
39633 63449 1:0 40368
39715 63448 1:0 40367
39716 63447 1:0 40378
39725 63417 1:0 40491
39725 63415 1:0 40498
39731 63416 1:0 40499
39736 63414 1:0 40509
39764 63384 1:0 40622
39846 63382 1:0 40629
39847 63383 1:0 40630
39856 63381 1:0 40640
39856 63351 1:0 40753
39862 63350 1:0 40761
39882 63349 1:0 40760
39895 63348 1:0 40771
39977 63318 1:0 40884
39978 63316 1:0 40891
39987 63317 1:0 40892
39987 63315 1:0 40902
39993 340 1:0 42232
41082 66199 21:0 41090
41089 66201 0:0 41090
41089 66200 0:0 41090
41090 66202 21:0 41156
41158 66232 21:0 41166
41165 66234 0:0 41166
41165 66233 21:0 41232
41230 66235 0:0 41232
41234 66265 21:0 41242
41241 66267 0:0 41242
41241 66266 21:0 41308
41306 66268 0:0 41308
41310 66298 21:0 41318
41317 66300 0:0 41318
41317 66299 21:0 41384
41382 66301 0:0 41384
41386 66331 21:0 41394
41393 66333 0:0 41394
41393 66332 21:0 41460
41458 66334 0:0 41460
41462 66364 21:0 41470
41469 66366 0:0 41470
41469 66365 21:0 41536
41534 66367 0:0 41536
41538 66397 21:0 41546
41545 66398 0:0 41546
41545 66399 21:0 41612
41610 66400 0:0 41612
41614 66430 21:0 41622
41621 66432 0:0 41622
41621 66431 21:0 41688
41686 66433 0:0 41688
41690 66463 21:0 41698
41697 66465 0:0 41698
41697 66464 21:0 41764
41762 66466 0:0 41764
41766 66496 0:0 41769
41771 66498 21:0 41829
41773 66497 0:0 41774
41828 66499 0:0 41840
41842 66529 0:0 41845
41847 66530 21:0 41905
41849 66531 0:0 41850
41904 66532 0:0 41916
41923 66563 0:0 41926
41923 66564 0:0 41926
41926 66565 21:0 41992
41994 66595 0:0 41997
41999 66596 21:0 42056
42001 66597 0:0 42002
42056 66598 0:0 42068
42070 66628 21:0 42078
42075 66629 0:0 42078
42077 66630 0:0 42078
42078 66631 21:0 42144
42146 66661 0:0 42149
42151 66663 21:0 42208
42153 66662 0:0 42154
42208 66664 0:0 42220
42244 65186 1:0 42514
42245 65154 1:0 42634
42254 65121 1:0 42765
42254 65120 1:0 42776
42260 65090 1:0 42889
42273 340 21:0 42287
42281 65088 1:0 42896
42334 65089 1:0 42897
42375 65057 1:0 43020
42376 65056 1:0 43028
42385 65055 1:0 43027
42385 65054 1:0 43038
42393 65023 1:0 43159
42411 64990 1:0 43290
42506 64989 1:0 43289
42507 64988 1:0 43300
42507 64958 1:0 43413
42516 64956 1:0 43420
42516 64957 1:0 43421
42524 64955 1:0 43431
42543 64925 1:0 43544
42637 64924 1:0 43552
42638 64923 1:0 43551
42647 64922 1:0 43562
42647 64892 1:0 43675
42653 64891 1:0 43683
42657 64890 1:0 43682
42674 64889 1:0 43693
42768 64859 1:0 43806
42769 64858 1:0 43814
42778 64857 1:0 43813
42778 64856 1:0 43824
42784 64826 1:0 43937
42788 64825 1:0 43945
42817 64824 1:0 43944
42899 64823 1:0 43955
42900 64793 1:0 44068
42909 64791 1:0 44075
42909 64792 1:0 44076
42915 64790 1:0 44086
42920 64760 1:0 44199
42935 341 1:0 45547
42948 64758 1:0 44206
43030 64757 1:0 44217
44402 67642 21:0 44460
44404 67643 0:0 44405
44459 67644 0:0 44471
44473 67674 21:0 44481
44480 67675 0:0 44481
44480 67676 21:0 44547
44545 67677 0:0 44547
44549 67707 21:0 44557
44556 67708 0:0 44557
44556 67709 21:0 44623
44625 67740 21:0 44633
44632 67742 0:0 44633
44632 67741 21:0 44699
44697 67743 0:0 44699
44701 67773 21:0 44709
44708 67774 0:0 44709
44708 67775 21:0 44775
44773 67776 0:0 44775
44777 67806 21:0 44785
44784 67808 0:0 44785
44784 67807 21:0 44851
44849 67809 0:0 44851
44853 67839 21:0 44861
44860 67840 0:0 44861
44860 67841 21:0 44927
44925 67842 0:0 44927
44929 67872 21:0 44937
44936 67874 0:0 44937
44936 67873 21:0 45003
45005 67905 21:0 45013
45012 67906 0:0 45013
45013 67908 21:0 45079
45081 67938 21:0 45089
45086 67940 0:0 45089
45089 67941 21:0 45155
45157 67971 0:0 45160
45162 67973 21:0 45220
45219 67974 0:0 45231
45238 68005 21:0 45296
45309 68037 0:0 45312
45314 68039 21:0 45372
45371 68040 0:0 45383
45559 66664 1:0 45680
45560 66663 1:0 45688
45569 66662 1:0 45687
45569 66661 1:0 45698
45575 66631 1:0 45811
45588 341 21:0 45602
45596 66629 1:0 45818
45649 66630 1:0 45819
45690 66628 1:0 45829
45691 66598 1:0 45942
45700 66596 1:0 45949
45700 66597 1:0 45950
45708 66595 1:0 45960
45726 66565 1:0 46073
45821 66564 1:0 46081
45822 66563 1:0 46080
45822 66532 1:0 46204
45831 66530 1:0 46211
45831 66531 1:0 46212
45839 66529 1:0 46222
45858 66499 1:0 46335
45952 66498 1:0 46343
45953 66497 1:0 46342
45962 66496 1:0 46353
45962 66466 1:0 46466
45968 66464 1:0 46473
45972 66465 1:0 46474
45989 66463 1:0 46484
46083 66433 1:0 46597
46084 66431 1:0 46604
46093 66432 1:0 46605
46093 66430 1:0 46615
46099 66400 1:0 46728
46103 66399 1:0 46736
46132 66398 1:0 46735
46214 66397 1:0 46746
46215 66367 1:0 46859
46224 66365 1:0 46866
46224 66366 1:0 46867
46230 66364 1:0 46877
46235 66334 1:0 46990
46263 66332 1:0 46997
46345 66333 1:0 46998
46346 66331 1:0 47008
46355 66301 1:0 47121
46355 66299 1:0 47128
46361 66300 1:0 47129
46366 66298 1:0 47139
46394 66268 1:0 47252
46476 66266 1:0 47259
46477 66267 1:0 47260
46486 66265 1:0 47270
46486 66235 1:0 47383
46492 66233 1:0 47390
46512 66234 1:0 47391
46525 66232 1:0 47401
46607 66202 1:0 47514
46608 66201 1:0 47522
46617 66200 1:0 47521
46617 66199 1:0 47532
46623 342 1:0 48862
47712 69083 21:0 47720
47719 69084 0:0 47720
47719 69085 0:0 47720
47720 69086 21:0 47786
47788 69116 21:0 47796
47795 69118 0:0 47796
47795 69117 21:0 47862
47860 69119 0:0 47862
47864 69149 21:0 47872
47871 69150 0:0 47872
47871 69151 21:0 47938
47936 69152 0:0 47938
47940 69182 21:0 47948
47947 69183 0:0 47948
47947 69184 21:0 48014
48012 69185 0:0 48014
48016 69215 21:0 48024
48023 69216 0:0 48024
48023 69217 21:0 48090
48088 69218 0:0 48090
48092 69248 21:0 48100
48099 69250 0:0 48100
48099 69249 21:0 48166
48164 69251 0:0 48166
48168 69281 21:0 48176
48175 69282 0:0 48176
48175 69283 21:0 48242
48240 69284 0:0 48242
48244 69314 21:0 48252
48251 69316 0:0 48252
48251 69315 0:0 48252
48252 69317 21:0 48318
48320 69347 21:0 48328
48327 69348 0:0 48328
48327 69349 21:0 48394
48392 69350 0:0 48394
48396 69380 21:0 48404
48403 69381 0:0 48404
48403 69382 21:0 48470
48468 69383 0:0 48470
48472 69413 0:0 48475
48477 69414 21:0 48535
48479 69415 0:0 48480
48534 69416 0:0 48546
48548 69446 0:0 48551
48553 69448 21:0 48611
48555 69447 0:0 48556
48610 69449 0:0 48622
48624 69479 0:0 48627
48629 69481 21:0 48687
48631 69480 0:0 48632
48686 69482 0:0 48698
48700 69512 0:0 48703
48705 69513 21:0 48763
48707 69514 0:0 48708
48762 69515 0:0 48774
48776 69545 0:0 48779
48781 69546 21:0 48839
48783 69547 0:0 48784
48874 68040 1:0 49257
48875 68039 1:0 49265
48884 68037 1:0 49275
48884 68005 1:0 49395
48890 67974 1:0 49519
48903 342 21:0 48917
48911 67973 1:0 49527
48964 67971 1:0 49537
49005 67941 1:0 49650
49006 67940 1:0 49658
49015 67938 1:0 49668
49015 67908 1:0 49781
49023 67906 1:0 49788
49041 67905 1:0 49799
49136 67873 1:0 49919
49137 67874 1:0 49920
49137 67872 1:0 49930
49146 67842 1:0 50043
49146 67841 1:0 50051
49154 67840 1:0 50050
49173 67839 1:0 50061
49267 67809 1:0 50174
49268 67807 1:0 50181
49277 67808 1:0 50182
49277 67806 1:0 50192
49283 67776 1:0 50305
49287 67775 1:0 50313
49304 67774 1:0 50312
49398 67773 1:0 50323
49399 67743 1:0 50436
49408 67741 1:0 50443
49408 67742 1:0 50444
49414 67740 1:0 50454
49418 67709 1:0 50575
49447 67708 1:0 50574
49529 67707 1:0 50585
49530 67677 1:0 50698
49539 67675 1:0 50705
49539 67676 1:0 50706
49545 67674 1:0 50716
49550 67644 1:0 50829
49565 343 1:0 52177
49578 67642 1:0 50836
49660 67643 1:0 50837
49661 69546 1:0 52317
49670 69547 1:0 52318
51027 70525 21:0 51035
51034 70526 0:0 51035
51034 70527 0:0 51035
51035 70528 21:0 51101
51103 70558 21:0 51111
51110 70560 0:0 51111
51110 70559 21:0 51177
51175 70561 0:0 51177
51179 70591 21:0 51187
51186 70592 0:0 51187
51186 70593 21:0 51253
51251 70594 0:0 51253
51255 70624 21:0 51263
51262 70626 0:0 51263
51262 70625 21:0 51329
51327 70627 0:0 51329
51331 70657 21:0 51339
51338 70658 0:0 51339
51338 70659 21:0 51405
51403 70660 0:0 51405
51407 70690 21:0 51415
51414 70692 0:0 51415
51414 70691 21:0 51481
51479 70693 0:0 51481
51483 70723 21:0 51491
51490 70725 0:0 51491
51490 70724 21:0 51557
51555 70726 0:0 51557
51559 70756 21:0 51567
51566 70758 0:0 51567
51566 70757 21:0 51633
51635 70789 0:0 51638
51640 70790 21:0 51698
51642 70791 0:0 51643
51716 70823 21:0 51774
51718 70824 0:0 51719
51773 70825 0:0 51785
51787 70855 21:0 51795
51795 70858 21:0 51861
51863 70888 21:0 51871
51870 70889 0:0 51871
51870 70890 0:0 51871
51871 70891 21:0 51937
52096 70988 21:0 52154
52189 69545 1:0 52328
52190 69515 1:0 52441
52199 69513 1:0 52448
52199 69514 1:0 52449
52205 69512 1:0 52459
52218 343 21:0 52232
52226 69482 1:0 52572
52279 69481 1:0 52580
52320 69480 1:0 52579
52321 69479 1:0 52590
52330 69449 1:0 52703
52330 69448 1:0 52711
52338 69447 1:0 52710
52356 69446 1:0 52721
52451 69416 1:0 52834
52452 69414 1:0 52841
52452 69415 1:0 52842
52461 69413 1:0 52852
52461 69383 1:0 52965
52469 69382 1:0 52973
52488 69381 1:0 52972
52582 69380 1:0 52983
52583 69350 1:0 53096
52592 69348 1:0 53103
52592 69349 1:0 53104
52598 69347 1:0 53114
52602 69317 1:0 53227
52619 69316 1:0 53235
52713 69315 1:0 53234
52714 69314 1:0 53245
52723 69284 1:0 53358
52723 69283 1:0 53366
52729 69282 1:0 53365
52733 69281 1:0 53376
52762 69251 1:0 53489
52844 69249 1:0 53496
52845 69250 1:0 53497
52854 69248 1:0 53507
52854 69218 1:0 53620
52860 69217 1:0 53628
52865 69216 1:0 53627
52893 69215 1:0 53638
52975 69185 1:0 53751
52976 69184 1:0 53759
52985 69183 1:0 53758
52985 69182 1:0 53769
52991 69152 1:0 53882
52996 69151 1:0 53890
53024 69150 1:0 53889
53106 69149 1:0 53900
53107 69119 1:0 54013
53116 69117 1:0 54020
53116 69118 1:0 54021
53122 69116 1:0 54031
53142 69086 1:0 54144
53155 69085 1:0 54152
53237 69084 1:0 54151
53238 69083 1:0 54162
53247 344 1:0 55492
54342 71967 0:0 54345
54347 71969 21:0 54405
54349 71968 0:0 54350
54404 71970 0:0 54416
54418 72000 21:0 54426
54425 72002 0:0 54426
54425 72001 21:0 54492
54490 72003 0:0 54492
54494 72033 21:0 54502
54501 72035 0:0 54502
54501 72034 21:0 54568
54566 72036 0:0 54568
54570 72066 21:0 54578
54577 72067 0:0 54578
54577 72068 0:0 54578
54578 72069 21:0 54644
54646 72099 21:0 54654
54653 72100 0:0 54654
54653 72101 21:0 54720
54718 72102 0:0 54720
54722 72132 21:0 54730
54729 72134 0:0 54730
54729 72133 21:0 54796
54794 72135 0:0 54796
54798 72165 21:0 54806
54805 72167 0:0 54806
54805 72166 21:0 54872
54870 72168 0:0 54872
54874 72198 21:0 54882
54881 72200 0:0 54882
54881 72199 21:0 54948
54946 72201 0:0 54948
54950 72231 21:0 54958
54957 72233 0:0 54958
54957 72232 21:0 55024
55022 72234 0:0 55024
55026 72264 21:0 55034
55031 72266 0:0 55034
55031 72265 0:0 55034
55034 72267 21:0 55100
55102 72297 21:0 55110
55109 72298 0:0 55110
55109 72299 21:0 55176
55174 72300 0:0 55176
55178 72330 21:0 55186
55183 72332 0:0 55186
55183 72331 0:0 55186
55186 72333 21:0 55252
55254 72363 21:0 55262
55261 72365 0:0 55262
55262 72366 21:0 55328
55330 72396 21:0 55338
55337 72398 0:0 55338
55337 72397 21:0 55404
55402 72399 0:0 55404
55411 72430 21:0 55469
55413 72431 0:0 55414
55504 70988 1:0 55632
55505 70891 1:0 56018
55514 70889 1:0 56025
55514 70890 1:0 56026
55520 70888 1:0 56036
55533 344 21:0 55547
55541 70858 1:0 56149
55594 70855 1:0 56167
55635 70825 1:0 56280
55636 70823 1:0 56287
55645 70824 1:0 56288
55645 70790 1:0 56418
55653 70791 1:0 56419
55671 70789 1:0 56429
55766 70757 1:0 56549
55767 70758 1:0 56550
55767 70756 1:0 56560
55776 70726 1:0 56673
55776 70724 1:0 56680
55784 70725 1:0 56681
55803 70723 1:0 56691
55897 70693 1:0 56804
55898 70691 1:0 56811
55907 70692 1:0 56812
55907 70690 1:0 56822
55913 70660 1:0 56935
55917 70659 1:0 56943
55934 70658 1:0 56942
56028 70657 1:0 56953
56029 70627 1:0 57066
56038 70625 1:0 57073
56038 70626 1:0 57074
56044 70624 1:0 57084
56048 70594 1:0 57197
56077 70593 1:0 57205
56159 70592 1:0 57204
56160 70591 1:0 57215
56169 70561 1:0 57328
56169 70559 1:0 57335
56175 70560 1:0 57336
56180 70558 1:0 57346
56195 345 1:0 58807
56208 70528 1:0 57459
56290 70527 1:0 57467
56291 70526 1:0 57466
56300 70525 1:0 57477
56300 72430 1:0 58947
56308 72431 1:0 58948
56326 72399 1:0 59071
57657 73409 21:0 57665
57664 73410 0:0 57665
57664 73411 0:0 57665
57665 73412 21:0 57731
57733 73442 21:0 57741
57740 73443 0:0 57741
57740 73444 21:0 57807
57805 73445 0:0 57807
57809 73475 21:0 57817
57816 73477 0:0 57817
57816 73476 21:0 57883
57881 73478 0:0 57883
57885 73508 21:0 57893
57892 73509 0:0 57893
57892 73510 21:0 57959
57957 73511 0:0 57959
57961 73541 21:0 57969
57968 73542 0:0 57969
57968 73543 21:0 58035
58033 73544 0:0 58035
58037 73574 21:0 58045
58044 73575 0:0 58045
58044 73576 21:0 58111
58109 73577 0:0 58111
58113 73607 21:0 58121
58120 73609 0:0 58121
58120 73608 21:0 58187
58185 73610 0:0 58187
58189 73640 21:0 58197
58196 73642 0:0 58197
58196 73641 21:0 58263
58270 73674 21:0 58328
58272 73675 0:0 58273
58327 73676 0:0 58339
58341 73706 21:0 58349
58348 73707 0:0 58349
58348 73708 21:0 58415
58417 73739 0:0 58420
58422 73741 21:0 58480
58424 73740 0:0 58425
58479 73742 0:0 58491
58493 73772 21:0 58501
58500 73774 21:0 58567
58574 73806 21:0 58632
58650 73839 21:0 58708
58726 73873 21:0 58784
58728 73872 0:0 58729
58819 72397 1:0 59078
58820 72398 1:0 59079
58829 72396 1:0 59089
58829 72366 1:0 59202
58835 72365 1:0 59210
58848 345 21:0 58862
58856 72363 1:0 59220
58909 72333 1:0 59333
58950 72332 1:0 59341
58951 72331 1:0 59340
58960 72330 1:0 59351
58960 72300 1:0 59464
58968 72299 1:0 59472
58986 72298 1:0 59471
59081 72297 1:0 59482
59082 72267 1:0 59595
59082 72265 1:0 59602
59091 72266 1:0 59603
59091 72264 1:0 59613
59099 72234 1:0 59726
59118 72232 1:0 59733
59212 72233 1:0 59734
59213 72231 1:0 59744
59222 72201 1:0 59857
59222 72199 1:0 59864
59228 72200 1:0 59865
59232 72198 1:0 59875
59249 72168 1:0 59988
59343 72166 1:0 59995
59344 72167 1:0 59996
59353 72165 1:0 60006
59353 72135 1:0 60119
59359 72133 1:0 60126
59363 72134 1:0 60127
59392 72132 1:0 60137
59474 72102 1:0 60250
59475 72101 1:0 60258
59484 72100 1:0 60257
59484 72099 1:0 60268
59490 72069 1:0 60381
59495 72067 1:0 60388
59523 72068 1:0 60389
59605 72066 1:0 60399
59606 72036 1:0 60512
59615 72034 1:0 60519
59615 72035 1:0 60520
59621 72033 1:0 60530
59626 72003 1:0 60643
59654 72001 1:0 60650
59736 72002 1:0 60651
59737 72000 1:0 60661
59746 71970 1:0 60774
59746 71969 1:0 60782
59752 71968 1:0 60781
59772 71967 1:0 60792
59773 346 1:0 62122
60972 74851 21:0 60980
60979 74853 0:0 60980
60979 74852 0:0 60980
60980 74854 21:0 61046
61048 74884 21:0 61056
61055 74885 0:0 61056
61055 74886 21:0 61122
61120 74887 0:0 61122
61124 74917 21:0 61132
61131 74919 0:0 61132
61131 74918 21:0 61198
61196 74920 0:0 61198
61200 74950 21:0 61208
61207 74952 0:0 61208
61207 74951 21:0 61274
61272 74953 0:0 61274
61276 74983 21:0 61284
61283 74984 0:0 61284
61283 74985 21:0 61350
61348 74986 0:0 61350
61352 75016 21:0 61360
61359 75018 0:0 61360
61359 75017 21:0 61426
61424 75019 0:0 61426
61428 75049 21:0 61436
61435 75051 0:0 61436
61435 75050 21:0 61502
61500 75052 0:0 61502
61504 75082 21:0 61512
61511 75083 0:0 61512
61511 75084 21:0 61578
61576 75085 0:0 61578
61580 75115 21:0 61588
61587 75117 0:0 61588
61587 75116 21:0 61654
61652 75118 0:0 61654
61656 75148 0:0 61659
61661 75150 21:0 61719
61663 75149 0:0 61664
61718 75151 0:0 61730
61732 75181 21:0 61740
61739 75183 0:0 61740
61739 75182 21:0 61806
61808 75214 0:0 61811
61813 75215 21:0 61871
61815 75216 0:0 61816
61870 75217 0:0 61882
61884 75247 21:0 61892
61891 75248 0:0 61892
61891 75249 21:0 61958
61956 75250 0:0 61958
61960 75280 21:0 61968
61967 75282 21:0 62034
62036 75313 21:0 62044
62134 73873 1:0 62263
62135 73872 1:0 62262
62144 73839 1:0 62393
62144 73806 1:0 62524
62150 73774 1:0 62656
62163 346 21:0 62177
62171 73772 1:0 62666
62224 73742 1:0 62779
62265 73741 1:0 62787
62266 73740 1:0 62786
62275 73739 1:0 62797
62275 73708 1:0 62918
62283 73707 1:0 62917
62301 73706 1:0 62928
62396 73676 1:0 63041
62397 73674 1:0 63048
62397 73675 1:0 63049
62406 73641 1:0 63179
62406 73642 1:0 63180
62414 73640 1:0 63190
62433 73610 1:0 63303
62527 73608 1:0 63310
62528 73609 1:0 63311
62537 73607 1:0 63321
62537 73577 1:0 63434
62543 73576 1:0 63442
62547 73575 1:0 63441
62564 73574 1:0 63452
62658 73544 1:0 63565
62659 73543 1:0 63573
62668 73542 1:0 63572
62668 73541 1:0 63583
62674 73511 1:0 63696
62678 73510 1:0 63704
62707 73509 1:0 63703
62789 73508 1:0 63714
62790 73478 1:0 63827
62799 73476 1:0 63834
62799 73477 1:0 63835
62805 73475 1:0 63845
62810 73445 1:0 63958
62838 73444 1:0 63966
62920 73443 1:0 63965
62921 73442 1:0 63976
62930 73412 1:0 64089
62930 73410 1:0 64096
62936 73411 1:0 64097
62941 73409 1:0 64107
62956 347 1:0 65437
63051 75313 1:0 65588
63052 75282 1:0 65709
63052 75280 1:0 65719
64287 76293 0:0 64290
64292 76295 21:0 64350
64294 76294 0:0 64295
64349 76296 0:0 64361
64363 76326 21:0 64371
64370 76328 0:0 64371
64370 76327 21:0 64437
64435 76329 0:0 64437
64439 76359 21:0 64447
64446 76361 0:0 64447
64446 76360 21:0 64513
64511 76362 0:0 64513
64515 76392 21:0 64523
64522 76394 0:0 64523
64522 76393 21:0 64589
64587 76395 0:0 64589
64591 76425 21:0 64599
64598 76426 0:0 64599
64598 76427 21:0 64665
64663 76428 0:0 64665
64667 76458 21:0 64675
64674 76460 0:0 64675
64674 76459 21:0 64741
64739 76461 0:0 64741
64743 76491 21:0 64751
64750 76493 0:0 64751
64750 76492 21:0 64817
64815 76494 0:0 64817
64819 76524 21:0 64827
64826 76525 0:0 64827
64826 76526 21:0 64893
64891 76527 0:0 64893
64895 76557 21:0 64903
64902 76558 0:0 64903
64902 76559 21:0 64969
64967 76560 0:0 64969
64971 76590 0:0 64974
64976 76591 21:0 65034
64978 76592 0:0 64979
65033 76593 0:0 65045
65047 76623 0:0 65050
65052 76625 21:0 65110
65054 76624 0:0 65055
65109 76626 0:0 65121
65123 76656 21:0 65131
65130 76658 0:0 65131
65130 76657 21:0 65197
65199 76689 0:0 65202
65204 76691 21:0 65262
65206 76690 0:0 65207
65449 75250 1:0 65832
65450 75249 1:0 65840
65459 75248 1:0 65839
65459 75247 1:0 65850
65465 75217 1:0 65963
65478 347 21:0 65492
65486 75215 1:0 65970
65539 75216 1:0 65971
65580 75214 1:0 65981
65581 75182 1:0 66101
65590 75183 1:0 66102
65590 75181 1:0 66112
65598 75151 1:0 66225
65616 75150 1:0 66233
65711 75149 1:0 66232
65712 75148 1:0 66243
65712 75118 1:0 66356
65721 75116 1:0 66363
65721 75117 1:0 66364
65729 75115 1:0 66374
65748 75085 1:0 66487
65842 75084 1:0 66495
65843 75083 1:0 66494
65852 75082 1:0 66505
65852 75052 1:0 66618
65858 75050 1:0 66625
65862 75051 1:0 66626
65879 75049 1:0 66636
65973 75019 1:0 66749
65974 75017 1:0 66756
65983 75018 1:0 66757
65983 75016 1:0 66767
65989 74986 1:0 66880
65993 74985 1:0 66888
66022 74984 1:0 66887
66104 74983 1:0 66898
66105 74953 1:0 67011
66114 74951 1:0 67018
66114 74952 1:0 67019
66120 74950 1:0 67029
66125 74920 1:0 67142
66153 74918 1:0 67149
66235 74919 1:0 67150
66236 74917 1:0 67160
66245 74887 1:0 67273
66245 74886 1:0 67281
66251 74885 1:0 67280
66256 74884 1:0 67291
66284 74854 1:0 67404
66366 74852 1:0 67411
66367 74853 1:0 67412
66367 348 1:0 68752
66376 74851 1:0 67422
67602 77735 21:0 67610
67609 77737 0:0 67610
67609 77736 0:0 67610
67610 77738 21:0 67676
67678 77768 21:0 67686
67685 77770 0:0 67686
67685 77769 21:0 67752
67750 77771 0:0 67752
67754 77801 21:0 67762
67761 77802 0:0 67762
67761 77803 21:0 67828
67826 77804 0:0 67828
67830 77834 21:0 67838
67837 77836 0:0 67838
67837 77835 21:0 67904
67902 77837 0:0 67904
67906 77867 21:0 67914
67913 77869 0:0 67914
67913 77868 21:0 67980
67978 77870 0:0 67980
67982 77900 21:0 67990
67989 77902 0:0 67990
67989 77901 21:0 68056
68054 77903 0:0 68056
68058 77933 21:0 68066
68065 77935 0:0 68066
68065 77934 21:0 68132
68130 77936 0:0 68132
68134 77966 21:0 68142
68141 77967 0:0 68142
68141 77968 21:0 68208
68206 77969 0:0 68208
68210 77999 0:0 68213
68215 78001 21:0 68273
68217 78000 0:0 68218
68272 78002 0:0 68284
68291 78033 21:0 68347
68293 78034 0:0 68294
68346 78035 0:0 68360
68362 78065 0:0 68365
68367 78067 21:0 68425
68369 78066 0:0 68370
68424 78068 0:0 68436
68438 78098 0:0 68441
68443 78099 21:0 68501
68500 78101 0:0 68512
68514 78131 0:0 68517
68519 78133 21:0 68577
68590 78164 21:0 68598
68597 78166 0:0 68598
68597 78165 21:0 68664
68764 76691 1:0 69155
68765 76690 1:0 69154
68774 76689 1:0 69165
68774 76657 1:0 69285
68780 76658 1:0 69286
68793 348 21:0 68807
68801 76656 1:0 69296
68854 76626 1:0 69409
68895 76625 1:0 69417
68896 76624 1:0 69416
68905 76623 1:0 69427
68905 76593 1:0 69540
68913 76591 1:0 69547
68931 76592 1:0 69548
69026 76590 1:0 69558
69027 76560 1:0 69671
69027 76559 1:0 69679
69036 76558 1:0 69678
69036 76557 1:0 69689
69044 76527 1:0 69802
69063 76526 1:0 69810
69157 76525 1:0 69809
69158 76524 1:0 69820
69167 76494 1:0 69933
69167 76492 1:0 69940
69173 76493 1:0 69941
69177 76491 1:0 69951
69194 76461 1:0 70064
69288 76459 1:0 70071
69289 76460 1:0 70072
69298 76458 1:0 70082
69298 76428 1:0 70195
69304 76427 1:0 70203
69308 76426 1:0 70202
69337 76425 1:0 70213
69419 76395 1:0 70326
69420 76393 1:0 70333
69429 76394 1:0 70334
69429 76392 1:0 70344
69435 76362 1:0 70457
69440 76360 1:0 70464
69468 76361 1:0 70465
69550 76359 1:0 70475
69551 76329 1:0 70588
69560 76327 1:0 70595
69560 76328 1:0 70596
69566 76326 1:0 70606
69571 76296 1:0 70719
69599 76295 1:0 70727
69681 76294 1:0 70726
69682 76293 1:0 70737
69682 349 1:0 72067
69691 78165 1:0 72338
70917 79177 21:0 70925
70924 79178 0:0 70925
70924 79179 0:0 70925
70925 79180 21:0 70991
70993 79210 21:0 71001
71000 79211 0:0 71001
71000 79212 21:0 71067
71065 79213 0:0 71067
71069 79243 21:0 71077
71076 79245 0:0 71077
71076 79244 21:0 71143
71141 79246 0:0 71143
71145 79276 21:0 71153
71152 79278 0:0 71153
71152 79277 21:0 71219
71217 79279 0:0 71219
71221 79309 21:0 71229
71228 79311 0:0 71229
71228 79310 21:0 71295
71293 79312 0:0 71295
71297 79342 21:0 71305
71304 79344 0:0 71305
71304 79343 21:0 71371
71369 79345 0:0 71371
71373 79375 21:0 71381
71380 79377 0:0 71381
71380 79376 0:0 71381
71381 79378 21:0 71447
71449 79408 21:0 71457
71456 79410 0:0 71457
71456 79409 21:0 71523
71521 79411 0:0 71523
71525 79441 0:0 71528
71530 79442 21:0 71588
71532 79443 0:0 71533
71587 79444 0:0 71599
71601 79474 21:0 71609
71608 79476 0:0 71609
71608 79475 0:0 71609
71609 79477 21:0 71675
71677 79507 21:0 71685
71684 79509 0:0 71685
71684 79508 21:0 71751
71749 79510 0:0 71751
71753 79540 21:0 71761
71760 79541 0:0 71761
71761 79543 21:0 71827
71834 79575 21:0 71892
71891 79576 0:0 71903
71905 79606 21:0 71913
71981 79639 21:0 71989
72079 78166 1:0 72339
72080 78164 1:0 72349
72089 78133 1:0 72470
72089 78131 1:0 72480
72095 78101 1:0 72593
72108 349 21:0 72122
72116 78099 1:0 72600
72169 78098 1:0 72611
72210 78068 1:0 72724
72211 78067 1:0 72732
72220 78066 1:0 72731
72220 78065 1:0 72742
72228 78035 1:0 72855
72246 78033 1:0 72862
72341 78034 1:0 72863
72342 78002 1:0 72986
72342 78001 1:0 72994
72351 78000 1:0 72993
72351 77999 1:0 73004
72359 77969 1:0 73117
72378 77968 1:0 73125
72472 77967 1:0 73124
72473 77966 1:0 73135
72482 77936 1:0 73248
72482 77934 1:0 73255
72488 77935 1:0 73256
72492 77933 1:0 73266
72509 77903 1:0 73379
72603 77901 1:0 73386
72604 77902 1:0 73387
72613 77900 1:0 73397
72613 77870 1:0 73510
72619 77868 1:0 73517
72623 77869 1:0 73518
72652 77867 1:0 73528
72734 77837 1:0 73641
72735 77835 1:0 73648
72744 77836 1:0 73649
72744 77834 1:0 73659
72750 77804 1:0 73772
72755 77803 1:0 73780
72783 77802 1:0 73779
72865 77801 1:0 73790
72866 77771 1:0 73903
72875 77769 1:0 73910
72875 77770 1:0 73911
72881 77768 1:0 73921
72886 77738 1:0 74034
72914 77737 1:0 74042
72996 77736 1:0 74041
72997 77735 1:0 74052
72997 350 1:0 75382
74232 80619 0:0 74235
74237 80621 21:0 74295
74239 80620 0:0 74240
74294 80622 0:0 74306
74308 80652 21:0 74316
74315 80653 0:0 74316
74315 80654 21:0 74382
74380 80655 0:0 74382
74384 80685 21:0 74392
74391 80687 0:0 74392
74391 80686 21:0 74458
74456 80688 0:0 74458
74460 80718 21:0 74468
74467 80719 0:0 74468
74467 80720 21:0 74534
74532 80721 0:0 74534
74536 80751 21:0 74544
74543 80753 0:0 74544
74543 80752 21:0 74610
74608 80754 0:0 74610
74612 80784 21:0 74620
74619 80785 0:0 74620
74619 80786 21:0 74686
74684 80787 0:0 74686
74688 80817 21:0 74696
74695 80819 0:0 74696
74695 80818 21:0 74762
74760 80820 0:0 74762
74764 80850 21:0 74772
74771 80851 0:0 74772
74771 80852 21:0 74838
74836 80853 0:0 74838
74840 80883 21:0 74848
74845 80885 0:0 74848
74847 80884 0:0 74848
74848 80886 21:0 74914
74916 80916 0:0 74919
74921 80917 21:0 74979
74978 80919 0:0 74990
74992 80949 0:0 74995
74997 80951 21:0 75055
75068 80982 21:0 75076
75075 80984 0:0 75076
75076 80985 21:0 75142
75144 81015 21:0 75152
75151 81017 0:0 75152
75151 81016 21:0 75218
75216 81018 0:0 75218
75220 81048 0:0 75223
75225 81049 21:0 75283
75394 79639 1:0 75533
75395 79606 1:0 75664
75404 79576 1:0 75777
75404 79575 1:0 75785
75410 79543 1:0 75908
75423 350 21:0 75437
75431 79541 1:0 75915
75484 79540 1:0 75926
75525 79510 1:0 76039
75526 79508 1:0 76046
75535 79509 1:0 76047
75535 79507 1:0 76057
75543 79477 1:0 76170
75561 79475 1:0 76177
75656 79476 1:0 76178
75657 79474 1:0 76188
75657 79444 1:0 76301
75666 79442 1:0 76308
75666 79443 1:0 76309
75674 79441 1:0 76319
75693 79411 1:0 76432
75787 79409 1:0 76439
75788 79410 1:0 76440
75797 79408 1:0 76450
75797 79378 1:0 76563
75803 79377 1:0 76571
75807 79376 1:0 76570
75824 79375 1:0 76581
75918 79345 1:0 76694
75919 79343 1:0 76701
75928 79344 1:0 76702
75928 79342 1:0 76712
75934 79312 1:0 76825
75938 79310 1:0 76832
75967 79311 1:0 76833
76049 79309 1:0 76843
76050 79279 1:0 76956
76059 79277 1:0 76963
76059 79278 1:0 76964
76065 79276 1:0 76974
76070 79246 1:0 77087
76098 79244 1:0 77094
76180 79245 1:0 77095
76181 79243 1:0 77105
76190 79213 1:0 77218
76190 79212 1:0 77226
76196 79211 1:0 77225
76201 79210 1:0 77236
76229 79180 1:0 77349
76311 79179 1:0 77357
76312 79178 1:0 77356
76312 351 1:0 78697
76321 79177 1:0 77367
77547 82061 21:0 77555
77554 82062 0:0 77555
77554 82063 0:0 77555
77555 82064 21:0 77621
77623 82094 21:0 77631
77630 82096 0:0 77631
77630 82095 21:0 77697
77695 82097 0:0 77697
77699 82127 21:0 77707
77706 82129 0:0 77707
77706 82128 21:0 77773
77771 82130 0:0 77773
77775 82160 21:0 77783
77782 82161 0:0 77783
77782 82162 0:0 77783
77783 82163 21:0 77849
77851 82193 21:0 77859
77858 82194 0:0 77859
77858 82195 21:0 77925
77923 82196 0:0 77925
77927 82226 21:0 77935
77934 82227 0:0 77935
77934 82228 21:0 78001
77999 82229 0:0 78001
78003 82259 21:0 78011
78010 82260 0:0 78011
78010 82261 21:0 78077
78075 82262 0:0 78077
78079 82292 21:0 78087
78086 82294 0:0 78087
78086 82293 21:0 78153
78151 82295 0:0 78153
78155 82325 21:0 78163
78162 82327 0:0 78163
78162 82326 21:0 78229
78227 82328 0:0 78229
78231 82358 21:0 78239
78238 82359 0:0 78239
78238 82360 21:0 78305
78303 82361 0:0 78305
78307 82391 21:0 78315
78315 82394 21:0 78381
78383 82424 0:0 78386
78388 82426 21:0 78446
78390 82425 0:0 78391
78445 82427 0:0 78457
78459 82457 0:0 78462
78464 82458 21:0 78522
78466 82459 0:0 78467
78521 82460 0:0 78533
78540 82491 21:0 78598
78709 81049 1:0 78968
78710 81048 1:0 78979
78719 81018 1:0 79092
78719 81016 1:0 79099
78725 81017 1:0 79100
78738 351 21:0 78752
78746 81015 1:0 79110
78799 80985 1:0 79223
78840 80984 1:0 79231
78841 80982 1:0 79241
78850 80951 1:0 79362
78850 80949 1:0 79372
78858 80919 1:0 79485
78876 80917 1:0 79492
78971 80916 1:0 79503
78972 80886 1:0 79616
78972 80884 1:0 79623
78981 80885 1:0 79624
78981 80883 1:0 79634
78989 80853 1:0 79747
79008 80852 1:0 79755
79102 80851 1:0 79754
79103 80850 1:0 79765
79112 80820 1:0 79878
79112 80818 1:0 79885
79118 80819 1:0 79886
79122 80817 1:0 79896
79139 80787 1:0 80009
79233 80786 1:0 80017
79234 80785 1:0 80016
79243 80784 1:0 80027
79243 80754 1:0 80140
79249 80752 1:0 80147
79253 80753 1:0 80148
79282 80751 1:0 80158
79364 80721 1:0 80271
79365 80720 1:0 80279
79374 80719 1:0 80278
79374 80718 1:0 80289
79380 80688 1:0 80402
79385 80686 1:0 80409
79413 80687 1:0 80410
79495 80685 1:0 80420
79496 80655 1:0 80533
79505 80653 1:0 80540
79505 80654 1:0 80541
79511 80652 1:0 80551
79516 80622 1:0 80664
79544 80621 1:0 80672
79626 80620 1:0 80671
79627 80619 1:0 80682
79627 352 1:0 82012
79636 82491 1:0 82283
79636 82460 1:0 82407
80862 83503 21:0 80870
80869 83504 0:0 80870
80869 83505 0:0 80870
80870 83506 21:0 80936
80938 83536 21:0 80946
80945 83537 0:0 80946
80945 83538 21:0 81012
81010 83539 0:0 81012
81014 83569 21:0 81022
81021 83570 0:0 81022
81021 83571 21:0 81088
81086 83572 0:0 81088
81090 83602 21:0 81098
81097 83604 0:0 81098
81097 83603 21:0 81164
81162 83605 0:0 81164
81166 83635 21:0 81174
81173 83637 0:0 81174
81173 83636 21:0 81240
81238 83638 0:0 81240
81242 83668 21:0 81250
81249 83669 0:0 81250
81249 83670 21:0 81316
81314 83671 0:0 81316
81318 83701 21:0 81326
81325 83703 0:0 81326
81325 83702 21:0 81392
81390 83704 0:0 81392
81394 83734 21:0 81402
81401 83735 0:0 81402
81401 83736 21:0 81468
81466 83737 0:0 81468
81470 83767 0:0 81473
81475 83769 21:0 81533
81532 83770 0:0 81544
81546 83800 21:0 81554
81553 83802 0:0 81554
81553 83801 0:0 81554
81554 83803 21:0 81620
81622 83833 21:0 81630
81627 83834 0:0 81630
81629 83835 0:0 81630
81630 83836 21:0 81696
81703 83867 21:0 81761
81705 83868 0:0 81706
81760 83869 0:0 81772
81774 83899 0:0 81777
81779 83901 21:0 81837
81836 83902 0:0 81848
81850 83932 21:0 81858
81926 83965 0:0 81929
81931 83967 21:0 81989
82024 82458 1:0 82414
82025 82459 1:0 82415
82034 82457 1:0 82425
82034 82427 1:0 82538
82040 82426 1:0 82546
82053 352 21:0 82067
82061 82425 1:0 82545
82114 82424 1:0 82556
82155 82394 1:0 82669
82156 82391 1:0 82687
82165 82361 1:0 82800
82165 82360 1:0 82808
82173 82359 1:0 82807
82191 82358 1:0 82818
82286 82328 1:0 82931
82287 82326 1:0 82938
82287 82327 1:0 82939
82296 82325 1:0 82949
82296 82295 1:0 83062
82304 82293 1:0 83069
82323 82294 1:0 83070
82417 82292 1:0 83080
82418 82262 1:0 83193
82427 82260 1:0 83200
82427 82261 1:0 83201
82433 82259 1:0 83211
82437 82229 1:0 83324
82454 82228 1:0 83332
82548 82227 1:0 83331
82549 82226 1:0 83342
82558 82196 1:0 83455
82558 82195 1:0 83463
82564 82194 1:0 83462
82568 82193 1:0 83473
82597 82163 1:0 83586
82679 82162 1:0 83594
82680 82161 1:0 83593
82689 82160 1:0 83604
82689 82130 1:0 83717
82695 82128 1:0 83724
82700 82129 1:0 83725
82728 82127 1:0 83735
82810 82097 1:0 83848
82811 82095 1:0 83855
82820 82096 1:0 83856
82820 82094 1:0 83866
82826 82064 1:0 83979
82831 82062 1:0 83986
82859 82063 1:0 83987
82941 82061 1:0 83997
82942 353 1:0 85327
82942 83967 1:0 85468
82951 83965 1:0 85478
82951 83932 1:0 85609
82959 83902 1:0 85722
84177 84945 0:0 84180
84182 84946 21:0 84240
84184 84947 0:0 84185
84239 84948 0:0 84251
84253 84978 21:0 84261
84260 84979 0:0 84261
84260 84980 21:0 84327
84325 84981 0:0 84327
84329 85011 21:0 84337
84336 85013 0:0 84337
84336 85012 21:0 84403
84401 85014 0:0 84403
84405 85044 21:0 84413
84412 85046 0:0 84413
84412 85045 21:0 84479
84477 85047 0:0 84479
84481 85077 21:0 84489
84488 85078 0:0 84489
84488 85079 21:0 84555
84553 85080 0:0 84555
84557 85110 21:0 84565
84564 85111 0:0 84565
84564 85112 21:0 84631
84629 85113 0:0 84631
84633 85143 21:0 84641
84640 85144 0:0 84641
84640 85145 21:0 84707
84705 85146 0:0 84707
84709 85176 21:0 84717
84716 85177 0:0 84717
84716 85178 21:0 84783
84781 85179 0:0 84783
84785 85209 21:0 84793
84792 85211 0:0 84793
84792 85210 21:0 84859
84857 85212 0:0 84859
84861 85242 21:0 84869
84868 85243 0:0 84869
84868 85244 21:0 84935
84933 85245 0:0 84935
84937 85275 0:0 84940
84942 85276 21:0 85000
84944 85277 0:0 84945
84999 85278 0:0 85011
85013 85308 0:0 85016
85018 85309 21:0 85076
85020 85310 0:0 85021
85075 85311 0:0 85087
85089 85341 21:0 85097
85096 85343 21:0 85163
85170 85376 21:0 85228
85241 85407 21:0 85249
85249 85410 21:0 85315
85339 83901 1:0 85730
85340 83899 1:0 85740
85349 83869 1:0 85853
85349 83867 1:0 85860
85355 83868 1:0 85861
85368 353 21:0 85382
85376 83836 1:0 85984
85429 83835 1:0 85992
85470 83834 1:0 85991
85471 83833 1:0 86002
85480 83803 1:0 86115
85480 83801 1:0 86122
85488 83802 1:0 86123
85506 83800 1:0 86133
85601 83770 1:0 86246
85602 83769 1:0 86254
85602 83767 1:0 86264
85611 83737 1:0 86377
85611 83736 1:0 86385
85619 83735 1:0 86384
85638 83734 1:0 86395
85732 83704 1:0 86508
85733 83702 1:0 86515
85742 83703 1:0 86516
85742 83701 1:0 86526
85748 83671 1:0 86639
85752 83670 1:0 86647
85769 83669 1:0 86646
85863 83668 1:0 86657
85864 83638 1:0 86770
85873 83636 1:0 86777
85873 83637 1:0 86778
85879 83635 1:0 86788
85883 83605 1:0 86901
85912 83603 1:0 86908
85994 83604 1:0 86909
85995 83602 1:0 86919
86004 83572 1:0 87032
86004 83571 1:0 87040
86010 83570 1:0 87039
86015 83569 1:0 87050
86043 83539 1:0 87163
86125 83538 1:0 87171
86126 83537 1:0 87170
86135 83536 1:0 87181
86135 83506 1:0 87294
86141 83505 1:0 87302
86146 83504 1:0 87301
86174 83503 1:0 87312
86256 354 1:0 88642
87492 86387 21:0 87500
87499 86388 0:0 87500
87499 86389 0:0 87500
87500 86390 21:0 87566
87568 86420 21:0 87576
87575 86422 0:0 87576
87575 86421 21:0 87642
87640 86423 0:0 87642
87644 86453 21:0 87652
87651 86455 0:0 87652
87651 86454 21:0 87718
87716 86456 0:0 87718
87720 86486 21:0 87728
87727 86487 0:0 87728
87727 86488 21:0 87794
87792 86489 0:0 87794
87796 86519 21:0 87804
87803 86520 0:0 87804
87803 86521 21:0 87870
87868 86522 0:0 87870
87872 86552 21:0 87880
87879 86553 0:0 87880
87879 86554 21:0 87946
87944 86555 0:0 87946
87948 86585 21:0 87956
87955 86587 0:0 87956
87955 86586 21:0 88022
88020 86588 0:0 88022
88024 86618 21:0 88032
88032 86621 21:0 88098
88100 86651 21:0 88108
88107 86653 0:0 88108
88107 86652 21:0 88174
88176 86684 0:0 88179
88181 86686 21:0 88239
88183 86685 0:0 88184
88238 86687 0:0 88250
88252 86717 0:0 88255
88257 86719 21:0 88315
88259 86718 0:0 88260
88328 86750 0:0 88331
88333 86751 21:0 88391
88335 86752 0:0 88336
88404 86783 21:0 88412
88411 86785 0:0 88412
88411 86784 0:0 88412
88412 86786 21:0 88478
88561 86850 21:0 88619
88654 85410 1:0 88775
88655 85407 1:0 88793
88664 85376 1:0 88914
88664 85343 1:0 89045
88670 85341 1:0 89055
88683 354 21:0 88697
88691 85311 1:0 89168
88744 85309 1:0 89175
88785 85310 1:0 89176
88786 85308 1:0 89186
88795 85278 1:0 89299
88795 85276 1:0 89306
88803 85277 1:0 89307
88821 85275 1:0 89317
88916 85245 1:0 89430
88917 85243 1:0 89437
88917 85244 1:0 89438
88926 85242 1:0 89448
88926 85212 1:0 89561
88934 85210 1:0 89568
88953 85211 1:0 89569
89047 85209 1:0 89579
89048 85179 1:0 89692
89057 85177 1:0 89699
89057 85178 1:0 89700
89063 85176 1:0 89710
89067 85146 1:0 89823
89084 85145 1:0 89831
89178 85144 1:0 89830
89179 85143 1:0 89841
89188 85113 1:0 89954
89188 85112 1:0 89962
89194 85111 1:0 89961
89198 85110 1:0 89972
89227 85080 1:0 90085
89309 85079 1:0 90093
89310 85078 1:0 90092
89319 85077 1:0 90103
89319 85047 1:0 90216
89325 85045 1:0 90223
89330 85046 1:0 90224
89358 85044 1:0 90234
89440 85014 1:0 90347
89441 85012 1:0 90354
89450 85013 1:0 90355
89450 85011 1:0 90365
89456 84981 1:0 90478
89461 84980 1:0 90486
89489 84979 1:0 90485
89571 84978 1:0 90496
89572 84948 1:0 90609
89581 84946 1:0 90616
89581 84947 1:0 90617
89587 84945 1:0 90627
89589 355 1:0 91957
89608 86850 1:0 92097
89702 86786 1:0 92352
89703 86784 1:0 92359
89712 86785 1:0 92360
89712 86783 1:0 92370
90807 87829 21:0 90815
90814 87830 0:0 90815
90814 87831 0:0 90815
90815 87832 21:0 90881
90883 87862 21:0 90891
90890 87863 0:0 90891
90890 87864 21:0 90957
90955 87865 0:0 90957
90959 87895 21:0 90967
90966 87896 0:0 90967
90966 87897 21:0 91033
91031 87898 0:0 91033
91035 87928 21:0 91043
91042 87930 0:0 91043
91042 87929 21:0 91109
91107 87931 0:0 91109
91111 87961 21:0 91119
91118 87962 0:0 91119
91118 87963 21:0 91185
91183 87964 0:0 91185
91187 87994 21:0 91195
91194 87996 0:0 91195
91194 87995 21:0 91261
91259 87997 0:0 91261
91263 88027 21:0 91271
91270 88029 0:0 91271
91270 88028 21:0 91337
91335 88030 0:0 91337
91339 88060 21:0 91347
91346 88062 0:0 91347
91346 88061 21:0 91413
91411 88063 0:0 91413
91415 88093 0:0 91418
91420 88094 21:0 91478
91422 88095 0:0 91423
91477 88096 0:0 91489
91491 88126 21:0 91499
91498 88127 0:0 91499
91498 88128 0:0 91499
91499 88129 21:0 91565
91567 88159 0:0 91570
91572 88160 21:0 91630
91574 88161 0:0 91575
91629 88162 0:0 91641
91643 88192 21:0 91651
91650 88193 0:0 91651
91650 88194 21:0 91717
91715 88195 0:0 91717
91719 88225 21:0 91727
91726 88226 0:0 91727
91726 88227 21:0 91793
91791 88228 0:0 91793
91795 88258 21:0 91803
91803 88261 21:0 91869
91871 88291 0:0 91874
91876 88293 21:0 91934
91933 88294 0:0 91945
91947 88324 21:0 91955
91969 86751 1:0 92490
91970 86752 1:0 92491
91979 86750 1:0 92501
91979 86719 1:0 92622
91985 86718 1:0 92621
91998 355 21:0 92012
92006 86717 1:0 92632
92059 86687 1:0 92745
92100 86686 1:0 92753
92101 86685 1:0 92752
92110 86684 1:0 92763
92110 86652 1:0 92883
92118 86653 1:0 92884
92136 86651 1:0 92894
92231 86621 1:0 93007
92232 86618 1:0 93025
92232 86588 1:0 93138
92241 86586 1:0 93145
92241 86587 1:0 93146
92249 86585 1:0 93156
92268 86555 1:0 93269
92362 86554 1:0 93277
92363 86553 1:0 93276
92372 86552 1:0 93287
92372 86522 1:0 93400
92378 86521 1:0 93408
92382 86520 1:0 93407
92399 86519 1:0 93418
92493 86489 1:0 93531
92494 86488 1:0 93539
92503 86487 1:0 93538
92503 86486 1:0 93549
92509 86456 1:0 93662
92513 86454 1:0 93669
92542 86455 1:0 93670
92624 86453 1:0 93680
92625 86423 1:0 93793
92634 86421 1:0 93800
92634 86422 1:0 93801
92640 86420 1:0 93811
92645 86390 1:0 93924
92660 356 1:0 95272
92673 86389 1:0 93932
92755 86388 1:0 93931
92756 86387 1:0 93942
94122 89271 21:0 94130
94129 89272 0:0 94130
94129 89273 0:0 94130
94130 89274 21:0 94196
94198 89304 21:0 94206
94205 89305 0:0 94206
94205 89306 21:0 94272
94270 89307 0:0 94272
94274 89337 21:0 94282
94281 89339 0:0 94282
94281 89338 21:0 94348
94346 89340 0:0 94348
94350 89370 21:0 94358
94357 89372 0:0 94358
94357 89371 21:0 94424
94422 89373 0:0 94424
94426 89403 21:0 94434
94433 89404 0:0 94434
94433 89405 21:0 94500
94498 89406 0:0 94500
94502 89436 21:0 94510
94509 89437 0:0 94510
94509 89438 21:0 94576
94578 89469 21:0 94586
94585 89470 0:0 94586
94586 89472 21:0 94652
94654 89502 21:0 94662
94661 89503 0:0 94662
94661 89504 21:0 94728
94726 89505 0:0 94728
94730 89535 0:0 94733
94735 89537 21:0 94793
94737 89536 0:0 94738
94792 89538 0:0 94804
94806 89568 0:0 94809
94811 89570 21:0 94869
94813 89569 0:0 94814
94890 89604 21:0 94956
94958 89634 0:0 94961
94963 89635 21:0 95021
95034 89667 0:0 95037
95039 89669 21:0 95097
95041 89668 0:0 95042
95284 88324 1:0 95292
95285 88294 1:0 95405
95294 88293 1:0 95413
95294 88291 1:0 95423
95300 88261 1:0 95536
95313 356 21:0 95327
95321 88258 1:0 95554
95374 88228 1:0 95667
95415 88227 1:0 95675
95416 88226 1:0 95674
95425 88225 1:0 95685
95425 88195 1:0 95798
95433 88194 1:0 95806
95451 88193 1:0 95805
95546 88192 1:0 95816
95547 88162 1:0 95929
95547 88160 1:0 95936
95556 88161 1:0 95937
95556 88159 1:0 95947
95564 88129 1:0 96060
95583 88128 1:0 96068
95677 88127 1:0 96067
95678 88126 1:0 96078
95687 88096 1:0 96191
95687 88094 1:0 96198
95693 88095 1:0 96199
95697 88093 1:0 96209
95714 88063 1:0 96322
95808 88061 1:0 96329
95809 88062 1:0 96330
95818 88060 1:0 96340
95818 88030 1:0 96453
95824 88028 1:0 96460
95828 88029 1:0 96461
95857 88027 1:0 96471
95939 87997 1:0 96584
95940 87995 1:0 96591
95949 87996 1:0 96592
95949 87994 1:0 96602
95955 87964 1:0 96715
95960 87963 1:0 96723
95988 87962 1:0 96722
96070 87961 1:0 96733
96071 87931 1:0 96846
96080 87929 1:0 96853
96080 87930 1:0 96854
96086 87928 1:0 96864
96091 87898 1:0 96977
96119 87897 1:0 96985
96201 87896 1:0 96984
96202 87895 1:0 96995
96211 87865 1:0 97108
96211 87864 1:0 97116
96217 87863 1:0 97115
96237 87862 1:0 97126
96250 87832 1:0 97239
96332 87831 1:0 97247
96333 87830 1:0 97246
96342 87829 1:0 97257
96342 357 1:0 98587
96348 89669 1:0 98990
97437 90713 21:0 97445
97444 90714 0:0 97445
97444 90715 21:0 97511
97509 90716 0:0 97511
97513 90746 21:0 97521
97520 90748 0:0 97521
97520 90747 21:0 97587
97585 90749 0:0 97587
97589 90779 21:0 97597
97596 90780 0:0 97597
97596 90781 21:0 97663
97661 90782 0:0 97663
97665 90812 21:0 97673
97672 90813 0:0 97673
97672 90814 21:0 97739
97737 90815 0:0 97739
97741 90845 21:0 97749
97748 90847 0:0 97749
97748 90846 21:0 97815
97813 90848 0:0 97815
97817 90878 21:0 97825
97824 90879 0:0 97825
97824 90880 21:0 97891
97889 90881 0:0 97891
97893 90911 21:0 97901
97900 90913 0:0 97901
97900 90912 21:0 97967
97965 90914 0:0 97967
97969 90944 21:0 97977
97976 90945 0:0 97977
97976 90946 0:0 97977
97977 90947 21:0 98043
98045 90977 21:0 98053
98052 90978 0:0 98053
98052 90979 21:0 98119
98117 90980 0:0 98119
98121 91010 21:0 98129
98128 91011 0:0 98129
98128 91012 21:0 98195
98193 91013 0:0 98195
98197 91043 21:0 98205
98204 91044 0:0 98205
98204 91045 21:0 98271
98269 91046 0:0 98271
98273 91076 21:0 98281
98280 91078 0:0 98281
98280 91077 21:0 98347
98345 91079 0:0 98347
98349 91109 21:0 98357
98356 91110 0:0 98357
98356 91111 21:0 98423
98421 91112 0:0 98423
98425 91142 21:0 98433
98432 91143 0:0 98433
98432 91144 21:0 98499
98497 91145 0:0 98499
98501 91175 21:0 98509
98508 91177 0:0 98509
98508 91176 21:0 98575
98599 89668 1:0 98989
98600 89667 1:0 99000
98609 89635 1:0 99120
98609 89634 1:0 99131
98615 89604 1:0 99244
98628 357 21:0 98642
98636 89570 1:0 99383
98689 89569 1:0 99382
98730 89568 1:0 99393
98731 89538 1:0 99506
98740 89536 1:0 99513
98740 89537 1:0 99514
98748 89535 1:0 99524
98766 89505 1:0 99637
98861 89504 1:0 99645
98862 89503 1:0 99644
98862 89502 1:0 99655
98871 89472 1:0 99768
98871 89470 1:0 99775
98879 89469 1:0 99786
98898 89438 1:0 99907
98992 89437 1:0 99906
98993 89436 1:0 99917
99002 89406 1:0 100030
99002 89405 1:0 100038
99008 89404 1:0 100037
99012 89403 1:0 100048
99029 89373 1:0 100161
99123 89371 1:0 100168
99124 89372 1:0 100169
99133 89370 1:0 100179
99133 89340 1:0 100292
99139 89338 1:0 100299
99143 89339 1:0 100300
99172 89337 1:0 100310
99254 89307 1:0 100423
99255 89306 1:0 100431
99264 89305 1:0 100430
99264 89304 1:0 100441
99270 89274 1:0 100554
99275 89272 1:0 100561
99290 358 1:0 101902
99303 89273 1:0 100562
99385 89271 1:0 100572
100752 92155 21:0 100760
100757 92156 0:0 100760
100757 92157 0:0 100760
100760 92158 21:0 100826
100828 92188 0:0 100831
100833 92189 21:0 100891
100835 92190 0:0 100836
100890 92191 0:0 100902
100904 92221 21:0 100912
100911 92223 0:0 100912
100912 92224 21:0 100978
100980 92254 21:0 100988
100985 92255 0:0 100988
100987 92256 0:0 100988
100988 92257 21:0 101054
101056 92287 0:0 101059
101061 92288 21:0 101119
101063 92289 0:0 101064
101132 92320 21:0 101140
101139 92321 0:0 101140
101139 92322 21:0 101206
101204 92323 0:0 101206
101208 92353 21:0 101216
101215 92354 0:0 101216
101216 92356 21:0 101282
101284 92386 21:0 101292
101291 92387 0:0 101292
101292 92389 21:0 101358
101360 92419 21:0 101368
101367 92421 21:0 101434
101432 92422 0:0 101434
101436 92452 21:0 101444
101444 92455 21:0 101510
101512 92485 0:0 101515
101517 92487 21:0 101575
101519 92486 0:0 101520
101593 92519 21:0 101651
101650 92521 0:0 101662
101664 92551 21:0 101672
101671 92553 21:0 101738
101740 92584 21:0 101748
101747 92585 21:0 101814
101914 328 1:0 2597
101915 91176 1:0 102042
101915 91177 1:0 102043
101924 91175 1:0 102053
101924 91145 1:0 102166
101932 91144 1:0 102174
101943 358 21:0 101957
101951 91143 1:0 102173
102045 91142 1:0 102184
102046 91112 1:0 102297
102055 91110 1:0 102304
102055 91111 1:0 102305
102061 91109 1:0 102315
102065 91079 1:0 102428
102082 91077 1:0 102435
102176 91078 1:0 102436
102177 91076 1:0 102446
102186 91046 1:0 102559
102186 91045 1:0 102567
102192 91044 1:0 102566
102196 91043 1:0 102577
102225 91013 1:0 102690
102307 91012 1:0 102698
102308 91011 1:0 102697
102317 91010 1:0 102708
102317 90980 1:0 102821
102323 90979 1:0 102829
102328 90978 1:0 102828
102356 90977 1:0 102839
102438 90947 1:0 102952
102439 90945 1:0 102959
102448 90946 1:0 102960
102448 90944 1:0 102970
102454 90914 1:0 103083
102459 90912 1:0 103090
102487 90913 1:0 103091
102569 90911 1:0 103101
102570 90881 1:0 103214
102579 90879 1:0 103221
102579 90880 1:0 103222
102585 90878 1:0 103232
102605 90848 1:0 103345
102618 90846 1:0 103352
102700 90847 1:0 103353
102701 90845 1:0 103363
102710 90815 1:0 103476
102710 90814 1:0 103484
102718 90813 1:0 103483
102736 90812 1:0 103494
102831 90782 1:0 103607
102832 90780 1:0 103614
102832 90781 1:0 103615
102841 90779 1:0 103625
102841 90749 1:0 103738
102849 90747 1:0 103745
102868 90748 1:0 103746
102880 359 1:0 104000
102880 45954 1:0 104133
102962 90746 1:0 103756
102963 90716 1:0 103869
102972 90714 1:0 103876
102972 90715 1:0 103877
102978 90713 1:0 103887
102980 45962 1:0 104173
102983 45963 1:0 104174
102998 45955 1:0 104134
103011 45964 1:0 104183
103011 45965 1:0 104184
103093 45960 1:0 104163
103093 45961 1:0 104164
103093 45966 1:0 104193
103094 45967 1:0 104194
103094 46111 1:0 104328
103094 46102 1:0 104355
103103 92585 1:0 104274
103103 46101 1:0 104354
103103 46109 1:0 104394
103103 46110 1:0 104395
103109 46107 1:0 104384
103109 46108 1:0 104385
103109 46112 1:0 104405
103113 46113 1:0 104414
103129 46114 1:0 104415
103142 92584 1:0 104462
103224 92553 1:0 104549
103225 46259 1:0 104584
103225 46257 1:0 104584
103225 46254 1:0 104605
103234 46261 1:0 104584
103234 46260 1:0 104584
103234 46258 1:0 104584
103234 46256 1:0 104584
103240 46248 1:0 104575
103240 46249 1:0 104576
103240 46255 1:0 104584
103240 46402 1:0 104827
103245 92551 1:0 104683
103273 92519 1:0 104770
103355 46395 1:0 104796
103355 46403 1:0 104836
103355 46404 1:0 104837
103356 46396 1:0 104797
103356 92521 1:0 104879
103365 46401 1:0 104826
103365 46405 1:0 104846
103365 46406 1:0 104847
103365 46407 1:0 104856
103371 46408 1:0 104857
103375 92487 1:0 104991
103391 46552 1:0 105023
103391 46549 1:0 105048
103404 46551 1:0 105023
103486 46542 1:0 105017
103486 46543 1:0 105018
103486 46553 1:0 105023
103486 46550 1:0 105023
103486 46548 1:0 105023
103487 46554 1:0 105077
103487 46555 1:0 105078
103496 92486 1:0 105114
103496 92485 1:0 105125
103504 92455 1:0 105158
103507 46699 1:0 105212
103507 46690 1:0 105239
103523 46697 1:0 105278
103535 46689 1:0 105238
103535 46698 1:0 105279
103617 46695 1:0 105268
103617 46696 1:0 105269
103617 46700 1:0 105289
103618 46701 1:0 105298
103618 46702 1:0 105299
103627 92452 1:0 105346
103627 92421 1:0 105433
103633 92422 1:0 105433
103635 46846 1:0 105465
103638 46844 1:0 105465
103653 46843 1:0 105490
103666 46845 1:0 105465
103666 46848 1:0 105465
103748 46847 1:0 105465
103748 46849 1:0 105465
103749 46836 1:0 105459
103749 46837 1:0 105460
103749 46842 1:0 105465
103749 46995 1:0 105686
103758 92419 1:0 105567
103758 92389 1:0 105654
103764 46996 1:0 105686
103764 46992 1:0 105686
103766 46990 1:0 105711
103769 46991 1:0 105686
103785 46993 1:0 105686
103797 46983 1:0 105680
103797 46984 1:0 105681
103797 46994 1:0 105686
103879 46989 1:0 105686
103880 92387 1:0 105777
103880 92386 1:0 105788
103889 92356 1:0 105821
103889 47143 1:0 105875
103889 47130 1:0 105901
103895 47131 1:0 105902
103895 47138 1:0 105941
103895 47139 1:0 105942
103899 47140 1:0 105951
103915 47141 1:0 105952
103916 47136 1:0 105931
103916 47137 1:0 105932
103928 47142 1:0 105961
103928 47284 1:0 106153
104012 92354 1:0 105998
104013 92353 1:0 106009
104013 47286 1:0 106128
104022 92322 1:0 106096
104022 92323 1:0 106096
104028 47287 1:0 106128
104030 47288 1:0 106128
104041 359 21:0 104055
104048 47285 1:0 106128
104049 47277 1:0 106122
104049 47278 1:0 106123
104049 47283 1:0 106128
104061 47289 1:0 106182
104102 47290 1:0 106183
104131 92321 1:0 106219
104143 45954 21:0 104199
104181 92320 1:0 106230
104198 45955 0:0 104213
104198 45961 0:0 104213
104199 45960 0:0 104216
104199 45962 0:0 104225
104201 45963 0:0 104225
104201 92288 1:0 106317
104203 47435 1:0 106349
104224 45967 0:0 104225
104224 45964 0:0 104225
104224 45965 0:0 104225
104224 45966 0:0 104225
104226 47434 1:0 106349
104226 47432 1:0 106349
104226 47433 1:0 106349
104226 47430 1:0 106373
104233 47424 1:0 106343
104233 47425 1:0 106344
104233 47431 1:0 106349
104233 47436 1:0 106403
104233 47577 1:0 106594
104234 47437 1:0 106404
104243 92289 1:0 106441
104243 92287 1:0 106451
104249 92257 1:0 106538
104251 47579 1:0 106604
104254 47571 1:0 106564
104254 47580 1:0 106605
104269 47572 1:0 106565
104270 47581 1:0 106614
104282 47582 1:0 106615
104323 47578 1:0 106595
104331 47583 1:0 106624
104351 47584 1:0 106625
104361 46102 21:0 104418
104402 92256 1:0 106662
104417 46108 0:0 104427
104417 46101 0:0 104427
104417 46111 21:0 104446
104418 46107 0:0 104433
104422 92255 1:0 106661
104445 46113 0:0 104446
104445 46110 0:0 104446
104445 46114 0:0 104446
104445 46112 0:0 104446
104445 46109 0:0 104446
104447 92254 1:0 106672
104447 92224 1:0 106705
104454 47728 1:0 106759
104454 47719 1:0 106786
104454 47726 1:0 106825
104455 47718 1:0 106785
104455 47724 1:0 106815
104455 47725 1:0 106816
104455 47727 1:0 106826
104455 47729 1:0 106836
104464 47730 1:0 106845
104464 47731 1:0 106846
104464 92223 1:0 106883
104472 92221 1:0 106893
104491 92189 1:0 106980
104503 47872 1:0 107037
104544 47873 1:0 107046
104552 47874 1:0 107047
104557 47865 1:0 107006
104557 47866 1:0 107007
104574 92191 1:0 107090
104583 48012 1:0 107227
104585 46248 0:0 104611
104594 46249 0:0 104615
104615 46254 21:0 104667
104623 47875 1:0 107056
104633 47871 1:0 107036
104633 47876 1:0 107057
104643 47877 1:0 107066
104665 46258 0:0 104667
104666 46259 0:0 104667
104666 46256 0:0 104667
104666 46260 0:0 104667
104666 46255 0:0 104667
104666 46261 0:0 104667
104666 46257 0:0 104667
104668 47878 1:0 107067
104668 92190 1:0 107104
104675 92188 1:0 107114
104676 92158 1:0 107201
104676 48020 1:0 107267
104685 48013 1:0 107228
104685 48018 1:0 107257
104685 48019 1:0 107258
104685 48021 1:0 107268
104685 48022 1:0 107277
104685 48023 1:0 107278
104691 48024 1:0 107287
104693 48025 1:0 107288
104712 92156 1:0 107324
104765 92157 1:0 107325
104794 92155 1:0 107335
104794 48170 1:0 107422
104795 48159 1:0 107448
104833 46402 21:0 104880
104844 48167 1:0 107488
104854 48168 1:0 107489
104864 48160 1:0 107449
104866 48169 1:0 107498
104880 46401 0:0 104888
104880 46395 0:0 104888
104880 46396 0:0 104888
104880 46405 0:0 104888
104880 46407 0:0 104888
104887 46408 0:0 104888
104887 46403 0:0 104888
104887 46406 0:0 104888
104887 46404 0:0 104888
104889 48165 1:0 107478
104889 48166 1:0 107479
104889 48171 1:0 107508
104889 48172 1:0 107509
104889 48260 1:0 107512
104889 48259 1:0 107512
105024 46543 0:0 105049
105054 46549 21:0 105101
105100 46555 0:0 105109
105101 46552 0:0 105109
105101 46551 0:0 105109
105101 46548 0:0 105109
105101 46542 0:0 105109
105108 46553 0:0 105109
105108 46554 0:0 105109
105108 46550 0:0 105109
105245 46690 21:0 105302
105301 46696 0:0 105311
105301 46689 0:0 105311
105301 46699 21:0 105330
105302 46695 0:0 105317
105328 46701 0:0 105330
105329 46702 0:0 105330
105329 46700 0:0 105330
105329 46698 0:0 105330
105329 46697 0:0 105330
105466 46837 0:0 105491
105469 46836 0:0 105495
105496 46843 21:0 105543
105542 46847 0:0 105551
105543 46848 0:0 105551
105543 46842 0:0 105551
105543 46844 0:0 105551
105550 46846 0:0 105551
105550 46849 0:0 105551
105550 46845 0:0 105551
105687 46984 0:0 105712
105690 46983 0:0 105716
105717 46990 21:0 105765
105764 46989 0:0 105772
105764 46995 0:0 105772
105765 46994 0:0 105772
105765 46996 0:0 105772
105771 46993 0:0 105772
105771 46991 0:0 105772
105771 46992 0:0 105772
105911 47130 21:0 105967
105966 47137 0:0 105980
105967 47136 0:0 105984
105967 47131 0:0 105984
105968 47143 21:0 105993
105991 47138 0:0 105993
105992 47141 0:0 105993
105992 47142 0:0 105993
105992 47140 0:0 105993
105992 47139 0:0 105993
106129 47278 0:0 106154
106159 47284 21:0 106206
106206 47287 0:0 106214
106206 47285 0:0 106214
106206 47289 0:0 106214
106206 47283 0:0 106214
106206 47277 0:0 106214
106213 47290 0:0 106214
106213 47288 0:0 106214
106213 47286 0:0 106214
106350 47425 0:0 106375
106383 47430 21:0 106435
106433 47436 0:0 106435
106434 47434 0:0 106435
106434 47435 0:0 106435
106434 47424 0:0 106435
106434 47431 0:0 106435
106434 47433 0:0 106435
106434 47437 0:0 106435
106434 47432 0:0 106435
106604 47577 21:0 106656
106655 47579 0:0 106656
106655 47583 0:0 106656
106655 47578 0:0 106656
106655 47571 0:0 106656
106655 47580 0:0 106656
106655 47572 0:0 106656
106655 47582 0:0 106656
106655 47584 0:0 106656
106655 47581 0:0 106656
106792 47719 21:0 106849
106848 47718 0:0 106857
106848 47725 0:0 106857
106848 47728 21:0 106877
106849 47724 0:0 106864
106875 47730 0:0 106877
106876 47726 0:0 106877
106876 47729 0:0 106877
106876 47727 0:0 106877
106876 47731 0:0 106877
107043 47872 21:0 107092
107091 47874 0:0 107098
107092 47871 0:0 107098
107092 47866 0:0 107098
107092 47877 0:0 107098
107092 47865 0:0 107098
107097 47878 0:0 107098
107097 47875 0:0 107098
107097 47876 0:0 107098
107097 47873 0:0 107098
107237 48012 21:0 107293
107292 48013 0:0 107307
107292 48019 0:0 107307
107292 48021 0:0 107319
107293 48018 0:0 107310
107298 48020 0:0 107319
107318 48022 0:0 107319
107318 48023 0:0 107319
107318 48025 0:0 107319
107318 48024 0:0 107319
107458 48159 21:0 107514
107513 48166 0:0 107527
107513 48170 21:0 184
107514 48165 0:0 107531
107514 48160 0:0 107531
