118 49172 0:0 129
118 49078 21:0 211
210 49082 21:0 227
226 49081 21:0 232
231 49077 21:0 232
231 49071 21:0 232
231 49079 21:0 237
1397 49785 21:0 1407
3374 298 21:0 3413
4610 51256 21:0 4620
6733 299 21:0 6772
7969 52727 21:0 7979
11328 54198 21:0 11338
14687 55669 21:0 14697
16810 302 21:0 16850
18046 57140 21:0 18056
23528 304 21:0 23565
31482 63024 21:0 31492
38200 65966 21:0 38210
40323 309 21:0 40363
63836 316 21:0 63875
102062 299 1:0 3376
102062 302 1:0 13453
102062 304 1:0 20171
102063 309 1:0 36966
102063 316 1:0 60479
104980 95211 21:0 105046
105276 95340 21:0 105284
105431 46877 1:0 105435
105431 46874 1:0 105472
105431 46866 1:0 105485
105431 46865 1:0 105516
105432 95340 1:0 105444
105441 46875 1:0 105602
105441 95211 1:0 105653
105441 47021 1:0 105656
105447 47022 1:0 105662
105447 47020 1:0 105665
105449 47012 1:0 105690
105449 47018 1:0 105690
105451 47013 1:0 105690
105451 47019 1:0 105690
105467 47023 1:0 105744
105480 47024 1:0 105833
105521 47167 1:0 105866
105529 47168 1:0 105874
105549 47170 1:0 105877
105550 47171 1:0 105883
105600 47172 1:0 105886
105610 47169 1:0 105914
105612 46875 21:0 105644
105643 46865 21:0 105647
105646 46866 21:0 105647
105646 46874 21:0 105655
105652 47159 1:0 105946
105652 47160 1:0 105965
105652 47165 1:0 105968
105652 47166 1:0 106025
105652 47315 1:0 106095
105653 47316 1:0 106098
105653 47317 1:0 106104
105653 47314 1:0 106107
105654 46877 21:0 105658
105656 47312 1:0 106132
105659 47307 1:0 106132
105659 47306 1:0 106132
105659 47313 1:0 106132
105662 47319 1:0 106186
105662 47318 1:0 106275
105662 47463 1:0 106308
105662 47461 1:0 106316
105668 47466 1:0 106319
105670 47462 1:0 106325
105670 47460 1:0 106328
105672 47459 1:0 106334
105673 47453 1:0 106334
105673 47454 1:0 106334
105689 47465 1:0 106400
105701 47464 1:0 106487
105701 47607 1:0 106540
105742 47600 1:0 106546
105742 47601 1:0 106546
105742 47606 1:0 106546
105755 47611 1:0 106549
105771 47612 1:0 106555
105772 47613 1:0 106621
105783 47012 21:0 105839
105821 47610 1:0 106707
105831 47609 1:0 106632
105843 47024 21:0 105865
105864 47023 21:0 105868
105867 47018 21:0 105876
105873 47608 1:0 106633
105873 47757 1:0 106770
105873 47747 1:0 106795
105874 47754 1:0 106795
105874 47753 1:0 106798
105874 47748 1:0 106839
105874 47759 1:0 106853
105874 47756 1:0 106919
105875 47019 21:0 105876
105875 47013 21:0 105876
105875 47020 21:0 105879
105878 47022 21:0 105885
105880 47755 1:0 106853
105883 47758 1:0 106853
105883 47760 1:0 106853
105883 47894 1:0 106982
105883 47901 1:0 106988
105883 47900 1:0 106988
105883 47895 1:0 106988
105883 47905 1:0 106991
105884 47021 21:0 105888
105886 47907 1:0 107060
105889 47906 1:0 107060
105889 47902 1:0 107139
105891 47904 1:0 107074
105894 47903 1:0 107074
105894 48047 1:0 107203
105910 48054 1:0 107209
105922 48048 1:0 107212
105922 48042 1:0 107212
105922 48041 1:0 107212
105963 48050 1:0 107218
105976 48049 1:0 107284
105992 48051 1:0 107370
105993 48052 1:0 107295
106031 47166 21:0 106078
106042 48053 1:0 107295
106052 48188 1:0 107424
106052 48195 1:0 107430
106052 48189 1:0 107430
106052 48194 1:0 107430
106077 47165 21:0 106086
106085 47159 21:0 106086
106085 47160 21:0 106086
106085 47169 21:0 106089
106088 47172 21:0 106097
106094 48200 1:0 107433
106094 48190 1:0 107439
106094 48196 1:0 107439
106095 48198 1:0 107505
106095 48201 1:0 107516
106095 48192 1:0 107517
106095 48199 1:0 107592
106096 47171 21:0 106100
106099 47170 21:0 106106
106101 48197 1:0 107516
106104 48343 1:0 107634
106104 48347 1:0 107642
106104 48344 1:0 107645
106104 48341 1:0 107651
106104 48335 1:0 107654
106104 48336 1:0 107654
106104 48342 1:0 107654
106105 47168 21:0 106109
106107 48345 1:0 107679
106108 47167 21:0 106137
106110 48346 1:0 107733
106110 48348 1:0 107823
106110 48482 1:0 107866
106110 48489 1:0 107872
106112 48483 1:0 107872
106112 48488 1:0 107872
106115 48494 1:0 107875
106131 48490 1:0 107900
106138 48493 1:0 107954
106143 48495 1:0 108044
106184 48491 1:0 107958
106197 48638 1:0 108093
106213 48637 1:0 108096
106213 48630 1:0 108121
106213 48629 1:0 108121
106213 48635 1:0 108121
106214 48636 1:0 108121
106225 47306 21:0 106281
106263 48640 1:0 108175
106273 48642 1:0 108265
106285 47318 21:0 106307
106306 47319 21:0 106310
106309 47313 21:0 106318
106315 48639 1:0 108180
106315 48641 1:0 108180
106315 48777 1:0 108297
106316 48789 1:0 108305
106316 48783 1:0 108308
106316 48782 1:0 108308
106316 48776 1:0 108308
106316 48787 1:0 108314
106317 47307 21:0 106318
106317 47314 21:0 106321
106320 47317 21:0 106327
106322 48788 1:0 108317
106325 48786 1:0 108386
106325 48785 1:0 108386
106325 48784 1:0 108465
106325 48933 1:0 108526
106326 47316 21:0 106330
106328 48929 1:0 108529
106328 57140 1:0 108739
106329 47312 21:0 106330
106329 47315 21:0 106358
106331 48932 1:0 108535
106331 48924 1:0 108538
106331 48923 1:0 108538
106331 48930 1:0 108538
106331 48935 1:0 108563
106333 48934 1:0 108617
106336 48936 1:0 108707
106351 63024 1:0 108739
106352 48931 1:0 108622
106359 55669 1:0 108739
106364 49079 1:0 108747
106364 52727 1:0 108750
106405 65966 1:0 108750
106405 54198 1:0 108750
106405 49071 1:0 108756
106413 51256 1:0 108756
106418 49077 1:0 108756
106418 49785 1:0 108759
106433 49070 1:0 108759
106433 49076 1:0 108759
106434 49082 1:0 108828
106435 298 1:0 117
106484 49081 1:0 108828
106493 47464 21:0 106528
106494 49078 1:0 108907
106527 47465 21:0 106531
106530 47454 21:0 106539
106536 49080 1:0 108917
106536 49083 1:0 108928
106537 49172 1:0 108968
106537 49173 1:0 108969
106538 47453 21:0 106539
106538 47459 21:0 106539
106538 47460 21:0 106539
106538 47462 21:0 106542
106541 47466 21:0 106548
106547 47461 21:0 106551
106550 47463 21:0 106579
106717 47610 21:0 106749
106748 47608 0:0 106749
106748 47609 0:0 106749
106748 47613 21:0 106752
106751 47612 21:0 106760
106759 47611 21:0 106763
106762 47600 21:0 106763
106762 47601 21:0 106769
106768 47606 21:0 106769
106768 47607 21:0 106769
106925 47756 21:0 106970
106968 47755 0:0 106970
106968 47759 0:0 106970
106969 47758 0:0 106970
106969 47760 0:0 106970
106969 47748 21:0 106973
106972 47754 21:0 106973
106972 47753 21:0 106973
106972 47747 21:0 106973
106972 47757 21:0 106981
107149 47902 21:0 107191
107189 47904 0:0 107191
107190 47903 0:0 107191
107190 47906 21:0 107194
107193 47907 21:0 107202
107201 47905 21:0 107205
107204 47895 21:0 107205
107204 47900 21:0 107211
107210 47901 21:0 107211
107210 47894 21:0 107211
107380 48051 21:0 107412
107410 48053 0:0 107412
107411 48052 0:0 107412
107411 48049 21:0 107415
107414 48050 21:0 107423
107422 48042 21:0 107426
107425 48048 21:0 107426
107425 48041 21:0 107426
107425 48054 21:0 107432
107431 48047 21:0 107432
107561 48190 21:0 107583
107581 48192 0:0 107583
107598 48199 21:0 107633
107631 48197 0:0 107633
107632 48201 0:0 107633
107632 48198 21:0 107636
107635 48196 21:0 107644
107643 48200 21:0 107647
107646 48194 21:0 107647
107646 48195 21:0 107653
107652 48189 21:0 107653
107652 48188 21:0 107653
107772 48335 21:0 107828
107829 48348 21:0 107854
107853 48346 21:0 107857
107856 48345 21:0 107865
107864 48342 21:0 107868
107867 48336 21:0 107868
107867 48341 21:0 107868
107867 48344 21:0 107874
107873 48347 21:0 107877
107876 48343 21:0 107905
107990 48483 21:0 108047
108050 48495 21:0 108075
108073 48491 0:0 108075
108074 48493 21:0 108078
108077 48490 21:0 108086
108085 48494 21:0 108089
108088 48489 21:0 108092
108091 48488 21:0 108095
108094 48482 21:0 108095
108211 48630 21:0 108268
108271 48642 21:0 108296
108294 48639 0:0 108296
108294 48641 0:0 108296
108295 48640 21:0 108299
108298 48637 21:0 108307
108306 48636 21:0 108310
108309 48629 21:0 108310
108309 48635 21:0 108310
108309 48638 21:0 108316
108475 48784 21:0 108517
108516 48785 21:0 108520
108519 48786 21:0 108528
108527 48788 21:0 108531
108530 48787 21:0 108537
108536 48776 21:0 108537
108536 48782 21:0 108540
108539 48789 21:0 108547
108546 48783 21:0 108565
108564 48777 21:0 108568
108656 48923 21:0 108712
108713 48936 21:0 108738
108736 48931 0:0 108738
108737 48934 21:0 108741
108740 48935 21:0 108749
108748 48930 21:0 108752
108751 48932 21:0 108755
108754 48924 21:0 108758
108757 48929 21:0 108758
108757 48933 21:0 108761
108928 49080 0:0 108957
108934 49083 0:0 108957
108956 49076 21:0 108957
108956 49070 21:0 108957
108975 49173 21:0 119
