128 49172 0:0 129
128 49073 0:0 129
128 49075 0:0 129
128 49071 0:0 130
128 49076 0:0 130
128 49077 0:0 130
128 49070 0:0 130
130 49079 0:0 175
1397 49785 21:0 1428
3374 298 21:0 3424
4610 51256 21:0 4643
4651 307 1:0 30248
6733 299 21:0 6783
7969 52727 21:0 8002
8010 308 1:0 33607
10092 300 21:0 10142
11328 54198 21:0 11361
11369 309 1:0 36966
13451 301 21:0 13506
14687 55669 21:0 14720
14728 310 1:0 40325
16810 302 21:0 16865
18046 57140 21:0 18079
18087 311 1:0 43684
20169 303 21:0 20224
21405 58611 21:0 21438
21446 312 1:0 47043
23528 304 21:0 23583
24764 60082 21:0 24797
24805 313 1:0 50402
26887 305 21:0 26942
28123 61553 21:0 28156
28164 314 1:0 53761
30246 306 21:0 30301
31482 63024 21:0 31515
33605 307 21:0 33660
34882 315 1:0 57120
36964 308 21:0 37019
40323 309 21:0 40378
41600 316 1:0 60479
43682 310 21:0 43737
47041 311 21:0 47096
48318 318 1:0 67197
50400 312 21:0 50455
53759 313 21:0 53814
57118 314 21:0 57173
60477 315 21:0 60532
63836 316 21:0 63891
70554 318 21:0 70609
78549 322 1:0 80633
81084 84748 21:0 81158
81908 84748 1:0 83216
83990 322 21:0 84045
84823 86384 21:0 84897
85267 86384 1:0 85920
88253 87886 21:0 88327
88626 87886 1:0 89158
90852 89027 21:0 90926
91985 89027 1:0 93827
94827 90765 21:0 94903
95344 90765 1:0 96120
98411 92333 21:0 98485
98703 92333 1:0 99093
101849 93839 21:0 101925
102062 299 1:0 3376
102062 300 1:0 6735
102062 301 1:0 10094
102063 93839 1:0 102314
104749 95111 21:0 104823
105129 95275 21:0 105203
105431 302 1:0 13453
105431 303 1:0 16812
105431 304 1:0 20171
105431 46872 1:0 105583
105432 305 1:0 23530
105432 306 1:0 26889
105432 46877 1:0 105558
105441 46873 1:0 105558
105441 46875 1:0 105558
105441 46878 1:0 105558
105441 46876 1:0 105558
105447 46865 1:0 105552
105447 46866 1:0 105553
105447 46871 1:0 105558
105447 46874 1:0 105558
105447 46867 1:0 105558
105449 46870 1:0 105558
105449 46868 1:0 105558
105449 47019 1:0 105804
105452 47023 1:0 105782
105468 47021 1:0 105782
105480 47022 1:0 105782
105521 47024 1:0 105782
105534 47020 1:0 105782
105549 47012 1:0 105773
105549 47013 1:0 105774
105550 47018 1:0 105782
105550 47016 1:0 105782
105550 47014 1:0 105782
105550 47017 1:0 105782
105551 47025 1:0 105834
105559 46866 0:0 105583
105560 47159 1:0 105994
105562 46865 0:0 105588
105589 46872 21:0 105644
105610 95275 1:0 105965
105620 47167 1:0 106034
105642 46877 0:0 105644
105642 46871 0:0 105644
105643 46870 0:0 105644
105643 46868 0:0 105644
105643 46878 0:0 105644
105643 46867 0:0 105644
105643 46876 0:0 105644
105643 46875 0:0 105644
105643 46874 0:0 105644
105643 46873 0:0 105644
105645 47160 1:0 105995
105645 47165 1:0 106024
105645 47166 1:0 106025
105645 47168 1:0 106035
105645 47169 1:0 106044
105645 47170 1:0 106045
105652 47171 1:0 106054
105652 47172 1:0 106055
105653 47313 1:0 106190
105653 47307 1:0 106190
105653 47306 1:0 106191
105653 47312 1:0 106191
105653 47314 1:0 106255
105662 47319 1:0 106191
105662 47316 1:0 106191
105662 47318 1:0 106191
105662 47317 1:0 106191
105668 47315 1:0 106191
105668 47462 1:0 106477
105672 47464 1:0 106412
105673 47460 1:0 106411
105673 47453 1:0 106412
105688 47457 1:0 106412
105688 47459 1:0 106412
105701 47465 1:0 106412
105742 47463 1:0 106412
105750 47466 1:0 106412
105755 47454 1:0 106411
105771 47461 1:0 106412
105771 47608 1:0 106697
105783 47012 0:0 105809
105810 47019 21:0 105865
105821 47613 1:0 106632
105821 47606 1:0 106633
105821 47600 1:0 106633
105831 47607 1:0 106632
105841 47601 1:0 106632
105841 47611 1:0 106632
105863 47018 0:0 105865
105863 47022 0:0 105865
105864 47017 0:0 105865
105864 47024 0:0 105865
105864 47020 0:0 105865
105864 47013 0:0 105865
105864 47025 0:0 105865
105864 47021 0:0 105865
105864 47023 0:0 105865
105864 47014 0:0 105865
105864 47016 0:0 105865
105866 47612 1:0 106632
105866 47610 1:0 106632
105866 47609 1:0 106632
105866 47754 1:0 106853
105866 47759 1:0 106938
105873 47755 1:0 106854
105873 47758 1:0 106854
105873 47753 1:0 106854
105874 47752 1:0 106853
105874 47748 1:0 106853
105874 47760 1:0 106854
105874 47757 1:0 106854
105874 47749 1:0 106854
105883 47756 1:0 106854
105883 47751 1:0 106854
105883 47747 1:0 106854
105883 95111 1:0 107016
105889 47899 1:0 107074
105889 47905 1:0 107075
105889 47906 1:0 107159
105893 47903 1:0 107075
105909 47902 1:0 107075
105910 47894 1:0 107075
105922 47907 1:0 107075
105922 47900 1:0 107075
105963 47904 1:0 107075
105971 47901 1:0 107074
105976 47895 1:0 107074
105991 48052 1:0 107371
105992 48048 1:0 107295
105993 48051 1:0 107296
106004 47159 21:0 106086
106042 48046 1:0 107295
106042 48049 1:0 107296
106042 48045 1:0 107296
106052 48041 1:0 107296
106062 48050 1:0 107296
106084 47167 0:0 106086
106084 47165 0:0 106086
106085 47160 0:0 106086
106085 47168 0:0 106086
106085 47172 0:0 106086
106085 47171 0:0 106086
106085 47169 0:0 106086
106085 47170 0:0 106086
106085 47166 0:0 106086
106087 48042 1:0 107295
106087 48047 1:0 107296
106087 48053 1:0 107296
106087 48054 1:0 107296
106087 48195 1:0 107516
106087 48201 1:0 107517
106087 48196 1:0 107581
106094 48200 1:0 107517
106094 48198 1:0 107517
106095 48189 1:0 107516
106095 48197 1:0 107517
106095 48194 1:0 107517
106104 48193 1:0 107516
106104 48192 1:0 107517
106104 48188 1:0 107517
106104 48199 1:0 107517
106104 48347 1:0 107737
106104 48345 1:0 107737
106104 48337 1:0 107738
106104 48335 1:0 107738
106104 48344 1:0 107803
106110 48343 1:0 107737
106112 48348 1:0 107737
106114 48341 1:0 107738
106130 48346 1:0 107737
106130 48342 1:0 107737
106131 48336 1:0 107737
106131 48340 1:0 107737
106143 48491 1:0 108024
106184 48494 1:0 107959
106197 48490 1:0 107959
106213 48492 1:0 107959
106213 48486 1:0 107959
106214 48493 1:0 107959
106263 48495 1:0 107959
106265 47314 21:0 106310
106273 48489 1:0 107958
106273 48487 1:0 107958
106273 48482 1:0 107959
106273 48488 1:0 107959
106283 48483 1:0 107958
106305 47318 0:0 106307
106305 47316 0:0 106307
106306 47312 0:0 106307
106306 47319 0:0 106307
106306 47306 0:0 106307
106306 47307 0:0 106307
106306 47315 0:0 106307
106306 47317 0:0 106307
106306 47313 0:0 106307
106308 48636 1:0 108179
106308 48630 1:0 108179
106308 48634 1:0 108179
106308 48638 1:0 108180
106308 48640 1:0 108180
106308 48635 1:0 108180
106308 48629 1:0 108180
106308 48631 1:0 108180
106308 48639 1:0 108254
106315 48641 1:0 108180
106315 48642 1:0 108180
106316 48637 1:0 108180
106316 48786 1:0 108401
106316 48788 1:0 108485
106325 48777 1:0 108400
106325 48783 1:0 108400
106325 48782 1:0 108401
106325 48784 1:0 108401
106325 48785 1:0 108401
106325 48776 1:0 108401
106325 48787 1:0 108401
106331 48778 1:0 108401
106331 48789 1:0 108401
106331 63024 1:0 108538
106333 61553 1:0 108563
106333 60082 1:0 108563
106336 48936 1:0 108707
106351 48929 1:0 108622
106351 48923 1:0 108622
106352 48924 1:0 108621
106364 48930 1:0 108621
106364 48931 1:0 108622
106405 48933 1:0 108622
106413 48927 1:0 108622
106433 48928 1:0 108621
106433 48934 1:0 108622
106434 48935 1:0 108622
106434 58611 1:0 108747
106435 57140 1:0 108750
106483 47462 21:0 106531
106484 48932 1:0 108622
106494 55669 1:0 108756
106494 54198 1:0 108759
106494 52727 1:0 108784
106494 49173 1:0 108969
106504 51256 1:0 108784
106504 298 1:0 108841
106526 47461 0:0 106528
106526 47463 0:0 106528
106526 47465 0:0 106528
106527 47460 0:0 106528
106527 47464 0:0 106528
106527 47466 0:0 106528
106527 47457 0:0 106528
106527 47454 0:0 106528
106527 47453 0:0 106528
106527 47459 0:0 106528
106529 49073 1:0 108842
106529 49071 1:0 108842
106529 49075 1:0 108842
106529 49077 1:0 108842
106529 49076 1:0 108843
106529 49070 1:0 108843
106529 49078 1:0 108907
106529 49079 1:0 108908
106529 49785 1:0 108926
106529 49172 1:0 108968
106536 49080 1:0 108917
106536 49081 1:0 108918
106537 49083 1:0 108926
106537 49082 1:0 108927
106707 47608 21:0 106752
106747 47610 0:0 106749
106748 47613 0:0 106749
106748 47609 0:0 106749
106748 47601 0:0 106749
106748 47611 0:0 106749
106748 47612 0:0 106749
106748 47607 0:0 106749
106748 47600 0:0 106749
106748 47606 0:0 106749
106948 47759 21:0 106973
106968 47756 0:0 106970
106969 47747 0:0 106970
106969 47751 0:0 106970
106969 47749 0:0 106970
106969 47754 0:0 106970
106969 47753 0:0 106970
106969 47748 0:0 106970
106969 47758 0:0 106970
106969 47755 0:0 106970
106969 47760 0:0 106970
106969 47752 0:0 106970
106969 47757 0:0 106970
107169 47906 21:0 107194
107189 47905 0:0 107191
107190 47899 0:0 107191
107190 47901 0:0 107191
107190 47907 0:0 107191
107190 47900 0:0 107191
107190 47904 0:0 107191
107190 47903 0:0 107191
107190 47902 0:0 107191
107190 47895 0:0 107191
107190 47894 0:0 107191
107377 48052 21:0 107415
107410 48049 0:0 107412
107410 48051 0:0 107412
107410 48053 0:0 107412
107411 48045 0:0 107412
107411 48048 0:0 107412
107411 48050 0:0 107412
107411 48054 0:0 107412
107411 48042 0:0 107412
107411 48046 0:0 107412
107411 48047 0:0 107412
107411 48041 0:0 107412
107591 48196 21:0 107636
107631 48198 0:0 107633
107632 48197 0:0 107633
107632 48199 0:0 107633
107632 48200 0:0 107633
107632 48195 0:0 107633
107632 48193 0:0 107633
107632 48192 0:0 107633
107632 48188 0:0 107633
107632 48201 0:0 107633
107632 48189 0:0 107633
107632 48194 0:0 107633
107809 48344 21:0 107857
107852 48345 0:0 107854
107852 48343 0:0 107854
107853 48342 0:0 107854
107853 48336 0:0 107854
107853 48335 0:0 107854
107853 48347 0:0 107854
107853 48341 0:0 107854
107853 48348 0:0 107854
107853 48346 0:0 107854
107853 48337 0:0 107854
107853 48340 0:0 107854
108030 48491 21:0 108078
108073 48490 0:0 108075
108073 48492 0:0 108075
108074 48487 0:0 108075
108074 48494 0:0 108075
108074 48489 0:0 108075
108074 48482 0:0 108075
108074 48495 0:0 108075
108074 48493 0:0 108075
108074 48483 0:0 108075
108074 48488 0:0 108075
108074 48486 0:0 108075
108264 48639 21:0 108299
108295 48642 0:0 108296
108295 48634 0:0 108296
108295 48641 0:0 108296
108295 48630 0:0 108296
108295 48631 0:0 108296
108295 48637 0:0 108296
108295 48629 0:0 108296
108295 48635 0:0 108296
108295 48638 0:0 108296
108295 48640 0:0 108296
108295 48636 0:0 108296
108495 48788 21:0 108520
108515 48787 0:0 108517
108516 48784 0:0 108517
108516 48789 0:0 108517
108516 48782 0:0 108517
108516 48783 0:0 108517
108516 48785 0:0 108517
108516 48777 0:0 108517
108516 48786 0:0 108517
108516 48778 0:0 108517
108516 48776 0:0 108517
108713 48936 21:0 108741
108736 48934 0:0 108738
108736 48931 0:0 108738
108736 48932 0:0 108738
108736 48935 0:0 108738
108736 48933 0:0 108738
108737 48929 0:0 108738
108737 48924 0:0 108738
108737 48923 0:0 108738
108737 48930 0:0 108738
108737 48928 0:0 108738
108737 48927 0:0 108738
108927 49078 0:0 108957
108932 49080 0:0 108957
108937 49082 0:0 108957
108956 49081 0:0 108957
108956 49083 0:0 108957
108975 49173 21:0 131
