50 7689 0:0 52
51 7779 0:0 52
51 7780 0:0 52
51 7692 0:0 52
51 7690 0:0 52
51 7688 0:0 52
51 7686 0:0 52
51 7687 0:0 52
111 7839 21:0 169
182 7871 21:0 190
187 7872 0:0 190
190 7874 21:0 256
258 7904 0:0 261
263 7906 21:0 321
339 7939 21:0 397
341 7938 0:0 342
415 7971 21:0 473
491 8005 21:0 549
548 8006 0:0 560
567 8037 21:0 625
569 8038 0:0 570
638 8069 21:0 646
646 8072 21:0 712
719 8103 21:0 777
798 8138 21:0 864
871 8170 21:0 929
947 8203 21:0 1005
1023 8235 21:0 1081
1170 8300 21:0 1178
1323 8367 21:0 1331
1330 8368 0:0 1331
1330 8369 21:0 1397
1395 8370 0:0 1397
1399 8400 21:0 1407
1406 8401 0:0 1407
1406 8402 21:0 1473
1471 8403 0:0 1473
1475 8433 21:0 1483
1482 8435 0:0 1483
1482 8434 21:0 1549
1547 8436 0:0 1549
1551 8466 21:0 1559
1558 8467 0:0 1559
1558 8468 21:0 1625
1623 8469 0:0 1625
1627 8499 21:0 1635
1634 8501 0:0 1635
1634 8500 21:0 1701
1699 8502 0:0 1701
1703 8532 21:0 1711
1710 8534 0:0 1711
1710 8533 21:0 1777
1775 8535 0:0 1777
1779 8565 21:0 1787
1786 8567 0:0 1787
1786 8566 21:0 1853
1851 8568 0:0 1853
1855 8598 21:0 1863
1862 8600 0:0 1863
1862 8599 21:0 1929
1927 8601 0:0 1929
1931 8631 21:0 1939
1938 8633 0:0 1939
1938 8632 21:0 2005
2003 8634 0:0 2005
2007 8664 21:0 2015
2014 8665 0:0 2015
2014 8666 21:0 2081
2079 8667 0:0 2081
2083 8697 21:0 2091
2090 8699 0:0 2091
2090 8698 21:0 2157
2155 8700 0:0 2157
2159 8730 21:0 2167
2166 8731 0:0 2167
2166 8732 21:0 2233
2231 8733 0:0 2233
2235 8763 21:0 2243
2242 8764 0:0 2243
2242 8765 21:0 2309
2307 8766 0:0 2309
2311 8796 21:0 2319
2319 8799 21:0 2385
2392 8831 21:0 2450
2484 8300 1:0 2613
2485 8235 1:0 2847
2485 8203 1:0 2970
2493 8170 1:0 3092
2499 8138 1:0 3207
2606 8103 1:0 3335
2607 8072 1:0 3451
2615 8069 1:0 3467
2615 8037 1:0 3579
2621 8038 1:0 3580
2728 8006 1:0 3695
2729 8005 1:0 3702
2737 7971 1:0 3823
2737 7939 1:0 3946
2743 7938 1:0 3945
2850 7906 1:0 4068
2851 7904 1:0 4077
2859 7874 1:0 4183
2859 7872 1:0 4189
2865 7871 1:0 4199
2972 7839 1:0 4311
2973 8831 1:0 5784
2981 8799 1:0 5907
2981 8796 1:0 5925
2987 8766 1:0 6038
3094 8765 1:0 6046
3095 8764 1:0 6045
4493 9809 21:0 4501
4500 9811 0:0 4501
4500 9810 21:0 4567
4565 9812 0:0 4567
4569 9842 21:0 4577
4576 9844 0:0 4577
4576 9843 21:0 4643
4641 9845 0:0 4643
4645 9875 21:0 4653
4652 9877 0:0 4653
4652 9876 21:0 4719
4717 9878 0:0 4719
4721 9908 21:0 4729
4728 9909 0:0 4729
4728 9910 21:0 4795
4793 9911 0:0 4795
4797 9941 21:0 4805
4804 9942 0:0 4805
4804 9943 21:0 4871
4869 9944 0:0 4871
4873 9974 21:0 4881
4880 9975 0:0 4881
4880 9976 21:0 4947
4945 9977 0:0 4947
4949 10007 21:0 4957
4956 10009 0:0 4957
4956 10008 21:0 5023
5021 10010 0:0 5023
5025 10040 21:0 5033
5032 10041 0:0 5033
5032 10042 21:0 5099
5097 10043 0:0 5099
5101 10073 21:0 5109
5108 10074 0:0 5109
5108 10075 21:0 5175
5173 10076 0:0 5175
5177 10106 21:0 5185
5184 10107 0:0 5185
5184 10108 21:0 5251
5249 10109 0:0 5251
5253 10139 21:0 5261
5260 10141 0:0 5261
5260 10140 21:0 5327
5325 10142 0:0 5327
5329 10172 21:0 5337
5336 10173 0:0 5337
5336 10174 21:0 5403
5401 10175 0:0 5403
5405 10205 21:0 5413
5412 10207 0:0 5413
5412 10206 21:0 5479
5477 10208 0:0 5479
5481 10238 21:0 5489
5488 10240 21:0 5555
5557 10271 21:0 5565
5564 10273 21:0 5631
5655 8763 1:0 6056
5656 8733 1:0 6169
5665 8731 1:0 6176
5665 8732 1:0 6177
5671 8730 1:0 6187
5675 8700 1:0 6300
5704 8698 1:0 6307
5786 8699 1:0 6308
5787 8697 1:0 6318
5796 8667 1:0 6431
5796 8666 1:0 6439
5802 8665 1:0 6438
5822 8664 1:0 6449
5835 8634 1:0 6562
5917 8632 1:0 6569
5918 8633 1:0 6570
5927 8631 1:0 6580
5927 8601 1:0 6693
5935 8599 1:0 6700
5953 8600 1:0 6701
6048 8598 1:0 6711
6049 8568 1:0 6824
6049 8566 1:0 6831
6058 8567 1:0 6832
6058 8565 1:0 6842
6066 8535 1:0 6955
6085 8533 1:0 6962
6179 8534 1:0 6963
6180 8532 1:0 6973
6189 8502 1:0 7086
6189 8500 1:0 7093
6195 8501 1:0 7094
6199 8499 1:0 7104
6216 8469 1:0 7217
6310 8468 1:0 7225
6311 8467 1:0 7224
6320 8466 1:0 7235
6320 8436 1:0 7348
6326 8434 1:0 7355
6330 8435 1:0 7356
6359 8433 1:0 7366
6441 8403 1:0 7479
6442 8402 1:0 7487
6451 8401 1:0 7486
6451 8400 1:0 7497
6457 8370 1:0 7610
6462 8369 1:0 7618
6490 8368 1:0 7617
6572 8367 1:0 7628
7808 11251 0:0 7811
7813 11252 21:0 7871
7815 11253 0:0 7816
7870 11254 0:0 7882
7884 11284 21:0 7892
7889 11285 0:0 7892
7889 11286 0:0 7892
7892 11287 21:0 7958
7960 11317 0:0 7963
7965 11319 21:0 8023
7967 11318 0:0 7968
8022 11320 0:0 8034
8036 11350 0:0 8039
8041 11351 21:0 8099
8043 11352 0:0 8044
8098 11353 0:0 8110
8117 11385 21:0 8175
8119 11384 0:0 8120
8174 11386 0:0 8186
8188 11416 21:0 8196
8195 11417 0:0 8196
8195 11418 0:0 8196
8196 11419 21:0 8262
8269 11451 21:0 8327
8271 11450 0:0 8272
8326 11452 0:0 8338
8340 11482 0:0 8343
8345 11484 21:0 8403
8347 11483 0:0 8348
8402 11485 0:0 8414
8416 11515 21:0 8424
8424 11518 21:0 8490
8492 11548 21:0 8500
8499 11549 0:0 8500
8499 11550 0:0 8500
8500 11551 21:0 8566
8568 11581 21:0 8576
8573 11583 0:0 8576
8575 11582 0:0 8576
8576 11584 21:0 8642
8649 11615 21:0 8707
8651 11616 0:0 8652
8706 11617 0:0 8718
8720 11647 0:0 8723
8725 11648 21:0 8783
8782 11650 0:0 8794
8801 11681 21:0 8859
8872 11713 21:0 8880
8879 11715 21:0 8946
8970 10273 1:0 9099
8971 10271 1:0 9109
8980 10240 1:0 9230
8980 10238 1:0 9240
8986 10208 1:0 9353
8990 10206 1:0 9360
9019 10207 1:0 9361
9101 10205 1:0 9371
9102 10175 1:0 9484
9111 10173 1:0 9491
9111 10174 1:0 9492
9117 10172 1:0 9502
9137 10142 1:0 9615
9150 10140 1:0 9622
9232 10141 1:0 9623
9233 10139 1:0 9633
9242 10109 1:0 9746
9242 10108 1:0 9754
9250 10107 1:0 9753
9268 10106 1:0 9764
9363 10076 1:0 9877
9364 10074 1:0 9884
9364 10075 1:0 9885
9373 10073 1:0 9895
9373 10043 1:0 10008
9381 10042 1:0 10016
9400 10041 1:0 10015
9494 10040 1:0 10026
9495 10010 1:0 10139
9504 10008 1:0 10146
9504 10009 1:0 10147
9510 10007 1:0 10157
9514 9977 1:0 10270
9531 9976 1:0 10278
9625 9975 1:0 10277
9626 9974 1:0 10288
9635 9944 1:0 10401
9635 9943 1:0 10409
9641 9942 1:0 10408
9645 9941 1:0 10419
9674 9911 1:0 10532
9756 9910 1:0 10540
9757 9909 1:0 10539
9766 9908 1:0 10550
9766 9878 1:0 10663
9772 9876 1:0 10670
9777 9877 1:0 10671
9805 9875 1:0 10681
9887 9845 1:0 10794
9888 9843 1:0 10801
9897 9844 1:0 10802
9897 9842 1:0 10812
9903 9812 1:0 10925
9908 9810 1:0 10932
9936 9811 1:0 10933
10018 9809 1:0 10943
10019 11715 1:0 11160
10028 5483 1:0 11164
10028 5485 1:0 11164
10028 5486 1:0 11165
10028 5487 1:0 11250
10034 5482 1:0 11165
10034 5484 1:0 11165
10054 11713 1:0 11297
10067 11681 1:0 11381
10149 5632 1:0 11385
10149 5634 1:0 11471
10150 5633 1:0 11386
10150 5629 1:0 11386
10159 5630 1:0 11385
10159 5631 1:0 11386
10159 11650 1:0 11524
10167 11648 1:0 11595
10170 5779 1:0 11682
10185 5776 1:0 11607
10198 5780 1:0 11606
10280 5781 1:0 11606
10280 5777 1:0 11606
10281 5778 1:0 11606
10281 11647 1:0 11739
10290 11617 1:0 11745
10290 11615 1:0 11813
10296 5923 1:0 11892
10298 5924 1:0 11827
10301 5927 1:0 11827
10317 5925 1:0 11827
10329 5928 1:0 11827
10411 5926 1:0 11827
10411 6070 1:0 12113
10412 11616 1:0 11950
10421 11584 1:0 12034
10421 6075 1:0 12048
10421 6073 1:0 12048
10427 6074 1:0 12048
10427 6071 1:0 12048
10431 6072 1:0 12048
10448 11583 1:0 12171
10460 6221 1:0 12354
10542 11582 1:0 12170
10543 11581 1:0 12181
10552 11551 1:0 12265
10552 6217 1:0 12270
10552 6219 1:0 12270
10558 6222 1:0 12269
10558 6220 1:0 12269
10560 6215 1:0 12270
10563 6218 1:0 12269
10591 11549 1:0 12391
10673 11550 1:0 12392
10674 11548 1:0 12402
10674 6365 1:0 12556
10683 11518 1:0 12476
10683 6366 1:0 12490
10683 6364 1:0 12490
10689 6368 1:0 12490
10691 6367 1:0 12490
10694 6369 1:0 12490
10722 11515 1:0 12623
10804 11484 1:0 12707
10805 11485 1:0 12629
10814 6510 1:0 12711
10814 6514 1:0 12711
10814 6516 1:0 12711
10814 6511 1:0 12712
10814 6515 1:0 12796
10820 6512 1:0 12711
10820 6513 1:0 12712
10822 6504 1:0 12711
10822 6651 1:0 12928
10841 11483 1:0 12833
10853 6663 1:0 13018
10935 11482 1:0 12844
10936 11452 1:0 12909
10945 6661 1:0 12932
10945 6659 1:0 12932
10945 6662 1:0 12933
10945 6658 1:0 12933
10951 6660 1:0 12933
10955 11451 1:0 13055
10984 11450 1:0 13054
11025 6808 1:0 13229
11068 11419 1:0 13142
11069 6810 1:0 13153
11069 6806 1:0 13153
11069 6805 1:0 13154
11078 6809 1:0 13153
11078 6807 1:0 13153
11078 11417 1:0 13275
11086 11418 1:0 13276
11117 11416 1:0 13286
11171 11386 1:0 13360
11186 6952 1:0 13439
11187 6944 1:0 13375
11188 6953 1:0 13374
11237 6955 1:0 13374
11247 6954 1:0 13374
11256 5487 21:0 11281
11257 6957 1:0 13374
11279 5482 0:0 11281
11279 5483 0:0 11281
11279 5485 0:0 11281
11279 5486 0:0 11281
11280 5484 0:0 11281
11282 6956 1:0 13374
11282 11385 1:0 13497
11289 11384 1:0 13496
11290 11351 1:0 13591
11299 11353 1:0 13513
11299 7104 1:0 13595
11299 7091 1:0 13596
11299 7103 1:0 13680
11305 7099 1:0 13596
11305 7097 1:0 13596
11307 7101 1:0 13596
11310 7100 1:0 13595
11326 7102 1:0 13595
11379 11352 1:0 13718
11408 11350 1:0 13728
11458 11319 1:0 13802
11477 5634 21:0 11502
11478 11320 1:0 13734
11500 5630 0:0 11502
11500 5629 0:0 11502
11500 5633 0:0 11502
11500 5631 0:0 11502
11501 5632 0:0 11502
11503 7250 1:0 13816
11503 7248 1:0 13816
11503 7247 1:0 13882
11510 7246 1:0 13816
11510 7251 1:0 13816
11511 7245 1:0 13816
11511 7249 1:0 13816
11511 7244 1:0 13817
11511 7238 1:0 13817
11520 11318 1:0 13938
11520 11317 1:0 13949
11526 11287 1:0 14023
11530 7393 1:0 14102
11546 7397 1:0 14038
11559 7394 1:0 14038
11600 7395 1:0 14038
11608 7398 1:0 14038
11628 7396 1:0 14038
11629 7392 1:0 14037
11679 11285 1:0 14159
11688 5779 21:0 11723
11699 11286 1:0 14160
11721 5780 0:0 11723
11721 5776 0:0 11723
11721 5778 0:0 11723
11722 5781 0:0 11723
11722 5777 0:0 11723
11724 11284 1:0 14170
11724 7544 1:0 14343
11731 11254 1:0 14254
11732 7542 1:0 14259
11732 7540 1:0 14259
11741 7541 1:0 14258
11741 7539 1:0 14258
11741 7543 1:0 14258
11741 7545 1:0 14258
11747 11252 1:0 14380
11752 11253 1:0 14381
11780 11251 1:0 14391
11821 7691 1:0 14564
11834 7689 1:0 14480
11849 7692 1:0 14479
11850 7688 1:0 14479
11900 7687 1:0 14480
11902 5923 21:0 11944
11910 7690 1:0 14479
11910 7686 1:0 14479
11910 7780 1:0 14605
11920 7779 1:0 14604
11942 5925 0:0 11944
11942 5927 0:0 11944
11943 5924 0:0 11944
11943 5926 0:0 11944
11943 5928 0:0 11944
12123 6070 21:0 12165
12163 6074 0:0 12165
12163 6072 0:0 12165
12164 6075 0:0 12165
12164 6073 0:0 12165
12164 6071 0:0 12165
12342 6215 0:0 12351
12364 6221 21:0 12386
12385 6218 0:0 12386
12385 6217 0:0 12386
12385 6219 0:0 12386
12385 6220 0:0 12386
12385 6222 0:0 12386
12562 6365 21:0 12607
12605 6366 0:0 12607
12605 6368 0:0 12607
12606 6369 0:0 12607
12606 6364 0:0 12607
12606 6367 0:0 12607
12806 6515 21:0 12828
12827 6510 0:0 12828
12827 6514 0:0 12828
12827 6516 0:0 12828
12827 6504 0:0 12828
12827 6512 0:0 12828
12827 6511 0:0 12828
12827 6513 0:0 12828
12964 6651 21:0 13021
13024 6663 21:0 13049
13047 6660 0:0 13049
13047 6658 0:0 13049
13047 6662 0:0 13049
13047 6659 0:0 13049
13048 6661 0:0 13049
13235 6808 21:0 13270
13268 6805 0:0 13270
13268 6807 0:0 13270
13268 6806 0:0 13270
13269 6810 0:0 13270
13269 6809 0:0 13270
13449 6952 21:0 13491
13489 6956 0:0 13491
13490 6957 0:0 13491
13490 6953 0:0 13491
13490 6954 0:0 13491
13490 6944 0:0 13491
13490 6955 0:0 13491
13668 7097 0:0 13677
13690 7103 21:0 13712
13711 7091 0:0 13712
13711 7102 0:0 13712
13711 7099 0:0 13712
13711 7104 0:0 13712
13711 7101 0:0 13712
13711 7100 0:0 13712
13888 7247 21:0 13933
13931 7248 0:0 13933
13931 7246 0:0 13933
13931 7250 0:0 13933
13932 7249 0:0 13933
13932 7245 0:0 13933
13932 7244 0:0 13933
13932 7238 0:0 13933
13932 7251 0:0 13933
14099 7392 0:0 14108
14112 7393 21:0 14154
14152 7397 0:0 14154
14152 7395 0:0 14154
14153 7398 0:0 14154
14153 7394 0:0 14154
14153 7396 0:0 14154
14353 7544 21:0 14375
14374 7539 0:0 14375
14374 7541 0:0 14375
14374 7540 0:0 14375
14374 7543 0:0 14375
14374 7545 0:0 14375
14374 7542 0:0 14375
14574 7691 21:0 88
