151 13513 21:0 193
192 13514 21:0 204
203 13515 21:0 209
208 13512 21:0 209
208 13511 21:0 214
213 13603 21:0 214
213 13710 21:0 280
213 13604 21:0 214
279 13713 21:0 285
284 13712 21:0 290
289 13744 21:0 345
344 13746 21:0 361
363 13777 21:0 380
379 13776 21:0 432
431 13778 21:0 437
439 13810 21:0 456
455 13811 21:0 508
507 13809 21:0 513
515 13843 21:0 532
531 13845 21:0 584
586 13875 21:0 594
593 13844 21:0 644
670 13911 21:0 736
735 13909 21:0 741
740 13910 21:0 746
746 13944 21:0 812
819 13976 21:0 836
835 13977 21:0 888
890 14007 21:0 898
898 14010 21:0 964
963 14009 21:0 969
971 14041 21:0 988
987 14043 21:0 1040
1039 14040 21:0 1045
1050 14076 21:0 1116
1126 14109 21:0 1192
1194 14139 21:0 1202
1201 14140 21:0 1252
1251 14142 21:0 1268
1423 14239 21:0 1431
1430 14241 21:0 1481
1480 14240 21:0 1497
1496 14242 21:0 1507
1506 14272 21:0 1529
1528 14274 21:0 1573
1572 14273 21:0 1580
1579 14275 21:0 1597
1596 14308 21:0 1649
1648 14305 21:0 1654
1659 14341 21:0 1725
1724 14339 21:0 1730
1729 14338 21:0 1735
1734 14307 21:0 1801
1803 14404 21:0 1811
1810 14405 21:0 1861
1860 14406 21:0 1877
1876 14407 21:0 1887
1886 14437 21:0 1909
1908 14438 21:0 1953
1952 14439 21:0 1963
1962 14440 21:0 1979
1978 14470 21:0 2029
2028 14472 21:0 2034
2033 14471 21:0 2053
2052 14473 21:0 2105
2104 14503 21:0 2110
2109 14504 21:0 2129
2128 14505 21:0 2181
2180 14506 21:0 2186
2185 14536 21:0 2191
2190 14537 21:0 2257
2256 14538 21:0 2262
2261 14340 21:0 2267
2266 14373 21:0 2333
2332 14306 21:0 2338
2337 14371 21:0 2343
2342 14374 21:0 2409
2408 14372 21:0 2414
2413 14539 21:0 2419
2418 14569 21:0 2474
2473 14571 21:0 2490
2489 14572 21:0 2495
2494 14570 21:0 2550
2549 14604 21:0 2566
2565 14603 21:0 2571
2570 14605 21:0 2577
2572 14142 1:0 2819
2576 14602 21:0 2580
2579 14637 21:0 2590
2584 14140 1:0 2825
2585 14139 1:0 2835
2589 14636 21:0 2595
2591 14109 1:0 2941
2593 14076 1:0 3063
2593 14043 1:0 3185
2594 14638 21:0 2598
2596 14041 1:0 3191
2599 14040 1:0 3201
2610 304 21:0 2624
2617 14010 1:0 3307
2623 14635 21:0 2699
2629 14009 1:0 3314
2694 14007 1:0 3323
2698 14669 21:0 2702
2701 14701 21:0 2709
2706 13977 1:0 3429
2707 13976 1:0 3436
2708 14671 21:0 2712
2710 13944 1:0 3551
2711 14704 21:0 2720
2713 13910 1:0 3598
2715 13911 1:0 3673
2715 13909 1:0 3679
2719 14668 21:0 2746
2721 13875 1:0 3811
2725 13844 1:0 3842
2745 14703 21:0 2821
2747 13845 1:0 3917
2751 13843 1:0 3923
2816 13811 1:0 4039
2820 14670 21:0 2824
2823 14702 21:0 2831
2828 13810 1:0 4045
2829 13809 1:0 4055
2832 13778 1:0 4161
2837 13777 1:0 4167
2837 13776 1:0 4177
2847 13746 1:0 4283
2950 13744 1:0 4289
2951 13713 1:0 4405
2959 13712 1:0 4412
2959 13710 1:0 4421
2965 305 1:0 5743
4593 15681 21:0 4601
4600 15682 21:0 4651
4650 15683 21:0 4667
4666 15684 21:0 4677
4676 15714 21:0 4699
4698 15715 21:0 4743
4742 15716 21:0 4753
4752 15717 21:0 4771
4770 15747 21:0 4819
4818 15750 21:0 4824
4823 15780 21:0 4843
4842 15781 21:0 4895
4894 15782 21:0 4900
4899 15783 21:0 4919
4918 15813 21:0 4971
4970 15815 21:0 4976
4975 15814 21:0 4981
4980 15816 21:0 5047
5046 15846 21:0 5052
5051 15847 21:0 5057
5056 15848 21:0 5123
5122 15849 21:0 5128
5127 15879 21:0 5133
5132 15882 21:0 5199
5198 15912 21:0 5204
5203 15914 21:0 5209
5208 15913 21:0 5264
5263 15915 21:0 5280
5279 15881 21:0 5285
5284 15749 21:0 5340
5339 15880 21:0 5356
5355 15748 21:0 5361
5360 15946 21:0 5411
5410 15947 21:0 5427
5426 15978 21:0 5437
5436 15948 21:0 5467
5466 15981 21:0 5503
5502 16011 21:0 5513
5512 16012 21:0 5531
5530 16014 21:0 5579
5578 15979 21:0 5584
5583 15980 21:0 5603
5602 15945 21:0 5655
5654 16077 21:0 5660
5659 16044 21:0 5679
5678 16046 21:0 5731
5730 16045 21:0 5736
5735 16078 21:0 5743
5742 16080 21:0 5750
5744 14702 1:0 5796
5749 16079 21:0 5758
5755 14704 1:0 5876
5756 14703 1:0 5884
5757 16013 21:0 5761
5759 14701 1:0 5894
5760 16110 21:0 5770
5762 14670 1:0 5927
5765 14671 1:0 6007
5765 14669 1:0 6014
5771 14668 1:0 6025
5771 14638 1:0 6058
5784 305 21:0 5798
5792 14636 1:0 6138
5797 16047 21:0 5878
5845 14637 1:0 6146
5873 14635 1:0 6156
5877 16143 21:0 5881
5880 16144 21:0 5889
5886 14605 1:0 6189
5887 14603 1:0 6269
5887 14604 1:0 6277
5888 16111 21:0 5892
5890 14602 1:0 6287
5891 16112 21:0 5901
5893 14570 1:0 6320
5896 14572 1:0 6400
5896 14571 1:0 6408
5900 16146 21:0 5929
5902 14569 1:0 6418
5904 14539 1:0 6451
5923 14538 1:0 6531
5928 16113 21:0 6009
5930 14537 1:0 6538
5976 14536 1:0 6549
6005 14506 1:0 6582
6008 16176 21:0 6012
6017 14505 1:0 6662
6018 14504 1:0 6669
6018 14503 1:0 6680
6027 14473 1:0 6713
6027 14471 1:0 6793
6035 14472 1:0 6801
6054 14470 1:0 6811
6148 14440 1:0 6844
6149 14439 1:0 6924
6158 14438 1:0 6931
6158 14437 1:0 6942
6164 14407 1:0 6975
6168 14406 1:0 7055
6197 14405 1:0 7062
6279 14404 1:0 7073
6280 14372 1:0 7106
6289 14374 1:0 7186
6289 14373 1:0 7194
6295 14371 1:0 7204
6300 14340 1:0 7237
6328 14341 1:0 7317
6410 14339 1:0 7324
6411 14338 1:0 7335
6420 14306 1:0 7368
6420 14308 1:0 7448
6426 14307 1:0 7456
6431 14305 1:0 7466
6459 14275 1:0 7499
6541 14273 1:0 7579
6542 14274 1:0 7587
6551 14272 1:0 7597
6551 14242 1:0 7630
6557 14240 1:0 7710
6577 14241 1:0 7718
6590 14239 1:0 7728
6672 306 1:0 9058
7908 17123 21:0 7916
7915 17124 21:0 7966
7965 17125 21:0 7982
7981 17126 21:0 7992
7991 17156 21:0 8014
8013 17158 21:0 8058
8057 17157 21:0 8068
8067 17159 21:0 8086
8085 17189 21:0 8134
8133 17191 21:0 8139
8138 17190 21:0 8158
8157 17192 21:0 8210
8209 17223 21:0 8215
8214 17224 21:0 8234
8233 17225 21:0 8286
8285 17255 21:0 8291
8290 17257 21:0 8296
8295 17256 21:0 8362
8361 17258 21:0 8367
8366 17288 21:0 8372
8371 17291 21:0 8438
8437 17321 21:0 8443
8442 17322 21:0 8448
8447 17323 21:0 8514
8513 17324 21:0 8519
8518 17354 21:0 8524
8523 17290 21:0 8579
8578 17289 21:0 8595
8594 17222 21:0 8600
8599 17387 21:0 8655
8654 17356 21:0 8671
8670 17355 21:0 8676
8675 17357 21:0 8728
8727 17420 21:0 8742
8741 17422 21:0 8752
8751 17389 21:0 8793
8792 17423 21:0 8818
8817 17455 21:0 8828
8827 17388 21:0 8846
8845 17456 21:0 8894
8893 17453 21:0 8901
8900 17454 21:0 8918
8917 17486 21:0 8970
8969 17489 21:0 8975
8974 17390 21:0 8994
8993 17520 21:0 9046
9045 17421 21:0 9051
9050 17519 21:0 9062
9061 17555 21:0 9065
9063 16176 1:0 9078
9064 17521 21:0 9073
9070 16146 1:0 9191
9071 16144 1:0 9198
9072 17522 21:0 9076
9074 16143 1:0 9209
9075 17552 21:0 9085
9077 16113 1:0 9242
9080 16112 1:0 9322
9080 16111 1:0 9329
9086 16110 1:0 9340
9086 16079 1:0 9373
9099 306 21:0 9113
9107 16080 1:0 9453
9112 17488 21:0 9193
9160 16078 1:0 9460
9188 16077 1:0 9471
9192 17586 21:0 9196
9195 17587 21:0 9204
9201 16047 1:0 9504
9202 16045 1:0 9584
9202 16046 1:0 9592
9203 17588 21:0 9207
9205 16044 1:0 9602
9206 17554 21:0 9216
9208 16013 1:0 9635
9211 16014 1:0 9715
9211 16012 1:0 9722
9215 17487 21:0 9244
9217 16011 1:0 9733
9219 15980 1:0 9766
9238 15981 1:0 9846
9243 17585 21:0 9324
9245 15979 1:0 9853
9291 15978 1:0 9864
9320 15948 1:0 9897
9323 17553 21:0 9327
9332 15947 1:0 9977
9333 15946 1:0 9984
9333 15945 1:0 9995
9342 15915 1:0 10028
9342 15913 1:0 10108
9350 15914 1:0 10116
9369 15912 1:0 10126
9463 15880 1:0 10159
9464 15882 1:0 10239
9473 15881 1:0 10247
9473 15879 1:0 10257
9479 15849 1:0 10290
9483 15848 1:0 10370
9512 15847 1:0 10377
9594 15846 1:0 10388
9595 15816 1:0 10421
9604 15814 1:0 10501
9604 15815 1:0 10509
9610 15813 1:0 10519
9615 15783 1:0 10552
9643 15782 1:0 10632
9725 15781 1:0 10639
9726 15780 1:0 10650
9735 15748 1:0 10683
9735 15750 1:0 10763
9741 15749 1:0 10771
9746 15747 1:0 10781
9774 15717 1:0 10814
9856 15716 1:0 10894
9857 15715 1:0 10901
9866 15714 1:0 10912
9866 15684 1:0 10945
9872 15683 1:0 11025
9892 15682 1:0 11032
9905 15681 1:0 11043
9987 307 1:0 12373
11223 18565 21:0 11231
11230 18566 21:0 11281
11280 18567 21:0 11297
11296 18568 21:0 11307
11306 18598 21:0 11329
11328 18599 21:0 11373
11372 18600 21:0 11383
11382 18601 21:0 11401
11400 18631 21:0 11449
11448 18634 21:0 11454
11453 18664 21:0 11473
11472 18666 21:0 11525
11524 18665 21:0 11530
11529 18667 21:0 11549
11548 18697 21:0 11601
11600 18698 21:0 11606
11605 18700 21:0 11611
11610 18699 21:0 11677
11676 18730 21:0 11682
11681 18733 21:0 11687
11686 18763 21:0 11753
11752 18764 21:0 11758
11757 18765 21:0 11763
11762 18766 21:0 11829
11828 18796 21:0 11834
11833 18799 21:0 11839
11838 18632 21:0 11894
11893 18731 21:0 11910
11909 18732 21:0 11915
11914 18633 21:0 11970
11969 18798 21:0 11986
11985 18797 21:0 11991
11990 18832 21:0 12046
12045 18829 21:0 12057
12056 18831 21:0 12067
12066 18830 21:0 12110
12109 18864 21:0 12133
12132 18862 21:0 12143
12142 18863 21:0 12163
12162 18865 21:0 12209
12208 18929 21:0 12216
12215 18931 21:0 12233
12232 18898 21:0 12285
12284 18897 21:0 12290
12289 18962 21:0 12309
12308 18896 21:0 12361
12360 18895 21:0 12366
12365 18964 21:0 12377
12376 18961 21:0 12380
12378 17588 1:0 12426
12379 18995 21:0 12388
12385 17587 1:0 12506
12386 17586 1:0 12513
12387 18996 21:0 12391
12389 17585 1:0 12524
12390 18997 21:0 12400
12392 17553 1:0 12557
12395 17555 1:0 12637
12395 17554 1:0 12645
12401 17552 1:0 12655
12401 17522 1:0 12688
12414 307 21:0 12428
12422 17521 1:0 12768
12427 18928 21:0 12508
12475 17520 1:0 12775
12503 17519 1:0 12786
12507 19030 21:0 12511
12510 18963 21:0 12519
12516 17487 1:0 12819
12517 17489 1:0 12899
12517 17488 1:0 12907
12518 19029 21:0 12522
12520 17486 1:0 12917
12521 19028 21:0 12531
12523 17454 1:0 12950
12526 17456 1:0 13030
12526 17455 1:0 13038
12530 19027 21:0 12559
12532 17453 1:0 13048
12534 17421 1:0 13081
12553 17423 1:0 13161
12558 18994 21:0 12639
12560 17422 1:0 13169
12606 17420 1:0 13179
12635 17390 1:0 13212
12638 18930 21:0 12642
12647 17388 1:0 13292
12648 17389 1:0 13300
12648 17387 1:0 13310
12657 17357 1:0 13343
12657 17355 1:0 13423
12665 17356 1:0 13431
12684 17354 1:0 13441
12778 17324 1:0 13474
12779 17323 1:0 13554
12788 17322 1:0 13561
12788 17321 1:0 13572
12794 17289 1:0 13605
12798 17291 1:0 13685
12827 17290 1:0 13693
12909 17288 1:0 13703
12910 17258 1:0 13736
12919 17256 1:0 13816
12919 17257 1:0 13824
12925 17255 1:0 13834
12930 17225 1:0 13867
12958 17224 1:0 13947
13040 17223 1:0 13954
13041 17222 1:0 13965
13050 17192 1:0 13998
13050 17190 1:0 14078
13056 17191 1:0 14086
13061 17189 1:0 14096
13089 17159 1:0 14129
13171 17157 1:0 14209
13172 17158 1:0 14217
13181 17156 1:0 14227
13181 17126 1:0 14260
13187 17125 1:0 14340
13207 17124 1:0 14347
13220 17123 1:0 14358
13302 308 1:0 15688
14538 20007 21:0 14546
14545 20009 21:0 14596
14595 20008 21:0 14612
14611 20010 21:0 14622
14621 20040 21:0 14644
14643 20042 21:0 14688
14687 20041 21:0 14698
14697 20043 21:0 14716
14715 20073 21:0 14764
14763 20075 21:0 14769
14768 20106 21:0 14788
14787 20107 21:0 14840
14839 20108 21:0 14845
14844 20109 21:0 14864
14863 20139 21:0 14916
14915 20141 21:0 14921
14920 20140 21:0 14926
14925 20142 21:0 14992
14991 20172 21:0 14997
14996 20174 21:0 15002
15001 20173 21:0 15068
15067 20205 21:0 15073
15072 20207 21:0 15078
15077 20206 21:0 15144
15143 20208 21:0 15149
15148 20238 21:0 15154
15153 20271 21:0 15209
15208 20240 21:0 15225
15224 20175 21:0 15230
15229 20241 21:0 15285
15284 20273 21:0 15301
15300 20074 21:0 15306
15305 20272 21:0 15356
15355 20076 21:0 15372
15371 20304 21:0 15382
15381 20307 21:0 15404
15403 20306 21:0 15448
15447 20305 21:0 15458
15457 20239 21:0 15476
15475 20373 21:0 15524
15523 20370 21:0 15529
15528 20337 21:0 15548
15547 20338 21:0 15600
15599 20404 21:0 15605
15604 20274 21:0 15624
15623 20339 21:0 15676
15675 20406 21:0 15681
15680 20403 21:0 15686
15685 20436 21:0 15695
15687 19028 1:0 15741
15694 20371 21:0 15703
15700 19030 1:0 15821
15701 19029 1:0 15829
15702 20372 21:0 15706
15704 19027 1:0 15839
15705 20405 21:0 15715
15707 18997 1:0 15872
15710 18996 1:0 15952
15710 18995 1:0 15959
15716 18994 1:0 15970
15716 18963 1:0 16003
15729 308 21:0 15743
15737 18964 1:0 16083
15742 20437 21:0 15823
15790 18962 1:0 16090
15818 18961 1:0 16101
15822 20470 21:0 15826
15825 20438 21:0 15834
15831 18930 1:0 16134
15832 18931 1:0 16214
15832 18929 1:0 16221
15833 20340 21:0 15837
15835 18928 1:0 16232
15836 20469 21:0 15846
15838 18896 1:0 16265
15841 18898 1:0 16345
15841 18897 1:0 16353
15845 20471 21:0 15874
15847 18895 1:0 16363
15849 18865 1:0 16396
15868 18863 1:0 16476
15873 20472 21:0 15954
15875 18864 1:0 16484
15921 18862 1:0 16494
15950 18830 1:0 16527
15953 20439 21:0 15957
15956 20502 21:0 15965
15962 18832 1:0 16607
15963 18831 1:0 16615
15963 18829 1:0 16625
15966 18797 1:0 16658
15972 18799 1:0 16738
15972 18798 1:0 16746
15980 18796 1:0 16756
15999 18766 1:0 16789
16093 18765 1:0 16869
16094 18764 1:0 16876
16103 18763 1:0 16887
16103 18732 1:0 16920
16109 18733 1:0 17000
16113 18731 1:0 17007
16142 18730 1:0 17018
16224 18699 1:0 17051
16225 18700 1:0 17131
16234 18698 1:0 17138
16234 18697 1:0 17149
16240 18667 1:0 17182
16245 18665 1:0 17262
16273 18666 1:0 17270
16355 18664 1:0 17280
16356 18633 1:0 17313
16365 18634 1:0 17393
16365 18632 1:0 17400
16371 18631 1:0 17411
16376 18601 1:0 17444
16404 18600 1:0 17524
16486 18599 1:0 17531
16487 18598 1:0 17542
16496 18568 1:0 17575
16496 18567 1:0 17655
16502 18566 1:0 17662
16522 18565 1:0 17673
16523 309 1:0 19003
16617 20502 1:0 19023
17853 21449 21:0 17861
17860 21450 21:0 17911
17910 21451 21:0 17927
17926 21452 21:0 17937
17936 21482 21:0 17959
17958 21483 21:0 18003
18002 21484 21:0 18013
18012 21485 21:0 18031
18030 21515 21:0 18079
18078 21517 21:0 18084
18083 21516 21:0 18103
18102 21518 21:0 18155
18154 21548 21:0 18160
18159 21550 21:0 18179
18178 21549 21:0 18231
18230 21551 21:0 18236
18235 21581 21:0 18241
18240 21582 21:0 18307
18306 21583 21:0 18312
18311 21584 21:0 18317
18316 21614 21:0 18383
18382 21616 21:0 18388
18387 21615 21:0 18393
18392 21617 21:0 18459
18458 21647 21:0 18464
18463 21680 21:0 18469
18468 21619 21:0 18469
18469 21716 21:0 18535
18537 21746 21:0 18545
18544 21648 21:0 18595
18594 21649 21:0 18611
18610 21650 21:0 18621
18620 21682 21:0 18643
18642 21681 21:0 18687
18686 21683 21:0 18697
18696 21713 21:0 18713
18712 21715 21:0 18763
18762 21714 21:0 18768
18767 21748 21:0 18787
18786 21747 21:0 18839
18838 21749 21:0 18844
18843 21779 21:0 18863
18862 21780 21:0 18915
18914 21781 21:0 18920
18919 21782 21:0 18925
18924 21812 21:0 18991
18990 21814 21:0 18996
18995 21813 21:0 19001
19000 21815 21:0 19010
19009 21845 21:0 19018
19015 20472 1:0 19056
19016 20471 1:0 19136
19017 21847 21:0 19021
19019 20470 1:0 19143
19020 21846 21:0 19030
19022 20469 1:0 19154
19025 20439 1:0 19187
19025 20438 1:0 19267
19031 20437 1:0 19274
19031 20436 1:0 19285
19044 309 21:0 19058
19051 20405 1:0 19318
19057 21848 21:0 19138
19064 20406 1:0 19398
19118 20404 1:0 19405
19137 21878 21:0 19141
19139 20403 1:0 19416
19140 21879 21:0 19149
19146 20372 1:0 19449
19147 20373 1:0 19529
19148 21880 21:0 19152
19150 20371 1:0 19536
19151 21881 21:0 19161
19153 20370 1:0 19547
19156 20340 1:0 19580
19156 20339 1:0 19660
19160 21911 21:0 19189
19162 20338 1:0 19667
19162 20337 1:0 19678
19182 20305 1:0 19711
19188 21912 21:0 19269
19190 20307 1:0 19791
19195 20306 1:0 19799
19264 20304 1:0 19809
19268 21914 21:0 19272
19270 20274 1:0 19842
19271 21913 21:0 19280
19277 20272 1:0 19922
19278 20273 1:0 19930
19279 21944 21:0 19286
19281 20271 1:0 19940
19287 20239 1:0 19973
19287 20241 1:0 20053
19287 20240 1:0 20061
19293 20238 1:0 20071
19313 20208 1:0 20104
19406 14911 21:0 19411
19408 20206 1:0 20184
19409 20207 1:0 20192
19409 20205 1:0 20202
19418 20175 1:0 20235
19418 20173 1:0 20315
19424 20174 1:0 20323
19429 20172 1:0 20333
19457 20142 1:0 20366
19539 20140 1:0 20446
19540 20141 1:0 20454
19548 14972 21:0 19551
19549 20139 1:0 20464
19549 20109 1:0 20497
19552 20108 1:0 20577
19557 20107 1:0 20584
19576 20106 1:0 20595
19670 20076 1:0 20628
19671 20074 1:0 20708
19680 20075 1:0 20716
19680 20073 1:0 20726
19686 20043 1:0 20759
19690 20041 1:0 20839
19691 310 1:0 22318
19719 20042 1:0 20847
19801 20040 1:0 20857
19802 20010 1:0 20890
19811 20008 1:0 20970
19811 20009 1:0 20978
19817 20007 1:0 20988
21168 22891 21:0 21176
21176 22894 21:0 21242
21241 22893 21:0 21247
21246 22911 21:0 21247
21249 22926 21:0 21266
21265 22924 21:0 21318
21317 22916 21:0 21318
21320 22957 21:0 21328
21327 15 21:0 21328
21328 22960 21:0 21394
21393 22925 21:0 21399
21401 22992 21:0 21418
21417 22990 21:0 21470
21469 22991 21:0 21475
21477 23025 21:0 21494
21493 23026 21:0 21546
21545 23024 21:0 21551
21553 23057 21:0 21570
21569 23056 21:0 21622
21621 23008 21:0 21622
21624 23089 21:0 21632
21631 22927 21:0 21682
21681 22958 21:0 21698
21700 23122 21:0 21708
21707 23123 21:0 21758
21757 22993 21:0 21774
21773 23058 21:0 21784
21783 23155 21:0 21806
21805 23157 21:0 21850
21849 69 21:0 21855
21857 23189 21:0 21874
21873 23023 21:0 21926
21925 23125 21:0 21931
21930 23190 21:0 21950
21949 23158 21:0 22002
22001 23059 21:0 22007
22006 23191 21:0 22026
22025 23188 21:0 22078
22077 23255 21:0 22083
22082 22959 21:0 22088
22087 23092 21:0 22154
22153 23090 21:0 22159
22158 23224 21:0 22164
22163 23124 21:0 22230
22229 23091 21:0 22235
22234 23290 21:0 22240
22239 23323 21:0 22300
22299 23156 21:0 22311
22310 23355 21:0 22316
22315 23221 21:0 22322
22317 21944 1:0 22334
22330 304 1:0 2573
22331 21913 1:0 22343
22331 21914 1:0 22371
22340 21912 1:0 22451
22340 23221 1:0 22462
22348 21911 1:0 22469
22359 310 21:0 22373
22367 23355 1:0 22474
22461 21881 1:0 22502
22462 21880 1:0 22582
22462 21879 1:0 22589
22471 14911 1:0 22593
22471 21878 1:0 22600
22477 23156 1:0 22605
22482 21848 1:0 22633
22510 21846 1:0 22713
22592 21847 1:0 22721
22593 21845 1:0 22731
22602 23323 1:0 22736
22602 21815 1:0 22764
22608 21813 1:0 22844
22628 21814 1:0 22852
22641 14972 1:0 22855
22723 21812 1:0 22862
22724 23290 1:0 22867
22733 21782 1:0 22895
22733 21781 1:0 22975
22739 21780 1:0 22982
22744 21779 1:0 22993
22772 23091 1:0 22998
22854 21749 1:0 23026
22855 21747 1:0 23106
22864 21748 1:0 23114
22864 21746 1:0 23124
22870 23124 1:0 23129
22875 21714 1:0 23157
22903 21716 1:0 23237
22985 21715 1:0 23245
22986 21713 1:0 23255
22995 23224 1:0 23260
22995 21683 1:0 23288
23001 21681 1:0 23368
23021 21682 1:0 23376
23034 21680 1:0 23386
23116 23090 1:0 23391
23117 21650 1:0 23419
23126 21649 1:0 23499
23126 21648 1:0 23506
23126 21619 1:0 23510
23134 21647 1:0 23517
23153 23092 1:0 23522
23247 21617 1:0 23550
23248 21615 1:0 23630
23257 21616 1:0 23638
23257 21614 1:0 23648
23263 22959 1:0 23653
23267 21584 1:0 23681
23296 21583 1:0 23761
23378 21582 1:0 23768
23378 69 1:0 23772
23379 21581 1:0 23779
23388 23255 1:0 23784
23388 21551 1:0 23812
23396 21549 1:0 23892
23414 21550 1:0 23900
23509 21548 1:0 23910
23510 23188 1:0 23915
23510 21518 1:0 23943
23519 21516 1:0 24023
23519 21517 1:0 24031
23527 21515 1:0 24041
23546 23191 1:0 24046
23640 21485 1:0 24074
23641 21484 1:0 24154
23650 21483 1:0 24161
23650 15 1:0 24165
23650 21482 1:0 24172
23656 23059 1:0 24177
23676 21452 1:0 24205
23689 21451 1:0 24285
23771 21450 1:0 24292
23772 21449 1:0 24303
23772 311 1:0 24416
23781 23158 1:0 24318
23781 23190 1:0 24390
23789 23125 1:0 24432
23792 11309 1:0 24438
23808 11308 1:0 24441
23808 11301 1:0 24451
23820 11307 1:0 24451
23902 11310 1:0 24477
23902 11306 1:0 24523
23903 11311 1:0 24610
23903 11455 1:0 24659
23903 11451 1:0 24659
23912 23023 1:0 24653
23912 11458 1:0 24662
23912 11452 1:0 24662
23912 11457 1:0 24690
23918 11456 1:0 24690
23920 11453 1:0 24741
23923 11454 1:0 24811
23951 23189 1:0 24863
24033 23157 1:0 24874
24034 11602 1:0 24880
24034 11600 1:0 24883
24043 11603 1:0 24893
24043 11601 1:0 24921
24043 11604 1:0 24965
24043 11605 1:0 25052
24049 23155 1:0 25095
24053 11747 1:0 25101
24053 11746 1:0 25101
24054 11739 1:0 25104
24070 11750 1:0 25104
24082 11751 1:0 25132
24164 11752 1:0 25132
24164 11748 1:0 25183
24165 11749 1:0 25262
24165 23058 1:0 25305
24174 22993 1:0 25316
24174 11899 1:0 25322
24174 11896 1:0 25325
24180 11895 1:0 25353
24182 11897 1:0 25353
24185 11898 1:0 25404
24201 11894 1:0 25473
24213 12045 1:0 25543
24295 22958 1:0 25526
24296 23123 1:0 25537
24305 12046 1:0 25546
24305 12039 1:0 25546
24305 12043 1:0 25574
24305 12042 1:0 25574
24305 12041 1:0 25625
24311 12044 1:0 25705
24316 22927 1:0 25747
24344 23122 1:0 25758
24385 12191 1:0 25764
24428 12192 1:0 25767
24428 12186 1:0 25767
24428 12193 1:0 25795
24429 12190 1:0 25795
24429 12189 1:0 25846
24429 12334 1:0 25985
24438 12188 1:0 25915
24438 22925 1:0 25968
24444 23089 1:0 25979
24446 12335 1:0 25985
24448 12327 1:0 25985
24457 311 21:0 24471
24465 12336 1:0 25988
24465 12333 1:0 25988
24477 12340 1:0 26016
24518 12339 1:0 26016
24526 12338 1:0 26067
24546 12337 1:0 26146
24566 11301 21:0 24586
24597 22991 1:0 26189
24616 11311 21:0 24641
24617 22924 1:0 26200
24640 11306 21:0 24644
24643 11310 21:0 24644
24643 11307 21:0 24652
24649 12486 1:0 26206
24649 12475 1:0 26209
24649 12484 1:0 26209
24650 12487 1:0 26237
24650 12482 1:0 26237
24650 12483 1:0 26288
24651 11308 21:0 24655
24654 11309 21:0 24655
24656 12485 1:0 26368
24656 12629 1:0 26427
24659 23024 1:0 26410
24659 23026 1:0 26421
24665 12633 1:0 26430
24665 12630 1:0 26458
24669 12634 1:0 26458
24685 12632 1:0 26509
24698 12631 1:0 26588
24747 23057 1:0 26635
24768 23056 1:0 26642
24817 11454 21:0 24862
24818 12776 1:0 26648
24828 12777 1:0 26651
24838 12778 1:0 26661
24838 12775 1:0 26661
24838 12769 1:0 26661
24861 11453 21:0 24865
24864 11456 21:0 24865
24864 11457 21:0 24873
24870 12779 1:0 26688
24870 12780 1:0 26733
24871 12781 1:0 26820
24871 23025 1:0 26857
24872 11458 21:0 24876
24874 23008 1:0 26869
24875 11452 21:0 24876
24875 11455 21:0 24876
24875 11451 21:0 24882
24877 22990 1:0 26863
24877 12921 1:0 26872
24880 12928 1:0 26869
24880 12925 1:0 26872
24880 12923 1:0 26900
24880 12924 1:0 26900
24886 12927 1:0 26951
24888 12926 1:0 27031
24907 22992 1:0 27073
24960 22960 1:0 27084
24973 13075 1:0 27090
24989 13074 1:0 27093
24989 13071 1:0 27121
25039 13073 1:0 27121
25049 13070 1:0 27172
25058 11605 21:0 25083
25059 13072 1:0 27251
25082 11604 21:0 25086
25085 11601 21:0 25086
25085 11603 21:0 25094
25091 22957 1:0 27294
25092 22926 1:0 27305
25092 13217 1:0 27311
25093 11600 21:0 25097
25096 11602 21:0 25097
25098 13220 1:0 27314
25098 13216 1:0 27324
25098 13219 1:0 27324
25101 13221 1:0 27352
25101 13218 1:0 27396
25101 13222 1:0 27483
25107 22916 1:0 27526
25107 22894 1:0 27526
25109 22911 1:0 27532
25112 13366 1:0 27532
25128 13369 1:0 27535
25140 13368 1:0 27563
25181 13367 1:0 27563
25194 13365 1:0 27614
25210 13364 1:0 27683
25222 11739 21:0 25266
25260 22893 1:0 27736
25272 11749 21:0 25304
25280 22891 1:0 27747
25303 11748 21:0 25307
25306 11752 21:0 25307
25306 11751 21:0 25315
25312 13511 1:0 27753
25312 13512 1:0 27756
25312 13604 1:0 27765
25313 13515 1:0 27765
25313 13514 1:0 27792
25313 13513 1:0 27838
25314 11750 21:0 25318
25317 11747 21:0 25318
25317 11746 21:0 25318
25319 13516 1:0 27925
25319 13603 1:0 27964
25483 11894 21:0 25525
25524 11898 21:0 25528
25527 11895 21:0 25528
25527 11897 21:0 25536
25535 11896 21:0 25539
25538 11899 21:0 25539
25711 12044 21:0 25746
25745 12041 21:0 25749
25748 12042 21:0 25749
25748 12043 21:0 25757
25756 12046 21:0 25760
25759 12039 21:0 25760
25759 12045 21:0 25760
25925 12188 21:0 25967
25966 12189 21:0 25970
25969 12190 21:0 25970
25969 12193 21:0 25978
25977 12192 21:0 25981
25980 12186 21:0 25981
25980 12191 21:0 25981
26106 12327 21:0 26150
26156 12337 21:0 26188
26187 12338 21:0 26191
26190 12340 21:0 26191
26190 12339 21:0 26199
26198 12336 21:0 26202
26201 12335 21:0 26202
26201 12333 21:0 26202
26201 12334 21:0 26208
26324 12475 21:0 26370
26374 12485 21:0 26409
26408 12483 21:0 26412
26411 12487 21:0 26412
26411 12482 21:0 26420
26419 12484 21:0 26423
26422 12486 21:0 26423
26598 12631 21:0 26630
26629 12632 21:0 26633
26632 12634 21:0 26633
26632 12630 21:0 26641
26640 12633 21:0 26644
26643 12629 21:0 26644
26766 12769 21:0 26812
26826 12781 21:0 26851
26850 12780 21:0 26854
26853 12779 21:0 26854
26853 12778 21:0 26862
26861 12777 21:0 26865
26864 12776 21:0 26865
26864 12775 21:0 26871
27037 12926 21:0 27072
27071 12927 21:0 27075
27074 12924 21:0 27075
27074 12923 21:0 27083
27082 12925 21:0 27086
27085 12928 21:0 27086
27085 12921 21:0 27086
27261 13072 21:0 27293
27292 13070 21:0 27296
27295 13073 21:0 27296
27295 13071 21:0 27304
27303 13074 21:0 27307
27306 13075 21:0 27307
27459 13216 21:0 27484
27489 13222 21:0 27514
27513 13218 21:0 27517
27516 13221 21:0 27517
27516 13219 21:0 27525
27524 13220 21:0 27528
27527 13217 21:0 27528
27693 13364 21:0 27735
27734 13365 21:0 27738
27737 13367 21:0 27738
27737 13368 21:0 27746
27745 13369 21:0 27749
27748 13366 21:0 27749
27931 13516 21:0 152
