128 49172 0:0 129
174 49081 21:0 237
236 49080 21:0 308
307 48343 21:0 379
378 48934 21:0 455
454 48639 21:0 487
486 48492 21:0 541
540 48786 21:0 612
611 47904 21:0 688
687 47903 21:0 759
758 48053 21:0 819
818 48052 21:0 845
844 47025 21:0 921
920 47758 21:0 992
991 47612 21:0 1063
1062 48637 21:0 1128
1127 47315 21:0 1163
1162 48788 21:0 1225
1224 48196 21:0 1296
1295 48931 21:0 1367
1366 47318 21:0 1428
1427 46877 21:0 1441
1440 47610 21:0 1526
1525 47023 21:0 1563
1562 47021 21:0 1614
1613 47167 21:0 1682
1681 47755 21:0 1693
1692 47613 21:0 1797
1796 47168 21:0 1815
1814 48638 21:0 1916
1915 47461 21:0 1934
1933 48346 21:0 2038
2037 47756 21:0 2051
2050 47757 21:0 2133
2132 47760 21:0 2170
2169 47902 21:0 2207
2206 47314 21:0 2292
2291 47464 21:0 2303
2302 48493 21:0 2407
2406 47609 21:0 2422
2421 48936 21:0 2526
2525 47463 21:0 2544
2543 47319 21:0 2630
2629 47169 21:0 2661
2660 47462 21:0 2734
2733 47611 21:0 2780
2779 47759 21:0 2814
2813 47751 21:0 2817
2816 49075 21:0 2817
2816 48634 21:0 2856
2855 47898 21:0 2865
2864 48044 21:0 2868
2867 48339 21:0 2873
2872 48925 21:0 2892
2891 48928 21:0 2892
2891 48190 21:0 2892
2891 48045 21:0 2892
2891 47604 21:0 2895
2894 47311 21:0 2895
2894 47458 21:0 2895
2894 47455 21:0 2895
2894 47457 21:0 2902
2901 47309 21:0 2902
2901 47164 21:0 2902
2901 47308 21:0 2902
2901 47163 21:0 2905
2904 47016 21:0 2905
2904 47310 21:0 2905
2904 47162 21:0 2905
2904 47015 21:0 2910
2909 47014 21:0 2910
2909 47017 21:0 2910
2909 47894 21:0 2913
2912 48047 21:0 2939
2938 47453 21:0 2994
2993 47895 21:0 3014
3013 48188 21:0 3017
3016 47901 21:0 3024
3023 47165 21:0 3027
3026 47607 21:0 3032
3031 47459 21:0 3035
3034 48782 21:0 3100
3099 48930 21:0 3136
3135 47307 21:0 3139
3138 48489 21:0 3146
3145 47313 21:0 3149
3148 329 21:0 3157
3156 48483 21:0 3180
3179 48929 21:0 3231
3230 48636 21:0 3258
3257 47013 21:0 3261
3260 48488 21:0 3268
3267 47019 21:0 3271
3270 46866 21:0 3276
3275 47460 21:0 3279
3278 49785 21:0 3305
3304 47600 21:0 3356
3374 298 21:0 3440
3439 46873 21:0 3505
3504 46867 21:0 3516
3515 46870 21:0 3516
3515 46868 21:0 3516
3515 46869 21:0 3516
4610 51256 21:0 4643
4651 304 1:0 20171
6733 299 21:0 6799
7969 52727 21:0 8002
8010 305 1:0 23530
10092 300 21:0 10158
11328 54198 21:0 11361
11369 306 1:0 26889
13451 301 21:0 13517
14687 55669 21:0 14720
16810 302 21:0 16876
18087 307 1:0 30248
20169 303 21:0 20235
21446 308 1:0 33607
23528 304 21:0 23594
24764 60082 21:0 24797
26887 305 21:0 26953
28164 309 1:0 36966
30246 306 21:0 30312
31523 310 1:0 40325
33605 307 21:0 33671
34841 64495 21:0 34874
36964 308 21:0 37030
40323 309 21:0 40389
41600 311 1:0 43684
43682 310 21:0 43748
44918 68908 21:0 44951
44959 312 1:0 47043
47041 311 21:0 47107
48318 313 1:0 50402
48318 314 1:0 53761
48318 315 1:0 57120
48319 316 1:0 60479
50400 312 21:0 50466
51233 71673 21:0 51378
51677 71673 1:0 52329
51678 317 1:0 63838
53759 313 21:0 53825
53911 72849 21:0 54058
54995 73321 21:0 55028
55036 72849 1:0 56860
57118 314 21:0 57184
57346 74353 21:0 57493
58395 74353 1:0 60088
58396 318 1:0 67197
60477 315 21:0 60543
61006 75954 21:0 61151
61754 75954 1:0 62930
61755 319 1:0 70556
63836 316 21:0 63902
64216 77361 21:0 64363
65072 77734 21:0 65105
65113 77361 1:0 66544
67195 317 21:0 67261
67803 78931 21:0 67950
68472 78931 1:0 69510
68473 320 1:0 73915
70554 318 21:0 70620
71387 80499 21:0 71532
71831 80499 1:0 72483
71832 321 1:0 77274
73913 319 21:0 73979
74825 82005 21:0 74972
75149 82147 21:0 75182
75190 82005 1:0 75704
77272 320 21:0 77338
78328 83539 21:0 78462
78549 83539 1:0 78819
78550 322 1:0 80633
80631 321 21:0 80697
81611 84977 21:0 81745
81908 84977 1:0 82309
81909 323 1:0 83992
83990 322 21:0 84056
84443 86219 21:0 84588
85226 86560 21:0 85259
85267 86219 1:0 86575
85268 324 1:0 87351
85268 325 1:0 90710
85268 326 1:0 94069
87349 323 21:0 87415
88258 87887 21:0 88403
88410 87954 21:0 88555
88626 87954 1:0 88886
88627 87887 1:0 89147
88627 327 1:0 97428
90708 324 21:0 90774
91088 89129 21:0 91235
91234 89128 21:0 91371
91985 89128 1:0 93285
91986 89129 1:0 93416
91986 328 1:0 100787
94067 325 21:0 94133
94368 90565 21:0 94513
94979 90831 21:0 95126
95303 90973 21:0 95336
95344 90831 1:0 95858
95345 90565 1:0 96913
97426 326 21:0 97492
97730 92038 21:0 97877
97882 92104 21:0 98029
98254 92266 21:0 98388
98389 92266 1:0 99366
98703 92104 1:0 100003
98704 92038 1:0 100265
98713 46873 1:0 101315
98713 47600 1:0 101370
98713 54198 1:0 101386
98713 52727 1:0 101405
98713 49785 1:0 101457
98713 47460 1:0 101462
98713 46866 1:0 101467
98713 47019 1:0 101481
98713 298 1:0 101538
98713 48488 1:0 101543
98713 47013 1:0 101557
98713 48636 1:0 101609
98713 48929 1:0 101614
98719 48483 1:0 101619
98719 329 1:0 101685
98719 47313 1:0 101690
98719 48489 1:0 101695
98721 47307 1:0 101709
98721 48930 1:0 101761
98723 48782 1:0 101766
98724 47459 1:0 101771
98724 47607 1:0 101785
98739 47165 1:0 101837
98739 47901 1:0 101842
98740 48188 1:0 101847
98740 47895 1:0 101861
98752 47453 1:0 101913
98752 48047 1:0 101918
98834 47759 1:0 101994
98915 49900 21:0 98928
98927 49902 21:0 98931
99046 49957 21:0 99059
99177 50014 21:0 99190
99189 50016 21:0 99193
99308 50071 21:0 99321
99320 50073 21:0 99324
99439 50128 21:0 99452
99451 50130 21:0 99455
99701 50242 21:0 99714
99713 50244 21:0 99717
99842 50301 21:0 99845
99973 50358 21:0 99976
100104 50415 21:0 100107
100106 50413 21:0 100110
100225 50470 21:0 100238
100356 50527 21:0 100369
100368 50529 21:0 100372
100487 50584 21:0 100500
100499 50586 21:0 100503
100628 50643 21:0 100631
100630 50641 21:0 100634
100759 50700 21:0 100762
100785 327 21:0 100851
100850 5 21:0 100851
100850 7 21:0 100856
100858 93409 21:0 100858
100861 93410 21:0 100861
100883 25 21:0 100911
100910 23 21:0 100916
100955 41 21:0 100987
100986 43 21:0 100992
101013 93476 21:0 101013
101031 59 21:0 101063
101086 93507 21:0 101086
101107 77 21:0 101139
101138 79 21:0 101144
101162 93541 21:0 101162
101187 97 21:0 101215
101214 95 21:0 101220
101233 93572 21:0 101233
101241 93575 21:0 101241
101263 115 21:0 101291
101290 113 21:0 101296
101314 93607 21:0 101314
101314 93606 21:0 101314
101317 93608 21:0 101317
101335 131 21:0 101367
101366 133 21:0 101372
101411 149 21:0 101443
101466 93673 21:0 101466
101487 167 21:0 101519
101518 169 21:0 101524
101545 93707 21:0 101545
101563 185 21:0 101595
101594 187 21:0 101600
101613 93737 21:0 101613
101618 93739 21:0 101618
101639 203 21:0 101671
101670 205 21:0 101676
101694 93772 21:0 101694
101697 93773 21:0 101697
101719 223 21:0 101747
101765 93803 21:0 101765
101770 93804 21:0 101770
101770 93805 21:0 101770
101791 239 21:0 101823
101841 93836 21:0 101841
101961 341 21:0 101975
101995 47611 1:0 102055
102023 49249 21:0 102028
102034 49793 21:0 102054
102053 341 1:0 102055
102053 293 21:0 102057
102056 47462 1:0 102075
102073 23 1:0 102075
102073 50470 1:0 102075
102076 47169 1:0 102186
102111 187 1:0 102186
102152 47319 1:0 102206
102153 49845 21:0 102156
102155 277 21:0 102159
102158 275 21:0 102185
102184 49843 21:0 102185
102193 49902 1:0 102206
102193 49900 1:0 102206
102193 47463 1:0 102317
102193 50073 1:0 102317
102194 49957 1:0 102337
102194 239 1:0 102337
102194 48936 1:0 102337
102194 47609 1:0 102448
102194 50016 1:0 102448
102203 48493 1:0 102468
102203 223 1:0 102468
102203 50014 1:0 102468
102203 47464 1:0 102579
102203 50071 1:0 102579
102203 47314 1:0 102599
102203 203 1:0 102599
102203 205 1:0 102599
102203 47902 1:0 102710
102203 50130 1:0 102710
102209 47760 1:0 102730
102209 185 1:0 102730
102209 50128 1:0 102730
102211 47757 1:0 102841
102211 133 1:0 102841
102214 47756 1:0 102861
102214 167 1:0 102861
102214 169 1:0 102861
102230 149 1:0 102972
102230 48346 1:0 102972
102242 50242 1:0 102992
102242 50244 1:0 102992
102242 47461 1:0 102992
102324 131 1:0 103103
102324 48638 1:0 103103
102324 50301 1:0 103123
102324 47168 1:0 103123
102325 50413 1:0 103123
102325 113 1:0 103234
102325 47613 1:0 103234
102325 47755 1:0 103254
102325 50358 1:0 103254
102325 115 1:0 103254
102333 93836 1:0 102333
102334 95 1:0 103365
102334 47167 1:0 103365
102334 47021 1:0 103385
102334 50415 1:0 103385
102334 97 1:0 103385
102334 47023 1:0 103496
102334 50529 1:0 103496
102340 47610 1:0 103516
102340 79 1:0 103516
102340 77 1:0 103516
102340 46877 1:0 103627
102340 59 1:0 103627
102344 47318 1:0 103647
102344 43 1:0 103647
102345 50527 1:0 103647
102360 48931 1:0 103758
102360 41 1:0 103758
102373 48196 1:0 103778
102373 50586 1:0 103778
102373 50584 1:0 103778
102453 93804 1:0 102453
102454 93805 1:0 102454
102455 48788 1:0 103889
102455 25 1:0 103889
102455 47315 1:0 103909
102455 50643 1:0 103909
102455 50641 1:0 103909
102456 50700 1:0 104020
102456 48637 1:0 104020
102456 47612 1:0 104040
102456 7 1:0 104040
102456 5 1:0 104040
102464 93803 1:0 102464
102465 47758 1:0 104208
102465 47025 1:0 104284
102465 48052 1:0 104360
102465 47171 1:0 104436
102471 48053 1:0 104512
102471 47903 1:0 104588
102475 47172 1:0 104664
102476 49843 1:0 104957
102476 275 1:0 104968
102491 47608 1:0 104740
102492 277 1:0 105033
102492 49845 1:0 105044
102504 47465 1:0 104816
102577 93773 1:0 102577
102585 93772 1:0 102585
102586 47466 1:0 104892
102586 47317 1:0 104968
102587 47024 1:0 105044
102587 47170 1:0 105120
102716 93739 1:0 102716
102726 93737 1:0 102726
102839 93707 1:0 102839
102978 93673 1:0 102978
103060 50242 21:0 103073
103232 93608 1:0 103232
103239 93606 1:0 103239
103240 93607 1:0 103240
103332 50358 21:0 103335
103334 50356 21:0 103338
103363 93575 1:0 103363
103381 93572 1:0 103381
103463 50415 21:0 103466
103502 93541 1:0 103502
103632 93507 1:0 103632
103715 50527 21:0 103728
103756 93476 1:0 103756
103987 50643 21:0 103990
104018 93410 1:0 104018
104026 93409 1:0 104026
104118 50700 21:0 104121
104120 50698 21:0 104124
104144 328 21:0 104210
104209 7 21:0 104210
104209 5 21:0 104215
104212 94878 21:0 104212
104288 94911 21:0 104288
104293 94912 21:0 104293
104293 94913 21:0 104293
104296 94914 21:0 104296
104364 94944 21:0 104364
104369 94946 21:0 104369
104369 94945 21:0 104369
104372 94947 21:0 104372
104440 94977 21:0 104440
104445 94978 21:0 104445
104445 94979 21:0 104445
104448 94980 21:0 104448
104516 95010 21:0 104516
104521 95011 21:0 104521
104521 95012 21:0 104521
104524 95013 21:0 104524
104592 95043 21:0 104592
104597 95045 21:0 104597
104597 95044 21:0 104597
104668 95076 21:0 104668
104673 95078 21:0 104673
104673 95077 21:0 104673
104676 95079 21:0 104676
104749 95111 21:0 104749
104752 95112 21:0 104752
104820 95142 21:0 104820
104825 95144 21:0 104825
104825 95143 21:0 104825
104828 95145 21:0 104828
104896 95175 21:0 104896
104901 95177 21:0 104901
104926 187 21:0 104954
104972 95208 21:0 104972
104977 95209 21:0 104977
104977 95210 21:0 104977
104980 95211 21:0 104980
105002 205 21:0 105030
105048 95241 21:0 105048
105053 95243 21:0 105053
105053 95242 21:0 105053
105056 95244 21:0 105056
105092 341 21:0 105106
105105 293 1:0 105120
105110 341 1:0 105120
105121 47316 1:0 105196
105137 341 21:0 105146
105153 341 1:0 105161
105168 341 21:0 105182
105181 49793 1:0 105196
105186 341 1:0 105196
105197 46874 1:0 105272
105213 341 21:0 105222
105229 341 1:0 105237
105244 341 21:0 105258
105257 46869 1:0 105261
105262 341 1:0 105272
105262 46868 1:0 105272
105273 46878 1:0 105332
105289 341 21:0 105298
105305 341 1:0 105313
105320 341 21:0 105334
105333 46875 1:0 105373
105359 46870 1:0 105373
105365 49249 1:0 105373
105374 46876 1:0 105435
105433 341 1:0 105435
105436 47020 1:0 105504
105473 46867 1:0 105504
105496 341 21:0 105506
105505 46865 1:0 105552
105562 46865 21:0 105644
105588 50356 1:0 105621
105622 47894 1:0 105645
105643 46876 21:0 105664
105646 90973 1:0 105656
105654 341 1:0 105656
105654 47017 1:0 105656
105654 47014 1:0 105656
105654 47015 1:0 105656
105657 47022 1:0 105725
105663 46875 21:0 105749
105694 47016 1:0 105725
105725 341 0:0 105727
105726 47012 1:0 105773
105771 50358 1:0 105829
105783 47012 21:0 105865
105830 86560 1:0 105866
105864 47022 21:0 105885
105867 82147 1:0 105877
105875 50643 1:0 105877
105875 205 1:0 105877
105875 50242 1:0 105877
105878 47166 1:0 105886
105884 50415 1:0 105886
105884 50527 1:0 105886
105884 47162 1:0 105886
105884 47020 21:0 105970
105887 77734 1:0 105951
105912 47163 1:0 105914
105915 47164 1:0 105951
105915 47161 1:0 105951
105928 341 1:0 105929
105946 341 0:0 105948
105952 73321 1:0 106050
106031 47166 21:0 106086
106051 68908 1:0 106087
106085 46878 21:0 106106
106088 64495 1:0 106098
106096 187 1:0 106098
106096 50698 1:0 106098
106096 50700 1:0 106098
106099 60082 1:0 106107
106105 47308 1:0 106107
106105 47310 1:0 106107
106105 5 1:0 106107
106105 46874 21:0 106196
106108 55669 1:0 106179
106131 47309 1:0 106135
106131 341 1:0 106152
106131 47457 1:0 106157
106131 47311 1:0 106179
106131 47456 1:0 106447
106131 47604 1:0 106526
106131 47602 1:0 106546
106143 299 1:0 3376
106143 51256 1:0 106305
106184 300 1:0 6735
106184 301 1:0 10094
106192 47603 1:0 106546
106192 47605 1:0 106678
106195 47161 21:0 106262
106197 302 1:0 13453
106197 303 1:0 16812
106212 47458 1:0 106325
106212 47455 1:0 106325
106212 47904 1:0 106325
106213 48786 1:0 106526
106213 47751 1:0 106747
106213 47750 1:0 106767
106214 47752 1:0 106767
106214 47749 1:0 106888
106214 47898 1:0 106968
106214 48045 1:0 107189
106263 48044 1:0 107209
106275 47316 21:0 106321
106306 95244 1:0 106306
106313 95242 1:0 106313
106314 95243 1:0 106314
106315 48492 1:0 106546
106315 48639 1:0 106747
106316 48934 1:0 106767
106316 48343 1:0 106968
106316 48043 1:0 107209
106316 48190 1:0 107409
106320 47170 21:0 106393
106322 47897 1:0 106988
106322 47899 1:0 106988
106322 47905 1:0 106988
106324 95241 1:0 106324
106325 47896 1:0 107109
106325 47906 1:0 107159
106325 47907 1:0 107160
106325 48051 1:0 107209
106325 48046 1:0 107341
106325 48050 1:0 107361
106331 48049 1:0 107360
106333 48054 1:0 107381
106336 48198 1:0 107430
106351 48193 1:0 107430
106351 48192 1:0 107430
106352 48200 1:0 107601
106364 48191 1:0 107552
106364 48197 1:0 107582
106392 47024 21:0 106539
106394 48199 1:0 107592
106405 48339 1:0 107631
106405 48634 1:0 108072
106405 48928 1:0 108515
106413 48201 1:0 107602
106433 48340 1:0 107651
106433 48338 1:0 107651
106433 48347 1:0 107651
106434 48337 1:0 107772
106434 48344 1:0 107803
106527 95211 1:0 106527
106534 95209 1:0 106534
106535 95210 1:0 106535
106536 48345 1:0 107812
106536 48348 1:0 107823
106536 48486 1:0 107851
106537 48490 1:0 107872
106537 48487 1:0 107872
106537 48484 1:0 107872
106537 48485 1:0 107994
106537 48491 1:0 108024
106537 48494 1:0 108043
106538 47317 21:0 106551
106545 95208 1:0 106545
106546 48495 1:0 108044
106546 48633 1:0 108093
106546 48641 1:0 108093
106546 48631 1:0 108093
106546 48632 1:0 108215
106546 48640 1:0 108255
106546 48642 1:0 108265
106546 48781 1:0 108294
106550 47466 21:0 106752
106552 48784 1:0 108314
106552 48780 1:0 108314
106552 48778 1:0 108314
106552 48779 1:0 108436
106552 48785 1:0 108466
106554 48787 1:0 108476
106557 48789 1:0 108486
106572 48927 1:0 108535
106572 48925 1:0 108535
106573 48932 1:0 108535
106585 48926 1:0 108657
106585 48933 1:0 108696
106626 7 1:0 108735
106626 49074 1:0 108756
106626 49075 1:0 108756
106634 48935 1:0 108706
106639 49073 1:0 108878
106654 49080 1:0 108756
106655 49081 1:0 108913
106655 49173 1:0 108969
106656 49172 1:0 108968
106705 49078 1:0 108907
106751 47465 21:0 106769
106756 95177 1:0 106756
106757 49079 1:0 108908
106757 49082 1:0 108913
106758 49072 1:0 108877
106758 49083 1:0 108913
106766 95175 1:0 106766
106768 47608 21:0 106929
106928 47172 21:0 106984
106969 95145 1:0 106969
106976 95143 1:0 106976
106977 95144 1:0 106977
106983 47171 21:0 107053
106987 95142 1:0 106987
107052 47749 21:0 107065
107064 47752 21:0 107072
107071 47456 21:0 107075
107074 47605 21:0 107102
107169 47906 21:0 107205
107190 95112 1:0 107190
107190 47907 0:0 107191
107198 95111 1:0 107198
107204 47905 21:0 107283
107282 47896 21:0 107293
107292 47750 21:0 107296
107295 47602 21:0 107302
107367 48050 21:0 107426
107410 48049 0:0 107412
107411 95079 1:0 107411
107411 48054 0:0 107412
107418 95077 1:0 107418
107419 95078 1:0 107419
107425 48051 21:0 107485
107429 95076 1:0 107429
107484 48046 21:0 107507
107506 48043 21:0 107514
107513 47899 21:0 107517
107611 48200 21:0 107647
107632 48201 0:0 107633
107632 48197 0:0 107633
107632 48199 0:0 107633
107639 95044 1:0 107639
107640 95045 1:0 107640
107646 48198 21:0 107725
107650 95043 1:0 107650
107724 48191 21:0 107735
107734 48192 21:0 107738
107737 47897 21:0 107744
107809 48344 21:0 107868
107852 48345 0:0 107854
107853 95013 1:0 107853
107853 48348 0:0 107854
107860 95011 1:0 107860
107861 95012 1:0 107861
107867 48347 21:0 107927
107871 95010 1:0 107871
107926 48337 21:0 107946
107945 48340 21:0 107956
107955 48338 21:0 107959
107958 48193 21:0 107978
108030 48491 21:0 108089
108073 48494 0:0 108075
108074 94980 1:0 108074
108074 48495 0:0 108075
108081 94978 1:0 108081
108082 94979 1:0 108082
108088 48490 21:0 108148
108092 94977 1:0 108092
108147 48485 21:0 108170
108169 48484 21:0 108177
108176 48487 21:0 108180
108179 48486 21:0 108200
108261 48640 21:0 108310
108295 94947 1:0 108295
108295 48642 0:0 108296
108302 94945 1:0 108302
108303 94946 1:0 108303
108309 48641 21:0 108379
108313 94944 1:0 108313
108378 48632 21:0 108393
108392 48631 21:0 108398
108397 48633 21:0 108401
108472 48785 21:0 108531
108516 94914 1:0 108516
108516 48789 0:0 108517
108516 48787 0:0 108517
108523 94912 1:0 108523
108524 94913 1:0 108524
108530 48784 21:0 108590
108534 94911 1:0 108534
108589 48779 21:0 108612
108611 48778 21:0 108619
108618 48780 21:0 108622
108621 48781 21:0 108642
108706 48933 21:0 108752
108736 48935 0:0 108738
108751 48932 21:0 108824
108755 94878 1:0 108755
108823 48926 21:0 108840
108839 48927 21:0 108840
108839 47603 21:0 108843
108914 49079 0:0 108944
108917 49078 0:0 108957
108934 49083 0:0 108957
108956 49082 0:0 108957
108956 49072 0:0 108957
108956 49073 21:0 108957
108956 49074 21:0 108957
108975 49173 21:0 175
