118 49172 0:0 129
118 49083 21:0 211
210 49082 21:0 227
226 49078 21:0 232
231 49074 21:0 232
231 49076 21:0 232
231 49077 21:0 234
233 329 21:0 237
1397 49785 21:0 1407
3374 298 21:0 3413
4610 51256 21:0 4620
4651 305 1:0 23530
6733 299 21:0 6772
7969 52727 21:0 7979
8010 306 1:0 26889
10092 300 21:0 10131
11328 54198 21:0 11338
11369 307 1:0 30248
13451 301 21:0 13491
14687 55669 21:0 14697
14728 308 1:0 33607
16810 302 21:0 16850
18046 57140 21:0 18056
18087 309 1:0 36966
20169 303 21:0 20208
21405 58611 21:0 21415
21446 310 1:0 40325
23528 304 21:0 23565
24764 60082 21:0 24774
24805 311 1:0 43684
26887 305 21:0 26925
28123 61553 21:0 28133
28164 312 1:0 47043
30246 306 21:0 30285
31482 63024 21:0 31492
31523 313 1:0 50402
33605 307 21:0 33644
34841 64495 21:0 34851
34882 315 1:0 57120
36964 308 21:0 37004
38200 65966 21:0 38210
40323 309 21:0 40363
41600 316 1:0 60479
43682 310 21:0 43721
47041 311 21:0 47078
50400 312 21:0 50440
53759 313 21:0 53797
57343 74352 21:0 57401
57495 74418 21:0 57550
57551 74418 1:0 59834
57551 74352 1:0 60096
60477 315 21:0 60517
63836 316 21:0 63875
78105 83442 21:0 78161
78549 83442 1:0 79202
81155 84779 21:0 81163
81908 84779 1:0 83095
84671 86317 21:0 84727
85267 86317 1:0 86181
88489 87988 21:0 88555
88626 87988 1:0 88747
91617 89359 21:0 91673
91985 89359 1:0 92507
94444 90599 21:0 94500
95344 299 1:0 3376
95344 300 1:0 6735
95345 90599 1:0 96783
97499 91937 21:0 97556
98411 92333 21:0 98468
98703 92333 1:0 99093
98704 91937 1:0 100665
101089 93509 21:0 101155
101613 93737 21:0 101621
102062 301 1:0 10094
102062 302 1:0 13453
102062 46876 1:0 105424
102063 93737 1:0 102725
102072 93509 1:0 103624
102072 329 1:0 104146
102072 46875 1:0 105432
104296 94914 21:0 104362
104448 94980 21:0 104514
104673 95078 21:0 104728
104727 95077 21:0 104747
105431 303 1:0 16812
105431 304 1:0 20171
105431 46878 1:0 105435
105432 46874 1:0 105441
105432 46877 1:0 105444
105432 46865 1:0 105469
105432 46866 1:0 105469
105441 46872 1:0 105472
105441 46870 1:0 105507
105441 46871 1:0 105513
105441 46868 1:0 105513
105441 46873 1:0 105592
105441 47025 1:0 105645
105441 47024 1:0 105653
105447 47021 1:0 105656
105449 47023 1:0 105662
105449 47019 1:0 105665
105451 47012 1:0 105665
105467 47013 1:0 105693
105467 47022 1:0 105734
105468 47018 1:0 105734
105480 47020 1:0 105813
105480 47160 1:0 105866
105521 47170 1:0 105874
105534 47169 1:0 105877
105549 47165 1:0 105883
105549 47159 1:0 105883
105550 47166 1:0 105883
105551 47171 1:0 105886
105569 46868 21:0 105593
105592 46870 21:0 105601
105600 47168 1:0 105955
105602 46873 21:0 105644
105610 47172 1:0 105955
105643 46871 21:0 105647
105646 46866 21:0 105647
105646 46865 21:0 105647
105646 46872 21:0 105647
105646 46877 21:0 105655
105652 47167 1:0 106034
105652 47306 1:0 106087
105652 47307 1:0 106095
105652 47313 1:0 106095
105652 47312 1:0 106095
105652 47310 1:0 106095
105653 47314 1:0 106098
105653 47308 1:0 106104
105653 47317 1:0 106104
105653 47319 1:0 106107
105654 46874 21:0 105658
105657 46878 21:0 105664
105659 47318 1:0 106176
105662 47316 1:0 106176
105662 47315 1:0 106256
105662 47454 1:0 106308
105662 47460 1:0 106316
105662 47459 1:0 106316
105662 47453 1:0 106316
105662 47466 1:0 106319
105663 46875 21:0 105667
105665 47462 1:0 106325
105666 46876 21:0 105695
105668 47461 1:0 106328
105668 47456 1:0 106338
105668 47463 1:0 106353
105668 47457 1:0 106353
105670 47464 1:0 106407
105673 47465 1:0 106496
105673 47606 1:0 106537
105688 47600 1:0 106540
105688 47601 1:0 106540
105689 47607 1:0 106540
105696 47611 1:0 106546
105696 47603 1:0 106546
105701 47608 1:0 106549
105742 47613 1:0 106618
105755 47610 1:0 106618
105771 47609 1:0 106698
105772 47612 1:0 106632
105821 47754 1:0 106767
105821 47748 1:0 106770
105821 47751 1:0 106770
105821 47747 1:0 106770
105823 47020 21:0 105865
105831 47753 1:0 106770
105864 47022 21:0 105868
105867 47018 21:0 105872
105871 47013 21:0 105876
105873 47758 1:0 106839
105873 47759 1:0 106839
105873 47756 1:0 106919
105874 47760 1:0 106853
105874 47757 1:0 106853
105874 47755 1:0 106853
105875 47019 21:0 105876
105875 47012 21:0 105876
105875 47023 21:0 105879
105877 47901 1:0 107016
105878 47021 21:0 105885
105880 47895 1:0 107016
105880 47894 1:0 107019
105880 47896 1:0 107054
105880 47899 1:0 107060
105880 47900 1:0 107060
105883 47906 1:0 107074
105883 47903 1:0 107074
105883 47905 1:0 107074
105883 47902 1:0 107139
105884 47024 21:0 105888
105886 47907 1:0 107074
105887 47025 21:0 105916
105889 47904 1:0 107074
105891 95077 1:0 107203
105893 48048 1:0 107237
105893 48041 1:0 107237
105910 95078 1:0 107212
105917 48042 1:0 107240
105917 48045 1:0 107275
105917 48043 1:0 107281
105917 48047 1:0 107281
105922 48050 1:0 107361
105963 48049 1:0 107295
105991 48051 1:0 107295
105992 48052 1:0 107295
106042 48054 1:0 107295
106044 47167 21:0 106086
106052 48053 1:0 107295
106052 48188 1:0 107433
106052 48189 1:0 107439
106052 48191 1:0 107439
106085 47172 21:0 106089
106088 47168 21:0 106097
106094 48194 1:0 107439
106094 48190 1:0 107439
106094 48195 1:0 107439
106094 48197 1:0 107505
106095 48201 1:0 107516
106095 48196 1:0 107517
106095 48198 1:0 107591
106096 47171 21:0 106100
106098 48199 1:0 107516
106099 47165 21:0 106100
106099 47169 21:0 106106
106101 48200 1:0 107516
106101 48336 1:0 107654
106104 48342 1:0 107679
106104 48341 1:0 107679
106104 48335 1:0 107679
106104 48340 1:0 107679
106104 48346 1:0 107733
106104 48345 1:0 107738
106104 48347 1:0 107822
106105 47166 21:0 106109
106107 48343 1:0 107738
106108 47159 21:0 106109
106108 47170 21:0 106134
106110 48344 1:0 107737
106110 48348 1:0 107737
106130 94980 1:0 107863
106131 48482 1:0 107866
106131 48485 1:0 107872
106131 48489 1:0 107872
106131 48488 1:0 107872
106131 48483 1:0 107872
106133 47160 21:0 106137
106143 48495 1:0 107875
106184 48490 1:0 107882
106184 48487 1:0 107882
106192 48494 1:0 107947
106212 48492 1:0 108033
106213 48493 1:0 107958
106213 48630 1:0 108096
106235 47308 21:0 106257
106262 47315 21:0 106307
106263 48491 1:0 107958
106273 48636 1:0 108124
106273 48641 1:0 108165
106306 47318 21:0 106310
106309 47316 21:0 106318
106315 94914 1:0 108093
106316 48635 1:0 108165
106316 48634 1:0 108165
106316 48638 1:0 108179
106316 48637 1:0 108244
106317 47319 21:0 106321
106319 48642 1:0 108179
106320 47317 21:0 106327
106322 48640 1:0 108179
106325 48639 1:0 108179
106325 48629 1:0 108180
106325 48776 1:0 108308
106325 48782 1:0 108314
106325 48783 1:0 108314
106325 48777 1:0 108314
106325 48781 1:0 108314
106325 48780 1:0 108314
106325 48789 1:0 108317
106325 65966 1:0 108535
106326 47314 21:0 106330
106328 48788 1:0 108386
106329 47307 21:0 106330
106329 47312 21:0 106334
106331 48786 1:0 108386
106331 48784 1:0 108400
106331 48785 1:0 108466
106333 47313 21:0 106355
106333 48924 1:0 108535
106335 48787 1:0 108400
106336 48929 1:0 108538
106336 48930 1:0 108538
106351 48923 1:0 108538
106351 48928 1:0 108538
106352 48936 1:0 108544
106352 48927 1:0 108544
106354 47306 21:0 106358
106357 47310 21:0 106358
106364 48934 1:0 108610
106405 48925 1:0 108622
106405 48933 1:0 108696
106418 48931 1:0 108622
106434 48935 1:0 108621
106435 48932 1:0 108621
106446 47453 21:0 106502
106484 64495 1:0 108739
106484 63024 1:0 108739
106484 61553 1:0 108739
106494 60082 1:0 108747
106494 58611 1:0 108747
106494 57140 1:0 108747
106494 52727 1:0 108750
106503 49071 1:0 108765
106506 47465 21:0 106528
106527 47464 21:0 106531
106530 47463 21:0 106539
106536 55669 1:0 108750
106536 54198 1:0 108750
106536 49076 1:0 108756
106536 51256 1:0 108756
106536 49077 1:0 108756
106536 49074 1:0 108765
106536 49070 1:0 108765
106537 49078 1:0 108759
106537 49785 1:0 108765
106537 49082 1:0 108831
106537 49173 1:0 108969
106538 47461 21:0 106542
106540 49083 1:0 108917
106541 47462 21:0 106548
106543 49079 1:0 108908
106546 298 1:0 117
106546 49080 1:0 108917
106546 49081 1:0 108918
106546 49172 1:0 108968
106547 47466 21:0 106551
106550 47459 21:0 106551
106550 47460 21:0 106576
106575 47454 21:0 106579
106578 47456 21:0 106579
106578 47457 21:0 106579
106674 47603 21:0 106698
106704 47609 21:0 106749
106747 47612 0:0 106749
106748 47613 21:0 106752
106751 47610 21:0 106760
106759 47608 21:0 106763
106762 47611 21:0 106769
106768 47600 21:0 106769
106768 47607 21:0 106772
106771 47606 21:0 106772
106771 47601 21:0 106772
106925 47756 21:0 106970
106968 47755 0:0 106970
106968 47757 0:0 106970
106969 47760 0:0 106970
106969 47759 21:0 106973
106972 47758 21:0 106981
106980 47748 21:0 106981
106980 47753 21:0 106984
106983 47751 21:0 106984
106983 47754 21:0 106984
106983 47747 21:0 106984
107149 47902 21:0 107191
107189 47906 0:0 107191
107190 47903 0:0 107191
107190 47905 0:0 107191
107190 47907 0:0 107191
107190 47904 0:0 107191
107190 47900 21:0 107194
107193 47901 21:0 107194
107193 47895 21:0 107194
107193 47894 21:0 107194
107193 47899 21:0 107194
107193 47896 21:0 107198
107367 48050 21:0 107412
107410 48053 0:0 107412
107410 48051 0:0 107412
107410 48049 0:0 107412
107411 48054 0:0 107412
107411 48052 0:0 107412
107411 48047 21:0 107415
107414 48043 21:0 107415
107414 48042 21:0 107415
107414 48045 21:0 107415
107414 48041 21:0 107415
107414 48048 21:0 107415
107601 48198 21:0 107633
107631 48200 0:0 107633
107632 48199 0:0 107633
107632 48196 0:0 107633
107632 48201 0:0 107633
107632 48197 21:0 107636
107635 48195 21:0 107644
107643 48194 21:0 107644
107643 48189 21:0 107644
107643 48190 21:0 107644
107643 48188 21:0 107644
107643 48191 21:0 107647
107832 48347 21:0 107854
107853 48344 0:0 107854
107853 48348 0:0 107854
107853 48345 0:0 107854
107853 48343 0:0 107854
107853 48346 21:0 107857
107856 48335 21:0 107865
107864 48342 21:0 107865
107864 48341 21:0 107865
107864 48340 21:0 107865
107864 48336 21:0 107868
108010 48487 21:0 108026
108025 48485 21:0 108035
108043 48492 21:0 108075
108074 48493 0:0 108075
108074 48491 0:0 108075
108074 48494 21:0 108078
108077 48490 21:0 108086
108085 48495 21:0 108089
108088 48489 21:0 108089
108088 48488 21:0 108095
108094 48483 21:0 108095
108094 48482 21:0 108095
108254 48637 21:0 108296
108294 48639 0:0 108296
108295 48638 0:0 108296
108295 48640 0:0 108296
108295 48642 0:0 108296
108295 48629 0:0 108296
108295 48641 21:0 108299
108298 48635 21:0 108303
108302 48634 21:0 108307
108306 48630 21:0 108307
108306 48636 21:0 108307
108452 48781 21:0 108468
108472 48785 21:0 108517
108515 48784 0:0 108517
108516 48787 0:0 108517
108516 48788 21:0 108520
108519 48786 21:0 108528
108527 48789 21:0 108531
108530 48783 21:0 108531
108530 48782 21:0 108537
108536 48776 21:0 108537
108536 48780 21:0 108537
108536 48777 21:0 108537
108694 48925 0:0 108697
108696 48927 21:0 108705
108706 48933 21:0 108738
108736 48935 0:0 108738
108737 48931 0:0 108738
108737 48932 0:0 108738
108737 48934 21:0 108741
108740 48936 21:0 108749
108748 48930 21:0 108752
108751 48923 21:0 108752
108751 48924 21:0 108752
108751 48929 21:0 108752
108751 48928 21:0 108752
108918 49079 0:0 108957
108924 49081 0:0 108957
108933 49080 0:0 108957
108956 49071 21:0 108957
108956 49070 21:0 108957
108975 49173 21:0 119
