128 49172 0:0 129
174 49080 21:0 237
236 47903 21:0 308
307 48041 21:0 313
312 48636 21:0 363
362 48924 21:0 379
378 48782 21:0 384
383 48335 21:0 389
388 49071 21:0 403
402 49077 21:0 455
454 49076 21:0 457
456 49070 21:0 460
459 48929 21:0 465
464 47755 21:0 541
540 47316 21:0 612
611 47170 21:0 683
682 47461 21:0 748
747 47466 21:0 783
782 47168 21:0 845
844 47314 21:0 916
915 47317 21:0 987
986 47318 21:0 1063
1062 47169 21:0 1095
1094 47021 21:0 1149
1148 47609 21:0 1220
1219 47756 21:0 1296
1295 46878 21:0 1367
1366 46876 21:0 1424
1423 47319 21:0 1441
1440 48637 21:0 1514
1513 47462 21:0 1560
1559 47758 21:0 1594
1593 47463 21:0 1675
1674 48639 21:0 1693
1692 47160 21:0 1719
1718 47171 21:0 1804
1803 48343 21:0 1815
1814 49073 21:0 1815
1814 48487 21:0 1838
1837 48781 21:0 1841
1840 48928 21:0 1853
1852 48780 21:0 1880
1879 48632 21:0 1889
1888 47172 21:0 1926
1925 47897 21:0 1929
1928 48338 21:0 1929
1928 48337 21:0 1929
1928 48485 21:0 1929
1928 47899 21:0 1934
1933 48634 21:0 1934
1933 49074 21:0 1934
1933 47309 21:0 1934
1933 47164 21:0 1937
1936 47311 21:0 1937
1936 47161 21:0 1937
1936 47458 21:0 1937
1936 47308 21:0 1960
1959 47163 21:0 1963
1962 47162 21:0 1970
1969 47167 21:0 2048
2047 47014 21:0 2048
2047 46865 21:0 2051
2050 49785 21:0 2056
2055 48336 21:0 2059
2058 48630 21:0 2116
2115 47453 21:0 2160
2159 47465 21:0 2173
2172 47613 21:0 2249
2248 47315 21:0 2292
2291 47306 21:0 2295
2294 329 21:0 2303
2302 47307 21:0 2360
2359 47600 21:0 2404
2403 47607 21:0 2407
2406 47894 21:0 2414
2413 48629 21:0 2417
2416 47754 21:0 2422
2421 47017 21:0 2422
2421 47016 21:0 2422
2421 47015 21:0 2422
3374 298 21:0 3440
4610 51256 21:0 4643
4651 304 1:0 20171
6733 299 21:0 6799
8010 305 1:0 23530
10092 300 21:0 10158
11328 54198 21:0 11361
11369 306 1:0 26889
13451 301 21:0 13517
14687 55669 21:0 14720
16810 302 21:0 16876
18087 307 1:0 30248
20169 303 21:0 20235
21446 308 1:0 33607
23528 304 21:0 23594
24764 60082 21:0 24797
26887 305 21:0 26953
30246 306 21:0 30312
31523 309 1:0 36966
33605 307 21:0 33671
34841 64495 21:0 34874
34882 310 1:0 40325
36964 308 21:0 37030
40323 309 21:0 40389
41600 311 1:0 43684
43682 310 21:0 43748
44918 68908 21:0 44951
44959 312 1:0 47043
47041 311 21:0 47107
48318 313 1:0 50402
48318 314 1:0 53761
48318 315 1:0 57120
48319 316 1:0 60479
50400 312 21:0 50466
51228 71672 21:0 51362
51677 71672 1:0 52340
51678 317 1:0 63838
53759 313 21:0 53825
54364 73046 21:0 54509
54995 73321 21:0 55028
55036 73046 1:0 56082
57118 314 21:0 57184
57954 74617 21:0 58101
58395 74617 1:0 59040
58396 318 1:0 67197
60477 315 21:0 60543
60781 75857 21:0 60928
61754 75857 1:0 63316
61755 319 1:0 70556
63836 316 21:0 63902
64517 77491 21:0 64662
65072 77734 21:0 65105
65113 77491 1:0 66027
67195 317 21:0 67261
68180 79095 21:0 68325
68472 79095 1:0 68863
68473 320 1:0 73915
70554 318 21:0 70620
70779 80236 21:0 70924
71831 80236 1:0 73532
71832 321 1:0 77274
73913 319 21:0 73979
74442 81839 21:0 74587
75149 82147 21:0 75182
75190 81839 1:0 76367
77272 320 21:0 77338
77345 83111 21:0 77490
78549 83111 1:0 80511
78550 322 1:0 80633
78550 323 1:0 83992
78550 324 1:0 87351
78550 325 1:0 90710
80631 321 21:0 80697
80780 84616 21:0 80925
81163 84782 21:0 81310
81908 84782 1:0 83077
81909 84616 1:0 83740
81909 326 1:0 94069
83990 322 21:0 84056
84134 86085 21:0 84268
84894 86415 21:0 85028
85226 86560 21:0 85259
85267 86415 1:0 85799
85268 86085 1:0 87109
87349 323 21:0 87415
88185 87856 21:0 88332
88405 87952 21:0 88539
88626 87952 1:0 88896
88627 87856 1:0 89271
88627 327 1:0 97428
90708 324 21:0 90774
91465 89293 21:0 91610
91688 89390 21:0 91822
91985 89390 1:0 92386
91986 89293 1:0 92769
94067 325 21:0 94133
94591 90663 21:0 94725
94724 90633 21:0 94827
95344 90633 1:0 96402
95345 90663 1:0 96531
95345 328 1:0 100787
97426 326 21:0 97492
97803 92069 21:0 97948
98031 92168 21:0 98176
98703 92168 1:0 99748
98704 92069 1:0 100141
98704 298 1:0 102183
100785 327 21:0 100851
101385 93638 21:0 101519
101518 93606 21:0 101621
101620 93607 21:0 101763
101764 93607 1:0 102314
102023 49249 21:0 102028
102031 293 21:0 102054
102062 93606 1:0 102419
102063 93638 1:0 102514
102063 47754 1:0 102568
102072 48629 1:0 102579
102072 54198 1:0 102590
102072 47894 1:0 102599
102072 47607 1:0 102599
102072 47600 1:0 102649
102072 47307 1:0 102701
102072 329 1:0 102714
102072 47306 1:0 102721
102072 47315 1:0 102809
102078 47613 1:0 102852
102080 47465 1:0 102906
102080 47453 1:0 102961
102082 48630 1:0 102972
102082 49785 1:0 102983
102083 48336 1:0 102992
102083 46865 1:0 102992
102098 46872 1:0 103017
102111 47167 1:0 103111
102111 47172 1:0 103148
102153 49845 21:0 102156
102193 48343 1:0 103242
102193 47171 1:0 103279
102194 48639 1:0 103373
102194 47463 1:0 103410
102203 47758 1:0 103504
102203 47462 1:0 103541
102203 48637 1:0 103635
102203 47319 1:0 103672
102209 46876 1:0 103766
102209 46878 1:0 103803
102213 47756 1:0 103897
102229 47609 1:0 103934
102242 47021 1:0 104028
102284 49902 21:0 102287
102288 49902 1:0 105125
102324 47169 1:0 104068
102324 47318 1:0 104213
102325 47317 1:0 104289
102325 47314 1:0 104365
102325 47168 1:0 104441
102334 47466 1:0 104517
102334 47461 1:0 104593
102334 47170 1:0 104669
102334 47316 1:0 104745
102340 47024 1:0 104821
102342 47020 1:0 104897
102345 47755 1:0 104973
102361 47464 1:0 105049
102373 46877 1:0 105125
102455 46873 1:0 105201
102808 50130 21:0 102811
103201 50301 21:0 103204
103205 50130 1:0 105125
103205 50301 1:0 105125
103584 50470 21:0 103597
103856 50586 21:0 103859
104108 50698 21:0 104121
104120 50700 21:0 104124
104144 328 21:0 104210
104209 5 21:0 104210
104209 7 21:0 104215
104212 94878 21:0 104212
104217 94879 21:0 104217
104217 94880 21:0 104217
104220 94881 21:0 104220
104238 23 21:0 104270
104293 94912 21:0 104293
104293 94913 21:0 104293
104296 94914 21:0 104296
104364 94944 21:0 104364
104369 94945 21:0 104369
104369 94946 21:0 104369
104372 94947 21:0 104372
104440 94977 21:0 104440
104448 94980 21:0 104448
104521 95012 21:0 104521
104521 95011 21:0 104521
104524 95013 21:0 104524
104597 95044 21:0 104597
104597 95045 21:0 104597
104600 95046 21:0 104600
104668 95076 21:0 104668
104673 95078 21:0 104673
104676 95079 21:0 104676
104694 131 21:0 104726
104725 133 21:0 104731
104744 95109 21:0 104744
104749 95110 21:0 104749
104749 95111 21:0 104749
104752 95112 21:0 104752
104825 95144 21:0 104825
104825 95143 21:0 104825
104828 95145 21:0 104828
104901 95177 21:0 104901
104904 95178 21:0 104904
104972 95208 21:0 104972
104977 95209 21:0 104977
104977 95210 21:0 104977
105053 95243 21:0 105053
105053 95242 21:0 105053
105056 95244 21:0 105056
105124 95274 21:0 105124
105129 95275 21:0 105129
105132 95277 21:0 105132
105154 241 21:0 105182
105170 341 0:0 105172
105197 293 1:0 105201
105197 23 1:0 105201
105202 46875 1:0 105277
105209 341 1:0 105209
105273 131 1:0 105277
105273 50586 1:0 105277
105273 133 1:0 105277
105278 46874 1:0 105353
105320 341 21:0 105334
105349 241 1:0 105353
105349 49249 1:0 105353
105349 50470 1:0 105353
105349 49845 1:0 105353
105354 47025 1:0 105424
105425 47022 1:0 105444
105442 46870 1:0 105444
105442 46868 1:0 105444
105445 46866 1:0 105507
105470 46867 1:0 105472
105473 341 1:0 105489
105473 46869 1:0 105507
105496 341 21:0 105506
105508 46871 1:0 105582
105588 47017 1:0 105621
105592 46871 21:0 105644
105622 47160 1:0 105645
105643 46866 21:0 105647
105646 86560 1:0 105656
105646 46874 21:0 105667
105654 47016 1:0 105656
105654 47015 1:0 105656
105654 7 1:0 105656
105654 341 1:0 105656
105657 47023 1:0 105729
105666 46867 21:0 105667
105666 46869 21:0 105667
105666 46868 21:0 105667
105666 46870 21:0 105692
105691 46872 21:0 105746
105694 47014 1:0 105729
105725 341 0:0 105727
105730 82147 1:0 105829
105745 277 21:0 105749
105748 275 21:0 105756
105830 77734 1:0 105866
105830 47023 21:0 105879
105867 73321 1:0 105877
105875 5 1:0 105877
105875 50700 1:0 105877
105875 47162 1:0 105877
105878 68908 1:0 105886
105878 47022 21:0 105948
105884 47163 1:0 105886
105884 47308 1:0 105886
105884 47458 1:0 105886
105887 64495 1:0 105951
105909 275 1:0 1313
105910 277 1:0 1319
105910 47161 1:0 105914
105910 341 1:0 105929
105910 47164 1:0 105951
105910 47311 1:0 105951
105910 47310 1:0 106098
105922 299 1:0 3376
105922 300 1:0 6735
105922 301 1:0 10094
105927 60082 1:0 106050
105947 47025 21:0 106097
105963 302 1:0 13453
105963 303 1:0 16812
105971 55669 1:0 106087
105976 51256 1:0 106098
105976 47899 1:0 106098
105976 47309 1:0 106098
105976 47456 1:0 106325
105976 47455 1:0 106325
105991 49070 1:0 106107
105991 48929 1:0 106107
105992 48335 1:0 106124
105992 48041 1:0 106186
105992 48042 1:0 106305
105992 48337 1:0 106968
105992 47897 1:0 106988
105992 48338 1:0 107189
106085 95277 1:0 106085
106092 95275 1:0 106092
106094 47903 1:0 106325
106094 47457 1:0 106456
106094 47760 1:0 106526
106094 47605 1:0 106526
106095 47603 1:0 106546
106095 47610 1:0 106546
106095 47602 1:0 106546
106095 47604 1:0 106677
106095 47608 1:0 106697
106095 47611 1:0 106708
106096 46875 21:0 106109
106103 95274 1:0 106103
106104 47612 1:0 106717
106104 47750 1:0 106746
106104 47749 1:0 106767
106104 47759 1:0 106767
106104 47752 1:0 106767
106104 47751 1:0 106898
106104 47757 1:0 106928
106104 47904 1:0 106988
106104 47898 1:0 106988
106108 46873 21:0 106310
106110 47896 1:0 107109
106110 47902 1:0 107139
106110 47906 1:0 107159
106112 47905 1:0 107150
106115 47907 1:0 107160
106131 48052 1:0 107209
106131 48046 1:0 107209
106131 48044 1:0 107209
106143 48045 1:0 107340
106143 48050 1:0 107361
106192 48049 1:0 107360
106212 48043 1:0 107330
106212 48047 1:0 107350
106212 48051 1:0 107370
106213 48053 1:0 107380
106263 48054 1:0 107381
106263 48190 1:0 107409
106306 95244 1:0 106306
106309 46877 21:0 106327
106313 95242 1:0 106313
106314 95243 1:0 106314
106315 48193 1:0 107430
106315 48191 1:0 107430
106315 48346 1:0 107430
106315 48192 1:0 107561
106315 48200 1:0 107601
106316 48196 1:0 107581
106316 48197 1:0 107582
106316 48782 1:0 107638
106316 48924 1:0 107645
106325 48198 1:0 107591
106325 48199 1:0 107592
106325 48201 1:0 107602
106325 48340 1:0 107631
106325 48636 1:0 107651
106326 47020 21:0 106485
106328 48339 1:0 107782
106328 48344 1:0 107803
106331 48345 1:0 107812
106331 48347 1:0 107822
106335 48348 1:0 107823
106336 48485 1:0 107851
106351 48484 1:0 107872
106351 48492 1:0 107872
106352 48487 1:0 107872
106364 48486 1:0 108003
106364 48491 1:0 108024
106405 48490 1:0 108023
106418 48493 1:0 108034
106434 48494 1:0 108043
106434 48495 1:0 108044
106435 48634 1:0 108072
106435 48632 1:0 108093
106484 48633 1:0 108093
106484 48638 1:0 108093
106493 47464 21:0 106542
106534 95209 1:0 106534
106535 95210 1:0 106535
106536 48631 1:0 108214
106536 48640 1:0 108255
106536 48641 1:0 108264
106537 48642 1:0 108265
106537 48780 1:0 108293
106537 48786 1:0 108314
106537 48779 1:0 108314
106537 48781 1:0 108314
106537 48928 1:0 108515
106541 47024 21:0 106611
106543 48778 1:0 108435
106543 48785 1:0 108466
106545 95208 1:0 106545
106546 48784 1:0 108465
106546 48787 1:0 108476
106546 48788 1:0 108485
106546 48789 1:0 108486
106552 48926 1:0 108535
106552 48934 1:0 108535
106552 48927 1:0 108535
106556 48925 1:0 108656
106556 48933 1:0 108696
106572 48931 1:0 108686
106573 48932 1:0 108687
106585 48935 1:0 108706
106590 48936 1:0 108707
106602 50698 1:0 108735
106610 47457 21:0 106625
106624 47455 21:0 106630
106626 49073 1:0 108739
106626 49075 1:0 108739
106626 49074 1:0 108739
106626 49076 1:0 108743
106626 49077 1:0 108750
106629 47456 21:0 106633
106631 49071 1:0 108756
106634 49072 1:0 108877
106634 49172 1:0 108968
106634 49173 1:0 108969
106654 49080 1:0 108913
106655 49078 1:0 108907
106705 49079 1:0 108908
106707 47608 21:0 106763
106715 49083 1:0 108913
106747 47612 0:0 106749
106748 95178 1:0 106748
106748 47611 0:0 106749
106756 95177 1:0 106756
106757 49081 1:0 108913
106757 49082 1:0 108913
106762 47610 21:0 106832
106831 47604 21:0 106844
106843 47603 21:0 106851
106850 47602 21:0 106854
106853 47605 21:0 106878
106877 47310 21:0 106936
106938 47757 21:0 106984
106969 95145 1:0 106969
106976 95143 1:0 106976
106977 95144 1:0 106977
106983 47759 21:0 107056
107055 47751 21:0 107072
107071 47752 21:0 107072
107071 47749 21:0 107075
107169 47906 21:0 107205
107190 95112 1:0 107190
107190 47907 0:0 107191
107190 47902 0:0 107191
107190 47905 0:0 107191
107197 95110 1:0 107197
107198 95111 1:0 107198
107204 47760 21:0 107283
107208 95109 1:0 107208
107282 47896 21:0 107293
107292 47750 21:0 107296
107295 47898 21:0 107302
107367 48050 21:0 107426
107410 48051 0:0 107412
107410 48049 0:0 107412
107411 95079 1:0 107411
107411 48053 0:0 107412
107411 48054 0:0 107412
107411 48043 0:0 107412
107411 48047 0:0 107412
107419 95078 1:0 107419
107425 48052 21:0 107485
107429 95076 1:0 107429
107484 48045 21:0 107507
107506 48044 21:0 107514
107513 48046 21:0 107517
107611 48200 21:0 107647
107632 95046 1:0 107632
107632 48196 0:0 107633
107632 48199 0:0 107633
107632 48198 0:0 107633
107632 48197 0:0 107633
107632 48201 0:0 107633
107639 95044 1:0 107639
107640 95045 1:0 107640
107646 47904 21:0 107725
107724 48192 21:0 107735
107734 48191 21:0 107738
107737 48193 21:0 107744
107809 48344 21:0 107868
107852 48345 0:0 107854
107853 95013 1:0 107853
107853 48348 0:0 107854
107853 48347 0:0 107854
107860 95011 1:0 107860
107861 95012 1:0 107861
107867 48346 21:0 107927
107926 48339 21:0 107946
107945 48190 21:0 107956
107955 48340 21:0 107959
108030 48491 21:0 108089
108073 48494 0:0 108075
108074 94980 1:0 108074
108074 48490 0:0 108075
108074 48495 0:0 108075
108074 48493 0:0 108075
108088 48492 21:0 108148
108092 94977 1:0 108092
108147 48042 21:0 108200
108261 48640 21:0 108310
108294 48641 0:0 108296
108295 94947 1:0 108295
108295 48642 0:0 108296
108302 94945 1:0 108302
108303 94946 1:0 108303
108309 48638 21:0 108379
108313 94944 1:0 108313
108378 48486 21:0 108393
108392 48631 21:0 108398
108397 48484 21:0 108401
108472 48785 21:0 108531
108516 94914 1:0 108516
108516 48787 0:0 108517
108516 48789 0:0 108517
108516 48784 0:0 108517
108516 48788 0:0 108517
108523 94912 1:0 108523
108524 94913 1:0 108524
108530 48786 21:0 108590
108589 48778 21:0 108612
108611 48779 21:0 108619
108618 48633 21:0 108622
108706 48933 21:0 108752
108736 48935 0:0 108738
108736 48932 0:0 108738
108737 94881 1:0 108737
108737 48931 0:0 108738
108737 48936 0:0 108738
108744 94879 1:0 108744
108745 94880 1:0 108745
108751 48934 21:0 108824
108755 94878 1:0 108755
108823 48925 21:0 108840
108839 48927 21:0 108840
108839 48926 21:0 108843
108914 49079 0:0 108944
108917 49078 0:0 108957
108934 49083 0:0 108957
108956 49082 0:0 108957
108956 49081 0:0 108957
108956 49075 21:0 108957
108956 49072 21:0 108957
108975 49173 21:0 175
