150 15436 21:0 187
186 15435 21:0 203
202 15434 21:0 203
202 15439 21:0 203
202 15438 21:0 208
207 15633 21:0 213
207 341 21:0 208
212 15621 21:0 213
212 15433 21:0 213
212 15432 21:0 213
212 15426 21:0 213
212 15427 21:0 213
213 15636 21:0 279
278 15635 21:0 284
283 25 21:0 284
283 23 21:0 284
283 15528 21:0 284
283 15654 21:0 284
283 7 21:0 284
283 5 21:0 284
283 15529 21:0 284
283 15431 21:0 284
286 15668 21:0 307
306 15669 21:0 355
354 15697 21:0 360
359 15612 21:0 360
359 15687 21:0 360
359 39 21:0 360
359 43 21:0 360
359 41 21:0 360
359 45 21:0 360
359 15665 21:0 360
362 15701 21:0 383
382 15699 21:0 431
430 334 21:0 436
435 15719 21:0 436
435 57 21:0 436
435 61 21:0 436
435 59 21:0 436
435 9 21:0 436
435 15638 21:0 436
435 15720 21:0 436
438 15733 21:0 459
458 15734 21:0 507
506 77 21:0 507
506 75 21:0 507
506 79 21:0 507
506 81 21:0 509
508 15753 21:0 509
509 15765 21:0 517
516 3 21:0 517
516 83 21:0 517
516 15724 21:0 517
516 329 21:0 517
517 15768 21:0 583
582 15786 21:0 583
582 63 21:0 583
582 93 21:0 583
582 95 21:0 583
582 15776 21:0 583
582 97 21:0 583
585 15798 21:0 593
592 99 21:0 593
592 101 21:0 593
592 105 21:0 593
593 15801 21:0 659
658 15767 21:0 664
663 15700 21:0 669
668 115 21:0 669
668 15819 21:0 669
669 15834 21:0 735
734 133 21:0 735
734 131 21:0 735
734 129 21:0 735
734 111 21:0 735
734 15852 21:0 735
734 15809 21:0 735
734 113 21:0 737
737 15864 21:0 745
744 15766 21:0 800
799 15866 21:0 816
815 15831 21:0 821
820 15800 21:0 876
875 15634 21:0 892
891 15876 21:0 892
891 153 21:0 892
891 151 21:0 892
891 169 21:0 892
891 165 21:0 892
891 15885 21:0 892
891 15913 21:0 892
891 15918 21:0 894
894 15932 21:0 915
914 15899 21:0 963
962 15735 21:0 973
970 15965 21:0 970
972 15931 21:0 991
990 15732 21:0 1039
1038 15867 21:0 1049
1048 15897 21:0 1063
1062 15702 21:0 1115
1114 15933 21:0 1122
1117 16029 21:0 1117
1121 15999 21:0 1139
1122 16030 21:0 1122
1122 16031 21:0 1122
1138 15966 21:0 1191
1190 15865 21:0 1201
1193 16062 21:0 1193
1200 15666 21:0 1219
1201 16065 21:0 1201
1218 15964 21:0 1267
1266 15998 21:0 1277
1269 16095 21:0 1269
1274 16097 21:0 1274
1274 16096 21:0 1274
1276 15799 21:0 1295
1277 16098 21:0 1277
1294 15667 21:0 1343
1342 15898 21:0 1353
1345 16128 21:0 1345
1350 16129 21:0 1350
1350 16130 21:0 1350
1352 15963 21:0 1371
1353 16131 21:0 1353
1370 15833 21:0 1419
1418 16063 21:0 1429
1421 16161 21:0 1421
1426 16162 21:0 1426
1426 16163 21:0 1426
1428 16032 21:0 1447
1429 16164 21:0 1429
1446 15930 21:0 1495
1494 321 1:0 1496
1494 15900 21:0 1505
1497 16194 21:0 1497
1499 319 1:0 1501
1504 15684 21:0 1505
1504 87 21:0 1505
1504 139 21:0 1505
1504 329 1:0 1516
1504 147 21:0 1520
1519 185 21:0 1520
1519 353 21:0 1520
1519 16017 21:0 1520
1519 16149 21:0 1520
1519 117 21:0 1520
1519 16083 21:0 1525
1524 15951 21:0 1525
1525 16207 21:0 1535
1534 16064 21:0 1559
1558 15832 21:0 1566
1565 15997 21:0 1569
1568 15996 21:0 1577
1571 16194 1:0 1571
1576 205 21:0 1577
1576 16182 21:0 1577
1576 311 21:0 1577
1576 277 21:0 1577
1576 16116 21:0 1577
1576 15984 21:0 1577
1576 49 21:0 1577
1576 15748 21:0 1577
1576 21 21:0 1577
1576 16050 21:0 1579
1578 16182 1:0 1606
1578 353 1:0 1617
1578 311 1:0 1642
1578 16149 1:0 1728
1578 16116 1:0 1850
1578 277 1:0 1878
1578 16083 1:0 1964
1578 16064 1:0 2042
1578 16063 1:0 2048
1580 16050 1:0 2086
1580 16032 1:0 2164
1580 15997 1:0 2208
1580 16017 1:0 2208
1580 15999 1:0 2286
1581 16238 21:0 1603
1597 15998 1:0 2293
1602 15715 21:0 1637
1636 15737 21:0 1651
1648 15996 1:0 2302
1648 15984 1:0 2323
1648 205 1:0 2330
1650 15704 21:0 1656
1655 16235 21:0 1678
1659 15966 1:0 2408
1677 16164 1:0 1677
1677 16231 21:0 1678
1677 319 21:0 1678
1677 321 21:0 1681
1680 16256 21:0 1681
1680 16215 21:0 1681
1680 16270 21:0 1681
1680 16267 21:0 1681
1680 16265 21:0 1681
1680 317 21:0 1681
1680 27 21:0 1681
1683 16162 1:0 1683
1684 16163 1:0 1684
1684 16288 21:0 1688
1685 15964 1:0 2414
1686 15963 1:0 2424
1686 15951 1:0 2445
1686 15933 1:0 2452
1686 185 1:0 2452
1687 329 21:0 1688
1693 16161 1:0 1693
1694 16292 21:0 1696
1694 15931 1:0 2530
1697 15932 1:0 2537
1703 16295 21:0 1725
1704 15930 1:0 2546
1728 16313 21:0 1759
1762 16322 21:0 1764
1771 16324 21:0 1773
1780 16327 21:0 1800
1799 16131 1:0 1799
1805 16129 1:0 1805
1806 16130 1:0 1806
1806 16345 21:0 1810
1807 15918 1:0 2567
1807 165 1:0 2567
1807 169 1:0 2574
1807 15900 1:0 2574
1807 15913 1:0 2574
1808 15898 1:0 2652
1808 15899 1:0 2659
1815 16128 1:0 1815
1816 16349 21:0 1818
1816 15897 1:0 2668
1816 147 1:0 2670
1816 153 1:0 2670
1816 151 1:0 2670
1819 15865 1:0 2696
1822 15885 1:0 2696
1822 139 1:0 2696
1822 15876 1:0 2696
1825 16352 21:0 1847
1841 15867 1:0 2774
1850 16370 21:0 1881
1884 16379 21:0 1886
1893 16381 21:0 1895
1902 16384 21:0 1922
1921 16098 1:0 1921
1927 16096 1:0 1927
1928 16097 1:0 1928
1928 16402 21:0 1932
1929 15866 1:0 2781
1930 15864 1:0 2790
1930 133 1:0 2806
1930 15852 1:0 2811
1930 15832 1:0 2818
1930 129 1:0 2818
1930 131 1:0 2818
1937 16095 1:0 1937
1938 16406 21:0 1940
1938 15834 1:0 2896
1941 15833 1:0 2903
1947 16409 21:0 1969
1948 15831 1:0 2912
1972 16427 21:0 2003
2006 16436 21:0 2008
2015 16438 21:0 2017
2024 16441 21:0 2044
2043 16065 1:0 2043
2050 16459 21:0 2054
2051 113 1:0 2928
2051 117 1:0 2928
2051 111 1:0 2937
2051 115 1:0 2937
2051 15799 1:0 2940
2051 15809 1:0 2940
2051 15819 1:0 2940
2052 15801 1:0 3018
2052 15800 1:0 3025
2059 16062 1:0 2059
2060 16463 21:0 2062
2060 105 1:0 3028
2060 15798 1:0 3034
2060 101 1:0 3036
2066 99 1:0 3043
2066 93 1:0 3050
2066 15766 1:0 3062
2069 16466 21:0 2091
2070 95 1:0 3050
2070 15786 1:0 3055
2070 97 1:0 3062
2070 15776 1:0 3062
2094 16484 21:0 2125
2128 16493 21:0 2130
2137 16495 21:0 2139
2146 16498 21:0 2166
2171 16030 1:0 2171
2172 16031 1:0 2172
2172 16516 21:0 2176
2173 15768 1:0 3140
2174 15767 1:0 3147
2174 87 1:0 3150
2174 15765 1:0 3156
2174 77 1:0 3158
2174 75 1:0 3158
2174 83 1:0 3158
2174 79 1:0 3158
2174 81 1:0 3158
2181 16029 1:0 2181
2182 16520 21:0 2184
2182 15735 1:0 3184
2182 15737 1:0 3184
2182 15748 1:0 3184
2182 15753 1:0 3184
2188 15734 1:0 3262
2191 16523 21:0 2213
2207 15733 1:0 3268
2216 16541 21:0 2247
2218 15704 1:0 3272
2250 16550 21:0 2252
2259 16552 21:0 2261
2268 16555 21:0 2288
2294 16573 21:0 2298
2295 15715 1:0 3272
2296 15732 1:0 3278
2296 61 1:0 3280
2296 49 1:0 3280
2296 63 1:0 3280
2296 59 1:0 3280
2296 57 1:0 3280
2296 15702 1:0 3306
2304 16577 21:0 2306
2304 15724 1:0 3291
2304 15720 1:0 3306
2304 15719 1:0 3306
2304 15700 1:0 3384
2310 15701 1:0 3391
2313 16580 21:0 2335
2329 15699 1:0 3400
2329 41 1:0 3402
2329 43 1:0 3402
2329 45 1:0 3402
2329 39 1:0 3402
2338 16598 21:0 2369
2372 16607 21:0 2374
2381 16609 21:0 2383
2390 16612 21:0 2410
2416 15965 1:0 2416
2416 16630 21:0 2420
2417 15667 1:0 3428
2418 15697 1:0 3409
2418 15684 1:0 3428
2418 15687 1:0 3428
2418 15669 1:0 3506
2426 16634 21:0 2428
2426 15668 1:0 3513
2426 15665 1:0 3516
2429 15666 1:0 3522
2435 16637 21:0 2457
2436 15634 1:0 3550
2450 21 1:0 3532
2450 27 1:0 3532
2450 23 1:0 3543
2450 15654 1:0 3543
2450 25 1:0 3550
2450 15638 1:0 3550
2460 16655 21:0 2491
2494 16664 21:0 2496
2503 16666 21:0 2505
2512 16669 21:0 2532
2538 16687 21:0 2542
2539 15636 1:0 3628
2540 15635 1:0 3635
2540 15633 1:0 3644
2540 9 1:0 3669
2540 7 1:0 3669
2540 15621 1:0 3672
2548 16691 21:0 2550
2548 15612 1:0 3706
2548 5 1:0 3716
2548 334 1:0 3723
2548 3 1:0 3723
2548 335 1:0 3748
2548 317 1:0 5100
2548 321 1:0 5105
2548 319 1:0 5110
2557 16694 21:0 2579
2582 16712 21:0 2613
2616 16721 21:0 2618
2625 16723 21:0 2627
2634 16726 21:0 2654
2660 16744 21:0 2664
2670 16748 21:0 2672
2679 16751 21:0 2701
2704 16769 21:0 2735
2738 16778 21:0 2740
2747 16780 21:0 2749
2756 16783 21:0 2776
2782 16801 21:0 2786
2792 16805 21:0 2794
2801 16808 21:0 2823
2826 16826 21:0 2857
2860 16835 21:0 2862
2869 16837 21:0 2871
2878 16840 21:0 2898
2904 16858 21:0 2908
2914 16862 21:0 2916
2923 16865 21:0 2945
2948 16883 21:0 2979
2982 16892 21:0 2984
2991 16894 21:0 2993
3000 16897 21:0 3020
3026 16915 21:0 3030
3036 16919 21:0 3038
3045 16922 21:0 3067
3070 16940 21:0 3101
3104 16949 21:0 3106
3113 16951 21:0 3115
3122 16954 21:0 3142
3148 16972 21:0 3152
3158 16976 21:0 3160
3167 16979 21:0 3189
3192 16997 21:0 3223
3226 17006 21:0 3228
3235 17008 21:0 3237
3244 17011 21:0 3264
3270 17029 21:0 3274
3280 17033 21:0 3282
3289 17036 21:0 3311
3314 17054 21:0 3345
3348 17063 21:0 3350
3357 17065 21:0 3359
3366 17068 21:0 3386
3392 17086 21:0 3396
3402 17090 21:0 3404
3411 17093 21:0 3433
3436 17111 21:0 3467
3470 17120 21:0 3472
3479 17122 21:0 3481
3488 17125 21:0 3508
3514 17143 21:0 3518
3524 17147 21:0 3526
3533 17150 21:0 3555
3558 17168 21:0 3589
3592 17177 21:0 3594
3601 17179 21:0 3603
3610 17182 21:0 3630
3636 17200 21:0 3640
3646 17204 21:0 3648
3655 17207 21:0 3677
3680 17225 21:0 3711
3714 17234 21:0 3716
3723 17236 21:0 3725
3746 334 21:0 3764
3764 5 21:0 3768
3768 17263 21:0 3801
3800 17272 21:0 3801
3800 17239 21:0 3801
3801 17271 21:0 3812
3811 335 21:0 3812
3811 17269 21:0 3812
3811 17282 21:0 3817
3816 11 21:0 3817
3816 17262 21:0 3817
3816 7 21:0 3817
3819 17285 21:0 3840
3839 17286 21:0 3888
3887 17296 21:0 3893
3892 25 21:0 3893
3892 27 21:0 3893
3892 23 21:0 3893
3892 17304 21:0 3893
3892 17305 21:0 3893
3892 17315 21:0 3893
3892 9 21:0 3893
3895 17318 21:0 3916
3915 17287 21:0 3964
3963 17276 21:0 3969
3968 17338 21:0 3969
3968 29 21:0 3969
3968 41 21:0 3969
3968 39 21:0 3969
3968 3 21:0 3969
3968 17348 21:0 3969
3968 43 21:0 3969
3971 17351 21:0 3992
3991 17353 21:0 4040
4039 17361 21:0 4045
4044 61 21:0 4045
4044 17371 21:0 4045
4044 17355 21:0 4045
4044 59 21:0 4045
4044 57 21:0 4045
4044 13 21:0 4045
4044 63 21:0 4045
4047 17385 21:0 4064
4063 17383 21:0 4116
4115 17402 21:0 4116
4115 79 21:0 4118
4117 17404 21:0 4118
4118 17416 21:0 4126
4125 17395 21:0 4126
4125 81 21:0 4126
4125 75 21:0 4126
4125 17394 21:0 4126
4126 17419 21:0 4192
4191 17350 21:0 4197
4196 17437 21:0 4197
4196 77 21:0 4197
4196 93 21:0 4197
4196 97 21:0 4197
4196 95 21:0 4197
4196 99 21:0 4197
4196 45 21:0 4199
4199 17451 21:0 4216
4215 17449 21:0 4268
4267 17417 21:0 4275
4274 17481 21:0 4278
4277 17428 21:0 4278
4277 115 21:0 4278
4277 17470 21:0 4278
4277 17467 21:0 4278
4278 17485 21:0 4344
4343 17450 21:0 4349
4348 17384 21:0 4368
4367 17320 21:0 4420
4419 17418 21:0 4425
4424 17484 21:0 4444
4443 17548 21:0 4496
4495 17317 21:0 4501
4500 17517 21:0 4506
4505 17549 21:0 4572
4571 17483 21:0 4577
4576 17551 21:0 4582
4581 17386 21:0 4648
4647 17518 21:0 4653
4652 17452 21:0 4658
4657 17284 21:0 4724
4723 17515 21:0 4729
4728 17581 21:0 4734
4733 17582 21:0 4800
4799 17516 21:0 4805
4804 17614 21:0 4810
4809 17352 21:0 4876
4875 17584 21:0 4881
4880 17583 21:0 4886
4885 17482 21:0 4952
4886 17749 21:0 4886
4951 17319 21:0 4957
4954 17779 21:0 4954
4956 17615 21:0 4962
4959 17781 21:0 4959
4959 17780 21:0 4959
4961 17647 21:0 5028
4962 17782 21:0 4962
5027 17649 21:0 5033
5030 17812 21:0 5030
5032 17648 21:0 5038
5035 17814 21:0 5035
5035 17813 21:0 5035
5037 17680 21:0 5104
5038 17815 21:0 5038
5103 17617 21:0 5109
5106 17845 21:0 5106
5108 17550 21:0 5114
5111 17846 21:0 5111
5111 17847 21:0 5111
5113 329 1:0 5125
5113 17309 21:0 5129
5128 17767 21:0 5129
5128 17503 21:0 5129
5128 113 21:0 5129
5128 17800 21:0 5134
5134 17858 21:0 5144
5143 16215 1:0 5145
5143 17650 21:0 5170
5168 16231 1:0 5171
5169 17616 21:0 5178
5173 17846 1:0 5173
5174 17847 1:0 5174
5176 16235 1:0 5182
5176 16238 1:0 5192
5176 16256 1:0 5219
5176 16265 1:0 5254
5176 16267 1:0 5264
5176 16270 1:0 5274
5176 16288 1:0 5302
5176 16292 1:0 5313
5176 16295 1:0 5323
5176 16313 1:0 5350
5176 17800 1:0 5353
5176 16322 1:0 5385
5177 17681 21:0 5181
5179 16324 1:0 5395
5179 16327 1:0 5405
5179 16345 1:0 5433
5179 16349 1:0 5444
5179 16370 1:0 5456
5179 16384 1:0 5468
5180 17682 21:0 5190
5182 16352 1:0 5454
5182 16379 1:0 5468
5182 17767 1:0 5468
5182 16381 1:0 5475
5184 17845 1:0 5184
5189 17683 21:0 5218
5217 17716 21:0 5298
5297 17815 1:0 5297
5297 17746 21:0 5301
5300 17715 21:0 5312
5304 17813 1:0 5304
5305 17814 1:0 5305
5311 17714 21:0 5318
5315 17812 1:0 5315
5317 17713 21:0 5321
5320 17748 21:0 5403
5402 17747 21:0 5432
5428 17782 1:0 5428
5431 16327 21:0 5432
5431 16313 21:0 5432
5431 17734 21:0 5432
5431 16295 21:0 5432
5431 16288 21:0 5432
5431 16324 21:0 5432
5431 16322 21:0 5432
5431 17536 21:0 5434
5433 17635 21:0 5435
5433 17747 1:0 5558
5433 16402 1:0 5564
5433 17748 1:0 5566
5433 16406 1:0 5575
5433 17746 1:0 5576
5433 16409 1:0 5585
5433 17734 1:0 5599
5433 16436 1:0 5599
5433 17714 1:0 5606
5433 16438 1:0 5606
5433 16427 1:0 5606
5433 16441 1:0 5606
5433 17716 1:0 5689
5433 16459 1:0 5695
5433 17715 1:0 5697
5433 16463 1:0 5706
5433 17713 1:0 5707
5433 16498 1:0 5730
5433 16484 1:0 5737
5433 17683 1:0 5737
5434 17602 21:0 5435
5435 17780 1:0 5435
5435 16345 21:0 5440
5436 17781 1:0 5436
5439 16238 21:0 5440
5439 16292 21:0 5440
5439 16235 21:0 5443
5442 16231 21:0 5443
5442 319 21:0 5446
5445 17701 21:0 5446
5446 17779 1:0 5446
5446 16349 21:0 5449
5448 321 21:0 5449
5448 317 21:0 5452
5451 16265 21:0 5452
5451 16267 21:0 5452
5451 16256 21:0 5452
5451 16270 21:0 5452
5451 16215 21:0 5452
5451 241 21:0 5452
5451 167 21:0 5452
5451 21 21:0 5452
5451 329 21:0 5452
5451 205 21:0 5452
5453 16466 1:0 5716
5453 241 1:0 5718
5453 16493 1:0 5730
5453 17701 1:0 5730
5453 16495 1:0 5737
5453 17682 1:0 5820
5453 16516 1:0 5826
5453 17681 1:0 5827
5453 16520 1:0 5837
5453 17680 1:0 5838
5453 16523 1:0 5847
5453 16555 1:0 5861
5453 16541 1:0 5861
5453 16550 1:0 5861
5453 17650 1:0 5868
5453 16552 1:0 5868
5453 17648 1:0 5951
5453 16573 1:0 5957
5453 17649 1:0 5959
5453 16577 1:0 5968
5453 17647 1:0 5969
5453 16580 1:0 5978
5453 205 1:0 5980
5453 16598 1:0 5980
5453 16612 1:0 5980
5453 16609 1:0 5992
5453 17635 1:0 5992
5453 16607 1:0 5999
5453 17616 1:0 5999
5453 17617 1:0 6082
5453 16630 1:0 6088
5453 17615 1:0 6089
5453 16634 1:0 6099
5453 17614 1:0 6100
5453 16637 1:0 6109
5453 17602 1:0 6123
5453 16664 1:0 6123
5453 16666 1:0 6130
5453 16655 1:0 6130
5453 16669 1:0 6130
5453 17583 1:0 6130
5453 17584 1:0 6213
5453 16687 1:0 6219
5453 17582 1:0 6220
5453 16691 1:0 6230
5453 17581 1:0 6231
5453 21 1:0 6233
5453 16997 1:0 6233
5453 17168 1:0 6233
5456 16352 21:0 5480
5458 17550 1:0 6261
5473 17068 1:0 6243
5473 16726 1:0 6254
5474 167 1:0 6237
5474 16694 1:0 6240
5474 113 1:0 6243
5474 16712 1:0 6243
5474 16723 1:0 6254
5474 16721 1:0 6261
5483 16370 21:0 5515
5518 16379 21:0 5521
5528 16381 21:0 5531
5538 16384 21:0 5560
5559 17749 1:0 5559
5566 16402 21:0 5571
5568 17551 1:0 6344
5569 16744 1:0 6350
5569 17549 1:0 6351
5569 16808 1:0 6355
5577 16406 21:0 5580
5578 16748 1:0 6361
5578 17548 1:0 6362
5578 17536 1:0 6364
5578 95 1:0 6364
5578 16783 1:0 6364
5578 45 1:0 6364
5578 16780 1:0 6364
5578 16769 1:0 6364
5578 16805 1:0 6392
5578 17516 1:0 6392
5581 16751 1:0 6371
5581 16778 1:0 6392
5586 17518 1:0 6475
5587 16409 21:0 5611
5605 17517 1:0 6483
5614 16427 21:0 5646
5617 16801 1:0 6481
5617 17147 1:0 6486
5649 16436 21:0 5652
5659 16438 21:0 5662
5669 16441 21:0 5691
5697 16459 21:0 5702
5699 17515 1:0 6493
5700 17207 1:0 6495
5700 16840 1:0 6495
5700 16826 1:0 6495
5700 17503 1:0 6495
5700 17011 1:0 6495
5700 97 1:0 6495
5700 16837 1:0 6495
5700 16858 1:0 6523
5700 17483 1:0 6523
5708 16463 21:0 5711
5709 16835 1:0 6523
5709 16865 1:0 6523
5709 17485 1:0 6606
5712 17484 1:0 6614
5715 16922 1:0 6617
5715 17481 1:0 6617
5718 16466 21:0 5742
5735 17482 1:0 6624
5735 16954 1:0 6626
5735 115 1:0 6626
5736 16883 1:0 6623
5736 16892 1:0 6623
5736 16862 1:0 6623
5736 16897 1:0 6626
5736 17470 1:0 6626
5745 16484 21:0 5777
5780 16493 21:0 5783
5790 16495 21:0 5793
5800 16498 21:0 5822
5828 16516 21:0 5833
5830 16894 1:0 6654
5830 17467 1:0 6654
5830 17452 1:0 6654
5830 17090 1:0 6654
5831 17450 1:0 6737
5839 16520 21:0 5842
5840 16915 1:0 6743
5840 17451 1:0 6745
5840 16919 1:0 6748
5840 16951 1:0 6754
5840 17006 1:0 6754
5840 17449 1:0 6755
5840 93 1:0 6757
5840 99 1:0 6757
5840 16940 1:0 6757
5843 16976 1:0 6757
5843 17437 1:0 6757
5848 17418 1:0 6785
5849 16523 21:0 5873
5851 16972 1:0 6785
5866 17428 1:0 6785
5866 16949 1:0 6785
5876 16541 21:0 5908
5911 16550 21:0 5914
5921 16552 21:0 5924
5931 16555 21:0 5953
5959 16573 21:0 5964
5961 17419 1:0 6868
5962 17417 1:0 6875
5962 17395 1:0 6879
5962 17029 1:0 6879
5962 17416 1:0 6886
5970 16577 21:0 5973
5971 81 1:0 6885
5971 75 1:0 6885
5971 77 1:0 6885
5971 57 1:0 6885
5971 17404 1:0 6888
5971 17008 1:0 6888
5971 17394 1:0 6888
5971 16979 1:0 6895
5971 79 1:0 6916
5971 17402 1:0 6916
5971 17386 1:0 6916
5977 17384 1:0 6999
5980 16580 21:0 6004
5998 17385 1:0 7007
5998 17093 1:0 7010
6007 16598 21:0 6039
6010 17033 1:0 7010
6042 16607 21:0 6045
6052 16609 21:0 6055
6062 16612 21:0 6084
6090 16630 21:0 6095
6092 41 1:0 7016
6092 59 1:0 7016
6092 17383 1:0 7017
6092 17355 1:0 7019
6092 17065 1:0 7019
6092 61 1:0 7019
6092 63 1:0 7019
6093 17371 1:0 7019
6093 17054 1:0 7019
6093 17036 1:0 7026
6093 17063 1:0 7047
6093 17352 1:0 7047
6093 17361 1:0 7047
6101 16634 21:0 6104
6102 17353 1:0 7130
6102 17351 1:0 7137
6105 17309 1:0 7141
6108 17086 1:0 7136
6111 16637 21:0 6135
6113 17350 1:0 7148
6113 17125 1:0 7150
6128 43 1:0 7150
6128 17122 1:0 7150
6128 17111 1:0 7150
6128 13 1:0 7150
6129 39 1:0 7150
6129 17338 1:0 7150
6129 17239 1:0 7501
6138 16655 21:0 6170
6173 16664 21:0 6176
6183 16666 21:0 6186
6193 16669 21:0 6215
6221 16687 21:0 6226
6223 17348 1:0 7158
6223 29 1:0 7178
6223 17319 1:0 7178
6223 17120 1:0 7178
6224 17320 1:0 7261
6224 17318 1:0 7268
6232 16691 21:0 6235
6233 17143 1:0 7267
6233 17150 1:0 7272
6233 17177 1:0 7278
6233 17182 1:0 7278
6233 17179 1:0 7278
6233 27 1:0 7278
6233 25 1:0 7278
6233 17317 1:0 7279
6233 17305 1:0 7281
6233 17315 1:0 7281
6239 17287 1:0 7309
6241 17304 1:0 7309
6242 16694 21:0 6266
6244 23 1:0 7309
6244 17296 1:0 7309
6269 16712 21:0 6301
6272 17286 1:0 7392
6304 16721 21:0 6307
6314 16723 21:0 6317
6324 16726 21:0 6346
6352 16744 21:0 6357
6354 17285 1:0 7399
6354 11 1:0 7403
6355 17200 1:0 7398
6355 17204 1:0 7409
6355 17284 1:0 7410
6355 9 1:0 7415
6355 17225 1:0 7415
6363 16748 21:0 6366
6364 17262 1:0 7415
6364 5 1:0 7415
6364 17282 1:0 7415
6364 17276 1:0 7425
6364 7 1:0 7428
6364 17234 1:0 7437
6364 17272 1:0 7440
6364 17271 1:0 7440
6364 17269 1:0 7440
6364 17263 1:0 7475
6364 17236 1:0 7491
6364 335 1:0 7494
6364 3 1:0 7494
6364 336 1:0 7521
6367 317 1:0 8873
6370 321 1:0 8878
6370 319 1:0 8883
6373 16751 21:0 6397
6400 16769 21:0 6432
6435 16778 21:0 6438
6445 16780 21:0 6448
6455 16783 21:0 6477
6483 16801 21:0 6488
6494 16805 21:0 6497
6504 16808 21:0 6528
6531 16826 21:0 6563
6566 16835 21:0 6569
6576 16837 21:0 6579
6586 16840 21:0 6608
6614 16858 21:0 6619
6625 16862 21:0 6628
6635 16865 21:0 6659
6662 16883 21:0 6694
6697 16892 21:0 6700
6707 16894 21:0 6710
6717 16897 21:0 6739
6745 16915 21:0 6750
6756 16919 21:0 6759
6766 16922 21:0 6790
6793 16940 21:0 6825
6828 16949 21:0 6831
6838 16951 21:0 6841
6848 16954 21:0 6870
6876 16972 21:0 6881
6887 16976 21:0 6890
6897 16979 21:0 6921
6924 16997 21:0 6956
6959 17006 21:0 6962
6969 17008 21:0 6972
6979 17011 21:0 7001
7007 17029 21:0 7012
7018 17033 21:0 7021
7028 17036 21:0 7052
7055 17054 21:0 7087
7090 17063 21:0 7093
7100 17065 21:0 7103
7110 17068 21:0 7132
7138 17086 21:0 7143
7149 17090 21:0 7152
7159 17093 21:0 7183
7186 17111 21:0 7218
7221 17120 21:0 7224
7231 17122 21:0 7234
7241 17125 21:0 7263
7269 17143 21:0 7274
7280 17147 21:0 7283
7290 17150 21:0 7314
7317 17168 21:0 7349
7352 17177 21:0 7355
7362 17179 21:0 7365
7372 17182 21:0 7394
7400 17200 21:0 7405
7411 17204 21:0 7414
7421 17207 21:0 7445
7448 17225 21:0 7480
7483 17234 21:0 7486
7493 17236 21:0 7496
7519 335 21:0 7537
7537 5 21:0 7541
7541 7 21:0 7569
7568 17239 21:0 7569
7569 18920 21:0 7585
7584 9 21:0 7585
7584 18923 21:0 7585
7584 336 21:0 7585
7584 18918 21:0 7585
7584 3 21:0 7585
7587 18935 21:0 7595
7594 18934 21:0 7595
7594 15 21:0 7595
7595 18938 21:0 7661
7660 18937 21:0 7666
7665 25 21:0 7666
7665 21 21:0 7666
7665 18956 21:0 7666
7665 27 21:0 7666
7665 23 21:0 7666
7668 18970 21:0 7689
7688 18969 21:0 7737
7736 45 21:0 7737
7736 39 21:0 7737
7736 18989 21:0 7737
7736 41 21:0 7737
7736 43 21:0 7737
7739 19001 21:0 7747
7746 18967 21:0 7747
7746 18984 21:0 7747
7747 19004 21:0 7813
7812 59 21:0 7813
7812 19022 21:0 7813
7812 19020 21:0 7813
7812 63 21:0 7813
7812 57 21:0 7813
7812 61 21:0 7813
7815 19034 21:0 7823
7822 19000 21:0 7823
7822 69 21:0 7823
7823 19037 21:0 7889
7888 19036 21:0 7894
7893 19035 21:0 7899
7898 77 21:0 7899
7898 75 21:0 7899
7898 19055 21:0 7899
7898 79 21:0 7899
7898 81 21:0 7899
7899 19070 21:0 7965
7964 19069 21:0 7970
7969 19067 21:0 7975
7974 99 21:0 7975
7974 95 21:0 7975
7974 97 21:0 7975
7974 19088 21:0 7975
7975 19103 21:0 8041
8040 93 21:0 8041
8040 19121 21:0 8041
8040 19026 21:0 8041
8040 115 21:0 8041
8040 113 21:0 8041
8040 111 21:0 8041
8043 19133 21:0 8051
8050 19135 21:0 8101
8100 19002 21:0 8122
8121 19068 21:0 8127
8126 18971 21:0 8177
8176 19102 21:0 8193
8192 19166 21:0 8203
8202 19134 21:0 8244
8243 19168 21:0 8269
8268 18968 21:0 8279
8278 18936 21:0 8293
8292 19100 21:0 8345
8344 19199 21:0 8350
8349 19003 21:0 8369
8368 19201 21:0 8421
8420 19232 21:0 8426
8425 19202 21:0 8445
8444 19200 21:0 8497
8496 19101 21:0 8502
8501 19266 21:0 8521
8520 19136 21:0 8573
8572 19267 21:0 8578
8577 19235 21:0 8583
8582 19233 21:0 8649
8648 19268 21:0 8654
8653 19265 21:0 8659
8658 19167 21:0 8725
8724 19234 21:0 8730
8729 19299 21:0 8735
8732 19431 21:0 8732
8734 19169 21:0 8801
8800 19298 21:0 8806
8805 19331 21:0 8811
8810 19300 21:0 8877
8876 19301 21:0 8882
8881 19334 21:0 8887
8886 19131 21:0 8887
8886 203 21:0 8887
8886 165 21:0 8887
8886 329 1:0 8898
8886 243 21:0 8902
8901 297 21:0 8902
8901 19484 21:0 8902
8901 19253 21:0 8902
8901 221 21:0 8902
8901 19451 21:0 8902
8901 353 21:0 8902
8901 19154 21:0 8907
8907 19509 21:0 8917
8915 16215 1:0 8918
8916 19332 21:0 8943
8937 16231 1:0 8944
8942 19333 21:0 8951
8948 16235 1:0 8955
8949 16238 1:0 8965
8949 16256 1:0 8992
8949 19484 1:0 8995
8949 353 1:0 9006
8949 16265 1:0 9027
8949 16267 1:0 9037
8949 16270 1:0 9047
8949 16288 1:0 9075
8949 16292 1:0 9086
8949 16295 1:0 9096
8949 297 1:0 9119
8949 16313 1:0 9123
8949 19451 1:0 9126
8949 16322 1:0 9158
8949 16324 1:0 9168
8949 16327 1:0 9178
8949 16345 1:0 9206
8950 19367 21:0 8954
8952 16349 1:0 9217
8952 16352 1:0 9227
8952 16384 1:0 9241
8952 16370 1:0 9241
8952 16381 1:0 9241
8952 16379 1:0 9248
8953 19397 21:0 8963
8962 19366 21:0 8991
8990 19365 21:0 9071
9070 19364 21:0 9074
9073 19399 21:0 9085
9084 19398 21:0 9091
9090 19078 21:0 9091
9090 65 21:0 9094
9092 19398 1:0 9331
9092 16402 1:0 9337
9092 19399 1:0 9339
9092 16406 1:0 9348
9092 19397 1:0 9349
9092 16409 1:0 9358
9092 16438 1:0 9372
9092 19365 1:0 9379
9092 16441 1:0 9379
9092 16427 1:0 9379
9092 16436 1:0 9379
9092 19367 1:0 9462
9092 16459 1:0 9468
9092 19366 1:0 9470
9092 16463 1:0 9479
9092 19364 1:0 9480
9092 16466 1:0 9489
9092 243 1:0 9491
9092 16495 1:0 9503
9092 16498 1:0 9503
9092 19333 1:0 9510
9092 16484 1:0 9510
9093 33 21:0 9094
9093 19021 21:0 9094
9093 18960 21:0 9119
9118 18914 21:0 9122
9121 16295 21:0 9166
9165 16292 21:0 9176
9175 16238 21:0 9202
9201 16235 21:0 9202
9201 16288 21:0 9202
9201 16231 21:0 9205
9204 19352 21:0 9205
9204 319 21:0 9205
9204 19187 21:0 9205
9204 19286 21:0 9205
9204 16215 21:0 9205
9204 16267 21:0 9205
9204 16256 21:0 9205
9204 16324 21:0 9205
9204 16322 21:0 9205
9204 16265 21:0 9205
9204 16313 21:0 9205
9204 16270 21:0 9205
9206 19352 1:0 9503
9206 16493 1:0 9510
9206 19334 1:0 9593
9206 16516 1:0 9599
9206 19332 1:0 9600
9206 16520 1:0 9610
9206 19331 1:0 9611
9206 16523 1:0 9620
9206 16555 1:0 9622
9206 221 1:0 9622
9206 16541 1:0 9622
9206 16550 1:0 9634
9206 19301 1:0 9641
9206 16552 1:0 9641
9206 19300 1:0 9724
9206 16573 1:0 9730
9206 19299 1:0 9731
9206 16577 1:0 9741
9206 19298 1:0 9742
9206 16580 1:0 9751
9206 19286 1:0 9754
9206 203 1:0 9754
9206 16612 1:0 9765
9206 16609 1:0 9765
9206 19268 1:0 9772
9206 16598 1:0 9772
9206 16607 1:0 9772
9206 19267 1:0 9855
9208 19431 1:0 9208
9208 16345 21:0 9213
9210 16630 1:0 9861
9210 19266 1:0 9862
9211 16634 1:0 9872
9211 19265 1:0 9873
9219 16349 21:0 9222
9220 16637 1:0 9882
9220 16669 1:0 9896
9220 16666 1:0 9896
9220 19253 1:0 9896
9220 19234 1:0 9903
9220 16655 1:0 9903
9220 16664 1:0 9903
9220 19235 1:0 9986
9226 16687 1:0 9992
9226 19233 1:0 9993
9229 16352 21:0 9253
9247 16691 1:0 10003
9247 19232 1:0 10004
9256 16370 21:0 9288
9291 16379 21:0 9294
9301 16381 21:0 9304
9311 16384 21:0 9333
9339 16402 21:0 9344
9341 16694 1:0 10013
9341 16712 1:0 10016
9341 165 1:0 10016
9341 16726 1:0 10027
9341 16723 1:0 10027
9341 19200 1:0 10034
9341 16721 1:0 10034
9342 19202 1:0 10117
9350 16406 21:0 9353
9351 16744 1:0 10123
9351 19201 1:0 10125
9351 16748 1:0 10134
9351 19199 1:0 10135
9351 17068 1:0 10137
9357 16954 1:0 10147
9357 19169 1:0 10165
9357 16783 1:0 10165
9359 16751 1:0 10144
9359 19187 1:0 10147
9359 16778 1:0 10158
9359 16780 1:0 10165
9359 16769 1:0 10165
9360 16409 21:0 9384
9378 19167 1:0 10248
9387 16427 21:0 9419
9422 16436 21:0 9425
9442 16441 21:0 9464
9470 16459 21:0 9475
9472 16801 1:0 10254
9472 19168 1:0 10256
9472 45 1:0 10259
9472 17168 1:0 10259
9472 93 1:0 10259
9472 16826 1:0 10259
9473 16805 1:0 10265
9473 19166 1:0 10266
9473 16883 1:0 10268
9473 39 1:0 10268
9473 59 1:0 10268
9473 16835 1:0 10268
9473 16840 1:0 10268
9473 19154 1:0 10268
9481 16463 21:0 9484
9482 16808 1:0 10275
9482 19136 1:0 10296
9482 16922 1:0 10296
9482 16837 1:0 10296
9485 19134 1:0 10379
9490 19135 1:0 10387
9491 16466 21:0 9515
9493 16858 1:0 10385
9508 16865 1:0 10390
9518 16484 21:0 9550
9553 16493 21:0 9556
9563 16495 21:0 9566
9573 16498 21:0 9595
9601 16516 21:0 9606
9603 61 1:0 10396
9603 97 1:0 10396
9603 16951 1:0 10396
9603 16862 1:0 10396
9603 19133 1:0 10397
9603 19121 1:0 10399
9603 16892 1:0 10399
9603 113 1:0 10399
9603 111 1:0 10399
9603 115 1:0 10399
9603 16897 1:0 10399
9604 19131 1:0 10407
9604 17036 1:0 10427
9604 16894 1:0 10427
9604 19101 1:0 10427
9612 16520 21:0 9615
9613 19103 1:0 10510
9613 16915 1:0 10516
9613 19102 1:0 10518
9613 17150 1:0 10521
9619 19100 1:0 10528
9619 99 1:0 10530
9619 16940 1:0 10530
9621 16919 1:0 10527
9621 77 1:0 10530
9621 75 1:0 10530
9622 16523 21:0 9646
9624 19088 1:0 10530
9624 16949 1:0 10530
9649 16541 21:0 9681
9652 19068 1:0 10558
9652 19078 1:0 10558
9684 16550 21:0 9687
9694 16552 21:0 9697
9704 16555 21:0 9726
9732 16573 21:0 9737
9734 95 1:0 10558
9734 16972 1:0 10558
9735 19070 1:0 10641
9735 19069 1:0 10649
9735 17033 1:0 10652
9735 16979 1:0 10652
9743 16577 21:0 9746
9744 16976 1:0 10658
9744 19067 1:0 10659
9744 16997 1:0 10661
9744 17008 1:0 10661
9744 81 1:0 10661
9744 17006 1:0 10661
9744 17011 1:0 10661
9744 19055 1:0 10661
9750 17086 1:0 10689
9750 17029 1:0 10689
9750 19035 1:0 10689
9750 79 1:0 10689
9753 16580 21:0 9777
9771 19037 1:0 10772
9780 16598 21:0 9812
9815 16607 21:0 9818
9825 16609 21:0 9828
9835 16612 21:0 9857
9863 16630 21:0 9868
9865 19036 1:0 10780
9865 69 1:0 10783
9865 19021 1:0 10783
9866 19034 1:0 10790
9866 17063 1:0 10792
9866 17054 1:0 10792
9866 17065 1:0 10792
9866 57 1:0 10792
9866 63 1:0 10792
9866 65 1:0 10792
9874 16634 21:0 9877
9875 19026 1:0 10805
9875 19003 1:0 10820
9875 19020 1:0 10820
9875 19022 1:0 10820
9875 19004 1:0 10903
9881 19002 1:0 10910
9883 17090 1:0 10914
9884 16637 21:0 9908
9886 19000 1:0 10914
9911 16655 21:0 9943
9914 41 1:0 10920
9914 17111 1:0 10920
9914 19001 1:0 10921
9946 16664 21:0 9949
9956 16666 21:0 9959
9966 16669 21:0 9988
9994 16687 21:0 9999
9996 17179 1:0 10920
9996 17177 1:0 10920
9996 17120 1:0 10920
9996 17093 1:0 10923
9996 43 1:0 10923
9996 18989 1:0 10923
9996 17125 1:0 10923
9997 18971 1:0 10951
9997 18984 1:0 10951
9997 17143 1:0 10951
9997 17122 1:0 10951
9997 18969 1:0 11034
10005 16691 21:0 10008
10006 18970 1:0 11042
10006 18967 1:0 11045
10006 33 1:0 11045
10012 17147 1:0 11051
10012 18968 1:0 11052
10012 25 1:0 11054
10012 27 1:0 11054
10012 21 1:0 11054
10012 23 1:0 11054
10012 17182 1:0 11054
10015 16694 21:0 10039
10033 18936 1:0 11082
10040 17200 1:0 11082
10042 16712 21:0 10074
10045 18960 1:0 11067
10045 18956 1:0 11082
10077 16721 21:0 10080
10087 16723 21:0 10090
10097 16726 21:0 10119
10125 16744 21:0 10130
10127 18938 1:0 11165
10128 18937 1:0 11173
10128 18934 1:0 11176
10128 15 1:0 11176
10136 16748 21:0 10139
10137 17204 1:0 11182
10137 18935 1:0 11183
10137 17207 1:0 11188
10137 17236 1:0 11195
10137 18923 1:0 11195
10137 9 1:0 11206
10137 17225 1:0 11206
10137 17234 1:0 11206
10137 18914 1:0 11213
10137 7 1:0 11213
10137 18918 1:0 11213
10137 18920 1:0 11222
10140 336 1:0 11267
10143 5 1:0 11259
10143 3 1:0 11267
10143 17239 1:0 11274
10143 337 1:0 11294
10143 319 1:0 12656
10143 16215 1:0 12691
10146 16751 21:0 10170
10208 16778 21:0 10211
10218 16780 21:0 10221
10228 16783 21:0 10250
10256 16801 21:0 10261
10267 16805 21:0 10270
10277 16808 21:0 10301
10304 16826 21:0 10336
10339 16835 21:0 10342
10349 16837 21:0 10352
10359 16840 21:0 10381
10387 16858 21:0 10392
10398 16862 21:0 10401
10408 16865 21:0 10432
10435 16883 21:0 10467
10470 16892 21:0 10473
10480 16894 21:0 10483
10490 16897 21:0 10512
10518 16915 21:0 10523
10529 16919 21:0 10532
10539 16922 21:0 10563
10566 16940 21:0 10598
10601 16949 21:0 10604
10621 16954 21:0 10643
10649 16972 21:0 10654
10660 16976 21:0 10663
10670 16979 21:0 10694
10697 16997 21:0 10729
10732 17006 21:0 10735
10742 17008 21:0 10745
10752 17011 21:0 10774
10780 17029 21:0 10785
10791 17033 21:0 10794
10801 17036 21:0 10825
10828 17054 21:0 10860
10863 17063 21:0 10866
10873 17065 21:0 10876
10883 17068 21:0 10905
10911 17086 21:0 10916
10922 17090 21:0 10925
10932 17093 21:0 10956
10959 17111 21:0 10991
10994 17120 21:0 10997
11004 17122 21:0 11007
11014 17125 21:0 11036
11042 17143 21:0 11047
11053 17147 21:0 11056
11063 17150 21:0 11087
11125 17177 21:0 11128
11135 17179 21:0 11138
11145 17182 21:0 11167
11173 17200 21:0 11178
11184 17204 21:0 11187
11194 17207 21:0 11218
11221 17225 21:0 11253
11292 336 21:0 11310
11309 20564 21:0 11347
11346 17239 21:0 11347
11346 20574 21:0 11347
11346 3 21:0 11347
11349 337 21:0 11358
11357 20572 21:0 11358
11357 20565 21:0 11358
11357 7 21:0 11360
11360 20586 21:0 11365
11364 20571 21:0 11365
11364 11 21:0 11365
11364 20584 21:0 11365
11364 20569 21:0 11365
11364 20585 21:0 11365
11364 15 21:0 11365
11365 20587 21:0 11386
11385 20589 21:0 11434
11433 23 21:0 11434
11433 21 21:0 11434
11433 25 21:0 11434
11433 20607 21:0 11434
11433 27 21:0 11434
11436 20619 21:0 11444
11443 20591 21:0 11444
11443 20578 21:0 11444
11444 20622 21:0 11510
11509 20621 21:0 11515
11514 41 21:0 11515
11514 43 21:0 11515
11514 20640 21:0 11515
11514 45 21:0 11515
11514 39 21:0 11515
11517 20654 21:0 11538
11537 20620 21:0 11586
11585 20630 21:0 11591
11590 61 21:0 11591
11590 20673 21:0 11591
11590 20668 21:0 11591
11590 57 21:0 11591
11590 63 21:0 11591
11590 20605 21:0 11591
11590 59 21:0 11591
11593 20686 21:0 11614
11613 20685 21:0 11662
11661 75 21:0 11662
11661 81 21:0 11662
11661 79 21:0 11662
11661 20706 21:0 11662
11661 77 21:0 11662
11664 20718 21:0 11672
11671 20604 21:0 11672
11671 83 21:0 11672
11672 20721 21:0 11738
11737 20720 21:0 11743
11742 20653 21:0 11748
11747 20652 21:0 11814
11813 20688 21:0 11819
11818 20751 21:0 11824
11823 99 21:0 11824
11823 97 21:0 11824
11823 20772 21:0 11824
11823 115 21:0 11824
11823 20739 21:0 11824
11823 113 21:0 11824
11823 117 21:0 11824
11824 20787 21:0 11890
11889 20786 21:0 11895
11894 20785 21:0 11900
11899 20655 21:0 11966
11965 20754 21:0 11971
11970 20850 21:0 11978
11977 20819 21:0 12042
12041 20753 21:0 12047
12046 20820 21:0 12066
12065 20851 21:0 12118
12117 20817 21:0 12123
12122 20687 21:0 12128
12127 20852 21:0 12194
12193 20884 21:0 12199
12198 20885 21:0 12204
12203 20588 21:0 12270
12269 20883 21:0 12275
12274 20752 21:0 12280
12279 20784 21:0 12346
12345 20853 21:0 12351
12350 20886 21:0 12356
12355 20719 21:0 12422
12421 20818 21:0 12427
12426 20917 21:0 12432
12431 20919 21:0 12498
12497 20918 21:0 12503
12502 20951 21:0 12508
12507 20916 21:0 12574
12573 20950 21:0 12579
12578 20949 21:0 12584
12583 20952 21:0 12650
12649 20983 21:0 12655
12654 20984 21:0 12660
12659 20982 21:0 12713
12709 16231 1:0 12717
12710 16235 1:0 12728
12710 16238 1:0 12738
12710 16256 1:0 12765
12712 20985 21:0 12716
12714 16265 1:0 12800
12714 16267 1:0 12810
12714 16270 1:0 12820
12714 16288 1:0 12848
12715 21160 21:0 12716
12715 21018 21:0 12727
12721 16292 1:0 12859
12721 16295 1:0 12869
12721 16313 1:0 12896
12721 16322 1:0 12931
12721 16324 1:0 12941
12721 16345 1:0 12979
12722 16349 1:0 12990
12722 16352 1:0 13000
12722 16370 1:0 13027
12722 16379 1:0 13062
12722 16381 1:0 13072
12722 16384 1:0 13082
12722 16402 1:0 13110
12726 21017 21:0 12733
12732 21016 21:0 12736
12735 21048 21:0 12818
12817 21015 21:0 12847
12819 16406 1:0 13121
12819 21048 1:0 13122
12819 16409 1:0 13131
12819 16441 1:0 13145
12819 16427 1:0 13145
12819 21016 1:0 13152
12819 16436 1:0 13152
12819 21018 1:0 13235
12819 16459 1:0 13241
12819 21017 1:0 13243
12846 47 21:0 12847
12846 20683 21:0 12847
12846 20644 21:0 12855
12848 16463 1:0 13252
12848 21015 1:0 13253
12848 16466 1:0 13262
12848 16498 1:0 13276
12848 16495 1:0 13276
12848 20985 1:0 13283
12848 16484 1:0 13283
12848 16493 1:0 13283
12848 20984 1:0 13366
12848 16516 1:0 13372
12848 20983 1:0 13373
12852 16520 1:0 13383
12852 20982 1:0 13384
12853 16523 1:0 13393
12853 16541 1:0 13407
12853 16550 1:0 13407
12853 20952 1:0 13414
12853 16555 1:0 13414
12853 16552 1:0 13414
12854 16288 21:0 12855
12854 20573 21:0 12855
12854 16238 21:0 12858
12856 20950 1:0 13497
12857 16235 21:0 12858
12857 16231 21:0 12858
12857 16270 21:0 12858
12861 16292 21:0 12864
12862 16573 1:0 13503
12862 20951 1:0 13505
12862 16577 1:0 13514
12862 20949 1:0 13515
12863 319 21:0 12864
12863 321 21:0 12867
12866 329 21:0 12867
12866 16215 21:0 12867
12866 16267 21:0 12867
12866 16256 21:0 12867
12866 16265 21:0 12867
12868 16580 1:0 13524
12868 16612 1:0 13526
12868 16598 1:0 13538
12868 16607 1:0 13538
12868 20918 1:0 13545
12868 16609 1:0 13545
12871 16295 21:0 12895
12873 20919 1:0 13628
12898 16313 21:0 12930
12901 16630 1:0 13634
12901 20917 1:0 13635
12933 16322 21:0 12936
12943 16324 21:0 12946
12953 16327 21:0 12975
12981 16345 21:0 12986
12983 20916 1:0 13646
12984 16634 1:0 13645
12984 16637 1:0 13655
12984 16655 1:0 13657
12984 16669 1:0 13669
12984 16664 1:0 13669
12984 20886 1:0 13676
12984 16666 1:0 13676
12992 16349 21:0 12995
12993 20885 1:0 13759
12993 20884 1:0 13766
12996 16687 1:0 13765
13001 20883 1:0 13777
13002 16352 21:0 13026
13004 16691 1:0 13776
13029 16370 21:0 13061
13032 16694 1:0 13786
13032 16712 1:0 13800
13032 20853 1:0 13807
13064 16379 21:0 13067
13074 16381 21:0 13077
13084 16384 21:0 13106
13112 16402 21:0 13117
13114 17054 1:0 13788
13114 16726 1:0 13788
13114 16723 1:0 13800
13114 16721 1:0 13807
13115 20852 1:0 13890
13115 16744 1:0 13896
13115 20851 1:0 13897
13115 17111 1:0 13901
13115 63 1:0 13901
13115 27 1:0 13901
13115 75 1:0 13901
13123 16406 21:0 13126
13124 16748 1:0 13907
13124 20850 1:0 13908
13124 16940 1:0 13910
13124 16780 1:0 13910
13124 39 1:0 13910
13124 16783 1:0 13910
13130 16751 1:0 13917
13130 20818 1:0 13938
13130 20573 1:0 13938
13130 16778 1:0 13938
13133 16409 21:0 13157
13151 20820 1:0 14021
13160 16427 21:0 13192
13195 16436 21:0 13198
13205 16438 21:0 13208
13215 16441 21:0 13237
13243 16459 21:0 13248
13245 16801 1:0 14027
13245 20819 1:0 14029
13245 17143 1:0 14032
13246 16805 1:0 14038
13246 20817 1:0 14039
13246 16835 1:0 14041
13246 16840 1:0 14041
13246 117 1:0 14041
13246 16826 1:0 14041
13254 16463 21:0 13257
13255 16808 1:0 14048
13255 20785 1:0 14069
13255 16915 1:0 14069
13255 16837 1:0 14069
13255 20787 1:0 14152
13261 20786 1:0 14160
13263 20569 1:0 14163
13264 16466 21:0 13288
13266 16858 1:0 14158
13291 16484 21:0 13323
13294 113 1:0 14169
13294 16892 1:0 14169
13294 16883 1:0 14169
13294 16897 1:0 14169
13294 16894 1:0 14169
13294 20784 1:0 14170
13326 16493 21:0 13329
13336 16495 21:0 13339
13346 16498 21:0 13368
13374 16516 21:0 13379
13376 16862 1:0 14169
13376 20772 1:0 14172
13377 16865 1:0 14179
13377 16979 1:0 14200
13377 115 1:0 14200
13377 20752 1:0 14200
13377 20754 1:0 14283
13385 16520 21:0 13388
13386 20753 1:0 14291
13386 17090 1:0 14294
13386 20584 1:0 14294
13392 97 1:0 14300
13392 16919 1:0 14300
13392 20751 1:0 14301
13392 81 1:0 14303
13392 20739 1:0 14303
13392 99 1:0 14303
13392 16954 1:0 14303
13395 16523 21:0 13419
13413 20719 1:0 14331
13413 16972 1:0 14331
13422 16541 21:0 13454
13425 16922 1:0 14310
13425 16949 1:0 14331
13457 16550 21:0 13460
13467 16552 21:0 13470
13477 16555 21:0 13499
13505 16573 21:0 13510
13507 20721 1:0 14414
13508 20720 1:0 14422
13508 16976 1:0 14425
13508 17093 1:0 14425
13516 16577 21:0 13519
13517 20718 1:0 14432
13517 17008 1:0 14434
13517 79 1:0 14434
13517 16997 1:0 14434
13517 20706 1:0 14434
13517 17011 1:0 14434
13517 17006 1:0 14434
13517 83 1:0 14434
13517 20687 1:0 14462
13520 17029 1:0 14462
13523 20571 1:0 14462
13523 77 1:0 14462
13526 16580 21:0 13550
13528 20688 1:0 14545
13553 16598 21:0 13585
13556 20686 1:0 14552
13588 16607 21:0 13591
13598 16609 21:0 13601
13608 16612 21:0 13630
13636 16630 21:0 13641
13638 17036 1:0 14556
13638 17033 1:0 14556
13639 20685 1:0 14563
13639 57 1:0 14565
13639 20683 1:0 14565
13639 61 1:0 14565
13639 59 1:0 14565
13639 17065 1:0 14565
13639 17068 1:0 14565
13639 17063 1:0 14565
13639 20655 1:0 14593
13647 16634 21:0 13650
13648 17086 1:0 14593
13648 20668 1:0 14593
13648 20673 1:0 14593
13648 20653 1:0 14676
13654 20654 1:0 14684
13654 11 1:0 14687
13654 20644 1:0 14687
13657 16637 21:0 13681
13675 20652 1:0 14694
13675 43 1:0 14696
13675 17120 1:0 14696
13675 17125 1:0 14696
13684 16655 21:0 13716
13687 47 1:0 14696
13687 20640 1:0 14696
13687 41 1:0 14696
13687 45 1:0 14696
13719 16664 21:0 13722
13729 16666 21:0 13732
13739 16669 21:0 13761
13767 16687 21:0 13772
13769 20620 1:0 14724
13769 17200 1:0 14724
13770 17122 1:0 14724
13770 20630 1:0 14724
13770 20622 1:0 14807
13770 17239 1:0 15047
13778 16691 21:0 13781
13779 20621 1:0 14815
13779 17150 1:0 14818
13779 17147 1:0 14818
13782 20619 1:0 14825
13782 17182 1:0 14827
13785 17177 1:0 14824
13785 25 1:0 14824
13785 23 1:0 14824
13785 20604 1:0 14827
13785 20607 1:0 14827
13785 21 1:0 14827
13788 16694 21:0 13812
13790 20588 1:0 14855
13805 20591 1:0 14855
13806 17179 1:0 14855
13806 20605 1:0 14855
13815 16712 21:0 13847
13850 16721 21:0 13853
13860 16723 21:0 13863
13870 16726 21:0 13892
13898 16744 21:0 13903
13900 20589 1:0 14938
13901 20587 1:0 14945
13901 20585 1:0 14949
13901 15 1:0 14949
13909 16748 21:0 13912
13910 17204 1:0 14955
13910 20586 1:0 14956
13910 17207 1:0 14961
13910 20565 1:0 14961
13910 20578 1:0 14971
13910 7 1:0 14989
13910 20564 1:0 14989
13910 17225 1:0 14989
13910 20572 1:0 14989
13910 20574 1:0 14989
13910 337 1:0 15040
13910 3 1:0 15040
13913 338 1:0 15067
13916 321 1:0 16424
13916 319 1:0 16429
13919 16751 21:0 13943
13946 16769 21:0 13978
13981 16778 21:0 13984
13991 16780 21:0 13994
14001 16783 21:0 14023
14029 16801 21:0 14034
14040 16805 21:0 14043
14050 16808 21:0 14074
14077 16826 21:0 14109
14112 16835 21:0 14115
14122 16837 21:0 14125
14132 16840 21:0 14154
14160 16858 21:0 14165
14171 16862 21:0 14174
14181 16865 21:0 14205
14208 16883 21:0 14240
14243 16892 21:0 14246
14253 16894 21:0 14256
14263 16897 21:0 14285
14291 16915 21:0 14296
14302 16919 21:0 14305
14312 16922 21:0 14336
14339 16940 21:0 14371
14374 16949 21:0 14377
14384 16951 21:0 14387
14394 16954 21:0 14416
14422 16972 21:0 14427
14433 16976 21:0 14436
14443 16979 21:0 14467
14470 16997 21:0 14502
14505 17006 21:0 14508
14515 17008 21:0 14518
14525 17011 21:0 14547
14553 17029 21:0 14558
14564 17033 21:0 14567
14574 17036 21:0 14598
14601 17054 21:0 14633
14636 17063 21:0 14639
14646 17065 21:0 14649
14656 17068 21:0 14678
14684 17086 21:0 14689
14695 17090 21:0 14698
14705 17093 21:0 14729
14732 17111 21:0 14764
14767 17120 21:0 14770
14777 17122 21:0 14780
14787 17125 21:0 14809
14815 17143 21:0 14820
14826 17147 21:0 14829
14836 17150 21:0 14860
14863 17168 21:0 14895
14898 17177 21:0 14901
14908 17179 21:0 14911
14918 17182 21:0 14940
14946 17200 21:0 14951
14957 17204 21:0 14960
14967 17207 21:0 14991
14994 17225 21:0 15026
15029 17234 21:0 15032
15039 17236 21:0 15042
15065 337 21:0 15083
15083 5 21:0 15087
15087 22216 21:0 15120
15119 22225 21:0 15120
15119 3 21:0 15120
15120 22224 21:0 15131
15130 22223 21:0 15131
15130 22220 21:0 15131
15130 338 21:0 15136
15135 22222 21:0 15136
15135 22235 21:0 15136
15135 7 21:0 15136
15138 22238 21:0 15159
15158 22239 21:0 15207
15206 22253 21:0 15212
15211 27 21:0 15212
15211 23 21:0 15212
15211 21 21:0 15212
15211 29 21:0 15212
15211 25 21:0 15212
15211 22258 21:0 15212
15211 22268 21:0 15212
15214 22272 21:0 15235
15234 22271 21:0 15283
15282 22291 21:0 15283
15282 43 21:0 15283
15282 45 21:0 15283
15282 17239 21:0 15283
15282 41 21:0 15283
15285 22303 21:0 15293
15292 31 21:0 15293
15292 47 21:0 15293
15293 22306 21:0 15359
15358 22270 21:0 15364
15363 9 21:0 15364
15363 59 21:0 15364
15363 63 21:0 15364
15363 61 21:0 15364
15363 22324 21:0 15364
15363 57 21:0 15364
15366 22337 21:0 15383
15382 22305 21:0 15435
15434 77 21:0 15435
15434 22354 21:0 15435
15434 79 21:0 15437
15436 22357 21:0 15437
15437 22369 21:0 15445
15444 22371 21:0 15495
15494 22338 21:0 15511
15510 22372 21:0 15521
15520 22403 21:0 15543
15542 22273 21:0 15587
15586 101 21:0 15592
15591 22355 21:0 15592
15591 103 21:0 15592
15591 113 21:0 15592
15591 97 21:0 15592
15591 75 21:0 15592
15591 81 21:0 15594
15593 22423 21:0 15594
15593 22390 21:0 15594
15594 22436 21:0 15615
15614 22435 21:0 15663
15662 22438 21:0 15673
15672 22240 21:0 15691
15690 22339 21:0 15739
15738 22405 21:0 15749
15748 22237 21:0 15767
15766 22501 21:0 15815
15814 22471 21:0 15820
15819 22437 21:0 15839
15838 22404 21:0 15891
15890 22503 21:0 15896
15895 22468 21:0 15915
15914 22470 21:0 15967
15966 22336 21:0 15972
15971 22504 21:0 15991
15990 22536 21:0 16043
16042 22537 21:0 16048
16047 22469 21:0 16067
16066 22370 21:0 16119
16118 22304 21:0 16124
16123 22402 21:0 16143
16126 22667 21:0 16126
16129 22669 21:0 16129
16142 22502 21:0 16195
16194 22534 21:0 16200
16199 22535 21:0 16211
16202 22700 21:0 16202
16202 22701 21:0 16202
16205 22702 21:0 16205
16210 22600 21:0 16271
16270 22568 21:0 16276
16273 22732 21:0 16273
16275 22570 21:0 16281
16278 22734 21:0 16278
16278 22733 21:0 16278
16280 22602 21:0 16347
16281 22735 21:0 16281
16346 22567 21:0 16352
16349 22765 21:0 16349
16351 22569 21:0 16357
16354 22766 21:0 16354
16354 22767 21:0 16354
16356 22603 21:0 16423
16357 22768 21:0 16357
16422 22601 21:0 16428
16425 22798 21:0 16425
16427 22633 21:0 16433
16430 22800 21:0 16430
16432 329 1:0 16444
16432 22635 21:0 16486
16462 16215 1:0 16464
16485 22634 21:0 16497
16487 16231 1:0 16490
16493 22800 1:0 16493
16495 16235 1:0 16501
16495 16238 1:0 16511
16495 16256 1:0 16538
16495 16265 1:0 16573
16495 16267 1:0 16583
16495 16270 1:0 16593
16495 16288 1:0 16621
16495 16292 1:0 16632
16495 16295 1:0 16642
16496 22636 21:0 16500
16498 16313 1:0 16669
16498 16322 1:0 16704
16498 16324 1:0 16714
16498 16327 1:0 16724
16498 16345 1:0 16752
16498 16349 1:0 16763
16499 22811 21:0 16500
16499 22668 21:0 16506
16501 16352 1:0 16773
16501 16370 1:0 16800
16501 16379 1:0 16835
16501 16381 1:0 16845
16501 16384 1:0 16855
16501 16402 1:0 16883
16503 22798 1:0 16503
16505 22666 21:0 16534
16533 22699 21:0 16617
16616 22768 1:0 16616
16616 22301 21:0 16617
16616 22215 21:0 16617
16616 11 21:0 16620
16618 16406 1:0 16894
16618 22699 1:0 16895
16618 16409 1:0 16904
16618 16427 1:0 16931
16618 16436 1:0 16966
16618 16438 1:0 16976
16618 16441 1:0 16986
16618 16459 1:0 17014
16618 22668 1:0 17016
16618 16463 1:0 17025
16618 22666 1:0 17026
16618 16466 1:0 17035
16618 16493 1:0 17049
16618 22636 1:0 17056
16618 16498 1:0 17056
16618 16495 1:0 17056
16618 16484 1:0 17056
16618 22634 1:0 17139
16618 16516 1:0 17145
16618 22635 1:0 17147
16618 22633 1:0 17157
16619 16265 21:0 16620
16619 16238 21:0 16620
16619 16235 21:0 16620
16619 16267 21:0 16620
16619 16270 21:0 16620
16623 22766 1:0 16623
16623 16288 21:0 16628
16624 22767 1:0 16624
16625 16520 1:0 17156
16626 16523 1:0 17166
16626 16555 1:0 17168
16626 16550 1:0 17180
16626 16541 1:0 17187
16626 16552 1:0 17187
16626 22601 1:0 17187
16626 22603 1:0 17270
16627 16231 21:0 16628
16627 319 21:0 16628
16627 321 21:0 16631
16630 317 21:0 16631
16630 16215 21:0 16631
16630 16256 21:0 16631
16630 329 21:0 16631
16632 16573 1:0 17276
16632 22602 1:0 17278
16634 22765 1:0 16634
16634 16292 21:0 16637
16635 16577 1:0 17287
16635 22600 1:0 17288
16638 16598 1:0 17318
16638 22569 1:0 17318
16641 16580 1:0 17297
16641 16612 1:0 17299
16641 16609 1:0 17311
16641 16607 1:0 17318
16644 16295 21:0 16668
16661 22570 1:0 17401
16671 16313 21:0 16703
16674 22568 1:0 17408
16706 16322 21:0 16709
16716 16324 21:0 16719
16726 16327 21:0 16748
16747 22735 1:0 16747
16754 22733 1:0 16754
16754 16345 21:0 16759
16755 22734 1:0 16755
16756 16630 1:0 17407
16757 16634 1:0 17418
16757 22567 1:0 17419
16757 16637 1:0 17428
16757 16669 1:0 17449
16757 16655 1:0 17449
16757 22535 1:0 17449
16765 22732 1:0 16765
16765 16349 21:0 16768
16766 16664 1:0 17442
16766 16666 1:0 17449
16766 22537 1:0 17532
16769 22536 1:0 17540
16772 16687 1:0 17538
16775 16352 21:0 16799
16777 22534 1:0 17550
16792 16691 1:0 17549
16802 16370 21:0 16834
16805 22502 1:0 17580
16837 16379 21:0 16840
16847 16381 21:0 16850
16857 16384 21:0 16879
16878 22702 1:0 16878
16885 22700 1:0 16885
16885 16402 21:0 16890
16886 22701 1:0 16886
16887 16694 1:0 17559
16887 16721 1:0 17573
16887 16726 1:0 17580
16887 16712 1:0 17580
16887 16723 1:0 17580
16888 22504 1:0 17663
16888 16744 1:0 17669
16888 22503 1:0 17671
16896 16406 21:0 16899
16897 16748 1:0 17680
16897 22501 1:0 17681
16900 16783 1:0 17692
16900 22469 1:0 17711
16903 16751 1:0 17690
16903 16769 1:0 17692
16903 16778 1:0 17704
16903 16780 1:0 17711
16906 16409 21:0 16930
16908 22471 1:0 17794
16933 16427 21:0 16965
16936 22470 1:0 17802
16968 16436 21:0 16971
16978 16438 21:0 16981
16988 16441 21:0 17010
17009 22669 1:0 17009
17016 22667 1:0 17016
17016 16459 21:0 17021
17018 16801 1:0 17800
17019 16805 1:0 17811
17019 22468 1:0 17812
17019 16835 1:0 17814
17019 16840 1:0 17814
17019 16826 1:0 17814
17019 16808 1:0 17821
17019 22437 1:0 17842
17027 16463 21:0 17030
17028 16837 1:0 17842
17028 16858 1:0 17842
17028 22438 1:0 17925
17031 22436 1:0 17932
17034 61 1:0 17932
17034 16862 1:0 17936
17034 16951 1:0 17936
17034 16997 1:0 17936
17034 17125 1:0 17936
17037 16466 21:0 17061
17054 21 1:0 17942
17054 22435 1:0 17943
17054 16894 1:0 17945
17054 16897 1:0 17945
17055 16892 1:0 17942
17055 16865 1:0 17945
17055 22423 1:0 17945
17055 16883 1:0 17945
17064 16484 21:0 17096
17099 16493 21:0 17102
17109 16495 21:0 17112
17119 16498 21:0 17141
17147 16516 21:0 17152
17149 113 1:0 17973
17149 11 1:0 17973
17149 103 1:0 17973
17149 22404 1:0 17973
17150 22405 1:0 18056
17158 16520 21:0 17161
17159 16915 1:0 18062
17159 22403 1:0 18063
17159 16919 1:0 18067
17159 22402 1:0 18074
17159 101 1:0 18076
17159 17068 1:0 18076
17162 17008 1:0 18076
17162 16940 1:0 18076
17162 16954 1:0 18076
17162 22390 1:0 18076
17162 16949 1:0 18076
17167 22370 1:0 18104
17168 16523 21:0 17192
17170 16976 1:0 18104
17185 16922 1:0 18083
17185 97 1:0 18104
17195 16541 21:0 17227
17198 22372 1:0 18187
17230 16550 21:0 17233
17240 16552 21:0 17243
17250 16555 21:0 17272
17278 16573 21:0 17283
17280 22371 1:0 18195
17281 16972 1:0 18193
17281 17090 1:0 18198
17281 22369 1:0 18205
17281 16979 1:0 18207
17289 16577 21:0 17292
17290 17006 1:0 18207
17290 17011 1:0 18207
17290 22357 1:0 18207
17290 79 1:0 18207
17290 75 1:0 18207
17290 81 1:0 18207
17290 22339 1:0 18235
17290 22355 1:0 18235
17290 22354 1:0 18235
17290 77 1:0 18235
17296 22338 1:0 18318
17299 16580 21:0 17323
17316 22337 1:0 18325
17317 17029 1:0 18324
17324 17036 1:0 18329
17326 16598 21:0 17358
17361 16607 21:0 17364
17371 16609 21:0 17374
17381 16612 21:0 17403
17409 16630 21:0 17414
17411 17065 1:0 18335
17411 17033 1:0 18335
17411 57 1:0 18335
17411 22336 1:0 18336
17411 63 1:0 18338
17412 59 1:0 18335
17412 22324 1:0 18338
17412 17054 1:0 18338
17412 17063 1:0 18366
17412 17093 1:0 18366
17412 17147 1:0 18366
17412 22304 1:0 18366
17420 16634 21:0 17423
17421 22306 1:0 18449
17421 22305 1:0 18457
17424 22301 1:0 18460
17427 17086 1:0 18455
17430 16637 21:0 17454
17432 25 1:0 18466
17432 22303 1:0 18467
17432 17122 1:0 18469
17432 45 1:0 18469
17447 43 1:0 18466
17447 47 1:0 18469
17447 22291 1:0 18469
17447 17111 1:0 18469
17447 41 1:0 18469
17448 17239 1:0 18820
17457 16655 21:0 17489
17492 16664 21:0 17495
17502 16666 21:0 17505
17512 16669 21:0 17534
17540 16687 21:0 17545
17542 22273 1:0 18497
17542 17150 1:0 18497
17542 31 1:0 18497
17542 17120 1:0 18497
17543 22271 1:0 18580
17543 22272 1:0 18588
17551 16691 21:0 17554
17552 17143 1:0 18586
17552 29 1:0 18591
17552 27 1:0 18597
17552 17182 1:0 18597
17552 17179 1:0 18597
17552 23 1:0 18597
17552 22270 1:0 18598
17552 22258 1:0 18600
17552 22268 1:0 18600
17552 17168 1:0 18600
17558 22240 1:0 18628
17560 22215 1:0 18628
17561 16694 21:0 17585
17563 17177 1:0 18628
17563 22253 1:0 18628
17588 16712 21:0 17620
17591 22239 1:0 18711
17623 16721 21:0 17626
17633 16723 21:0 17636
17643 16726 21:0 17665
17671 16744 21:0 17676
17673 22238 1:0 18718
17673 22235 1:0 18722
17674 17200 1:0 18717
17674 17204 1:0 18728
17674 22237 1:0 18729
17674 3 1:0 18734
17674 9 1:0 18734
17674 17225 1:0 18734
17682 16748 21:0 17685
17683 17207 1:0 18734
17683 22222 1:0 18734
17683 22225 1:0 18741
17683 17234 1:0 18752
17683 7 1:0 18759
17683 22220 1:0 18759
17683 22224 1:0 18759
17683 22216 1:0 18759
17683 22223 1:0 18768
17683 5 1:0 18805
17683 17236 1:0 18810
17683 338 1:0 18813
17683 339 1:0 18840
17686 317 1:0 20192
17689 321 1:0 20197
17689 319 1:0 20202
17692 16751 21:0 17716
17719 16769 21:0 17751
17754 16778 21:0 17757
17764 16780 21:0 17767
17774 16783 21:0 17796
17802 16801 21:0 17807
17813 16805 21:0 17816
17823 16808 21:0 17847
17850 16826 21:0 17882
17885 16835 21:0 17888
17895 16837 21:0 17898
17905 16840 21:0 17927
17933 16858 21:0 17938
17944 16862 21:0 17947
17954 16865 21:0 17978
17981 16883 21:0 18013
18016 16892 21:0 18019
18026 16894 21:0 18029
18036 16897 21:0 18058
18064 16915 21:0 18069
18075 16919 21:0 18078
18085 16922 21:0 18109
18112 16940 21:0 18144
18147 16949 21:0 18150
18157 16951 21:0 18160
18167 16954 21:0 18189
18195 16972 21:0 18200
18206 16976 21:0 18209
18216 16979 21:0 18240
18243 16997 21:0 18275
18278 17006 21:0 18281
18288 17008 21:0 18291
18298 17011 21:0 18320
18326 17029 21:0 18331
18337 17033 21:0 18340
18347 17036 21:0 18371
18374 17054 21:0 18406
18409 17063 21:0 18412
18419 17065 21:0 18422
18429 17068 21:0 18451
18457 17086 21:0 18462
18468 17090 21:0 18471
18478 17093 21:0 18502
18505 17111 21:0 18537
18540 17120 21:0 18543
18550 17122 21:0 18553
18560 17125 21:0 18582
18588 17143 21:0 18593
18599 17147 21:0 18602
18609 17150 21:0 18633
18636 17168 21:0 18668
18671 17177 21:0 18674
18681 17179 21:0 18684
18691 17182 21:0 18713
18719 17200 21:0 18724
18730 17204 21:0 18733
18740 17207 21:0 18764
18767 17225 21:0 18799
18802 17234 21:0 18805
18812 17236 21:0 18815
18838 338 21:0 18856
18855 17239 21:0 18868
18867 5 21:0 18888
18887 7 21:0 18888
18887 3 21:0 18888
18888 23871 21:0 18904
18903 23876 21:0 18904
18903 23867 21:0 18904
18903 9 21:0 18904
18903 23866 21:0 18904
18904 11 21:0 18909
18908 23873 21:0 18909
18908 23874 21:0 18909
18911 23890 21:0 18932
18931 23888 21:0 18980
18979 15 21:0 18985
18984 25 21:0 18985
18984 27 21:0 18985
18984 23 21:0 18985
18984 23909 21:0 18985
18984 23893 21:0 18985
18984 23908 21:0 18985
18984 21 21:0 18985
18987 23922 21:0 19008
19007 23924 21:0 19056
19055 45 21:0 19056
19055 41 21:0 19056
19055 39 21:0 19056
19055 43 21:0 19056
19055 23942 21:0 19056
19058 23954 21:0 19066
19065 51 21:0 19066
19065 23939 21:0 19066
19066 23957 21:0 19132
19131 23975 21:0 19132
19131 57 21:0 19132
19131 49 21:0 19132
19131 61 21:0 19132
19131 59 21:0 19132
19131 63 21:0 19132
19134 23987 21:0 19142
19141 23956 21:0 19192
19191 23955 21:0 19208
19207 23973 21:0 19213
19212 24008 21:0 19213
19212 23946 21:0 19213
19212 81 21:0 19213
19212 77 21:0 19213
19212 75 21:0 19213
19212 24005 21:0 19213
19212 79 21:0 19215
19215 24022 21:0 19232
19231 24023 21:0 19284
19283 24031 21:0 19284
19283 95 21:0 19286
19285 24041 21:0 19286
19286 24053 21:0 19294
19293 24055 21:0 19344
19343 23990 21:0 19362
19361 24021 21:0 19370
19369 24074 21:0 19370
19369 111 21:0 19370
19369 24025 21:0 19370
19369 23999 21:0 19370
19370 24089 21:0 19436
19435 23989 21:0 19441
19440 24054 21:0 19460
19459 24056 21:0 19512
19511 24086 21:0 19517
19516 23921 21:0 19522
19521 24121 21:0 19588
19587 24020 21:0 19593
19592 24087 21:0 19598
19597 24154 21:0 19664
19663 23988 21:0 19669
19668 24119 21:0 19674
19673 23923 21:0 19740
19739 24122 21:0 19745
19744 24120 21:0 19750
19749 23889 21:0 19816
19815 24153 21:0 19821
19820 24152 21:0 19826
19825 24155 21:0 19892
19891 24088 21:0 19897
19896 24185 21:0 19902
19901 24186 21:0 19968
19967 23891 21:0 19973
19972 24187 21:0 19978
19977 24188 21:0 20044
19978 24353 21:0 19978
20043 24253 21:0 20049
20046 24383 21:0 20046
20048 24221 21:0 20054
20051 24384 21:0 20051
20051 24385 21:0 20051
20053 24251 21:0 20120
20054 24386 21:0 20054
20119 24218 21:0 20125
20122 24416 21:0 20122
20124 24252 21:0 20130
20127 24417 21:0 20127
20127 24418 21:0 20127
20129 24220 21:0 20196
20130 24419 21:0 20130
20195 24286 21:0 20201
20198 24449 21:0 20198
20200 24287 21:0 20206
20205 329 1:0 20217
20205 24284 21:0 20259
20235 16215 1:0 20237
20258 24285 21:0 20262
20260 16231 1:0 20263
20261 24254 21:0 20273
20267 16235 1:0 20274
20268 16238 1:0 20284
20268 16256 1:0 20311
20268 16265 1:0 20346
20268 16267 1:0 20356
20268 16270 1:0 20366
20268 16288 1:0 20394
20268 16292 1:0 20405
20268 16295 1:0 20415
20268 16313 1:0 20442
20268 16322 1:0 20477
20268 16324 1:0 20487
20268 16327 1:0 20497
20272 24219 21:0 20279
20274 16345 1:0 20525
20274 16349 1:0 20536
20274 16352 1:0 20546
20274 16370 1:0 20548
20274 16381 1:0 20560
20274 16379 1:0 20567
20274 16384 1:0 20567
20276 24449 1:0 20276
20278 24462 21:0 20279
20278 24350 21:0 20282
20281 24318 21:0 20364
20363 24319 21:0 20393
20389 24419 1:0 20389
20392 24320 21:0 20401
20396 24417 1:0 20396
20397 24418 1:0 20397
20400 24317 21:0 20404
20403 24352 21:0 20413
20407 24416 1:0 20407
20412 24351 21:0 20473
20472 24039 21:0 20492
20474 24351 1:0 20650
20474 16402 1:0 20656
20474 24352 1:0 20658
20474 16406 1:0 20667
20474 24350 1:0 20668
20474 16409 1:0 20677
20474 16436 1:0 20691
20474 24320 1:0 20698
20474 16427 1:0 20698
20474 16441 1:0 20698
20474 16438 1:0 20698
20474 24319 1:0 20781
20474 16459 1:0 20787
20474 24318 1:0 20788
20474 16463 1:0 20798
20474 24317 1:0 20799
20474 16466 1:0 20808
20474 16495 1:0 20822
20474 24285 1:0 20829
20474 16484 1:0 20829
20474 16498 1:0 20829
20474 16493 1:0 20829
20474 24287 1:0 20912
20474 16516 1:0 20918
20474 24286 1:0 20920
20474 16520 1:0 20929
20474 24284 1:0 20930
20474 16523 1:0 20939
20474 16541 1:0 20953
20474 16550 1:0 20953
20474 24254 1:0 20960
20474 16555 1:0 20960
20474 16552 1:0 20960
20474 24252 1:0 21043
20474 16573 1:0 21049
20474 24253 1:0 21051
20474 16577 1:0 21060
20474 24251 1:0 21061
20488 16580 1:0 21070
20488 16598 1:0 21072
20488 16607 1:0 21084
20488 16609 1:0 21091
20488 16612 1:0 21091
20488 24219 1:0 21091
20491 67 21:0 20495
20494 24019 21:0 20521
20516 24221 1:0 21174
20520 24386 1:0 20520
20520 85 21:0 20521
20520 16295 21:0 20521
20520 23875 21:0 20524
20523 16270 21:0 20524
20523 16324 21:0 20524
20523 16292 21:0 20524
20523 16288 21:0 20524
20523 16265 21:0 20527
20527 24384 1:0 20527
20527 16345 21:0 20532
20528 24385 1:0 20528
20529 16630 1:0 21180
20529 24220 1:0 21182
20530 16634 1:0 21191
20530 24218 1:0 21192
20531 16235 21:0 20532
20531 16238 21:0 20532
20531 16231 21:0 20535
20533 24188 1:0 21222
20534 319 21:0 20535
20534 321 21:0 20538
20536 16637 1:0 21201
20536 16669 1:0 21203
20536 16664 1:0 21215
20536 16655 1:0 21215
20536 16666 1:0 21222
20538 24383 1:0 20538
20538 16349 21:0 20541
20539 24187 1:0 21305
20539 16687 1:0 21311
20539 24186 1:0 21312
20540 16322 21:0 20541
20540 16256 21:0 20541
20540 16313 21:0 20541
20540 16267 21:0 20541
20540 16327 21:0 20541
20540 317 21:0 20541
20540 16215 21:0 20544
20542 24185 1:0 21323
20543 329 21:0 20544
20545 16691 1:0 21322
20545 17054 1:0 21325
20548 16352 21:0 20572
20550 24155 1:0 21353
20565 16694 1:0 21332
20565 17122 1:0 21335
20566 27 1:0 21335
20566 17006 1:0 21335
20566 16721 1:0 21346
20566 16723 1:0 21353
20566 16726 1:0 21353
20566 16712 1:0 21353
20575 16370 21:0 20607
20610 16379 21:0 20613
20620 16381 21:0 20623
20630 16384 21:0 20652
20651 24353 1:0 20651
20658 16402 21:0 20663
20660 24153 1:0 21436
20661 16744 1:0 21442
20661 24154 1:0 21444
20661 16748 1:0 21447
20669 16406 21:0 20672
20670 24152 1:0 21454
20670 61 1:0 21456
20670 16778 1:0 21456
20670 16751 1:0 21456
20670 45 1:0 21456
20670 16783 1:0 21456
20670 16769 1:0 21456
20670 24120 1:0 21484
20670 16922 1:0 21484
20673 17036 1:0 21484
20673 16780 1:0 21484
20678 24122 1:0 21567
20679 16409 21:0 20703
20697 24121 1:0 21575
20706 16427 21:0 20738
20709 16801 1:0 21573
20709 16919 1:0 21578
20741 16436 21:0 20744
20751 16438 21:0 20754
20761 16441 21:0 20783
20789 16459 21:0 20794
20791 24119 1:0 21585
20791 16826 1:0 21587
20792 16805 1:0 21584
20792 16835 1:0 21587
20792 41 1:0 21587
20792 16840 1:0 21587
20792 21 1:0 21587
20792 16865 1:0 21615
20792 24088 1:0 21615
20800 16463 21:0 20803
20801 16808 1:0 21594
20801 16837 1:0 21615
20801 24089 1:0 21698
20804 24087 1:0 21705
20807 16858 1:0 21704
20807 16972 1:0 21709
20810 16466 21:0 20834
20827 24086 1:0 21716
20827 111 1:0 21718
20828 16862 1:0 21715
20828 16883 1:0 21718
20828 16892 1:0 21718
20828 16894 1:0 21718
20828 16897 1:0 21718
20837 16484 21:0 20869
20872 16493 21:0 20875
20882 16495 21:0 20885
20892 16498 21:0 20914
20920 16516 21:0 20925
20922 24056 1:0 21746
20922 24074 1:0 21746
20922 16979 1:0 21746
20922 17029 1:0 21746
20923 24054 1:0 21829
20931 16520 21:0 20934
20932 16915 1:0 21835
20932 24055 1:0 21837
20932 85 1:0 21840
20932 16949 1:0 21846
20932 24053 1:0 21847
20932 16954 1:0 21849
20932 16940 1:0 21849
20935 17011 1:0 21846
20935 24039 1:0 21849
20935 95 1:0 21849
20935 24041 1:0 21849
20940 24021 1:0 21877
20941 16523 21:0 20965
20943 24031 1:0 21877
20958 24025 1:0 21877
20958 16951 1:0 21877
20968 16541 21:0 21000
21003 16550 21:0 21006
21013 16552 21:0 21016
21023 16555 21:0 21045
21051 16573 21:0 21056
21053 24023 1:0 21960
21054 24022 1:0 21968
21054 67 1:0 21971
21054 24019 1:0 21971
21054 79 1:0 21977
21054 24020 1:0 21978
21054 16997 1:0 21980
21054 77 1:0 21980
21054 81 1:0 21980
21062 16577 21:0 21065
21063 16976 1:0 21977
21063 75 1:0 21980
21063 24008 1:0 21980
21063 24005 1:0 22008
21063 23988 1:0 22008
21063 17008 1:0 22008
21063 23999 1:0 22008
21069 23990 1:0 22091
21072 16580 21:0 21096
21090 23989 1:0 22099
21090 17093 1:0 22102
21099 16598 21:0 21131
21102 17090 1:0 22102
21134 16607 21:0 21137
21144 16609 21:0 21147
21154 16612 21:0 21176
21182 16630 21:0 21187
21184 17063 1:0 22108
21184 17068 1:0 22108
21184 17065 1:0 22108
21184 23987 1:0 22109
21184 63 1:0 22111
21184 57 1:0 22111
21185 17033 1:0 22108
21185 23975 1:0 22111
21185 23955 1:0 22139
21185 49 1:0 22139
21185 23973 1:0 22139
21185 59 1:0 22139
21193 16634 21:0 21196
21194 23957 1:0 22222
21194 23956 1:0 22230
21197 17086 1:0 22228
21200 51 1:0 22233
21203 16637 21:0 21227
21205 23954 1:0 22240
21220 23946 1:0 22242
21220 39 1:0 22242
21220 17111 1:0 22242
21220 17120 1:0 22242
21221 43 1:0 22242
21221 17125 1:0 22242
21230 16655 21:0 21262
21265 16664 21:0 21268
21275 16666 21:0 21278
21285 16669 21:0 21307
21313 16687 21:0 21318
21315 23942 1:0 22270
21315 17147 1:0 22270
21315 23939 1:0 22270
21315 23923 1:0 22270
21316 23924 1:0 22353
21316 23922 1:0 22360
21324 16691 21:0 21327
21325 17143 1:0 22359
21325 17200 1:0 22364
21325 23921 1:0 22371
21325 17182 1:0 22373
21325 17168 1:0 22373
21325 23 1:0 22373
21325 17177 1:0 22373
21325 17150 1:0 22373
21325 25 1:0 22373
21325 17179 1:0 22373
21331 23891 1:0 22401
21333 23893 1:0 22401
21334 16694 21:0 21358
21336 23909 1:0 22401
21336 23908 1:0 22401
21361 16712 21:0 21393
21364 23889 1:0 22484
21396 16721 21:0 21399
21406 16723 21:0 21409
21416 16726 21:0 21438
21444 16744 21:0 21449
21446 23890 1:0 22492
21446 15 1:0 22495
21447 17207 1:0 22495
21447 17204 1:0 22501
21447 23888 1:0 22502
21447 11 1:0 22506
21447 3 1:0 22507
21455 16748 21:0 21458
21456 23875 1:0 22507
21456 9 1:0 22507
21456 17225 1:0 22507
21456 23876 1:0 22514
21456 7 1:0 22525
21456 23867 1:0 22532
21456 23873 1:0 22532
21456 23874 1:0 22532
21456 17234 1:0 22532
21456 23871 1:0 22541
21456 5 1:0 22578
21456 17236 1:0 22583
21456 23866 1:0 22586
21456 17239 1:0 22593
21456 340 1:0 22613
21459 317 1:0 23965
21462 321 1:0 23970
21462 319 1:0 23975
21465 16751 21:0 21489
21492 16769 21:0 21524
21527 16778 21:0 21530
21537 16780 21:0 21540
21547 16783 21:0 21569
21575 16801 21:0 21580
21586 16805 21:0 21589
21596 16808 21:0 21620
21623 16826 21:0 21655
21658 16835 21:0 21661
21668 16837 21:0 21671
21678 16840 21:0 21700
21706 16858 21:0 21711
21717 16862 21:0 21720
21727 16865 21:0 21751
21754 16883 21:0 21786
21789 16892 21:0 21792
21799 16894 21:0 21802
21809 16897 21:0 21831
21837 16915 21:0 21842
21848 16919 21:0 21851
21858 16922 21:0 21882
21885 16940 21:0 21917
21920 16949 21:0 21923
21930 16951 21:0 21933
21940 16954 21:0 21962
21968 16972 21:0 21973
21979 16976 21:0 21982
21989 16979 21:0 22013
22016 16997 21:0 22048
22051 17006 21:0 22054
22061 17008 21:0 22064
22071 17011 21:0 22093
22099 17029 21:0 22104
22110 17033 21:0 22113
22120 17036 21:0 22144
22147 17054 21:0 22179
22182 17063 21:0 22185
22192 17065 21:0 22195
22202 17068 21:0 22224
22230 17086 21:0 22235
22241 17090 21:0 22244
22251 17093 21:0 22275
22278 17111 21:0 22310
22313 17120 21:0 22316
22323 17122 21:0 22326
22333 17125 21:0 22355
22361 17143 21:0 22366
22372 17147 21:0 22375
22382 17150 21:0 22406
22409 17168 21:0 22441
22444 17177 21:0 22447
22454 17179 21:0 22457
22464 17182 21:0 22486
22492 17200 21:0 22497
22503 17204 21:0 22506
22513 17207 21:0 22537
22540 17225 21:0 22572
22575 17234 21:0 22578
22585 17236 21:0 22588
22611 339 21:0 22629
22629 5 21:0 22633
22633 25518 21:0 22666
22665 25525 21:0 22677
22676 25527 21:0 22677
22676 3 21:0 22677
22676 7 21:0 22677
22676 25537 21:0 22677
22676 25517 21:0 22677
22679 25539 21:0 22687
22686 11 21:0 22687
22686 25538 21:0 22687
22687 25542 21:0 22753
22752 25540 21:0 22758
22757 25541 21:0 22777
22776 25572 21:0 22829
22828 25575 21:0 22834
22833 25593 21:0 22834
22833 21 21:0 22834
22833 39 21:0 22836
22835 25560 21:0 22836
22836 25607 21:0 22857
22856 25608 21:0 22905
22904 25559 21:0 22910
22909 63 21:0 22910
22909 17239 21:0 22910
22909 43 21:0 22910
22909 61 21:0 22910
22909 59 21:0 22910
22909 25621 21:0 22910
22909 25591 21:0 22910
22909 41 21:0 22910
22909 25 21:0 22910
22909 25626 21:0 22910
22909 23 21:0 22912
22912 25639 21:0 22929
22928 25638 21:0 22981
22980 25606 21:0 22986
22985 81 21:0 22986
22985 79 21:0 22986
22985 77 21:0 22986
22985 25659 21:0 22986
22988 25672 21:0 23005
23004 25671 21:0 23057
23056 25673 21:0 23062
23061 93 21:0 23062
23061 97 21:0 23064
23064 25705 21:0 23081
23080 25640 21:0 23133
23132 115 21:0 23133
23132 75 21:0 23133
23132 111 21:0 23133
23132 117 21:0 23133
23132 95 21:0 23135
23134 25692 21:0 23135
23134 25725 21:0 23135
23135 25737 21:0 23143
23142 45 21:0 23143
23142 25702 21:0 23143
23142 25735 21:0 23143
23143 25740 21:0 23209
23208 25704 21:0 23214
23213 25573 21:0 23233
23232 25771 21:0 23285
23284 25738 21:0 23290
23289 25674 21:0 23295
23294 25706 21:0 23361
23360 25605 21:0 23366
23365 25707 21:0 23371
23370 25739 21:0 23437
23436 25772 21:0 23442
23441 25770 21:0 23447
23446 25641 21:0 23513
23512 25805 21:0 23518
23517 25838 21:0 23523
23522 25806 21:0 23589
23588 25837 21:0 23594
23593 25836 21:0 23599
23598 25804 21:0 23665
23664 25574 21:0 23670
23669 25839 21:0 23675
23674 25773 21:0 23741
23740 25902 21:0 23746
23745 25872 21:0 23751
23748 26002 21:0 23748
23748 26003 21:0 23748
23750 25871 21:0 23817
23751 26004 21:0 23751
23816 25870 21:0 23822
23819 26034 21:0 23819
23821 25869 21:0 23827
23824 26035 21:0 23824
23824 26036 21:0 23824
23826 25803 21:0 23893
23827 26037 21:0 23827
23892 25903 21:0 23898
23895 26067 21:0 23895
23897 25904 21:0 23903
23900 26068 21:0 23900
23900 26069 21:0 23900
23902 25905 21:0 23969
23903 26070 21:0 23903
23968 25936 21:0 23974
23971 26100 21:0 23971
23973 25938 21:0 23979
23978 329 1:0 23990
23978 25935 21:0 24032
24008 16215 1:0 24010
24031 25937 21:0 24035
24033 16231 1:0 24036
24034 25971 21:0 24046
24040 16235 1:0 24047
24040 16238 1:0 24057
24041 16256 1:0 24084
24041 16265 1:0 24119
24041 16267 1:0 24129
24041 16270 1:0 24139
24041 16288 1:0 24167
24041 16292 1:0 24178
24041 16295 1:0 24188
24041 16313 1:0 24215
24041 16322 1:0 24250
24041 16324 1:0 24260
24041 16327 1:0 24270
24041 16345 1:0 24298
24045 25970 21:0 24052
24047 16349 1:0 24309
24047 16352 1:0 24319
24047 16370 1:0 24346
24047 16379 1:0 24381
24047 16381 1:0 24391
24047 16384 1:0 24401
24047 16402 1:0 24429
24049 26100 1:0 24049
24051 25969 21:0 24055
24054 25968 21:0 24137
24136 26001 21:0 24166
24162 26070 1:0 24162
24165 16265 21:0 24166
24165 16267 21:0 24166
24165 16238 21:0 24166
24165 113 21:0 24166
24165 26113 21:0 24166
24165 340 21:0 24166
24167 16406 1:0 24440
24167 26001 1:0 24441
24167 16409 1:0 24450
24167 16427 1:0 24452
24167 16438 1:0 24464
24167 25969 1:0 24471
24167 16436 1:0 24471
24167 16441 1:0 24471
24167 25971 1:0 24554
24167 16459 1:0 24560
24167 25970 1:0 24562
24167 16463 1:0 24571
24167 25968 1:0 24572
24167 16466 1:0 24581
24167 16493 1:0 24595
24167 16495 1:0 24602
24167 16498 1:0 24602
24167 16484 1:0 24602
24167 25937 1:0 24602
24167 25938 1:0 24685
24169 26068 1:0 24169
24169 16288 21:0 24174
24170 26069 1:0 24170
24171 16516 1:0 24691
24171 25936 1:0 24692
24172 16520 1:0 24702
24172 25935 1:0 24703
24173 329 21:0 24174
24173 16215 21:0 24174
24173 16256 21:0 24174
24173 16270 21:0 24174
24173 16235 21:0 24174
24175 16541 1:0 24733
24175 25905 1:0 24733
24180 26067 1:0 24180
24180 16292 21:0 24183
24181 16523 1:0 24712
24181 16552 1:0 24726
24181 16555 1:0 24733
24181 16550 1:0 24733
24181 25904 1:0 24816
24187 16573 1:0 24822
24187 25903 1:0 24823
24190 16295 21:0 24214
24207 25902 1:0 24834
24208 16577 1:0 24833
24217 16313 21:0 24249
24252 16322 21:0 24255
24262 16324 21:0 24265
24272 16327 21:0 24294
24293 26037 1:0 24293
24300 26035 1:0 24300
24300 16345 21:0 24305
24301 26036 1:0 24301
24302 16580 1:0 24843
24302 16598 1:0 24857
24302 16609 1:0 24857
24302 16612 1:0 24857
24302 16607 1:0 24864
24302 25870 1:0 24864
24303 25872 1:0 24947
24303 25871 1:0 24955
24311 26034 1:0 24311
24311 16349 21:0 24314
24312 16630 1:0 24953
24312 16634 1:0 24964
24312 25869 1:0 24965
24318 16637 1:0 24974
24318 16664 1:0 24988
24318 16655 1:0 24988
24318 16669 1:0 24988
24318 25839 1:0 24995
24318 16666 1:0 24995
24321 16352 21:0 24345
24338 25837 1:0 25078
24348 16370 21:0 24380
24383 16379 21:0 24386
24393 16381 21:0 24396
24403 16384 21:0 24425
24424 26004 1:0 24424
24431 26002 1:0 24431
24431 16402 21:0 24436
24432 26003 1:0 24432
24433 16687 1:0 25084
24433 25838 1:0 25086
24434 16691 1:0 25095
24434 25836 1:0 25096
24434 25804 1:0 25126
24434 16726 1:0 25126
24442 16406 21:0 24445
24443 16694 1:0 25105
24443 16712 1:0 25119
24443 16721 1:0 25119
24443 16723 1:0 25126
24443 25806 1:0 25209
24446 25805 1:0 25217
24449 16744 1:0 25215
24452 16409 21:0 24476
24454 25803 1:0 25227
24469 16748 1:0 25226
24479 16427 21:0 24511
24514 16436 21:0 24517
24524 16438 21:0 24527
24534 16441 21:0 24556
24562 16459 21:0 24567
24564 16751 1:0 25236
24564 16778 1:0 25250
24564 16769 1:0 25250
24564 16783 1:0 25250
24564 25773 1:0 25257
24564 16780 1:0 25257
24565 25772 1:0 25340
24565 16801 1:0 25346
24565 25771 1:0 25347
24573 16463 21:0 24576
24574 16805 1:0 25357
24574 25770 1:0 25358
24577 16840 1:0 25388
24577 25739 1:0 25388
24580 16808 1:0 25367
24580 16835 1:0 25381
24580 16826 1:0 25388
24580 16837 1:0 25388
24583 16466 21:0 24607
24600 25740 1:0 25471
24610 16484 21:0 24642
24613 25738 1:0 25478
24645 16493 21:0 24648
24655 16495 21:0 24658
24665 16498 21:0 24687
24693 16516 21:0 24698
24695 16858 1:0 25477
24695 16865 1:0 25482
24696 16862 1:0 25488
24696 25737 1:0 25489
24696 117 1:0 25491
24696 25707 1:0 25519
24704 16520 21:0 24707
24705 25735 1:0 25499
24705 113 1:0 25501
24705 16892 1:0 25501
24705 25725 1:0 25501
24705 111 1:0 25512
24705 16883 1:0 25512
24705 115 1:0 25512
24705 16897 1:0 25519
24705 16894 1:0 25519
24705 25706 1:0 25602
24711 16915 1:0 25608
24711 25705 1:0 25609
24711 16919 1:0 25613
24714 16523 21:0 24738
24732 25704 1:0 25620
24739 16922 1:0 25622
24741 16541 21:0 24773
24776 16550 21:0 24779
24786 16552 21:0 24789
24796 16555 21:0 24818
24824 16573 21:0 24829
24826 25702 1:0 25630
24826 16940 1:0 25631
24826 25674 1:0 25650
24826 93 1:0 25650
24827 16949 1:0 25631
24827 95 1:0 25631
24827 16954 1:0 25643
24827 16951 1:0 25643
24827 25692 1:0 25643
24827 97 1:0 25650
24827 25673 1:0 25733
24835 16577 21:0 24838
24836 16972 1:0 25739
24836 25672 1:0 25740
24836 16976 1:0 25750
24836 25671 1:0 25751
24836 16997 1:0 25753
24842 17006 1:0 25761
24842 77 1:0 25761
24842 81 1:0 25778
24842 25641 1:0 25781
24844 75 1:0 25769
24844 17011 1:0 25778
24845 16580 21:0 24869
24847 16979 1:0 25760
24847 17008 1:0 25769
24847 79 1:0 25778
24847 25659 1:0 25781
24872 16598 21:0 24904
24875 25640 1:0 25864
24907 16607 21:0 24910
24917 16609 21:0 24920
24927 16612 21:0 24949
24955 16630 21:0 24960
24957 25639 1:0 25871
24957 17033 1:0 25875
24958 17029 1:0 25870
24958 25638 1:0 25882
24958 17036 1:0 25884
24966 16634 21:0 24969
24967 61 1:0 25893
24967 59 1:0 25893
24967 17068 1:0 25893
24967 17054 1:0 25893
24967 25626 1:0 25905
24967 17065 1:0 25905
24967 63 1:0 25912
24967 25606 1:0 25912
24967 17063 1:0 25912
24967 25621 1:0 25912
24970 25608 1:0 25995
24975 25607 1:0 26003
24976 16637 21:0 25000
24978 17086 1:0 26001
24993 17093 1:0 26006
25003 16655 21:0 25035
25038 16664 21:0 25041
25048 16666 21:0 25051
25058 16669 21:0 25080
25086 16687 21:0 25091
25088 17090 1:0 26012
25088 25605 1:0 26013
25088 17111 1:0 26015
25088 23 1:0 26015
25088 17120 1:0 26015
25089 17122 1:0 26023
25089 25 1:0 26023
25089 45 1:0 26023
25089 17125 1:0 26023
25089 43 1:0 26031
25089 41 1:0 26040
25089 39 1:0 26040
25089 25591 1:0 26043
25089 25593 1:0 26043
25089 25574 1:0 26043
25097 16691 21:0 25100
25098 25575 1:0 26126
25098 17143 1:0 26132
25098 25573 1:0 26133
25098 17150 1:0 26137
25104 25572 1:0 26144
25104 17177 1:0 26146
25104 17168 1:0 26146
25104 17179 1:0 26146
25106 17147 1:0 26143
25106 17182 1:0 26146
25106 21 1:0 26146
25107 16694 21:0 25131
25125 25541 1:0 26174
25134 16712 21:0 25166
25137 17200 1:0 26174
25137 25559 1:0 26174
25137 25560 1:0 26174
25169 16721 21:0 25172
25179 16723 21:0 25182
25189 16726 21:0 25211
25217 16744 21:0 25222
25219 25542 1:0 26257
25220 25540 1:0 26264
25220 25538 1:0 26268
25228 16748 21:0 25231
25229 17204 1:0 26274
25229 25539 1:0 26275
25229 11 1:0 26279
25229 340 1:0 26280
25229 17234 1:0 26280
25229 17225 1:0 26280
25229 17207 1:0 26284
25229 25525 1:0 26305
25232 25537 1:0 26285
25232 25527 1:0 26287
25232 7 1:0 26298
25232 5 1:0 26305
25235 25518 1:0 26340
25235 17236 1:0 26356
25235 25517 1:0 26359
25235 3 1:0 26359
25235 17239 1:0 26366
25235 341 1:0 26386
25238 16751 21:0 25262
25265 16769 21:0 25297
25300 16778 21:0 25303
25310 16780 21:0 25313
25320 16783 21:0 25342
25348 16801 21:0 25353
25359 16805 21:0 25362
25369 16808 21:0 25393
25396 16826 21:0 25428
25431 16835 21:0 25434
25441 16837 21:0 25444
25451 16840 21:0 25473
25479 16858 21:0 25484
25490 16862 21:0 25493
25500 16865 21:0 25524
25527 16883 21:0 25559
25562 16892 21:0 25565
25572 16894 21:0 25575
25582 16897 21:0 25604
25610 16915 21:0 25615
25621 16919 21:0 25624
25631 16922 21:0 25655
25658 16940 21:0 25690
25693 16949 21:0 25696
25703 16951 21:0 25706
25713 16954 21:0 25735
25741 16972 21:0 25746
25752 16976 21:0 25755
25762 16979 21:0 25786
25789 16997 21:0 25821
25824 17006 21:0 25827
25834 17008 21:0 25837
25844 17011 21:0 25866
25872 17029 21:0 25877
25883 17033 21:0 25886
25893 17036 21:0 25917
25920 17054 21:0 25952
25955 17063 21:0 25958
25965 17065 21:0 25968
25975 17068 21:0 25997
26003 17086 21:0 26008
26014 17090 21:0 26017
26024 17093 21:0 26048
26051 17111 21:0 26083
26086 17120 21:0 26089
26096 17122 21:0 26099
26106 17125 21:0 26128
26134 17143 21:0 26139
26145 17147 21:0 26148
26155 17150 21:0 26179
26182 17168 21:0 26214
26217 17177 21:0 26220
26227 17179 21:0 26230
26237 17182 21:0 26259
26265 17200 21:0 26270
26276 17204 21:0 26279
26286 17207 21:0 26310
26313 17225 21:0 26345
26348 17234 21:0 26351
26358 17236 21:0 26361
26384 340 21:0 26402
26402 5 21:0 26406
26406 7 21:0 26434
26433 17239 21:0 26434
26434 27176 21:0 26450
26449 3 21:0 26450
26449 9 21:0 26450
26449 27177 21:0 26450
26449 341 21:0 26450
26449 27178 21:0 26450
26452 27190 21:0 26460
26459 27189 21:0 26460
26459 15 21:0 26460
26460 27193 21:0 26526
26525 27192 21:0 26531
26530 25 21:0 26531
26530 27 21:0 26531
26530 23 21:0 26531
26530 27211 21:0 26531
26530 21 21:0 26531
26533 27225 21:0 26554
26553 27226 21:0 26602
26601 43 21:0 26602
26601 27244 21:0 26602
26601 45 21:0 26602
26601 41 21:0 26602
26601 39 21:0 26602
26604 27256 21:0 26612
26611 27201 21:0 26612
26611 27206 21:0 26612
26612 27259 21:0 26678
26677 27261 21:0 26678
26677 57 21:0 26678
26677 63 21:0 26678
26677 59 21:0 26678
26677 61 21:0 26678
26677 27277 21:0 26678
26680 27289 21:0 26688
26683 27288 21:0 26683
26687 27258 21:0 26738
26737 27290 21:0 26754
26753 77 21:0 26754
26753 27310 21:0 26754
26753 81 21:0 26754
26753 79 21:0 26756
26756 27322 21:0 26764
26763 27215 21:0 26764
26763 13 21:0 26764
26763 75 21:0 26764
26764 27325 21:0 26830
26829 27324 21:0 26835
26834 27342 21:0 26837
26836 27343 21:0 26837
26837 27356 21:0 26854
26853 27292 21:0 26906
26905 27323 21:0 26916
26915 27224 21:0 26934
26933 27291 21:0 26982
26973 27393 21:0 26973
26981 27389 21:0 26992
26989 27423 21:0 26989
26991 27223 21:0 27010
27009 27388 21:0 27058
27057 27358 21:0 27068
27067 27357 21:0 27082
27081 27257 21:0 27134
27133 27355 21:0 27139
27138 27455 21:0 27158
27141 27488 21:0 27141
27157 27424 21:0 27210
27209 27456 21:0 27215
27214 27422 21:0 27234
27231 27531 21:0 27231
27233 27391 21:0 27286
27242 27532 21:0 27242
27285 27490 21:0 27291
27288 27553 21:0 27288
27290 27390 21:0 27310
27293 27554 21:0 27293
27293 27555 21:0 27293
27296 27556 21:0 27296
27298 27545 21:0 27298
27309 27520 21:0 27362
27353 27558 21:0 27353
27361 27454 21:0 27367
27364 27586 21:0 27364
27366 27521 21:0 27386
27369 27588 21:0 27369
27369 27587 21:0 27369
27372 27589 21:0 27372
27385 27522 21:0 27438
27437 27421 21:0 27443
27440 27619 21:0 27440
27442 27489 21:0 27462
27445 27620 21:0 27445
27461 27523 21:0 27514
27513 85 21:0 27514
27513 27268 21:0 27519
27516 27652 21:0 27516
27518 27168 21:0 27519
27518 27188 21:0 27519
27518 27487 21:0 27534
27521 27654 21:0 27521
27521 27653 21:0 27521
27524 27655 21:0 27524
27533 27622 21:0 27590
27589 27621 21:0 27595
27592 27685 21:0 27592
27594 27457 21:0 27600
27597 27686 21:0 27597
27597 27687 21:0 27597
27599 27191 21:0 27666
27600 27688 21:0 27600
27665 27202 21:0 27666
27665 27453 21:0 27671
27667 27191 1:0 27724
27667 27457 1:0 27745
27668 27718 21:0 27668
27670 27376 21:0 27671
27670 113 21:0 27671
27670 167 21:0 27671
27670 219 21:0 27671
27670 259 21:0 27671
27670 241 21:0 27671
27670 117 21:0 27671
27670 203 21:0 27671
27670 147 21:0 27671
27670 185 21:0 27671
27670 133 21:0 27671
27670 99 21:0 27671
27670 97 21:0 27671
27670 135 21:0 27671
27670 27475 21:0 27671
27670 183 21:0 27671
27670 27459 21:0 27671
27670 275 21:0 27673
27672 151 21:0 27676
27673 27719 21:0 27673
27673 27720 21:0 27673
27675 131 21:0 27676
27675 221 21:0 27676
27675 237 21:0 27676
27675 243 21:0 27676
27675 225 21:0 27676
27675 27508 21:0 27676
27675 27607 21:0 27676
27675 27574 21:0 27676
27675 223 21:0 27676
27675 169 21:0 27676
27675 207 21:0 27676
27675 95 21:0 27676
27675 115 21:0 27676
27675 277 21:0 27676
27675 27673 21:0 27676
27675 27442 21:0 27676
27675 239 21:0 27676
27675 187 21:0 27676
27675 149 21:0 27676
27675 201 21:0 27676
27675 171 21:0 27676
27675 261 21:0 27676
27675 111 21:0 27676
27675 257 21:0 27676
27675 189 21:0 27676
27675 153 21:0 27685
27676 27721 21:0 27676
27684 129 21:0 27690
27689 27541 21:0 27690
27689 165 21:0 27690
27689 93 21:0 27690
27689 27409 21:0 27690
27689 205 21:0 27690
27689 255 21:0 27698
27697 27640 21:0 27698
27697 273 21:0 27726
27725 295 21:0 27726
27725 293 21:0 27726
27725 279 21:0 27726
27725 297 21:0 27731
27730 27739 21:0 27731
27730 27706 21:0 27731
27730 313 21:0 27731
27730 311 21:0 27731
27730 353 21:0 27731
27730 291 21:0 27731
27744 27751 21:0 27744
27746 27621 1:0 27771
27751 329 1:0 27763
27751 27459 1:0 27771
27751 27453 1:0 27771
27766 16256 1:0 27771
27766 16215 1:0 27771
27772 27764 21:0 27782
27772 27622 1:0 27816
27782 329 21:0 27802
27801 16215 21:0 27815
27817 27487 1:0 27827
27825 16235 1:0 27827
27825 27202 1:0 27827
27828 27523 1:0 27836
27832 27751 1:0 27832
27834 16270 1:0 27836
27834 12927 1:0 27836
27834 12933 1:0 27836
27834 16238 1:0 27836
27837 12935 1:0 27864
27837 12939 1:0 27864
27837 12940 1:0 27864
27862 12928 1:0 27864
27862 12934 1:0 27864
27862 353 1:0 27864
27862 311 1:0 27864
27862 16265 1:0 27864
27862 313 1:0 27864
27862 27739 1:0 27864
27865 12937 1:0 27905
27888 353 21:0 27898
27900 12931 1:0 27905
27900 16267 1:0 27905
27900 12932 1:0 27905
27906 12938 1:0 27918
27916 12929 1:0 27918
27916 12930 1:0 27918
27919 12936 1:0 27985
27961 12930 21:0 27986
27991 12936 21:0 28036
28035 27721 1:0 28035
28035 12937 21:0 28036
28035 12938 21:0 28036
28035 16292 1:0 28037
28035 16288 1:0 28037
28035 291 1:0 28037
28035 297 1:0 28037
28035 16313 1:0 28037
28035 12940 21:0 28039
28038 12939 21:0 28039
28038 12935 21:0 28039
28038 12934 21:0 28044
28038 27489 1:0 28048
28042 27719 1:0 28042
28043 27720 1:0 28043
28043 12928 21:0 28047
28046 319 21:0 28047
28046 12927 21:0 28047
28046 12933 21:0 28047
28046 321 21:0 28047
28046 16349 1:0 28048
28046 16345 1:0 28048
28046 317 21:0 28050
28049 12931 21:0 28050
28049 12929 21:0 28050
28049 12932 21:0 28050
28049 309 21:0 28050
28049 311 21:0 28050
28049 313 21:0 28050
28049 315 21:0 28050
28049 27421 1:0 28057
28053 27718 1:0 28053
28055 16295 1:0 28057
28055 16327 1:0 28057
28055 13075 1:0 28057
28055 13080 1:0 28057
28058 13082 1:0 28085
28058 13085 1:0 28085
28058 13084 1:0 28085
28083 16322 1:0 28085
28083 13074 1:0 28085
28083 13081 1:0 28085
28083 353 1:0 28085
28083 27706 1:0 28085
28083 295 1:0 28085
28083 293 1:0 28085
28086 13086 1:0 28126
28109 353 21:0 28119
28121 13078 1:0 28126
28121 13076 1:0 28126
28121 16324 1:0 28126
28127 13087 1:0 28139
28137 13079 1:0 28139
28137 13077 1:0 28139
28140 13083 1:0 28206
28182 13077 21:0 28207
28212 13083 21:0 28257
28235 273 1:0 28258
28235 279 1:0 28258
28235 16370 1:0 28258
28256 27688 1:0 28256
28256 13086 21:0 28257
28256 13087 21:0 28257
28256 16459 1:0 28258
28256 16406 1:0 28258
28256 13082 21:0 28260
28258 27522 1:0 28269
28259 13084 21:0 28260
28259 13085 21:0 28260
28259 13074 21:0 28265
28263 27686 1:0 28263
28264 27687 1:0 28264
28264 13081 21:0 28268
28266 16409 1:0 28269
28266 16352 1:0 28269
28267 299 21:0 28268
28267 303 21:0 28268
28267 13080 21:0 28268
28267 13075 21:0 28268
28267 301 21:0 28271
28269 27521 1:0 28278
28270 291 21:0 28271
28270 293 21:0 28271
28270 295 21:0 28271
28270 13079 21:0 28271
28270 297 21:0 28271
28270 13076 21:0 28271
28270 13078 21:0 28271
28272 291 1:0 1363
28272 293 1:0 1367
28272 295 1:0 1371
28272 297 1:0 1401
28272 13221 1:0 28278
28272 13228 1:0 28278
28272 27673 1:0 28306
28272 16379 1:0 28306
28272 27574 1:0 28969
28272 27541 1:0 29190
28274 27685 1:0 28274
28275 299 1:0 1415
28275 303 1:0 1420
28275 301 1:0 1425
28275 309 1:0 1439
28275 311 1:0 1443
28275 313 1:0 1447
28275 315 1:0 1477
28275 16402 1:0 28278
28275 16384 1:0 28278
28275 13229 1:0 28306
28275 13231 1:0 28306
28275 275 1:0 28306
28275 353 1:0 28306
28275 277 1:0 28306
28275 13234 1:0 28306
28281 317 1:0 1491
28281 13222 1:0 28306
28281 13227 1:0 28306
28281 13232 1:0 28347
28281 13223 1:0 28347
28281 13226 1:0 28347
28281 16381 1:0 28347
28281 27640 1:0 28527
28281 259 1:0 28527
28281 16438 1:0 28527
28283 13224 1:0 28360
28283 13225 1:0 28360
28283 13233 1:0 28360
28286 13230 1:0 28427
28301 16466 1:0 28479
28302 16463 1:0 28479
28314 16441 1:0 28479
28314 261 1:0 28479
28314 255 1:0 28479
28368 27454 1:0 28490
28383 16516 1:0 28490
28384 16637 1:0 28490
28403 13224 21:0 28428
28433 13230 21:0 28478
28444 27520 1:0 28499
28477 27655 1:0 28477
28477 13232 21:0 28478
28477 13233 21:0 28478
28477 13234 21:0 28481
28480 13231 21:0 28481
28480 13229 21:0 28481
28480 13222 21:0 28486
28484 27653 1:0 28484
28485 27654 1:0 28485
28485 13227 21:0 28489
28486 13374 1:0 28499
28486 13375 1:0 28499
28486 16427 1:0 28499
28486 16915 1:0 28499
28486 257 1:0 28527
28486 13380 1:0 28527
28486 13381 1:0 28527
28486 16436 1:0 28565
28486 239 1:0 28748
28487 13376 1:0 28527
28487 13368 1:0 28527
28487 13369 1:0 28527
28487 13373 1:0 28568
28487 13371 1:0 28568
28487 13377 1:0 28568
28487 13370 1:0 28581
28487 13372 1:0 28581
28487 13379 1:0 28581
28487 13378 1:0 28657
28487 243 1:0 28700
28487 237 1:0 28700
28487 17150 1:0 28700
28487 16520 1:0 28700
28488 13226 21:0 28489
28488 13221 21:0 28489
28488 13228 21:0 28489
28488 13225 21:0 28489
28488 13223 21:0 28489
28495 27652 1:0 28495
28496 16484 1:0 28700
28496 17036 1:0 28711
28496 16801 1:0 28711
28496 27390 1:0 28711
28496 13515 1:0 28720
28496 13521 1:0 28720
28502 27490 1:0 28720
28504 16498 1:0 28720
28504 17093 1:0 28720
28507 13523 1:0 28748
28522 13524 1:0 28748
28523 13528 1:0 28748
28535 13516 1:0 28748
28535 13522 1:0 28748
28535 241 1:0 28748
28535 16495 1:0 28748
28535 27607 1:0 28748
28535 16493 1:0 28786
28535 13527 1:0 28789
28535 13517 1:0 28789
28535 13518 1:0 28789
28535 16552 1:0 28969
28576 13526 1:0 28802
28576 13520 1:0 28802
28576 13519 1:0 28802
28584 13525 1:0 28878
28589 17147 1:0 28921
28604 16541 1:0 28921
28604 219 1:0 28921
28604 223 1:0 28969
28604 221 1:0 28969
28605 16862 1:0 28921
28605 225 1:0 28921
28614 13369 21:0 28666
28667 13378 21:0 28699
28667 27391 1:0 28932
28698 13377 21:0 28699
28698 13379 21:0 28699
28698 13381 21:0 28702
28701 13376 21:0 28702
28701 13380 21:0 28702
28701 13368 21:0 28710
28705 27620 1:0 28705
28707 16922 1:0 28932
28707 17204 1:0 28932
28707 13668 1:0 28941
28707 13662 1:0 28941
28707 16523 1:0 28941
28707 13663 1:0 28969
28708 27422 1:0 28941
28708 16555 1:0 28941
28708 13671 1:0 28969
28708 13674 1:0 28969
28708 13670 1:0 28969
28709 13374 21:0 28710
28709 13375 21:0 28710
28709 13372 21:0 28710
28709 13371 21:0 28710
28709 13373 21:0 28710
28709 13370 21:0 28710
28716 27619 1:0 28716
28717 13669 1:0 28969
28717 16550 1:0 29007
28717 13673 1:0 29010
28717 13664 1:0 29010
28717 13666 1:0 29010
28717 13675 1:0 29023
28717 13667 1:0 29023
28717 13665 1:0 29023
28717 13672 1:0 29099
28717 16612 1:0 29142
28717 16865 1:0 29142
28717 201 1:0 29142
28717 207 1:0 29142
28717 16573 1:0 29142
28717 13809 1:0 29162
28717 16607 1:0 29190
28717 205 1:0 29190
28723 27456 1:0 29153
28725 16577 1:0 29153
28728 17200 1:0 29153
28756 27424 1:0 29162
28756 16598 1:0 29162
28797 16580 1:0 29162
28797 13816 1:0 29162
28797 16609 1:0 29190
28797 13815 1:0 29190
28797 13810 1:0 29190
28805 203 1:0 29231
28805 27508 1:0 29411
28805 16666 1:0 29411
28810 13822 1:0 29190
28825 13820 1:0 29190
28826 13819 1:0 29190
28826 13821 1:0 29231
28826 13813 1:0 29231
28826 13811 1:0 29231
28827 189 1:0 29363
28827 183 1:0 29363
28835 13516 21:0 28887
28876 13812 1:0 29244
28876 13814 1:0 29244
28876 13817 1:0 29244
28886 13818 1:0 29311
28888 13525 21:0 28920
28888 13957 1:0 29383
28919 27589 1:0 28919
28919 13527 21:0 28920
28919 13526 21:0 28920
28919 13528 21:0 28923
28922 13524 21:0 28923
28922 13523 21:0 28923
28922 13522 21:0 28931
28926 27587 1:0 28926
28927 27588 1:0 28927
28928 16655 1:0 29363
28928 16748 1:0 29363
28928 16630 1:0 29363
28928 13956 1:0 29383
28928 16669 1:0 29383
28928 185 1:0 29411
28928 187 1:0 29411
28928 13967 1:0 29411
28928 16664 1:0 29449
28928 13960 1:0 29452
28929 16634 1:0 29374
28929 16919 1:0 29374
28929 27455 1:0 29374
28929 13964 1:0 29411
28930 13518 21:0 28931
28930 13519 21:0 28931
28930 13520 21:0 28931
28930 13517 21:0 28931
28930 13521 21:0 28931
28930 13515 21:0 28931
28937 27586 1:0 28937
28938 27355 1:0 29383
28938 16979 1:0 29383
28938 13969 1:0 29411
28938 13963 1:0 29411
28938 13962 1:0 29411
28938 13968 1:0 29452
28938 13961 1:0 29452
28938 27475 1:0 29632
28938 16723 1:0 29632
28944 13965 1:0 29465
28944 13958 1:0 29465
28944 13959 1:0 29465
28944 13966 1:0 29541
28944 16691 1:0 29584
28944 165 1:0 29584
28946 16712 1:0 29584
28946 171 1:0 29584
28946 16721 1:0 29632
28946 169 1:0 29632
28949 16687 1:0 29584
28977 27257 1:0 29595
29018 16805 1:0 29595
29018 27188 1:0 29595
29034 27558 1:0 29034
29047 27357 1:0 29604
29048 16694 1:0 29604
29056 13663 21:0 29108
29097 16726 1:0 29604
29097 14103 1:0 29604
29097 14104 1:0 29604
29097 14110 1:0 29632
29107 14116 1:0 29632
29109 13672 21:0 29141
29109 14106 1:0 29673
29109 14108 1:0 29673
29109 167 1:0 29673
29109 16780 1:0 29853
29140 27556 1:0 29140
29140 13673 21:0 29141
29140 13675 21:0 29141
29140 13674 21:0 29144
29143 13671 21:0 29144
29143 13670 21:0 29144
29143 13669 21:0 29152
29147 27554 1:0 29147
29148 27555 1:0 29148
29149 14109 1:0 29632
29149 14113 1:0 29632
29149 14115 1:0 29632
29149 14114 1:0 29673
29149 153 1:0 29805
29149 16783 1:0 29805
29149 14251 1:0 29825
29150 14105 1:0 29686
29150 14107 1:0 29686
29150 14112 1:0 29686
29150 14111 1:0 29752
29150 147 1:0 29805
29150 16744 1:0 29805
29150 27168 1:0 29805
29150 16769 1:0 29825
29150 14256 1:0 29825
29150 16778 1:0 29853
29150 27442 1:0 29853
29150 151 1:0 29853
29151 13664 21:0 29152
29151 13666 21:0 29152
29151 13662 21:0 29152
29151 13668 21:0 29152
29151 13665 21:0 29152
29151 13667 21:0 29152
29158 27553 1:0 29158
29159 27358 1:0 29816
29159 16751 1:0 29816
29159 17033 1:0 29816
29159 27388 1:0 29825
29165 27177 1:0 29825
29165 14260 1:0 29853
29165 14262 1:0 29853
29167 14263 1:0 29853
29170 14250 1:0 29853
29170 14257 1:0 29853
29170 149 1:0 29894
29170 14252 1:0 29894
29170 27409 1:0 30074
29170 16837 1:0 30074
29170 133 1:0 30074
29173 27545 1:0 29173
29185 14261 1:0 29894
29185 14255 1:0 29894
29186 14258 1:0 29907
29186 14254 1:0 29907
29186 14253 1:0 29907
29198 14259 1:0 29974
29198 93 1:0 30023
29223 27532 1:0 29223
29239 17090 1:0 30026
29239 129 1:0 30026
29239 17086 1:0 30026
29239 135 1:0 30026
29247 16840 1:0 30026
29250 27531 1:0 29250
29268 27389 1:0 30037
29269 16826 1:0 30046
29269 14397 1:0 30046
29269 14403 1:0 30046
29287 13812 21:0 29312
29317 13818 21:0 29362
29318 341 1:0 30037
29328 17207 1:0 30037
29361 13817 21:0 29362
29361 13821 21:0 29362
29361 13820 21:0 29365
29364 13819 21:0 29365
29364 13822 21:0 29365
29364 13810 21:0 29370
29369 13815 21:0 29373
29370 27291 1:0 30046
29371 16808 1:0 30046
29371 14398 1:0 30074
29371 14405 1:0 30074
29371 14406 1:0 30074
29371 14407 1:0 30074
29371 14404 1:0 30074
29371 131 1:0 30074
29371 16835 1:0 30112
29371 14408 1:0 30115
29371 14400 1:0 30115
29371 14401 1:0 30115
29371 14409 1:0 30128
29371 14402 1:0 30128
29371 14399 1:0 30128
29371 16897 1:0 30244
29371 27376 1:0 30295
29372 13814 21:0 29373
29372 13809 21:0 29373
29372 13811 21:0 29373
29372 13813 21:0 29373
29372 13816 21:0 29373
29380 14410 1:0 30215
29380 16883 1:0 30247
29380 75 1:0 30247
29380 16858 1:0 30247
29380 27189 1:0 30247
29380 111 1:0 30247
29380 27224 1:0 30258
29380 14545 1:0 30267
29386 16972 1:0 30258
29386 17029 1:0 30258
29406 27323 1:0 30267
29407 117 1:0 30267
29407 14544 1:0 30267
29407 115 1:0 30295
29407 14550 1:0 30295
29419 85 1:0 30267
29419 14554 1:0 30295
29460 14552 1:0 30295
29460 14553 1:0 30295
29468 14551 1:0 30295
29473 113 1:0 30295
29473 16892 1:0 30295
29473 16894 1:0 30336
29473 39 1:0 30465
29473 97 1:0 30516
29473 16949 1:0 30516
29473 16951 1:0 30516
29473 27343 1:0 30516
29488 14556 1:0 30336
29488 14549 1:0 30336
29488 14548 1:0 30336
29489 14557 1:0 30349
29489 14547 1:0 30349
29489 14546 1:0 30349
29489 14555 1:0 30426
29498 13957 21:0 29550
29551 13966 21:0 29583
29582 13965 21:0 29583
29582 13968 21:0 29583
29582 13969 21:0 29586
29585 13967 21:0 29586
29585 13964 21:0 29586
29585 13963 21:0 29594
29589 27488 1:0 29589
29591 27356 1:0 30472
29592 17011 1:0 30479
29592 27292 1:0 30479
29592 16940 1:0 30479
29592 16954 1:0 30479
29592 99 1:0 30488
29592 27325 1:0 30488
29592 27342 1:0 30488
29593 13959 21:0 29594
29593 13956 21:0 29594
29593 13960 21:0 29594
29593 13961 21:0 29594
29593 13958 21:0 29594
29593 13962 21:0 29594
29601 14691 1:0 30488
29601 14697 1:0 30488
29601 14702 1:0 30516
29601 14704 1:0 30516
29601 14701 1:0 30516
29601 14698 1:0 30516
29601 14692 1:0 30516
29601 14700 1:0 30557
29601 95 1:0 30557
29601 14694 1:0 30557
29601 14695 1:0 30557
29601 14703 1:0 30570
29601 14696 1:0 30570
29601 14693 1:0 30570
29601 14699 1:0 30636
29601 81 1:0 30686
29601 14844 1:0 30709
29601 77 1:0 30737
29601 27310 1:0 30737
29601 17008 1:0 30737
29609 27324 1:0 30694
29612 16976 1:0 30697
29627 15 1:0 30697
29628 14839 1:0 30709
29628 16997 1:0 30709
29628 14838 1:0 30737
29681 27322 1:0 30704
29710 27290 1:0 30709
29711 14851 1:0 30737
29742 14107 21:0 29755
29754 14105 21:0 29761
29760 14846 1:0 30737
29762 14111 21:0 29804
29762 79 1:0 30737
29770 14847 1:0 30737
29803 14112 21:0 29804
29803 14114 21:0 29804
29803 14115 21:0 29807
29806 14113 21:0 29807
29806 14116 21:0 29807
29806 14110 21:0 29812
29811 14109 21:0 29815
29812 14845 1:0 30737
29812 17006 1:0 30775
29812 14850 1:0 30778
29812 14841 1:0 30778
29812 14840 1:0 30778
29812 14849 1:0 30791
29812 14842 1:0 30791
29812 14843 1:0 30791
29812 14848 1:0 30867
29812 17054 1:0 30907
29812 61 1:0 30958
29813 27268 1:0 30910
29813 13 1:0 30910
29813 63 1:0 30910
29813 17068 1:0 30910
29813 17111 1:0 30910
29813 27289 1:0 30921
29813 14986 1:0 30930
29813 14991 1:0 30930
29814 14103 21:0 29815
29814 14106 21:0 29815
29814 14108 21:0 29815
29814 14104 21:0 29815
29822 17143 1:0 30921
29822 27215 1:0 30921
29822 57 1:0 30930
29822 27261 1:0 30930
29822 27259 1:0 30930
29822 27277 1:0 30958
29822 17063 1:0 30958
29822 59 1:0 30958
29822 14992 1:0 30958
29822 14985 1:0 30958
29822 17065 1:0 30999
29828 14997 1:0 30958
29828 14998 1:0 30958
29828 14995 1:0 30958
29830 14994 1:0 30999
29833 14989 1:0 30999
29833 14990 1:0 30999
29833 45 1:0 31128
29833 15139 1:0 31151
29848 14993 1:0 31012
29848 14987 1:0 31012
29848 14988 1:0 31012
29849 14996 1:0 31089
29902 27258 1:0 31136
29915 27206 1:0 31139
29930 27176 1:0 31139
29963 14254 21:0 29977
29980 14259 21:0 30025
29981 27256 1:0 31146
29991 15132 1:0 31151
29991 17125 1:0 31151
29991 27244 1:0 31179
29991 43 1:0 31179
29991 41 1:0 31179
29991 17120 1:0 31179
29991 15133 1:0 31179
29991 27211 1:0 31400
30024 14258 21:0 30025
30024 14261 21:0 30025
30024 14263 21:0 30028
30027 14260 21:0 30028
30027 14262 21:0 30028
30027 14257 21:0 30033
30032 27423 1:0 30032
30032 14250 21:0 30036
30033 27226 1:0 31151
30034 15138 1:0 31179
30034 15144 1:0 31179
30034 15142 1:0 31179
30034 15143 1:0 31179
30034 15141 1:0 31220
30034 15136 1:0 31220
30034 15137 1:0 31220
30034 17122 1:0 31220
30034 15140 1:0 31233
30034 15135 1:0 31233
30034 15134 1:0 31233
30034 15145 1:0 31320
30034 17177 1:0 31400
30035 14253 21:0 30036
30035 14256 21:0 30036
30035 14251 21:0 30036
30035 14255 21:0 30036
30035 14252 21:0 30036
30043 27225 1:0 31357
30043 17182 1:0 31363
30043 27223 1:0 31363
30043 27 1:0 31363
30049 17168 1:0 31363
30049 15286 1:0 31372
30049 21 1:0 31372
30049 15285 1:0 31372
30054 27193 1:0 31372
30069 27201 1:0 31372
30070 15287 1:0 31400
30082 15289 1:0 31400
30082 15288 1:0 31400
30123 16215 1:0 31397
30123 17179 1:0 31400
30123 25 1:0 31400
30123 15279 1:0 31400
30123 15280 1:0 31400
30123 15290 1:0 31441
30123 15283 1:0 31441
30131 23 1:0 31441
30131 15282 1:0 31441
30136 15281 1:0 31454
30136 15292 1:0 31454
30136 15284 1:0 31454
30139 27393 1:0 30139
30151 15291 1:0 31540
30152 9 1:0 31570
30152 15430 1:0 31662
30152 15428 1:0 31675
30152 15429 1:0 31675
30161 14398 21:0 30213
30212 14402 21:0 30220
30221 14410 21:0 30246
30245 14409 21:0 30246
30245 14408 21:0 30249
30248 14405 21:0 30249
30248 14406 21:0 30249
30248 14407 21:0 30253
30252 14404 21:0 30257
30254 27192 1:0 31578
30254 24462 1:0 31581
30254 3 1:0 31581
30254 27764 1:0 31581
30254 329 1:0 31581
30254 26113 1:0 31581
30255 27190 1:0 31588
30255 15427 1:0 31590
30255 17239 1:0 31590
30255 22811 1:0 31590
30255 21160 1:0 31590
30255 17225 1:0 31590
30255 15432 1:0 31593
30255 17858 1:0 31593
30255 19509 1:0 31593
30255 15433 1:0 31593
30255 334 1:0 31593
30255 15426 1:0 31593
30256 14399 21:0 30257
30256 14397 21:0 30257
30256 14401 21:0 30257
30256 14400 21:0 30257
30256 14403 21:0 30257
30264 17234 1:0 31618
30264 15434 1:0 31621
30264 27178 1:0 31621
30264 7 1:0 31621
30264 15439 1:0 31621
30264 5 1:0 31621
30264 16207 1:0 31621
30264 15438 1:0 31621
30264 15435 1:0 31662
30264 17236 1:0 31662
30264 15431 1:0 31662
30264 15436 1:0 31675
30264 15437 1:0 31752
30264 15528 1:0 31763
30264 15529 1:0 31803
30392 14547 21:0 30417
30416 14546 21:0 30424
30423 14549 21:0 30429
30432 14555 21:0 30467
30466 14557 21:0 30467
30466 14556 21:0 30467
30466 14553 21:0 30470
30469 14554 21:0 30470
30469 14552 21:0 30470
30469 14550 21:0 30478
30477 14544 21:0 30478
30477 14551 21:0 30478
30477 14545 21:0 30478
30477 14548 21:0 30478
30616 14693 21:0 30639
30638 14696 21:0 30645
30646 14699 21:0 30688
30687 14703 21:0 30688
30687 14700 21:0 30688
30687 14701 21:0 30691
30690 14702 21:0 30691
30690 14704 21:0 30691
30690 14698 21:0 30696
30695 14692 21:0 30699
30698 14691 21:0 30699
30698 14695 21:0 30699
30698 14694 21:0 30699
30698 14697 21:0 30699
30824 14839 21:0 30876
30877 14848 21:0 30909
30908 14850 21:0 30909
30908 14849 21:0 30909
30908 14851 21:0 30912
30911 14846 21:0 30912
30911 14847 21:0 30912
30911 14845 21:0 30920
30919 27288 1:0 30919
30919 14838 21:0 30920
30919 14844 21:0 30920
30919 14843 21:0 30920
30919 14841 21:0 30920
30919 14842 21:0 30920
30919 14840 21:0 30920
31055 14988 21:0 31080
31079 14987 21:0 31087
31086 14989 21:0 31092
31095 14996 21:0 31130
31129 14994 21:0 31130
31129 14993 21:0 31130
31129 14995 21:0 31133
31132 14997 21:0 31133
31132 14998 21:0 31133
31132 14992 21:0 31141
31140 14990 21:0 31141
31140 14991 21:0 31141
31140 14986 21:0 31141
31140 14985 21:0 31141
31299 15138 21:0 31325
31326 15145 21:0 31351
31350 15140 21:0 31351
31350 15141 21:0 31354
31353 15142 21:0 31354
31353 15143 21:0 31354
31353 15144 21:0 31358
31357 15133 21:0 31362
31361 15139 21:0 31362
31361 15137 21:0 31362
31361 15132 21:0 31362
31361 15136 21:0 31362
31361 15134 21:0 31362
31361 15135 21:0 31362
31490 15279 21:0 31541
31540 15281 21:0 31547
31550 15291 21:0 31572
31571 15292 21:0 31572
31571 15290 21:0 31575
31574 15287 21:0 31575
31574 15289 21:0 31575
31574 15288 21:0 31580
31579 15280 21:0 31583
31582 15284 21:0 31583
31582 15282 21:0 31583
31582 15283 21:0 31583
31582 15285 21:0 31583
31582 15286 21:0 31583
31718 15429 21:0 31743
31742 15428 21:0 31750
31749 15430 21:0 31755
31758 15437 21:0 151
