149 15436 0:0 151
150 15435 0:0 151
150 15438 0:0 151
150 15437 0:0 151
150 15433 0:0 151
150 15439 0:0 151
154 15432 0:0 155
154 15427 0:0 155
158 341 0:0 187
158 15426 21:0 187
205 15633 21:0 213
212 15635 0:0 213
212 15634 21:0 279
277 15636 0:0 279
281 15666 0:0 284
286 15668 21:0 355
288 15667 0:0 289
353 15669 0:0 355
357 15699 21:0 365
364 15700 0:0 365
364 15701 0:0 365
365 15702 21:0 436
438 15733 21:0 507
440 15734 0:0 441
505 15735 0:0 507
509 15765 21:0 517
516 15767 21:0 583
581 15768 0:0 583
585 15798 0:0 588
590 15800 21:0 651
592 15799 0:0 593
651 15801 0:0 659
661 15831 0:0 664
666 15832 21:0 735
668 15833 0:0 669
669 15834 0:0 691
737 15864 21:0 745
744 15866 0:0 745
744 15865 21:0 811
809 15867 0:0 811
813 15897 0:0 816
818 15899 21:0 887
820 15898 0:0 821
885 15900 0:0 887
889 15930 0:0 892
894 15932 21:0 963
896 15931 0:0 897
961 15933 0:0 963
965 15963 21:0 973
972 15965 0:0 973
972 15964 21:0 1039
1037 15966 0:0 1039
1041 15996 0:0 1044
1046 15997 21:0 1111
1048 15998 0:0 1049
1111 15999 0:0 1115
1117 16029 21:0 1125
1124 16030 0:0 1125
1124 16031 21:0 1191
1189 16032 0:0 1191
1193 16062 21:0 1201
1200 16064 21:0 1267
1269 16095 21:0 1277
1276 16097 0:0 1277
1276 16096 21:0 1343
1350 16129 21:0 1419
1352 16130 0:0 1353
1417 16131 0:0 1419
1421 16161 21:0 1429
1428 16162 21:0 1495
1525 16207 21:0 1535
1563 16162 1:0 1682
1564 16161 1:0 1692
1564 16131 1:0 1798
1572 16129 1:0 1804
1572 16130 1:0 1805
1582 16096 1:0 1926
1685 16097 1:0 1927
1686 16095 1:0 1936
1694 16064 1:0 2049
1694 16062 1:0 2058
1700 16032 1:0 2164
1719 16031 1:0 2171
1807 16030 1:0 2170
1808 16029 1:0 2180
1816 15999 1:0 2286
1816 15997 1:0 2292
1822 15998 1:0 2293
1929 15996 1:0 2302
1930 15966 1:0 2408
1930 15964 1:0 2414
1938 15965 1:0 2415
1944 15963 1:0 2424
1962 15933 1:0 2530
2051 15932 1:0 2537
2052 15931 1:0 2536
2060 16463 21:0 2062
2060 15930 1:0 2546
2060 15900 1:0 2652
2066 15899 1:0 2659
2084 15898 1:0 2658
2173 15897 1:0 2668
2174 15867 1:0 2774
2182 15865 1:0 2780
2182 15866 1:0 2781
2188 15864 1:0 2790
2295 15834 1:0 2896
2296 15832 1:0 2902
2296 15833 1:0 2903
2304 15831 1:0 2912
2310 15801 1:0 3018
2328 15800 1:0 3025
2417 15799 1:0 3024
2418 15798 1:0 3034
2426 16634 21:0 2428
2426 15768 1:0 3140
2426 15767 1:0 3147
2432 15765 1:0 3156
2450 15735 1:0 3262
2538 16687 21:0 2542
2539 15733 1:0 3268
2540 15734 1:0 3269
2548 15702 1:0 3384
2548 15700 1:0 3390
2554 15701 1:0 3391
2573 15699 1:0 3400
2661 15669 1:0 3506
2662 15668 1:0 3513
2670 15667 1:0 3512
2670 15666 1:0 3522
2676 15636 1:0 3628
2783 15634 1:0 3634
2784 15635 1:0 3635
2784 15633 1:0 3644
2792 335 1:0 3748
2904 16858 21:0 2908
3036 16919 21:0 3038
3148 16972 21:0 3152
3167 16979 21:0 3189
3402 17090 21:0 3404
3746 334 21:0 3796
3796 17267 21:0 3812
3811 17262 21:0 3812
3814 17284 0:0 3817
3819 17285 21:0 3888
3821 17286 0:0 3822
3886 17287 0:0 3888
3887 17276 21:0 3888
3890 17317 21:0 3898
3897 17319 0:0 3898
3897 17318 0:0 3898
3898 17320 21:0 3969
3968 17350 21:0 3974
3973 17352 0:0 3974
3973 17351 0:0 3974
3974 17353 21:0 4045
4044 17383 21:0 4050
4049 17384 0:0 4050
4049 17385 21:0 4116
4114 17386 0:0 4116
4115 17382 21:0 4121
4118 17416 0:0 4121
4120 17342 21:0 4121
4123 17417 21:0 4181
4125 17418 0:0 4126
4180 17419 0:0 4192
4180 17381 21:0 4192
4191 17361 21:0 4192
4191 17309 21:0 4197
4194 17449 0:0 4197
4196 17295 21:0 4197
4199 17451 21:0 4264
4201 17450 0:0 4202
4263 17448 21:0 4268
4264 17452 0:0 4268
4267 17394 21:0 4268
4270 17482 21:0 4278
4277 17483 0:0 4278
4277 17484 21:0 4344
4278 17485 0:0 4300
4346 17515 21:0 4354
4353 17517 0:0 4354
4353 17516 21:0 4420
4418 17518 0:0 4420
4420 155 21:0 4425
4422 17548 0:0 4425
4424 123 21:0 4425
4427 17550 21:0 4493
4429 17549 0:0 4430
4492 17551 0:0 4496
4492 17513 21:0 4496
4495 17501 21:0 4496
4496 173 21:0 4501
4498 17581 0:0 4501
4500 159 21:0 4501
4503 17583 21:0 4561
4505 17582 0:0 4506
4560 137 21:0 4572
4560 17584 0:0 4572
4571 17527 21:0 4572
4574 17614 21:0 4582
4581 17615 0:0 4582
4581 17616 21:0 4648
4646 17617 0:0 4648
4647 17625 21:0 4653
4650 17647 0:0 4653
4652 17432 21:0 4653
4655 17649 21:0 4724
4657 17648 0:0 4658
4722 17650 0:0 4724
4726 17680 21:0 4734
4733 17681 0:0 4734
4733 17682 21:0 4800
4798 17683 0:0 4800
4802 17713 21:0 4810
4809 17715 0:0 4810
4809 17714 21:0 4876
4874 17716 0:0 4876
4878 17746 21:0 4886
4885 17748 0:0 4886
4885 17747 21:0 4952
4950 17749 0:0 4952
4954 17779 21:0 4962
4961 17781 0:0 4962
4961 17780 21:0 5028
5026 17782 0:0 5028
5030 17812 21:0 5038
5037 17813 0:0 5038
5037 17814 21:0 5104
5103 17815 21:0 5114
5134 17858 21:0 5144
5175 17815 1:0 5296
5176 17814 1:0 5304
5185 17813 1:0 5303
5185 17812 1:0 5314
5191 17782 1:0 5427
5211 17780 1:0 5434
5306 17781 1:0 5435
5307 17779 1:0 5445
5307 17749 1:0 5558
5316 17747 1:0 5565
5316 17748 1:0 5566
5324 17746 1:0 5576
5327 16463 1:0 5689
5437 17716 1:0 5689
5438 17714 1:0 5696
5438 17715 1:0 5697
5447 17713 1:0 5707
5447 17683 1:0 5820
5453 17682 1:0 5828
5474 17681 1:0 5827
5568 17680 1:0 5838
5569 17650 1:0 5951
5578 17648 1:0 5958
5578 17649 1:0 5959
5584 17647 1:0 5969
5584 16634 1:0 6053
5604 17617 1:0 6082
5605 17625 1:0 6061
5699 17616 1:0 6090
5700 17615 1:0 6089
5709 17614 1:0 6100
5709 17584 1:0 6213
5709 16687 1:0 6213
5715 17583 1:0 6221
5735 17582 1:0 6220
5830 17581 1:0 6231
5830 173 1:0 6235
5831 17551 1:0 6344
5840 17549 1:0 6351
5840 17550 1:0 6352
5840 159 1:0 6357
5846 17548 1:0 6362
5846 155 1:0 6366
5848 17527 1:0 6427
5879 17518 1:0 6475
5961 17516 1:0 6482
5962 17517 1:0 6483
5970 16577 21:0 5973
5971 17515 1:0 6493
5971 137 1:0 6497
5971 17513 1:0 6503
5971 17501 1:0 6526
5971 123 1:0 6577
5971 16858 1:0 6606
5977 17485 1:0 6606
5980 16580 21:0 6004
5997 17484 1:0 6614
6092 17483 1:0 6613
6093 17482 1:0 6624
6093 17452 1:0 6737
6093 17448 1:0 6737
6102 17450 1:0 6744
6102 17451 1:0 6745
6110 17449 1:0 6755
6113 16919 1:0 6754
6128 17432 1:0 6794
6223 16972 1:0 6868
6223 17419 1:0 6868
6224 17417 1:0 6875
6233 17418 1:0 6876
6233 17416 1:0 6886
6233 16979 1:0 6895
6233 17394 1:0 6919
6233 17361 1:0 6970
6241 17386 1:0 6999
6244 17382 1:0 6999
6354 17385 1:0 7007
6355 17384 1:0 7006
6355 17383 1:0 7017
6355 17381 1:0 7022
6364 17353 1:0 7130
6364 17352 1:0 7138
6372 17351 1:0 7137
6373 16751 21:0 6397
6375 17090 1:0 7141
6403 17350 1:0 7148
6483 16801 21:0 6488
6485 17342 1:0 7153
6486 17320 1:0 7261
6486 17318 1:0 7268
6495 17319 1:0 7269
6495 17317 1:0 7279
6495 17309 1:0 7294
6501 17287 1:0 7392
6503 17295 1:0 7371
6534 17285 1:0 7399
6616 17286 1:0 7400
6617 17284 1:0 7410
6617 17276 1:0 7425
6617 17262 1:0 7440
6626 17267 1:0 7449
6626 336 1:0 7521
6766 16922 21:0 6790
7028 17036 21:0 7052
7400 17200 21:0 7405
7519 335 21:0 7569
7587 18935 21:0 7595
7594 18936 0:0 7595
7594 18937 21:0 7661
7659 18938 0:0 7661
7661 29 21:0 7666
7663 18968 0:0 7666
7665 13 21:0 7666
7668 18970 21:0 7737
7670 18969 0:0 7671
7735 18971 0:0 7737
7736 18984 21:0 7737
7739 19001 0:0 7742
7744 19003 21:0 7813
7746 19002 0:0 7747
7811 19004 0:0 7813
7812 49 21:0 7813
7812 19021 21:0 7813
7815 19034 21:0 7823
7820 19036 0:0 7823
7822 19035 0:0 7823
7823 19037 21:0 7889
7888 19054 0:0 7889
7891 19067 21:0 7899
7898 19068 0:0 7899
7898 19069 21:0 7965
7963 19070 0:0 7965
7967 19100 21:0 7975
7974 19102 0:0 7975
7974 19101 21:0 8041
8039 19103 0:0 8041
8043 19133 21:0 8051
8050 19135 0:0 8051
8050 19134 0:0 8051
8051 19136 21:0 8122
8121 19166 21:0 8127
8126 19167 0:0 8127
8126 19168 21:0 8193
8191 19169 0:0 8193
8195 19199 21:0 8203
8202 159 0:0 8203
8202 19200 0:0 8203
8202 19201 0:0 8203
8203 19202 21:0 8269
8268 121 21:0 8274
8271 19232 0:0 8274
8273 19053 21:0 8274
8276 19234 21:0 8334
8278 19233 0:0 8279
8333 19235 0:0 8345
8333 141 21:0 8345
8344 19119 21:0 8345
8347 19265 21:0 8355
8354 19267 0:0 8355
8354 19266 21:0 8421
8367 19257 0:0 8369
8419 19268 0:0 8421
8420 19283 21:0 8426
8423 19298 0:0 8426
8425 19045 21:0 8426
8428 19299 21:0 8497
8430 19300 0:0 8431
8495 19301 0:0 8497
8496 19125 21:0 8497
8496 123 21:0 8497
8499 19331 21:0 8507
8506 19333 0:0 8507
8506 19332 21:0 8573
8561 19350 0:0 8562
8571 19334 0:0 8573
8575 19364 21:0 8583
8582 19366 0:0 8583
8582 19365 21:0 8649
8647 19367 0:0 8649
8651 19397 21:0 8659
8658 19398 0:0 8659
8658 19399 21:0 8725
8723 19400 0:0 8725
8727 19430 21:0 8735
8734 19432 0:0 8735
8734 19431 21:0 8801
8799 19433 0:0 8801
8803 19463 21:0 8811
8810 19465 0:0 8811
8810 19464 21:0 8877
8875 19466 0:0 8877
8876 19382 21:0 8882
8881 19363 21:0 8882
8881 101 21:0 8887
8886 19218 21:0 8887
8886 19211 21:0 8902
8907 19509 21:0 8917
8948 19466 1:0 9069
8949 19464 1:0 9076
8958 19465 1:0 9077
8958 19463 1:0 9087
8964 19433 1:0 9200
8984 19431 1:0 9207
9079 19432 1:0 9208
9080 19430 1:0 9218
9080 19400 1:0 9331
9089 19398 1:0 9338
9089 19399 1:0 9339
9097 19397 1:0 9349
9100 19382 1:0 9388
9210 19363 1:0 9462
9210 19367 1:0 9462
9211 19365 1:0 9469
9211 19366 1:0 9470
9220 19364 1:0 9480
9220 19350 1:0 9519
9226 19334 1:0 9593
9231 19332 1:0 9600
9341 19333 1:0 9601
9342 19331 1:0 9611
9342 19301 1:0 9724
9351 19299 1:0 9731
9351 19300 1:0 9732
9357 19298 1:0 9742
9359 16577 1:0 9741
9362 16580 1:0 9751
9377 19283 1:0 9781
9472 19268 1:0 9855
9473 19266 1:0 9862
9473 19267 1:0 9863
9482 19265 1:0 9873
9482 19257 1:0 9888
9488 19235 1:0 9986
9493 19234 1:0 9994
9603 19233 1:0 9993
9603 19211 1:0 10006
9604 19232 1:0 10004
9604 19218 1:0 10009
9613 19202 1:0 10117
9613 19201 1:0 10125
9619 19200 1:0 10124
9619 159 1:0 10130
9622 16523 21:0 9646
9639 19199 1:0 10135
9640 16751 1:0 10144
9640 16801 1:0 10219
9734 19169 1:0 10248
9734 141 1:0 10248
9735 19168 1:0 10256
9744 19167 1:0 10255
9744 19166 1:0 10266
9750 19136 1:0 10379
9750 121 1:0 10381
9753 16580 21:0 9777
9771 19134 1:0 10386
9865 19135 1:0 10387
9865 123 1:0 10390
9866 19133 1:0 10397
9866 19125 1:0 10412
9866 19119 1:0 10436
9875 19103 1:0 10510
9875 19101 1:0 10517
9881 19102 1:0 10518
9902 19100 1:0 10528
9914 101 1:0 10532
9996 16922 1:0 10537
9997 19070 1:0 10641
9997 19045 1:0 10641
9997 19069 1:0 10649
10005 16691 21:0 10008
10006 19068 1:0 10648
10006 19067 1:0 10659
10009 19053 1:0 10664
10012 19054 1:0 10665
10017 19037 1:0 10772
10127 19035 1:0 10779
10128 19036 1:0 10780
10128 19034 1:0 10790
10128 17036 1:0 10799
10137 19021 1:0 10820
10137 19004 1:0 10903
10137 49 1:0 10903
10143 19003 1:0 10911
10163 19002 1:0 10910
10258 19001 1:0 10921
10258 18984 1:0 10960
10259 18971 1:0 11034
10268 18969 1:0 11041
10268 18970 1:0 11042
10274 18968 1:0 11052
10274 29 1:0 11056
10274 17200 1:0 11136
10295 18938 1:0 11165
10307 13 1:0 11165
10389 18937 1:0 11173
10390 18936 1:0 11172
10390 337 1:0 11294
10399 18935 1:0 11183
10408 16865 21:0 10432
10791 17033 21:0 10794
10922 17090 21:0 10925
11063 17150 21:0 11087
11292 336 21:0 11342
11342 20571 21:0 11358
11360 20586 21:0 11365
11365 20588 0:0 11368
11365 20587 0:0 11368
11368 20589 21:0 11439
11438 20619 0:0 11439
11438 20591 21:0 11439
11441 20620 21:0 11510
11443 20621 0:0 11444
11508 20622 0:0 11510
11509 20624 21:0 11510
11512 20652 21:0 11520
11519 20653 0:0 11520
11519 20654 0:0 11520
11520 20655 21:0 11591
11590 20685 21:0 11596
11595 20687 0:0 11596
11595 20686 0:0 11596
11596 20688 21:0 11667
11666 20718 21:0 11672
11669 20719 0:0 11672
11671 20720 0:0 11672
11672 20721 21:0 11743
11742 87 21:0 11743
11742 83 21:0 11743
11742 20751 0:0 11743
11745 20753 21:0 11803
11747 20752 0:0 11748
11802 103 21:0 11814
11802 20754 0:0 11814
11813 101 21:0 11814
11816 20784 21:0 11824
11823 20785 0:0 11824
11823 20786 21:0 11890
11888 20787 0:0 11890
11889 20802 21:0 11895
11892 20817 0:0 11895
11894 20651 21:0 11895
11897 20818 21:0 11966
11899 20819 0:0 11900
11964 20820 0:0 11966
11965 141 21:0 11966
11965 20644 21:0 11966
11968 20850 21:0 11976
11975 20852 0:0 11976
11975 20851 21:0 12042
12040 20853 0:0 12042
12041 20738 21:0 12047
12044 20883 0:0 12047
12046 20743 21:0 12047
12049 20885 21:0 12118
12051 20884 0:0 12052
12116 20886 0:0 12118
12117 20888 21:0 12118
12117 20816 21:0 12118
12117 20650 21:0 12123
12120 20916 0:0 12123
12122 121 21:0 12123
12125 20918 21:0 12183
12127 20917 0:0 12128
12182 20919 0:0 12194
12182 20935 21:0 12194
12196 20949 21:0 12204
12203 20951 0:0 12204
12203 20950 21:0 12270
12268 20952 0:0 12270
12272 20982 21:0 12280
12279 20983 0:0 12280
12279 20984 21:0 12346
12344 20985 0:0 12346
12348 21015 21:0 12356
12355 21017 0:0 12356
12355 21016 21:0 12422
12420 21018 0:0 12422
12424 21048 21:0 12432
12431 21050 0:0 12432
12431 21049 21:0 12498
12496 21051 0:0 12498
12500 21081 21:0 12508
12507 21083 0:0 12508
12507 21082 21:0 12574
12572 21084 0:0 12574
12576 21114 21:0 12584
12583 21116 0:0 12584
12583 21115 21:0 12650
12648 21117 0:0 12650
12652 21147 21:0 12660
12680 21160 21:0 12690
12721 21147 1:0 12729
12722 21117 1:0 12842
12731 21115 1:0 12849
12731 21116 1:0 12850
12737 21114 1:0 12860
12757 21084 1:0 12973
12852 21082 1:0 12980
12853 21083 1:0 12981
12853 21081 1:0 12991
12862 21051 1:0 13104
12862 21049 1:0 13111
12870 21050 1:0 13112
12901 21048 1:0 13122
12983 21018 1:0 13235
12984 21016 1:0 13242
12993 21017 1:0 13243
12993 21015 1:0 13253
12999 20985 1:0 13366
13019 20984 1:0 13374
13114 20983 1:0 13373
13115 20982 1:0 13384
13115 16523 1:0 13393
13124 20952 1:0 13497
13124 20950 1:0 13504
13130 20951 1:0 13505
13135 20949 1:0 13515
13150 16580 1:0 13524
13151 20935 1:0 13554
13245 20919 1:0 13628
13246 20918 1:0 13636
13255 20917 1:0 13635
13255 20916 1:0 13646
13255 20888 1:0 13743
13261 20886 1:0 13759
13281 20885 1:0 13767
13374 16516 21:0 13379
13376 20884 1:0 13766
13376 16691 1:0 13776
13377 20883 1:0 13777
13377 20853 1:0 13890
13386 20851 1:0 13897
13386 20852 1:0 13898
13394 20850 1:0 13908
13397 20816 1:0 14021
13507 20820 1:0 14021
13508 20818 1:0 14028
13508 20819 1:0 14029
13508 141 1:0 14034
13517 20817 1:0 14039
13517 20802 1:0 14078
13523 20787 1:0 14152
13523 121 1:0 14152
13543 20786 1:0 14160
13638 20785 1:0 14159
13639 20784 1:0 14170
13639 16865 1:0 14179
13639 103 1:0 14283
13648 20754 1:0 14283
13648 20753 1:0 14291
13654 20752 1:0 14290
13654 20738 1:0 14303
13675 20751 1:0 14301
13687 20743 1:0 14303
13769 101 1:0 14305
13770 20721 1:0 14414
13770 20719 1:0 14421
13770 87 1:0 14425
13779 20720 1:0 14422
13779 20718 1:0 14432
13785 83 1:0 14436
13790 20688 1:0 14545
13900 20687 1:0 14553
13901 20686 1:0 14552
13901 17033 1:0 14556
13901 20685 1:0 14563
13910 20655 1:0 14676
13910 20653 1:0 14683
13916 20651 1:0 14687
13916 17090 1:0 14687
13936 20654 1:0 14684
14031 20652 1:0 14694
14031 20650 1:0 14704
14031 20644 1:0 14709
14032 20624 1:0 14791
14032 20622 1:0 14807
14041 20620 1:0 14814
14041 20621 1:0 14815
14041 17150 1:0 14827
14049 20619 1:0 14825
14052 20591 1:0 14830
14067 338 1:0 15067
14162 20589 1:0 14938
14163 20587 1:0 14945
14163 20588 1:0 14946
14172 20586 1:0 14956
14172 20571 1:0 14995
14684 17086 21:0 14689
14695 17090 21:0 14698
14946 17200 21:0 14951
15065 337 21:0 15115
15120 22224 21:0 15131
15133 22237 21:0 15141
15140 22238 0:0 15141
15140 22239 0:0 15141
15141 22240 21:0 15212
15211 29 21:0 15212
15211 22270 0:0 15212
15214 22271 21:0 15283
15216 22272 0:0 15217
15281 22273 0:0 15283
15282 33 21:0 15283
15285 22303 21:0 15293
15290 22304 0:0 15293
15292 22305 0:0 15293
15293 22306 21:0 15364
15363 22336 0:0 15364
15363 65 21:0 15364
15363 51 21:0 15364
15366 22338 21:0 15424
15368 22337 0:0 15369
15423 22339 0:0 15435
15426 22341 21:0 15435
15434 22335 21:0 15435
15437 22369 21:0 15445
15444 22370 0:0 15445
15444 22371 21:0 15511
15509 22372 0:0 15511
15513 22402 21:0 15521
15518 22404 0:0 15521
15518 22403 0:0 15521
15521 22405 21:0 15592
15591 103 21:0 15592
15591 22435 0:0 15592
15591 22323 21:0 15592
15594 22437 21:0 15663
15596 22436 0:0 15597
15661 22438 0:0 15663
15662 22433 21:0 15663
15662 22348 21:0 15663
15662 22387 21:0 15668
15665 22468 0:0 15668
15667 22453 21:0 15668
15670 22470 21:0 15739
15672 22469 0:0 15673
15737 22471 0:0 15739
15738 22355 21:0 15739
15738 22460 21:0 15739
15741 22501 21:0 15749
15748 22502 0:0 15749
15748 22503 21:0 15815
15813 22504 0:0 15815
15815 173 21:0 15820
15817 22534 0:0 15820
15819 22288 21:0 15820
15822 22536 21:0 15880
15824 22535 0:0 15825
15879 22537 0:0 15891
15882 22539 21:0 15891
15890 22553 21:0 15891
15890 22533 21:0 15896
15893 22567 0:0 15896
15895 22488 21:0 15896
15898 22569 21:0 15956
15900 22568 0:0 15901
15955 22579 21:0 15967
15955 22570 0:0 15967
15966 22586 21:0 15967
15969 22600 21:0 15977
15976 22601 0:0 15977
15976 22602 21:0 16043
16041 22603 0:0 16043
16045 22633 21:0 16053
16052 22635 0:0 16053
16052 22634 21:0 16119
16117 22636 0:0 16119
16121 22666 21:0 16129
16128 22667 0:0 16129
16128 22668 21:0 16195
16193 22669 0:0 16195
16197 22699 21:0 16205
16204 22701 0:0 16205
16204 22700 21:0 16271
16269 22702 0:0 16271
16273 22732 21:0 16281
16280 22733 0:0 16281
16280 22734 21:0 16347
16345 22735 0:0 16347
16349 22765 21:0 16357
16356 22766 0:0 16357
16356 22767 21:0 16423
16422 22768 21:0 16433
16453 22811 21:0 16463
16462 123 21:0 16486
16485 22484 21:0 16486
16494 22768 1:0 16615
16495 22767 1:0 16623
16504 22766 1:0 16622
16504 22765 1:0 16633
16510 22735 1:0 16746
16530 22734 1:0 16754
16625 22733 1:0 16753
16626 22732 1:0 16764
16626 22702 1:0 16877
16635 22700 1:0 16884
16635 22701 1:0 16885
16643 22699 1:0 16895
16644 16295 21:0 16668
16662 22669 1:0 17008
16669 12934 1:0 27896
16756 22668 1:0 17016
16757 22667 1:0 17015
16766 22666 1:0 17026
16766 16516 1:0 17139
16766 22636 1:0 17139
16772 22634 1:0 17146
16792 22635 1:0 17147
16887 22633 1:0 17157
16888 22603 1:0 17270
16888 22602 1:0 17278
16897 22601 1:0 17277
16897 22600 1:0 17288
16903 22586 1:0 17318
16903 22579 1:0 17353
16923 22570 1:0 17401
17018 22569 1:0 17409
17019 22568 1:0 17408
17019 22567 1:0 17419
17027 16463 21:0 17030
17028 22533 1:0 17449
17028 22553 1:0 17458
17028 22539 1:0 17516
17028 22537 1:0 17532
17034 22536 1:0 17540
17037 16466 21:0 17061
17054 22535 1:0 17539
17149 22534 1:0 17550
17149 173 1:0 17554
17150 22504 1:0 17663
17150 22503 1:0 17671
17159 22502 1:0 17670
17159 22501 1:0 17681
17165 22488 1:0 17711
17165 22484 1:0 17720
17185 22471 1:0 17794
17280 22470 1:0 17802
17281 22469 1:0 17801
17281 22468 1:0 17812
17289 16577 21:0 17292
17290 22460 1:0 17827
17290 22453 1:0 17851
17290 22438 1:0 17925
17296 22437 1:0 17933
17301 22436 1:0 17932
17316 123 1:0 17938
17411 22435 1:0 17943
17411 22433 1:0 17948
17412 22405 1:0 18056
17412 103 1:0 18058
17421 22403 1:0 18063
17421 22404 1:0 18064
17427 22402 1:0 18074
17427 22387 1:0 18113
17448 22372 1:0 18187
17542 22371 1:0 18195
17543 22370 1:0 18194
17552 22369 1:0 18205
17552 22355 1:0 18238
17552 22348 1:0 18238
17552 22335 1:0 18289
17552 22341 1:0 18302
17558 22339 1:0 18318
17563 22338 1:0 18326
17671 16744 21:0 17676
17673 22337 1:0 18325
17673 22323 1:0 18338
17674 22336 1:0 18336
17674 65 1:0 18340
17674 22306 1:0 18449
17682 16748 21:0 17685
17683 17090 1:0 18452
17683 17086 1:0 18455
17683 22304 1:0 18456
17683 51 1:0 18460
17689 22305 1:0 18457
17709 22303 1:0 18467
17710 22288 1:0 18506
17804 22273 1:0 18580
17805 22271 1:0 18587
17814 22272 1:0 18588
17814 33 1:0 18593
17814 22270 1:0 18598
17814 29 1:0 18602
17820 22240 1:0 18711
17841 22238 1:0 18718
17853 17200 1:0 18717
17935 22239 1:0 18719
17936 22237 1:0 18729
17936 22224 1:0 18759
17936 339 1:0 18840
18838 338 21:0 18888
18851 23866 0:0 18852
18906 23888 0:0 18909
18911 23890 21:0 18980
18913 23889 0:0 18914
18978 23891 0:0 18980
18979 23908 21:0 18980
18982 23921 21:0 18990
18987 23923 0:0 18990
18987 23922 0:0 18990
18990 23924 21:0 19061
19060 23954 21:0 19066
19065 23956 0:0 19066
19065 23955 0:0 19066
19066 23957 21:0 19137
19120 23972 0:0 19121
19134 23987 0:0 19137
19136 49 21:0 19137
19136 33 21:0 19137
19139 23989 21:0 19197
19141 23988 0:0 19142
19196 24005 21:0 19208
19196 23990 0:0 19208
19207 31 21:0 19208
19210 24020 21:0 19218
19217 24021 0:0 19218
19217 24022 21:0 19284
19282 24023 0:0 19284
19286 24053 21:0 19294
19291 24055 0:0 19294
19291 24054 0:0 19294
19294 24056 21:0 19365
19364 24040 21:0 19365
19364 24084 21:0 19365
19364 24086 0:0 19365
19367 24087 21:0 19436
19369 24088 0:0 19370
19434 24089 0:0 19436
19435 23966 21:0 19436
19435 23970 21:0 19436
19438 24119 21:0 19446
19445 24118 0:0 19446
19445 24121 0:0 19446
19445 24120 0:0 19446
19446 24122 21:0 19517
19516 24152 21:0 19522
19521 24154 0:0 19522
19521 24153 21:0 19588
19586 24155 0:0 19588
19587 24144 21:0 19593
19590 24185 0:0 19593
19592 24052 21:0 19593
19595 24187 21:0 19653
19597 24186 0:0 19598
19652 24188 0:0 19664
19661 24216 21:0 19664
19663 24196 21:0 19664
19666 24218 21:0 19674
19673 24219 0:0 19674
19673 24220 0:0 19674
19674 24221 21:0 19745
19728 24234 0:0 19729
19744 24251 21:0 19750
19749 24253 0:0 19750
19749 24252 21:0 19816
19814 24254 0:0 19816
19818 24284 21:0 19826
19825 24286 0:0 19826
19825 24285 21:0 19892
19890 24287 0:0 19892
19894 24317 21:0 19902
19901 24319 0:0 19902
19901 24318 21:0 19968
19966 24320 0:0 19968
19970 24350 21:0 19978
19977 24352 0:0 19978
19977 24351 21:0 20044
20042 24353 0:0 20044
20046 24383 21:0 20054
20053 24384 0:0 20054
20053 24385 21:0 20120
20118 24386 0:0 20120
20122 24416 21:0 20130
20129 24417 0:0 20130
20129 24418 21:0 20196
20194 24419 0:0 20196
20195 24256 21:0 20201
20200 24382 21:0 20201
20200 24117 21:0 20206
20205 103 21:0 20206
20226 24462 21:0 20236
20235 157 21:0 20259
20258 24051 21:0 20259
20267 24419 1:0 20388
20268 24418 1:0 20396
20277 24417 1:0 20395
20277 24416 1:0 20406
20277 16295 1:0 20415
20277 24382 1:0 20519
20285 24386 1:0 20519
20316 24385 1:0 20527
20398 24384 1:0 20526
20399 24383 1:0 20537
20408 24353 1:0 20650
20408 24351 1:0 20657
20414 24352 1:0 20658
20434 24350 1:0 20668
20435 16463 1:0 20781
20529 24320 1:0 20781
20530 24318 1:0 20788
20539 24319 1:0 20789
20539 24317 1:0 20799
20539 16466 1:0 20808
20545 24287 1:0 20912
20565 24285 1:0 20919
20660 24286 1:0 20920
20661 24284 1:0 20930
20661 24256 1:0 21014
20670 24254 1:0 21043
20670 16577 1:0 21043
20670 24252 1:0 21050
20676 24253 1:0 21051
20696 24251 1:0 21061
20791 24234 1:0 21096
20791 24221 1:0 21174
20792 24219 1:0 21181
20801 24220 1:0 21182
20801 24218 1:0 21192
20801 24216 1:0 21202
20807 24196 1:0 21284
20807 24188 1:0 21305
20828 24187 1:0 21313
20922 24186 1:0 21312
20923 24185 1:0 21323
20923 157 1:0 21356
20923 16744 1:0 21407
20923 16748 1:0 21436
20931 16520 21:0 20934
20932 24155 1:0 21436
20932 24153 1:0 21443
20938 24154 1:0 21444
20959 24152 1:0 21454
20971 24144 1:0 21459
21053 24122 1:0 21567
21054 24121 1:0 21575
21054 24118 1:0 21578
21063 24120 1:0 21574
21063 24119 1:0 21585
21063 24117 1:0 21595
21071 24089 1:0 21698
21102 24087 1:0 21705
21184 24088 1:0 21706
21185 24086 1:0 21716
21185 24084 1:0 21721
21193 16634 21:0 21196
21194 24056 1:0 21829
21194 103 1:0 21831
21194 24055 1:0 21837
21197 24052 1:0 21840
21202 24054 1:0 21836
21233 24053 1:0 21847
21315 24051 1:0 21857
21315 24040 1:0 21877
21316 24023 1:0 21960
21316 24022 1:0 21968
21324 16691 21:0 21327
21325 24021 1:0 21967
21325 24020 1:0 21978
21328 24005 1:0 22017
21333 23990 1:0 22091
21364 23989 1:0 22099
21446 23988 1:0 22098
21447 23987 1:0 22109
21447 23966 1:0 22111
21447 23970 1:0 22114
21455 16748 21:0 21458
21456 23972 1:0 22144
21456 23957 1:0 22222
21456 49 1:0 22224
21462 23955 1:0 22229
21467 23956 1:0 22230
21575 16801 21:0 21580
21577 23954 1:0 22240
21578 23924 1:0 22353
21578 31 1:0 22355
21578 23923 1:0 22361
21578 33 1:0 22364
21587 23922 1:0 22360
21587 23921 1:0 22371
21593 23908 1:0 22401
21598 23891 1:0 22484
21613 340 1:0 22613
21708 23890 1:0 22492
21709 23889 1:0 22491
21709 23888 1:0 22502
21718 23866 1:0 22594
22513 17207 21:0 22537
22611 339 21:0 22661
22661 25525 21:0 22677
22679 25539 0:0 22682
22684 25540 21:0 22753
22686 25541 0:0 22687
22751 25542 0:0 22753
22752 25557 21:0 22753
22755 25572 21:0 22763
22760 25573 0:0 22763
22760 25574 0:0 22763
22763 25575 21:0 22834
22833 25592 21:0 22834
22833 25605 0:0 22834
22836 25606 21:0 22905
22838 25607 0:0 22839
22903 25608 0:0 22905
22904 25584 21:0 22905
22905 65 21:0 22910
22907 25638 0:0 22910
22909 25604 21:0 22910
22912 25639 21:0 22970
22914 25640 0:0 22915
22969 25641 0:0 22981
22969 25657 21:0 22981
22980 25650 21:0 22981
22980 25643 21:0 22986
22983 25671 0:0 22986
22985 25597 21:0 22986
22988 25673 21:0 23046
22990 25672 0:0 22991
23045 25674 0:0 23057
23046 25691 21:0 23057
23056 87 21:0 23057
23059 25704 21:0 23067
23066 25705 0:0 23067
23066 25706 21:0 23133
23131 25707 0:0 23133
23135 25737 21:0 23143
23140 25739 0:0 23143
23140 25738 0:0 23143
23143 25740 21:0 23214
23213 25770 21:0 23219
23218 25771 0:0 23219
23218 25772 21:0 23285
23283 25773 0:0 23285
23287 25803 21:0 23295
23294 25805 0:0 23295
23294 25804 21:0 23361
23359 25806 0:0 23361
23360 25768 21:0 23366
23363 25836 0:0 23366
23365 25715 21:0 23366
23368 25837 21:0 23426
23370 25838 0:0 23371
23425 25852 21:0 23437
23425 25839 0:0 23437
23436 25801 21:0 23437
23436 119 21:0 23442
23439 25869 0:0 23442
23441 25834 21:0 23442
23444 25871 21:0 23509
23446 25870 0:0 23447
23508 175 21:0 23513
23509 25872 0:0 23513
23512 177 21:0 23513
23515 25902 21:0 23523
23522 25903 0:0 23523
23522 25904 21:0 23589
23587 25905 0:0 23589
23591 25935 21:0 23599
23598 25936 0:0 23599
23598 25937 21:0 23665
23663 25938 0:0 23665
23667 25968 21:0 23675
23674 25969 0:0 23675
23674 25970 21:0 23741
23739 25971 0:0 23741
23743 26001 21:0 23751
23750 26002 0:0 23751
23750 26003 21:0 23817
23815 26004 0:0 23817
23819 26034 21:0 23827
23826 26036 0:0 23827
23826 26035 21:0 23893
23891 26037 0:0 23893
23895 26067 21:0 23903
23902 26068 0:0 23903
23902 26069 21:0 23969
23968 26070 21:0 23979
23999 26113 21:0 24009
24008 281 21:0 24032
24031 25724 21:0 24032
24031 25551 21:0 24035
24040 26070 1:0 24161
24041 26069 1:0 24169
24050 26068 1:0 24168
24050 26067 1:0 24179
24056 26037 1:0 24292
24076 26035 1:0 24299
24171 26036 1:0 24300
24172 26034 1:0 24310
24172 281 1:0 24314
24181 26004 1:0 24423
24181 26003 1:0 24431
24187 26002 1:0 24430
24190 16295 21:0 24214
24192 26001 1:0 24441
24220 25971 1:0 24554
24302 25970 1:0 24562
24303 25969 1:0 24561
24312 25968 1:0 24572
24312 25938 1:0 24685
24312 16520 1:0 24685
24318 25937 1:0 24693
24339 25936 1:0 24692
24433 25935 1:0 24703
24434 25905 1:0 24816
24443 25903 1:0 24823
24443 25904 1:0 24824
24449 25902 1:0 24834
24454 25872 1:0 24947
24564 25871 1:0 24955
24565 25870 1:0 24954
24565 16634 1:0 24964
24565 25869 1:0 24965
24573 16463 21:0 24576
24574 25852 1:0 25004
24574 25839 1:0 25078
24574 175 1:0 25078
24580 25837 1:0 25085
24585 25838 1:0 25086
24600 177 1:0 25091
24695 16691 1:0 25095
24695 25836 1:0 25096
24695 25834 1:0 25106
24696 25806 1:0 25209
24696 16748 1:0 25209
24705 25804 1:0 25216
24705 25805 1:0 25217
24711 25803 1:0 25227
24713 25801 1:0 25237
24716 16801 1:0 25340
24826 25773 1:0 25340
24827 25771 1:0 25347
24827 25772 1:0 25348
24835 16577 21:0 24838
24836 25770 1:0 25358
24836 25768 1:0 25363
24836 25740 1:0 25471
24842 25738 1:0 25478
24863 25739 1:0 25479
24957 25737 1:0 25489
24957 119 1:0 25493
24958 25724 1:0 25519
24958 25715 1:0 25581
24958 25707 1:0 25602
24967 25705 1:0 25609
24967 25706 1:0 25610
24975 25704 1:0 25620
24978 25691 1:0 25650
25088 25674 1:0 25733
25089 25672 1:0 25740
25089 25673 1:0 25741
25089 87 1:0 25746
25098 25671 1:0 25751
25098 25650 1:0 25781
25098 25657 1:0 25790
25104 25643 1:0 25848
25104 25641 1:0 25864
25125 25639 1:0 25871
25219 25640 1:0 25872
25220 25638 1:0 25882
25220 65 1:0 25886
25220 25604 1:0 25995
25229 25608 1:0 25995
25229 25606 1:0 26002
25235 25607 1:0 26003
25237 25584 1:0 26015
25238 16751 21:0 25262
25240 25597 1:0 26015
25268 25605 1:0 26013
25350 25592 1:0 26018
25351 25575 1:0 26126
25351 25574 1:0 26134
25360 25573 1:0 26133
25360 25572 1:0 26144
25360 25551 1:0 26174
25366 25557 1:0 26183
25371 25542 1:0 26257
25481 25540 1:0 26264
25482 25541 1:0 26265
25482 25539 1:0 26275
25482 17207 1:0 26284
25491 25525 1:0 26314
25491 341 1:0 26386
25491 12927 1:0 27896
25621 16919 21:0 25624
26003 17086 21:0 26008
26384 340 21:0 26434
26434 27173 21:0 26450
26452 27190 0:0 26455
26457 27191 21:0 26526
26459 27192 0:0 26460
26524 27193 0:0 26526
26525 27195 21:0 26526
26525 27206 21:0 26531
26528 27223 0:0 26531
26533 27225 21:0 26602
26535 27224 0:0 26536
26600 27226 0:0 26602
26604 27256 21:0 26612
26611 27257 0:0 26612
26611 27258 0:0 26612
26612 27259 21:0 26683
26682 27289 21:0 26688
26687 27290 0:0 26688
26687 27291 0:0 26688
26688 27292 21:0 26756
26756 27322 21:0 26764
26761 27324 0:0 26764
26761 27323 0:0 26764
26764 27325 21:0 26835
26834 27355 21:0 26840
26839 27357 0:0 26840
26839 27356 21:0 26906
26904 27358 0:0 26906
26908 27388 21:0 26916
26915 27389 0:0 26916
26915 27390 21:0 26982
26980 27391 0:0 26982
26984 27421 21:0 26992
26991 27422 0:0 26992
26991 27423 0:0 26992
26992 27424 21:0 27063
27062 123 21:0 27063
27062 69 21:0 27063
27062 27454 0:0 27063
27065 27456 21:0 27123
27067 27455 0:0 27068
27122 27399 21:0 27134
27122 27457 0:0 27134
27133 27353 21:0 27134
27133 27373 21:0 27139
27136 27487 0:0 27139
27138 27485 21:0 27139
27141 27488 21:0 27199
27143 27489 0:0 27144
27198 27360 21:0 27210
27198 27490 0:0 27210
27209 27371 21:0 27210
27209 27426 21:0 27215
27212 27520 0:0 27215
27214 65 21:0 27215
27217 27521 21:0 27277
27219 27522 0:0 27220
27276 27523 0:0 27286
27276 27538 21:0 27286
27285 27333 21:0 27286
27288 27553 21:0 27296
27295 27555 0:0 27296
27295 27554 21:0 27362
27360 27556 0:0 27362
27364 27586 21:0 27372
27371 27587 0:0 27372
27371 27588 21:0 27438
27436 27589 0:0 27438
27440 27619 21:0 27448
27447 27620 0:0 27448
27447 27621 21:0 27514
27512 27622 0:0 27514
27516 27652 21:0 27524
27523 27654 0:0 27524
27523 27653 21:0 27590
27588 27655 0:0 27590
27589 27672 0:0 27590
27592 27685 21:0 27600
27599 27686 0:0 27600
27599 27687 21:0 27666
27664 27688 0:0 27666
27668 27718 21:0 27676
27675 27720 0:0 27676
27675 27719 21:0 27742
27740 27721 0:0 27742
27744 27751 21:0 27752
27751 27267 21:0 27779
27775 12928 1:0 27905
27778 27420 21:0 27815
27814 27531 21:0 27815
27814 27459 21:0 27818
27823 27751 1:0 27831
27824 27721 1:0 27906
27824 12933 1:0 27915
27824 12940 1:0 28005
27824 13080 1:0 28117
27824 13081 1:0 28117
27833 12931 1:0 27964
27833 12935 1:0 27984
27833 12936 1:0 27985
27833 12937 1:0 27994
27833 12938 1:0 27995
27833 12939 1:0 28004
27839 27719 1:0 28041
27844 27720 1:0 28042
27872 27718 1:0 28052
27913 16295 1:0 28061
27913 13075 1:0 28126
27913 13074 1:0 28136
27913 13221 1:0 28357
27942 27688 1:0 28137
27943 13082 1:0 28205
27992 13083 1:0 28206
28002 13084 1:0 28215
28011 12940 21:0 28036
28012 13085 1:0 28216
28034 12938 0:0 28036
28034 12939 0:0 28036
28035 12935 0:0 28036
28035 12937 0:0 28036
28035 12936 0:0 28036
28035 12933 21:0 28036
28035 12931 21:0 28036
28035 12928 21:0 28036
28035 12934 21:0 28036
28035 12927 21:0 28039
28044 13086 1:0 28225
28044 13087 1:0 28226
28045 27686 1:0 28262
28045 27687 1:0 28263
28054 27685 1:0 28273
28054 27672 1:0 28303
28054 13229 1:0 28426
28054 13232 1:0 28437
28060 27655 1:0 28358
28062 13230 1:0 28427
28065 13231 1:0 28436
28080 13222 1:0 28387
28080 13227 1:0 28416
28080 13228 1:0 28417
28081 13233 1:0 28446
28093 13234 1:0 28447
28147 27653 1:0 28483
28164 27654 1:0 28484
28213 13368 1:0 28568
28213 13369 1:0 28578
28215 13082 21:0 28257
28223 13378 1:0 28657
28255 13086 0:0 28257
28255 13083 0:0 28257
28256 13087 0:0 28257
28256 13080 21:0 28257
28256 13085 0:0 28257
28256 13081 21:0 28257
28256 13084 0:0 28257
28256 13075 21:0 28257
28256 13074 21:0 28257
28265 27652 1:0 28494
28265 16463 1:0 28559
28266 13376 1:0 28647
28266 13377 1:0 28648
28266 27622 1:0 28697
28275 13374 1:0 28637
28275 13375 1:0 28638
28275 13379 1:0 28658
28275 13380 1:0 28667
28275 13381 1:0 28668
28275 27621 1:0 28705
28281 27620 1:0 28704
28302 27619 1:0 28715
28363 27589 1:0 28800
28368 13522 1:0 28799
28383 13524 1:0 28869
28384 13523 1:0 28868
28384 13525 1:0 28878
28385 13515 1:0 28828
28385 13526 1:0 28879
28434 13516 1:0 28829
28434 13521 1:0 28858
28443 13232 21:0 28478
28444 13527 1:0 28888
28454 13528 1:0 28889
28476 13233 0:0 28478
28476 13230 0:0 28478
28477 13231 0:0 28478
28477 13234 0:0 28478
28477 13228 0:0 28478
28477 13227 0:0 28478
28477 13221 21:0 28478
28477 13229 0:0 28478
28477 13222 0:0 28478
28486 27588 1:0 28926
28487 27587 1:0 28925
28487 13670 1:0 29089
28496 27586 1:0 28936
28496 16577 1:0 29020
28496 27556 1:0 29021
28502 13662 1:0 29049
28502 13663 1:0 29050
28502 13671 1:0 29090
28502 13672 1:0 29099
28502 13673 1:0 29100
28504 13668 1:0 29079
28504 13669 1:0 29080
28504 14104 1:0 29683
28507 13674 1:0 29109
28522 13675 1:0 29110
28576 27554 1:0 29146
28605 27555 1:0 29147
28665 27553 1:0 29157
28667 13378 21:0 28699
28675 27531 1:0 29187
28698 13374 0:0 28699
28698 13375 0:0 28699
28698 13368 21:0 28699
28698 13377 0:0 28699
28698 13380 0:0 28699
28698 13381 0:0 28699
28698 13379 0:0 28699
28698 13376 0:0 28699
28698 13369 21:0 28699
28707 27538 1:0 29196
28707 13817 1:0 29310
28707 13818 1:0 29311
28707 13819 1:0 29320
28708 27523 1:0 29242
28708 13809 1:0 29270
28708 13810 1:0 29271
28708 13815 1:0 29300
28708 13816 1:0 29301
28708 13820 1:0 29321
28717 13821 1:0 29330
28717 13822 1:0 29331
28717 27521 1:0 29367
28723 27522 1:0 29368
28743 27520 1:0 29378
28744 13966 1:0 29541
28756 13964 1:0 29531
28756 13965 1:0 29532
28825 27490 1:0 29580
28826 13956 1:0 29491
28826 13957 1:0 29492
28826 13962 1:0 29521
28826 13963 1:0 29522
28826 13967 1:0 29542
28875 13524 21:0 28920
28876 13968 1:0 29551
28886 13969 1:0 29552
28896 14115 1:0 29772
28918 13527 0:0 28920
28919 13525 0:0 28920
28919 13516 0:0 28920
28919 13522 21:0 28920
28919 13515 0:0 28920
28919 13528 0:0 28920
28919 13523 0:0 28920
28919 13526 0:0 28920
28919 13521 0:0 28920
28928 27488 1:0 29588
28929 27489 1:0 29589
28938 27487 1:0 29599
28938 27485 1:0 29609
28938 27459 1:0 29673
28938 27457 1:0 29684
28944 14111 1:0 29752
28944 14112 1:0 29753
28944 14113 1:0 29762
28946 14103 1:0 29712
28946 14109 1:0 29742
28946 14114 1:0 29763
28949 14110 1:0 29743
28964 14116 1:0 29773
29018 27456 1:0 29810
29047 27455 1:0 29809
29047 16751 1:0 29822
29099 13670 21:0 29141
29117 27454 1:0 29820
29139 13672 0:0 29141
29140 13675 0:0 29141
29140 13663 0:0 29141
29140 13669 0:0 29141
29140 13674 0:0 29141
29140 13662 0:0 29141
29140 13673 0:0 29141
29140 13668 0:0 29141
29140 13671 0:0 29141
29149 27424 1:0 29904
29150 27426 1:0 29904
29150 14250 1:0 29933
29150 14251 1:0 29934
29150 14256 1:0 29963
29150 14257 1:0 29964
29150 14258 1:0 29973
29150 14259 1:0 29974
29150 14260 1:0 29983
29150 14261 1:0 29984
29159 14262 1:0 29993
29159 14263 1:0 29994
29159 27423 1:0 30031
29159 27420 1:0 30034
29165 27422 1:0 30030
29186 27421 1:0 30041
29198 27399 1:0 30074
29198 16919 1:0 30074
29239 123 1:0 30125
29239 14410 1:0 30215
29268 27391 1:0 30126
29269 14405 1:0 30194
29318 14406 1:0 30195
29328 14407 1:0 30204
29330 13819 21:0 29362
29338 14408 1:0 30205
29361 13817 0:0 29362
29361 13822 0:0 29362
29361 13821 0:0 29362
29361 13816 0:0 29362
29361 13818 0:0 29362
29361 13809 0:0 29362
29361 13810 0:0 29362
29361 13820 0:0 29362
29361 13815 0:0 29362
29370 14397 1:0 30154
29370 14398 1:0 30155
29370 14403 1:0 30184
29370 14404 1:0 30185
29370 14409 1:0 30214
29371 27389 1:0 30251
29371 27390 1:0 30252
29380 27388 1:0 30262
29380 27371 1:0 30267
29380 27373 1:0 30292
29380 27360 1:0 30292
29380 27353 1:0 30327
29386 14550 1:0 30336
29386 14545 1:0 30346
29391 27358 1:0 30347
29406 14552 1:0 30415
29407 14553 1:0 30416
29419 14544 1:0 30375
29419 14551 1:0 30406
29419 14554 1:0 30425
29419 14555 1:0 30426
29460 14556 1:0 30435
29468 14557 1:0 30436
29489 27356 1:0 30472
29490 14691 1:0 30567
29490 14845 1:0 30788
29551 13966 21:0 29583
29581 13968 0:0 29583
29582 13956 0:0 29583
29582 13957 0:0 29583
29582 13963 0:0 29583
29582 13962 0:0 29583
29582 13964 0:0 29583
29582 13965 0:0 29583
29582 13967 0:0 29583
29582 13969 0:0 29583
29591 27357 1:0 30473
29592 27355 1:0 30483
29592 27333 1:0 30557
29592 27325 1:0 30567
29601 14692 1:0 30597
29601 14697 1:0 30626
29601 14698 1:0 30627
29601 14699 1:0 30636
29601 14700 1:0 30637
29601 14701 1:0 30646
29601 14702 1:0 30647
29601 14703 1:0 30656
29601 14704 1:0 30657
29607 27324 1:0 30694
29628 27323 1:0 30693
29681 27322 1:0 30704
29710 27292 1:0 30788
29711 14850 1:0 30877
29760 14847 1:0 30858
29770 14846 1:0 30857
29780 14848 1:0 30867
29782 14115 21:0 29804
29803 14104 21:0 29804
29803 14114 0:0 29804
29803 14112 0:0 29804
29803 14113 0:0 29804
29803 14116 0:0 29804
29803 14109 0:0 29804
29803 14103 0:0 29804
29803 14111 0:0 29804
29803 14110 0:0 29804
29812 14838 1:0 30817
29812 14839 1:0 30818
29812 14844 1:0 30847
29812 14849 1:0 30868
29812 14851 1:0 30878
29812 65 1:0 30918
29813 27290 1:0 30914
29813 69 1:0 30918
29822 27291 1:0 30915
29822 27289 1:0 30925
29828 27259 1:0 31009
29830 27267 1:0 31009
29833 14998 1:0 31099
29848 14993 1:0 31078
29849 14994 1:0 31079
29861 14985 1:0 31038
29861 14995 1:0 31088
29861 14996 1:0 31089
29902 14986 1:0 31039
29902 14991 1:0 31068
29902 14992 1:0 31069
29902 14997 1:0 31098
29931 27257 1:0 31135
29990 14261 21:0 30025
30001 27258 1:0 31136
30023 14262 0:0 30025
30023 14258 0:0 30025
30023 14259 0:0 30025
30024 14260 0:0 30025
30024 14263 0:0 30025
30024 14251 0:0 30025
30024 14256 0:0 30025
30024 14257 0:0 30025
30024 14250 0:0 30025
30033 17086 1:0 31134
30033 15132 1:0 31220
30033 15139 1:0 31230
30034 27256 1:0 31146
30034 27226 1:0 31231
30043 15133 1:0 31260
30043 15138 1:0 31289
30043 15140 1:0 31299
30043 15141 1:0 31300
30043 15142 1:0 31309
30043 15143 1:0 31310
30043 15144 1:0 31319
30043 15145 1:0 31320
30049 27225 1:0 31357
30069 27224 1:0 31356
30123 27223 1:0 31367
30131 27206 1:0 31400
30136 27195 1:0 31451
30151 15291 1:0 31540
30212 27193 1:0 31570
30221 14410 21:0 30246
30222 15288 1:0 31521
30244 14409 0:0 30246
30244 14408 0:0 30246
30245 14407 0:0 30246
30245 14404 0:0 30246
30245 14403 0:0 30246
30245 14397 0:0 30246
30245 14405 0:0 30246
30245 14406 0:0 30246
30245 14398 0:0 30246
30254 15279 1:0 31480
30254 15280 1:0 31481
30254 15285 1:0 31510
30254 15286 1:0 31511
30254 15287 1:0 31520
30254 15289 1:0 31530
30254 15290 1:0 31531
30255 15292 1:0 31541
30255 27191 1:0 31577
30264 27192 1:0 31578
30264 27190 1:0 31588
30264 27173 1:0 31590
30264 22811 1:0 31593
30270 24462 1:0 31593
30270 26113 1:0 31593
30270 21160 1:0 31611
30270 15426 1:0 31611
30270 17858 1:0 31611
30270 19509 1:0 31611
30272 16207 1:0 31621
30275 334 1:0 31672
30290 15434 1:0 31741
30291 15435 1:0 31742
30303 15427 1:0 31702
30303 15432 1:0 31731
30303 15436 1:0 31751
30303 15437 1:0 31752
30344 15433 1:0 31732
30344 15438 1:0 31761
30357 15439 1:0 31762
30425 14552 21:0 30467
30465 14555 0:0 30467
30465 14556 0:0 30467
30466 14550 21:0 30467
30466 14554 0:0 30467
30466 14557 0:0 30467
30466 14553 0:0 30467
30466 14544 0:0 30467
30466 14551 0:0 30467
30466 14545 21:0 30467
30656 14701 21:0 30688
30686 14703 0:0 30688
30687 14698 0:0 30688
30687 14691 21:0 30688
30687 14700 0:0 30688
30687 14692 0:0 30688
30687 14697 0:0 30688
30687 14699 0:0 30688
30687 14702 0:0 30688
30687 14704 0:0 30688
30887 14850 21:0 30909
30908 14846 0:0 30909
30908 14849 0:0 30909
30908 14848 0:0 30909
30908 14851 0:0 30909
30908 14847 0:0 30909
30908 14838 0:0 30909
30908 14844 0:0 30909
30908 14845 21:0 30909
30908 14839 0:0 30909
31105 14998 21:0 31130
31128 14995 0:0 31130
31128 14994 0:0 31130
31128 14997 0:0 31130
31129 14991 0:0 31130
31129 14996 0:0 31130
31129 14986 0:0 31130
31129 14985 0:0 31130
31129 14993 0:0 31130
31129 14992 0:0 31130
31329 15144 21:0 31351
31350 15132 21:0 31351
31350 15142 0:0 31351
31350 15143 0:0 31351
31350 15145 0:0 31351
31350 15141 0:0 31351
31350 15140 0:0 31351
31350 15133 0:0 31351
31350 15138 0:0 31351
31350 15139 21:0 31351
31550 15291 21:0 31572
31571 15289 0:0 31572
31571 15287 0:0 31572
31571 15290 0:0 31572
31571 15285 0:0 31572
31571 15286 0:0 31572
31571 15288 0:0 31572
31571 15280 0:0 31572
31571 15279 0:0 31572
31571 15292 0:0 31572
31751 15434 21:0 159
