128 49172 0:0 129
174 49082 21:0 237
236 49080 21:0 308
307 48934 21:0 379
378 48489 21:0 384
383 48488 21:0 389
388 48335 21:0 439
438 49077 21:0 455
454 48629 21:0 460
459 48777 21:0 465
464 49070 21:0 487
486 47463 21:0 541
540 47167 21:0 612
611 47169 21:0 688
687 47907 21:0 759
758 47315 21:0 819
818 47756 21:0 845
844 47023 21:0 921
920 47172 21:0 992
991 47020 21:0 1063
1062 47021 21:0 1128
1127 47464 21:0 1163
1162 47903 21:0 1225
1224 47022 21:0 1296
1295 47466 21:0 1367
1366 47609 21:0 1428
1427 47168 21:0 1441
1440 47316 21:0 1526
1525 47024 21:0 1563
1562 47462 21:0 1614
1613 47612 21:0 1682
1681 47317 21:0 1693
1692 48483 21:0 1758
1757 46878 21:0 1804
1803 47904 21:0 1838
1837 47314 21:0 1919
1918 47608 21:0 1937
1936 47171 21:0 2041
2040 47610 21:0 2056
2055 47319 21:0 2160
2159 49073 21:0 2160
2159 49072 21:0 2160
2159 48632 21:0 2163
2162 48780 21:0 2163
2162 48484 21:0 2163
2162 48926 21:0 2163
2162 48193 21:0 2170
2169 47164 21:0 2170
2169 47163 21:0 2170
2169 47161 21:0 2170
2169 47014 21:0 2173
2172 47017 21:0 2173
2172 47015 21:0 2173
2172 46872 21:0 2178
2177 47600 21:0 2181
2180 47312 21:0 2207
2206 49785 21:0 2282
2281 47453 21:0 2285
2284 47012 21:0 2292
2291 47754 21:0 2295
2294 47454 21:0 2300
2299 47307 21:0 2303
2302 48783 21:0 2308
2307 48341 21:0 2371
2370 48048 21:0 2404
2403 48923 21:0 2407
2406 47306 21:0 2414
2413 48930 21:0 2417
2416 47753 21:0 2422
2421 47019 21:0 2425
2424 47160 21:0 2448
2447 48636 21:0 2499
2498 48635 21:0 2526
2525 47747 21:0 2529
2528 48630 21:0 2536
2535 48041 21:0 2539
2538 48195 21:0 2544
2543 48336 21:0 2547
2546 48189 21:0 2573
2572 47159 21:0 2624
2623 47460 21:0 2648
2647 48924 21:0 2651
2650 329 21:0 2661
2660 49071 21:0 2666
2665 47748 21:0 2669
2668 47165 21:0 2726
2725 47459 21:0 2770
2769 48188 21:0 2773
2772 47895 21:0 2780
2779 48342 21:0 2783
2782 49076 21:0 2788
2787 47461 21:0 2868
2867 48929 21:0 2892
2891 47313 21:0 2895
2894 48042 21:0 2902
3374 298 21:0 3440
4610 51256 21:0 4643
6733 299 21:0 6799
8010 303 1:0 16812
10092 300 21:0 10158
11328 54198 21:0 11361
11369 304 1:0 20171
13451 301 21:0 13517
14687 55669 21:0 14720
14728 305 1:0 23530
16810 302 21:0 16876
18046 57140 21:0 18079
18087 306 1:0 26889
20169 303 21:0 20235
21405 58611 21:0 21438
21446 307 1:0 30248
23528 304 21:0 23594
24764 60082 21:0 24797
24805 308 1:0 33607
26887 305 21:0 26953
28123 61553 21:0 28156
28164 309 1:0 36966
30246 306 21:0 30312
31482 63024 21:0 31515
31523 310 1:0 40325
33605 307 21:0 33671
34841 64495 21:0 34874
34882 311 1:0 43684
36964 308 21:0 37030
38241 312 1:0 47043
40323 309 21:0 40389
41559 67437 21:0 41592
41600 313 1:0 50402
43682 310 21:0 43748
44918 68908 21:0 44951
44959 314 1:0 53761
47041 311 21:0 47107
48277 70379 21:0 48310
48318 315 1:0 57120
50400 312 21:0 50466
51636 71850 21:0 51669
51677 316 1:0 60479
53759 313 21:0 53825
54995 73321 21:0 55028
55036 317 1:0 63838
57118 314 21:0 57184
58354 74792 21:0 58387
58395 318 1:0 67197
60477 315 21:0 60543
61713 76263 21:0 61746
61754 319 1:0 70556
63836 316 21:0 63902
65072 77734 21:0 65105
65113 320 1:0 73915
67195 317 21:0 67261
68431 79205 21:0 68464
68472 321 1:0 77274
70554 318 21:0 70620
71790 80676 21:0 71823
71831 322 1:0 80633
73913 319 21:0 73979
75149 82147 21:0 75182
77272 320 21:0 77338
78549 323 1:0 83992
80631 321 21:0 80697
81867 85089 21:0 81900
81908 324 1:0 87351
83990 322 21:0 84056
85226 86560 21:0 85259
85267 325 1:0 90710
87349 323 21:0 87415
90708 324 21:0 90774
91240 89195 21:0 91387
91386 89194 21:0 91523
91524 89194 1:0 93023
91524 89195 1:0 93154
91985 326 1:0 94069
91985 327 1:0 97428
91985 328 1:0 100787
91985 57140 1:0 101619
91986 61553 1:0 101674
94067 325 21:0 94133
94292 90532 21:0 94437
94439 90597 21:0 94573
94574 90597 1:0 96793
95344 90532 1:0 97044
95345 79205 1:0 101690
97426 326 21:0 97492
97578 91972 21:0 97725
97955 92135 21:0 98100
98101 92135 1:0 99879
98703 91972 1:0 100527
98704 70379 1:0 101709
98704 74792 1:0 101761
98704 67437 1:0 101771
98704 54198 1:0 101826
98704 58611 1:0 101842
98704 63024 1:0 101861
98704 48042 1:0 101913
98704 47313 1:0 101918
98713 48929 1:0 101923
98713 47461 1:0 101999
98794 49845 21:0 98797
98925 49902 21:0 98928
98927 49900 21:0 98931
99046 49957 21:0 99059
99187 50016 21:0 99190
99189 50014 21:0 99193
99449 50130 21:0 99452
99451 50128 21:0 99455
99701 50242 21:0 99714
99832 50299 21:0 99845
99844 50301 21:0 99848
99963 50356 21:0 99976
100104 50415 21:0 100107
100235 50472 21:0 100238
100356 50527 21:0 100369
100487 50584 21:0 100500
100499 50586 21:0 100503
100618 50641 21:0 100631
100749 50698 21:0 100762
100761 50700 21:0 100765
100785 327 21:0 100851
100850 5 21:0 100851
100850 7 21:0 100856
100857 7 1:0 101999
100858 93409 21:0 100858
100879 23 21:0 100911
100910 25 21:0 100916
100934 93442 21:0 100934
100955 41 21:0 100987
100986 43 21:0 100992
100993 43 1:0 101999
100993 50356 1:0 102029
100993 85089 1:0 102029
101005 93473 21:0 101005
101010 93475 21:0 101010
101013 93476 21:0 101013
101035 61 21:0 101063
101081 93506 21:0 101081
101089 93509 21:0 101089
101107 77 21:0 101139
101157 93539 21:0 101157
101183 95 21:0 101215
101214 97 21:0 101220
101238 93573 21:0 101238
101263 115 21:0 101291
101339 133 21:0 101367
101415 151 21:0 101443
101442 149 21:0 101448
101466 93673 21:0 101466
101487 167 21:0 101519
101518 169 21:0 101524
101537 93704 21:0 101537
101542 93706 21:0 101542
101563 185 21:0 101595
101594 187 21:0 101600
101618 93738 21:0 101618
101694 93771 21:0 101694
101697 93773 21:0 101697
101715 221 21:0 101747
101746 223 21:0 101752
101791 239 21:0 101823
101841 93836 21:0 101841
101846 93838 21:0 101846
101871 259 21:0 101899
101917 93869 21:0 101917
101925 93872 21:0 101925
101943 275 21:0 101975
101963 341 0:0 101965
101993 93902 21:0 101993
102023 49249 21:0 102028
102030 80676 1:0 102055
102031 293 21:0 102054
102053 49793 21:0 102057
102055 76263 1:0 102066
102063 49957 1:0 102066
102063 169 1:0 102066
102063 49900 1:0 102066
102063 71850 1:0 102075
102063 50128 1:0 102075
102063 223 1:0 102075
102063 50014 1:0 102075
102063 49845 1:0 102103
102063 341 1:0 102120
102063 49076 1:0 102121
102063 275 1:0 102121
102071 93902 1:0 102071
102072 48342 1:0 102175
102072 47895 1:0 102186
102072 48188 1:0 102190
102072 47459 1:0 102197
102072 47748 1:0 102206
102072 47165 1:0 102206
102072 49902 1:0 102234
102072 49071 1:0 102252
102072 259 1:0 102252
102072 329 1:0 102317
102072 48924 1:0 102321
102072 47460 1:0 102328
102072 47159 1:0 102337
102072 48189 1:0 102337
102078 187 1:0 102365
102078 48336 1:0 102383
102078 239 1:0 102383
102078 48195 1:0 102437
102078 48041 1:0 102448
102078 48630 1:0 102452
102078 47747 1:0 102459
102080 48635 1:0 102468
102080 48636 1:0 102468
102082 50016 1:0 102496
102082 47160 1:0 102514
102082 221 1:0 102514
102083 47019 1:0 102568
102083 47753 1:0 102579
102098 48930 1:0 102583
102098 47306 1:0 102590
102099 298 1:0 102599
102111 185 1:0 102627
102111 48923 1:0 102645
102111 50130 1:0 102645
102111 48048 1:0 102699
102111 48341 1:0 102710
102143 49843 21:0 102156
102152 48783 1:0 102714
102184 93872 1:0 102184
102193 47307 1:0 102721
102193 47454 1:0 102730
102193 47754 1:0 102730
102193 47012 1:0 102755
102193 47453 1:0 102812
102193 49785 1:0 102841
102193 167 1:0 102841
102194 47312 1:0 102845
102194 47600 1:0 102852
102194 46865 1:0 102861
102194 46872 1:0 102861
102194 50242 1:0 102972
102194 47319 1:0 102972
102202 93869 1:0 102202
102203 47610 1:0 102992
102203 151 1:0 102992
102203 149 1:0 102992
102203 50301 1:0 103103
102203 47171 1:0 103103
102203 50299 1:0 103123
102203 133 1:0 103123
102203 47608 1:0 103123
102203 25 1:0 103234
102203 47314 1:0 103234
102209 47904 1:0 103254
102209 50527 1:0 103254
102209 115 1:0 103254
102213 46878 1:0 103365
102213 50415 1:0 103365
102214 47894 1:0 103373
102229 97 1:0 103410
102229 47317 1:0 103410
102230 95 1:0 103410
102242 47612 1:0 103504
102323 93838 1:0 102323
102324 77 1:0 103541
102324 50472 1:0 103541
102324 47462 1:0 103541
102324 47024 1:0 103635
102325 47316 1:0 103672
102325 41 1:0 103672
102325 61 1:0 103672
102325 47168 1:0 103766
102333 93836 1:0 102333
102334 47609 1:0 103803
102334 50584 1:0 103803
102334 50586 1:0 103803
102334 47466 1:0 103897
102334 47022 1:0 103934
102334 23 1:0 103934
102334 50641 1:0 103934
102334 47903 1:0 104028
102340 50700 1:0 104065
102340 5 1:0 104065
102340 47464 1:0 104068
102340 50698 1:0 104068
102342 47021 1:0 104213
102345 47020 1:0 104289
102361 47172 1:0 104365
102373 47023 1:0 104441
102455 47756 1:0 104517
102455 47315 1:0 104593
102456 47907 1:0 104669
102456 47169 1:0 104745
102456 47167 1:0 104821
102465 47463 1:0 104897
102465 47318 1:0 104973
102465 46875 1:0 105049
102465 47465 1:0 105125
102471 47170 1:0 105201
102577 93773 1:0 102577
102584 93771 1:0 102584
102715 93738 1:0 102715
102847 93706 1:0 102847
102857 93704 1:0 102857
102978 93673 1:0 102978
103070 50244 21:0 103073
103201 50301 21:0 103204
103205 50301 1:0 105125
103370 93573 1:0 103370
103512 93539 1:0 103512
103625 93509 1:0 103625
103643 93506 1:0 103643
103756 93476 1:0 103756
103764 93475 1:0 103764
103774 93473 1:0 103774
103856 50586 21:0 103859
103895 93442 1:0 103895
103977 50641 21:0 103990
104026 93409 1:0 104026
104144 328 21:0 104210
104209 5 21:0 104210
104212 94878 21:0 104212
104217 94880 21:0 104217
104220 94881 21:0 104220
104288 94911 21:0 104288
104293 94913 21:0 104293
104293 94912 21:0 104293
104296 94914 21:0 104296
104314 41 21:0 104346
104364 94944 21:0 104364
104369 94946 21:0 104369
104369 94945 21:0 104369
104372 94947 21:0 104372
104440 94977 21:0 104440
104445 94979 21:0 104445
104445 94978 21:0 104445
104516 95010 21:0 104516
104521 95012 21:0 104521
104524 95013 21:0 104524
104592 95043 21:0 104592
104597 95045 21:0 104597
104597 95044 21:0 104597
104600 95046 21:0 104600
104668 95076 21:0 104668
104673 95077 21:0 104673
104673 95078 21:0 104673
104676 95079 21:0 104676
104744 95109 21:0 104744
104749 95111 21:0 104749
104752 95112 21:0 104752
104770 149 21:0 104802
104825 95144 21:0 104825
104896 95175 21:0 104896
104901 95176 21:0 104901
104901 95177 21:0 104901
104904 95178 21:0 104904
104977 95210 21:0 104977
104977 95209 21:0 104977
104980 95211 21:0 104980
105048 95241 21:0 105048
105053 95243 21:0 105053
105124 95274 21:0 105124
105129 95276 21:0 105129
105197 149 1:0 105201
105197 49793 1:0 105201
105202 46877 1:0 105277
105273 293 1:0 105277
105273 49843 1:0 105277
105278 46874 1:0 105353
105320 341 21:0 105334
105349 41 1:0 105353
105349 50586 1:0 105353
105349 50244 1:0 105353
105349 49249 1:0 105353
105354 46873 1:0 105424
105425 46876 1:0 105444
105442 46870 1:0 105444
105442 46867 1:0 105444
105445 46866 1:0 105507
105470 46869 1:0 105472
105473 341 1:0 105489
105473 46868 1:0 105507
105496 341 21:0 105506
105508 46871 1:0 105582
105588 5 1:0 105621
105592 46871 21:0 105644
105622 48483 1:0 105645
105643 46866 21:0 105647
105646 86560 1:0 105656
105646 46876 21:0 105667
105654 47014 1:0 105656
105654 47015 1:0 105656
105654 47017 1:0 105656
105654 341 1:0 105656
105657 47025 1:0 105725
105666 46868 21:0 105667
105666 46869 21:0 105667
105666 46870 21:0 105667
105666 46867 21:0 105692
105691 46865 21:0 105746
105694 47016 1:0 105725
105725 341 0:0 105727
105726 47013 1:0 105774
105745 275 21:0 105749
105748 277 21:0 105756
105771 47161 1:0 105829
105780 47013 21:0 105865
105830 82147 1:0 105866
105864 47025 21:0 105885
105867 47900 1:0 105870
105871 48047 1:0 105877
105878 47166 1:0 105886
105878 49070 1:0 105886
105884 46873 21:0 105970
105887 77734 1:0 105951
105912 47163 1:0 105914
105915 47164 1:0 105951
105915 47162 1:0 105951
105928 341 1:0 105929
105946 341 0:0 105948
105952 73321 1:0 106050
105969 47016 21:0 106027
106031 47166 21:0 106086
106051 68908 1:0 106087
106085 46874 21:0 106106
106087 64495 1:0 106098
106093 95276 1:0 106093
106095 277 1:0 1313
106095 275 1:0 1315
106095 48193 1:0 106098
106095 47309 1:0 106098
106095 47456 1:0 106098
106095 60082 1:0 106107
106095 47750 1:0 106107
106095 47310 1:0 106107
106095 47308 1:0 106107
106095 47455 1:0 106135
106095 341 1:0 106152
106095 47311 1:0 106157
106103 95274 1:0 106103
106104 299 1:0 3376
106104 300 1:0 6735
106104 301 1:0 10094
106104 302 1:0 13453
106104 47458 1:0 106179
106104 55669 1:0 106179
106104 51256 1:0 106305
106104 48348 1:0 106325
106105 46877 21:0 106196
106107 47897 1:0 106325
106107 48044 1:0 106325
106110 47457 1:0 106456
106110 47611 1:0 106526
106110 47604 1:0 106526
106110 47755 1:0 106546
106110 47605 1:0 106546
106110 47603 1:0 106546
106114 47613 1:0 106718
106115 47602 1:0 106667
106115 48338 1:0 106747
106130 47760 1:0 106767
106131 47752 1:0 106767
106131 47749 1:0 106767
106143 47751 1:0 106898
106143 47758 1:0 106929
106184 47757 1:0 106928
106195 47170 21:0 106321
106197 47759 1:0 106938
106197 48339 1:0 106967
106197 47898 1:0 106988
106197 47899 1:0 106988
106197 47902 1:0 106988
106213 47896 1:0 107109
106213 47905 1:0 107150
106314 95243 1:0 106314
106315 47906 1:0 107159
106315 48190 1:0 107188
106315 48640 1:0 107209
106315 48045 1:0 107209
106315 48043 1:0 107209
106316 48046 1:0 107341
106316 48049 1:0 107360
106316 48050 1:0 107361
106316 48051 1:0 107370
106320 46875 21:0 106358
106322 48052 1:0 107371
106324 95241 1:0 106324
106325 48053 1:0 107380
106325 48054 1:0 107381
106325 48192 1:0 107409
106325 48777 1:0 107417
106325 48629 1:0 107424
106325 49077 1:0 107430
106325 48191 1:0 107552
106325 48200 1:0 107601
106331 48196 1:0 107581
106333 48197 1:0 107582
106336 48198 1:0 107591
106352 48199 1:0 107592
106357 47311 21:0 106380
106359 48201 1:0 107602
106359 48337 1:0 107631
106364 48335 1:0 107638
106364 48488 1:0 107645
106364 48489 1:0 107651
106379 47308 21:0 106399
106398 47310 21:0 106409
106405 48340 1:0 107783
106405 48343 1:0 107802
106408 47309 21:0 106412
106411 47162 21:0 106431
106418 48344 1:0 107803
106433 48345 1:0 107812
106434 48346 1:0 107813
106434 48484 1:0 107851
106434 48632 1:0 108072
106435 50641 1:0 108293
106435 48780 1:0 108314
106435 48781 1:0 108314
106466 47457 21:0 106504
106506 47465 21:0 106542
106527 95211 1:0 106527
106534 95209 1:0 106534
106535 95210 1:0 106535
106536 48347 1:0 107822
106536 48495 1:0 107872
106536 48485 1:0 107872
106536 48486 1:0 107872
106537 48487 1:0 108004
106537 48490 1:0 108023
106537 48491 1:0 108024
106541 47318 21:0 106620
106543 48492 1:0 108033
106546 48493 1:0 108034
106546 48494 1:0 108043
106546 48785 1:0 108093
106546 48633 1:0 108093
106546 48634 1:0 108093
106546 48631 1:0 108214
106546 48642 1:0 108265
106552 48637 1:0 108244
106554 48638 1:0 108245
106557 48639 1:0 108254
106573 48641 1:0 108264
106585 48784 1:0 108314
106590 48779 1:0 108436
106590 48789 1:0 108486
106615 48776 1:0 108425
106619 47458 21:0 106630
106629 47455 21:0 106633
106631 48786 1:0 108475
106632 47456 21:0 106638
106639 48787 1:0 108476
106654 48778 1:0 108435
106654 48926 1:0 108514
106654 48928 1:0 108535
106654 48927 1:0 108535
106654 49072 1:0 108735
106654 49075 1:0 108756
106655 48788 1:0 108485
106677 47602 21:0 106723
106724 47613 21:0 106763
106748 95178 1:0 106748
106755 95176 1:0 106755
106756 95177 1:0 106756
106757 48934 1:0 108535
106757 48925 1:0 108656
106757 48931 1:0 108686
106758 48932 1:0 108687
106758 48933 1:0 108696
106758 48935 1:0 108706
106762 47611 21:0 106835
106764 48936 1:0 108707
106766 95175 1:0 106766
106767 49080 1:0 108756
106767 49073 1:0 108756
106767 49074 1:0 108887
106767 49078 1:0 108907
106767 49082 1:0 108913
106767 49172 1:0 108968
106767 49173 1:0 108969
106773 49079 1:0 108908
106773 49081 1:0 108913
106777 49083 1:0 108913
106834 47603 21:0 106851
106850 47605 21:0 106854
106853 47604 21:0 106854
106935 47758 21:0 106984
106968 47759 0:0 106970
106968 47757 0:0 106970
106977 95144 1:0 106977
106983 47760 21:0 107053
107052 47751 21:0 107067
107066 47749 21:0 107072
107071 47752 21:0 107075
107074 47750 21:0 107120
107156 47905 21:0 107205
107189 47906 0:0 107191
107190 95112 1:0 107190
107198 95111 1:0 107198
107204 47902 21:0 107274
107208 95109 1:0 107208
107273 47896 21:0 107288
107287 47898 21:0 107293
107292 47899 21:0 107296
107380 48051 21:0 107426
107410 48053 0:0 107412
107410 48052 0:0 107412
107411 95079 1:0 107411
107411 48049 0:0 107412
107411 48054 0:0 107412
107411 48050 0:0 107412
107418 95077 1:0 107418
107419 95078 1:0 107419
107425 47755 21:0 107498
107429 95076 1:0 107429
107497 48046 21:0 107514
107513 48043 21:0 107514
107513 48045 21:0 107517
107611 48200 21:0 107647
107632 95046 1:0 107632
107632 48198 0:0 107633
107632 48196 0:0 107633
107632 48199 0:0 107633
107632 48197 0:0 107633
107632 48201 0:0 107633
107639 95044 1:0 107639
107640 95045 1:0 107640
107646 48047 21:0 107653
107650 95043 1:0 107650
107652 47900 21:0 107656
107655 47894 21:0 107684
107683 48191 21:0 107684
107683 48192 21:0 107725
107724 48190 21:0 107735
107734 48044 21:0 107738
107737 47897 21:0 107744
107812 48343 21:0 107868
107852 48347 0:0 107854
107853 95013 1:0 107853
107853 48344 0:0 107854
107853 48345 0:0 107854
107853 48346 0:0 107854
107861 95012 1:0 107861
107867 48348 21:0 107937
107871 95010 1:0 107871
107936 48340 21:0 107949
107948 48337 21:0 107956
107955 48339 21:0 107959
108030 48491 21:0 108089
108073 48490 0:0 108075
108073 48492 0:0 108075
108073 48494 0:0 108075
108074 48493 0:0 108075
108081 94978 1:0 108081
108082 94979 1:0 108082
108088 48495 21:0 108148
108092 94977 1:0 108092
108147 48487 21:0 108170
108169 48338 21:0 108177
108176 48486 21:0 108180
108271 48642 21:0 108310
108294 48641 0:0 108296
108294 48637 0:0 108296
108294 48638 0:0 108296
108295 94947 1:0 108295
108295 48639 0:0 108296
108302 94945 1:0 108302
108303 94946 1:0 108303
108309 48640 21:0 108382
108313 94944 1:0 108313
108381 48631 21:0 108398
108397 48634 21:0 108401
108400 48633 21:0 108401
108492 48789 21:0 108531
108515 48786 0:0 108517
108515 48787 0:0 108517
108516 94914 1:0 108516
108516 48778 0:0 108517
108516 48776 0:0 108517
108516 48788 0:0 108517
108523 94912 1:0 108523
108524 94913 1:0 108524
108530 48784 21:0 108603
108534 94911 1:0 108534
108602 48779 21:0 108619
108618 48781 21:0 108622
108621 48485 21:0 108622
108696 48931 21:0 108752
108736 48935 0:0 108738
108737 94881 1:0 108737
108737 48933 0:0 108738
108737 48936 0:0 108738
108737 48932 0:0 108738
108745 94880 1:0 108745
108751 48785 21:0 108821
108755 94878 1:0 108755
108820 48925 21:0 108833
108832 48928 21:0 108840
108839 48927 21:0 108843
108914 49079 0:0 108944
108917 49078 0:0 108957
108932 49081 0:0 108957
108956 49074 21:0 108957
108956 49075 21:0 108957
108956 49083 0:0 108957
108975 49173 21:0 175
