86 15402 21:0 123
122 15404 21:0 128
127 15405 21:0 139
138 15407 21:0 139
138 15406 21:0 139
138 341 21:0 144
143 15496 21:0 144
143 15399 21:0 144
143 15400 21:0 144
143 15395 21:0 144
143 15397 21:0 144
143 15398 21:0 144
143 15497 21:0 144
143 15394 21:0 144
143 15401 21:0 144
146 15570 21:0 167
166 15571 21:0 215
217 15602 21:0 225
225 15605 21:0 291
290 15603 21:0 296
295 15607 21:0 296
298 15636 21:0 319
318 15638 21:0 367
366 15637 21:0 372
374 15669 21:0 395
394 15668 21:0 443
442 15635 21:0 448
447 15604 21:0 467
466 15671 21:0 519
518 15627 21:0 519
521 15734 21:0 529
528 15735 21:0 579
578 15736 21:0 595
595 119 21:0 600
599 15733 21:0 600
602 15768 21:0 623
622 15767 21:0 671
670 15670 21:0 676
678 15801 21:0 699
698 15803 21:0 747
746 15800 21:0 752
754 15835 21:0 775
774 15836 21:0 823
822 139 21:0 823
825 15866 21:0 833
832 15770 21:0 883
882 15703 21:0 899
898 15701 21:0 909
908 15802 21:0 927
926 15899 21:0 975
974 15702 21:0 980
979 15851 21:0 985
984 191 21:0 985
985 15935 21:0 1051
1050 15867 21:0 1056
1055 15769 21:0 1061
1060 15834 21:0 1127
1126 15704 21:0 1132
1131 15869 21:0 1137
1136 15934 21:0 1203
1202 15965 21:0 1208
1207 15868 21:0 1213
1212 15933 21:0 1221
1220 15932 21:0 1221
1220 16031 21:0 1279
1278 15569 21:0 1284
1283 16000 21:0 1289
1288 15900 21:0 1355
1354 15737 21:0 1360
1359 15967 21:0 1365
1364 15968 21:0 1431
1430 15833 21:0 1436
1435 15901 21:0 1441
1440 263 21:0 1456
1461 16143 21:0 1471
1470 16001 21:0 1495
1498 16167 21:0 1502
1499 16031 1:0 1872
1500 263 1:0 1876
1500 16001 1:0 1978
1501 15572 21:0 1505
1506 16000 1:0 1985
1508 16171 21:0 1510
1508 15968 1:0 2100
1508 15967 1:0 2107
1514 15965 1:0 2116
1517 16174 21:0 1539
1533 15933 1:0 2144
1620 16224 21:0 1624
1621 15935 1:0 2222
1622 15934 1:0 2229
1630 16228 21:0 1632
1630 15932 1:0 2238
1630 15901 1:0 2344
1636 15900 1:0 2350
1639 16231 21:0 1661
1654 15899 1:0 2360
1655 191 1:0 2362
1664 16249 21:0 1695
1716 16263 21:0 1736
1742 16281 21:0 1746
1743 15868 1:0 2388
1744 15869 1:0 2466
1744 15867 1:0 2472
1752 16285 21:0 1754
1752 15866 1:0 2482
1755 15834 1:0 2510
1758 15851 1:0 2510
1761 16288 21:0 1783
1776 15836 1:0 2588
1786 16306 21:0 1817
1864 16338 21:0 1868
1865 15835 1:0 2595
1866 15833 1:0 2604
1866 15802 1:0 2632
1866 139 1:0 2632
1874 16342 21:0 1876
1874 15803 1:0 2710
1877 15801 1:0 2716
1883 16345 21:0 1905
1884 15800 1:0 2726
1908 16363 21:0 1939
1942 16372 21:0 1944
1986 16395 21:0 1990
1987 15769 1:0 2754
1988 15770 1:0 2832
1988 15768 1:0 2838
1996 16399 21:0 1998
1996 15767 1:0 2848
1996 119 1:0 2850
1999 15737 1:0 2876
2005 16402 21:0 2027
2006 15736 1:0 2954
2108 16452 21:0 2112
2109 15735 1:0 2960
2109 15733 1:0 2964
2110 15734 1:0 2970
2110 15704 1:0 2998
2118 16456 21:0 2120
2118 15702 1:0 3076
2118 15703 1:0 3083
2124 15701 1:0 3092
2127 16459 21:0 2149
2195 16488 21:0 2197
2230 16509 21:0 2234
2231 15670 1:0 3120
2232 15671 1:0 3198
2232 15669 1:0 3204
2240 16513 21:0 2242
2240 15668 1:0 3214
2240 15637 1:0 3242
2246 15638 1:0 3320
2249 16516 21:0 2271
2265 15636 1:0 3326
2352 16566 21:0 2356
2353 15635 1:0 3336
2354 15627 1:0 3349
2354 15607 1:0 3364
2354 15604 1:0 3364
2362 16570 21:0 2364
2362 15605 1:0 3442
2362 15603 1:0 3448
2368 15602 1:0 3458
2371 16573 21:0 2393
2387 15572 1:0 3486
2430 16600 21:0 2432
2474 16623 21:0 2478
2475 15571 1:0 3564
2476 15570 1:0 3570
2476 335 1:0 3684
2484 16627 21:0 2486
2484 15569 1:0 3580
2493 16630 21:0 2515
2561 16659 21:0 2563
2570 16662 21:0 2590
2596 16680 21:0 2600
2606 16684 21:0 2608
2615 16687 21:0 2637
2674 16714 21:0 2676
2718 16737 21:0 2722
2728 16741 21:0 2730
2737 16744 21:0 2759
2840 16794 21:0 2844
2850 16798 21:0 2852
2859 16801 21:0 2881
2884 16819 21:0 2915
2918 16828 21:0 2920
2927 16830 21:0 2929
2962 16851 21:0 2966
2972 16855 21:0 2974
2981 16858 21:0 3003
3084 16908 21:0 3088
3094 16912 21:0 3096
3103 16915 21:0 3125
3206 16965 21:0 3210
3216 16969 21:0 3218
3225 16972 21:0 3247
3250 16990 21:0 3281
3302 17004 21:0 3322
3328 17022 21:0 3332
3338 17026 21:0 3340
3347 17029 21:0 3369
3406 17056 21:0 3408
3450 17079 21:0 3454
3460 17083 21:0 3462
3469 17086 21:0 3491
3528 17113 21:0 3530
3537 17115 21:0 3539
3572 17136 21:0 3576
3582 17140 21:0 3584
3591 17143 21:0 3613
3616 17161 21:0 3647
3659 17172 21:0 3661
3682 334 21:0 3700
3699 17198 21:0 3732
3731 7 21:0 3732
3732 17206 21:0 3748
3747 17199 21:0 3748
3747 17218 21:0 3748
3747 17205 21:0 3753
3752 17207 21:0 3753
3752 17208 21:0 3753
3752 17203 21:0 3753
3752 9 21:0 3753
3755 17221 21:0 3776
3775 17222 21:0 3824
3823 15 21:0 3824
3826 17253 21:0 3834
3833 13 21:0 3834
3833 17238 21:0 3834
3834 17256 21:0 3900
3899 17255 21:0 3905
3904 17271 21:0 3905
3907 17288 21:0 3928
3927 17289 21:0 3976
3975 17287 21:0 3981
3980 17264 21:0 3986
3985 63 21:0 3986
3985 31 21:0 3986
3985 17269 21:0 3986
3985 59 21:0 3986
3985 17307 21:0 3986
3986 17322 21:0 4052
4051 17265 21:0 4052
4051 67 21:0 4052
4051 39 21:0 4054
4054 17352 21:0 4062
4061 87 21:0 4062
4061 17258 21:0 4062
4062 17355 21:0 4128
4127 17372 21:0 4128
4127 97 21:0 4128
4127 85 21:0 4128
4130 17385 21:0 4138
4137 17386 21:0 4188
4187 17387 21:0 4204
4203 17388 21:0 4214
4213 17377 21:0 4214
4213 123 21:0 4214
4213 115 21:0 4214
4213 93 21:0 4214
4214 17421 21:0 4280
4279 17220 21:0 4285
4284 17286 21:0 4290
4289 17419 21:0 4356
4355 17254 21:0 4361
4360 17418 21:0 4366
4365 17454 21:0 4432
4431 17319 21:0 4437
4436 17223 21:0 4442
4441 17353 21:0 4497
4496 17320 21:0 4513
4512 17486 21:0 4518
4517 17354 21:0 4568
4567 17321 21:0 4584
4583 17487 21:0 4594
4593 17452 21:0 4644
4643 17451 21:0 4660
4659 17550 21:0 4670
4669 17517 21:0 4720
4719 17520 21:0 4736
4735 17519 21:0 4746
4745 17484 21:0 4768
4767 17420 21:0 4812
4811 17453 21:0 4817
4816 17518 21:0 4836
4835 17583 21:0 4888
4887 17586 21:0 4893
4892 17485 21:0 4898
4897 17585 21:0 4964
4963 17552 21:0 4969
4968 17553 21:0 4974
4973 17584 21:0 5040
5039 17551 21:0 5045
5044 17616 21:0 5050
5049 17401 21:0 5065
5070 17794 21:0 5080
5073 16167 1:0 5107
5079 17618 21:0 5106
5105 17649 21:0 5114
5111 16171 1:0 5118
5111 16174 1:0 5128
5111 16224 1:0 5238
5111 16228 1:0 5249
5112 16231 1:0 5259
5112 16249 1:0 5286
5112 16263 1:0 5341
5112 16281 1:0 5369
5112 16285 1:0 5380
5112 16288 1:0 5390
5112 16306 1:0 5417
5112 16338 1:0 5500
5113 17617 21:0 5117
5116 17619 21:0 5126
5125 17651 21:0 5154
5153 17652 21:0 5234
5233 17682 21:0 5237
5236 17650 21:0 5248
5238 16342 1:0 5511
5238 17682 1:0 5512
5247 65 21:0 5248
5247 17278 21:0 5248
5249 16345 1:0 5521
5249 16372 1:0 5542
5249 17650 1:0 5542
5249 16363 1:0 5542
5249 17652 1:0 5625
5249 16395 1:0 5631
5249 17651 1:0 5633
5249 16399 1:0 5642
5249 17649 1:0 5643
5249 16402 1:0 5652
5249 17619 1:0 5673
5249 17617 1:0 5756
5249 16452 1:0 5762
5249 17618 1:0 5764
5249 16456 1:0 5773
5249 17616 1:0 5774
5249 16459 1:0 5783
5249 16488 1:0 5804
5249 17584 1:0 5804
5249 17586 1:0 5887
5249 17585 1:0 5895
5251 16228 21:0 5254
5252 16509 1:0 5893
5252 16513 1:0 5904
5252 17583 1:0 5905
5253 16224 21:0 5254
5253 16171 21:0 5257
5255 17551 1:0 5935
5256 16174 21:0 5257
5256 16167 21:0 5257
5258 16516 1:0 5914
5258 17553 1:0 6018
5261 16231 21:0 5285
5278 17552 1:0 6026
5279 16566 1:0 6024
5371 16281 21:0 5376
5373 16570 1:0 6035
5373 17550 1:0 6036
5374 16573 1:0 6045
5374 17518 1:0 6066
5374 16600 1:0 6066
5382 16285 21:0 5385
5383 17520 1:0 6149
5383 16623 1:0 6155
5383 17519 1:0 6157
5383 16801 1:0 6160
5389 17517 1:0 6167
5389 16662 1:0 6169
5391 16627 1:0 6166
5392 16288 21:0 5416
5410 17485 1:0 6197
5422 16965 1:0 6197
5502 16338 21:0 5507
5504 16630 1:0 6176
5504 16659 1:0 6197
5505 17487 1:0 6280
5505 16680 1:0 6286
5505 17486 1:0 6288
5505 16915 1:0 6291
5513 16342 21:0 5516
5514 16684 1:0 6297
5514 17484 1:0 6298
5517 17453 1:0 6328
5520 16687 1:0 6307
5520 16912 1:0 6328
5520 16714 1:0 6328
5523 16345 21:0 5547
5540 17454 1:0 6411
5633 16395 21:0 5638
5635 16737 1:0 6417
5635 17452 1:0 6418
5635 16794 1:0 6422
5636 16741 1:0 6428
5636 17451 1:0 6429
5644 16399 21:0 5647
5645 16744 1:0 6438
5645 17420 1:0 6459
5645 16908 1:0 6459
5645 17421 1:0 6542
5651 17419 1:0 6549
5651 123 1:0 6553
5653 16972 1:0 6553
5654 16402 21:0 5678
5672 17418 1:0 6560
5672 115 1:0 6562
5672 16819 1:0 6562
5684 16798 1:0 6559
5684 16828 1:0 6562
5736 16434 21:0 5758
5764 16452 21:0 5769
5766 17388 1:0 6590
5767 16830 1:0 6590
5767 17401 1:0 6590
5767 16858 1:0 6590
5767 17387 1:0 6673
5775 16456 21:0 5778
5776 16851 1:0 6679
5776 17386 1:0 6680
5776 16855 1:0 6684
5779 17385 1:0 6691
5782 17377 1:0 6693
5782 93 1:0 6693
5785 16459 21:0 5809
5787 17354 1:0 6721
5802 85 1:0 6721
5803 17372 1:0 6721
5803 97 1:0 6721
5895 16509 21:0 5900
5897 17355 1:0 6804
5898 17353 1:0 6811
5898 87 1:0 6815
5898 17026 1:0 6815
5906 16513 21:0 5909
5907 17352 1:0 6822
5907 16969 1:0 6824
5907 17029 1:0 6852
5907 67 1:0 6852
5907 17321 1:0 6852
5913 17322 1:0 6935
5916 16516 21:0 5940
5934 17320 1:0 6942
5941 17022 1:0 6946
5943 16534 21:0 5975
5946 17083 1:0 6946
6026 16566 21:0 6031
6028 17004 1:0 6952
6028 17319 1:0 6953
6029 16990 1:0 6952
6029 63 1:0 6952
6029 17307 1:0 6955
6029 65 1:0 6955
6029 17287 1:0 6983
6029 17258 1:0 6983
6037 16570 21:0 6040
6038 59 1:0 6983
6038 17278 1:0 6983
6038 17289 1:0 7066
6041 17288 1:0 7074
6044 17265 1:0 7077
6044 31 1:0 7077
6047 16573 21:0 6071
6064 17286 1:0 7084
6065 17269 1:0 7086
6065 39 1:0 7086
6157 16623 21:0 6162
6159 17056 1:0 7114
6159 17264 1:0 7114
6159 17271 1:0 7114
6159 17254 1:0 7114
6160 17256 1:0 7197
6168 16627 21:0 6171
6169 17079 1:0 7203
6169 17255 1:0 7205
6169 17136 1:0 7208
6169 17253 1:0 7215
6169 17115 1:0 7217
6169 17086 1:0 7217
6175 17223 1:0 7245
6177 13 1:0 7245
6178 16630 21:0 6202
6180 17113 1:0 7245
6180 17238 1:0 7245
6208 17222 1:0 7328
6288 16680 21:0 6293
6290 17221 1:0 7335
6291 17143 1:0 7339
6291 15 1:0 7339
6291 17140 1:0 7345
6291 17220 1:0 7346
6291 17161 1:0 7351
6299 16684 21:0 6302
6300 9 1:0 7351
6300 17207 1:0 7351
6300 17203 1:0 7351
6300 17218 1:0 7356
6300 17208 1:0 7369
6300 7 1:0 7376
6300 17205 1:0 7376
6300 17199 1:0 7376
6300 17206 1:0 7385
6300 17172 1:0 7427
6300 17198 1:0 7430
6303 336 1:0 7457
6309 16687 21:0 6333
6371 16714 21:0 6374
6419 16737 21:0 6424
6430 16741 21:0 6433
6440 16744 21:0 6464
6550 16794 21:0 6555
6561 16798 21:0 6564
6571 16801 21:0 6595
6681 16851 21:0 6686
6692 16855 21:0 6695
6702 16858 21:0 6726
6774 16887 21:0 6777
6812 16908 21:0 6817
6823 16912 21:0 6826
6833 16915 21:0 6857
6943 16965 21:0 6948
6954 16969 21:0 6957
6964 16972 21:0 6988
7074 17022 21:0 7079
7085 17026 21:0 7088
7095 17029 21:0 7119
7122 17047 21:0 7154
7205 17079 21:0 7210
7216 17083 21:0 7219
7226 17086 21:0 7250
7336 17136 21:0 7341
7347 17140 21:0 7350
7357 17143 21:0 7381
7455 335 21:0 7473
7477 18850 21:0 7510
7518 18869 21:0 7521
7520 18858 21:0 7521
7520 18856 21:0 7521
7523 18871 21:0 7531
7530 15 21:0 7531
7530 11 21:0 7531
7531 18874 21:0 7597
7596 18873 21:0 7602
7601 18890 21:0 7602
7604 18906 21:0 7625
7624 18904 21:0 7673
7672 18905 21:0 7678
7677 18909 21:0 7683
7682 18887 21:0 7683
7682 18882 21:0 7683
7683 18940 21:0 7749
7748 18939 21:0 7754
7753 18948 21:0 7754
7756 18972 21:0 7773
7772 18973 21:0 7825
7824 18970 21:0 7830
7829 69 21:0 7830
7832 19005 21:0 7849
7848 19006 21:0 7901
7900 19003 21:0 7906
7908 19038 21:0 7925
7924 19039 21:0 7977
7976 19036 21:0 7982
7981 19037 21:0 8001
8000 19069 21:0 8053
8052 18938 21:0 8058
8057 18971 21:0 8065
8064 19102 21:0 8129
8128 18872 21:0 8134
8133 147 21:0 8134
8133 19055 21:0 8134
8136 19137 21:0 8153
8152 19138 21:0 8205
8204 18907 21:0 8210
8209 19071 21:0 8215
8214 19103 21:0 8281
8280 19104 21:0 8286
8285 18937 21:0 8291
8290 19072 21:0 8346
8345 19171 21:0 8362
8361 19136 21:0 8367
8366 19135 21:0 8422
8421 19105 21:0 8438
8437 19170 21:0 8443
8442 19070 21:0 8493
8492 19004 21:0 8509
8508 19168 21:0 8519
8518 19169 21:0 8541
8540 19236 21:0 8585
8584 19201 21:0 8590
8589 19234 21:0 8609
8608 19202 21:0 8661
8660 19235 21:0 8666
8665 19237 21:0 8671
8670 19203 21:0 8737
8736 19204 21:0 8742
8741 19267 21:0 8747
8746 19268 21:0 8813
8812 19270 21:0 8818
8817 19269 21:0 8823
8822 19048 21:0 8823
8843 19445 21:0 8853
8847 16167 1:0 8880
8852 19300 21:0 8879
8878 19302 21:0 8887
8884 16171 1:0 8891
8884 16174 1:0 8901
8884 16224 1:0 9011
8884 16228 1:0 9022
8885 16231 1:0 9032
8885 16281 1:0 9142
8885 16285 1:0 9153
8885 16288 1:0 9163
8885 16338 1:0 9273
8885 16342 1:0 9284
8886 19301 21:0 8890
8889 19303 21:0 8899
8898 18962 21:0 8899
8898 19088 21:0 8899
8900 16345 1:0 9294
8900 19303 1:0 9315
8900 19301 1:0 9398
8900 16395 1:0 9404
8900 19302 1:0 9406
8900 16399 1:0 9415
8900 19300 1:0 9416
8900 16402 1:0 9425
8900 16434 1:0 9446
8900 19269 1:0 9446
8903 16174 21:0 8927
8921 19270 1:0 9529
8926 18883 21:0 8962
8933 19268 1:0 9536
8961 18922 21:0 8978
8974 16452 1:0 9535
8977 18903 21:0 8981
8980 18854 21:0 9007
8987 19267 1:0 9547
9006 16171 21:0 9007
9006 16167 21:0 9007
9006 16203 21:0 9007
9006 16206 21:0 9010
9013 16224 21:0 9018
9015 16456 1:0 9546
9016 16459 1:0 9556
9016 19237 1:0 9577
9016 19235 1:0 9660
9024 16228 21:0 9027
9025 16509 1:0 9666
9025 19236 1:0 9668
9025 19234 1:0 9678
9028 16513 1:0 9677
9033 19204 1:0 9708
9034 16231 21:0 9058
9036 16516 1:0 9687
9051 16534 1:0 9708
9064 19203 1:0 9791
9096 16258 21:0 9099
9144 16281 21:0 9149
9146 19202 1:0 9798
9147 16566 1:0 9797
9147 16570 1:0 9808
9147 19201 1:0 9809
9155 16285 21:0 9158
9156 16573 1:0 9818
9156 19169 1:0 9839
9156 19171 1:0 9922
9162 19170 1:0 9930
9164 16623 1:0 9928
9165 16288 21:0 9189
9190 19168 1:0 9940
9192 16306 21:0 9224
9195 16627 1:0 9939
9227 16315 21:0 9230
9237 16317 21:0 9240
9247 16320 21:0 9269
9275 16338 21:0 9280
9277 19136 1:0 9970
9278 16630 1:0 9949
9278 19138 1:0 10053
9286 16342 21:0 9289
9287 16680 1:0 10059
9287 19137 1:0 10061
9287 16684 1:0 10070
9287 19135 1:0 10071
9293 19105 1:0 10101
9295 16687 1:0 10080
9295 147 1:0 10094
9295 16714 1:0 10101
9296 16345 21:0 9320
9314 19104 1:0 10184
9406 16395 21:0 9411
9408 16737 1:0 10190
9408 19103 1:0 10191
9409 16744 1:0 10195
9409 16741 1:0 10201
9409 19102 1:0 10202
9417 16399 21:0 9420
9418 19070 1:0 10232
9418 19088 1:0 10232
9418 16965 1:0 10232
9421 19072 1:0 10315
9426 19071 1:0 10323
9427 16402 21:0 9451
9429 16801 1:0 10326
9444 16794 1:0 10321
9499 16431 21:0 9502
9509 16434 21:0 9531
9537 16452 21:0 9542
9539 16798 1:0 10332
9539 19069 1:0 10333
9540 19055 1:0 10363
9540 19037 1:0 10363
9540 19048 1:0 10363
9548 16456 21:0 9551
9549 19039 1:0 10446
9549 16851 1:0 10452
9549 19038 1:0 10454
9549 17079 1:0 10457
9555 16855 1:0 10463
9555 19036 1:0 10464
9558 16459 21:0 9582
9576 16858 1:0 10473
9576 19004 1:0 10494
9588 17136 1:0 10494
9588 16887 1:0 10494
9630 16488 21:0 9633
9668 16509 21:0 9673
9670 19006 1:0 10577
9671 16908 1:0 10583
9671 19005 1:0 10585
9671 17086 1:0 10588
9679 16513 21:0 9682
9680 16912 1:0 10594
9680 19003 1:0 10595
9680 18971 1:0 10625
9683 16915 1:0 10604
9686 16969 1:0 10625
9689 16516 21:0 9713
9691 18973 1:0 10708
9719 18972 1:0 10716
9751 16543 21:0 9754
9799 16566 21:0 9804
9801 69 1:0 10719
9801 16972 1:0 10719
9802 18970 1:0 10726
9802 18962 1:0 10728
9802 18938 1:0 10756
9810 16570 21:0 9813
9811 18948 1:0 10756
9811 17022 1:0 10756
9811 18940 1:0 10839
9817 18939 1:0 10847
9817 17083 1:0 10850
9817 18922 1:0 10850
9820 16573 21:0 9844
9838 17026 1:0 10856
9838 18937 1:0 10857
9838 17047 1:0 10859
9882 16600 21:0 9885
9930 16623 21:0 9935
9932 18907 1:0 10887
9932 18909 1:0 10887
9933 17029 1:0 10866
9933 18905 1:0 10970
9941 16627 21:0 9944
9942 18906 1:0 10978
9942 18903 1:0 10981
9942 18883 1:0 10981
9942 18904 1:0 10988
9945 18882 1:0 10990
9950 18872 1:0 11018
9951 16630 21:0 9975
9953 18890 1:0 11018
9968 18887 1:0 11018
10061 16680 21:0 10066
10063 18874 1:0 11101
10064 18873 1:0 11109
10064 15 1:0 11112
10064 17140 1:0 11112
10064 18871 1:0 11119
10072 16684 21:0 10075
10073 18850 1:0 11121
10073 11 1:0 11123
10073 17143 1:0 11124
10073 18869 1:0 11129
10073 18858 1:0 11149
10073 18854 1:0 11149
10073 18856 1:0 11158
10073 337 1:0 11230
10082 16687 21:0 10106
10154 16716 21:0 10157
10192 16737 21:0 10197
10203 16741 21:0 10206
10213 16744 21:0 10237
10285 16773 21:0 10288
10323 16794 21:0 10328
10334 16798 21:0 10337
10344 16801 21:0 10368
10406 16828 21:0 10409
10426 16833 21:0 10448
10454 16851 21:0 10459
10465 16855 21:0 10468
10475 16858 21:0 10499
10502 16876 21:0 10534
10547 16887 21:0 10550
10557 16890 21:0 10579
10585 16908 21:0 10590
10596 16912 21:0 10599
10606 16915 21:0 10630
10678 16944 21:0 10681
10716 16965 21:0 10721
10727 16969 21:0 10730
10737 16972 21:0 10761
10847 17022 21:0 10852
10858 17026 21:0 10861
10868 17029 21:0 10892
10895 17047 21:0 10927
10930 17056 21:0 10933
10940 17058 21:0 10943
10978 17079 21:0 10983
10989 17083 21:0 10992
10999 17086 21:0 11023
11081 17118 21:0 11103
11109 17136 21:0 11114
11120 17140 21:0 11123
11130 17143 21:0 11154
11228 336 21:0 11246
11245 20500 21:0 11278
11277 5 21:0 11278
11277 7 21:0 11278
11285 337 21:0 11294
11293 20507 21:0 11294
11293 20508 21:0 11294
11296 20522 21:0 11304
11303 15 21:0 11304
11303 20501 21:0 11304
11304 20525 21:0 11370
11369 20524 21:0 11375
11374 20523 21:0 11380
11379 23 21:0 11380
11380 20558 21:0 11446
11445 20586 21:0 11446
11445 20553 21:0 11448
11448 20588 21:0 11456
11455 43 21:0 11456
11455 20567 21:0 11456
11455 47 21:0 11456
11456 20591 21:0 11522
11521 20557 21:0 11527
11526 57 21:0 11527
11526 20606 21:0 11527
11526 59 21:0 11529
11529 20623 21:0 11546
11545 20590 21:0 11598
11597 21 21:0 11598
11597 79 21:0 11598
11597 20600 21:0 11598
11600 20654 21:0 11608
11607 20633 21:0 11608
11607 65 21:0 11608
11608 20657 21:0 11674
11673 20655 21:0 11679
11678 20687 21:0 11684
11683 99 21:0 11684
11684 20690 21:0 11750
11749 20689 21:0 11755
11754 20670 21:0 11755
11757 20721 21:0 11778
11777 20723 21:0 11826
11825 123 21:0 11826
11825 131 21:0 11826
11828 20753 21:0 11836
11835 20621 21:0 11886
11885 20722 21:0 11902
11901 20754 21:0 11912
11911 49 21:0 11912
11911 151 21:0 11912
11911 20659 21:0 11912
11911 111 21:0 11912
11911 129 21:0 11912
11912 20789 21:0 11978
11977 20589 21:0 11983
11982 20656 21:0 11988
11987 20788 21:0 12054
12053 20688 21:0 12059
12058 20756 21:0 12064
12063 20787 21:0 12119
12118 20786 21:0 12135
12134 20755 21:0 12140
12139 20819 21:0 12195
12194 20622 21:0 12211
12210 20822 21:0 12216
12215 20852 21:0 12266
12265 20821 21:0 12282
12281 20555 21:0 12292
12291 20556 21:0 12314
12313 20720 21:0 12358
12357 20624 21:0 12363
12362 20854 21:0 12382
12381 20820 21:0 12434
12433 20855 21:0 12439
12438 20888 21:0 12444
12443 20887 21:0 12510
12509 20885 21:0 12515
12514 20918 21:0 12520
12519 20853 21:0 12586
12585 20886 21:0 12591
12590 20919 21:0 12596
12595 20920 21:0 12649
12645 16167 1:0 12653
12646 16171 1:0 12664
12646 16174 1:0 12674
12646 16203 1:0 12746
12646 16206 1:0 12756
12648 20921 21:0 12652
12650 16224 1:0 12784
12651 21096 21:0 12657
12656 20986 21:0 12663
12657 16228 1:0 12795
12657 16231 1:0 12805
12657 16258 1:0 12867
12657 16281 1:0 12915
12657 16285 1:0 12926
12662 20984 21:0 12669
12668 20987 21:0 12683
12682 20951 21:0 12760
12759 20953 21:0 12783
12782 20985 21:0 12791
12790 20954 21:0 12794
12792 16288 1:0 12936
12792 16306 1:0 12938
12792 16320 1:0 12938
12792 16317 1:0 12950
12792 16315 1:0 12957
12792 20985 1:0 12957
12792 20987 1:0 13040
12792 16338 1:0 13046
12792 20986 1:0 13048
12792 16342 1:0 13057
12792 20984 1:0 13058
12793 20952 21:0 12803
12802 20619 21:0 12803
12802 20738 21:0 12809
12804 16345 1:0 13067
12804 20952 1:0 13088
12804 20954 1:0 13171
12804 16395 1:0 13177
12804 20953 1:0 13179
12804 16399 1:0 13188
12804 20951 1:0 13189
12804 16402 1:0 13198
12804 16434 1:0 13212
12804 20921 1:0 13219
12804 16431 1:0 13219
12804 20920 1:0 13302
12804 16452 1:0 13308
12804 20919 1:0 13309
12804 16456 1:0 13319
12804 20918 1:0 13320
12804 16459 1:0 13329
12804 20886 1:0 13350
12804 16488 1:0 13350
12804 20888 1:0 13433
12804 16509 1:0 13439
12804 20887 1:0 13441
12804 20885 1:0 13451
12806 16513 1:0 13450
12808 103 21:0 12831
12825 16516 1:0 13460
12825 20853 1:0 13481
12825 16543 1:0 13481
12830 20712 21:0 12866
12865 16231 21:0 12882
12878 20855 1:0 13564
12881 11 21:0 12887
12886 16224 21:0 12911
12891 20854 1:0 13572
12906 16566 1:0 13570
12910 16171 21:0 12911
12910 16228 21:0 12911
12910 16174 21:0 12914
12913 16249 21:0 12914
12913 16167 21:0 12914
12913 16192 21:0 12914
12917 16281 21:0 12922
12919 16570 1:0 13581
12919 20852 1:0 13582
12920 16573 1:0 13591
12920 20820 1:0 13612
12920 16600 1:0 13612
12928 16285 21:0 12931
12929 20822 1:0 13695
12929 16623 1:0 13701
12929 20821 1:0 13703
12932 16630 1:0 13706
12937 20819 1:0 13713
12938 16288 21:0 12962
12940 16627 1:0 13712
12968 16741 1:0 13743
12968 20787 1:0 13743
13048 16338 21:0 13053
13050 20789 1:0 13826
13051 16680 1:0 13832
13051 20788 1:0 13834
13051 16684 1:0 13837
13059 16342 21:0 13062
13060 20786 1:0 13844
13060 16687 1:0 13846
13060 16716 1:0 13846
13063 20755 1:0 13874
13066 16744 1:0 13874
13066 151 1:0 13874
13066 16794 1:0 13874
13069 16345 21:0 13093
13086 20756 1:0 13957
13099 20754 1:0 13964
13151 16377 21:0 13173
13179 16395 21:0 13184
13181 16737 1:0 13963
13181 16915 1:0 13968
13182 20753 1:0 13975
13182 16798 1:0 13977
13182 131 1:0 13977
13182 129 1:0 13977
13190 16399 21:0 13193
13191 20722 1:0 14005
13191 16965 1:0 14005
13191 16773 1:0 14005
13191 20738 1:0 14005
13191 20723 1:0 14088
13197 20721 1:0 14095
13197 16855 1:0 14099
13199 123 1:0 14099
13200 16402 21:0 13224
13218 20720 1:0 14106
13230 111 1:0 14108
13230 20712 1:0 14108
13230 16833 1:0 14108
13272 16431 21:0 13275
13282 16434 21:0 13304
13310 16452 21:0 13315
13312 20688 1:0 14136
13313 16801 1:0 14115
13313 16828 1:0 14136
13313 103 1:0 14136
13313 20690 1:0 14219
13321 16456 21:0 13324
13322 16851 1:0 14225
13322 20689 1:0 14227
13322 16908 1:0 14230
13325 20687 1:0 14237
13325 16890 1:0 14239
13325 99 1:0 14239
13328 16876 1:0 14239
13328 16858 1:0 14239
13331 16459 21:0 13355
13348 20656 1:0 14267
13349 16887 1:0 14267
13349 20670 1:0 14267
13349 20659 1:0 14267
13393 16486 21:0 13396
13441 16509 21:0 13446
13443 20657 1:0 14350
13444 20655 1:0 14357
13444 17022 1:0 14361
13444 16912 1:0 14361
13452 16513 21:0 13455
13453 20654 1:0 14368
13453 16969 1:0 14370
13453 16944 1:0 14370
13453 16972 1:0 14398
13453 20624 1:0 14398
13456 79 1:0 14398
13456 20633 1:0 14398
13461 20622 1:0 14481
13462 16516 21:0 13486
13480 20623 1:0 14489
13489 16534 21:0 13521
13492 20619 1:0 14492
13572 16566 21:0 13577
13574 49 1:0 14492
13575 20621 1:0 14499
13575 57 1:0 14501
13575 65 1:0 14501
13575 20589 1:0 14529
13575 20606 1:0 14529
13583 16570 21:0 13586
13584 20600 1:0 14529
13584 59 1:0 14529
13584 20591 1:0 14612
13587 20590 1:0 14620
13590 17026 1:0 14623
13590 17029 1:0 14623
13593 16573 21:0 13617
13610 20588 1:0 14630
13610 43 1:0 14632
13610 17047 1:0 14632
13610 17056 1:0 14632
13611 47 1:0 14632
13675 16605 21:0 13697
13703 16623 21:0 13708
13705 20586 1:0 14640
13705 20567 1:0 14660
13705 20556 1:0 14660
13705 17058 1:0 14660
13706 20558 1:0 14743
13714 16627 21:0 13717
13715 17079 1:0 14749
13715 20557 1:0 14751
13715 17086 1:0 14754
13715 17083 1:0 14760
13715 20555 1:0 14761
13715 17118 1:0 14763
13718 21 1:0 14763
13723 20523 1:0 14791
13724 16630 21:0 13748
13726 17140 1:0 14791
13741 20553 1:0 14771
13741 23 1:0 14791
13754 20525 1:0 14874
13806 16662 21:0 13828
13834 16680 21:0 13839
13836 20524 1:0 14882
13837 17136 1:0 14880
13837 15 1:0 14885
13837 20522 1:0 14892
13837 11 1:0 14894
13845 16684 21:0 13848
13846 17143 1:0 14897
13846 20501 1:0 14897
13846 20507 1:0 14925
13846 20500 1:0 14925
13846 20508 1:0 14925
13846 7 1:0 14925
13846 5 1:0 14968
13846 337 1:0 14976
13846 338 1:0 15003
13855 16687 21:0 13879
13965 16737 21:0 13970
13976 16741 21:0 13979
13986 16744 21:0 14010
14096 16794 21:0 14101
14107 16798 21:0 14110
14117 16801 21:0 14141
14144 16819 21:0 14176
14189 16830 21:0 14192
14227 16851 21:0 14232
14238 16855 21:0 14241
14248 16858 21:0 14272
14275 16876 21:0 14307
14358 16908 21:0 14363
14369 16912 21:0 14372
14379 16915 21:0 14403
14441 16942 21:0 14444
14489 16965 21:0 14494
14500 16969 21:0 14503
14510 16972 21:0 14534
14537 16990 21:0 14569
14582 17001 21:0 14585
14620 17022 21:0 14625
14631 17026 21:0 14634
14641 17029 21:0 14665
14713 17058 21:0 14716
14751 17079 21:0 14756
14762 17083 21:0 14765
14772 17086 21:0 14796
14799 17104 21:0 14831
14882 17136 21:0 14887
14893 17140 21:0 14896
14903 17143 21:0 14927
14930 17161 21:0 14962
15001 337 21:0 15019
15018 22151 21:0 15051
15051 22161 21:0 15056
15055 3 21:0 15056
15058 338 21:0 15067
15066 22158 21:0 15067
15066 22159 21:0 15067
15069 22173 21:0 15077
15076 11 21:0 15077
15076 22171 21:0 15077
15077 22176 21:0 15143
15142 22175 21:0 15148
15147 22192 21:0 15148
15150 22208 21:0 15171
15170 22207 21:0 15219
15218 22226 21:0 15219
15218 22227 21:0 15219
15221 22239 21:0 15229
15228 22241 21:0 15279
15278 22240 21:0 15295
15294 51 21:0 15300
15299 22238 21:0 15300
15299 21 21:0 15300
15299 49 21:0 15300
15299 45 21:0 15302
15302 22274 21:0 15319
15318 22275 21:0 15371
15370 22272 21:0 15376
15375 81 21:0 15376
15378 22307 21:0 15395
15394 22273 21:0 15447
15446 97 21:0 15447
15446 22326 21:0 15447
15446 22317 21:0 15447
15449 22338 21:0 15457
15456 22340 21:0 15507
15506 22305 21:0 15523
15522 22297 21:0 15528
15527 67 21:0 15528
15527 103 21:0 15528
15527 111 21:0 15528
15530 22372 21:0 15551
15550 22242 21:0 15599
15598 22390 21:0 15599
15598 22392 21:0 15599
15601 22404 21:0 15609
15608 22306 21:0 15659
15658 22341 21:0 15675
15674 22374 21:0 15685
15684 22439 21:0 15707
15706 22174 21:0 15751
15750 22339 21:0 15756
15755 22373 21:0 15775
15774 22405 21:0 15827
15826 22438 21:0 15832
15831 22406 21:0 15837
15836 22308 21:0 15903
15902 22471 21:0 15908
15907 22206 21:0 15913
15912 22470 21:0 15979
15978 22473 21:0 15984
15983 22407 21:0 15989
15988 22503 21:0 16051
16050 22371 21:0 16060
16059 22437 21:0 16065
16064 22472 21:0 16120
16119 22440 21:0 16136
16135 22539 21:0 16141
16140 22209 21:0 16191
16190 22505 21:0 16207
16206 22537 21:0 16217
16216 22504 21:0 16235
16234 22536 21:0 16283
16282 22538 21:0 16288
16287 22506 21:0 16307
16306 22572 21:0 16359
16358 22570 21:0 16364
16363 22602 21:0 16384
16383 22569 21:0 16422
16385 16167 1:0 16426
16385 16171 1:0 16437
16421 22571 21:0 16433
16430 16174 1:0 16447
16430 16192 1:0 16474
16430 16224 1:0 16557
16430 16228 1:0 16568
16431 16231 1:0 16578
16431 16249 1:0 16605
16431 16281 1:0 16688
16431 16285 1:0 16699
16432 22747 21:0 16433
16432 22604 21:0 16436
16435 22638 21:0 16445
16444 22637 21:0 16473
16472 22636 21:0 16553
16552 22635 21:0 16556
16554 16288 1:0 16709
16554 22636 1:0 16730
16554 22638 1:0 16813
16554 16338 1:0 16819
16554 22637 1:0 16821
16555 22603 21:0 16567
16557 16342 1:0 16830
16557 22635 1:0 16831
16566 22605 21:0 16573
16572 22205 21:0 16573
16572 22277 21:0 16576
16574 16345 1:0 16840
16574 22605 1:0 16861
16574 16377 1:0 16861
16574 22603 1:0 16944
16574 16395 1:0 16950
16574 22604 1:0 16952
16574 16399 1:0 16961
16574 22602 1:0 16962
16574 16402 1:0 16971
16574 16434 1:0 16985
16574 22571 1:0 16992
16574 16431 1:0 16992
16574 22572 1:0 17075
16574 16452 1:0 17081
16574 22570 1:0 17082
16574 16456 1:0 17092
16574 22569 1:0 17093
16574 16459 1:0 17102
16574 22538 1:0 17123
16574 16486 1:0 17123
16574 22539 1:0 17206
16574 22537 1:0 17213
16575 22350 21:0 16576
16575 22156 21:0 16576
16575 16228 21:0 16601
16577 16509 1:0 17212
16577 16513 1:0 17223
16577 22536 1:0 17224
16598 16516 1:0 17233
16598 16534 1:0 17254
16598 22506 1:0 17254
16600 16231 21:0 16604
16603 16174 21:0 16645
16610 22504 1:0 17337
16644 16224 21:0 16655
16654 16171 21:0 16679
16678 16167 21:0 16684
16690 16281 21:0 16695
16692 16566 1:0 17343
16692 22505 1:0 17345
16693 16570 1:0 17354
16693 22503 1:0 17355
16701 16285 21:0 16704
16702 16573 1:0 17364
16702 16605 1:0 17385
16702 22472 1:0 17385
16702 22473 1:0 17468
16708 16623 1:0 17474
16708 22471 1:0 17475
16711 16288 21:0 16735
16728 22470 1:0 17486
16729 16627 1:0 17485
16773 16315 21:0 16776
16821 16338 21:0 16826
16823 16630 1:0 17495
16823 16662 1:0 17516
16823 22440 1:0 17516
16824 22438 1:0 17599
16832 16342 21:0 16835
16833 16680 1:0 17605
16833 22439 1:0 17607
16833 16684 1:0 17616
16833 22437 1:0 17617
16839 16687 1:0 17626
16839 22407 1:0 17647
16842 16345 21:0 16866
16860 22406 1:0 17730
16869 16363 21:0 16901
16914 16374 21:0 16917
16924 16377 21:0 16946
16952 16395 21:0 16957
16954 16737 1:0 17736
16954 22405 1:0 17737
16954 16741 1:0 17741
16955 22404 1:0 17748
16955 16744 1:0 17750
16963 16399 21:0 16966
16964 22373 1:0 17778
16964 16965 1:0 17778
16964 22390 1:0 17778
16964 22392 1:0 17778
16964 22374 1:0 17861
16970 22372 1:0 17868
16970 16798 1:0 17872
16972 16794 1:0 17867
16973 16402 21:0 16997
16991 22371 1:0 17879
16991 111 1:0 17881
17003 16801 1:0 17881
17003 16819 1:0 17881
17083 16452 21:0 17088
17085 22339 1:0 17909
17086 16830 1:0 17909
17086 22350 1:0 17909
17086 103 1:0 17909
17086 22341 1:0 17992
17094 16456 21:0 17097
17095 16851 1:0 17998
17095 22340 1:0 18000
17095 16858 1:0 18003
17101 16855 1:0 18009
17101 16876 1:0 18009
17101 22338 1:0 18010
17101 22326 1:0 18012
17104 16459 21:0 17128
17121 22308 1:0 18040
17122 97 1:0 18040
17122 22317 1:0 18040
17122 16908 1:0 18040
17214 16509 21:0 17219
17216 22306 1:0 18123
17217 22307 1:0 18131
17217 16915 1:0 18134
17217 16912 1:0 18134
17225 16513 21:0 17228
17226 22305 1:0 18141
17226 81 1:0 18143
17226 22277 1:0 18143
17226 67 1:0 18171
17226 22273 1:0 18171
17229 22297 1:0 18156
17229 16942 1:0 18171
17234 22275 1:0 18254
17235 16516 21:0 17259
17253 22274 1:0 18262
17265 17026 1:0 18265
17345 16566 21:0 17350
17347 16972 1:0 18265
17348 16969 1:0 18271
17348 22272 1:0 18272
17348 16990 1:0 18274
17348 49 1:0 18302
17348 22242 1:0 18302
17356 16570 21:0 17359
17357 17001 1:0 18302
17357 17022 1:0 18302
17357 22240 1:0 18385
17360 22241 1:0 18393
17363 51 1:0 18396
17363 22238 1:0 18396
17366 16573 21:0 17390
17383 22239 1:0 18403
17384 45 1:0 18402
17384 22227 1:0 18405
17384 17029 1:0 18405
17476 16623 21:0 17481
17478 17079 1:0 18433
17478 22209 1:0 18433
17479 17058 1:0 18433
17479 22226 1:0 18433
17479 22207 1:0 18516
17487 16627 21:0 17490
17488 22208 1:0 18524
17488 22205 1:0 18527
17488 17086 1:0 18527
17488 22206 1:0 18534
17491 17083 1:0 18533
17491 21 1:0 18536
17491 17104 1:0 18536
17496 22174 1:0 18564
17497 16630 21:0 17521
17499 17140 1:0 18564
17514 22192 1:0 18564
17579 16662 21:0 17601
17607 16680 21:0 17612
17609 22176 1:0 18647
17610 17136 1:0 18653
17610 22175 1:0 18655
17610 17143 1:0 18658
17610 22173 1:0 18665
17618 16684 21:0 17621
17619 22156 1:0 18667
17619 11 1:0 18669
17619 22171 1:0 18670
17619 22158 1:0 18698
17619 22159 1:0 18698
17619 22161 1:0 18698
17619 17161 1:0 18698
17619 22151 1:0 18698
17619 3 1:0 18749
17619 338 1:0 18749
17622 339 1:0 18776
17628 16687 21:0 17652
17655 16705 21:0 17687
17700 16716 21:0 17703
17738 16737 21:0 17743
17749 16741 21:0 17752
17759 16744 21:0 17783
17869 16794 21:0 17874
17880 16798 21:0 17883
17890 16801 21:0 17914
18000 16851 21:0 18005
18011 16855 21:0 18014
18021 16858 21:0 18045
18131 16908 21:0 18136
18142 16912 21:0 18145
18152 16915 21:0 18176
18179 16933 21:0 18211
18262 16965 21:0 18267
18273 16969 21:0 18276
18283 16972 21:0 18307
18393 17022 21:0 18398
18404 17026 21:0 18407
18414 17029 21:0 18438
18524 17079 21:0 18529
18535 17083 21:0 18538
18545 17086 21:0 18569
18627 17118 21:0 18649
18655 17136 21:0 18660
18666 17140 21:0 18669
18676 17143 21:0 18700
18774 338 21:0 18792
18791 23802 21:0 18824
18823 17175 21:0 18829
18829 23811 21:0 18840
18839 23810 21:0 18840
18839 23807 21:0 18840
18842 23824 21:0 18850
18849 11 21:0 18850
18849 23823 21:0 18850
18850 23827 21:0 18916
18915 23825 21:0 18921
18920 23844 21:0 18921
18920 25 21:0 18921
18923 23858 21:0 18944
18943 23857 21:0 18992
18991 23859 21:0 18997
18999 23892 21:0 19020
19019 23893 21:0 19068
19067 23891 21:0 19073
19072 23923 21:0 19092
19091 23926 21:0 19144
19143 23925 21:0 19149
19148 79 21:0 19149
19148 45 21:0 19149
19148 23915 21:0 19149
19148 61 21:0 19151
19151 23957 21:0 19168
19167 23959 21:0 19220
19219 23958 21:0 19225
19224 21 21:0 19225
19224 39 21:0 19225
19224 81 21:0 19227
19227 23990 21:0 19244
19243 23992 21:0 19296
19295 24001 21:0 19296
19295 115 21:0 19296
19298 24022 21:0 19306
19305 23890 21:0 19356
19355 23860 21:0 19372
19371 23991 21:0 19382
19381 133 21:0 19382
19381 119 21:0 19382
19381 24014 21:0 19382
19382 24058 21:0 19448
19447 24055 21:0 19453
19452 155 21:0 19453
19452 147 21:0 19453
19452 149 21:0 19455
19455 24090 21:0 19472
19471 24089 21:0 19524
19523 24088 21:0 19529
19528 24056 21:0 19534
19533 23826 21:0 19600
19599 23924 21:0 19605
19604 23956 21:0 19610
19609 24154 21:0 19676
19675 24121 21:0 19681
19680 24124 21:0 19686
19685 23989 21:0 19741
19740 24024 21:0 19757
19756 24091 21:0 19762
19761 24122 21:0 19817
19816 24023 21:0 19833
19832 24057 21:0 19838
19837 24156 21:0 19888
19887 24190 21:0 19904
19903 24025 21:0 19914
19913 24155 21:0 19936
19935 24123 21:0 19980
19979 24188 21:0 19985
19984 24187 21:0 20004
20003 24157 21:0 20056
20055 24189 21:0 20061
20060 24222 21:0 20077
20076 24220 21:0 20132
20131 24253 21:0 20137
20136 24221 21:0 20142
20141 24223 21:0 20195
20165 16167 1:0 20199
20194 24256 21:0 20203
20202 24255 21:0 20209
20203 16171 1:0 20210
20203 16174 1:0 20220
20203 16224 1:0 20330
20203 16228 1:0 20341
20204 16231 1:0 20351
20204 16281 1:0 20461
20204 16285 1:0 20472
20208 24286 21:0 20215
20214 24289 21:0 20231
20230 24287 21:0 20310
20309 24288 21:0 20329
20328 24254 21:0 20337
20330 16288 1:0 20482
20330 16315 1:0 20503
20330 24288 1:0 20503
20330 24289 1:0 20586
20330 16338 1:0 20592
20330 24287 1:0 20593
20330 16342 1:0 20603
20330 24286 1:0 20604
20336 24398 21:0 20337
20336 24075 21:0 20340
20338 16345 1:0 20613
20338 24254 1:0 20634
20338 16377 1:0 20634
20338 16363 1:0 20634
20338 16374 1:0 20634
20338 24256 1:0 20717
20338 16395 1:0 20723
20338 24255 1:0 20725
20338 16399 1:0 20734
20338 24253 1:0 20735
20338 16402 1:0 20744
20338 24223 1:0 20765
20338 24221 1:0 20848
20338 16452 1:0 20854
20338 24222 1:0 20856
20338 24220 1:0 20866
20339 24021 21:0 20340
20339 24086 21:0 20340
20339 23942 21:0 20346
20341 16456 1:0 20865
20344 16459 1:0 20875
20344 24189 1:0 20896
20344 24190 1:0 20979
20345 339 21:0 20346
20345 16224 21:0 20346
20345 16228 21:0 20349
20347 24188 1:0 20986
20348 16174 21:0 20349
20348 151 21:0 20349
20348 16171 21:0 20349
20348 16203 21:0 20349
20350 16509 1:0 20985
20350 16513 1:0 20996
20350 24187 1:0 20997
20353 16231 21:0 20377
20370 24157 1:0 21027
20371 16516 1:0 21006
20376 16167 21:0 20412
20411 16249 21:0 20418
20463 16281 21:0 20468
20465 24155 1:0 21110
20466 16566 1:0 21116
20466 24156 1:0 21118
20466 16570 1:0 21127
20466 24154 1:0 21128
20474 16285 21:0 20477
20475 16573 1:0 21137
20475 24123 1:0 21158
20478 24124 1:0 21241
20483 24122 1:0 21248
20484 16288 21:0 20508
20486 16687 1:0 21252
20501 16623 1:0 21247
20556 16317 21:0 20559
20566 16320 21:0 20588
20594 16338 21:0 20599
20596 16627 1:0 21258
20596 24121 1:0 21259
20596 16662 1:0 21261
20597 16630 1:0 21268
20597 16680 1:0 21289
20597 24091 1:0 21289
20605 16342 21:0 20608
20606 24089 1:0 21372
20606 24090 1:0 21380
20606 24086 1:0 21383
20606 16684 1:0 21383
20612 24088 1:0 21390
20612 151 1:0 21392
20612 149 1:0 21392
20612 147 1:0 21392
20612 16705 1:0 21392
20614 155 1:0 21392
20615 16345 21:0 20639
20633 24057 1:0 21420
20645 24075 1:0 21420
20677 16372 21:0 20680
20725 16395 21:0 20730
20727 16737 1:0 21420
20727 16716 1:0 21420
20728 24058 1:0 21503
20728 24056 1:0 21510
20728 16741 1:0 21514
20736 16399 21:0 20739
20737 24055 1:0 21521
20737 16744 1:0 21523
20737 24025 1:0 21551
20740 16794 1:0 21551
20743 16801 1:0 21551
20743 133 1:0 21551
20746 16402 21:0 20770
20748 24023 1:0 21634
20776 24024 1:0 21642
20776 16798 1:0 21645
20808 16429 21:0 20811
20818 16431 21:0 20821
20828 16434 21:0 20850
20856 16452 21:0 20861
20858 24021 1:0 21645
20859 24022 1:0 21652
20859 119 1:0 21654
20859 23991 1:0 21682
20859 24001 1:0 21682
20867 16456 21:0 20870
20868 24014 1:0 21667
20868 115 1:0 21682
20868 23992 1:0 21765
20871 23990 1:0 21772
20874 16851 1:0 21771
20877 16459 21:0 20901
20879 23989 1:0 21783
20894 16855 1:0 21782
20987 16509 21:0 20992
20989 16858 1:0 21792
20989 23958 1:0 21813
20990 23959 1:0 21896
20990 16908 1:0 21902
20990 23957 1:0 21903
20998 16513 21:0 21001
20999 16915 1:0 21907
20999 16912 1:0 21913
20999 23956 1:0 21914
21005 81 1:0 21937
21005 79 1:0 21944
21005 23942 1:0 21944
21005 16933 1:0 21944
21005 23924 1:0 21944
21008 16516 21:0 21032
21026 23926 1:0 22027
21118 16566 21:0 21123
21120 16965 1:0 22033
21120 23925 1:0 22035
21120 16972 1:0 22038
21121 16969 1:0 22044
21121 23923 1:0 22045
21129 16570 21:0 21132
21130 23915 1:0 22060
21130 23891 1:0 22075
21130 61 1:0 22075
21130 23893 1:0 22158
21136 17022 1:0 22164
21136 23892 1:0 22166
21139 16573 21:0 21163
21157 17026 1:0 22175
21157 23890 1:0 22176
21201 16600 21:0 21204
21221 16605 21:0 21243
21249 16623 21:0 21254
21251 17029 1:0 22185
21251 23860 1:0 22206
21251 45 1:0 22206
21251 39 1:0 22206
21252 23859 1:0 22289
21260 16627 21:0 21263
21261 17079 1:0 22295
21261 23858 1:0 22296
21261 17136 1:0 22300
21261 17083 1:0 22306
21261 23857 1:0 22307
21261 17118 1:0 22309
21264 21 1:0 22309
21264 17175 1:0 22529
21269 23826 1:0 22337
21270 16630 21:0 21294
21272 23844 1:0 22337
21287 17086 1:0 22316
21287 25 1:0 22337
21297 16648 21:0 21329
21380 16680 21:0 21385
21382 23827 1:0 22420
21383 23825 1:0 22427
21383 23823 1:0 22431
21383 17140 1:0 22437
21383 23824 1:0 22438
21391 16684 21:0 21394
21392 11 1:0 22442
21392 17143 1:0 22443
21392 23810 1:0 22468
21392 23811 1:0 22468
21392 339 1:0 22468
21392 23807 1:0 22477
21392 23802 1:0 22522
21392 340 1:0 22549
21401 16687 21:0 21425
21463 16714 21:0 21466
21473 16716 21:0 21476
21511 16737 21:0 21516
21522 16741 21:0 21525
21532 16744 21:0 21556
21559 16762 21:0 21591
21594 16771 21:0 21597
21642 16794 21:0 21647
21653 16798 21:0 21656
21663 16801 21:0 21687
21773 16851 21:0 21778
21784 16855 21:0 21787
21794 16858 21:0 21818
21866 16887 21:0 21869
21904 16908 21:0 21909
21915 16912 21:0 21918
21925 16915 21:0 21949
21987 16942 21:0 21990
21997 16944 21:0 22000
22035 16965 21:0 22040
22046 16969 21:0 22049
22056 16972 21:0 22080
22118 16999 21:0 22121
22166 17022 21:0 22171
22177 17026 21:0 22180
22187 17029 21:0 22211
22249 17056 21:0 22252
22269 17061 21:0 22291
22297 17079 21:0 22302
22308 17083 21:0 22311
22318 17086 21:0 22342
22380 17113 21:0 22383
22390 17115 21:0 22393
22428 17136 21:0 22433
22439 17140 21:0 22442
22449 17143 21:0 22473
22476 17161 21:0 22508
22511 17170 21:0 22514
22547 339 21:0 22565
22569 25454 21:0 22602
22601 3 21:0 22602
22604 340 21:0 22613
22612 25461 21:0 22613
22612 25458 21:0 22613
22615 25475 21:0 22623
22622 25476 21:0 22673
22672 25477 21:0 22689
22688 11 21:0 22694
22693 25486 21:0 22694
22693 25495 21:0 22694
22693 27 21:0 22696
22696 25510 21:0 22717
22716 25508 21:0 22765
22764 25511 21:0 22770
22769 43 21:0 22770
22772 25543 21:0 22793
22792 25478 21:0 22841
22840 25541 21:0 22846
22845 25562 21:0 22846
22845 59 21:0 22846
22848 25575 21:0 22865
22864 25576 21:0 22917
22916 25579 21:0 22917
22916 81 21:0 22917
22919 25607 21:0 22927
22926 25573 21:0 22927
22926 25540 21:0 22927
22927 25610 21:0 22993
22992 25609 21:0 22998
22997 25544 21:0 23003
23003 25643 21:0 23069
23068 25572 21:0 23069
23068 25612 21:0 23069
23068 115 21:0 23071
23071 25673 21:0 23079
23078 25641 21:0 23129
23128 25675 21:0 23145
23144 25608 21:0 23155
23154 25707 21:0 23205
23204 25708 21:0 23221
23220 25509 21:0 23231
23230 25640 21:0 23245
23244 25577 21:0 23297
23296 25706 21:0 23302
23301 25742 21:0 23321
23320 25676 21:0 23373
23372 25741 21:0 23378
23377 25772 21:0 23383
23382 25574 21:0 23449
23448 25739 21:0 23454
23453 25740 21:0 23459
23458 25709 21:0 23525
23524 25542 21:0 23530
23529 25773 21:0 23535
23534 25774 21:0 23590
23589 25642 21:0 23606
23605 25807 21:0 23611
23610 25806 21:0 23663
23662 25775 21:0 23682
23681 25805 21:0 23687
23686 25674 21:0 23737
23736 25808 21:0 23753
23752 25872 21:0 23763
23762 25840 21:0 23777
23776 25873 21:0 23829
23828 25838 21:0 23834
23833 25839 21:0 23853
23852 25874 21:0 23905
23904 25871 21:0 23910
23909 25841 21:0 23925
23924 25904 21:0 23968
23926 16167 1:0 23972
23967 25937 21:0 23979
23976 16171 1:0 23983
23976 16174 1:0 23993
23976 16203 1:0 24065
23976 16224 1:0 24103
23976 16228 1:0 24114
23977 16231 1:0 24124
23977 16249 1:0 24151
23977 16281 1:0 24234
23977 16285 1:0 24245
23977 16288 1:0 24255
23977 16317 1:0 24327
23977 16320 1:0 24337
23978 25907 21:0 23982
23981 25939 21:0 23988
23987 26049 21:0 23991
23989 16338 1:0 24365
23989 25939 1:0 24367
23989 16342 1:0 24376
23989 25937 1:0 24377
23989 16345 1:0 24386
23989 16372 1:0 24407
23989 25907 1:0 24490
23989 16395 1:0 24496
23989 16399 1:0 24507
23989 25904 1:0 24508
23990 25467 21:0 23991
23990 83 21:0 23991
23990 25493 21:0 23998
23992 16402 1:0 24517
23992 16434 1:0 24531
23992 16429 1:0 24531
23992 16431 1:0 24538
23992 25874 1:0 24538
23997 25460 21:0 24019
24012 25873 1:0 24621
24018 16151 21:0 24019
24022 16192 21:0 24054
24025 25872 1:0 24628
24057 16201 21:0 24060
24067 16203 21:0 24070
24077 16206 21:0 24099
24107 16452 1:0 24627
24108 16456 1:0 24638
24108 25871 1:0 24639
24108 25841 1:0 24669
24116 16228 21:0 24119
24117 16459 1:0 24648
24117 25839 1:0 24752
24120 25840 1:0 24760
24123 16509 1:0 24758
24126 16231 21:0 24150
24128 25838 1:0 24770
24143 16513 1:0 24769
24153 16249 21:0 24185
24156 25808 1:0 24800
24188 16258 21:0 24191
24198 16260 21:0 24201
24208 16263 21:0 24230
24236 16281 21:0 24241
24238 16516 1:0 24779
24239 25806 1:0 24883
24239 16566 1:0 24889
24239 25807 1:0 24891
24247 16285 21:0 24250
24248 16570 1:0 24900
24248 25805 1:0 24901
24248 25775 1:0 24931
24251 16573 1:0 24910
24251 16605 1:0 24931
24251 16600 1:0 24931
24256 25774 1:0 25014
24257 16288 21:0 24281
24282 25773 1:0 25021
24284 16306 21:0 24316
24287 16623 1:0 25020
24319 16315 21:0 24322
24329 16317 21:0 24332
24339 16320 21:0 24361
24367 16338 21:0 24372
24369 25772 1:0 25032
24370 16627 1:0 25031
24370 16630 1:0 25041
24370 16648 1:0 25062
24370 25740 1:0 25062
24378 16342 21:0 24381
24379 25742 1:0 25145
24379 16680 1:0 25151
24379 25741 1:0 25153
24385 25739 1:0 25163
24387 16684 1:0 25162
24388 16345 21:0 24412
24406 25709 1:0 25193
24415 16363 21:0 24447
24418 16687 1:0 25172
24418 16714 1:0 25186
24418 16716 1:0 25193
24450 16372 21:0 24453
24460 16374 21:0 24463
24470 16377 21:0 24492
24498 16395 21:0 24503
24500 25708 1:0 25276
24501 16737 1:0 25282
24501 25707 1:0 25283
24509 16399 21:0 24512
24510 16741 1:0 25293
24510 25706 1:0 25294
24510 16744 1:0 25303
24510 16762 1:0 25317
24510 25674 1:0 25324
24510 16771 1:0 25324
24516 25676 1:0 25407
24519 16402 21:0 24543
24537 16794 1:0 25413
24537 25675 1:0 25415
24546 16420 21:0 24578
24581 16429 21:0 24584
24591 16431 21:0 24594
24601 16434 21:0 24623
24629 16452 21:0 24634
24631 16798 1:0 25424
24631 25673 1:0 25425
24632 16801 1:0 25434
24632 115 1:0 25455
24632 25642 1:0 25455
24640 16456 21:0 24643
24641 25643 1:0 25538
24641 16851 1:0 25544
24641 25641 1:0 25545
24641 16855 1:0 25549
24647 25640 1:0 25556
24647 16858 1:0 25558
24650 16459 21:0 24674
24668 25608 1:0 25586
24675 25612 1:0 25586
24677 16477 21:0 24709
24680 16908 1:0 25586
24680 16887 1:0 25586
24712 16486 21:0 24715
24722 16488 21:0 24725
24732 16491 21:0 24754
24760 16509 21:0 24765
24762 25610 1:0 25669
24763 25609 1:0 25677
24763 16915 1:0 25680
24763 16912 1:0 25680
24771 16513 21:0 24774
24772 25607 1:0 25687
24772 83 1:0 25689
24772 81 1:0 25689
24772 16944 1:0 25689
24772 25577 1:0 25717
24775 25579 1:0 25717
24778 16965 1:0 25717
24778 16942 1:0 25717
24781 16516 21:0 24805
24783 25576 1:0 25800
24808 16534 21:0 24840
24811 25575 1:0 25807
24811 16972 1:0 25811
24843 16543 21:0 24846
24853 16545 21:0 24856
24863 16548 21:0 24885
24891 16566 21:0 24896
24893 25573 1:0 25811
24894 16969 1:0 25817
24894 25574 1:0 25818
24894 16999 1:0 25820
24894 59 1:0 25820
24894 25542 1:0 25848
24902 16570 21:0 24905
24903 25572 1:0 25828
24903 17022 1:0 25848
24903 25562 1:0 25848
24903 25544 1:0 25931
24909 25543 1:0 25939
24909 17086 1:0 25942
24909 25540 1:0 25942
24912 16573 21:0 24936
24930 17026 1:0 25948
24930 25541 1:0 25949
24930 17061 1:0 25951
24930 17056 1:0 25951
24939 16591 21:0 24971
24974 16600 21:0 24977
24984 16602 21:0 24987
24994 16605 21:0 25016
25022 16623 21:0 25027
25024 17029 1:0 25958
25024 25509 1:0 25979
25024 17083 1:0 25979
25024 43 1:0 25979
25025 25511 1:0 26062
25033 16627 21:0 25036
25034 17079 1:0 26068
25034 25510 1:0 26070
25034 17136 1:0 26073
25034 25508 1:0 26080
25034 27 1:0 26082
25034 17115 1:0 26082
25037 25493 1:0 26082
25042 25478 1:0 26110
25043 16630 21:0 25067
25045 25486 1:0 26110
25060 25495 1:0 26110
25060 17113 1:0 26110
25070 16648 21:0 25102
25073 25477 1:0 26193
25105 16657 21:0 25108
25115 16659 21:0 25118
25125 16662 21:0 25147
25153 16680 21:0 25158
25155 25476 1:0 26200
25156 25454 1:0 26204
25156 17143 1:0 26204
25156 17140 1:0 26210
25156 25475 1:0 26211
25164 16684 21:0 25167
25165 11 1:0 26215
25165 25460 1:0 26216
25165 25467 1:0 26226
25165 25458 1:0 26244
25165 17161 1:0 26244
25165 25461 1:0 26244
25165 17170 1:0 26282
25165 3 1:0 26295
25165 340 1:0 26295
25165 341 1:0 26322
25174 16687 21:0 25198
25201 16705 21:0 25233
25236 16714 21:0 25239
25246 16716 21:0 25249
25256 16719 21:0 25278
25284 16737 21:0 25289
25295 16741 21:0 25298
25305 16744 21:0 25329
25332 16762 21:0 25364
25367 16771 21:0 25370
25377 16773 21:0 25380
25387 16776 21:0 25409
25415 16794 21:0 25420
25426 16798 21:0 25429
25436 16801 21:0 25460
25463 16819 21:0 25495
25498 16828 21:0 25501
25508 16830 21:0 25511
25518 16833 21:0 25540
25546 16851 21:0 25551
25557 16855 21:0 25560
25567 16858 21:0 25591
25594 16876 21:0 25626
25629 16885 21:0 25632
25639 16887 21:0 25642
25649 16890 21:0 25671
25677 16908 21:0 25682
25688 16912 21:0 25691
25698 16915 21:0 25722
25725 16933 21:0 25757
25760 16942 21:0 25763
25770 16944 21:0 25773
25780 16947 21:0 25802
25808 16965 21:0 25813
25819 16969 21:0 25822
25829 16972 21:0 25853
25856 16990 21:0 25888
25891 16999 21:0 25894
25901 17001 21:0 25904
25911 17004 21:0 25933
25939 17022 21:0 25944
25950 17026 21:0 25953
25960 17029 21:0 25984
25987 17047 21:0 26019
26022 17056 21:0 26025
26032 17058 21:0 26035
26042 17061 21:0 26064
26070 17079 21:0 26075
26081 17083 21:0 26084
26091 17086 21:0 26115
26118 17104 21:0 26150
26153 17113 21:0 26156
26163 17115 21:0 26166
26173 17118 21:0 26195
26201 17136 21:0 26206
26212 17140 21:0 26215
26222 17143 21:0 26246
26249 17161 21:0 26281
26284 17170 21:0 26287
26294 17172 21:0 26297
26320 340 21:0 26338
26338 5 21:0 26342
26342 27105 21:0 26375
26374 7 21:0 26375
26374 27114 21:0 26375
26374 17175 21:0 26375
26374 3 21:0 26375
26375 27113 21:0 26386
26385 27124 21:0 26386
26385 27111 21:0 26386
26388 27126 21:0 26396
26395 27112 21:0 26396
26395 11 21:0 26396
26396 27129 21:0 26462
26398 27118 21:0 26398
26461 27131 21:0 26462
26461 27144 21:0 26462
26461 25 21:0 26464
26464 27159 21:0 26472
26467 33 21:0 26467
26471 27127 21:0 26522
26521 27128 21:0 26538
26537 41 21:0 26538
26537 43 21:0 26538
26537 27147 21:0 26538
26537 27180 21:0 26538
26537 23 21:0 26540
26540 27192 21:0 26548
26547 27193 21:0 26598
26597 27194 21:0 26614
26613 63 21:0 26616
26616 27225 21:0 26624
26619 27224 21:0 26619
26623 61 21:0 26624
26623 27171 21:0 26624
26623 27 21:0 26624
26623 59 21:0 26624
26623 27213 21:0 26624
26623 27170 21:0 26624
26624 27228 21:0 26690
26626 27217 21:0 26626
26681 27230 21:0 26681
26689 27195 21:0 26695
26694 27211 21:0 26695
26694 27246 21:0 26695
26694 77 21:0 26695
26694 81 21:0 26695
26694 39 21:0 26695
26694 79 21:0 26697
26695 27257 21:0 26695
26697 27259 21:0 26714
26713 27227 21:0 26766
26755 27278 21:0 26755
26765 27276 21:0 26766
26765 93 21:0 26766
26765 99 21:0 26768
26767 27279 21:0 26768
26768 27291 21:0 26776
26775 27293 21:0 26826
26825 27292 21:0 26842
26841 27294 21:0 26852
26851 27325 21:0 26874
26852 121 21:0 26852
26873 27258 21:0 26918
26907 27344 21:0 26907
26917 27327 21:0 26928
26923 27356 21:0 26923
26927 27357 21:0 26946
26945 27161 21:0 26994
26978 27373 21:0 26978
26978 27375 21:0 26978
26993 27358 21:0 26999
26994 155 21:0 26994
26998 27162 21:0 27018
27017 27390 21:0 27070
27067 27421 21:0 27067
27069 27260 21:0 27075
27070 173 21:0 27070
27074 27261 21:0 27080
27075 177 21:0 27075
27077 27425 21:0 27077
27077 27424 21:0 27077
27079 27326 21:0 27146
27091 27434 21:0 27091
27145 27226 21:0 27151
27148 27456 21:0 27148
27150 27359 21:0 27156
27155 27392 21:0 27211
27210 27393 21:0 27227
27219 27487 21:0 27219
27224 27489 21:0 27224
27226 27423 21:0 27232
27229 27490 21:0 27229
27231 27324 21:0 27287
27243 27500 21:0 27243
27286 27160 21:0 27303
27302 27458 21:0 27308
27305 27524 21:0 27305
27305 27523 21:0 27305
27307 27457 21:0 27358
27308 27525 21:0 27308
27310 27514 21:0 27310
27357 27360 21:0 27379
27358 27541 21:0 27358
27363 27542 21:0 27363
27371 27553 21:0 27371
27374 245 21:0 27374
27376 27555 21:0 27376
27378 27391 21:0 27384
27381 27557 21:0 27381
27383 27459 21:0 27434
27384 27558 21:0 27384
27433 27522 21:0 27450
27439 27575 21:0 27439
27449 27491 21:0 27460
27452 27588 21:0 27452
27457 27589 21:0 27457
27457 27590 21:0 27457
27459 27492 21:0 27474
27460 27591 21:0 27460
27473 27426 21:0 27526
27510 27604 21:0 27510
27525 27556 21:0 27531
27528 27621 21:0 27528
27530 27329 21:0 27536
27532 27556 1:0 27610
27532 27426 1:0 27660
27532 16206 1:0 27681
27532 27492 1:0 27681
27533 27623 21:0 27533
27533 27622 21:0 27533
27535 27422 21:0 27536
27535 27443 21:0 27536
27535 27277 21:0 27550
27536 27624 21:0 27536
27549 27336 21:0 27558
27557 27461 21:0 27591
27590 27316 21:0 27602
27601 105 21:0 27602
27601 193 21:0 27602
27601 27474 21:0 27607
27604 27654 21:0 27604
27606 129 21:0 27607
27606 171 21:0 27607
27606 225 21:0 27607
27606 111 21:0 27607
27606 255 21:0 27607
27606 165 21:0 27607
27606 147 21:0 27607
27606 153 21:0 27607
27606 75 21:0 27607
27606 57 21:0 27607
27606 201 21:0 27607
27606 243 21:0 27609
27608 45 21:0 27612
27609 27655 21:0 27609
27609 27656 21:0 27609
27611 221 21:0 27612
27611 273 21:0 27612
27611 261 21:0 27612
27611 279 21:0 27612
27611 21 21:0 27612
27611 207 21:0 27612
27611 237 21:0 27612
27611 205 21:0 27612
27611 117 21:0 27612
27611 189 21:0 27612
27611 135 21:0 27612
27611 9 21:0 27612
27611 183 21:0 27612
27611 133 21:0 27618
27612 27657 21:0 27612
27617 27609 21:0 27619
27618 27378 21:0 27620
27619 185 21:0 27626
27625 223 21:0 27626
27625 203 21:0 27626
27625 277 21:0 27626
27625 131 21:0 27626
27625 27444 21:0 27626
27625 149 21:0 27626
27625 239 21:0 27626
27625 27543 21:0 27626
27625 97 21:0 27626
27625 151 21:0 27626
27625 27411 21:0 27626
27625 187 21:0 27626
27625 113 21:0 27626
27625 27312 21:0 27626
27625 27576 21:0 27626
27625 257 21:0 27626
27625 115 21:0 27630
27629 95 21:0 27630
27629 27510 21:0 27630
27629 27345 21:0 27630
27629 27477 21:0 27630
27629 219 21:0 27634
27633 259 21:0 27653
27652 167 21:0 27662
27661 275 21:0 27662
27661 169 21:0 27662
27661 241 21:0 27662
27661 293 21:0 27662
27661 27642 21:0 27662
27661 295 21:0 27662
27661 291 21:0 27662
27661 297 21:0 27667
27666 309 21:0 27667
27666 311 21:0 27667
27666 27675 21:0 27667
27666 313 21:0 27667
27666 353 21:0 27667
27667 315 21:0 27678
27680 27687 21:0 27680
27682 27491 1:0 27707
27687 315 1:0 27701
27687 16395 1:0 27707
27687 16231 1:0 27707
27702 16151 1:0 27707
27702 309 1:0 27707
27708 27700 21:0 27718
27708 27522 1:0 27752
27721 16151 21:0 27738
27737 329 21:0 27751
27753 27459 1:0 27763
27761 16345 1:0 27763
27761 16281 1:0 27763
27764 27391 1:0 27772
27768 27687 1:0 27768
27770 12902 1:0 27772
27770 16192 1:0 27772
27770 12895 1:0 27772
27770 16338 1:0 27772
27773 12907 1:0 27800
27773 12906 1:0 27800
27773 12903 1:0 27800
27798 311 1:0 27800
27798 16201 1:0 27800
27798 27675 1:0 27800
27798 313 1:0 27800
27798 12901 1:0 27800
27798 353 1:0 27800
27798 12896 1:0 27800
27801 12904 1:0 27841
27824 353 21:0 27834
27836 12898 1:0 27841
27836 12900 1:0 27841
27836 16203 1:0 27841
27842 12908 1:0 27854
27852 12899 1:0 27854
27852 12897 1:0 27854
27855 12905 1:0 27930
27887 12896 21:0 27939
27940 12905 21:0 27972
27971 27657 1:0 27971
27971 12908 21:0 27972
27971 12904 21:0 27972
27971 16288 1:0 27973
27971 16285 1:0 27973
27971 297 1:0 27973
27971 16263 1:0 27973
27971 16249 1:0 27973
27971 12903 21:0 27975
27974 12906 21:0 27975
27974 12907 21:0 27975
27974 12897 21:0 27979
27974 27360 1:0 27984
27978 27655 1:0 27978
27978 12899 21:0 27980
27979 27656 1:0 27979
27979 12901 21:0 27983
27982 319 21:0 27983
27982 321 21:0 27983
27982 12895 21:0 27983
27982 12902 21:0 27983
27982 16228 1:0 27984
27982 16342 1:0 27984
27982 317 21:0 27986
27985 311 21:0 27986
27985 315 21:0 27986
27985 12898 21:0 27986
27985 313 21:0 27986
27985 12900 21:0 27986
27985 309 21:0 27986
27985 27457 1:0 27993
27989 27654 1:0 27989
27991 291 1:0 27993
27991 13043 1:0 27993
27991 27474 1:0 27993
27991 13048 1:0 27993
27994 13052 1:0 28021
27994 13050 1:0 28021
27994 13053 1:0 28021
28016 16258 1:0 28021
28016 295 1:0 28021
28016 27642 1:0 28021
28016 16260 1:0 28021
28016 13049 1:0 28021
28016 353 1:0 28021
28017 13042 1:0 28021
28017 13055 1:0 28062
28029 309 1:0 1375
28029 311 1:0 1379
28029 313 1:0 1381
28029 13044 1:0 28062
28029 13046 1:0 28062
28029 293 1:0 28062
28029 13054 1:0 28075
28029 13045 1:0 28075
28029 13047 1:0 28075
28029 27543 1:0 28684
28029 27510 1:0 28905
28070 315 1:0 1413
28070 13051 1:0 28142
28070 16320 1:0 28194
28070 273 1:0 28194
28083 193 1:0 28194
28098 105 1:0 28194
28098 16306 1:0 28194
28099 279 1:0 28214
28099 13195 1:0 28214
28099 13196 1:0 28214
28118 13045 21:0 28144
28148 13051 21:0 28193
28159 27458 1:0 28205
28192 27624 1:0 28192
28192 13054 21:0 28193
28192 13055 21:0 28193
28192 13053 21:0 28196
28195 13052 21:0 28196
28195 13050 21:0 28196
28195 13049 21:0 28201
28199 27622 1:0 28199
28200 27623 1:0 28200
28200 13042 21:0 28204
28201 317 1:0 1427
28201 321 1:0 1432
28201 319 1:0 1437
28201 27316 1:0 28205
28202 27461 1:0 28205
28202 27160 1:0 28214
28202 27336 1:0 28214
28202 13200 1:0 28242
28202 277 1:0 28242
28202 275 1:0 28242
28202 27609 1:0 28242
28202 16315 1:0 28242
28203 13046 21:0 28204
28203 13044 21:0 28204
28203 13047 21:0 28204
28203 13043 21:0 28204
28203 13048 21:0 28204
28210 27621 1:0 28210
28211 13189 1:0 28242
28211 13190 1:0 28242
28211 13201 1:0 28242
28211 13202 1:0 28242
28211 13193 1:0 28283
28211 16317 1:0 28283
28211 13194 1:0 28283
28211 13199 1:0 28283
28211 13192 1:0 28296
28211 13191 1:0 28296
28211 13197 1:0 28296
28211 13198 1:0 28363
28211 27443 1:0 28415
28211 261 1:0 28415
28211 16377 1:0 28415
28211 255 1:0 28415
28211 259 1:0 28463
28211 27576 1:0 28463
28211 16372 1:0 28463
28217 27277 1:0 28415
28222 27324 1:0 28426
28237 27422 1:0 28426
28238 27329 1:0 28426
28249 27604 1:0 28249
28291 27423 1:0 28435
28299 13343 1:0 28435
28304 16363 1:0 28435
28304 13342 1:0 28435
28319 17143 1:0 28435
28320 13344 1:0 28463
28320 13345 1:0 28463
28321 13337 1:0 28463
28321 13349 1:0 28463
28339 13192 21:0 28364
28369 13198 21:0 28414
28370 13336 1:0 28463
28370 257 1:0 28463
28370 16374 1:0 28504
28370 243 1:0 28636
28370 16420 1:0 28636
28380 13346 1:0 28504
28380 13341 1:0 28504
28380 13340 1:0 28504
28413 27591 1:0 28413
28413 13199 21:0 28414
28413 13197 21:0 28414
28413 13200 21:0 28417
28416 13202 21:0 28417
28416 13201 21:0 28417
28416 13189 21:0 28422
28420 27589 1:0 28420
28421 27590 1:0 28421
28421 13190 21:0 28425
28422 13347 1:0 28517
28422 13339 1:0 28517
28422 13338 1:0 28517
28422 13348 1:0 28603
28422 237 1:0 28636
28422 16516 1:0 28636
28422 13483 1:0 28656
28422 13484 1:0 28656
28422 241 1:0 28684
28423 16399 1:0 28636
28423 16402 1:0 28647
28423 16965 1:0 28647
28423 27393 1:0 28647
28424 13193 21:0 28425
28424 13191 21:0 28425
28424 13196 21:0 28425
28424 13195 21:0 28425
28424 13194 21:0 28425
28431 27588 1:0 28431
28432 27392 1:0 28656
28432 16434 1:0 28656
28432 17029 1:0 28656
28432 13491 1:0 28684
28432 13496 1:0 28684
28432 13493 1:0 28684
28438 13490 1:0 28684
28438 13489 1:0 28684
28438 16429 1:0 28684
28438 239 1:0 28684
28438 13495 1:0 28725
28438 16431 1:0 28725
28438 13488 1:0 28725
28438 13486 1:0 28725
28438 13492 1:0 28738
28438 13485 1:0 28738
28438 13487 1:0 28738
28438 27477 1:0 29126
28440 13494 1:0 28815
28443 16477 1:0 28857
28443 219 1:0 28857
28458 16491 1:0 28857
28458 16452 1:0 28857
28459 16566 1:0 28857
28461 27575 1:0 28461
28512 27359 1:0 28868
28520 13637 1:0 28877
28525 16687 1:0 28868
28540 16456 1:0 28868
28550 13337 21:0 28602
28601 13338 21:0 28609
28601 27226 1:0 28877
28613 13348 21:0 28635
28634 27558 1:0 28634
28634 13347 21:0 28635
28634 13346 21:0 28638
28637 13344 21:0 28638
28637 13345 21:0 28638
28637 13349 21:0 28643
28642 27557 1:0 28642
28642 13336 21:0 28646
28643 225 1:0 28877
28643 16459 1:0 28877
28643 13630 1:0 28877
28643 13636 1:0 28905
28643 16488 1:0 28905
28643 223 1:0 28905
28643 16486 1:0 28905
28643 13641 1:0 28905
28643 13639 1:0 28905
28643 221 1:0 28946
28644 13631 1:0 28905
28644 13642 1:0 28905
28644 13632 1:0 28946
28644 13633 1:0 28946
28644 13638 1:0 28946
28644 13635 1:0 28959
28644 13634 1:0 28959
28644 13643 1:0 28959
28644 13640 1:0 29035
28644 207 1:0 29078
28644 16534 1:0 29078
28644 16801 1:0 29078
28644 16509 1:0 29078
28644 16548 1:0 29078
28644 13783 1:0 29098
28644 203 1:0 29126
28644 16543 1:0 29126
28644 205 1:0 29126
28645 13341 21:0 28646
28645 13339 21:0 28646
28645 13342 21:0 28646
28645 13343 21:0 28646
28645 13340 21:0 28646
28652 27555 1:0 28652
28653 27326 1:0 29089
28653 16513 1:0 29089
28653 16912 1:0 29089
28656 245 1:0 28656
28659 201 1:0 29098
28659 16794 1:0 29098
28659 27261 1:0 29098
28661 13784 1:0 29098
28661 13777 1:0 29126
28661 13782 1:0 29167
28661 13780 1:0 29167
28661 16545 1:0 29167
28661 27444 1:0 29347
28662 27553 1:0 28662
28664 13787 1:0 29126
28679 13789 1:0 29126
28680 13785 1:0 29126
28680 13778 1:0 29126
28682 27542 1:0 28682
28691 27541 1:0 28691
28692 13788 1:0 29167
28692 13786 1:0 29180
28733 13781 1:0 29180
28733 13779 1:0 29180
28733 13790 1:0 29267
28733 17047 1:0 29296
28733 183 1:0 29299
28733 16602 1:0 29347
28733 187 1:0 29347
28733 185 1:0 29347
28741 189 1:0 29299
28746 16591 1:0 29299
28746 13930 1:0 29319
28746 13931 1:0 29319
28746 16600 1:0 29385
28761 16969 1:0 29299
28762 17136 1:0 29299
28794 13487 21:0 28807
28806 13485 21:0 28813
28812 13486 21:0 28820
28821 13494 21:0 28856
28822 27260 1:0 29310
28855 27525 1:0 28855
28855 13492 21:0 28856
28855 13495 21:0 28856
28855 13493 21:0 28859
28858 13491 21:0 28859
28858 13496 21:0 28859
28858 13489 21:0 28867
28862 27523 1:0 28862
28863 27524 1:0 28863
28864 16570 1:0 29310
28864 16855 1:0 29310
28864 16573 1:0 29319
28864 13932 1:0 29347
28865 27390 1:0 29319
28865 16605 1:0 29319
28865 13924 1:0 29347
28865 13925 1:0 29347
28865 13935 1:0 29347
28865 13937 1:0 29347
28865 16933 1:0 29517
28866 13488 21:0 28867
28866 13490 21:0 28867
28866 13484 21:0 28867
28866 13483 21:0 28867
28868 27411 1:0 29568
28874 13929 1:0 29388
28874 13928 1:0 29388
28874 13936 1:0 29388
28874 13927 1:0 29401
28874 13926 1:0 29401
28874 13934 1:0 29401
28874 13933 1:0 29468
28874 171 1:0 29520
28874 16623 1:0 29520
28874 165 1:0 29520
28874 16798 1:0 29520
28874 16662 1:0 29520
28880 27162 1:0 29531
28880 16627 1:0 29531
28882 17083 1:0 29531
28885 14078 1:0 29540
28885 14077 1:0 29540
28885 169 1:0 29568
28888 27514 1:0 28888
28913 27358 1:0 29540
28913 16648 1:0 29540
28954 16630 1:0 29540
28954 14080 1:0 29568
28965 27500 1:0 28965
28967 14079 1:0 29568
28982 14083 1:0 29568
28982 14071 1:0 29568
28983 167 1:0 29568
28983 16659 1:0 29568
28983 14072 1:0 29568
28983 16657 1:0 29606
28983 14074 1:0 29609
28983 14084 1:0 29609
28983 14076 1:0 29609
28984 14073 1:0 29622
28984 14082 1:0 29622
28992 13631 21:0 29044
29033 14075 1:0 29622
29033 16719 1:0 29738
29033 153 1:0 29741
29033 117 1:0 29741
29033 149 1:0 29789
29033 16714 1:0 29789
29033 151 1:0 29789
29043 14081 1:0 29698
29045 13640 21:0 29077
29045 14224 1:0 29761
29076 13638 21:0 29077
29076 13643 21:0 29077
29076 13641 21:0 29080
29079 13642 21:0 29080
29079 13639 21:0 29080
29079 13636 21:0 29088
29083 27490 1:0 29083
29085 17140 1:0 29741
29085 16680 1:0 29741
29085 16705 1:0 29741
29085 16851 1:0 29761
29085 147 1:0 29761
29085 14225 1:0 29761
29085 14218 1:0 29789
29086 16684 1:0 29752
29086 27161 1:0 29752
29086 16741 1:0 29752
29086 14228 1:0 29789
29087 13634 21:0 29088
29087 13632 21:0 29088
29087 13633 21:0 29088
29087 13635 21:0 29088
29087 13630 21:0 29088
29087 13637 21:0 29088
29094 27489 1:0 29094
29095 27357 1:0 29761
29095 14219 1:0 29789
29095 14229 1:0 29789
29095 14227 1:0 29789
29095 27378 1:0 29789
29095 14230 1:0 29830
29095 16716 1:0 29830
29095 14220 1:0 29830
29095 14221 1:0 29830
29095 135 1:0 29959
29095 16773 1:0 30010
29095 27345 1:0 30010
29095 131 1:0 30010
29095 27213 1:0 30894
29095 27147 1:0 31336
29101 14231 1:0 29843
29101 14222 1:0 29843
29101 14223 1:0 29843
29101 14226 1:0 29909
29101 16737 1:0 29962
29103 16876 1:0 29962
29103 16762 1:0 29962
29104 27487 1:0 29104
29106 11 1:0 29962
29106 16776 1:0 29962
29134 27327 1:0 29973
29175 17086 1:0 29973
29175 16744 1:0 29973
29204 27325 1:0 29982
29204 129 1:0 29982
29205 14365 1:0 29982
29205 14371 1:0 29982
29205 133 1:0 30010
29205 16771 1:0 30048
29213 13778 21:0 29265
29254 16908 1:0 29982
29264 13781 21:0 29272
29264 14366 1:0 30010
29264 14368 1:0 30051
29273 13790 21:0 29298
29297 13786 21:0 29298
29297 13788 21:0 29301
29300 13789 21:0 29301
29300 13787 21:0 29301
29300 13785 21:0 29305
29304 13777 21:0 29309
29306 14372 1:0 30010
29306 14373 1:0 30010
29306 14376 1:0 30010
29306 14377 1:0 30010
29306 14370 1:0 30051
29306 14374 1:0 30051
29306 45 1:0 30180
29306 14519 1:0 30203
29307 14378 1:0 30064
29307 14369 1:0 30064
29307 14367 1:0 30064
29307 14375 1:0 30140
29307 111 1:0 30183
29307 16833 1:0 30183
29307 27112 1:0 30183
29307 16890 1:0 30183
29307 16858 1:0 30183
29307 14513 1:0 30203
29308 13784 21:0 29309
29308 13783 21:0 29309
29308 13782 21:0 29309
29308 13780 21:0 29309
29308 13779 21:0 29309
29315 27456 1:0 29315
29316 27294 1:0 30194
29316 17022 1:0 30194
29316 17026 1:0 30194
29316 27292 1:0 30203
29322 16972 1:0 30203
29322 16819 1:0 30203
29322 115 1:0 30231
29322 14522 1:0 30231
29322 16828 1:0 30231
29322 14518 1:0 30231
29322 113 1:0 30231
29322 27312 1:0 30231
29322 16830 1:0 30272
29324 14524 1:0 30231
29327 14512 1:0 30231
29327 14525 1:0 30231
29342 14523 1:0 30272
29343 14515 1:0 30272
29343 14517 1:0 30272
29343 99 1:0 30401
29343 14666 1:0 30424
29355 14521 1:0 30285
29355 14514 1:0 30285
29355 14516 1:0 30285
29355 14520 1:0 30351
29396 14660 1:0 30424
29407 27434 1:0 29407
29424 27293 1:0 30409
29425 27276 1:0 30412
29425 27111 1:0 30412
29426 93 1:0 30424
29426 16885 1:0 30452
29426 97 1:0 30452
29426 14659 1:0 30452
29426 27279 1:0 30452
29426 95 1:0 30452
29444 13927 21:0 29469
29474 13933 21:0 29519
29475 14671 1:0 30452
29485 14672 1:0 30452
29518 13934 21:0 29519
29518 13936 21:0 29519
29518 13935 21:0 29522
29521 13937 21:0 29522
29521 13932 21:0 29522
29521 13924 21:0 29527
29525 27424 1:0 29525
29526 27425 1:0 29526
29526 13925 21:0 29530
29527 27291 1:0 30419
29528 27258 1:0 30424
29528 14667 1:0 30452
29528 14665 1:0 30452
29528 16887 1:0 30493
29528 14661 1:0 30493
29528 14663 1:0 30493
29528 14670 1:0 30493
29528 57 1:0 30622
29528 14806 1:0 30645
29528 14813 1:0 30645
29529 13930 21:0 29530
29529 13931 21:0 29530
29529 13928 21:0 29530
29529 13929 21:0 29530
29529 13926 21:0 29530
29531 177 1:0 29531
29537 14662 1:0 30506
29537 14664 1:0 30506
29537 14669 1:0 30506
29537 14668 1:0 30573
29537 27259 1:0 30629
29537 79 1:0 30673
29537 16942 1:0 30673
29537 27246 1:0 30673
29540 173 1:0 29540
29543 27227 1:0 30636
29543 17004 1:0 30636
29543 75 1:0 30636
29543 81 1:0 30636
29546 27421 1:0 29546
29564 27228 1:0 30645
29576 16947 1:0 30645
29576 16915 1:0 30645
29576 77 1:0 30673
29576 14812 1:0 30673
29576 16944 1:0 30714
29617 14815 1:0 30673
29617 14818 1:0 30673
29625 14807 1:0 30673
29630 14819 1:0 30673
29645 14810 1:0 30714
29645 14809 1:0 30714
29645 14816 1:0 30714
29646 14814 1:0 30727
29646 14808 1:0 30727
29646 14811 1:0 30727
29646 16990 1:0 30843
29646 14953 1:0 30866
29647 14817 1:0 30804
29655 14072 21:0 29707
29696 14959 1:0 30866
29708 14081 21:0 29740
29739 14084 21:0 29740
29739 14082 21:0 29740
29739 14083 21:0 29743
29742 14079 21:0 29743
29742 14080 21:0 29743
29742 14071 21:0 29751
29748 17079 1:0 30854
29748 27211 1:0 30854
29748 27195 1:0 30854
29749 27225 1:0 30861
29749 14962 1:0 30894
29749 14965 1:0 30894
29749 14964 1:0 30894
29750 14078 21:0 29751
29750 14077 21:0 29751
29750 14076 21:0 29751
29750 14075 21:0 29751
29750 14073 21:0 29751
29750 14074 21:0 29751
29758 27194 1:0 30866
29758 63 1:0 30866
29758 14954 1:0 30894
29758 61 1:0 30894
29758 14960 1:0 30894
29758 16999 1:0 30894
29758 17001 1:0 30894
29758 14966 1:0 30935
29758 14958 1:0 30935
29758 59 1:0 30935
29758 14956 1:0 30935
29758 14955 1:0 30948
29758 14957 1:0 30948
29758 14963 1:0 30948
29758 17061 1:0 31064
29758 15101 1:0 31087
29761 155 1:0 29761
29764 14961 1:0 31014
29769 27193 1:0 31071
29784 27171 1:0 31075
29785 27170 1:0 31075
29796 27373 1:0 29796
29796 27375 1:0 29796
29838 27192 1:0 31082
29867 39 1:0 31087
29867 27128 1:0 31087
29868 15106 1:0 31087
29868 27180 1:0 31115
29868 43 1:0 31115
29868 17056 1:0 31115
29868 15100 1:0 31115
29868 17058 1:0 31115
29899 14222 21:0 29912
29911 14223 21:0 29918
29917 15108 1:0 31115
29919 14226 21:0 29961
29919 41 1:0 31156
29927 15109 1:0 31115
29960 14231 21:0 29961
29960 14230 21:0 29961
29960 14227 21:0 29964
29963 14228 21:0 29964
29963 14229 21:0 29964
29963 14218 21:0 29969
29968 14219 21:0 29972
29969 15107 1:0 31115
29969 15113 1:0 31115
29969 15110 1:0 31156
29969 15104 1:0 31156
29969 15103 1:0 31156
29969 15111 1:0 31169
29969 15105 1:0 31169
29969 15102 1:0 31169
29969 21 1:0 31285
29969 17161 1:0 31288
29970 15112 1:0 31255
29970 27 1:0 31288
29970 27131 1:0 31288
29970 27124 1:0 31288
29970 17118 1:0 31288
29970 15248 1:0 31308
29970 15253 1:0 31308
29970 25 1:0 31336
29970 17115 1:0 31336
29970 15247 1:0 31336
29970 23 1:0 31336
29970 15254 1:0 31336
29970 17113 1:0 31374
29970 15252 1:0 31377
29970 15249 1:0 31377
29971 27356 1:0 29971
29971 14220 21:0 29972
29971 14221 21:0 29972
29971 14225 21:0 29972
29971 14224 21:0 29972
29979 27159 1:0 31299
29979 27144 1:0 31299
29979 27113 1:0 31299
29979 27129 1:0 31308
29979 17104 1:0 31308
29985 27105 1:0 31308
29985 15260 1:0 31336
29985 15259 1:0 31336
29987 15255 1:0 31336
29990 15256 1:0 31377
30005 15258 1:0 31390
30006 15251 1:0 31390
30006 15250 1:0 31390
30006 3 1:0 31506
30008 27344 1:0 30008
30018 15257 1:0 31466
30072 27127 1:0 31513
30072 9 1:0 31517
30072 329 1:0 31517
30087 26049 1:0 31517
30087 24398 1:0 31517
30088 27700 1:0 31517
30097 14366 21:0 30149
30148 27126 1:0 31524
30148 17175 1:0 31526
30150 14375 21:0 30182
30150 15401 1:0 31526
30181 14374 21:0 30182
30181 14378 21:0 30182
30181 14376 21:0 30185
30183 121 1:0 30183
30184 14377 21:0 30185
30184 14373 21:0 30185
30184 14372 21:0 30193
30190 15395 1:0 31526
30190 22747 1:0 31526
30190 15394 1:0 31526
30190 15400 1:0 31526
30190 16151 1:0 31529
30190 19445 1:0 31529
30190 17794 1:0 31529
30190 21096 1:0 31529
30190 15396 1:0 31611
30191 334 1:0 31529
30191 7 1:0 31554
30191 15405 1:0 31557
30191 15406 1:0 31557
30191 27114 1:0 31557
30191 17170 1:0 31557
30191 17172 1:0 31557
30191 16143 1:0 31557
30191 15407 1:0 31557
30191 15404 1:0 31598
30191 5 1:0 31598
30191 15399 1:0 31598
30191 15397 1:0 31598
30191 15402 1:0 31611
30191 15398 1:0 31611
30192 14367 21:0 30193
30192 14371 21:0 30193
30192 14368 21:0 30193
30192 14370 21:0 30193
30192 14369 21:0 30193
30192 14365 21:0 30193
30200 15403 1:0 31678
30200 15497 1:0 31699
30200 15496 1:0 31738
30331 14514 21:0 30354
30353 14516 21:0 30360
30361 14520 21:0 30403
30402 14523 21:0 30403
30402 14521 21:0 30403
30402 14522 21:0 30406
30405 14524 21:0 30406
30405 14525 21:0 30406
30405 14518 21:0 30411
30410 14512 21:0 30414
30413 14517 21:0 30414
30413 14513 21:0 30414
30413 14515 21:0 30414
30413 14519 21:0 30414
30450 27278 1:0 30450
30549 14662 21:0 30574
30579 14668 21:0 30624
30623 14669 21:0 30624
30623 14670 21:0 30624
30623 14671 21:0 30627
30626 14672 21:0 30627
30626 14667 21:0 30627
30626 14659 21:0 30632
30631 14665 21:0 30635
30634 27257 1:0 30634
30634 14660 21:0 30635
30634 14664 21:0 30635
30634 14661 21:0 30635
30634 14663 21:0 30635
30634 14666 21:0 30635
30738 27230 1:0 30738
30780 14811 21:0 30796
30795 14808 21:0 30802
30801 14809 21:0 30809
30810 14817 21:0 30845
30844 14814 21:0 30845
30844 14816 21:0 30845
30844 14815 21:0 30848
30847 14818 21:0 30848
30847 14819 21:0 30848
30847 14812 21:0 30856
30855 27224 1:0 30855
30855 14810 21:0 30856
30855 14806 21:0 30856
30855 14813 21:0 30856
30855 14807 21:0 30856
30877 27217 1:0 30877
30994 14955 21:0 31017
31016 14957 21:0 31023
31024 14961 21:0 31066
31065 14963 21:0 31066
31065 14966 21:0 31066
31065 14964 21:0 31069
31068 14962 21:0 31069
31068 14965 21:0 31069
31068 14960 21:0 31074
31073 14954 21:0 31077
31076 14956 21:0 31077
31076 14959 21:0 31077
31076 14958 21:0 31077
31076 14953 21:0 31077
31232 15107 21:0 31259
31265 15112 21:0 31287
31286 15111 21:0 31287
31286 15110 21:0 31290
31289 15113 21:0 31290
31289 15109 21:0 31290
31289 15108 21:0 31295
31294 15100 21:0 31298
31297 15103 21:0 31298
31297 15106 21:0 31298
31297 15101 21:0 31298
31297 15105 21:0 31298
31297 15102 21:0 31298
31297 15104 21:0 31298
31299 33 1:0 31299
31423 15248 21:0 31475
31476 15257 21:0 31508
31507 15256 21:0 31508
31507 15258 21:0 31508
31507 15255 21:0 31511
31510 15259 21:0 31511
31510 15260 21:0 31511
31510 15254 21:0 31519
31518 15247 21:0 31519
31518 15250 21:0 31519
31518 15251 21:0 31519
31518 15249 21:0 31519
31518 15253 21:0 31519
31518 15252 21:0 31519
31540 27118 1:0 31540
31657 15396 21:0 31680
31684 15403 21:0 87
