86 15167 0:0 88
87 15165 0:0 88
87 15164 0:0 88
87 15166 0:0 88
87 15168 0:0 88
91 15156 0:0 92
96 15309 21:0 129
128 15155 21:0 140
139 15162 21:0 140
139 15161 21:0 140
142 15330 21:0 150
149 15331 0:0 150
149 15332 21:0 216
214 15333 0:0 216
218 15363 21:0 226
225 15364 0:0 226
225 15365 21:0 292
238 15355 0:0 240
290 15366 0:0 292
294 15396 21:0 302
301 15398 0:0 302
301 15397 21:0 368
356 15415 0:0 357
366 15399 0:0 368
370 15429 21:0 378
377 15431 0:0 378
377 15430 21:0 444
432 15447 0:0 433
442 15432 0:0 444
443 15460 0:0 444
446 15462 21:0 454
453 15461 0:0 454
453 15463 0:0 454
453 15464 21:0 520
518 15465 0:0 520
519 15482 0:0 520
522 15495 21:0 530
529 15497 0:0 530
529 15496 21:0 596
594 15498 0:0 596
598 15528 21:0 606
605 15530 0:0 606
605 15529 21:0 672
618 15520 0:0 620
619 15539 0:0 620
670 15531 0:0 672
674 15561 21:0 682
681 15562 0:0 682
681 15563 21:0 748
746 15564 0:0 748
747 15581 0:0 748
747 15592 0:0 748
750 15594 21:0 758
757 15595 0:0 758
757 15596 21:0 824
812 15613 0:0 813
822 15597 0:0 824
823 15614 0:0 824
826 15627 21:0 834
833 15629 0:0 834
833 15628 21:0 900
898 15630 0:0 900
902 15660 21:0 910
909 15662 0:0 910
909 15661 21:0 976
923 15671 0:0 924
974 15663 0:0 976
978 15693 21:0 986
985 15694 0:0 986
985 15695 21:0 1052
1050 15696 0:0 1052
1054 15726 21:0 1062
1061 15727 0:0 1062
1061 15728 21:0 1128
1126 15729 0:0 1128
1130 15759 21:0 1138
1137 15761 0:0 1138
1137 15760 21:0 1204
1202 15762 0:0 1204
1206 15792 21:0 1214
1213 15793 0:0 1214
1213 15794 21:0 1280
1268 15811 0:0 1269
1278 15795 0:0 1280
1282 15825 21:0 1290
1289 15824 0:0 1290
1289 15827 0:0 1290
1289 15826 21:0 1356
1354 15828 0:0 1356
1358 15858 21:0 1366
1365 15859 0:0 1366
1365 15860 21:0 1432
1420 15877 0:0 1421
1430 15861 0:0 1432
1434 15891 21:0 1442
1441 15893 0:0 1442
1441 15892 0:0 1442
1454 15903 21:0 1493
1491 15904 0:0 1493
1493 15910 0:0 1498
1493 15908 0:0 1498
1493 15911 0:0 1498
1500 15897 21:0 1509
1507 15894 0:0 1509
1507 15912 0:0 1509
1508 15923 21:0 1509
1510 15894 1:0 2815
1511 15925 21:0 1519
1518 15924 0:0 1519
1518 15926 0:0 1519
1518 15927 21:0 1585
1531 15917 0:0 1533
1532 15936 0:0 1533
1567 15937 0:0 1569
1573 15941 0:0 1574
1573 15944 0:0 1574
1573 15943 0:0 1574
1583 15928 0:0 1585
1584 15930 0:0 1585
1584 15956 0:0 1585
1584 15945 0:0 1585
1587 15958 21:0 1595
1594 15957 0:0 1595
1594 15959 0:0 1595
1594 15960 21:0 1661
1607 33 0:0 1609
1607 15950 0:0 1609
1608 15969 0:0 1609
1643 15970 0:0 1645
1649 15974 0:0 1650
1649 15977 0:0 1650
1649 15976 0:0 1650
1659 15961 0:0 1661
1660 15989 0:0 1661
1660 15978 0:0 1661
1660 15963 0:0 1661
1663 15991 21:0 1671
1664 49 0:0 1666
1670 15990 0:0 1671
1670 15993 0:0 1671
1670 15992 21:0 1737
1683 51 0:0 1685
1683 15983 0:0 1685
1684 16002 0:0 1685
1719 16003 0:0 1721
1725 16010 0:0 1726
1725 16007 0:0 1726
1725 16009 0:0 1726
1735 15994 0:0 1737
1736 15996 0:0 1737
1736 16022 0:0 1737
1736 16011 0:0 1737
1739 16024 21:0 1747
1740 67 0:0 1742
1746 16023 0:0 1747
1746 16025 0:0 1747
1746 71 0:0 1747
1746 16026 21:0 1813
1759 16016 0:0 1761
1760 16035 0:0 1761
1795 16036 0:0 1797
1801 16040 0:0 1802
1801 16043 0:0 1802
1801 16042 0:0 1802
1811 16027 0:0 1813
1812 16044 0:0 1813
1812 16029 0:0 1813
1812 16055 0:0 1813
1815 16057 21:0 1823
1822 16058 0:0 1823
1822 16056 0:0 1823
1822 16059 21:0 1889
1835 87 0:0 1837
1835 16049 0:0 1837
1836 16068 0:0 1837
1871 16069 0:0 1873
1877 16073 0:0 1878
1877 16075 0:0 1878
1877 16076 0:0 1878
1887 16060 0:0 1889
1888 16062 0:0 1889
1888 16077 0:0 1889
1888 16088 0:0 1889
1891 16090 21:0 1899
1892 103 0:0 1894
1898 16091 0:0 1899
1898 16089 0:0 1899
1898 16092 21:0 1965
1911 16082 0:0 1913
1911 105 0:0 1913
1912 16101 0:0 1913
1947 16102 0:0 1949
1953 16108 0:0 1954
1953 16109 0:0 1954
1953 16106 0:0 1954
1963 16093 0:0 1965
1964 16095 0:0 1965
1964 16121 0:0 1965
1964 16110 0:0 1965
1967 16123 21:0 1975
1968 121 0:0 1970
1974 16125 0:0 1975
1974 16122 0:0 1975
1974 16124 21:0 2041
1987 123 0:0 1989
1987 16115 0:0 1989
1988 16134 0:0 1989
2023 16135 0:0 2025
2029 16139 0:0 2030
2039 16126 0:0 2041
2040 16154 0:0 2041
2043 16156 21:0 2051
2050 16157 0:0 2051
2050 16158 21:0 2117
2105 16174 0:0 2106
2105 16172 0:0 2106
2105 16175 0:0 2106
2115 16159 0:0 2117
2116 16161 0:0 2117
2116 16176 0:0 2117
2116 16187 0:0 2117
2119 16189 21:0 2127
2126 16191 0:0 2127
2126 16190 21:0 2193
2139 16181 0:0 2141
2140 16200 0:0 2141
2175 16201 0:0 2177
2181 16208 0:0 2182
2181 16205 0:0 2182
2191 16192 0:0 2193
2192 16209 0:0 2193
2192 16220 0:0 2193
2195 16222 21:0 2203
2202 16224 0:0 2203
2202 16221 0:0 2203
2202 16223 21:0 2269
2215 16214 0:0 2217
2216 16233 0:0 2217
2257 16241 0:0 2258
2257 16238 0:0 2258
2267 16225 0:0 2269
2268 16242 0:0 2269
2268 16253 0:0 2269
2268 16227 0:0 2269
2271 16255 21:0 2279
2278 16256 0:0 2279
2278 16257 21:0 2345
2291 16247 0:0 2293
2333 16273 0:0 2334
2333 16274 0:0 2334
2343 16258 0:0 2345
2344 16275 0:0 2345
2344 16260 0:0 2345
2347 16288 21:0 2355
2354 215 0:0 2355
2354 16287 0:0 2355
2354 16289 0:0 2355
2354 16290 21:0 2421
2409 16304 0:0 2410
2419 16291 0:0 2421
2423 16321 21:0 2431
2430 16322 0:0 2431
2430 16320 0:0 2431
2430 16323 21:0 2497
2479 16333 0:0 2481
2485 16337 0:0 2486
2495 16324 0:0 2497
2499 16354 21:0 2507
2506 16356 0:0 2507
2506 16355 21:0 2573
2571 16357 0:0 2573
2575 16387 21:0 2583
2576 265 0:0 2578
2582 16388 0:0 2583
2582 16389 21:0 2649
2647 16390 0:0 2649
2651 16420 21:0 2659
2652 283 0:0 2654
2658 16422 0:0 2659
2658 16421 21:0 2725
2723 16423 0:0 2725
2727 16453 21:0 2735
2728 301 0:0 2730
2734 16455 0:0 2735
2734 16454 21:0 2801
2747 303 0:0 2749
2799 16456 0:0 2801
2803 16486 21:0 2811
2810 16487 0:0 2811
2810 16488 21:0 2820
2812 15892 1:0 2821
2812 15893 1:0 2822
2819 16489 21:0 2830
2824 15891 1:0 2831
2825 15877 1:0 2867
2825 15861 1:0 2937
2825 303 1:0 2939
2829 16271 21:0 2835
2831 15860 1:0 2944
2833 15859 1:0 2943
2834 16319 21:0 2835
2834 16254 21:0 2838
2836 15858 1:0 2953
2836 301 1:0 2957
2837 16293 21:0 2838
2839 15828 1:0 3059
2850 340 21:0 2864
2858 15826 1:0 3065
2914 16399 21:0 2939
2938 16143 21:0 2939
2938 16332 21:0 2942
2941 16326 21:0 2942
2941 16308 21:0 2949
2946 15827 1:0 3066
2946 15824 1:0 3069
2947 15825 1:0 3075
2947 283 1:0 3079
2947 15811 1:0 3111
2948 16306 21:0 2949
2948 16451 21:0 2952
2950 15795 1:0 3181
2951 16438 21:0 2952
2951 16431 21:0 2957
2955 15793 1:0 3187
2955 15794 1:0 3188
2956 16499 21:0 2957
2956 16307 21:0 2960
2961 15792 1:0 3197
2961 265 1:0 3201
2979 15762 1:0 3303
3068 15760 1:0 3309
3069 15761 1:0 3310
3077 16610 21:0 3079
3077 15759 1:0 3319
3077 15729 1:0 3425
3083 15728 1:0 3432
3101 15727 1:0 3431
3190 15726 1:0 3441
3191 15696 1:0 3547
3199 16667 21:0 3201
3199 15694 1:0 3553
3199 15695 1:0 3554
3205 215 1:0 3559
3205 15693 1:0 3563
3312 15671 1:0 3649
3312 15663 1:0 3669
3313 15661 1:0 3675
3313 15662 1:0 3676
3321 15660 1:0 3685
3327 15630 1:0 3791
3345 15628 1:0 3797
3434 15629 1:0 3798
3435 15627 1:0 3807
3435 15614 1:0 3835
3435 15613 1:0 3843
3443 15597 1:0 3913
3449 15596 1:0 3920
3452 16784 21:0 3474
3467 15595 1:0 3919
3556 15594 1:0 3929
3556 15581 1:0 3957
3557 15592 1:0 3938
3557 15564 1:0 4035
3565 15562 1:0 4041
3565 15563 1:0 4042
3575 15561 1:0 4051
3678 15539 1:0 4137
3678 15531 1:0 4157
3679 123 1:0 4159
3679 15529 1:0 4163
3687 15530 1:0 4164
3687 15528 1:0 4173
3687 121 1:0 4177
3693 15520 1:0 4186
3696 16898 21:0 3718
3711 15498 1:0 4279
3800 105 1:0 4281
3800 15496 1:0 4285
3801 15497 1:0 4286
3809 15495 1:0 4295
3809 103 1:0 4299
3809 15482 1:0 4323
3815 15465 1:0 4401
3815 87 1:0 4403
3818 16955 21:0 3840
3834 15464 1:0 4408
3922 15461 1:0 4411
3923 15463 1:0 4407
3923 15462 1:0 4417
3923 15460 1:0 4426
3931 15447 1:0 4453
3931 15432 1:0 4523
3937 15430 1:0 4529
3956 15431 1:0 4530
4044 71 1:0 4535
4045 15429 1:0 4539
4045 67 1:0 4543
4045 15415 1:0 4575
4053 17066 21:0 4055
4053 15399 1:0 4645
4053 51 1:0 4647
4053 15397 1:0 4651
4059 15398 1:0 4652
4166 15396 1:0 4661
4166 49 1:0 4665
4167 15366 1:0 4767
4167 15365 1:0 4774
4175 33 1:0 4769
4175 15364 1:0 4773
4181 15363 1:0 4783
4181 15355 1:0 4796
4185 341 1:0 6370
4288 15333 1:0 4889
4289 15331 1:0 4895
4289 15332 1:0 4896
4297 15330 1:0 4905
4297 15309 1:0 4967
4303 16489 1:0 6381
4410 16488 1:0 6389
4672 17354 21:0 4694
5020 17525 21:0 5059
5057 17526 0:0 5059
5059 17533 0:0 5064
5059 17532 0:0 5064
5059 17530 0:0 5064
5066 17519 21:0 5075
5073 17534 0:0 5075
5074 17545 21:0 5075
5077 17547 21:0 5085
5084 17546 0:0 5085
5084 17549 0:0 5085
5084 17548 21:0 5151
5097 17539 0:0 5099
5098 17558 0:0 5099
5133 17559 0:0 5135
5139 17566 0:0 5140
5139 17565 0:0 5140
5139 17563 0:0 5140
5149 17550 0:0 5151
5150 17552 0:0 5151
5150 17567 0:0 5151
5150 17578 0:0 5151
5153 17580 21:0 5161
5160 17581 0:0 5161
5160 17579 0:0 5161
5160 17582 21:0 5227
5173 17572 0:0 5175
5174 17591 0:0 5175
5209 17592 0:0 5211
5215 17598 0:0 5216
5215 17596 0:0 5216
5215 17599 0:0 5216
5225 17583 0:0 5227
5226 17585 0:0 5227
5226 17611 0:0 5227
5226 17600 0:0 5227
5229 17613 21:0 5237
5236 17612 0:0 5237
5236 17614 0:0 5237
5236 17615 21:0 5303
5249 17605 0:0 5251
5250 17624 0:0 5251
5285 17625 0:0 5287
5291 17632 0:0 5292
5291 17629 0:0 5292
5291 17631 0:0 5292
5301 17616 0:0 5303
5302 17633 0:0 5303
5302 17618 0:0 5303
5302 17644 0:0 5303
5305 17646 21:0 5313
5312 17648 0:0 5313
5312 17645 0:0 5313
5312 17647 21:0 5379
5325 17638 0:0 5327
5326 17657 0:0 5327
5361 17658 0:0 5363
5377 17649 0:0 5379
5378 17677 0:0 5379
5378 17666 0:0 5379
5378 17651 0:0 5379
5381 17679 21:0 5389
5388 17680 0:0 5389
5388 17681 21:0 5455
5453 17682 0:0 5455
5454 17699 0:0 5455
5454 17710 0:0 5455
5457 17712 21:0 5465
5464 17711 0:0 5465
5464 17714 0:0 5465
5464 17713 21:0 5531
5477 17704 0:0 5479
5478 17723 0:0 5479
5513 17724 0:0 5515
5519 17728 0:0 5520
5519 17730 0:0 5520
5519 17731 0:0 5520
5529 17715 0:0 5531
5530 17717 0:0 5531
5530 17732 0:0 5531
5530 17743 0:0 5531
5533 17745 21:0 5541
5540 17744 0:0 5541
5540 17746 0:0 5541
5540 17747 21:0 5607
5553 17737 0:0 5555
5554 17756 0:0 5555
5589 17757 0:0 5591
5595 17764 0:0 5596
5595 17761 0:0 5596
5595 17763 0:0 5596
5605 17748 0:0 5607
5606 17776 0:0 5607
5606 17750 0:0 5607
5606 17765 0:0 5607
5609 17778 21:0 5617
5616 17777 0:0 5617
5616 17780 0:0 5617
5616 17779 21:0 5683
5629 17770 0:0 5631
5630 17789 0:0 5631
5665 17790 0:0 5667
5671 17797 0:0 5672
5671 17794 0:0 5672
5681 17781 0:0 5683
5685 17811 21:0 5693
5692 17813 0:0 5693
5692 17812 21:0 5759
5705 17803 0:0 5707
5741 17823 0:0 5743
5757 17814 0:0 5759
5761 17844 21:0 5769
5768 17846 0:0 5769
5768 17845 21:0 5835
5833 17847 0:0 5835
5837 17877 21:0 5845
5844 17879 0:0 5845
5844 17878 21:0 5911
5909 17880 0:0 5911
5913 17910 21:0 5921
5920 17911 0:0 5921
5920 17912 21:0 5987
5985 17913 0:0 5987
5989 17943 21:0 5997
5996 17944 0:0 5997
5996 17945 21:0 6063
6061 17946 0:0 6063
6065 17976 21:0 6073
6072 17978 0:0 6073
6072 17977 21:0 6139
6137 17979 0:0 6139
6141 18009 21:0 6149
6148 18010 0:0 6149
6148 18011 21:0 6215
6213 18012 0:0 6215
6217 18042 21:0 6225
6224 18044 0:0 6225
6224 18043 21:0 6291
6289 18045 0:0 6291
6293 18075 21:0 6301
6300 18076 0:0 6301
6300 18077 21:0 6367
6365 18078 0:0 6367
6369 18108 21:0 6377
6376 18109 0:0 6377
6376 18110 21:0 6386
6378 16487 1:0 6388
6385 18111 21:0 6397
6391 16486 1:0 6399
6391 16499 1:0 6408
6392 16456 1:0 6512
6396 17908 21:0 6403
6398 16454 1:0 6519
6401 16455 1:0 6520
6401 16453 1:0 6530
6401 16451 1:0 6540
6401 16431 1:0 6560
6402 17665 21:0 6403
6402 17897 21:0 6406
6404 16438 1:0 6569
6404 16610 1:0 6643
6405 17935 21:0 6406
6407 16423 1:0 6643
6420 341 21:0 6434
6428 16421 1:0 6650
6481 16422 1:0 6651
6487 17909 21:0 6514
6513 17864 21:0 6514
6513 17869 21:0 6517
6516 17809 21:0 6517
6516 17831 21:0 6525
6522 16420 1:0 6661
6522 16399 1:0 6726
6523 16390 1:0 6774
6523 16667 1:0 6774
6524 17921 21:0 6525
6524 17930 21:0 6528
6526 16389 1:0 6782
6527 17697 21:0 6528
6527 17856 21:0 6534
6532 16388 1:0 6781
6532 16387 1:0 6792
6533 17798 21:0 6534
6533 17860 21:0 6537
6535 16357 1:0 6905
6536 17996 21:0 6537
6536 17863 21:0 6557
6538 16355 1:0 6912
6556 18027 21:0 6565
6558 16356 1:0 6913
6571 16354 1:0 6923
6571 16307 1:0 6956
6612 16337 1:0 6962
6618 18034 21:0 6645
6620 16333 1:0 6988
6625 16326 1:0 7007
6644 18007 21:0 6645
6644 17959 21:0 6648
6647 17941 21:0 6648
6647 18093 21:0 6656
6653 16324 1:0 7036
6654 16332 1:0 7015
6654 16323 1:0 7044
6655 17830 21:0 6656
6662 16610 21:0 6665
6663 16322 1:0 7043
6663 16320 1:0 7047
6663 16321 1:0 7054
6663 16308 1:0 7059
6663 16319 1:0 7064
6666 16784 1:0 7063
6669 16304 1:0 7093
6669 16306 1:0 7093
6669 16293 1:0 7151
6672 16613 21:0 6696
6690 16291 1:0 7167
6784 16290 1:0 7175
6784 16287 1:0 7178
6785 16289 1:0 7174
6794 16288 1:0 7185
6794 16275 1:0 7215
6794 16271 1:0 7224
6794 16273 1:0 7224
6794 16274 1:0 7224
6800 16260 1:0 7282
6800 16258 1:0 7298
6800 16254 1:0 7298
6821 16257 1:0 7306
6913 16720 21:0 6918
6915 16256 1:0 7305
6916 16255 1:0 7316
6916 16898 1:0 7325
6916 16253 1:0 7326
6916 16247 1:0 7331
6916 16242 1:0 7346
6925 16241 1:0 7355
6925 16238 1:0 7355
6925 16233 1:0 7408
6925 16227 1:0 7413
6925 16225 1:0 7429
6933 16223 1:0 7436
6934 16727 21:0 6958
6959 16224 1:0 7437
6964 16221 1:0 7440
7046 16222 1:0 7447
7047 16955 1:0 7456
7047 16220 1:0 7457
7047 16214 1:0 7462
7047 16209 1:0 7477
7047 16208 1:0 7486
7047 16201 1:0 7512
7055 16781 21:0 7058
7056 16205 1:0 7486
7056 16200 1:0 7539
7056 16192 1:0 7560
7062 16190 1:0 7567
7067 16191 1:0 7568
7177 16189 1:0 7578
7177 16187 1:0 7588
7177 16181 1:0 7593
7177 16176 1:0 7608
7178 16172 1:0 7617
7178 16175 1:0 7617
7178 16174 1:0 7617
7178 17066 1:0 7691
7187 16161 1:0 7675
7187 16159 1:0 7691
7187 16158 1:0 7699
7193 16157 1:0 7698
7214 16156 1:0 7709
7226 16143 1:0 7739
7306 16891 21:0 7311
7308 16154 1:0 7719
7308 16139 1:0 7748
7308 16135 1:0 7774
7309 16134 1:0 7801
7309 16126 1:0 7822
7318 16124 1:0 7829
7318 16125 1:0 7830
7318 16122 1:0 7833
7324 16123 1:0 7840
7324 16121 1:0 7850
7326 16115 1:0 7855
7329 16110 1:0 7870
7344 16102 1:0 7905
7345 16108 1:0 7879
7357 16106 1:0 7879
7439 16109 1:0 7879
7440 16101 1:0 7932
7440 16095 1:0 7937
7440 16093 1:0 7953
7448 16952 21:0 7451
7449 16091 1:0 7960
7449 16092 1:0 7961
7449 16089 1:0 7964
7455 16090 1:0 7971
7455 16082 1:0 7986
7455 16077 1:0 8001
7457 16088 1:0 7981
7460 16073 1:0 8010
7475 16075 1:0 8010
7476 16076 1:0 8010
7488 16069 1:0 8036
7570 16060 1:0 8084
7571 16068 1:0 8063
7571 16062 1:0 8068
7571 16059 1:0 8092
7580 16058 1:0 8091
7580 16056 1:0 8095
7586 16057 1:0 8102
7586 16055 1:0 8112
7586 16049 1:0 8117
7588 16044 1:0 8132
7591 16042 1:0 8141
7606 16043 1:0 8141
7607 16036 1:0 8167
7619 16040 1:0 8141
7701 16027 1:0 8215
7702 16035 1:0 8194
7702 16029 1:0 8199
7702 16026 1:0 8223
7710 17066 21:0 7713
7711 16025 1:0 8222
7711 16023 1:0 8226
7714 16024 1:0 8233
7717 16022 1:0 8243
7717 16016 1:0 8248
7717 16011 1:0 8263
7719 16009 1:0 8272
7722 16010 1:0 8272
7737 16007 1:0 8272
7738 16003 1:0 8298
7832 15996 1:0 8330
7832 15994 1:0 8346
7833 16002 1:0 8325
7833 15992 1:0 8353
7833 15990 1:0 8357
7842 15993 1:0 8354
7842 15991 1:0 8364
7848 15989 1:0 8374
7848 15983 1:0 8379
7848 15978 1:0 8394
7850 17354 1:0 8373
7851 17126 0:0 7872
7853 15977 1:0 8403
7868 15970 1:0 8429
7869 15976 1:0 8403
7869 15974 1:0 8403
7961 17176 21:0 7966
7963 15963 1:0 8461
7963 15961 1:0 8477
7964 15969 1:0 8456
7964 15960 1:0 8485
7964 15957 1:0 8488
7973 15959 1:0 8484
7973 15958 1:0 8495
7973 15945 1:0 8525
7979 15956 1:0 8505
7979 15950 1:0 8510
7979 15937 1:0 8560
7981 15943 1:0 8534
7984 15941 1:0 8534
7999 15944 1:0 8534
8094 15936 1:0 8587
8094 15930 1:0 8592
8094 15928 1:0 8608
8095 15927 1:0 8616
8104 15926 1:0 8615
8104 15924 1:0 8619
8104 15925 1:0 8626
8104 15912 1:0 8656
8110 15923 1:0 8636
8110 15917 1:0 8641
8110 15904 1:0 8691
8112 15897 1:0 8710
8115 15910 1:0 8661
8130 15911 1:0 8661
8131 15908 1:0 8661
8143 15903 1:0 8718
8225 18111 1:0 10104
8226 342 1:0 10108
8616 17461 21:0 8621
8637 17468 0:0 8658
8749 19147 21:0 8788
8786 19148 0:0 8788
8788 19152 0:0 8793
8788 19155 0:0 8793
8788 19154 0:0 8793
8795 19141 21:0 8804
8802 19156 0:0 8804
8803 19167 21:0 8804
8806 19169 21:0 8814
8813 19170 0:0 8814
8813 19168 0:0 8814
8813 17 0:0 8814
8813 19171 21:0 8880
8826 19161 0:0 8828
8827 19180 0:0 8828
8862 19181 0:0 8864
8868 19188 0:0 8869
8868 19187 0:0 8869
8868 19185 0:0 8869
8878 19172 0:0 8880
8879 19200 0:0 8880
8879 19174 0:0 8880
8879 19189 0:0 8880
8882 19202 21:0 8890
8889 19201 0:0 8890
8889 19203 0:0 8890
8889 19204 21:0 8956
8902 19194 0:0 8904
8903 19213 0:0 8904
8938 19214 0:0 8940
8944 19218 0:0 8945
8944 19220 0:0 8945
8944 19221 0:0 8945
8954 19205 0:0 8956
8955 19222 0:0 8956
8955 19233 0:0 8956
8955 19207 0:0 8956
8958 19235 21:0 8966
8965 53 0:0 8966
8965 19236 0:0 8966
8965 19234 0:0 8966
8965 19237 21:0 9032
8978 19227 0:0 8980
8978 51 0:0 8980
8979 19246 0:0 8980
9014 19247 0:0 9016
9020 19251 0:0 9021
9020 19253 0:0 9021
9020 19254 0:0 9021
9030 19238 0:0 9032
9031 19255 0:0 9032
9031 19266 0:0 9032
9031 19240 0:0 9032
9034 19268 21:0 9042
9041 19267 0:0 9042
9041 19269 0:0 9042
9041 19270 21:0 9108
9054 69 0:0 9056
9054 19260 0:0 9056
9055 19279 0:0 9056
9090 19280 0:0 9092
9096 19286 0:0 9097
9096 19284 0:0 9097
9096 19287 0:0 9097
9106 19271 0:0 9108
9107 19273 0:0 9108
9107 19299 0:0 9108
9107 19288 0:0 9108
9110 19301 21:0 9118
9117 19300 0:0 9118
9117 89 0:0 9118
9117 19303 0:0 9118
9117 19302 21:0 9184
9130 19293 0:0 9132
9130 87 0:0 9132
9166 19313 0:0 9168
9182 19304 0:0 9184
9183 19332 0:0 9184
9183 19306 0:0 9184
9183 19321 0:0 9184
9186 19334 21:0 9194
9193 107 0:0 9194
9193 19335 0:0 9194
9193 19336 21:0 9260
9248 19352 0:0 9249
9248 19350 0:0 9249
9258 19337 0:0 9260
9259 19339 0:0 9260
9259 19365 0:0 9260
9259 19354 0:0 9260
9262 19367 21:0 9270
9269 19369 0:0 9270
9269 19366 0:0 9270
9269 19368 21:0 9336
9283 19378 0:0 9284
9324 19385 0:0 9325
9334 19370 0:0 9336
9335 19398 0:0 9336
9335 19372 0:0 9336
9338 19400 21:0 9346
9345 19401 0:0 9346
9345 19399 0:0 9346
9345 19402 21:0 9412
9410 19403 0:0 9412
9411 19431 0:0 9412
9414 19433 21:0 9422
9421 19435 0:0 9422
9421 19434 21:0 9488
9435 19444 0:0 9436
9476 19451 0:0 9477
9476 19449 0:0 9477
9486 19436 0:0 9488
9487 19453 0:0 9488
9487 19464 0:0 9488
9487 19438 0:0 9488
9490 19466 21:0 9498
9497 19467 0:0 9498
9497 19468 21:0 9564
9510 19458 0:0 9512
9546 19478 0:0 9548
9552 19484 0:0 9553
9552 19485 0:0 9553
9562 19469 0:0 9564
9566 19499 21:0 9574
9573 19501 0:0 9574
9573 19500 21:0 9640
9586 19491 0:0 9588
9586 195 0:0 9588
9628 19515 0:0 9629
9628 19518 0:0 9629
9638 19502 0:0 9640
9642 19532 21:0 9650
9649 19533 0:0 9650
9649 19534 21:0 9716
9714 19535 0:0 9716
9718 19565 21:0 9726
9725 19567 0:0 9726
9725 19566 21:0 9792
9790 19568 0:0 9792
9794 19598 21:0 9802
9795 247 0:0 9797
9801 19600 0:0 9802
9801 19599 21:0 9868
9814 249 0:0 9816
9866 19601 0:0 9868
9870 19631 21:0 9878
9877 19633 0:0 9878
9877 19632 21:0 9944
9942 19634 0:0 9944
9946 19664 21:0 9954
9947 283 0:0 9949
9953 19665 0:0 9954
9953 19666 21:0 10020
10018 19667 0:0 10020
10022 19697 21:0 10030
10029 19698 0:0 10030
10029 19699 21:0 10096
10094 19700 0:0 10096
10098 19730 21:0 10106
10105 19732 0:0 10106
10105 19731 21:0 10115
10107 18109 1:0 10117
10107 18110 1:0 10118
10114 19733 21:0 10126
10120 18108 1:0 10128
10121 18093 1:0 10167
10121 18078 1:0 10241
10125 19643 21:0 10132
10127 18077 1:0 10249
10130 18076 1:0 10248
10130 18075 1:0 10259
10131 19445 21:0 10132
10131 19590 21:0 10135
10134 19412 21:0 10135
10136 18045 1:0 10372
10136 16610 1:0 10372
10138 18043 1:0 10379
10149 342 21:0 10163
10169 18044 1:0 10380
10216 19326 21:0 10243
10223 18042 1:0 10390
10242 19387 21:0 10243
10242 19359 21:0 10246
10245 19680 21:0 10246
10245 19379 21:0 10254
10251 283 1:0 10394
10251 16613 1:0 10399
10251 18034 1:0 10405
10251 18027 1:0 10429
10252 18012 1:0 10503
10253 19411 21:0 10254
10253 19557 21:0 10257
10255 18011 1:0 10511
10256 19689 21:0 10257
10256 19511 21:0 10263
10261 18010 1:0 10510
10261 18009 1:0 10521
10261 18007 1:0 10531
10261 17996 1:0 10551
10262 19537 21:0 10263
10262 19576 21:0 10266
10264 16720 1:0 10634
10265 19715 21:0 10266
10265 19386 21:0 10287
10267 17979 1:0 10634
10272 17977 1:0 10641
10286 19524 21:0 10294
10287 249 1:0 10636
10300 17978 1:0 10642
10382 17976 1:0 10652
10383 247 1:0 10656
10383 16727 1:0 10661
10383 17959 1:0 10691
10383 16781 1:0 10765
10392 17946 1:0 10765
10392 17945 1:0 10773
10398 17944 1:0 10772
10418 17943 1:0 10783
10419 17941 1:0 10788
10431 17935 1:0 10798
10513 17930 1:0 10813
10513 17921 1:0 10867
10514 17913 1:0 10896
10514 17909 1:0 10896
10523 17911 1:0 10903
10523 17912 1:0 10904
10529 17910 1:0 10914
10529 17908 1:0 10924
10529 17897 1:0 10944
10531 16891 1:0 10998
10534 17863 1:0 11027
10644 17880 1:0 11027
10645 195 1:0 11029
10645 17878 1:0 11034
10645 17879 1:0 11035
10654 17877 1:0 11045
10654 17860 1:0 11050
10654 17869 1:0 11060
10654 17864 1:0 11075
10654 17856 1:0 11110
10662 17847 1:0 11158
10665 16952 1:0 11158
10773 16777 21:0 10778
10775 17845 1:0 11165
10776 17846 1:0 11166
10776 17844 1:0 11176
10776 17831 1:0 11206
10776 17830 1:0 11215
10785 17823 1:0 11241
10785 17814 1:0 11289
10791 17812 1:0 11296
10796 17813 1:0 11297
10904 16834 21:0 10909
10906 17811 1:0 11307
10906 17809 1:0 11317
10906 17803 1:0 11322
10906 17798 1:0 11337
10907 17797 1:0 11346
10907 17794 1:0 11346
10907 17790 1:0 11372
10907 17781 1:0 11420
10916 17789 1:0 11399
10916 17066 1:0 11420
10916 17779 1:0 11427
10922 17780 1:0 11428
10922 17777 1:0 11431
10943 17778 1:0 11438
10955 17776 1:0 11448
11037 17770 1:0 11453
11037 17765 1:0 11468
11037 17764 1:0 11477
11037 17761 1:0 11477
11038 17763 1:0 11477
11038 17757 1:0 11503
11038 17748 1:0 11551
11047 17756 1:0 11530
11047 17750 1:0 11535
11047 17747 1:0 11559
11053 17746 1:0 11558
11053 17744 1:0 11562
11074 17745 1:0 11569
11086 17126 1:0 11578
11168 17743 1:0 11579
11168 17737 1:0 11584
11168 17732 1:0 11599
11168 17724 1:0 11634
11169 17731 1:0 11608
11169 17728 1:0 11608
11169 17730 1:0 11608
11178 17723 1:0 11661
11178 17717 1:0 11666
11178 17176 1:0 11682
11178 17715 1:0 11682
11178 17713 1:0 11689
11186 17714 1:0 11690
11189 17711 1:0 11693
11204 107 1:0 11695
11299 17712 1:0 11700
11299 17710 1:0 11710
11299 17699 1:0 11730
11300 17704 1:0 11715
11300 17697 1:0 11739
11300 17682 1:0 11813
11309 87 1:0 11815
11309 17681 1:0 11821
11315 17680 1:0 11820
11320 17679 1:0 11831
11335 89 1:0 11826
11336 17666 1:0 11861
11348 17677 1:0 11841
11428 17062 21:0 11433
11430 17665 1:0 11870
11430 17658 1:0 11896
11431 17657 1:0 11923
11431 17651 1:0 11928
11431 17649 1:0 11944
11440 69 1:0 11946
11440 17647 1:0 11951
11440 17648 1:0 11952
11440 17645 1:0 11955
11446 17646 1:0 11962
11448 17644 1:0 11972
11451 17638 1:0 11977
11466 17633 1:0 11992
11467 17631 1:0 12001
11479 17625 1:0 12027
11561 17632 1:0 12001
11561 17629 1:0 12001
11562 17624 1:0 12054
11562 17618 1:0 12059
11562 17616 1:0 12075
11571 51 1:0 12077
11571 17614 1:0 12082
11571 17615 1:0 12083
11571 17612 1:0 12086
11577 53 1:0 12088
11582 17613 1:0 12093
11597 17605 1:0 12108
11598 17611 1:0 12103
11610 17600 1:0 12123
11692 17598 1:0 12132
11692 17599 1:0 12132
11692 17596 1:0 12132
11692 17592 1:0 12158
11693 17591 1:0 12185
11693 17585 1:0 12190
11693 17583 1:0 12206
11702 17581 1:0 12213
11702 17582 1:0 12214
11708 17579 1:0 12217
11713 17580 1:0 12224
11728 17572 1:0 12239
11729 17578 1:0 12234
11741 17567 1:0 12254
11823 17566 1:0 12263
11823 17565 1:0 12263
11823 17563 1:0 12263
11823 17559 1:0 12289
11824 17558 1:0 12316
11824 17461 1:0 12337
11824 17550 1:0 12337
11833 17552 1:0 12321
11833 17548 1:0 12344
11833 17546 1:0 12348
11839 17549 1:0 12345
11839 17 1:0 12350
11860 17547 1:0 12355
11872 17468 1:0 12364
11954 17545 1:0 12365
11954 17539 1:0 12370
11954 17534 1:0 12385
11954 17533 1:0 12390
11955 17530 1:0 12390
11955 17532 1:0 12390
11955 17526 1:0 12420
11955 17519 1:0 12439
11955 17525 1:0 12447
11955 343 1:0 13828
11964 19733 1:0 13839
12478 20769 21:0 12517
12515 20770 0:0 12517
12517 20774 0:0 12522
12517 20776 0:0 12522
12517 20777 0:0 12522
12524 20763 21:0 12533
12531 20778 0:0 12533
12532 20789 21:0 12533
12535 20791 21:0 12543
12542 20792 0:0 12543
12542 20790 0:0 12543
12542 20793 21:0 12609
12555 20783 0:0 12557
12556 20802 0:0 12557
12591 20803 0:0 12593
12597 20809 0:0 12598
12597 20810 0:0 12598
12597 20807 0:0 12598
12607 20794 0:0 12609
12608 20796 0:0 12609
12608 20822 0:0 12609
12608 20811 0:0 12609
12611 20824 21:0 12619
12618 20825 0:0 12619
12618 20823 0:0 12619
12618 20826 21:0 12685
12631 20816 0:0 12633
12632 20835 0:0 12633
12667 20836 0:0 12669
12673 20842 0:0 12674
12673 20840 0:0 12674
12673 20843 0:0 12674
12683 20827 0:0 12685
12684 20844 0:0 12685
12684 20855 0:0 12685
12684 20829 0:0 12685
12687 20857 21:0 12695
12694 20856 0:0 12695
12694 20859 0:0 12695
12694 20858 21:0 12761
12707 20849 0:0 12709
12708 20868 0:0 12709
12743 20869 0:0 12745
12749 20875 0:0 12750
12749 20876 0:0 12750
12749 20873 0:0 12750
12759 20860 0:0 12761
12760 20888 0:0 12761
12760 20877 0:0 12761
12760 20862 0:0 12761
12763 20890 21:0 12771
12770 20889 0:0 12771
12770 20892 0:0 12771
12770 20891 21:0 12837
12783 20882 0:0 12785
12784 20901 0:0 12785
12819 20902 0:0 12821
12825 20906 0:0 12826
12825 20909 0:0 12826
12825 20908 0:0 12826
12835 20893 0:0 12837
12836 20895 0:0 12837
12836 20910 0:0 12837
12836 20921 0:0 12837
12839 20923 21:0 12847
12846 20924 0:0 12847
12846 20922 0:0 12847
12846 20925 21:0 12913
12859 20915 0:0 12861
12895 20935 0:0 12897
12901 20942 0:0 12902
12901 20939 0:0 12902
12911 20926 0:0 12913
12912 20954 0:0 12913
12912 20928 0:0 12913
12912 20943 0:0 12913
12915 20956 21:0 12923
12922 20957 0:0 12923
12922 20955 0:0 12923
12922 20958 21:0 12989
12935 20948 0:0 12937
12936 20967 0:0 12937
12971 20968 0:0 12973
12977 20975 0:0 12978
12977 20974 0:0 12978
12977 20972 0:0 12978
12987 20959 0:0 12989
12988 20976 0:0 12989
12988 20987 0:0 12989
12988 20961 0:0 12989
12991 20989 21:0 12999
12998 20990 0:0 12999
12998 20988 0:0 12999
12998 20991 21:0 13065
13011 20981 0:0 13013
13012 21000 0:0 13013
13047 21001 0:0 13049
13053 21005 0:0 13054
13053 21007 0:0 13054
13053 21008 0:0 13054
13063 20992 0:0 13065
13064 20994 0:0 13065
13064 21009 0:0 13065
13064 21020 0:0 13065
13067 21022 21:0 13075
13074 21021 0:0 13075
13074 21024 0:0 13075
13074 21023 21:0 13141
13087 21014 0:0 13089
13088 21033 0:0 13089
13123 21034 0:0 13125
13129 21038 0:0 13130
13129 21041 0:0 13130
13129 21040 0:0 13130
13139 21025 0:0 13141
13140 21053 0:0 13141
13140 21042 0:0 13141
13140 21027 0:0 13141
13143 21055 21:0 13151
13150 21056 0:0 13151
13150 21057 21:0 13217
13163 21047 0:0 13165
13164 21066 0:0 13165
13199 21067 0:0 13201
13205 21071 0:0 13206
13205 21074 0:0 13206
13205 21073 0:0 13206
13215 21058 0:0 13217
13216 21060 0:0 13217
13216 21075 0:0 13217
13216 21086 0:0 13217
13219 21088 21:0 13227
13226 21089 0:0 13227
13226 21090 21:0 13293
13239 21080 0:0 13241
13281 21104 0:0 13282
13291 21091 0:0 13293
13292 21108 0:0 13293
13295 21121 21:0 13303
13302 21122 0:0 13303
13302 21123 21:0 13369
13315 21113 0:0 13317
13316 21132 0:0 13317
13367 21124 0:0 13369
13368 21152 0:0 13369
13371 21154 21:0 13379
13378 21155 0:0 13379
13378 21156 21:0 13445
13443 21157 0:0 13445
13447 21187 21:0 13455
13454 21188 0:0 13455
13454 21189 21:0 13521
13519 21190 0:0 13521
13523 21220 21:0 13531
13530 21222 0:0 13531
13530 21221 21:0 13597
13595 21223 0:0 13597
13599 21253 21:0 13607
13606 21254 0:0 13607
13606 21255 21:0 13673
13671 21256 0:0 13673
13675 21286 21:0 13683
13682 21287 0:0 13683
13682 21288 21:0 13749
13747 21289 0:0 13749
13751 21319 21:0 13759
13758 21320 0:0 13759
13758 21321 21:0 13825
13823 21322 0:0 13825
13827 21352 21:0 13835
13834 21353 0:0 13835
13834 21354 21:0 13844
13836 19731 1:0 13846
13836 19732 1:0 13847
13843 21355 21:0 13855
13849 19730 1:0 13857
13850 19715 1:0 13896
13850 19700 1:0 13970
13854 21126 21:0 13861
13856 19699 1:0 13978
13859 19698 1:0 13977
13859 19697 1:0 13988
13859 19689 1:0 14003
13860 21087 21:0 13861
13860 21099 21:0 13864
13862 19680 1:0 14027
13863 21093 21:0 13864
13865 19667 1:0 14101
13878 343 21:0 13892
13885 19666 1:0 14109
13887 16499 0:0 13889
13898 19665 1:0 14108
13945 21170 21:0 13972
13952 19664 1:0 14119
13971 21054 21:0 13972
13971 21140 21:0 13975
13974 21203 21:0 13975
13974 21186 21:0 13983
13980 19643 1:0 14184
13981 19634 1:0 14232
13981 19632 1:0 14239
13982 21137 21:0 13983
13982 21133 21:0 13986
13985 21205 21:0 13986
13985 21239 21:0 13992
13987 19633 1:0 14240
13990 19631 1:0 14250
13990 19601 1:0 14363
13991 21251 21:0 13992
13991 21141 21:0 13995
13994 21297 21:0 13995
13994 21172 21:0 14020
13996 19599 1:0 14370
13996 19600 1:0 14371
14017 19598 1:0 14381
14017 19590 1:0 14396
14019 21245 21:0 14023
14024 16777 1:0 14465
14076 21198 21:0 14103
14102 21107 21:0 14103
14111 19576 1:0 14473
14111 19568 1:0 14494
14112 19566 1:0 14501
14112 19567 1:0 14502
14121 19565 1:0 14512
14121 19557 1:0 14527
14121 16834 1:0 14596
14127 19537 1:0 14609
14127 19535 1:0 14625
14148 19534 1:0 14633
14242 19533 1:0 14632
14243 19532 1:0 14643
14243 19524 1:0 14658
14243 19515 1:0 14682
14243 19511 1:0 14708
14252 19518 1:0 14682
14252 19502 1:0 14756
14258 19500 1:0 14763
14263 19501 1:0 14764
14373 19499 1:0 14774
14373 19491 1:0 14789
14373 19485 1:0 14813
14373 19478 1:0 14839
14374 19484 1:0 14813
14374 19469 1:0 14887
14383 19467 1:0 14894
14383 19468 1:0 14895
14389 19466 1:0 14905
14391 19464 1:0 14915
14394 19458 1:0 14920
14409 19453 1:0 14935
14410 19445 1:0 14970
14422 19451 1:0 14944
14502 16777 21:0 14507
14504 19449 1:0 14944
14505 19444 1:0 14997
14505 19438 1:0 15002
14505 19436 1:0 15018
14505 19434 1:0 15025
14514 19435 1:0 15026
14514 19433 1:0 15036
14520 19431 1:0 15046
14520 17062 1:0 15066
14520 19412 1:0 15101
14541 19403 1:0 15149
14553 19411 1:0 15128
14635 19402 1:0 15157
14636 19401 1:0 15156
14636 19399 1:0 15160
14644 16838 21:0 14647
14645 19400 1:0 15167
14645 19398 1:0 15177
14645 19386 1:0 15197
14645 19387 1:0 15197
14645 19385 1:0 15206
14645 19379 1:0 15232
14651 19370 1:0 15280
14653 19378 1:0 15259
14656 19372 1:0 15264
14766 19368 1:0 15287
14766 19366 1:0 15291
14767 19369 1:0 15288
14767 19367 1:0 15298
14775 16895 21:0 14778
14776 19365 1:0 15308
14776 19359 1:0 15313
14776 19354 1:0 15328
14776 19352 1:0 15337
14776 19350 1:0 15337
14779 19337 1:0 15411
14782 19339 1:0 15395
14787 19336 1:0 15419
14895 16948 21:0 14900
14897 19335 1:0 15418
14898 19334 1:0 15429
14898 19332 1:0 15439
14898 19326 1:0 15444
14898 19321 1:0 15459
14898 19313 1:0 15494
14906 16952 21:0 14909
14907 19306 1:0 15526
14907 19304 1:0 15542
14907 19302 1:0 15549
14907 19300 1:0 15553
14913 19303 1:0 15550
14934 19301 1:0 15560
14946 19293 1:0 15575
15026 17005 21:0 15031
15028 19299 1:0 15570
15028 19288 1:0 15590
15028 19284 1:0 15599
15028 19286 1:0 15599
15029 19287 1:0 15599
15029 19280 1:0 15625
15029 19273 1:0 15657
15029 19271 1:0 15673
15038 19279 1:0 15652
15038 19270 1:0 15681
15044 19269 1:0 15680
15044 19267 1:0 15684
15064 19268 1:0 15691
15065 19260 1:0 15706
15077 19255 1:0 15721
15159 19266 1:0 15701
15159 19254 1:0 15730
15159 19251 1:0 15730
15159 19253 1:0 15730
15160 19247 1:0 15756
15160 19240 1:0 15788
15160 19238 1:0 15804
15169 19246 1:0 15783
15169 19237 1:0 15812
15169 19234 1:0 15815
15175 19236 1:0 15811
15195 19235 1:0 15822
15196 19227 1:0 15837
15208 19222 1:0 15852
15288 17119 21:0 15293
15290 19233 1:0 15832
15290 19218 1:0 15861
15290 19220 1:0 15861
15290 19214 1:0 15887
15291 19221 1:0 15861
15291 19213 1:0 15914
15291 19207 1:0 15919
15291 19205 1:0 15935
15300 19203 1:0 15942
15300 19204 1:0 15943
15306 19201 1:0 15946
15311 19202 1:0 15953
15326 19194 1:0 15968
15327 19200 1:0 15963
15339 19189 1:0 15983
15421 19188 1:0 15992
15421 19187 1:0 15992
15421 19185 1:0 15992
15421 19181 1:0 16018
15422 19180 1:0 16045
15422 19174 1:0 16050
15422 19172 1:0 16066
15431 19170 1:0 16073
15431 19171 1:0 16074
15437 19168 1:0 16077
15442 19169 1:0 16084
15457 19161 1:0 16099
15458 19156 1:0 16114
15470 19167 1:0 16094
15550 17233 21:0 15555
15552 19152 1:0 16119
15552 19155 1:0 16119
15552 19148 1:0 16149
15552 19141 1:0 16168
15553 19154 1:0 16119
15553 19147 1:0 16176
15553 344 1:0 17557
15553 21355 1:0 17568
15833 17354 0:0 15854
15943 17404 21:0 15948
16074 17461 21:0 16079
16207 22391 21:0 16246
16244 22392 0:0 16246
16246 22398 0:0 16251
16246 22396 0:0 16251
16246 22399 0:0 16251
16253 22385 21:0 16262
16260 22400 0:0 16262
16261 22411 21:0 16262
16264 22413 21:0 16272
16271 22414 0:0 16272
16271 22412 0:0 16272
16271 22415 21:0 16338
16284 22405 0:0 16286
16285 22424 0:0 16286
16320 22425 0:0 16322
16326 22432 0:0 16327
16326 22431 0:0 16327
16326 22429 0:0 16327
16336 22416 0:0 16338
16337 22418 0:0 16338
16337 22433 0:0 16338
16337 22444 0:0 16338
16340 22446 21:0 16348
16341 31 0:0 16343
16347 22447 0:0 16348
16347 22445 0:0 16348
16347 35 0:0 16348
16347 22448 21:0 16414
16360 33 0:0 16362
16360 22438 0:0 16362
16361 22457 0:0 16362
16396 22458 0:0 16398
16402 22465 0:0 16403
16402 22462 0:0 16403
16402 22464 0:0 16403
16412 22449 0:0 16414
16413 22466 0:0 16414
16413 22451 0:0 16414
16413 22477 0:0 16414
16416 22479 21:0 16424
16417 49 0:0 16419
16423 22478 0:0 16424
16423 22480 0:0 16424
16423 53 0:0 16424
16423 22481 21:0 16490
16436 22471 0:0 16438
16437 22490 0:0 16438
16472 22491 0:0 16474
16478 22497 0:0 16479
16478 22498 0:0 16479
16478 22495 0:0 16479
16488 22482 0:0 16490
16489 22510 0:0 16490
16489 22484 0:0 16490
16489 22499 0:0 16490
16492 22512 21:0 16500
16499 22511 0:0 16500
16499 22513 0:0 16500
16499 22514 21:0 16566
16512 22504 0:0 16514
16513 22523 0:0 16514
16548 22524 0:0 16550
16554 22528 0:0 16555
16554 22531 0:0 16555
16554 22530 0:0 16555
16564 22515 0:0 16566
16568 22545 21:0 16576
16575 22546 0:0 16576
16575 22547 21:0 16642
16630 22564 0:0 16631
16640 22548 0:0 16642
16644 22578 21:0 16652
16651 22579 0:0 16652
16651 22580 21:0 16718
16716 22581 0:0 16718
16717 22598 0:0 16718
16720 22611 21:0 16728
16727 22612 0:0 16728
16727 125 0:0 16728
16727 22613 21:0 16794
16741 22622 0:0 16742
16782 22630 0:0 16783
16792 22614 0:0 16794
16793 22631 0:0 16794
16796 22644 21:0 16804
16797 139 0:0 16799
16803 22645 0:0 16804
16803 22646 21:0 16870
16816 22636 0:0 16818
16852 22656 0:0 16854
16858 22663 0:0 16859
16858 22660 0:0 16859
16858 22662 0:0 16859
16868 22647 0:0 16870
16872 22677 21:0 16880
16879 22679 0:0 16880
16879 22678 21:0 16946
16893 22688 0:0 16894
16944 22680 0:0 16946
16948 22710 21:0 16956
16955 22712 0:0 16956
16955 22711 21:0 17022
17020 22713 0:0 17022
17024 22743 21:0 17032
17031 197 0:0 17032
17031 22744 0:0 17032
17031 22745 21:0 17098
17096 22746 0:0 17098
17100 22776 21:0 17108
17107 22778 0:0 17108
17107 22777 21:0 17174
17172 22779 0:0 17174
17176 22809 21:0 17184
17183 22810 0:0 17184
17183 233 0:0 17184
17183 22811 21:0 17250
17248 22812 0:0 17250
17252 22842 21:0 17260
17253 247 0:0 17255
17259 22844 0:0 17260
17259 22843 21:0 17326
17324 22845 0:0 17326
17328 22875 21:0 17336
17329 265 0:0 17331
17335 22877 0:0 17336
17335 22876 21:0 17402
17400 22878 0:0 17402
17404 22908 21:0 17412
17411 22909 0:0 17412
17411 22910 21:0 17478
17476 22911 0:0 17478
17480 22941 21:0 17488
17481 301 0:0 17483
17487 22942 0:0 17488
17487 22943 21:0 17554
17552 22944 0:0 17554
17556 22974 21:0 17564
17563 22976 0:0 17564
17563 22975 21:0 17573
17565 21353 1:0 17575
17565 21354 1:0 17576
17572 22977 21:0 17584
17578 340 1:0 2813
17579 21352 1:0 17586
17579 16499 1:0 17595
17579 21322 1:0 17699
17583 22741 21:0 17590
17585 21321 1:0 17707
17588 21320 1:0 17706
17588 21319 1:0 17717
17589 22820 21:0 17590
17589 22953 21:0 17593
17591 301 1:0 17721
17592 22763 21:0 17593
17594 21297 1:0 17809
17594 21289 1:0 17830
17607 344 21:0 17621
17615 21288 1:0 17838
17668 21287 1:0 17837
17674 22827 21:0 17701
17700 22886 21:0 17701
17700 22762 21:0 17704
17703 22913 21:0 17704
17703 22577 21:0 17712
17709 21286 1:0 17848
17710 21256 1:0 17961
17710 21255 1:0 17969
17711 22919 21:0 17712
17711 16499 21:0 17715
17714 22550 21:0 17715
17714 22532 21:0 17721
17716 21254 1:0 17968
17719 21253 1:0 17979
17719 265 1:0 17983
17719 21251 1:0 17989
17719 21245 1:0 17994
17719 21239 1:0 18018
17720 22642 21:0 17721
17720 22708 21:0 17724
17723 16549 21:0 17724
17723 22841 21:0 17744
17725 21223 1:0 18092
17727 21221 1:0 18099
17743 22794 21:0 17752
17746 21222 1:0 18100
17799 21220 1:0 18110
17805 22590 21:0 17832
17807 21198 1:0 18115
17812 247 1:0 18114
17831 22603 21:0 17832
17831 22543 21:0 17835
17834 22729 21:0 17835
17840 16777 1:0 18140
17840 21205 1:0 18140
17840 21203 1:0 18149
17841 21190 1:0 18223
17841 21186 1:0 18223
17850 21188 1:0 18230
17850 21189 1:0 18231
17856 233 1:0 18236
17856 21187 1:0 18241
17858 16952 1:0 18246
17861 21172 1:0 18271
17876 16895 1:0 18271
17877 21170 1:0 18280
17969 16663 21:0 17974
17971 21157 1:0 18354
17971 16838 1:0 18354
17972 21156 1:0 18362
17981 21155 1:0 18361
17981 21154 1:0 18372
17981 21141 1:0 18377
17981 21152 1:0 18382
17981 21133 1:0 18402
17987 21137 1:0 18402
17987 21140 1:0 18411
17987 21126 1:0 18469
18008 21124 1:0 18485
18020 21132 1:0 18464
18102 21123 1:0 18493
18103 21122 1:0 18492
18112 197 1:0 18498
18112 21121 1:0 18503
18112 21107 1:0 18508
18112 21113 1:0 18518
18112 21108 1:0 18533
18112 21093 1:0 18536
18112 16948 1:0 18536
18118 21104 1:0 18542
18118 21099 1:0 18587
18118 21087 1:0 18616
18139 21091 1:0 18616
18233 21090 1:0 18624
18234 21089 1:0 18623
18243 21088 1:0 18634
18243 21086 1:0 18644
18243 21080 1:0 18649
18243 21075 1:0 18664
18243 21071 1:0 18673
18243 21073 1:0 18673
18243 21067 1:0 18699
18243 17005 1:0 18718
18249 21074 1:0 18673
18254 21058 1:0 18747
18269 21054 1:0 18747
18270 21060 1:0 18731
18282 21066 1:0 18726
18364 21057 1:0 18755
18365 21056 1:0 18754
18374 21055 1:0 18765
18374 21053 1:0 18775
18374 21047 1:0 18780
18374 21042 1:0 18795
18374 21040 1:0 18804
18374 21041 1:0 18804
18374 21034 1:0 18830
18380 21038 1:0 18804
18385 21025 1:0 18878
18400 21027 1:0 18862
18401 21033 1:0 18857
18495 21023 1:0 18885
18496 21024 1:0 18886
18496 21021 1:0 18889
18505 21022 1:0 18896
18505 139 1:0 18900
18505 21020 1:0 18906
18505 21014 1:0 18911
18505 21009 1:0 18926
18505 21005 1:0 18935
18505 21001 1:0 18961
18511 21008 1:0 18935
18511 21007 1:0 18935
18511 17119 1:0 19009
18532 20992 1:0 19009
18544 21000 1:0 18988
18624 16948 21:0 18629
18626 20994 1:0 18993
18627 20990 1:0 19016
18627 20991 1:0 19017
18627 20988 1:0 19020
18627 125 1:0 19022
18636 20989 1:0 19027
18636 20987 1:0 19037
18636 20981 1:0 19042
18636 20976 1:0 19057
18636 20972 1:0 19066
18642 20975 1:0 19066
18642 20974 1:0 19066
18642 20968 1:0 19092
18663 20959 1:0 19140
18675 20967 1:0 19119
18757 20961 1:0 19124
18758 20957 1:0 19147
18758 20958 1:0 19148
18758 20955 1:0 19151
18767 20956 1:0 19158
18767 20954 1:0 19168
18767 20948 1:0 19173
18767 20943 1:0 19188
18767 20935 1:0 19223
18773 20942 1:0 19197
18773 20939 1:0 19197
18793 20926 1:0 19271
18794 17233 1:0 19271
18806 20928 1:0 19255
18888 20925 1:0 19279
18889 20924 1:0 19278
18889 20922 1:0 19282
18898 20923 1:0 19289
18898 20921 1:0 19299
18898 20915 1:0 19304
18898 20910 1:0 19319
18898 20908 1:0 19328
18898 20902 1:0 19354
18904 20909 1:0 19328
18904 20906 1:0 19328
18924 20893 1:0 19402
18925 20901 1:0 19381
18937 20895 1:0 19386
19019 20891 1:0 19409
19020 20892 1:0 19410
19020 20889 1:0 19413
19029 20890 1:0 19420
19029 20888 1:0 19430
19029 20882 1:0 19435
19029 20877 1:0 19450
19029 20873 1:0 19459
19029 20869 1:0 19485
19035 20876 1:0 19459
19035 20875 1:0 19459
19055 20860 1:0 19533
19056 20862 1:0 19517
19068 20868 1:0 19512
19150 20858 1:0 19540
19151 20859 1:0 19541
19151 20856 1:0 19544
19160 53 1:0 19546
19160 20857 1:0 19551
19160 49 1:0 19555
19160 20855 1:0 19561
19160 20849 1:0 19566
19160 20844 1:0 19581
19166 17354 1:0 19560
19166 20843 1:0 19590
19166 20840 1:0 19590
19168 20842 1:0 19590
19171 20836 1:0 19616
19281 20835 1:0 19643
19281 20829 1:0 19648
19281 17404 1:0 19664
19281 20827 1:0 19664
19282 33 1:0 19666
19282 20826 1:0 19672
19291 20825 1:0 19671
19291 20823 1:0 19675
19291 20824 1:0 19682
19297 35 1:0 19677
19297 31 1:0 19686
19297 20816 1:0 19697
19299 20811 1:0 19712
19302 20822 1:0 19692
19317 20807 1:0 19721
19318 20809 1:0 19721
19330 20810 1:0 19721
19412 20803 1:0 19747
19413 20802 1:0 19774
19413 20796 1:0 19779
19413 20794 1:0 19795
19413 17461 1:0 19795
19422 20792 1:0 19802
19422 20793 1:0 19803
19422 20790 1:0 19806
19428 20791 1:0 19813
19430 20778 1:0 19843
19433 20789 1:0 19823
19448 20783 1:0 19828
19449 20770 1:0 19878
19461 20763 1:0 19897
19543 20776 1:0 19848
19543 20774 1:0 19848
19543 20777 1:0 19848
19543 20769 1:0 19905
19544 22977 1:0 21291
19544 345 1:0 21295
19553 22975 1:0 21304
19672 17404 21:0 19677
19803 17461 21:0 19808
19936 24013 21:0 19975
19973 24014 0:0 19975
19975 24021 0:0 19980
19975 24018 0:0 19980
19975 24020 0:0 19980
19982 24007 21:0 19991
19989 24022 0:0 19991
19990 24033 21:0 19991
19993 24035 21:0 20001
20000 24036 0:0 20001
20000 24034 0:0 20001
20000 24037 21:0 20067
20013 24027 0:0 20015
20014 24046 0:0 20015
20049 24047 0:0 20051
20055 24051 0:0 20056
20055 24054 0:0 20056
20055 24053 0:0 20056
20065 24038 0:0 20067
20066 24066 0:0 20067
20066 24055 0:0 20067
20066 24040 0:0 20067
20069 24068 21:0 20077
20076 24070 0:0 20077
20076 24067 0:0 20077
20076 24069 21:0 20143
20089 24060 0:0 20091
20090 24079 0:0 20091
20125 24080 0:0 20127
20131 24087 0:0 20132
20131 24084 0:0 20132
20131 24086 0:0 20132
20141 24071 0:0 20143
20142 24073 0:0 20143
20142 24099 0:0 20143
20142 24088 0:0 20143
20145 24101 21:0 20153
20152 24102 0:0 20153
20152 24100 0:0 20153
20152 24103 21:0 20219
20165 24093 0:0 20167
20166 24112 0:0 20167
20201 24113 0:0 20203
20207 24119 0:0 20208
20207 24120 0:0 20208
20207 24117 0:0 20208
20217 24104 0:0 20219
20218 24121 0:0 20219
20218 24132 0:0 20219
20218 24106 0:0 20219
20221 24134 21:0 20229
20228 24133 0:0 20229
20228 24136 0:0 20229
20228 24135 21:0 20295
20241 24126 0:0 20243
20242 24145 0:0 20243
20277 24146 0:0 20279
20283 24150 0:0 20284
20283 24152 0:0 20284
20283 24153 0:0 20284
20293 24137 0:0 20295
20294 24154 0:0 20295
20294 24165 0:0 20295
20294 24139 0:0 20295
20297 24167 21:0 20305
20304 24166 0:0 20305
20304 24168 0:0 20305
20304 24169 21:0 20371
20317 24159 0:0 20319
20318 24178 0:0 20319
20353 24179 0:0 20355
20359 24183 0:0 20360
20359 24186 0:0 20360
20359 24185 0:0 20360
20369 24170 0:0 20371
20370 24187 0:0 20371
20370 24198 0:0 20371
20370 24172 0:0 20371
20373 24200 21:0 20381
20380 24201 0:0 20381
20380 24199 0:0 20381
20380 24202 21:0 20447
20393 24192 0:0 20395
20394 24211 0:0 20395
20429 24212 0:0 20431
20435 24219 0:0 20436
20435 24216 0:0 20436
20435 24218 0:0 20436
20445 24203 0:0 20447
20446 24220 0:0 20447
20446 24205 0:0 20447
20446 24231 0:0 20447
20449 24233 21:0 20457
20456 24234 0:0 20457
20456 24232 0:0 20457
20456 24235 21:0 20523
20469 24225 0:0 20471
20470 24244 0:0 20471
20505 24245 0:0 20507
20511 24249 0:0 20512
20511 24251 0:0 20512
20511 24252 0:0 20512
20521 24236 0:0 20523
20522 24238 0:0 20523
20522 24253 0:0 20523
20522 24264 0:0 20523
20525 24266 21:0 20533
20532 24268 0:0 20533
20532 24265 0:0 20533
20532 24267 21:0 20599
20545 24258 0:0 20547
20546 24277 0:0 20547
20581 24278 0:0 20583
20587 24285 0:0 20588
20587 24284 0:0 20588
20587 24282 0:0 20588
20597 24269 0:0 20599
20598 24297 0:0 20599
20598 24271 0:0 20599
20598 24286 0:0 20599
20601 24299 21:0 20609
20608 24300 0:0 20609
20608 24298 0:0 20609
20608 24301 21:0 20675
20621 24291 0:0 20623
20622 24310 0:0 20623
20657 24311 0:0 20659
20663 24317 0:0 20664
20663 24315 0:0 20664
20663 24318 0:0 20664
20673 24302 0:0 20675
20674 24319 0:0 20675
20674 24330 0:0 20675
20674 24304 0:0 20675
20677 24332 21:0 20685
20684 24334 0:0 20685
20684 24331 0:0 20685
20684 24333 21:0 20751
20697 24324 0:0 20699
20698 24343 0:0 20699
20733 24344 0:0 20735
20739 24348 0:0 20740
20739 24351 0:0 20740
20739 24350 0:0 20740
20749 24335 0:0 20751
20750 24352 0:0 20751
20750 24363 0:0 20751
20750 24337 0:0 20751
20753 24365 21:0 20761
20760 24364 0:0 20761
20760 24367 0:0 20761
20760 24366 21:0 20827
20773 24357 0:0 20775
20774 24376 0:0 20775
20809 24377 0:0 20811
20815 24384 0:0 20816
20815 24381 0:0 20816
20815 24383 0:0 20816
20825 24368 0:0 20827
20826 24396 0:0 20827
20826 24370 0:0 20827
20826 24385 0:0 20827
20829 24398 21:0 20837
20836 24397 0:0 20837
20836 24399 0:0 20837
20836 24400 21:0 20903
20849 24390 0:0 20851
20850 24409 0:0 20851
20885 24410 0:0 20887
20891 24416 0:0 20892
20901 24401 0:0 20903
20902 24418 0:0 20903
20905 24431 21:0 20913
20912 24432 0:0 20913
20912 24433 21:0 20979
20977 24434 0:0 20979
20981 24464 21:0 20989
20988 24466 0:0 20989
20988 24465 21:0 21055
21053 24467 0:0 21055
21057 24497 21:0 21065
21064 24498 0:0 21065
21064 24499 21:0 21131
21129 24500 0:0 21131
21133 24530 21:0 21141
21140 24531 0:0 21141
21140 24532 21:0 21207
21205 24533 0:0 21207
21209 24563 21:0 21217
21216 24564 0:0 21217
21216 24565 21:0 21283
21281 24566 0:0 21283
21285 24596 21:0 21293
21292 24598 0:0 21293
21292 24597 21:0 21302
21294 22976 1:0 21305
21294 22974 1:0 21315
21301 24599 21:0 21313
21307 16499 1:0 21324
21307 22953 1:0 21380
21308 22944 1:0 21428
21308 16549 1:0 21428
21312 24429 21:0 21319
21314 22943 1:0 21436
21317 22942 1:0 21435
21317 22941 1:0 21446
21317 22919 1:0 21530
21317 22913 1:0 21543
21318 24417 21:0 21319
21318 24403 21:0 21322
21321 24414 21:0 21322
21323 22911 1:0 21559
21323 22910 1:0 21567
21336 345 21:0 21350
21351 22909 1:0 21566
21403 24423 21:0 21430
21405 22908 1:0 21577
21410 16663 1:0 21661
21429 24443 21:0 21430
21429 24449 21:0 21433
21432 24463 21:0 21433
21432 24456 21:0 21441
21438 22886 1:0 21669
21439 22878 1:0 21690
21439 22876 1:0 21697
21440 24447 21:0 21441
21440 24462 21:0 21444
21443 24436 21:0 21444
21443 24475 21:0 21450
21445 22877 1:0 21698
21448 22875 1:0 21708
21448 22845 1:0 21821
21448 22841 1:0 21821
21449 24549 21:0 21450
21449 24513 21:0 21453
21452 24568 21:0 21453
21452 24442 21:0 21474
21454 22843 1:0 21828
21456 22844 1:0 21829
21473 24450 21:0 21481
21475 22842 1:0 21839
21482 22827 1:0 21878
21487 22820 1:0 21931
21534 24594 21:0 21561
21569 22812 1:0 21952
21570 22811 1:0 21960
21579 22810 1:0 21959
21579 22809 1:0 21970
21579 22794 1:0 22009
21585 22779 1:0 22083
21605 22777 1:0 22090
21700 22778 1:0 22091
21701 22776 1:0 22101
21701 22763 1:0 22131
21701 22762 1:0 22140
21710 22746 1:0 22214
21710 22745 1:0 22222
21716 22744 1:0 22221
21736 22743 1:0 22232
21737 22741 1:0 22242
21749 22729 1:0 22271
21831 16948 1:0 22345
21832 22713 1:0 22345
21832 22711 1:0 22352
21841 22712 1:0 22353
21841 22710 1:0 22363
21841 22708 1:0 22373
21849 22680 1:0 22476
21850 16727 21:0 21874
21852 22688 1:0 22455
21880 22678 1:0 22483
21962 22679 1:0 22484
21963 22677 1:0 22494
21963 22660 1:0 22533
21963 22662 1:0 22533
21972 22663 1:0 22533
21972 22656 1:0 22559
21972 22647 1:0 22607
21978 22646 1:0 22615
21998 22645 1:0 22614
22093 22644 1:0 22625
22093 22642 1:0 22635
22093 22636 1:0 22640
22094 22631 1:0 22655
22094 22630 1:0 22664
22094 22614 1:0 22738
22103 22622 1:0 22717
22103 22613 1:0 22746
22109 22612 1:0 22745
22114 22611 1:0 22756
22129 22598 1:0 22786
22130 22603 1:0 22771
22142 22590 1:0 22821
22224 22581 1:0 22869
22225 22577 1:0 22869
22225 22580 1:0 22877
22234 22579 1:0 22876
22234 22578 1:0 22887
22234 22564 1:0 22926
22240 22550 1:0 22984
22245 22548 1:0 23000
22355 22547 1:0 23008
22356 22546 1:0 23007
22356 22545 1:0 23018
22356 22543 1:0 23028
22365 22532 1:0 23048
22365 22530 1:0 23057
22365 22528 1:0 23057
22365 22531 1:0 23057
22365 22524 1:0 23083
22371 22523 1:0 23110
22371 22515 1:0 23131
22391 22514 1:0 23139
22392 22511 1:0 23142
22486 22513 1:0 23138
22487 22512 1:0 23149
22487 22510 1:0 23159
22487 22504 1:0 23164
22487 22499 1:0 23179
22496 22495 1:0 23188
22496 22497 1:0 23188
22496 22498 1:0 23188
22496 22491 1:0 23214
22496 22482 1:0 23262
22502 22490 1:0 23241
22502 22484 1:0 23246
22522 22481 1:0 23270
22615 17062 21:0 22620
22617 22480 1:0 23269
22617 22478 1:0 23273
22618 22479 1:0 23280
22618 22477 1:0 23290
22618 22471 1:0 23295
22618 22466 1:0 23310
22618 22458 1:0 23345
22626 17066 21:0 22629
22627 22465 1:0 23319
22627 22462 1:0 23319
22627 22464 1:0 23319
22627 17404 1:0 23393
22627 22449 1:0 23393
22630 22457 1:0 23372
22633 22451 1:0 23377
22638 22448 1:0 23401
22653 22445 1:0 23404
22748 22447 1:0 23400
22749 22446 1:0 23411
22749 22444 1:0 23421
22749 22438 1:0 23426
22749 22433 1:0 23441
22749 22429 1:0 23450
22758 22431 1:0 23450
22758 22432 1:0 23450
22758 22425 1:0 23476
22758 17461 1:0 23524
22758 22416 1:0 23524
22764 22424 1:0 23503
22764 22418 1:0 23508
22784 22415 1:0 23532
22785 22412 1:0 23535
22879 22414 1:0 23531
22880 22413 1:0 23542
22880 22411 1:0 23552
22880 22405 1:0 23557
22880 22400 1:0 23572
22889 22398 1:0 23577
22889 22399 1:0 23577
22889 22396 1:0 23577
22889 22392 1:0 23607
22889 22385 1:0 23626
22889 22391 1:0 23634
22889 346 1:0 25015
22895 24599 1:0 25026
22916 24597 1:0 25033
23401 17404 21:0 23406
23412 17408 21:0 23415
23532 17461 21:0 23537
23676 25636 0:0 23704
23704 25643 21:0 23720
23719 25644 0:0 23720
23719 25655 21:0 23720
23722 25657 21:0 23730
23729 25658 0:0 23730
23729 25656 0:0 23730
23729 25659 21:0 23796
23742 15 0:0 23744
23742 25649 0:0 23744
23743 25668 0:0 23744
23778 25669 0:0 23780
23784 25676 0:0 23785
23784 25673 0:0 23785
23794 25660 0:0 23796
23795 25662 0:0 23796
23795 25677 0:0 23796
23795 25688 0:0 23796
23798 25690 21:0 23806
23805 25691 0:0 23806
23805 25692 21:0 23872
23818 25682 0:0 23820
23854 25702 0:0 23856
23860 25709 0:0 23861
23860 25708 0:0 23861
23870 25693 0:0 23872
23871 25695 0:0 23872
23871 25721 0:0 23872
23874 25723 21:0 23882
23875 49 0:0 23877
23881 25724 0:0 23882
23881 25725 21:0 23948
23895 25734 0:0 23896
23930 25735 0:0 23932
23936 25742 0:0 23937
23936 25739 0:0 23937
23936 25741 0:0 23937
23946 25726 0:0 23948
23950 25756 21:0 23958
23957 25755 0:0 23958
23957 25757 0:0 23958
23957 25758 0:0 23958
23958 25759 21:0 24024
24012 25775 0:0 24013
24023 25776 0:0 24024
24023 25761 0:0 24024
24026 25789 21:0 24034
24033 25790 0:0 24034
24033 25791 21:0 24100
24046 87 0:0 24048
24088 25805 0:0 24089
24098 25792 0:0 24100
24102 25822 21:0 24110
24109 25821 0:0 24110
24109 25824 0:0 24110
24109 25823 21:0 24176
24164 25838 0:0 24165
24174 25825 0:0 24176
24175 25853 0:0 24176
24178 25855 21:0 24186
24185 25856 0:0 24186
24185 25857 21:0 24252
24250 25858 0:0 24252
24251 25875 0:0 24252
24254 25888 21:0 24262
24261 25890 0:0 24262
24261 25889 0:0 24262
24262 25891 21:0 24328
24275 25899 0:0 24276
24327 25919 0:0 24328
24327 25893 0:0 24328
24330 25921 21:0 24338
24331 157 0:0 24333
24337 25922 0:0 24338
24337 25923 21:0 24404
24351 25932 0:0 24352
24402 25924 0:0 24404
24406 25954 21:0 24414
24413 25956 0:0 24414
24413 25955 21:0 24480
24426 25946 0:0 24428
24426 177 0:0 24428
24478 25957 0:0 24480
24482 25987 21:0 24490
24489 25988 0:0 24490
24489 25989 21:0 24556
24502 25979 0:0 24504
24503 25998 0:0 24504
24554 25990 0:0 24556
24555 26007 0:0 24556
24558 26020 21:0 24566
24559 211 0:0 24561
24565 26021 0:0 24566
24565 215 0:0 24566
24565 26022 21:0 24632
24578 26012 0:0 24580
24630 26023 0:0 24632
24634 26053 21:0 24642
24641 26054 0:0 24642
24641 26055 21:0 24708
24696 26071 0:0 24697
24696 26069 0:0 24697
24706 26056 0:0 24708
24707 26084 0:0 24708
24710 26086 21:0 24718
24717 26088 0:0 24718
24717 26087 21:0 24784
24782 26089 0:0 24784
24786 26119 21:0 24794
24793 26120 0:0 24794
24793 26121 21:0 24860
24858 26122 0:0 24860
24859 26124 0:0 24860
24862 26152 21:0 24870
24863 283 0:0 24865
24869 26153 0:0 24870
24869 26154 21:0 24936
24934 26155 0:0 24936
24938 26185 21:0 24946
24945 26187 0:0 24946
24945 26186 21:0 25012
25010 26188 0:0 25012
25014 26218 21:0 25022
25021 26220 0:0 25022
25021 26219 21:0 25031
25023 24598 1:0 25034
25030 26221 21:0 25042
25036 24596 1:0 25044
25036 24594 1:0 25054
25037 24568 1:0 25141
25037 24566 1:0 25157
25043 24565 1:0 25165
25046 24564 1:0 25164
25046 24563 1:0 25175
25046 24549 1:0 25214
25054 24533 1:0 25288
25065 346 21:0 25079
25085 24532 1:0 25296
25167 24531 1:0 25295
25168 24530 1:0 25306
25168 283 1:0 25310
25168 24513 1:0 25345
25177 24500 1:0 25419
25177 24450 1:0 25419
25183 24499 1:0 25427
25188 24498 1:0 25426
25298 24497 1:0 25437
25298 24442 1:0 25442
25298 24475 1:0 25470
25298 16727 1:0 25470
25299 24462 1:0 25521
25299 24467 1:0 25550
25299 24463 1:0 25550
25308 24465 1:0 25557
25308 24466 1:0 25558
25316 24464 1:0 25568
25319 24447 1:0 25573
25334 24456 1:0 25583
25335 24449 1:0 25598
25347 24443 1:0 25633
25429 24436 1:0 25665
25430 24434 1:0 25681
25430 24433 1:0 25689
25439 24432 1:0 25688
25439 24431 1:0 25699
25439 24423 1:0 25704
25445 24429 1:0 25709
25445 24418 1:0 25729
25445 24414 1:0 25729
25447 24417 1:0 25738
25450 24416 1:0 25738
25465 24410 1:0 25764
25466 24403 1:0 25796
25560 24409 1:0 25791
25560 24401 1:0 25812
25561 24400 1:0 25820
25570 24399 1:0 25819
25570 24397 1:0 25823
25570 215 1:0 25825
25570 24398 1:0 25830
25576 211 1:0 25834
25576 24390 1:0 25845
25576 24385 1:0 25860
25578 24396 1:0 25840
25581 24377 1:0 25895
25596 24381 1:0 25869
25597 24384 1:0 25869
25609 24383 1:0 25869
25691 24368 1:0 25943
25692 24376 1:0 25922
25692 24370 1:0 25927
25692 24366 1:0 25950
25701 24367 1:0 25951
25701 24364 1:0 25954
25707 24365 1:0 25961
25707 24357 1:0 25976
25707 24352 1:0 25991
25709 24363 1:0 25971
25712 24344 1:0 26026
25727 24351 1:0 26000
25728 24350 1:0 26000
25740 24348 1:0 26000
25822 24335 1:0 26074
25823 24343 1:0 26053
25823 24337 1:0 26058
25823 24333 1:0 26081
25832 177 1:0 26076
25832 24334 1:0 26082
25832 24331 1:0 26085
25838 24332 1:0 26092
25838 24330 1:0 26102
25840 24319 1:0 26122
25843 24324 1:0 26107
25858 24311 1:0 26157
25859 24317 1:0 26131
25871 24315 1:0 26131
25953 24318 1:0 26131
25954 24310 1:0 26184
25954 24304 1:0 26189
25954 24302 1:0 26205
25963 24300 1:0 26212
25963 24301 1:0 26213
25963 24298 1:0 26216
25969 24299 1:0 26223
25969 157 1:0 26227
25971 24291 1:0 26238
25974 24286 1:0 26253
25989 24297 1:0 26233
25990 24285 1:0 26262
26002 17062 1:0 26307
26084 24284 1:0 26262
26084 24282 1:0 26262
26084 24278 1:0 26288
26085 24277 1:0 26315
26085 24271 1:0 26320
26085 24269 1:0 26336
26085 17066 1:0 26336
26094 24267 1:0 26343
26094 24268 1:0 26344
26100 24265 1:0 26347
26105 24266 1:0 26354
26120 24264 1:0 26364
26121 24253 1:0 26384
26133 24258 1:0 26369
26215 24252 1:0 26393
26215 24249 1:0 26393
26215 24251 1:0 26393
26215 24245 1:0 26419
26216 24244 1:0 26446
26216 24238 1:0 26451
26216 24236 1:0 26467
26225 24234 1:0 26474
26225 24235 1:0 26475
26231 24232 1:0 26478
26236 24233 1:0 26485
26251 24220 1:0 26515
26252 24231 1:0 26495
26264 24225 1:0 26500
26346 24218 1:0 26524
26346 24216 1:0 26524
26346 24219 1:0 26524
26346 24212 1:0 26550
26347 24211 1:0 26577
26347 24205 1:0 26582
26347 24203 1:0 26598
26356 24202 1:0 26606
26356 24199 1:0 26609
26362 24201 1:0 26605
26367 24200 1:0 26616
26382 24198 1:0 26626
26383 24187 1:0 26646
26395 24192 1:0 26631
26477 24186 1:0 26655
26477 24183 1:0 26655
26477 24185 1:0 26655
26477 24179 1:0 26681
26478 24178 1:0 26708
26478 24172 1:0 26713
26478 24170 1:0 26729
26487 87 1:0 26731
26487 24169 1:0 26737
26487 24166 1:0 26740
26493 24168 1:0 26736
26513 24167 1:0 26747
26514 24159 1:0 26762
26526 24154 1:0 26777
26608 24165 1:0 26757
26608 24153 1:0 26786
26608 24152 1:0 26786
26608 24146 1:0 26812
26609 24150 1:0 26786
26609 24139 1:0 26844
26609 24137 1:0 26860
26618 24145 1:0 26839
26618 24135 1:0 26867
26624 24136 1:0 26868
26624 24133 1:0 26871
26644 24134 1:0 26878
26645 24132 1:0 26888
26657 24121 1:0 26908
26739 24126 1:0 26893
26739 24117 1:0 26917
26739 24120 1:0 26917
26739 24119 1:0 26917
26740 24113 1:0 26943
26740 24112 1:0 26970
26740 24104 1:0 26991
26749 24106 1:0 26975
26749 24103 1:0 26999
26755 24102 1:0 26998
26755 24100 1:0 27002
26775 24101 1:0 27009
26776 49 1:0 27013
26788 24088 1:0 27039
26870 24099 1:0 27019
26870 24093 1:0 27024
26870 24080 1:0 27074
26870 17408 1:0 27093
26871 24084 1:0 27048
26871 24087 1:0 27048
26871 24086 1:0 27048
26871 17404 1:0 27122
26880 24079 1:0 27101
26880 24073 1:0 27106
26880 24071 1:0 27122
26880 24069 1:0 27129
26888 24070 1:0 27130
26891 24067 1:0 27133
27001 24068 1:0 27140
27001 24066 1:0 27150
27001 24060 1:0 27155
27001 24055 1:0 27170
27002 17461 1:0 27173
27002 347 1:0 27173
27002 24051 1:0 27175
27002 24053 1:0 27175
27002 24054 1:0 27175
27002 24047 1:0 27175
27011 24033 1:0 27224
27011 24046 1:0 27232
27011 24040 1:0 27237
27011 24007 1:0 27253
27011 24038 1:0 27253
27017 15 1:0 27255
27022 24037 1:0 27261
27037 24034 1:0 27264
27038 12657 1:0 27469
27132 24036 1:0 27260
27133 24035 1:0 27271
27133 24013 1:0 27276
27142 24022 1:0 27277
27142 24027 1:0 27278
27142 24014 1:0 27306
27142 24020 1:0 27306
27142 24018 1:0 27306
27142 24021 1:0 27306
27142 26221 1:0 27386
27148 26219 1:0 27393
27169 26220 1:0 27394
27181 12656 1:0 27469
27181 12663 1:0 27478
27181 12662 1:0 27488
27181 12804 1:0 27690
27263 26218 1:0 27404
27264 12664 1:0 27557
27264 12665 1:0 27558
27264 26188 1:0 27607
27273 12666 1:0 27567
27273 12667 1:0 27568
27273 12668 1:0 27577
27273 12669 1:0 27578
27273 26186 1:0 27614
27281 26187 1:0 27615
27284 12810 1:0 27690
27284 12809 1:0 27699
27284 12803 1:0 27709
27312 26185 1:0 27625
27353 12956 1:0 27911
27396 12811 1:0 27778
27396 12812 1:0 27779
27396 12813 1:0 27788
27396 12814 1:0 27789
27397 12815 1:0 27798
27397 12816 1:0 27799
27397 26155 1:0 27828
27406 26153 1:0 27835
27406 26154 1:0 27836
27414 26152 1:0 27846
27425 347 21:0 27439
27432 12951 1:0 27911
27432 12957 1:0 27920
27432 12950 1:0 27930
27433 26124 1:0 27943
27433 12960 1:0 28009
27486 26122 1:0 28049
27494 13103 1:0 28132
27499 12959 1:0 28000
27514 12958 1:0 27999
27515 12961 1:0 28010
27515 12962 1:0 28019
27516 13104 1:0 28141
27516 13098 1:0 28151
27565 12963 1:0 28020
27573 12665 21:0 27609
27608 12668 0:0 27609
27608 12669 0:0 27609
27608 12664 0:0 27609
27608 12667 0:0 27609
27608 12662 21:0 27609
27608 12656 21:0 27609
27608 12666 0:0 27609
27608 12663 21:0 27609
27608 12657 21:0 27609
27617 26121 1:0 28057
27618 26120 1:0 28056
27618 26119 1:0 28067
27627 13105 1:0 28220
27627 13106 1:0 28221
27627 13107 1:0 28230
27627 13108 1:0 28231
27627 26089 1:0 28270
27633 13097 1:0 28180
27633 13109 1:0 28240
27633 13110 1:0 28241
27633 13244 1:0 28353
27633 13250 1:0 28362
27654 26087 1:0 28277
27707 26088 1:0 28278
27736 26086 1:0 28288
27737 26084 1:0 28298
27786 26069 1:0 28327
27794 12811 21:0 27830
27796 26071 1:0 28327
27806 13245 1:0 28372
27806 13392 1:0 28574
27806 13398 1:0 28574
27829 12803 21:0 27830
27829 12812 0:0 27830
27829 12809 21:0 27830
27829 12810 21:0 27830
27829 12814 0:0 27830
27829 12816 0:0 27830
27829 12813 0:0 27830
27829 12804 21:0 27830
27829 12815 0:0 27830
27838 13251 1:0 28432
27838 13252 1:0 28441
27838 13253 1:0 28442
27838 13254 1:0 28451
27838 13255 1:0 28452
27839 13256 1:0 28461
27839 13257 1:0 28462
27839 26056 1:0 28491
27848 26054 1:0 28498
27848 26055 1:0 28499
27856 26053 1:0 28509
27859 13397 1:0 28583
27859 13391 1:0 28593
27887 26023 1:0 28594
27928 13400 1:0 28663
27928 13402 1:0 28673
27941 13399 1:0 28662
27956 13401 1:0 28672
27957 13403 1:0 28682
27957 13404 1:0 28683
28019 12960 21:0 28051
28027 26022 1:0 28720
28050 12963 0:0 28051
28050 12951 21:0 28051
28050 12962 0:0 28051
28050 12961 0:0 28051
28050 12958 0:0 28051
28050 12959 0:0 28051
28050 12950 21:0 28051
28050 12956 21:0 28051
28050 12957 21:0 28051
28059 26021 1:0 28719
28060 26020 1:0 28730
28060 26012 1:0 28745
28060 26007 1:0 28760
28069 13545 1:0 28795
28069 13538 1:0 28795
28069 13539 1:0 28804
28069 13544 1:0 28814
28069 25990 1:0 28815
28069 25998 1:0 28822
28069 13546 1:0 28883
28069 13547 1:0 28884
28075 13548 1:0 28893
28075 13549 1:0 28894
28075 13550 1:0 28903
28077 13551 1:0 28904
28108 25989 1:0 28941
28162 25988 1:0 28940
28177 13685 1:0 29016
28177 13686 1:0 29016
28177 13692 1:0 29025
28228 25987 1:0 28951
28236 13105 21:0 28272
28238 25979 1:0 28966
28248 13691 1:0 29035
28248 13838 1:0 29246
28248 13839 1:0 29256
28248 13979 1:0 29477
28270 13109 0:0 28272
28271 13108 0:0 28272
28271 13097 0:0 28272
28271 13110 0:0 28272
28271 13107 0:0 28272
28271 13106 0:0 28272
28271 13104 21:0 28272
28271 13098 21:0 28272
28271 13103 21:0 28272
28280 13693 1:0 29104
28280 13694 1:0 29105
28280 13695 1:0 29114
28280 13696 1:0 29115
28281 13697 1:0 29124
28281 13698 1:0 29125
28281 25957 1:0 29153
28290 25955 1:0 29161
28290 25956 1:0 29162
28298 25954 1:0 29172
28301 25946 1:0 29187
28316 13842 1:0 29335
28317 13840 1:0 29325
28329 25932 1:0 29264
28383 25924 1:0 29374
28398 13841 1:0 29326
28399 13832 1:0 29285
28399 13833 1:0 29286
28399 13843 1:0 29336
28400 13844 1:0 29345
28449 13845 1:0 29346
28458 13255 21:0 28493
28492 13244 21:0 28493
28492 13245 21:0 28493
28492 13250 21:0 28493
28492 13256 0:0 28493
28492 13252 0:0 28493
28492 13253 0:0 28493
28492 13251 0:0 28493
28492 13254 0:0 28493
28492 13257 0:0 28493
28501 25923 1:0 29383
28502 25922 1:0 29382
28502 25921 1:0 29393
28511 25919 1:0 29403
28511 25891 1:0 29477
28511 25899 1:0 29485
28511 13987 1:0 29546
28511 13988 1:0 29547
28517 25893 1:0 29490
28517 13989 1:0 29556
28517 13990 1:0 29557
28519 13980 1:0 29507
28519 13985 1:0 29536
28519 13986 1:0 29537
28522 13991 1:0 29566
28537 13992 1:0 29567
28591 25889 1:0 29603
28620 25890 1:0 29604
28679 13402 21:0 28714
28680 25888 1:0 29614
28690 25875 1:0 29644
28713 13392 21:0 28714
28713 13391 21:0 28714
28713 13397 21:0 28714
28713 13404 0:0 28714
28713 13399 0:0 28714
28713 13398 21:0 28714
28713 13403 0:0 28714
28713 13401 0:0 28714
28713 13400 0:0 28714
28722 14133 1:0 29679
28722 14127 1:0 29679
28722 14132 1:0 29688
28722 14126 1:0 29698
28722 14134 1:0 29767
28722 14135 1:0 29768
28722 14136 1:0 29777
28723 14137 1:0 29778
28723 14138 1:0 29787
28723 25858 1:0 29816
28732 14139 1:0 29788
28732 25857 1:0 29825
28738 25856 1:0 29824
28743 25855 1:0 29835
28758 25853 1:0 29845
28759 25838 1:0 29874
28771 14274 1:0 29900
28771 14280 1:0 29909
28771 14273 1:0 29919
28771 14427 1:0 30130
28825 25825 1:0 29920
28840 14281 1:0 29988
28841 14282 1:0 29989
28841 14283 1:0 29998
28842 14426 1:0 30140
28891 14279 1:0 29978
28891 14284 1:0 29999
28893 13546 21:0 28935
28901 14285 1:0 30008
28911 14286 1:0 30009
28934 13549 0:0 28935
28934 13551 0:0 28935
28934 13550 0:0 28935
28934 13547 0:0 28935
28934 13548 0:0 28935
28934 13545 21:0 28935
28934 13544 21:0 28935
28934 13538 21:0 28935
28934 13539 21:0 28935
28943 25823 1:0 30045
28944 25824 1:0 30046
28944 25821 1:0 30049
28953 25822 1:0 30056
28953 25805 1:0 30095
28953 25792 1:0 30141
28959 14428 1:0 30209
28959 14429 1:0 30210
28959 14432 1:0 30229
28961 14430 1:0 30219
28964 14431 1:0 30220
28979 14420 1:0 30169
28979 14421 1:0 30170
28979 14574 1:0 30342
28980 14433 1:0 30230
29033 25791 1:0 30267
29062 25790 1:0 30266
29114 13693 21:0 29156
29132 25789 1:0 30277
29154 13695 0:0 29156
29155 13686 21:0 29156
29155 13692 21:0 29156
29155 13694 0:0 29156
29155 13698 0:0 29156
29155 13691 21:0 29156
29155 13697 0:0 29156
29155 13696 0:0 29156
29155 13685 21:0 29156
29164 25759 1:0 30361
29165 25776 1:0 30307
29165 25775 1:0 30316
29165 14568 1:0 30342
29165 14567 1:0 30351
29165 14573 1:0 30361
29165 25761 1:0 30374
29165 14575 1:0 30430
29165 14576 1:0 30431
29174 14577 1:0 30440
29174 14578 1:0 30441
29174 14579 1:0 30450
29174 14580 1:0 30451
29174 25758 1:0 30488
29180 25755 1:0 30491
29185 25757 1:0 30487
29213 25756 1:0 30498
29254 25739 1:0 30537
29254 25741 1:0 30537
29262 14715 1:0 30582
29267 25742 1:0 30537
29282 25735 1:0 30563
29343 25726 1:0 30583
29345 13842 21:0 29377
29353 14722 1:0 30651
29375 13844 0:0 29377
29376 13841 0:0 29377
29376 13833 0:0 29377
29376 13832 0:0 29377
29376 13839 21:0 29377
29376 13838 21:0 29377
29376 13843 0:0 29377
29376 13840 0:0 29377
29376 13845 0:0 29377
29385 25734 1:0 30590
29385 14714 1:0 30611
29385 14720 1:0 30641
29385 14723 1:0 30652
29385 14724 1:0 30661
29385 14725 1:0 30662
29386 14721 1:0 30642
29386 14726 1:0 30671
29386 14727 1:0 30672
29386 14868 1:0 30784
29386 14862 1:0 30793
29386 14861 1:0 30803
29395 25724 1:0 30708
29395 25725 1:0 30709
29401 25723 1:0 30719
29401 25721 1:0 30729
29401 25708 1:0 30758
29403 25709 1:0 30758
29406 25702 1:0 30784
29421 14871 1:0 30882
29422 25695 1:0 30816
29483 25693 1:0 30922
29488 14870 1:0 30873
29503 14869 1:0 30872
29504 14867 1:0 30862
29504 14872 1:0 30883
29504 15014 1:0 31005
29504 15008 1:0 31014
29505 14873 1:0 30892
29554 14874 1:0 30893
29556 13987 21:0 29598
29596 13989 0:0 29598
29597 13980 0:0 29598
29597 13985 0:0 29598
29597 13986 0:0 29598
29597 13990 0:0 29598
29597 13979 21:0 29598
29597 13992 0:0 29598
29597 13988 0:0 29598
29597 13991 0:0 29598
29606 25692 1:0 30930
29607 25691 1:0 30929
29607 25690 1:0 30940
29616 25688 1:0 30950
29616 25682 1:0 30955
29616 25677 1:0 30970
29616 25673 1:0 30979
29616 25676 1:0 30979
29616 25669 1:0 31005
29616 15009 1:0 31024
29622 25660 1:0 31025
29624 15021 1:0 31114
29627 15016 1:0 31093
29642 25662 1:0 31037
29643 25668 1:0 31032
29655 15017 1:0 31094
29655 15018 1:0 31103
29696 15015 1:0 31084
29696 15019 1:0 31104
29696 15020 1:0 31113
29725 25659 1:0 31151
29726 25656 1:0 31154
29787 14136 21:0 29819
29817 14138 0:0 29819
29817 14137 0:0 29819
29818 14135 0:0 29819
29818 14134 0:0 29819
29818 14139 0:0 29819
29818 14126 21:0 29819
29818 14133 21:0 29819
29818 14127 21:0 29819
29818 14132 21:0 29819
29827 25658 1:0 31150
29828 25657 1:0 31161
29828 25655 1:0 31171
29828 25649 1:0 31176
29828 15162 1:0 31191
29828 25644 1:0 31191
29828 25643 1:0 31200
29837 25636 1:0 31226
29837 15161 1:0 31235
29837 15155 1:0 31245
29837 15156 1:0 31275
29837 15163 1:0 31314
29837 15164 1:0 31315
29837 15165 1:0 31324
29837 15166 1:0 31325
29837 15167 1:0 31334
29837 15168 1:0 31335
29998 14281 21:0 30040
30038 14285 0:0 30040
30039 14279 0:0 30040
30039 14283 0:0 30040
30039 14273 21:0 30040
30039 14284 0:0 30040
30039 14282 0:0 30040
30039 14274 21:0 30040
30039 14280 21:0 30040
30039 14286 0:0 30040
30239 14432 21:0 30261
30260 14420 0:0 30261
30260 14421 0:0 30261
30260 14428 0:0 30261
30260 14426 21:0 30261
30260 14429 0:0 30261
30260 14427 21:0 30261
30260 14430 0:0 30261
30260 14431 0:0 30261
30260 14433 0:0 30261
30437 14576 21:0 30482
30480 14577 0:0 30482
30481 14574 21:0 30482
30481 14580 0:0 30482
30481 14579 0:0 30482
30481 14575 0:0 30482
30481 14578 0:0 30482
30481 14573 21:0 30482
30481 14567 21:0 30482
30481 14568 21:0 30482
30661 14722 21:0 30703
30701 14724 0:0 30703
30702 14721 0:0 30703
30702 14720 0:0 30703
30702 14726 0:0 30703
30702 14723 0:0 30703
30702 14714 0:0 30703
30702 14727 0:0 30703
30702 14725 0:0 30703
30702 14715 21:0 30703
30892 14871 21:0 30924
30923 14867 0:0 30924
30923 14861 21:0 30924
30923 14870 0:0 30924
30923 14862 21:0 30924
30923 14868 21:0 30924
30923 14869 0:0 30924
30923 14872 0:0 30924
30923 14874 0:0 30924
30923 14873 0:0 30924
31120 15021 21:0 31145
31143 15019 0:0 31145
31143 15016 0:0 31145
31143 15017 0:0 31145
31143 15020 0:0 31145
31144 15009 21:0 31145
31144 15018 0:0 31145
31144 15008 21:0 31145
31144 15014 21:0 31145
31144 15015 0:0 31145
31324 15163 21:0 96
