128 49172 0:0 129
130 49082 21:0 227
226 48932 21:0 237
236 49083 21:0 287
286 49080 21:0 308
307 48642 21:0 327
326 48199 21:0 379
378 49071 21:0 384
383 49076 21:0 384
383 49077 21:0 386
385 48637 21:0 439
438 49072 21:0 439
438 47466 21:0 460
459 47170 21:0 479
478 49075 21:0 479
478 47611 21:0 531
530 49073 21:0 531
530 49074 21:0 531
530 47319 21:0 541
540 48629 21:0 555
554 48335 21:0 591
590 48929 21:0 596
595 47753 21:0 607
606 48483 21:0 607
606 47459 21:0 612
611 47601 21:0 612
611 48041 21:0 617
616 47021 21:0 672
671 329 21:0 683
682 47315 21:0 693
692 47463 21:0 754
753 47167 21:0 764
763 46875 21:0 788
1397 49785 21:0 1428
4610 51256 21:0 4643
6733 299 21:0 6783
8010 311 1:0 43684
10092 300 21:0 10142
11328 54198 21:0 11361
11369 312 1:0 47043
13451 301 21:0 13506
14687 55669 21:0 14720
14728 313 1:0 50402
16810 302 21:0 16865
18046 57140 21:0 18079
18087 314 1:0 53761
20169 303 21:0 20224
21446 315 1:0 57120
23528 304 21:0 23583
24764 60082 21:0 24797
26887 305 21:0 26942
28164 316 1:0 60479
30246 306 21:0 30301
31523 317 1:0 63838
33605 307 21:0 33660
34841 64495 21:0 34874
36964 308 21:0 37019
40323 309 21:0 40378
41600 318 1:0 67197
43682 310 21:0 43737
44918 68908 21:0 44951
44959 319 1:0 70556
47041 311 21:0 47096
50400 312 21:0 50455
51677 320 1:0 73915
53759 313 21:0 53814
54995 73321 21:0 55028
55036 321 1:0 77274
57118 314 21:0 57173
60477 315 21:0 60532
61754 322 1:0 80633
63836 316 21:0 63891
65072 77734 21:0 65105
65113 323 1:0 83992
67195 317 21:0 67250
70554 318 21:0 70609
71831 324 1:0 87351
73913 319 21:0 73968
75149 82147 21:0 75182
75190 325 1:0 90710
77272 320 21:0 77327
80631 321 21:0 80686
81908 326 1:0 94069
83990 322 21:0 84045
85226 86560 21:0 85259
87349 323 21:0 87404
88626 327 1:0 97428
90708 324 21:0 90763
94067 325 21:0 94122
95344 328 1:0 100787
97426 326 21:0 97481
97499 91938 21:0 97573
97651 92003 21:0 97725
97724 92005 21:0 97796
97797 92005 1:0 100313
97797 92003 1:0 100403
97797 91938 1:0 100666
100785 327 21:0 100840
101545 93707 21:0 101621
101622 93707 1:0 102838
101622 329 1:0 104146
102023 49249 21:0 102028
102031 293 21:0 102054
102053 49793 21:0 102054
102062 46875 1:0 104634
102062 47167 1:0 104669
102063 47463 1:0 104710
102063 47315 1:0 104745
102063 57140 1:0 104750
102063 47453 1:0 104892
102072 47021 1:0 104816
102072 54198 1:0 104821
102072 48041 1:0 104826
102072 47601 1:0 104840
102072 47459 1:0 104840
102072 48483 1:0 104876
102072 48929 1:0 104897
102072 47753 1:0 104897
102072 48629 1:0 104902
102072 48335 1:0 104902
102078 47319 1:0 104968
102080 47611 1:0 104978
102083 47170 1:0 105044
102099 47466 1:0 105054
102111 46874 1:0 105120
102143 49843 21:0 102149
102153 49845 21:0 102156
102193 47317 1:0 105130
102193 47171 1:0 105196
102194 47169 1:0 105206
102194 47020 1:0 105272
102194 48637 1:0 105282
102194 49793 1:0 105282
102203 47168 1:0 105348
102274 49900 21:0 102280
102284 49902 21:0 102287
102405 49957 21:0 102411
102415 49959 21:0 102418
102536 50014 21:0 102542
102546 50016 21:0 102549
102667 50071 21:0 102673
102677 50073 21:0 102680
102798 50128 21:0 102804
102808 50130 21:0 102811
102929 50185 21:0 102935
102939 50187 21:0 102942
103060 50242 21:0 103066
103070 50244 21:0 103073
103191 50299 21:0 103197
103201 50301 21:0 103204
103322 50356 21:0 103328
103332 50358 21:0 103335
103453 50413 21:0 103459
103463 50415 21:0 103466
103584 50470 21:0 103590
103594 50472 21:0 103597
103715 50527 21:0 103721
103725 50529 21:0 103728
103846 50584 21:0 103852
103856 50586 21:0 103859
103977 50641 21:0 103983
103987 50643 21:0 103990
104108 50698 21:0 104114
104118 50700 21:0 104121
104144 328 21:0 104199
104198 5 21:0 104199
104198 7 21:0 104206
104217 94879 21:0 104217
104238 23 21:0 104261
104260 25 21:0 104270
104288 94911 21:0 104288
104293 94913 21:0 104293
104296 94914 21:0 104296
104314 41 21:0 104337
104336 43 21:0 104346
104364 94944 21:0 104364
104390 59 21:0 104413
104412 61 21:0 104422
104466 77 21:0 104489
104488 79 21:0 104498
104542 95 21:0 104565
104564 97 21:0 104574
104592 95043 21:0 104592
104597 95045 21:0 104597
104600 95046 21:0 104600
104618 113 21:0 104641
104640 115 21:0 104650
104698 133 21:0 104726
104725 131 21:0 104726
104752 95112 21:0 104752
104770 149 21:0 104793
104792 151 21:0 104802
104820 95142 21:0 104820
104825 95143 21:0 104825
104828 95145 21:0 104828
104850 169 21:0 104878
104877 167 21:0 104878
104896 95175 21:0 104896
104922 185 21:0 104945
104944 187 21:0 104954
105002 205 21:0 105030
105029 203 21:0 105030
105048 95241 21:0 105048
105053 95243 21:0 105053
105056 95244 21:0 105056
105074 221 21:0 105097
105096 223 21:0 105106
105150 239 21:0 105173
105172 241 21:0 105182
105200 95307 21:0 105200
105205 95309 21:0 105205
105205 95308 21:0 105205
105226 257 21:0 105249
105248 259 21:0 105258
105276 95340 21:0 105276
105320 341 21:0 105331
105330 275 21:0 105334
105333 277 21:0 105334
105335 293 1:0 105348
105349 47462 1:0 105358
105354 277 1:0 105355
105354 275 1:0 105355
105356 49249 1:0 105358
105359 47172 1:0 105424
105393 49793 21:0 105423
105422 293 21:0 105423
105422 49843 1:0 105424
105422 49902 1:0 105424
105422 46871 1:0 105424
105422 49845 1:0 105424
105422 341 1:0 105424
105425 46877 1:0 105435
105433 46870 1:0 105435
105433 46869 1:0 105435
105436 46873 1:0 105444
105442 46867 1:0 105444
105442 46868 1:0 105444
105445 46878 1:0 105526
105496 341 21:0 105506
105508 48488 1:0 105526
105527 86560 1:0 105642
105572 46867 21:0 105601
105600 46868 21:0 105618
105610 49900 1:0 105642
105619 46878 21:0 105647
105643 47023 1:0 105653
105645 257 1:0 105653
105645 259 1:0 105653
105646 46873 21:0 105658
105653 47017 1:0 105662
105653 47025 1:0 105662
105653 47015 1:0 105662
105657 46877 21:0 105667
105659 299 1:0 3376
105659 341 1:0 105690
105659 82147 1:0 105866
105661 95340 1:0 105661
105662 300 1:0 6735
105662 301 1:0 10094
105662 302 1:0 13453
105662 303 1:0 16812
105662 304 1:0 20171
105662 47014 1:0 105690
105662 47016 1:0 105690
105662 47024 1:0 105690
105666 46874 21:0 105730
105668 305 1:0 23530
105668 306 1:0 26889
105668 307 1:0 30248
105668 308 1:0 33607
105670 309 1:0 36966
105672 310 1:0 40325
105673 293 1:0 105866
105688 47022 1:0 105823
105689 49959 1:0 105866
105689 77734 1:0 105874
105689 241 1:0 105877
105689 239 1:0 105877
105689 49957 1:0 105877
105701 48630 1:0 105874
105701 73321 1:0 105877
105701 68908 1:0 105883
105701 47606 1:0 105883
105701 47161 1:0 105886
105701 47163 1:0 105886
105701 47162 1:0 105886
105701 47164 1:0 105949
105706 64495 1:0 105886
105729 46870 21:0 105739
105731 60082 1:0 105911
105738 46869 21:0 105746
105742 55669 1:0 105911
105742 51256 1:0 105949
105742 49077 1:0 105968
105745 46871 21:0 105749
105747 203 1:0 106272
105750 50014 1:0 106051
105750 49076 1:0 106084
105750 50016 1:0 106084
105750 50071 1:0 106305
105750 50073 1:0 106316
105770 48199 1:0 106095
105770 223 1:0 106095
105770 221 1:0 106095
105771 47608 1:0 106104
105771 47310 1:0 106104
105771 47308 1:0 106104
105772 205 1:0 106316
105772 187 1:0 106493
105793 47014 21:0 105822
105821 47311 1:0 106132
105821 47309 1:0 106132
105821 47318 1:0 106132
105823 50128 1:0 106526
105833 47022 21:0 105868
105867 47024 21:0 105879
105871 95308 1:0 105871
105872 95309 1:0 105872
105873 47314 1:0 106255
105873 47461 1:0 106316
105874 47456 1:0 106325
105874 47455 1:0 106325
105874 47465 1:0 106325
105874 47457 1:0 106353
105874 47458 1:0 106353
105874 47758 1:0 106353
105874 50130 1:0 106537
105874 185 1:0 106537
105878 47025 21:0 105888
105880 47464 1:0 106487
105882 95307 1:0 105882
105883 47610 1:0 106537
105883 47602 1:0 106546
105883 47604 1:0 106546
105883 47609 1:0 106546
105883 47605 1:0 106574
105883 47603 1:0 106574
105883 47612 1:0 106574
105883 167 1:0 106714
105883 169 1:0 106747
105883 50187 1:0 106758
105883 50185 1:0 106758
105883 151 1:0 106968
105883 149 1:0 106979
105887 47023 21:0 105951
105889 47613 1:0 106718
105889 47759 1:0 106758
105891 47751 1:0 106767
105891 47752 1:0 106767
105891 47760 1:0 106767
105894 47755 1:0 106795
105894 47750 1:0 106795
105894 47749 1:0 106795
105909 50242 1:0 106979
105910 47757 1:0 106928
105922 47756 1:0 106854
105927 47904 1:0 106979
105950 47016 21:0 105957
105952 50244 1:0 106988
105952 47897 1:0 106988
105956 47015 21:0 105967
105963 47907 1:0 106988
105966 47017 21:0 105967
105976 47906 1:0 107016
105991 47896 1:0 107016
105991 47898 1:0 107016
105991 50301 1:0 107156
105991 131 1:0 107188
105991 50299 1:0 107200
105991 133 1:0 107200
105991 48044 1:0 107209
105991 48043 1:0 107209
105992 47903 1:0 107140
105992 115 1:0 107377
105992 50358 1:0 107409
105993 50356 1:0 107421
105993 113 1:0 107421
105993 97 1:0 107598
106021 47164 21:0 106045
106042 47899 1:0 107074
106042 47905 1:0 107075
106044 47162 21:0 106061
106044 95 1:0 107630
106052 50413 1:0 107642
106061 47172 21:0 106089
106088 47168 21:0 106100
106094 47902 1:0 107075
106094 48050 1:0 107200
106095 48642 1:0 107209
106095 48054 1:0 107237
106095 48045 1:0 107237
106095 48046 1:0 107237
106099 47020 21:0 106109
106101 48052 1:0 107371
106104 48053 1:0 107296
106104 48051 1:0 107296
106104 48049 1:0 107296
106104 48201 1:0 107421
106108 47169 21:0 106172
106110 48197 1:0 107430
106110 48193 1:0 107430
106110 48190 1:0 107430
106110 48191 1:0 107458
106110 48192 1:0 107458
106110 48200 1:0 107458
106112 48196 1:0 107581
106115 48198 1:0 107517
106130 50415 1:0 107642
106131 48346 1:0 107642
106143 48340 1:0 107651
106143 48338 1:0 107651
106143 48343 1:0 107651
106171 47163 21:0 106181
106173 48344 1:0 107679
106173 48337 1:0 107679
106180 47161 21:0 106188
106184 48339 1:0 107679
106184 79 1:0 107819
106184 77 1:0 107852
106184 50472 1:0 107863
106192 48347 1:0 107822
106197 50470 1:0 107863
106197 61 1:0 108040
106212 48348 1:0 107737
106213 48345 1:0 107737
106213 50529 1:0 108072
106213 50527 1:0 108084
106214 59 1:0 108084
106232 47309 21:0 106264
106263 48494 1:0 107863
106265 47314 21:0 106310
106306 95244 1:0 106306
106309 47318 21:0 106321
106314 95243 1:0 106314
106315 48490 1:0 107872
106315 48486 1:0 107872
106315 48484 1:0 107872
106315 48640 1:0 107900
106315 48487 1:0 107900
106315 48485 1:0 107900
106316 48495 1:0 107959
106316 48491 1:0 108024
106316 43 1:0 108261
106316 50586 1:0 108294
106320 47171 21:0 106330
106322 48492 1:0 107959
106324 95241 1:0 106324
106325 48493 1:0 107959
106325 48787 1:0 108084
106325 48641 1:0 108093
106325 48632 1:0 108093
106325 48634 1:0 108093
106325 48631 1:0 108121
106325 48633 1:0 108121
106325 48639 1:0 108121
106329 47317 21:0 106390
106331 48638 1:0 108245
106331 50584 1:0 108305
106331 41 1:0 108305
106331 48932 1:0 108305
106335 48779 1:0 108314
106335 48778 1:0 108314
106335 48786 1:0 108314
106351 48780 1:0 108342
106351 48781 1:0 108342
106351 48784 1:0 108342
106364 48785 1:0 108401
106364 48788 1:0 108485
106381 48789 1:0 108401
106389 47311 21:0 106393
106392 47308 21:0 106402
106401 47310 21:0 106409
106405 50643 1:0 108482
106405 25 1:0 108515
106405 23 1:0 108526
106405 50641 1:0 108526
106413 48931 1:0 108526
106433 48925 1:0 108535
106433 48926 1:0 108535
106433 48935 1:0 108535
106434 48933 1:0 108563
106434 48928 1:0 108563
106435 48927 1:0 108563
106435 7 1:0 108735
106466 47457 21:0 106488
106484 48936 1:0 108707
106486 49071 1:0 108739
106493 47464 21:0 106531
106530 47465 21:0 106542
106536 48934 1:0 108622
106536 5 1:0 108739
106536 50700 1:0 108739
106536 50698 1:0 108739
106536 49070 1:0 108784
106536 49793 1:0 108958
106536 49173 1:0 108969
106537 49074 1:0 108750
106537 49073 1:0 108750
106537 49080 1:0 108750
106537 49072 1:0 108759
106537 49075 1:0 108759
106537 49083 1:0 108759
106537 49785 1:0 108784
106541 47461 21:0 106551
106543 49082 1:0 108917
106546 49078 1:0 108907
106546 49079 1:0 108908
106546 49081 1:0 108918
106546 49172 1:0 108968
106550 47462 21:0 106611
106610 47458 21:0 106620
106619 47455 21:0 106625
106624 47456 21:0 106630
106629 47453 21:0 106643
106674 47603 21:0 106706
106705 47605 21:0 106721
106724 47613 21:0 106752
106751 47612 21:0 106763
106762 47609 21:0 106772
106766 95175 1:0 106766
106771 47610 21:0 106835
106834 47602 21:0 106844
106843 47604 21:0 106851
106850 47606 21:0 106854
106898 47749 21:0 106927
106938 47757 21:0 106973
106969 95145 1:0 106969
106969 47756 0:0 106970
106972 47755 21:0 106984
106976 95143 1:0 106976
106983 47760 21:0 106993
106987 95142 1:0 106987
106992 47759 21:0 107056
107055 47750 21:0 107062
107061 47752 21:0 107072
107071 47751 21:0 107072
107126 47899 0:0 107131
107146 47903 21:0 107194
107189 47902 0:0 107191
107190 95112 1:0 107190
107190 47905 0:0 107191
107193 47906 21:0 107205
107204 47758 21:0 107214
107213 47907 21:0 107264
107263 47896 21:0 107277
107276 47898 21:0 107286
107285 47897 21:0 107293
107377 48052 21:0 107415
107410 48051 0:0 107412
107410 48049 0:0 107412
107410 48053 0:0 107412
107414 48054 21:0 107426
107425 47608 21:0 107435
107434 47904 21:0 107495
107494 48046 21:0 107504
107503 48045 21:0 107509
107508 48043 21:0 107514
107513 48044 21:0 107514
107558 48191 21:0 107590
107591 48196 21:0 107636
107631 48198 0:0 107633
107632 95046 1:0 107632
107635 48200 21:0 107647
107640 95045 1:0 107640
107646 48197 21:0 107656
107650 95043 1:0 107650
107655 48201 21:0 107716
107715 48192 21:0 107719
107718 48193 21:0 107728
107727 48190 21:0 107735
107792 48339 21:0 107814
107813 48337 21:0 107830
107832 48347 21:0 107857
107853 48348 0:0 107854
107853 48345 0:0 107854
107856 48344 21:0 107868
107867 48343 21:0 107877
107876 48346 21:0 107946
107945 48340 21:0 107949
107948 48338 21:0 107956
108030 48491 21:0 108078
108073 48492 0:0 108075
108074 48493 0:0 108075
108074 48495 0:0 108075
108077 48490 21:0 108089
108088 48494 21:0 108098
108097 48050 21:0 108148
108147 48487 21:0 108161
108160 48488 21:0 108180
108179 48485 21:0 108180
108179 48484 21:0 108180
108179 48486 21:0 108200
108251 48638 21:0 108299
108298 48639 21:0 108310
108309 48641 21:0 108319
108313 94944 1:0 108313
108318 48640 21:0 108369
108368 48631 21:0 108382
108381 48633 21:0 108391
108390 48632 21:0 108398
108397 48634 21:0 108398
108455 48780 21:0 108477
108476 48781 21:0 108493
108495 48788 21:0 108520
108516 94914 1:0 108516
108516 48789 0:0 108517
108516 48785 0:0 108517
108519 48784 21:0 108531
108524 94913 1:0 108524
108530 48786 21:0 108540
108534 94911 1:0 108534
108539 48787 21:0 108609
108608 48630 21:0 108622
108621 48779 21:0 108622
108621 48778 21:0 108627
108676 48927 21:0 108698
108713 48936 21:0 108741
108736 48934 0:0 108738
108740 48933 21:0 108752
108744 94879 1:0 108744
108751 48935 21:0 108761
108760 48931 21:0 108824
108823 48928 21:0 108833
108832 48926 21:0 108840
108839 48925 21:0 108840
108918 49079 0:0 108957
108924 49081 0:0 108957
108933 49078 0:0 108957
108956 49070 21:0 108957
108975 49173 21:0 131
