118 49172 0:0 129
1397 49785 21:0 1407
3374 298 21:0 3413
4610 51256 21:0 4620
6733 299 21:0 6772
7969 52727 21:0 7979
10092 300 21:0 10131
11328 54198 21:0 11338
14687 55669 21:0 14697
16810 302 21:0 16850
18046 57140 21:0 18056
21405 58611 21:0 21415
24764 60082 21:0 24774
26887 305 21:0 26925
31482 63024 21:0 31492
34841 64495 21:0 34851
36964 308 21:0 37004
40323 309 21:0 40363
43682 310 21:0 43721
47041 311 21:0 47078
57118 314 21:0 57156
60477 315 21:0 60517
98703 299 1:0 3376
98703 300 1:0 6735
98703 302 1:0 13453
101613 93737 21:0 101621
102062 305 1:0 23530
102062 308 1:0 33607
102062 309 1:0 36966
102063 93737 1:0 102725
104904 95178 21:0 104970
104977 95210 21:0 105034
105431 310 1:0 40325
105431 311 1:0 43684
105431 314 1:0 53761
105431 46866 1:0 105523
105432 315 1:0 57120
105432 46878 1:0 105613
105441 46872 1:0 105527
105441 46874 1:0 105527
105441 46877 1:0 105528
105441 46875 1:0 105528
105441 46873 1:0 105528
105447 46876 1:0 105527
105447 47020 1:0 105813
105449 47012 1:0 105749
105452 47018 1:0 105748
105452 47024 1:0 105749
105467 47019 1:0 105748
105467 47013 1:0 105748
105480 47022 1:0 105749
105521 47021 1:0 105749
105534 47025 1:0 105749
105549 47023 1:0 105749
105550 47159 1:0 105994
105551 47167 1:0 106034
105559 46866 21:0 105616
105600 47168 1:0 106035
105610 47160 1:0 105995
105612 47169 1:0 106044
105619 46878 21:0 105644
105620 47170 1:0 106045
105642 46873 0:0 105644
105642 46872 0:0 105644
105642 46874 0:0 105644
105642 46875 0:0 105644
105642 46877 0:0 105644
105643 46876 0:0 105644
105645 47165 1:0 106024
105645 47166 1:0 106025
105645 47171 1:0 106054
105645 47172 1:0 106055
105652 47306 1:0 106191
105652 47315 1:0 106191
105652 47317 1:0 106266
105653 47314 1:0 106191
105653 47319 1:0 106191
105653 47313 1:0 106191
105662 47307 1:0 106190
105662 47316 1:0 106190
105662 47318 1:0 106191
105662 47312 1:0 106191
105662 95210 1:0 106400
105668 47463 1:0 106486
105670 47462 1:0 106411
105673 47465 1:0 106411
105688 47459 1:0 106412
105689 47464 1:0 106411
105701 47453 1:0 106412
105742 47466 1:0 106411
105742 47454 1:0 106411
105742 47458 1:0 106411
105755 47461 1:0 106412
105770 47460 1:0 106411
105780 47013 0:0 105804
105781 95178 1:0 106628
105783 47012 0:0 105809
105810 47019 0:0 105819
105813 47018 0:0 105821
105821 47601 1:0 106632
105821 47604 1:0 106633
105821 47606 1:0 106633
105821 47613 1:0 106718
105822 47600 1:0 106633
105823 47020 21:0 105865
105831 47611 1:0 106632
105831 47605 1:0 106632
105841 47607 1:0 106632
105864 47021 0:0 105865
105864 47023 0:0 105865
105864 47025 0:0 105865
105864 47022 0:0 105865
105864 47024 0:0 105865
105866 47609 1:0 106632
105866 47612 1:0 106633
105866 47610 1:0 106633
105873 47608 1:0 106633
105873 47755 1:0 106918
105874 47754 1:0 106853
105874 47750 1:0 106853
105874 47748 1:0 106853
105874 47756 1:0 106853
105874 47757 1:0 106853
105874 47753 1:0 106854
105883 47759 1:0 106853
105883 47758 1:0 106853
105883 47760 1:0 106853
105883 47747 1:0 106854
105883 47902 1:0 107139
105889 47906 1:0 107074
105891 47904 1:0 107074
105894 47907 1:0 107074
105909 47894 1:0 107075
105922 47895 1:0 107074
105922 47905 1:0 107074
105922 47901 1:0 107074
105922 47898 1:0 107075
105922 47900 1:0 107075
105971 47903 1:0 107074
105991 48047 1:0 107296
105991 48054 1:0 107381
105992 48053 1:0 107296
106004 47159 21:0 106060
106042 48050 1:0 107295
106052 48042 1:0 107295
106052 48049 1:0 107296
106059 47166 0:0 106074
106059 47160 0:0 106074
106059 47168 0:0 106086
106060 47165 0:0 106077
106062 48051 1:0 107296
106064 47167 0:0 106086
106064 48052 1:0 107295
106064 48048 1:0 107295
106085 47170 0:0 106086
106085 47172 0:0 106086
106085 47169 0:0 106086
106085 47171 0:0 106086
106087 48041 1:0 107296
106087 48200 1:0 107516
106087 48188 1:0 107517
106087 48197 1:0 107582
106094 48196 1:0 107516
106094 48199 1:0 107516
106094 48194 1:0 107517
106095 48198 1:0 107516
106095 48189 1:0 107516
106095 48201 1:0 107516
106095 48195 1:0 107516
106104 48346 1:0 107737
106104 48342 1:0 107737
106104 48347 1:0 107737
106104 48341 1:0 107738
106104 48343 1:0 107802
106110 48336 1:0 107737
106110 48344 1:0 107737
106110 48335 1:0 107738
106114 48345 1:0 107737
106130 48348 1:0 107737
106131 48490 1:0 108023
106143 48488 1:0 107959
106184 48494 1:0 107958
106192 48493 1:0 107958
106212 48495 1:0 107958
106213 48492 1:0 107958
106213 48482 1:0 107959
106214 48483 1:0 107958
106222 47307 0:0 106247
106223 48489 1:0 107958
106252 47313 0:0 106261
106255 47312 0:0 106263
106260 47306 0:0 106268
106263 48491 1:0 107958
106272 47317 21:0 106307
106273 48635 1:0 108180
106273 48640 1:0 108255
106283 48641 1:0 108179
106305 47315 0:0 106307
106305 47314 0:0 106307
106305 47316 0:0 106307
106306 47319 0:0 106307
106306 47318 0:0 106307
106308 48636 1:0 108179
106308 48642 1:0 108179
106308 48638 1:0 108179
106308 48639 1:0 108179
106308 48629 1:0 108180
106315 48630 1:0 108179
106315 48637 1:0 108180
106316 48789 1:0 108400
106316 48788 1:0 108400
106316 48784 1:0 108465
106325 48787 1:0 108400
106325 48786 1:0 108400
106325 48783 1:0 108400
106325 48777 1:0 108400
106325 48785 1:0 108400
106325 48782 1:0 108401
106325 48776 1:0 108401
106331 48933 1:0 108696
106333 48931 1:0 108622
106336 48934 1:0 108621
106352 48935 1:0 108621
106364 48932 1:0 108621
106364 48929 1:0 108622
106413 48936 1:0 108621
106418 48924 1:0 108621
106418 48923 1:0 108622
106433 48930 1:0 108621
106433 48927 1:0 108622
106433 63024 1:0 108759
106434 58611 1:0 108759
106434 60082 1:0 108759
106434 57140 1:0 108780
106434 55669 1:0 108780
106435 64495 1:0 108780
106484 47454 0:0 106492
106484 54198 1:0 108787
106484 52727 1:0 108819
106484 51256 1:0 108838
106493 49077 1:0 108844
106494 298 1:0 108843
106494 49071 1:0 108844
106494 49173 1:0 108969
106496 47463 21:0 106528
106504 49079 1:0 108844
106527 47465 0:0 106528
106527 47466 0:0 106528
106527 47461 0:0 106528
106527 47462 0:0 106528
106527 47460 0:0 106528
106527 47453 0:0 106528
106527 47459 0:0 106528
106527 47458 0:0 106528
106527 47464 0:0 106528
106529 49076 1:0 108843
106529 49070 1:0 108843
106529 49074 1:0 108843
106529 49082 1:0 108844
106529 49078 1:0 108907
106529 49785 1:0 108916
106529 49081 1:0 108916
106536 49083 1:0 108916
106536 49080 1:0 108916
106537 49172 1:0 108968
106724 47613 21:0 106749
106747 47608 0:0 106749
106747 47612 0:0 106749
106747 47610 0:0 106749
106747 47609 0:0 106749
106748 47611 0:0 106749
106748 47607 0:0 106749
106748 47604 0:0 106749
106748 47601 0:0 106749
106748 47600 0:0 106749
106748 47605 0:0 106749
106748 47606 0:0 106749
106928 47755 21:0 106970
106968 47757 0:0 106970
106968 47759 0:0 106970
106969 47750 0:0 106970
106969 47748 0:0 106970
106969 47747 0:0 106970
106969 47754 0:0 106970
106969 47753 0:0 106970
106969 47760 0:0 106970
106969 47758 0:0 106970
106969 47756 0:0 106970
107149 47902 21:0 107191
107189 47904 0:0 107191
107189 47906 0:0 107191
107190 47903 0:0 107191
107190 47907 0:0 107191
107190 47905 0:0 107191
107190 47901 0:0 107191
107190 47900 0:0 107191
107190 47894 0:0 107191
107190 47898 0:0 107191
107190 47895 0:0 107191
107387 48054 21:0 107412
107410 48051 0:0 107412
107410 48050 0:0 107412
107410 48049 0:0 107412
107410 48053 0:0 107412
107411 48052 0:0 107412
107411 48041 0:0 107412
107411 48048 0:0 107412
107411 48047 0:0 107412
107411 48042 0:0 107412
107588 48197 21:0 107633
107631 48196 0:0 107633
107631 48198 0:0 107633
107632 48188 0:0 107633
107632 48199 0:0 107633
107632 48195 0:0 107633
107632 48194 0:0 107633
107632 48200 0:0 107633
107632 48189 0:0 107633
107632 48201 0:0 107633
107812 48343 21:0 107854
107852 48345 0:0 107854
107852 48347 0:0 107854
107853 48335 0:0 107854
107853 48344 0:0 107854
107853 48336 0:0 107854
107853 48346 0:0 107854
107853 48342 0:0 107854
107853 48348 0:0 107854
107853 48341 0:0 107854
108033 48490 21:0 108075
108073 48494 0:0 108075
108073 48492 0:0 108075
108074 48493 0:0 108075
108074 48495 0:0 108075
108074 48491 0:0 108075
108074 48482 0:0 108075
108074 48489 0:0 108075
108074 48483 0:0 108075
108074 48488 0:0 108075
108261 48640 21:0 108296
108294 48637 0:0 108296
108294 48639 0:0 108296
108294 48641 0:0 108296
108295 48630 0:0 108296
108295 48635 0:0 108296
108295 48642 0:0 108296
108295 48629 0:0 108296
108295 48636 0:0 108296
108295 48638 0:0 108296
108475 48784 21:0 108517
108515 48788 0:0 108517
108515 48786 0:0 108517
108516 48776 0:0 108517
108516 48777 0:0 108517
108516 48789 0:0 108517
108516 48785 0:0 108517
108516 48787 0:0 108517
108516 48782 0:0 108517
108516 48783 0:0 108517
108706 48933 21:0 108738
108736 48935 0:0 108738
108737 48929 0:0 108738
108737 48934 0:0 108738
108737 48923 0:0 108738
108737 48932 0:0 108738
108737 48936 0:0 108738
108737 48927 0:0 108738
108737 48930 0:0 108738
108737 48924 0:0 108738
108737 48931 0:0 108738
108917 49078 0:0 108957
108924 49081 0:0 108957
108934 49083 0:0 108957
108956 49076 0:0 108957
108956 49070 0:0 108957
108956 49082 0:0 108957
108956 49079 0:0 108957
108956 49077 0:0 108957
108956 49080 0:0 108957
108956 49071 0:0 108960
108968 49074 0:0 108975
108975 49173 21:0 119
