0 25155 21:0 129
127 25156 0:0 129
129 25063 0:0 160
129 25067 0:0 160
129 25064 0:0 160
129 25065 0:0 160
156 25066 0:0 160
159 25068 0:0 166
165 25061 0:0 168
167 25056 0:0 184
183 25062 0:0 196
195 25055 0:0 196
214 25262 21:0 222
222 25265 21:0 288
298 25298 21:0 364
374 25331 21:0 440
442 25361 21:0 450
518 25394 21:0 526
594 25427 0:0 597
599 25429 21:0 657
601 25428 0:0 602
656 25430 0:0 668
670 25460 21:0 678
677 25462 21:0 744
754 25496 21:0 820
827 25527 21:0 885
898 25559 0:0 901
903 25561 21:0 961
1055 25626 21:0 1113
1131 25660 21:0 1189
1431 25791 21:0 1439
1438 25792 0:0 1439
1438 25793 21:0 1505
1503 25794 0:0 1505
1507 25824 0:0 1510
1512 25826 21:0 1570
1514 25825 0:0 1515
1569 25827 0:0 1581
1583 25857 0:0 1586
1588 25859 21:0 1646
1590 25858 0:0 1591
1645 25860 0:0 1657
1659 25890 21:0 1667
1666 25891 0:0 1667
1666 25892 0:0 1667
1667 25893 21:0 1733
1735 25923 0:0 1738
1740 25924 21:0 1798
1742 25925 0:0 1743
1797 25926 0:0 1809
1811 25956 21:0 1819
1818 25958 0:0 1819
1818 25957 21:0 1885
1883 25959 0:0 1885
1887 25989 21:0 1895
1894 25990 0:0 1895
1894 25991 21:0 1961
1959 25992 0:0 1961
1963 26022 21:0 1971
1970 26023 0:0 1971
1970 26024 21:0 2037
2035 26025 0:0 2037
2039 26055 21:0 2047
2046 26056 0:0 2047
2046 26057 21:0 2113
2111 26058 0:0 2113
2115 26088 21:0 2123
2122 26089 0:0 2123
2122 26090 21:0 2189
2187 26091 0:0 2189
2191 26121 21:0 2199
2198 26122 0:0 2199
2198 26123 21:0 2265
2263 26124 0:0 2265
2267 26154 21:0 2275
2274 26156 0:0 2275
2274 26155 21:0 2341
2339 26157 0:0 2341
2343 26187 21:0 2351
2350 26188 0:0 2351
2350 26189 21:0 2417
2415 26190 0:0 2417
2419 26220 21:0 2427
2426 26221 0:0 2427
2426 26222 21:0 2493
2491 26223 0:0 2493
2495 26253 21:0 2503
2502 26255 0:0 2503
2502 26254 21:0 2569
2618 312 21:0 2632
2633 312 1:0 2581
2633 25660 1:0 2956
2633 25626 1:0 3077
2633 25561 1:0 3322
2633 25559 1:0 3331
2633 25527 1:0 3443
2714 25496 1:0 3559
2715 25462 1:0 3688
2723 25460 1:0 3697
2723 25430 1:0 3803
2729 25429 1:0 3810
2836 25428 1:0 3809
2837 25427 1:0 3819
2845 25394 1:0 3941
2845 25361 1:0 4063
2851 25331 1:0 4169
2855 313 1:0 5751
2958 25298 1:0 4291
2959 25265 1:0 4413
2967 25262 1:0 4429
2967 26254 1:0 5891
2977 26255 1:0 5892
4601 27233 21:0 4609
4608 27234 0:0 4609
4608 27235 21:0 4675
4673 27236 0:0 4675
4677 27266 21:0 4685
4684 27267 0:0 4685
4684 27268 21:0 4751
4749 27269 0:0 4751
4753 27299 21:0 4761
4760 27301 0:0 4761
4760 27300 0:0 4761
4761 27302 21:0 4827
4829 27332 21:0 4837
4836 27334 0:0 4837
4836 27333 21:0 4903
4901 27335 0:0 4903
4905 27365 21:0 4913
4912 27366 0:0 4913
4912 27367 21:0 4979
4981 27398 21:0 4989
4988 27399 0:0 4989
4988 27400 21:0 5055
5053 27401 0:0 5055
5057 27431 21:0 5065
5064 27433 0:0 5065
5064 27432 21:0 5131
5129 27434 0:0 5131
5133 27464 21:0 5141
5140 27466 0:0 5141
5140 27465 21:0 5207
5205 27467 0:0 5207
5209 27497 0:0 5212
5214 27498 21:0 5272
5216 27499 0:0 5217
5271 27500 0:0 5283
5285 27530 21:0 5293
5290 27531 0:0 5293
5293 27533 21:0 5359
5366 27565 0:0 5369
5366 27564 0:0 5369
5369 27566 21:0 5435
5437 27596 0:0 5440
5442 27597 21:0 5500
5518 27631 21:0 5576
5520 27630 0:0 5521
5575 27632 0:0 5587
5589 27662 21:0 5597
5596 27663 21:0 5663
5670 27696 21:0 5728
5763 26253 1:0 5902
5764 26223 1:0 6015
5773 26221 1:0 6022
5773 26222 1:0 6023
5779 26220 1:0 6033
5792 313 21:0 5806
5799 26190 1:0 6146
5812 26189 1:0 6154
5894 26188 1:0 6153
5895 26187 1:0 6164
5904 26157 1:0 6277
5904 26155 1:0 6284
5910 26156 1:0 6285
5930 26154 1:0 6295
5943 26124 1:0 6408
6025 26123 1:0 6416
6026 26122 1:0 6415
6035 26121 1:0 6426
6035 26091 1:0 6539
6043 26090 1:0 6547
6061 26089 1:0 6546
6156 26088 1:0 6557
6157 26058 1:0 6670
6157 26057 1:0 6678
6166 26056 1:0 6677
6166 26055 1:0 6688
6174 26025 1:0 6801
6193 26024 1:0 6809
6287 26023 1:0 6808
6288 26022 1:0 6819
6297 25992 1:0 6932
6297 25991 1:0 6940
6303 25990 1:0 6939
6307 25989 1:0 6950
6324 25959 1:0 7063
6418 25957 1:0 7070
6419 25958 1:0 7071
6428 25956 1:0 7081
6428 25926 1:0 7194
6434 25924 1:0 7201
6438 25925 1:0 7202
6467 25923 1:0 7212
6549 25893 1:0 7325
6550 25891 1:0 7332
6559 25892 1:0 7333
6559 25890 1:0 7343
6565 25860 1:0 7456
6570 25859 1:0 7464
6598 25858 1:0 7463
6680 25857 1:0 7474
6681 25827 1:0 7587
6690 25825 1:0 7594
6690 25826 1:0 7595
6696 25824 1:0 7605
6701 25794 1:0 7718
6729 25793 1:0 7726
6811 25792 1:0 7725
6812 25791 1:0 7736
6812 314 1:0 9066
7916 28675 21:0 7924
7923 28676 0:0 7924
7923 28677 21:0 7990
7988 28678 0:0 7990
7992 28708 21:0 8000
7999 28710 0:0 8000
7999 28709 21:0 8066
8064 28711 0:0 8066
8068 28741 21:0 8076
8075 28742 0:0 8076
8075 28743 21:0 8142
8140 28744 0:0 8142
8144 28774 21:0 8152
8151 28776 0:0 8152
8151 28775 21:0 8218
8216 28777 0:0 8218
8220 28807 21:0 8228
8227 28808 0:0 8228
8227 28809 21:0 8294
8292 28810 0:0 8294
8296 28840 21:0 8304
8303 28842 0:0 8304
8303 28841 21:0 8370
8368 28843 0:0 8370
8372 28873 21:0 8380
8379 28874 0:0 8380
8379 28875 21:0 8446
8444 28876 0:0 8446
8448 28906 21:0 8456
8455 28907 0:0 8456
8455 28908 21:0 8522
8520 28909 0:0 8522
8524 28939 21:0 8532
8531 28940 0:0 8532
8531 28941 21:0 8598
8596 28942 0:0 8598
8600 28972 21:0 8608
8607 28973 0:0 8608
8607 28974 21:0 8674
8672 28975 0:0 8674
8676 29005 0:0 8679
8681 29007 21:0 8739
8683 29006 0:0 8684
8738 29008 0:0 8750
8752 29038 0:0 8755
8757 29040 21:0 8815
8759 29039 0:0 8760
8814 29041 0:0 8826
8828 29071 21:0 8836
8835 29073 0:0 8836
8835 29072 21:0 8902
8900 29074 0:0 8902
8904 29104 0:0 8907
8909 29106 21:0 8967
8911 29105 0:0 8912
8966 29107 0:0 8978
8980 29137 21:0 8988
9078 27696 1:0 9206
9079 27663 1:0 9337
9088 27662 1:0 9348
9088 27632 1:0 9461
9094 27631 1:0 9469
9107 314 21:0 9121
9114 27630 1:0 9468
9127 27597 1:0 9599
9209 27596 1:0 9610
9210 27566 1:0 9723
9219 27564 1:0 9730
9219 27565 1:0 9731
9225 27533 1:0 9854
9245 27531 1:0 9861
9258 27530 1:0 9872
9340 27500 1:0 9985
9341 27498 1:0 9992
9350 27499 1:0 9993
9350 27497 1:0 10003
9358 27467 1:0 10116
9376 27465 1:0 10123
9471 27466 1:0 10124
9472 27464 1:0 10134
9472 27434 1:0 10247
9481 27432 1:0 10254
9481 27433 1:0 10255
9489 27431 1:0 10265
9508 27401 1:0 10378
9602 27400 1:0 10386
9603 27399 1:0 10385
9612 27398 1:0 10396
9612 27367 1:0 10517
9618 27366 1:0 10516
9622 27365 1:0 10527
9639 27335 1:0 10640
9733 27333 1:0 10647
9734 27334 1:0 10648
9743 27332 1:0 10658
9743 27302 1:0 10771
9749 27300 1:0 10778
9753 27301 1:0 10779
9782 27299 1:0 10789
9864 27269 1:0 10902
9865 27268 1:0 10910
9874 27267 1:0 10909
9874 27266 1:0 10920
9880 27236 1:0 11033
9885 27235 1:0 11041
9900 315 1:0 12381
9913 27234 1:0 11040
9995 27233 1:0 11051
11231 30117 21:0 11239
11238 30119 0:0 11239
11238 30118 21:0 11305
11303 30120 0:0 11305
11307 30150 21:0 11315
11314 30152 0:0 11315
11314 30151 21:0 11381
11379 30153 0:0 11381
11383 30183 21:0 11391
11390 30184 0:0 11391
11390 30185 21:0 11457
11455 30186 0:0 11457
11459 30216 21:0 11467
11466 30218 0:0 11467
11466 30217 21:0 11533
11531 30219 0:0 11533
11535 30249 21:0 11543
11542 30251 0:0 11543
11542 30250 21:0 11609
11607 30252 0:0 11609
11611 30282 21:0 11619
11618 30284 0:0 11619
11618 30283 21:0 11685
11683 30285 0:0 11685
11687 30315 21:0 11695
11694 30317 0:0 11695
11694 30316 21:0 11761
11759 30318 0:0 11761
11763 30348 21:0 11771
11770 30349 0:0 11771
11770 30350 21:0 11837
11835 30351 0:0 11837
11839 30381 0:0 11842
11844 30382 21:0 11902
11846 30383 0:0 11847
11901 30384 0:0 11913
11915 30414 21:0 11923
11922 30416 0:0 11923
11922 30415 0:0 11923
11923 30417 21:0 11989
11991 30447 21:0 11999
11998 30448 21:0 12065
12063 30450 0:0 12065
12067 30480 21:0 12075
12074 30482 0:0 12075
12074 30481 21:0 12141
12148 30514 21:0 12206
12224 30547 21:0 12282
12303 30582 21:0 12369
12393 29137 1:0 12532
12394 29107 1:0 12645
12403 29105 1:0 12652
12403 29106 1:0 12653
12409 29104 1:0 12663
12422 315 21:0 12436
12429 29074 1:0 12776
12442 29072 1:0 12783
12524 29073 1:0 12784
12525 29071 1:0 12794
12534 29041 1:0 12907
12534 29040 1:0 12915
12540 29039 1:0 12914
12560 29038 1:0 12925
12573 29008 1:0 13038
12655 29007 1:0 13046
12656 29006 1:0 13045
12665 29005 1:0 13056
12665 28975 1:0 13169
12673 28974 1:0 13177
12691 28973 1:0 13176
12786 28972 1:0 13187
12787 28942 1:0 13300
12787 28941 1:0 13308
12796 28940 1:0 13307
12796 28939 1:0 13318
12804 28909 1:0 13431
12823 28908 1:0 13439
12917 28907 1:0 13438
12918 28906 1:0 13449
12927 28876 1:0 13562
12927 28875 1:0 13570
12933 28874 1:0 13569
12937 28873 1:0 13580
12954 28843 1:0 13693
13048 28841 1:0 13700
13049 28842 1:0 13701
13058 28840 1:0 13711
13058 28810 1:0 13824
13064 28809 1:0 13832
13068 28808 1:0 13831
13097 28807 1:0 13842
13179 28777 1:0 13955
13180 28775 1:0 13962
13189 28776 1:0 13963
13189 28774 1:0 13973
13195 28744 1:0 14086
13200 28743 1:0 14094
13228 28742 1:0 14093
13310 28741 1:0 14104
13311 28711 1:0 14217
13320 28709 1:0 14224
13320 28710 1:0 14225
13326 28708 1:0 14235
13331 28678 1:0 14348
13359 28677 1:0 14356
13441 28676 1:0 14355
13442 28675 1:0 14366
13442 316 1:0 15696
14546 31559 21:0 14554
14553 31561 0:0 14554
14553 31560 21:0 14620
14618 31562 0:0 14620
14622 31592 21:0 14630
14629 31593 0:0 14630
14629 31594 21:0 14696
14694 31595 0:0 14696
14698 31625 21:0 14706
14705 31626 0:0 14706
14705 31627 0:0 14706
14706 31628 21:0 14772
14774 31658 21:0 14782
14781 31660 0:0 14782
14781 31659 21:0 14848
14846 31661 0:0 14848
14850 31691 21:0 14858
14857 31692 0:0 14858
14857 31693 21:0 14924
14922 31694 0:0 14924
14926 31724 21:0 14934
14933 31725 0:0 14934
14933 31726 21:0 15000
14998 31727 0:0 15000
15002 31757 21:0 15010
15009 31758 0:0 15010
15009 31759 21:0 15076
15074 31760 0:0 15076
15078 31790 21:0 15086
15085 31791 0:0 15086
15085 31792 21:0 15152
15150 31793 0:0 15152
15154 31823 21:0 15162
15161 31824 0:0 15162
15161 31825 0:0 15162
15162 31826 21:0 15228
15230 31856 21:0 15238
15237 31858 0:0 15238
15237 31857 0:0 15238
15238 31859 21:0 15304
15306 31889 0:0 15309
15311 31890 21:0 15369
15313 31891 0:0 15314
15368 31892 0:0 15380
15382 31922 0:0 15385
15387 31923 21:0 15445
15389 31924 0:0 15390
15444 31925 0:0 15456
15458 31955 21:0 15466
15465 31956 0:0 15466
15465 31957 21:0 15532
15530 31958 0:0 15532
15534 31988 0:0 15537
15539 31989 21:0 15597
15610 32021 0:0 15613
15615 32023 21:0 15673
15617 32022 0:0 15618
15708 30582 1:0 15829
15709 30547 1:0 15967
15718 30514 1:0 16098
15718 30481 1:0 16229
15724 30482 1:0 16230
15737 316 21:0 15751
15744 30480 1:0 16240
15757 30450 1:0 16353
15839 30448 1:0 16360
15840 30447 1:0 16371
15849 30417 1:0 16484
15849 30415 1:0 16491
15855 30416 1:0 16492
15875 30414 1:0 16502
15888 30384 1:0 16615
15970 30382 1:0 16622
15971 30383 1:0 16623
15980 30381 1:0 16633
15980 30351 1:0 16746
15988 30350 1:0 16754
16006 30349 1:0 16753
16101 30348 1:0 16764
16102 30318 1:0 16877
16102 30316 1:0 16884
16111 30317 1:0 16885
16111 30315 1:0 16895
16119 30285 1:0 17008
16138 30283 1:0 17015
16232 30284 1:0 17016
16233 30282 1:0 17026
16242 30252 1:0 17139
16242 30250 1:0 17146
16248 30251 1:0 17147
16252 30249 1:0 17157
16269 30219 1:0 17270
16363 30217 1:0 17277
16364 30218 1:0 17278
16373 30216 1:0 17288
16373 30186 1:0 17401
16379 30185 1:0 17409
16383 30184 1:0 17408
16412 30183 1:0 17419
16494 30153 1:0 17532
16495 30151 1:0 17539
16504 30152 1:0 17540
16504 30150 1:0 17550
16510 30120 1:0 17663
16515 30118 1:0 17670
16530 317 1:0 19011
16543 30119 1:0 17671
16625 30117 1:0 17681
17861 33001 21:0 17869
17868 33002 0:0 17869
17868 33003 21:0 17935
17933 33004 0:0 17935
17937 33034 21:0 17945
17944 33035 0:0 17945
17944 33036 21:0 18011
18009 33037 0:0 18011
18013 33067 21:0 18021
18020 33069 0:0 18021
18020 33068 0:0 18021
18021 33070 21:0 18087
18089 33100 21:0 18097
18096 33102 0:0 18097
18096 33101 21:0 18163
18161 33103 0:0 18163
18165 33133 21:0 18173
18172 33135 0:0 18173
18172 33134 21:0 18239
18237 33136 0:0 18239
18241 33166 21:0 18249
18248 33168 0:0 18249
18248 33167 21:0 18315
18313 33169 0:0 18315
18317 33199 21:0 18325
18324 33200 0:0 18325
18324 33201 21:0 18391
18389 33202 0:0 18391
18393 33232 21:0 18401
18400 33234 0:0 18401
18400 33233 21:0 18467
18465 33235 0:0 18467
18469 33265 21:0 18477
18476 33266 0:0 18477
18476 33267 0:0 18477
18477 33268 21:0 18543
18545 33298 0:0 18548
18550 33299 21:0 18608
18552 33300 0:0 18553
18621 33331 21:0 18629
18628 33332 0:0 18629
18628 33333 21:0 18695
18693 33334 0:0 18695
18697 33364 0:0 18700
18702 33365 21:0 18760
18704 33366 0:0 18705
18759 33367 0:0 18771
18773 33397 21:0 18781
18857 33433 21:0 18923
19023 32023 1:0 19152
19024 32022 1:0 19151
19033 32021 1:0 19162
19033 31989 1:0 19282
19039 31988 1:0 19293
19052 317 21:0 19066
19059 31958 1:0 19406
19072 31957 1:0 19414
19154 31956 1:0 19413
19155 31955 1:0 19424
19164 31925 1:0 19537
19164 31923 1:0 19544
19170 31924 1:0 19545
19190 31922 1:0 19555
19203 31892 1:0 19668
19285 31890 1:0 19675
19286 31891 1:0 19676
19295 31889 1:0 19686
19295 31859 1:0 19799
19303 31857 1:0 19806
19321 31858 1:0 19807
19416 31856 1:0 19817
19417 31826 1:0 19930
19417 31824 1:0 19937
19426 31825 1:0 19938
19426 31823 1:0 19948
19434 31793 1:0 20061
19453 31792 1:0 20069
19547 31791 1:0 20068
19548 31790 1:0 20079
19557 31760 1:0 20192
19557 31759 1:0 20200
19563 31758 1:0 20199
19567 31757 1:0 20210
19584 31727 1:0 20323
19678 31726 1:0 20331
19679 31725 1:0 20330
19688 31724 1:0 20341
19688 31694 1:0 20454
19694 31693 1:0 20462
19698 31692 1:0 20461
19727 31691 1:0 20472
19809 31661 1:0 20585
19810 31659 1:0 20592
19819 31660 1:0 20593
19819 31658 1:0 20603
19825 31628 1:0 20716
19830 31627 1:0 20724
19858 31626 1:0 20723
19940 31625 1:0 20734
19941 31595 1:0 20847
19950 31593 1:0 20854
19950 31594 1:0 20855
19956 31592 1:0 20865
19961 31562 1:0 20978
19989 31560 1:0 20985
20071 31561 1:0 20986
20072 31559 1:0 20996
20072 318 1:0 22326
21176 34443 21:0 21184
21183 34444 0:0 21184
21183 34445 0:0 21184
21184 34446 21:0 21250
21252 34476 21:0 21260
21259 34477 0:0 21260
21259 34478 0:0 21260
21260 34479 21:0 21326
21328 34509 21:0 21336
21335 34511 0:0 21336
21335 34510 21:0 21402
21400 34512 0:0 21402
21404 34542 21:0 21412
21411 34543 0:0 21412
21411 34544 0:0 21412
21412 34545 21:0 21478
21480 34575 21:0 21488
21487 34577 0:0 21488
21487 34576 21:0 21554
21552 34578 0:0 21554
21556 34608 21:0 21564
21563 34610 0:0 21564
21563 34609 0:0 21564
21564 34611 21:0 21630
21632 34641 21:0 21640
21639 34642 0:0 21640
21639 34643 21:0 21706
21704 34644 0:0 21706
21708 34674 21:0 21716
21715 34676 0:0 21716
21715 34675 21:0 21782
21780 34677 0:0 21782
21784 34707 0:0 21787
21789 34709 21:0 21847
21791 34708 0:0 21792
21846 34710 0:0 21858
21860 34740 0:0 21863
21865 34742 21:0 21923
21867 34741 0:0 21868
21922 34743 0:0 21934
21936 34773 21:0 21944
21943 34775 0:0 21944
21943 34774 21:0 22010
22008 34776 0:0 22010
22012 34806 0:0 22015
22017 34807 21:0 22075
22019 34808 0:0 22020
22074 34809 0:0 22086
22088 34839 0:0 22091
22093 34841 21:0 22151
22095 34840 0:0 22096
22150 34842 0:0 22162
22169 34874 21:0 22227
22171 34873 0:0 22172
22226 34875 0:0 22238
22245 34907 21:0 22303
22247 34906 0:0 22248
22338 33433 1:0 22590
22339 33397 1:0 22739
22348 33367 1:0 22852
22348 33365 1:0 22859
22354 33366 1:0 22860
22367 318 21:0 22381
22374 33364 1:0 22870
22387 33334 1:0 22983
22469 33333 1:0 22991
22470 33332 1:0 22990
22479 33331 1:0 23001
22479 33299 1:0 23121
22485 33300 1:0 23122
22505 33298 1:0 23132
22518 33268 1:0 23245
22600 33266 1:0 23252
22601 33267 1:0 23253
22610 33265 1:0 23263
22610 33235 1:0 23376
22618 33233 1:0 23383
22636 33234 1:0 23384
22731 33232 1:0 23394
22732 33202 1:0 23507
22732 33201 1:0 23515
22741 33200 1:0 23514
22741 33199 1:0 23525
22749 33169 1:0 23638
22768 33167 1:0 23645
22862 33168 1:0 23646
22863 33166 1:0 23656
22872 33136 1:0 23769
22872 33134 1:0 23776
22878 33135 1:0 23777
22882 33133 1:0 23787
22899 33103 1:0 23900
22993 33101 1:0 23907
22994 33102 1:0 23908
23003 33100 1:0 23918
23003 33070 1:0 24031
23009 33069 1:0 24039
23013 33068 1:0 24038
23042 33067 1:0 24049
23124 33037 1:0 24162
23125 33036 1:0 24170
23134 33035 1:0 24169
23134 33034 1:0 24180
23140 33004 1:0 24293
23145 33003 1:0 24301
23160 319 1:0 25641
23173 33002 1:0 24300
23255 33001 1:0 24311
23256 34907 1:0 25782
23265 34906 1:0 25781
23265 34875 1:0 25905
23273 34874 1:0 25913
24491 35885 21:0 24499
24498 35886 0:0 24499
24498 35887 21:0 24565
24563 35888 0:0 24565
24567 35918 21:0 24575
24574 35920 0:0 24575
24574 35919 21:0 24641
24639 35921 0:0 24641
24643 35951 21:0 24651
24650 35953 0:0 24651
24650 35952 0:0 24651
24651 35954 21:0 24717
24719 35984 21:0 24727
24726 35985 0:0 24727
24726 35986 21:0 24793
24791 35987 0:0 24793
24795 36017 21:0 24803
24802 36018 0:0 24803
24802 36019 21:0 24869
24867 36020 0:0 24869
24871 36050 21:0 24879
24878 36051 0:0 24879
24878 36052 21:0 24945
24943 36053 0:0 24945
24947 36083 21:0 24955
24954 36084 0:0 24955
24954 36085 21:0 25021
25019 36086 0:0 25021
25023 36116 21:0 25031
25030 36117 0:0 25031
25030 36118 21:0 25097
25095 36119 0:0 25097
25099 36149 21:0 25107
25106 36151 0:0 25107
25106 36150 21:0 25173
25171 36152 0:0 25173
25175 36182 0:0 25178
25180 36184 21:0 25238
25182 36183 0:0 25183
25237 36185 0:0 25249
25251 36215 0:0 25254
25256 36216 21:0 25314
25258 36217 0:0 25259
25313 36218 0:0 25325
25327 36248 21:0 25335
25334 36250 0:0 25335
25334 36249 21:0 25401
25399 36251 0:0 25401
25484 36315 21:0 25542
25486 36316 0:0 25487
25560 36349 21:0 25618
25562 36348 0:0 25563
25631 36380 21:0 25639
25653 34873 1:0 25912
25654 34842 1:0 26036
25663 34840 1:0 26043
25663 34841 1:0 26044
25669 34839 1:0 26054
25682 319 21:0 25696
25689 34809 1:0 26167
25702 34807 1:0 26174
25784 34808 1:0 26175
25785 34806 1:0 26185
25794 34776 1:0 26298
25794 34774 1:0 26305
25800 34775 1:0 26306
25820 34773 1:0 26316
25833 34743 1:0 26429
25915 34742 1:0 26437
25916 34741 1:0 26436
25925 34740 1:0 26447
25925 34710 1:0 26560
25933 34709 1:0 26568
25951 34708 1:0 26567
26046 34707 1:0 26578
26047 34677 1:0 26691
26047 34675 1:0 26698
26056 34676 1:0 26699
26056 34674 1:0 26709
26064 34644 1:0 26822
26083 34643 1:0 26830
26177 34642 1:0 26829
26178 34641 1:0 26840
26187 34611 1:0 26953
26187 34610 1:0 26961
26193 34609 1:0 26960
26197 34608 1:0 26971
26214 34578 1:0 27084
26308 34576 1:0 27091
26309 34577 1:0 27092
26318 34575 1:0 27102
26318 34545 1:0 27215
26324 34544 1:0 27223
26328 34543 1:0 27222
26357 34542 1:0 27233
26439 34512 1:0 27346
26440 34510 1:0 27353
26449 34511 1:0 27354
26449 34509 1:0 27364
26455 34479 1:0 27477
26460 34477 1:0 27484
26488 34478 1:0 27485
26570 34476 1:0 27495
26571 34446 1:0 27608
26580 34444 1:0 27615
26580 34445 1:0 27616
26586 34443 1:0 27626
26588 320 1:0 28956
27806 37327 21:0 27814
27813 37328 0:0 27814
27813 37329 21:0 27880
27878 37330 0:0 27880
27882 37360 21:0 27890
27889 37362 0:0 27890
27889 37361 21:0 27956
27954 37363 0:0 27956
27958 37393 21:0 27966
27965 37394 0:0 27966
27965 37395 21:0 28032
28030 37396 0:0 28032
28034 37426 21:0 28042
28041 37428 0:0 28042
28041 37427 21:0 28108
28106 37429 0:0 28108
28110 37459 21:0 28118
28117 37460 0:0 28118
28117 37461 0:0 28118
28118 37462 21:0 28184
28186 37492 21:0 28194
28193 37493 0:0 28194
28193 37494 21:0 28260
28258 37495 0:0 28260
28262 37525 21:0 28270
28269 37527 0:0 28270
28269 37526 21:0 28336
28334 37528 0:0 28336
28338 37558 21:0 28346
28345 37559 0:0 28346
28345 37560 21:0 28412
28410 37561 0:0 28412
28414 37591 0:0 28417
28419 37593 21:0 28477
28421 37592 0:0 28422
28476 37594 0:0 28488
28490 37624 21:0 28498
28497 37626 0:0 28498
28497 37625 21:0 28564
28562 37627 0:0 28564
28566 37657 21:0 28574
28573 37658 0:0 28574
28573 37659 0:0 28574
28574 37660 21:0 28640
28642 37690 0:0 28645
28647 37691 21:0 28705
28649 37692 0:0 28650
28718 37723 0:0 28721
28723 37725 21:0 28781
28780 37726 0:0 28792
28799 37758 21:0 28857
28856 37759 0:0 28868
28870 37789 21:0 28878
28968 36380 1:0 28976
28969 36349 1:0 29097
28978 36348 1:0 29096
28978 36315 1:0 29227
28984 36316 1:0 29228
28997 320 21:0 29011
29004 36251 1:0 29482
29017 36249 1:0 29489
29099 36250 1:0 29490
29100 36248 1:0 29500
29109 36218 1:0 29613
29109 36216 1:0 29620
29115 36217 1:0 29621
29135 36215 1:0 29631
29148 36185 1:0 29744
29230 36184 1:0 29752
29231 36183 1:0 29751
29240 36182 1:0 29762
29240 36152 1:0 29875
29248 36150 1:0 29882
29266 36151 1:0 29883
29361 36149 1:0 29893
29362 36119 1:0 30006
29362 36118 1:0 30014
29371 36117 1:0 30013
29371 36116 1:0 30024
29379 36086 1:0 30137
29398 36085 1:0 30145
29492 36084 1:0 30144
29493 36083 1:0 30155
29502 36053 1:0 30268
29502 36052 1:0 30276
29508 36051 1:0 30275
29512 36050 1:0 30286
29529 36020 1:0 30399
29623 36019 1:0 30407
29624 36018 1:0 30406
29633 36017 1:0 30417
29633 35987 1:0 30530
29639 35986 1:0 30538
29643 35985 1:0 30537
29672 35984 1:0 30548
29754 35954 1:0 30661
29755 35953 1:0 30669
29764 35952 1:0 30668
29764 35951 1:0 30679
29770 35921 1:0 30792
29775 35919 1:0 30799
29803 35920 1:0 30800
29885 35918 1:0 30810
29886 35888 1:0 30923
29895 35886 1:0 30930
29895 35887 1:0 30931
29901 35885 1:0 30941
29903 321 1:0 32271
29921 37789 1:0 32422
30016 37759 1:0 32535
30017 37758 1:0 32543
30017 37726 1:0 32666
31121 38769 21:0 31129
31128 38771 0:0 31129
31128 38770 21:0 31195
31193 38772 0:0 31195
31197 38802 21:0 31205
31204 38803 0:0 31205
31204 38804 21:0 31271
31269 38805 0:0 31271
31273 38835 21:0 31281
31280 38837 0:0 31281
31280 38836 21:0 31347
31345 38838 0:0 31347
31349 38868 21:0 31357
31356 38869 0:0 31357
31356 38870 21:0 31423
31421 38871 0:0 31423
31425 38901 21:0 31433
31432 38902 0:0 31433
31432 38903 21:0 31499
31497 38904 0:0 31499
31501 38934 21:0 31509
31508 38936 0:0 31509
31508 38935 21:0 31575
31573 38937 0:0 31575
31577 38967 21:0 31585
31584 38968 0:0 31585
31584 38969 21:0 31651
31649 38970 0:0 31651
31653 39000 21:0 31661
31660 39002 0:0 31661
31660 39001 0:0 31661
31661 39003 21:0 31727
31729 39033 21:0 31737
31736 39035 0:0 31737
31736 39034 21:0 31803
31801 39036 0:0 31803
31805 39066 21:0 31813
31812 39067 0:0 31813
31812 39068 21:0 31879
31877 39069 0:0 31879
31881 39099 0:0 31884
31886 39101 21:0 31944
31888 39100 0:0 31889
31943 39102 0:0 31955
31957 39132 0:0 31960
31962 39134 21:0 32020
31964 39133 0:0 31965
32019 39135 0:0 32031
32033 39165 21:0 32041
32040 39167 0:0 32041
32040 39166 21:0 32107
32109 39198 0:0 32112
32114 39200 21:0 32172
32116 39199 0:0 32117
32171 39201 0:0 32183
32185 39231 21:0 32193
32192 39233 21:0 32259
32283 37725 1:0 32674
32284 37723 1:0 32684
32293 37691 1:0 32804
32293 37692 1:0 32805
32299 37690 1:0 32815
32312 321 21:0 32326
32319 37660 1:0 32928
32332 37658 1:0 32935
32414 37659 1:0 32936
32415 37657 1:0 32946
32424 37627 1:0 33059
32424 37625 1:0 33066
32430 37626 1:0 33067
32450 37624 1:0 33077
32463 37594 1:0 33190
32545 37593 1:0 33198
32546 37592 1:0 33197
32555 37591 1:0 33208
32555 37561 1:0 33321
32563 37560 1:0 33329
32581 37559 1:0 33328
32676 37558 1:0 33339
32677 37528 1:0 33452
32677 37526 1:0 33459
32686 37527 1:0 33460
32686 37525 1:0 33470
32694 37495 1:0 33583
32713 37494 1:0 33591
32807 37493 1:0 33590
32808 37492 1:0 33601
32817 37462 1:0 33714
32817 37461 1:0 33722
32823 37460 1:0 33721
32827 37459 1:0 33732
32844 37429 1:0 33845
32938 37427 1:0 33852
32939 37428 1:0 33853
32948 37426 1:0 33863
32948 37396 1:0 33976
32954 37395 1:0 33984
32958 37394 1:0 33983
32987 37393 1:0 33994
33069 37363 1:0 34107
33070 37361 1:0 34114
33079 37362 1:0 34115
33079 37360 1:0 34125
33085 37330 1:0 34238
33090 37329 1:0 34246
33105 322 1:0 35586
33118 37328 1:0 34245
33200 37327 1:0 34256
34436 40211 21:0 34444
34443 40212 0:0 34444
34443 40213 0:0 34444
34444 40214 21:0 34510
34512 40244 21:0 34520
34519 40245 0:0 34520
34519 40246 21:0 34586
34584 40247 0:0 34586
34588 40277 21:0 34596
34595 40278 0:0 34596
34595 40279 0:0 34596
34596 40280 21:0 34662
34664 40310 21:0 34672
34671 40312 0:0 34672
34671 40311 0:0 34672
34672 40313 21:0 34738
34740 40343 21:0 34748
34747 40345 0:0 34748
34747 40344 0:0 34748
34748 40346 21:0 34814
34816 40376 21:0 34824
34823 40378 0:0 34824
34823 40377 21:0 34890
34888 40379 0:0 34890
34892 40409 21:0 34900
34899 40410 0:0 34900
34899 40411 21:0 34966
34968 40442 21:0 34976
34975 40443 0:0 34976
34975 40444 21:0 35042
35040 40445 0:0 35042
35044 40475 0:0 35047
35049 40477 21:0 35107
35051 40476 0:0 35052
35106 40478 0:0 35118
35120 40508 21:0 35128
35127 40510 21:0 35194
35192 40511 0:0 35194
35196 40541 21:0 35204
35201 40542 0:0 35204
35201 40543 0:0 35204
35204 40544 21:0 35270
35272 40574 21:0 35280
35277 40576 0:0 35280
35280 40577 21:0 35346
35353 40608 0:0 35356
35353 40609 0:0 35356
35356 40610 21:0 35422
35429 40641 21:0 35487
35598 39233 1:0 35727
35599 39231 1:0 35737
35608 39201 1:0 35850
35608 39200 1:0 35858
35614 39199 1:0 35857
35627 322 21:0 35641
35634 39198 1:0 35868
35647 39166 1:0 35988
35729 39167 1:0 35989
35730 39165 1:0 35999
35739 39135 1:0 36112
35739 39134 1:0 36120
35745 39133 1:0 36119
35765 39132 1:0 36130
35778 39102 1:0 36243
35860 39101 1:0 36251
35861 39100 1:0 36250
35870 39099 1:0 36261
35870 39069 1:0 36374
35878 39068 1:0 36382
35896 39067 1:0 36381
35991 39066 1:0 36392
35992 39036 1:0 36505
35992 39034 1:0 36512
36001 39035 1:0 36513
36001 39033 1:0 36523
36009 39003 1:0 36636
36028 39001 1:0 36643
36122 39002 1:0 36644
36123 39000 1:0 36654
36132 38970 1:0 36767
36132 38969 1:0 36775
36138 38968 1:0 36774
36142 38967 1:0 36785
36159 38937 1:0 36898
36253 38935 1:0 36905
36254 38936 1:0 36906
36263 38934 1:0 36916
36263 38904 1:0 37029
36269 38903 1:0 37037
36273 38902 1:0 37036
36302 38901 1:0 37047
36384 38871 1:0 37160
36385 38870 1:0 37168
36394 38869 1:0 37167
36394 38868 1:0 37178
36400 38838 1:0 37291
36405 38836 1:0 37298
36433 38837 1:0 37299
36515 38835 1:0 37309
36516 38805 1:0 37422
36525 38803 1:0 37429
36525 38804 1:0 37430
36531 38802 1:0 37440
36536 38772 1:0 37553
36564 38770 1:0 37560
36646 38771 1:0 37561
36647 38769 1:0 37571
36647 323 1:0 38901
36656 40641 1:0 39172
37751 41653 21:0 37759
37758 41654 0:0 37759
37758 41655 21:0 37825
37823 41656 0:0 37825
37827 41686 21:0 37835
37834 41687 0:0 37835
37834 41688 21:0 37901
37899 41689 0:0 37901
37903 41719 21:0 37911
37910 41720 0:0 37911
37910 41721 21:0 37977
37975 41722 0:0 37977
37979 41752 21:0 37987
37986 41753 0:0 37987
37986 41754 21:0 38053
38051 41755 0:0 38053
38055 41785 21:0 38063
38062 41786 0:0 38063
38062 41787 21:0 38129
38127 41788 0:0 38129
38131 41818 21:0 38139
38138 41820 0:0 38139
38138 41819 21:0 38205
38203 41821 0:0 38205
38207 41851 21:0 38215
38214 41852 0:0 38215
38214 41853 21:0 38281
38279 41854 0:0 38281
38283 41884 21:0 38291
38290 41885 0:0 38291
38290 41886 21:0 38357
38355 41887 0:0 38357
38359 41917 21:0 38367
38366 41918 0:0 38367
38366 41919 21:0 38433
38431 41920 0:0 38433
38435 41950 0:0 38438
38440 41952 21:0 38498
38442 41951 0:0 38443
38497 41953 0:0 38509
38511 41983 0:0 38514
38516 41984 21:0 38574
38518 41985 0:0 38519
38573 41986 0:0 38585
38587 42016 21:0 38595
38594 42018 0:0 38595
38594 42017 21:0 38661
38659 42019 0:0 38661
38663 42049 21:0 38671
38670 42050 0:0 38671
38670 42051 21:0 38737
38735 42052 0:0 38737
38739 42082 21:0 38747
38746 42084 0:0 38747
38746 42083 21:0 38813
38820 42116 0:0 38823
38820 42117 0:0 38823
38823 42118 21:0 38889
38913 40610 1:0 39296
38914 40609 1:0 39304
38923 40608 1:0 39303
38923 40577 1:0 39427
38929 40576 1:0 39435
38942 323 21:0 38956
38949 40574 1:0 39445
38962 40544 1:0 39558
39044 40542 1:0 39565
39045 40543 1:0 39566
39054 40541 1:0 39576
39054 40511 1:0 39689
39060 40510 1:0 39697
39080 40508 1:0 39707
39093 40478 1:0 39820
39175 40477 1:0 39828
39176 40476 1:0 39827
39185 40475 1:0 39838
39185 40445 1:0 39951
39193 40444 1:0 39959
39211 40443 1:0 39958
39306 40442 1:0 39969
39307 40410 1:0 40089
39307 40411 1:0 40090
39316 40409 1:0 40100
39316 40379 1:0 40213
39324 40377 1:0 40220
39343 40378 1:0 40221
39437 40376 1:0 40231
39438 40346 1:0 40344
39447 40344 1:0 40351
39447 40345 1:0 40352
39453 40343 1:0 40362
39457 40313 1:0 40475
39474 40311 1:0 40482
39568 40312 1:0 40483
39569 40310 1:0 40493
39578 40280 1:0 40606
39578 40278 1:0 40613
39584 40279 1:0 40614
39588 40277 1:0 40624
39617 40247 1:0 40737
39699 40246 1:0 40745
39700 40245 1:0 40744
39709 40244 1:0 40755
39709 40214 1:0 40868
39715 40213 1:0 40876
39720 40212 1:0 40875
39735 324 1:0 42216
39748 40211 1:0 40886
41066 43095 21:0 41074
41073 43096 0:0 41074
41073 43097 21:0 41140
41138 43098 0:0 41140
41142 43128 21:0 41150
41149 43129 0:0 41150
41149 43130 21:0 41216
41218 43161 21:0 41226
41225 43163 0:0 41226
41225 43162 0:0 41226
41226 43164 21:0 41292
41294 43194 21:0 41302
41301 43195 0:0 41302
41301 43196 0:0 41302
41302 43197 21:0 41368
41370 43227 21:0 41378
41377 43229 0:0 41378
41378 43230 21:0 41444
41446 43260 21:0 41454
41453 43261 0:0 41454
41453 43262 21:0 41520
41518 43263 0:0 41520
41522 43293 21:0 41530
41529 43295 0:0 41530
41529 43294 21:0 41596
41594 43296 0:0 41596
41598 43326 21:0 41606
41605 43327 0:0 41606
41605 43328 21:0 41672
41670 43329 0:0 41672
41674 43359 21:0 41682
41681 43361 0:0 41682
41681 43360 0:0 41682
41682 43362 21:0 41748
41755 43394 0:0 41758
41755 43393 0:0 41758
41758 43395 21:0 41824
41826 43425 21:0 41834
41833 43427 0:0 41834
41833 43426 0:0 41834
41834 43428 21:0 41900
41902 43458 21:0 41910
41909 43460 0:0 41910
41909 43459 21:0 41976
41974 43461 0:0 41976
41983 43493 21:0 42041
42040 43494 0:0 42052
42054 43524 21:0 42062
42228 42118 1:0 42349
42229 42117 1:0 42357
42238 42116 1:0 42356
42238 42083 1:0 42487
42244 42084 1:0 42488
42257 324 21:0 42271
42264 42082 1:0 42498
42277 42052 1:0 42611
42359 42051 1:0 42619
42360 42050 1:0 42618
42369 42049 1:0 42629
42369 42019 1:0 42742
42375 42017 1:0 42749
42395 42018 1:0 42750
42408 42016 1:0 42760
42490 41986 1:0 42873
42491 41984 1:0 42880
42500 41985 1:0 42881
42500 41983 1:0 42891
42508 41953 1:0 43004
42526 41952 1:0 43012
42621 41951 1:0 43011
42622 41950 1:0 43022
42622 41920 1:0 43135
42631 41918 1:0 43142
42631 41919 1:0 43143
42639 41917 1:0 43153
42658 41887 1:0 43266
42752 41886 1:0 43274
42753 41885 1:0 43273
42762 41884 1:0 43284
42762 41854 1:0 43397
42768 41853 1:0 43405
42772 41852 1:0 43404
42789 41851 1:0 43415
42883 41821 1:0 43528
42884 41819 1:0 43535
42893 41820 1:0 43536
42893 41818 1:0 43546
42899 41788 1:0 43659
42903 41787 1:0 43667
42932 41786 1:0 43666
43014 41785 1:0 43677
43015 41755 1:0 43790
43024 41753 1:0 43797
43024 41754 1:0 43798
43030 41752 1:0 43808
43035 41722 1:0 43921
43063 41721 1:0 43929
43145 41720 1:0 43928
43146 41719 1:0 43939
43155 41689 1:0 44052
43155 41688 1:0 44060
43161 41687 1:0 44059
43166 41686 1:0 44070
43194 41656 1:0 44183
43276 41655 1:0 44191
43277 41654 1:0 44190
43277 325 1:0 45531
43286 41653 1:0 44201
43286 43524 1:0 45813
44381 44537 21:0 44389
44388 44539 0:0 44389
44388 44538 21:0 44455
44453 44540 0:0 44455
44457 44570 21:0 44465
44464 44571 0:0 44465
44464 44572 21:0 44531
44529 44573 0:0 44531
44533 44603 21:0 44541
44540 44604 0:0 44541
44540 44605 21:0 44607
44605 44606 0:0 44607
44609 44636 21:0 44617
44616 44638 0:0 44617
44616 44637 21:0 44683
44681 44639 0:0 44683
44685 44669 21:0 44693
44692 44670 0:0 44693
44692 44671 21:0 44759
44757 44672 0:0 44759
44761 44702 21:0 44769
44768 44703 0:0 44769
44768 44704 21:0 44835
44833 44705 0:0 44835
44837 44735 21:0 44845
44844 44737 0:0 44845
44844 44736 21:0 44911
44909 44738 0:0 44911
44913 44768 21:0 44921
44920 44769 0:0 44921
44920 44770 0:0 44921
44921 44771 21:0 44987
44989 44801 21:0 44997
44996 44803 0:0 44997
44996 44802 0:0 44997
44997 44804 21:0 45063
45065 44834 21:0 45073
45072 44836 0:0 45073
45072 44835 21:0 45139
45137 44837 0:0 45139
45141 44867 21:0 45149
45148 44869 0:0 45149
45148 44868 21:0 45215
45213 44870 0:0 45215
45217 44900 21:0 45225
45224 44902 0:0 45225
45224 44901 21:0 45291
45289 44903 0:0 45291
45293 44933 21:0 45301
45300 44935 0:0 45301
45300 44934 21:0 45367
45365 44936 0:0 45367
45369 44966 21:0 45377
45376 44968 0:0 45377
45376 44967 21:0 45443
45441 44969 0:0 45443
45445 44999 21:0 45453
45452 45001 0:0 45453
45452 45000 21:0 45519
45543 43494 1:0 45926
45544 43493 1:0 45934
45553 43461 1:0 46057
45553 43459 1:0 46064
45559 43460 1:0 46065
45572 325 21:0 45586
45579 43458 1:0 46075
45592 43428 1:0 46188
45674 43427 1:0 46196
45675 43426 1:0 46195
45684 43425 1:0 46206
45684 43395 1:0 46319
45690 43394 1:0 46327
45710 43393 1:0 46326
45723 43362 1:0 46450
45805 43360 1:0 46457
45806 43361 1:0 46458
45815 43359 1:0 46468
45815 43329 1:0 46581
45823 43328 1:0 46589
45841 43327 1:0 46588
45936 43326 1:0 46599
45937 43296 1:0 46712
45937 43294 1:0 46719
45946 43295 1:0 46720
45946 43293 1:0 46730
45954 43263 1:0 46843
45973 43262 1:0 46851
46067 43261 1:0 46850
46068 43260 1:0 46861
46077 43230 1:0 46974
46077 43229 1:0 46982
46083 43227 1:0 46992
46087 43197 1:0 47105
46104 43195 1:0 47112
46198 43196 1:0 47113
46199 43194 1:0 47123
46208 43164 1:0 47236
46208 43163 1:0 47244
46214 43162 1:0 47243
46218 43161 1:0 47254
46247 43130 1:0 47375
46329 43129 1:0 47374
46330 43128 1:0 47385
46339 43098 1:0 47498
46339 43097 1:0 47506
46345 43096 1:0 47505
46350 43095 1:0 47516
46365 326 1:0 48846
47701 45981 21:0 47759
47703 45980 0:0 47704
47758 45982 0:0 47770
47772 46012 21:0 47780
47779 46013 0:0 47780
47779 46014 0:0 47780
47780 46015 21:0 47846
47848 46045 0:0 47851
47853 46047 21:0 47911
47855 46046 0:0 47856
47910 46048 0:0 47922
47929 46080 0:0 47932
47929 46079 0:0 47932
47932 46081 21:0 47998
48000 46111 21:0 48008
48007 46113 0:0 48008
48007 46112 21:0 48074
48072 46114 0:0 48074
48076 46144 21:0 48084
48081 46146 0:0 48084
48083 46145 0:0 48084
48084 46147 21:0 48150
48152 46177 0:0 48155
48157 46179 21:0 48215
48159 46178 0:0 48160
48214 46180 0:0 48226
48228 46210 21:0 48236
48235 46211 0:0 48236
48235 46212 21:0 48302
48304 46243 21:0 48312
48311 46245 0:0 48312
48312 46246 21:0 48378
48380 46276 21:0 48388
48387 46278 0:0 48388
48387 46277 0:0 48388
48388 46279 21:0 48454
48456 46309 21:0 48464
48463 46311 0:0 48464
48463 46310 0:0 48464
48464 46312 21:0 48530
48537 46344 21:0 48595
48539 46343 0:0 48540
48594 46345 0:0 48606
48608 46375 21:0 48616
48615 46377 21:0 48682
48680 46378 0:0 48682
48692 46411 21:0 48758
48858 45000 1:0 48986
48859 45001 1:0 48987
48868 44999 1:0 48997
48868 44969 1:0 49110
48874 44967 1:0 49117
48887 326 21:0 48901
48894 44968 1:0 49118
48907 44966 1:0 49128
48989 44936 1:0 49241
48990 44934 1:0 49248
48999 44935 1:0 49249
48999 44933 1:0 49259
49005 44903 1:0 49372
49025 44901 1:0 49379
49038 44902 1:0 49380
49120 44900 1:0 49390
49121 44870 1:0 49503
49130 44868 1:0 49510
49130 44869 1:0 49511
49138 44867 1:0 49521
49156 44837 1:0 49634
49251 44835 1:0 49641
49252 44836 1:0 49642
49252 44834 1:0 49652
49261 44804 1:0 49765
49261 44803 1:0 49773
49269 44802 1:0 49772
49288 44801 1:0 49783
49382 44771 1:0 49896
49383 44770 1:0 49904
49392 44769 1:0 49903
49392 44768 1:0 49914
49398 44738 1:0 50027
49402 44736 1:0 50034
49419 44737 1:0 50035
49513 44735 1:0 50045
49514 44705 1:0 50158
49523 44703 1:0 50165
49523 44704 1:0 50166
49529 44702 1:0 50176
49533 44672 1:0 50289
49562 44671 1:0 50297
49644 44670 1:0 50296
49645 44669 1:0 50307
49654 44639 1:0 50420
49654 44637 1:0 50427
49660 44638 1:0 50428
49665 44636 1:0 50438
49693 44606 1:0 50551
49775 44605 1:0 50559
49776 44604 1:0 50558
49785 44603 1:0 50569
49785 44573 1:0 50682
49791 44572 1:0 50690
49796 44571 1:0 50689
49824 44570 1:0 50700
49906 44540 1:0 50813
49907 44538 1:0 50820
49907 327 1:0 50944
49916 44539 1:0 50821
49916 44537 1:0 50831
49922 22851 1:0 51052
49922 22850 1:0 51053
49922 22863 1:0 51138
49924 22857 1:0 51052
49924 22856 1:0 51053
49927 22862 1:0 51053
49943 22859 1:0 51052
49955 22858 1:0 51053
50037 22861 1:0 51052
50037 22860 1:0 51053
50038 46411 1:0 51269
50047 23004 1:0 51273
50047 23006 1:0 51273
50047 23008 1:0 51273
50047 23009 1:0 51274
50047 23010 1:0 51359
50053 23007 1:0 51274
50055 23005 1:0 51274
50055 23003 1:0 51274
50057 22998 1:0 51273
50057 22997 1:0 51274
50086 46377 1:0 51490
50168 46378 1:0 51412
50169 23145 1:0 51494
50169 23151 1:0 51494
50169 23157 1:0 51494
50169 23150 1:0 51495
50169 23156 1:0 51579
50178 23153 1:0 51494
50178 23155 1:0 51494
50178 23154 1:0 51495
50178 23152 1:0 51495
50178 23144 1:0 51495
50186 46375 1:0 51627
50205 46345 1:0 51633
50217 23303 1:0 51800
50299 46344 1:0 51711
50300 23298 1:0 51715
50300 23297 1:0 51716
50300 23301 1:0 51716
50300 23299 1:0 51716
50309 23304 1:0 51715
50309 23292 1:0 51715
50309 23300 1:0 51715
50309 23302 1:0 51715
50309 23291 1:0 51716
50315 46343 1:0 51837
50335 46312 1:0 51925
50348 23445 1:0 51936
50348 23449 1:0 52012
50430 23451 1:0 51936
50430 23446 1:0 51937
50430 23438 1:0 51937
50431 23448 1:0 51936
50431 23450 1:0 51936
50431 23439 1:0 51936
50431 23444 1:0 51937
50440 23447 1:0 51936
50440 46310 1:0 52058
50446 46311 1:0 52059
50451 46309 1:0 52069
50479 46279 1:0 52146
50561 23597 1:0 52157
50561 23595 1:0 52232
50562 23598 1:0 52157
50562 23592 1:0 52157
50562 23596 1:0 52157
50562 23591 1:0 52158
50562 23585 1:0 52158
50571 23586 1:0 52157
50571 23594 1:0 52157
50571 23593 1:0 52158
50577 46277 1:0 52279
50581 46278 1:0 52280
50598 46276 1:0 52290
50610 23741 1:0 52444
50651 23739 1:0 52378
50692 46246 1:0 52364
50693 23745 1:0 52379
50693 23740 1:0 52379
50702 23733 1:0 52378
50702 23732 1:0 52379
50702 23738 1:0 52379
50702 23742 1:0 52379
50702 23743 1:0 52379
50702 23744 1:0 52379
50708 46245 1:0 52501
50728 46243 1:0 52511
50741 23886 1:0 52599
50741 23892 1:0 52685
50823 46212 1:0 52595
50824 23890 1:0 52599
50824 23879 1:0 52600
50824 23887 1:0 52600
50824 23885 1:0 52600
50833 23888 1:0 52599
50833 23880 1:0 52599
50833 23891 1:0 52600
50833 23889 1:0 52600
50839 46211 1:0 52721
50844 46210 1:0 52732
50872 46179 1:0 52806
50913 24035 1:0 52886
50956 46180 1:0 52738
50957 24036 1:0 52820
50957 24039 1:0 52820
50957 24032 1:0 52821
50966 24033 1:0 52820
50966 24027 1:0 52820
50966 24037 1:0 52820
50966 24034 1:0 52820
50966 24038 1:0 52820
50966 24026 1:0 52821
50974 46178 1:0 52942
50985 327 21:0 50999
50993 46177 1:0 52953
51046 46147 1:0 53027
51059 24181 1:0 53106
51075 24173 1:0 53042
51075 24184 1:0 53042
51076 24185 1:0 53042
51125 24186 1:0 53042
51135 24174 1:0 53041
51135 24179 1:0 53042
51144 22863 21:0 51169
51145 24182 1:0 53042
51167 22861 0:0 51169
51167 22860 0:0 51169
51167 22859 0:0 51169
51167 22862 0:0 51169
51168 22857 0:0 51169
51168 22851 0:0 51169
51168 22856 0:0 51169
51168 22858 0:0 51169
51168 22850 0:0 51169
51170 24180 1:0 53041
51170 24183 1:0 53042
51170 46146 1:0 53164
51170 24329 1:0 53328
51177 46145 1:0 53163
51178 46144 1:0 53174
51187 46114 1:0 53180
51187 46112 1:0 53248
51193 24326 1:0 53263
51193 24333 1:0 53263
51195 24330 1:0 53263
51198 24331 1:0 53263
51213 24328 1:0 53263
51214 24327 1:0 53262
51214 24320 1:0 53263
51226 24321 1:0 53262
51267 24332 1:0 53263
51295 46113 1:0 53385
51346 46111 1:0 53395
51365 23010 21:0 51390
51366 46081 1:0 53479
51388 23008 0:0 51390
51388 23007 0:0 51390
51388 23005 0:0 51390
51388 23009 0:0 51390
51389 23004 0:0 51390
51389 23006 0:0 51390
51389 22997 0:0 51390
51389 23003 0:0 51390
51389 22998 0:0 51390
51391 24468 1:0 53483
51391 24476 1:0 53483
51391 24478 1:0 53483
51391 24477 1:0 53484
51391 24467 1:0 53484
51391 24480 1:0 53569
51398 24474 1:0 53483
51398 24479 1:0 53484
51399 24473 1:0 53484
51399 24475 1:0 53484
51399 46080 1:0 53606
51408 46079 1:0 53605
51408 46048 1:0 53622
51416 46047 1:0 53690
51419 24622 1:0 53769
51434 24615 1:0 53704
51434 24614 1:0 53705
51435 24621 1:0 53704
51447 24626 1:0 53705
51488 24627 1:0 53705
51501 24625 1:0 53705
51516 24620 1:0 53705
51517 24623 1:0 53705
51567 24624 1:0 53705
51587 46046 1:0 53826
51589 23156 21:0 51611
51610 23151 0:0 51611
51610 23150 0:0 51611
51610 23145 0:0 51611
51610 23155 0:0 51611
51610 23157 0:0 51611
51610 23152 0:0 51611
51610 23153 0:0 51611
51610 23154 0:0 51611
51610 23144 0:0 51611
51612 46045 1:0 53837
51612 46015 1:0 53911
51612 24769 1:0 53990
51619 24762 1:0 53925
51619 24774 1:0 53926
51620 24768 1:0 53925
51620 24773 1:0 53926
51620 24770 1:0 53926
51629 24772 1:0 53926
51629 24771 1:0 53926
51629 24767 1:0 53926
51629 24761 1:0 53926
51629 46013 1:0 54047
51637 46014 1:0 54048
51656 46012 1:0 54058
51709 45981 1:0 54135
51722 24919 1:0 54222
51738 45982 1:0 54064
51788 24915 1:0 54146
51788 24916 1:0 54147
51798 24909 1:0 54146
51808 24917 1:0 54146
51808 24908 1:0 54147
51810 23303 21:0 51832
51831 23299 0:0 51832
51831 23300 0:0 51832
51831 23301 0:0 51832
51831 23298 0:0 51832
51831 23291 0:0 51832
51831 23302 0:0 51832
51831 23304 0:0 51832
51831 23297 0:0 51832
51831 23292 0:0 51832
51833 24921 1:0 54146
51833 24918 1:0 54146
51833 24920 1:0 54146
51833 24914 1:0 54147
51840 45980 1:0 54268
51840 25063 1:0 54432
51841 25055 1:0 54392
51841 25056 1:0 54393
51841 25064 1:0 54433
51841 25065 1:0 54442
51850 25061 1:0 54422
51850 25062 1:0 54423
51850 25066 1:0 54443
51850 25067 1:0 54452
51850 25068 1:0 54453
51850 25156 1:0 54455
51850 25155 1:0 54492
52018 23449 21:0 52053
52051 23446 0:0 52053
52051 23450 0:0 52053
52051 23447 0:0 52053
52052 23451 0:0 52053
52052 23438 0:0 52053
52052 23448 0:0 52053
52052 23439 0:0 52053
52052 23444 0:0 52053
52052 23445 0:0 52053
52242 23595 21:0 52274
52272 23597 0:0 52274
52273 23594 0:0 52274
52273 23596 0:0 52274
52273 23585 0:0 52274
52273 23593 0:0 52274
52273 23591 0:0 52274
52273 23598 0:0 52274
52273 23586 0:0 52274
52273 23592 0:0 52274
52450 23741 21:0 52495
52493 23742 0:0 52495
52493 23740 0:0 52495
52493 23744 0:0 52495
52494 23745 0:0 52495
52494 23738 0:0 52495
52494 23732 0:0 52495
52494 23743 0:0 52495
52494 23733 0:0 52495
52494 23739 0:0 52495
52691 23892 21:0 52716
52714 23890 0:0 52716
52714 23887 0:0 52716
52714 23888 0:0 52716
52714 23891 0:0 52716
52715 23889 0:0 52716
52715 23886 0:0 52716
52715 23880 0:0 52716
52715 23885 0:0 52716
52715 23879 0:0 52716
52892 24035 21:0 52937
52935 24038 0:0 52937
52935 24034 0:0 52937
52936 24033 0:0 52937
52936 24037 0:0 52937
52936 24026 0:0 52937
52936 24032 0:0 52937
52936 24027 0:0 52937
52936 24039 0:0 52937
52936 24036 0:0 52937
53116 24181 21:0 53158
53156 24183 0:0 53158
53156 24185 0:0 53158
53157 24186 0:0 53158
53157 24180 0:0 53158
53157 24184 0:0 53158
53157 24179 0:0 53158
53157 24182 0:0 53158
53157 24174 0:0 53158
53157 24173 0:0 53158
53334 24329 21:0 53379
53377 24332 0:0 53379
53377 24330 0:0 53379
53377 24328 0:0 53379
53378 24333 0:0 53379
53378 24321 0:0 53379
53378 24320 0:0 53379
53378 24326 0:0 53379
53378 24331 0:0 53379
53378 24327 0:0 53379
53575 24480 21:0 53600
53598 24478 0:0 53600
53598 24477 0:0 53600
53598 24479 0:0 53600
53598 24475 0:0 53600
53599 24474 0:0 53600
53599 24468 0:0 53600
53599 24473 0:0 53600
53599 24467 0:0 53600
53599 24476 0:0 53600
53779 24622 21:0 53821
53819 24626 0:0 53821
53819 24624 0:0 53821
53820 24614 0:0 53821
53820 24615 0:0 53821
53820 24623 0:0 53821
53820 24625 0:0 53821
53820 24621 0:0 53821
53820 24627 0:0 53821
53820 24620 0:0 53821
54000 24769 21:0 54042
54040 24773 0:0 54042
54040 24771 0:0 54042
54041 24761 0:0 54042
54041 24768 0:0 54042
54041 24762 0:0 54042
54041 24774 0:0 54042
54041 24770 0:0 54042
54041 24767 0:0 54042
54041 24772 0:0 54042
54228 24919 21:0 54263
54261 24917 0:0 54263
54261 24920 0:0 54263
54261 24916 0:0 54263
54262 24921 0:0 54263
54262 24914 0:0 54263
54262 24908 0:0 54263
54262 24915 0:0 54263
54262 24918 0:0 54263
54262 24909 0:0 54263
