150 15435 21:0 187
186 15436 21:0 203
202 15434 21:0 203
202 15438 21:0 203
202 15439 21:0 208
207 15633 21:0 213
207 341 21:0 208
212 15621 21:0 213
212 15426 21:0 213
212 15427 21:0 213
212 15432 21:0 213
212 15433 21:0 213
213 15636 21:0 279
278 15634 21:0 284
283 15654 21:0 284
283 5 21:0 284
283 15528 21:0 284
283 9 21:0 286
283 15430 21:0 284
283 15529 21:0 284
286 15667 21:0 307
306 15669 21:0 355
354 43 21:0 355
354 25 21:0 355
354 3 21:0 355
354 15687 21:0 355
354 23 21:0 355
354 41 21:0 355
354 7 21:0 355
355 47 21:0 360
359 15652 21:0 360
359 15682 21:0 360
362 15700 21:0 383
382 15702 21:0 431
430 15717 21:0 436
435 15719 21:0 436
435 59 21:0 436
435 39 21:0 436
435 57 21:0 436
435 15720 21:0 436
435 61 21:0 436
435 15691 21:0 436
438 15734 21:0 459
458 15735 21:0 507
506 15751 21:0 512
511 15724 21:0 512
511 63 21:0 512
511 81 21:0 512
511 31 21:0 512
511 79 21:0 512
511 75 21:0 514
513 15753 21:0 514
514 15766 21:0 531
530 15767 21:0 583
582 15768 21:0 588
587 97 21:0 588
587 95 21:0 588
587 15786 21:0 588
587 77 21:0 588
590 15799 21:0 607
606 15798 21:0 659
658 15801 21:0 664
663 105 21:0 669
668 15803 21:0 669
668 117 21:0 669
668 15817 21:0 669
668 15819 21:0 669
669 15834 21:0 735
734 15833 21:0 740
739 15836 21:0 745
744 99 21:0 745
744 133 21:0 745
744 111 21:0 745
744 15752 21:0 745
744 135 21:0 745
744 131 21:0 745
744 15619 21:0 745
745 15867 21:0 811
810 15701 21:0 816
815 15733 21:0 835
818 15898 21:0 818
834 15732 21:0 887
886 15864 21:0 892
891 15831 21:0 911
910 15832 21:0 963
962 15900 21:0 968
967 15931 21:0 987
970 15965 21:0 970
986 15865 21:0 1039
1038 15699 21:0 1044
1043 15635 21:0 1063
1046 15997 21:0 1046
1062 15933 21:0 1115
1114 15800 21:0 1120
1117 16029 21:0 1117
1119 15897 21:0 1139
1138 15966 21:0 1191
1190 15666 21:0 1196
1195 15899 21:0 1215
1214 15668 21:0 1267
1266 15932 21:0 1272
1269 16095 21:0 1269
1271 15964 21:0 1291
1274 16097 21:0 1274
1274 16096 21:0 1274
1290 15866 21:0 1343
1342 15998 21:0 1348
1345 16128 21:0 1345
1347 15996 21:0 1367
1350 16129 21:0 1350
1350 16130 21:0 1350
1353 16131 21:0 1353
1366 15765 21:0 1419
1418 15930 21:0 1424
1421 16161 21:0 1421
1423 16065 21:0 1443
1426 16162 21:0 1426
1426 16163 21:0 1426
1428 309 1:0 1439
1429 16164 21:0 1429
1442 311 1:0 1443
1442 16064 21:0 1495
1446 313 1:0 1447
1450 315 1:0 1477
1478 317 1:0 1491
1494 321 1:0 1496
1494 16031 21:0 1500
1499 319 1:0 1501
1499 16098 21:0 1520
1519 16050 21:0 1520
1519 115 21:0 1520
1519 15852 21:0 1520
1519 15984 21:0 1520
1519 16149 21:0 1520
1519 15951 21:0 1520
1519 16017 21:0 1520
1519 15885 21:0 1520
1519 16083 21:0 1521
1520 15918 21:0 1525
1525 16207 21:0 1535
1534 16032 21:0 1559
1558 15963 21:0 1566
1565 16030 21:0 1569
1568 16063 21:0 1577
1572 16149 1:0 1728
1576 16062 21:0 1603
1602 15999 21:0 1678
1677 16164 1:0 1677
1677 69 21:0 1678
1677 15730 21:0 1681
1680 83 21:0 1681
1680 16267 21:0 1681
1680 21 21:0 1681
1680 51 21:0 1681
1680 129 21:0 1681
1680 16265 21:0 1684
1683 16162 1:0 1683
1684 16163 1:0 1684
1684 16288 21:0 1688
1687 16238 21:0 1688
1687 16235 21:0 1691
1690 319 21:0 1691
1690 329 21:0 1691
1690 16116 21:0 1691
1690 16270 21:0 1691
1690 16256 21:0 1691
1690 16231 21:0 1691
1690 16215 21:0 1691
1692 16116 1:0 1836
1692 16098 1:0 1920
1692 16063 1:0 1964
1692 16083 1:0 1964
1692 16065 1:0 2042
1692 16064 1:0 2049
1692 16062 1:0 2058
1692 16050 1:0 2086
1692 16030 1:0 2086
1692 16032 1:0 2164
1692 16031 1:0 2171
1692 16017 1:0 2208
1692 15999 1:0 2286
1692 15998 1:0 2293
1693 16161 1:0 1693
1694 16292 21:0 1696
1694 15996 1:0 2302
1694 15984 1:0 2330
1694 15966 1:0 2408
1695 321 21:0 1696
1695 317 21:0 1699
1698 301 21:0 1699
1700 15964 1:0 2414
1703 16295 21:0 1725
1704 15963 1:0 2424
1728 16313 21:0 1759
1762 16322 21:0 1764
1771 16324 21:0 1773
1780 16327 21:0 1800
1799 16131 1:0 1799
1805 16129 1:0 1805
1806 16130 1:0 1806
1806 16345 21:0 1810
1807 15951 1:0 2452
1807 15932 1:0 2452
1808 15933 1:0 2530
1808 15931 1:0 2536
1815 16128 1:0 1815
1816 16349 21:0 1818
1816 15930 1:0 2546
1816 15918 1:0 2574
1816 15900 1:0 2652
1822 15899 1:0 2659
1825 16352 21:0 1847
1841 15897 1:0 2668
1850 16370 21:0 1881
1884 16379 21:0 1886
1893 16381 21:0 1895
1902 16384 21:0 1922
1927 16096 1:0 1927
1928 16097 1:0 1928
1928 16402 21:0 1932
1929 15866 1:0 2696
1929 15885 1:0 2696
1930 15867 1:0 2774
1930 15865 1:0 2780
1937 16095 1:0 1937
1938 16406 21:0 1940
1938 15864 1:0 2790
1941 135 1:0 2818
1941 15832 1:0 2818
1944 133 1:0 2811
1944 15852 1:0 2811
1944 129 1:0 2811
1944 15836 1:0 2818
1944 131 1:0 2818
1947 16409 21:0 1969
1962 15834 1:0 2896
1972 16427 21:0 2003
2006 16436 21:0 2008
2015 16438 21:0 2017
2024 16441 21:0 2044
2050 16459 21:0 2054
2051 15833 1:0 2903
2052 15831 1:0 2912
2052 117 1:0 2914
2052 111 1:0 2914
2052 115 1:0 2914
2052 15800 1:0 2940
2060 16463 21:0 2062
2060 15819 1:0 2940
2060 15803 1:0 2940
2060 15817 1:0 2940
2060 15801 1:0 3018
2066 15799 1:0 3024
2066 105 1:0 3028
2069 16466 21:0 2091
2085 15798 1:0 3034
2094 16484 21:0 2125
2128 16493 21:0 2130
2137 16495 21:0 2139
2146 16498 21:0 2166
2172 16516 21:0 2176
2173 99 1:0 3044
2173 95 1:0 3055
2173 15786 1:0 3055
2173 97 1:0 3062
2173 15768 1:0 3062
2174 15767 1:0 3140
2181 16029 1:0 2181
2182 16520 21:0 2184
2182 15766 1:0 3146
2182 15765 1:0 3156
2182 83 1:0 3158
2182 79 1:0 3158
2182 81 1:0 3158
2182 75 1:0 3158
2182 77 1:0 3158
2188 15733 1:0 3184
2191 16523 21:0 2213
2192 15751 1:0 3184
2206 15752 1:0 3184
2206 15753 1:0 3184
2216 16541 21:0 2247
2250 16550 21:0 2252
2259 16552 21:0 2261
2268 16555 21:0 2288
2293 15997 1:0 2293
2294 16573 21:0 2298
2295 15735 1:0 3262
2296 15734 1:0 3269
2296 15730 1:0 3272
2296 69 1:0 3272
2304 16577 21:0 2306
2304 15732 1:0 3278
2304 57 1:0 3280
2304 59 1:0 3280
2304 15724 1:0 3280
2304 61 1:0 3280
2304 63 1:0 3280
2304 15717 1:0 3306
2304 15701 1:0 3306
2307 15719 1:0 3306
2307 15720 1:0 3306
2313 16580 21:0 2335
2314 15702 1:0 3384
2338 16598 21:0 2369
2372 16607 21:0 2374
2381 16609 21:0 2383
2390 16612 21:0 2410
2416 15965 1:0 2416
2416 16630 21:0 2420
2417 15700 1:0 3390
2417 15691 1:0 3394
2417 51 1:0 3394
2418 15699 1:0 3400
2418 39 1:0 3402
2418 47 1:0 3402
2418 41 1:0 3402
2418 43 1:0 3402
2426 16634 21:0 2428
2426 15668 1:0 3428
2426 15682 1:0 3428
2426 31 1:0 3428
2426 15687 1:0 3428
2429 15669 1:0 3506
2435 16637 21:0 2457
2436 15667 1:0 3512
2460 16655 21:0 2491
2494 16664 21:0 2496
2503 16666 21:0 2505
2512 16669 21:0 2532
2538 16687 21:0 2542
2539 15666 1:0 3522
2540 21 1:0 3531
2540 23 1:0 3538
2540 25 1:0 3547
2540 15635 1:0 3550
2540 15652 1:0 3550
2540 15654 1:0 3550
2540 15636 1:0 3628
2548 16691 21:0 2550
2548 15634 1:0 3634
2548 15633 1:0 3644
2548 9 1:0 3672
2551 15621 1:0 3680
2551 15619 1:0 3680
2554 7 1:0 3708
2554 5 1:0 3716
2554 3 1:0 3723
2554 335 1:0 3748
2554 301 1:0 5034
2557 16694 21:0 2579
2558 317 1:0 5100
2582 16712 21:0 2613
2616 16721 21:0 2618
2625 16723 21:0 2627
2634 16726 21:0 2654
2659 15898 1:0 2659
2660 16744 21:0 2664
2670 16748 21:0 2672
2679 16751 21:0 2701
2704 16769 21:0 2735
2738 16778 21:0 2740
2747 16780 21:0 2749
2756 16783 21:0 2776
2782 16801 21:0 2786
2792 16805 21:0 2794
2801 16808 21:0 2823
2826 16826 21:0 2857
2860 16835 21:0 2862
2869 16837 21:0 2871
2878 16840 21:0 2898
2904 16858 21:0 2908
2914 16862 21:0 2916
2923 16865 21:0 2945
2948 16883 21:0 2979
2982 16892 21:0 2984
2991 16894 21:0 2993
3000 16897 21:0 3020
3026 16915 21:0 3030
3036 16919 21:0 3038
3045 16922 21:0 3067
3070 16940 21:0 3101
3104 16949 21:0 3106
3113 16951 21:0 3115
3122 16954 21:0 3142
3148 16972 21:0 3152
3158 16976 21:0 3160
3167 16979 21:0 3189
3192 16997 21:0 3223
3226 17006 21:0 3228
3235 17008 21:0 3237
3244 17011 21:0 3264
3270 17029 21:0 3274
3280 17033 21:0 3282
3289 17036 21:0 3311
3314 17054 21:0 3345
3348 17063 21:0 3350
3357 17065 21:0 3359
3366 17068 21:0 3386
3392 17086 21:0 3396
3402 17090 21:0 3404
3411 17093 21:0 3433
3436 17111 21:0 3467
3470 17120 21:0 3472
3479 17122 21:0 3481
3488 17125 21:0 3508
3514 17143 21:0 3518
3524 17147 21:0 3526
3533 17150 21:0 3555
3558 17168 21:0 3589
3592 17177 21:0 3594
3601 17179 21:0 3603
3610 17182 21:0 3630
3636 17200 21:0 3640
3646 17204 21:0 3648
3655 17207 21:0 3677
3680 17225 21:0 3711
3714 17234 21:0 3716
3723 17236 21:0 3725
3746 334 21:0 3764
3763 17262 21:0 3801
3800 3 21:0 3801
3800 17272 21:0 3801
3800 7 21:0 3801
3800 5 21:0 3801
3801 17271 21:0 3812
3811 17282 21:0 3812
3811 17267 21:0 3812
3811 17263 21:0 3817
3816 11 21:0 3817
3816 335 21:0 3817
3819 17286 21:0 3840
3839 17285 21:0 3888
3887 17295 21:0 3893
3892 17276 21:0 3893
3892 9 21:0 3893
3892 25 21:0 3893
3892 17305 21:0 3893
3892 23 21:0 3893
3892 17302 21:0 3893
3892 27 21:0 3893
3895 17318 21:0 3916
3915 17319 21:0 3964
3963 43 21:0 3964
3963 39 21:0 3964
3963 17338 21:0 3964
3963 45 21:0 3964
3963 41 21:0 3966
3966 17350 21:0 3974
3973 17309 21:0 3974
3973 17336 21:0 3974
3974 17353 21:0 4040
4039 17351 21:0 4045
4044 17352 21:0 4050
4049 61 21:0 4050
4050 17386 21:0 4116
4115 17403 21:0 4116
4115 21 21:0 4116
4115 75 21:0 4116
4115 57 21:0 4116
4115 59 21:0 4118
4117 17404 21:0 4118
4117 17371 21:0 4118
4118 17416 21:0 4126
4125 17418 21:0 4176
4175 17384 21:0 4192
4191 77 21:0 4192
4191 17437 21:0 4192
4191 95 21:0 4192
4191 79 21:0 4192
4191 97 21:0 4194
4194 17449 21:0 4202
4201 17451 21:0 4252
4251 17385 21:0 4268
4267 17417 21:0 4278
4277 17419 21:0 4328
4327 17452 21:0 4349
4348 17317 21:0 4354
4353 17515 21:0 4409
4408 17320 21:0 4425
4424 17287 21:0 4430
4429 17450 21:0 4485
4484 17483 21:0 4501
4500 17550 21:0 4506
4505 17284 21:0 4556
4555 17516 21:0 4572
4571 17517 21:0 4582
4581 17549 21:0 4632
4631 17485 21:0 4648
4647 17482 21:0 4658
4657 17484 21:0 4708
4707 17383 21:0 4724
4723 17548 21:0 4734
4733 17614 21:0 4784
4783 17581 21:0 4800
4799 17583 21:0 4810
4809 17551 21:0 4860
4859 17518 21:0 4876
4875 17582 21:0 4886
4878 17746 21:0 4878
4883 17747 21:0 4883
4883 17748 21:0 4883
4885 17584 21:0 4931
4886 17749 21:0 4886
4930 17616 21:0 4952
4951 17615 21:0 4962
4954 17779 21:0 4954
4959 17780 21:0 4959
4959 17781 21:0 4959
4961 17647 21:0 4980
4962 17782 21:0 4962
4979 17650 21:0 5028
5027 17649 21:0 5038
5030 17812 21:0 5030
5035 17814 21:0 5035
5035 17813 21:0 5035
5037 17617 21:0 5056
5038 17815 21:0 5038
5055 17648 21:0 5104
5103 321 1:0 5105
5103 17680 21:0 5114
5106 17845 21:0 5106
5108 319 1:0 5110
5113 17337 21:0 5114
5113 17394 21:0 5114
5113 329 1:0 5125
5113 17269 21:0 5129
5128 17503 21:0 5129
5128 93 21:0 5129
5128 17635 21:0 5129
5128 17833 21:0 5129
5128 353 21:0 5129
5128 17734 21:0 5129
5128 239 21:0 5129
5128 149 21:0 5129
5128 17668 21:0 5134
5133 17470 21:0 5134
5134 17858 21:0 5144
5143 16215 1:0 5145
5143 17683 21:0 5170
5169 16231 1:0 5171
5169 17681 21:0 5178
5177 17682 21:0 5181
5179 16235 1:0 5182
5180 17714 21:0 5190
5182 16238 1:0 5192
5182 16256 1:0 5219
5182 17833 1:0 5222
5182 353 1:0 5233
5182 16265 1:0 5254
5182 16267 1:0 5264
5182 16270 1:0 5274
5182 16288 1:0 5302
5182 16292 1:0 5313
5184 17845 1:0 5184
5185 16295 1:0 5323
5185 16313 1:0 5350
5189 17716 21:0 5218
5217 17713 21:0 5298
5297 17815 1:0 5297
5297 17715 21:0 5301
5300 16265 21:0 5301
5300 17602 21:0 5301
5300 16270 21:0 5301
5300 17569 21:0 5301
5300 16267 21:0 5301
5300 16215 21:0 5301
5300 185 21:0 5301
5300 17800 21:0 5304
5303 17701 21:0 5304
5304 17813 1:0 5304
5304 16288 21:0 5309
5305 17814 1:0 5305
5305 17800 1:0 5353
5305 16322 1:0 5385
5305 16324 1:0 5395
5305 16327 1:0 5405
5305 16345 1:0 5433
5305 16349 1:0 5444
5305 16352 1:0 5454
5305 16370 1:0 5481
5308 16235 21:0 5309
5308 16238 21:0 5309
5308 16231 21:0 5312
5311 319 21:0 5312
5311 321 21:0 5315
5314 17767 21:0 5315
5315 17812 1:0 5315
5315 16292 21:0 5318
5316 17767 1:0 5484
5316 16379 1:0 5516
5317 317 21:0 5318
5317 301 21:0 5321
5320 275 21:0 5321
5320 151 21:0 5321
5320 16256 21:0 5321
5320 329 21:0 5321
5322 275 1:0 5521
5322 16381 1:0 5526
5322 16384 1:0 5536
5322 16402 1:0 5564
5322 16406 1:0 5575
5322 16409 1:0 5585
5322 16441 1:0 5599
5322 16436 1:0 5599
5322 17734 1:0 5599
5322 16427 1:0 5599
5322 16438 1:0 5606
5322 17715 1:0 5606
5322 17716 1:0 5689
5322 16459 1:0 5695
5322 17714 1:0 5696
5322 16463 1:0 5706
5322 17713 1:0 5707
5322 16466 1:0 5716
5322 16484 1:0 5718
5322 239 1:0 5718
5322 17701 1:0 5730
5322 16493 1:0 5730
5322 16498 1:0 5730
5322 17682 1:0 5737
5322 16495 1:0 5737
5322 17683 1:0 5820
5322 16516 1:0 5826
5322 17681 1:0 5827
5322 16520 1:0 5837
5322 17680 1:0 5838
5322 16523 1:0 5847
5322 17668 1:0 5861
5322 16552 1:0 5861
5322 16541 1:0 5868
5322 16550 1:0 5868
5322 16555 1:0 5868
5322 17648 1:0 5868
5322 17650 1:0 5951
5322 16573 1:0 5957
5322 17649 1:0 5959
5325 16295 21:0 5349
5327 17647 1:0 5969
5342 16577 1:0 5968
5352 16313 21:0 5384
5355 17617 1:0 5999
5387 16322 21:0 5390
5397 16324 21:0 5400
5407 16327 21:0 5429
5428 17782 1:0 5428
5435 17780 1:0 5435
5435 16345 21:0 5440
5436 17781 1:0 5436
5437 16580 1:0 5978
5437 16609 1:0 5992
5437 17635 1:0 5992
5437 16598 1:0 5992
5437 16612 1:0 5992
5437 16607 1:0 5999
5438 17615 1:0 6082
5438 16630 1:0 6088
5438 17616 1:0 6090
5446 17779 1:0 5446
5446 16349 21:0 5449
5447 16634 1:0 6099
5447 17614 1:0 6100
5450 16655 1:0 6111
5450 185 1:0 6111
5450 17584 1:0 6130
5453 16637 1:0 6109
5453 16669 1:0 6123
5453 16666 1:0 6123
5453 17602 1:0 6123
5453 16664 1:0 6130
5456 16352 21:0 5480
5473 17582 1:0 6213
5483 16370 21:0 5515
5486 17583 1:0 6221
5518 16379 21:0 5521
5528 16381 21:0 5531
5538 16384 21:0 5560
5559 17749 1:0 5559
5566 17747 1:0 5566
5566 16402 21:0 5571
5567 17748 1:0 5567
5568 16687 1:0 6219
5569 16691 1:0 6230
5569 17581 1:0 6231
5569 16726 1:0 6261
5569 17551 1:0 6261
5569 16712 1:0 6261
5577 17746 1:0 5577
5577 16406 21:0 5580
5578 16694 1:0 6240
5578 17569 1:0 6243
5578 16723 1:0 6254
5578 16721 1:0 6261
5578 17549 1:0 6344
5581 17550 1:0 6352
5584 16744 1:0 6350
5587 16409 21:0 5611
5589 17548 1:0 6362
5604 16748 1:0 6361
5614 16427 21:0 5646
5617 151 1:0 6373
5617 16783 1:0 6385
5617 17518 1:0 6392
5649 16436 21:0 5652
5659 16438 21:0 5662
5669 16441 21:0 5691
5697 16459 21:0 5702
5699 16751 1:0 6371
5699 16769 1:0 6373
5699 149 1:0 6373
5699 16778 1:0 6385
5699 16780 1:0 6392
5700 17517 1:0 6475
5700 16801 1:0 6481
5700 17516 1:0 6482
5708 16463 21:0 5711
5709 16805 1:0 6492
5709 17515 1:0 6493
5712 17484 1:0 6523
5715 16808 1:0 6502
5715 17503 1:0 6505
5715 16826 1:0 6505
5715 16840 1:0 6505
5715 16835 1:0 6516
5715 16837 1:0 6523
5718 16466 21:0 5742
5720 17485 1:0 6606
5745 16484 21:0 5777
5748 17483 1:0 6613
5780 16493 21:0 5783
5790 16495 21:0 5793
5800 16498 21:0 5822
5828 16516 21:0 5833
5830 16858 1:0 6612
5831 16862 1:0 6623
5831 17482 1:0 6624
5831 16865 1:0 6633
5831 16883 1:0 6635
5831 16892 1:0 6647
5831 16897 1:0 6647
5831 17470 1:0 6647
5831 17450 1:0 6654
5831 16894 1:0 6654
5839 16520 21:0 5842
5840 17452 1:0 6737
5840 17451 1:0 6745
5843 16940 1:0 6744
5843 17111 1:0 6744
5843 17122 1:0 6744
5846 16915 1:0 6743
5846 17125 1:0 6744
5846 97 1:0 6748
5849 16523 21:0 5873
5851 17449 1:0 6755
5866 16997 1:0 6754
5866 16949 1:0 6757
5866 16954 1:0 6757
5867 16919 1:0 6754
5867 93 1:0 6757
5867 16951 1:0 6757
5867 17437 1:0 6757
5876 16541 21:0 5908
5911 16550 21:0 5914
5921 16552 21:0 5924
5931 16555 21:0 5953
5959 16573 21:0 5964
5961 16922 1:0 6764
5961 17207 1:0 6785
5961 95 1:0 6785
5961 17419 1:0 6785
5962 17417 1:0 6868
5970 16577 21:0 5973
5971 16972 1:0 6874
5971 17418 1:0 6876
5971 16976 1:0 6879
5971 23 1:0 6885
5971 17179 1:0 6885
5971 17063 1:0 6885
5971 17416 1:0 6886
5971 77 1:0 6888
5971 75 1:0 6888
5971 17011 1:0 6888
5971 16979 1:0 6888
5971 79 1:0 6888
5974 17008 1:0 6888
5974 17404 1:0 6888
5979 17385 1:0 6916
5980 16580 21:0 6004
5982 17394 1:0 6916
5997 17403 1:0 6916
5997 17006 1:0 6916
6007 16598 21:0 6039
6010 17386 1:0 6999
6042 16607 21:0 6045
6052 16609 21:0 6055
6062 16612 21:0 6084
6090 16630 21:0 6095
6092 17384 1:0 7006
6093 17029 1:0 7005
6093 17143 1:0 7010
6093 17033 1:0 7016
6093 17383 1:0 7017
6093 17054 1:0 7019
6093 59 1:0 7019
6101 16634 21:0 6104
6102 17068 1:0 7019
6102 17065 1:0 7019
6102 57 1:0 7019
6102 17371 1:0 7019
6102 17036 1:0 7026
6102 61 1:0 7047
6102 17086 1:0 7047
6102 17352 1:0 7047
6108 17353 1:0 7130
6111 16637 21:0 6135
6128 17351 1:0 7137
6129 17090 1:0 7141
6129 17269 1:0 7141
6138 16655 21:0 6170
6173 16664 21:0 6176
6183 16666 21:0 6186
6193 16669 21:0 6215
6221 16687 21:0 6226
6223 41 1:0 7147
6223 17350 1:0 7148
6223 45 1:0 7150
6223 17338 1:0 7150
6223 43 1:0 7150
6223 21 1:0 7150
6223 17093 1:0 7150
6223 39 1:0 7150
6224 17337 1:0 7178
6224 17320 1:0 7178
6224 17120 1:0 7178
6224 17336 1:0 7178
6232 16691 21:0 6235
6233 17319 1:0 7261
6233 17318 1:0 7268
6233 17147 1:0 7272
6236 17302 1:0 7272
6241 17317 1:0 7279
6242 16694 21:0 6266
6244 17309 1:0 7281
6244 17182 1:0 7281
6259 17168 1:0 7281
6259 17177 1:0 7281
6259 25 1:0 7281
6259 27 1:0 7281
6269 16712 21:0 6301
6272 17287 1:0 7309
6304 16721 21:0 6307
6314 16723 21:0 6317
6324 16726 21:0 6346
6352 16744 21:0 6357
6354 17150 1:0 7288
6354 17305 1:0 7309
6354 17295 1:0 7309
6355 17285 1:0 7392
6355 17286 1:0 7400
6355 11 1:0 7403
6363 16748 21:0 6366
6364 17200 1:0 7398
6364 17204 1:0 7409
6364 17284 1:0 7410
6364 335 1:0 7415
6364 3 1:0 7415
6367 9 1:0 7415
6367 17263 1:0 7415
6367 17225 1:0 7415
6370 17282 1:0 7420
6370 17276 1:0 7425
6370 17234 1:0 7428
6370 17272 1:0 7433
6370 17271 1:0 7440
6370 7 1:0 7440
6372 17267 1:0 7449
6373 16751 21:0 6397
6375 5 1:0 7486
6375 17236 1:0 7491
6375 17262 1:0 7494
6390 336 1:0 7521
6391 301 1:0 8807
6398 317 1:0 8873
6400 16769 21:0 6432
6403 321 1:0 8878
6435 16778 21:0 6438
6445 16780 21:0 6448
6455 16783 21:0 6477
6483 16801 21:0 6488
6494 16805 21:0 6497
6504 16808 21:0 6528
6531 16826 21:0 6563
6566 16835 21:0 6569
6576 16837 21:0 6579
6586 16840 21:0 6608
6614 16858 21:0 6619
6625 16862 21:0 6628
6635 16865 21:0 6659
6662 16883 21:0 6694
6697 16892 21:0 6700
6707 16894 21:0 6710
6717 16897 21:0 6739
6745 16915 21:0 6750
6756 16919 21:0 6759
6766 16922 21:0 6790
6793 16940 21:0 6825
6828 16949 21:0 6831
6838 16951 21:0 6841
6848 16954 21:0 6870
6876 16972 21:0 6881
6887 16976 21:0 6890
6897 16979 21:0 6921
6924 16997 21:0 6956
6959 17006 21:0 6962
6969 17008 21:0 6972
6979 17011 21:0 7001
7007 17029 21:0 7012
7018 17033 21:0 7021
7028 17036 21:0 7052
7055 17054 21:0 7087
7090 17063 21:0 7093
7100 17065 21:0 7103
7110 17068 21:0 7132
7138 17086 21:0 7143
7149 17090 21:0 7152
7159 17093 21:0 7183
7186 17111 21:0 7218
7221 17120 21:0 7224
7231 17122 21:0 7234
7241 17125 21:0 7263
7269 17143 21:0 7274
7280 17147 21:0 7283
7290 17150 21:0 7314
7317 17168 21:0 7349
7352 17177 21:0 7355
7362 17179 21:0 7365
7372 17182 21:0 7394
7400 17200 21:0 7405
7411 17204 21:0 7414
7421 17207 21:0 7445
7448 17225 21:0 7480
7483 17234 21:0 7486
7493 17236 21:0 7496
7519 335 21:0 7537
7537 5 21:0 7541
7541 18914 21:0 7574
7573 18921 21:0 7585
7584 9 21:0 7585
7584 7 21:0 7585
7584 18923 21:0 7585
7584 18933 21:0 7585
7584 18922 21:0 7585
7587 18935 21:0 7595
7594 18934 21:0 7595
7594 15 21:0 7595
7595 18938 21:0 7661
7660 27 21:0 7661
7660 18956 21:0 7661
7660 3 21:0 7661
7660 13 21:0 7661
7660 23 21:0 7661
7660 25 21:0 7663
7663 18968 21:0 7671
7670 18936 21:0 7726
7725 18954 21:0 7737
7736 43 21:0 7737
7736 18986 21:0 7737
7736 41 21:0 7737
7736 18973 21:0 7737
7736 18989 21:0 7737
7736 17239 21:0 7737
7736 39 21:0 7737
7736 21 21:0 7739
7739 19001 21:0 7747
7746 47 21:0 7747
7746 18999 21:0 7747
7746 45 21:0 7747
7747 19004 21:0 7813
7812 19003 21:0 7818
7817 18937 21:0 7823
7822 57 21:0 7823
7822 61 21:0 7823
7822 19022 21:0 7823
7822 59 21:0 7823
7823 19037 21:0 7889
7888 79 21:0 7889
7888 77 21:0 7889
7888 18993 21:0 7889
7888 19055 21:0 7889
7888 63 21:0 7889
7888 75 21:0 7889
7888 81 21:0 7889
7891 19067 21:0 7899
7898 19035 21:0 7921
7920 18970 21:0 7965
7964 19098 21:0 7970
7969 19083 21:0 7970
7969 99 21:0 7970
7969 95 21:0 7970
7969 93 21:0 7970
7969 19066 21:0 7970
7969 19088 21:0 7970
7969 97 21:0 7970
7972 19102 21:0 7989
7988 19034 21:0 8041
8040 19101 21:0 8046
8045 19111 21:0 8051
8050 113 21:0 8051
8050 19120 21:0 8051
8050 115 21:0 8051
8050 19116 21:0 8051
8050 19121 21:0 8051
8051 19136 21:0 8117
8116 19154 21:0 8117
8116 19087 21:0 8117
8116 117 21:0 8117
8116 131 21:0 8117
8116 135 21:0 8117
8116 133 21:0 8117
8119 19166 21:0 8127
8126 18969 21:0 8177
8176 19133 21:0 8193
8192 19100 21:0 8203
8202 19103 21:0 8225
8224 18971 21:0 8269
8268 19135 21:0 8279
8278 19069 21:0 8293
8292 19036 21:0 8345
8344 19169 21:0 8350
8349 19002 21:0 8369
8368 19068 21:0 8421
8420 19202 21:0 8426
8425 19070 21:0 8445
8444 19200 21:0 8497
8496 19201 21:0 8502
8501 19199 21:0 8521
8520 19168 21:0 8573
8572 19234 21:0 8578
8577 19134 21:0 8583
8582 19167 21:0 8649
8648 19233 21:0 8654
8651 19397 21:0 8651
8653 19235 21:0 8659
8656 19398 21:0 8656
8656 19399 21:0 8656
8658 19265 21:0 8725
8659 19400 21:0 8659
8724 19232 21:0 8730
8727 19430 21:0 8727
8729 19266 21:0 8735
8732 19431 21:0 8732
8732 19432 21:0 8732
8734 19267 21:0 8801
8735 19433 21:0 8735
8800 19268 21:0 8806
8803 19463 21:0 8803
8805 19300 21:0 8811
8808 19464 21:0 8808
8808 19465 21:0 8808
8810 19301 21:0 8877
8811 19466 21:0 8811
8876 19298 21:0 8882
8879 19496 21:0 8879
8881 319 1:0 8883
8881 19331 21:0 8887
8886 329 1:0 8898
8886 19299 21:0 8940
8916 16215 1:0 8918
8939 19332 21:0 8943
8942 16231 1:0 8944
8942 19333 21:0 8951
8949 16235 1:0 8955
8949 16238 1:0 8965
8949 16256 1:0 8992
8949 16265 1:0 9027
8949 16267 1:0 9037
8949 16270 1:0 9047
8950 19334 21:0 8960
8952 16288 1:0 9075
8952 16292 1:0 9086
8952 16295 1:0 9096
8952 16313 1:0 9123
8952 16322 1:0 9158
8952 16324 1:0 9168
8952 16327 1:0 9178
8957 19496 1:0 8957
8958 16345 1:0 9206
8958 16349 1:0 9217
8958 16352 1:0 9227
8958 16370 1:0 9254
8958 16379 1:0 9289
8958 16381 1:0 9299
8958 16384 1:0 9309
8958 16402 1:0 9337
8958 16406 1:0 9348
8959 19509 21:0 8960
8959 19367 21:0 8963
8962 19364 21:0 9045
9044 19365 21:0 9074
9070 19466 1:0 9070
9073 19366 21:0 9082
9077 19464 1:0 9077
9078 19465 1:0 9078
9081 103 21:0 9082
9081 19013 21:0 9085
9083 16409 1:0 9358
9083 16436 1:0 9372
9083 16427 1:0 9372
9083 16441 1:0 9372
9083 16438 1:0 9379
9083 19366 1:0 9379
9083 19367 1:0 9462
9083 16459 1:0 9468
9083 19365 1:0 9469
9083 16463 1:0 9479
9083 19364 1:0 9480
9083 16466 1:0 9489
9083 16484 1:0 9491
9083 16498 1:0 9491
9083 16495 1:0 9503
9083 19334 1:0 9510
9083 16493 1:0 9510
9083 19333 1:0 9593
9083 16516 1:0 9599
9083 19332 1:0 9600
9083 16520 1:0 9610
9083 19331 1:0 9611
9084 18955 21:0 9085
9084 19006 21:0 9085
9084 18980 21:0 9091
9086 16523 1:0 9620
9086 16541 1:0 9622
9086 16555 1:0 9622
9086 16552 1:0 9634
9086 16550 1:0 9641
9086 19299 1:0 9641
9088 19463 1:0 9088
9089 19301 1:0 9724
9089 19300 1:0 9732
9090 18918 21:0 9091
9090 18920 21:0 9091
9090 16292 21:0 9094
9092 16573 1:0 9730
9092 16726 1:0 9735
9092 75 1:0 9735
9092 17182 1:0 9735
9093 16288 21:0 9094
9093 16265 21:0 9094
9093 16270 21:0 9094
9093 16238 21:0 9094
9093 16267 21:0 9094
9095 16577 1:0 9741
9095 19298 1:0 9742
9095 16598 1:0 9744
9095 16609 1:0 9744
9095 16951 1:0 9744
9095 16612 1:0 9744
9095 93 1:0 9744
9098 16295 21:0 9122
9115 19268 1:0 9772
9116 16580 1:0 9751
9116 17090 1:0 9772
9116 16607 1:0 9772
9121 16235 21:0 9157
9156 16231 21:0 9173
9169 19267 1:0 9855
9172 319 21:0 9176
9175 321 21:0 9202
9201 19433 1:0 9201
9201 16256 21:0 9202
9201 16327 21:0 9202
9201 16322 21:0 9202
9201 16313 21:0 9202
9201 16324 21:0 9202
9201 16215 21:0 9202
9201 317 21:0 9202
9201 329 21:0 9205
9208 19431 1:0 9208
9208 16345 21:0 9213
9209 19432 1:0 9209
9210 16630 1:0 9861
9210 19266 1:0 9862
9210 16808 1:0 9866
9211 16634 1:0 9872
9211 19265 1:0 9873
9211 16664 1:0 9875
9211 16655 1:0 9875
9211 45 1:0 9875
9211 16669 1:0 9875
9211 16778 1:0 9875
9219 19430 1:0 9219
9219 16349 21:0 9222
9220 16637 1:0 9882
9220 16666 1:0 9903
9220 16748 1:0 9903
9220 19235 1:0 9903
9220 19233 1:0 9986
9226 16687 1:0 9992
9226 19234 1:0 9994
9228 17036 1:0 9997
9229 16352 21:0 9253
9254 19232 1:0 10004
9256 16370 21:0 9288
9259 16691 1:0 10003
9259 16712 1:0 10006
9259 17054 1:0 10006
9259 17006 1:0 10006
9291 16379 21:0 9294
9301 16381 21:0 9304
9311 16384 21:0 9333
9332 19400 1:0 9332
9339 19398 1:0 9339
9339 16402 21:0 9344
9340 19399 1:0 9340
9341 16783 1:0 10006
9341 16723 1:0 10006
9342 16694 1:0 10013
9342 16721 1:0 10034
9342 19201 1:0 10034
9342 16919 1:0 10034
9342 19202 1:0 10117
9350 19397 1:0 9350
9350 16406 21:0 9353
9351 16744 1:0 10123
9351 19200 1:0 10124
9351 18918 1:0 10128
9357 19199 1:0 10135
9357 115 1:0 10137
9357 17011 1:0 10137
9357 63 1:0 10137
9357 131 1:0 10137
9357 16751 1:0 10137
9357 16769 1:0 10137
9360 16409 21:0 9384
9378 16972 1:0 10165
9378 19167 1:0 10165
9387 16427 21:0 9419
9390 16780 1:0 10165
9390 17086 1:0 10165
9422 16436 21:0 9425
9432 16438 21:0 9435
9442 16441 21:0 9464
9470 16459 21:0 9475
9472 19169 1:0 10248
9473 16801 1:0 10254
9473 19168 1:0 10256
9473 16805 1:0 10259
9481 16463 21:0 9484
9482 133 1:0 10265
9482 16837 1:0 10265
9482 135 1:0 10265
9482 19166 1:0 10266
9482 19154 1:0 10268
9482 16840 1:0 10268
9482 16865 1:0 10268
9482 16826 1:0 10268
9482 19134 1:0 10296
9485 18980 1:0 10296
9488 16835 1:0 10296
9488 16862 1:0 10296
9491 16466 21:0 9515
9493 19136 1:0 10379
9518 16484 21:0 9550
9521 16858 1:0 10385
9521 19135 1:0 10387
9553 16493 21:0 9556
9563 16495 21:0 9566
9573 16498 21:0 9595
9601 16516 21:0 9606
9603 103 1:0 10390
9604 19133 1:0 10397
9604 16894 1:0 10399
9604 19121 1:0 10399
9604 16883 1:0 10399
9604 16897 1:0 10399
9604 117 1:0 10399
9604 113 1:0 10399
9604 19120 1:0 10399
9604 19103 1:0 10427
9612 16520 21:0 9615
9613 16892 1:0 10427
9613 19116 1:0 10427
9613 19111 1:0 10427
9613 19101 1:0 10510
9619 16915 1:0 10516
9619 19102 1:0 10518
9619 16922 1:0 10521
9622 16523 21:0 9646
9640 97 1:0 10527
9640 19100 1:0 10528
9640 99 1:0 10530
9649 16541 21:0 9681
9652 16940 1:0 10527
9652 95 1:0 10527
9652 16954 1:0 10527
9652 19087 1:0 10530
9652 19088 1:0 10530
9684 16550 21:0 9687
9694 16552 21:0 9697
9704 16555 21:0 9726
9732 16573 21:0 9737
9734 19070 1:0 10558
9735 19098 1:0 10538
9735 19083 1:0 10558
9735 16949 1:0 10558
9735 19068 1:0 10641
9743 16577 21:0 9746
9744 19069 1:0 10649
9744 18955 1:0 10652
9744 19066 1:0 10652
9747 17068 1:0 10658
9747 19067 1:0 10659
9750 77 1:0 10658
9750 79 1:0 10658
9750 16997 1:0 10658
9750 16976 1:0 10658
9750 19055 1:0 10661
9750 81 1:0 10661
9753 16580 21:0 9777
9770 19036 1:0 10689
9771 16979 1:0 10668
9771 17150 1:0 10689
9771 17008 1:0 10689
9780 16598 21:0 9812
9815 16607 21:0 9818
9825 16609 21:0 9828
9835 16612 21:0 9857
9863 16630 21:0 9868
9865 19037 1:0 10772
9866 17029 1:0 10778
9866 19035 1:0 10779
9866 18999 1:0 10783
9874 16634 21:0 9877
9875 59 1:0 10789
9875 61 1:0 10789
9875 57 1:0 10789
9875 17125 1:0 10789
9875 17065 1:0 10789
9875 17033 1:0 10789
9875 19034 1:0 10790
9875 19022 1:0 10792
9875 19002 1:0 10820
9875 19013 1:0 10820
9878 19006 1:0 10820
9878 17063 1:0 10820
9883 19004 1:0 10903
9884 16637 21:0 9908
9902 19003 1:0 10911
9911 16655 21:0 9943
9914 47 1:0 10914
9914 18973 1:0 10914
9946 16664 21:0 9949
9956 16666 21:0 9959
9966 16669 21:0 9988
9994 16687 21:0 9999
9996 17177 1:0 10920
9996 43 1:0 10920
9996 17120 1:0 10920
9996 41 1:0 10920
9996 19001 1:0 10921
9997 25 1:0 10920
9997 17093 1:0 10923
9997 17111 1:0 10923
9997 39 1:0 10923
9997 18989 1:0 10923
9997 18971 1:0 10951
9997 18986 1:0 10951
10005 16691 21:0 10008
10006 18993 1:0 10936
10006 17122 1:0 10951
10006 18969 1:0 11034
10009 18970 1:0 11042
10012 17143 1:0 11040
10012 17200 1:0 11045
10015 16694 21:0 10039
10032 18968 1:0 11052
10032 23 1:0 11054
10033 17147 1:0 11051
10033 17168 1:0 11054
10033 21 1:0 11054
10033 27 1:0 11054
10033 17179 1:0 11054
10042 16712 21:0 10074
10077 16721 21:0 10080
10087 16723 21:0 10090
10097 16726 21:0 10119
10125 16744 21:0 10130
10127 18956 1:0 11082
10127 18954 1:0 11082
10127 13 1:0 11082
10127 18937 1:0 11082
10128 18938 1:0 11165
10136 16748 21:0 10139
10137 18936 1:0 11172
10137 15 1:0 11176
10137 18934 1:0 11176
10137 17204 1:0 11182
10137 18935 1:0 11183
10140 17207 1:0 11188
10143 18920 1:0 11188
10143 9 1:0 11188
10143 18922 1:0 11213
10143 18921 1:0 11213
10145 18933 1:0 11193
10146 16751 21:0 10170
10148 18914 1:0 11248
10163 17225 1:0 11219
10163 18923 1:0 11222
10163 7 1:0 11250
10163 17234 1:0 11254
10163 5 1:0 11257
10163 17236 1:0 11264
10163 3 1:0 11267
10163 17239 1:0 11274
10164 337 1:0 11294
10171 317 1:0 12646
10173 16769 21:0 10205
10176 321 1:0 12651
10208 16778 21:0 10211
10218 16780 21:0 10221
10228 16783 21:0 10250
10256 16801 21:0 10261
10267 16805 21:0 10270
10277 16808 21:0 10301
10304 16826 21:0 10336
10339 16835 21:0 10342
10349 16837 21:0 10352
10359 16840 21:0 10381
10387 16858 21:0 10392
10398 16862 21:0 10401
10408 16865 21:0 10432
10435 16883 21:0 10467
10470 16892 21:0 10473
10480 16894 21:0 10483
10490 16897 21:0 10512
10518 16915 21:0 10523
10529 16919 21:0 10532
10539 16922 21:0 10563
10566 16940 21:0 10598
10601 16949 21:0 10604
10611 16951 21:0 10614
10621 16954 21:0 10643
10649 16972 21:0 10654
10660 16976 21:0 10663
10670 16979 21:0 10694
10697 16997 21:0 10729
10732 17006 21:0 10735
10742 17008 21:0 10745
10752 17011 21:0 10774
10780 17029 21:0 10785
10791 17033 21:0 10794
10801 17036 21:0 10825
10828 17054 21:0 10860
10863 17063 21:0 10866
10873 17065 21:0 10876
10883 17068 21:0 10905
10911 17086 21:0 10916
10922 17090 21:0 10925
10932 17093 21:0 10956
10959 17111 21:0 10991
10994 17120 21:0 10997
11004 17122 21:0 11007
11014 17125 21:0 11036
11042 17143 21:0 11047
11053 17147 21:0 11056
11063 17150 21:0 11087
11090 17168 21:0 11122
11125 17177 21:0 11128
11135 17179 21:0 11138
11145 17182 21:0 11167
11173 17200 21:0 11178
11184 17204 21:0 11187
11194 17207 21:0 11218
11221 17225 21:0 11253
11256 17234 21:0 11259
11266 17236 21:0 11269
11292 336 21:0 11310
11309 20564 21:0 11347
11346 20574 21:0 11347
11346 3 21:0 11347
11346 7 21:0 11347
11346 5 21:0 11347
11355 20584 21:0 11358
11357 20569 21:0 11358
11357 20565 21:0 11358
11360 20586 21:0 11365
11364 20571 21:0 11365
11364 11 21:0 11365
11364 20573 21:0 11365
11364 337 21:0 11365
11364 20585 21:0 11365
11364 15 21:0 11365
11365 20587 21:0 11386
11385 20589 21:0 11434
11433 20605 21:0 11439
11438 21 21:0 11439
11438 27 21:0 11439
11438 20617 21:0 11439
11438 23 21:0 11439
11438 20598 21:0 11439
11438 25 21:0 11439
11438 20607 21:0 11439
11441 20621 21:0 11462
11461 20588 21:0 11510
11509 33 21:0 11515
11514 43 21:0 11515
11514 39 21:0 11515
11514 20650 21:0 11515
11514 20640 21:0 11515
11514 41 21:0 11515
11514 20618 21:0 11515
11514 45 21:0 11515
11517 20654 21:0 11538
11537 20619 21:0 11586
11585 20683 21:0 11591
11590 20635 21:0 11591
11590 20657 21:0 11591
11590 63 21:0 11591
11590 57 21:0 11591
11590 61 21:0 11591
11590 20673 21:0 11591
11590 59 21:0 11591
11593 20687 21:0 11614
11613 20622 21:0 11662
11661 20671 21:0 11667
11666 20651 21:0 11667
11666 75 21:0 11667
11666 79 21:0 11667
11666 65 21:0 11667
11666 77 21:0 11667
11666 20706 21:0 11667
11666 9 21:0 11667
11669 20720 21:0 11690
11689 20718 21:0 11738
11737 20685 21:0 11743
11742 20739 21:0 11743
11742 97 21:0 11743
11745 20752 21:0 11762
11761 20653 21:0 11814
11813 20652 21:0 11819
11818 99 21:0 11819
11818 113 21:0 11819
11818 115 21:0 11821
11820 20772 21:0 11821
11821 20785 21:0 11838
11837 20753 21:0 11890
11889 20721 21:0 11895
11894 20751 21:0 11914
11913 20688 21:0 11966
11965 20786 21:0 11971
11970 20620 21:0 11990
11989 20719 21:0 12042
12041 20820 21:0 12052
12051 20754 21:0 12070
12069 20819 21:0 12118
12117 20817 21:0 12125
12124 20686 21:0 12142
12141 20784 21:0 12194
12193 20850 21:0 12199
12198 20884 21:0 12218
12217 20787 21:0 12270
12269 20885 21:0 12275
12274 20818 21:0 12294
12293 20852 21:0 12346
12345 20853 21:0 12351
12350 20886 21:0 12370
12369 20883 21:0 12422
12421 20655 21:0 12427
12424 21048 21:0 12424
12426 20851 21:0 12446
12429 21049 21:0 12429
12429 21050 21:0 12429
12432 21051 21:0 12432
12445 20917 21:0 12498
12497 20919 21:0 12503
12502 20918 21:0 12522
12505 21083 21:0 12505
12505 21082 21:0 12505
12508 21084 21:0 12508
12521 20916 21:0 12574
12573 20949 21:0 12579
12576 21114 21:0 12576
12578 20950 21:0 12584
12581 21115 21:0 12581
12583 20951 21:0 12650
12584 21117 21:0 12584
12649 20952 21:0 12655
12652 21147 21:0 12652
12654 319 1:0 12656
12654 20983 21:0 12660
12659 20838 21:0 12660
12659 21036 21:0 12660
12659 165 21:0 12660
12659 311 21:0 12663
12659 329 1:0 12671
12662 20904 21:0 12665
12664 17239 21:0 12675
12674 149 21:0 12675
12674 21069 21:0 12675
12674 295 21:0 12675
12674 239 21:0 12675
12674 277 21:0 12680
12679 353 21:0 12680
12680 21160 21:0 12690
12689 16215 1:0 12691
12689 20982 21:0 12716
12714 16231 1:0 12717
12715 20985 21:0 12724
12722 16235 1:0 12728
12722 16238 1:0 12738
12722 16256 1:0 12765
12722 353 1:0 12779
12722 16265 1:0 12800
12722 311 1:0 12805
12722 16267 1:0 12810
12722 16270 1:0 12820
12722 16288 1:0 12848
12722 16292 1:0 12859
12723 20984 21:0 12727
12725 16295 1:0 12869
12726 21016 21:0 12736
12730 21147 1:0 12730
12735 21018 21:0 12764
12763 21015 21:0 12844
12843 21117 1:0 12843
12843 21017 21:0 12847
12846 20611 21:0 12855
12850 21115 1:0 12850
12854 49 21:0 12855
12854 20670 21:0 12855
12854 20578 21:0 12858
12857 16256 21:0 12858
12857 16238 21:0 12858
12857 16265 21:0 12858
12857 16270 21:0 12858
12857 21102 21:0 12858
12857 16288 21:0 12858
12857 20871 21:0 12858
12857 16267 21:0 12858
12857 21003 21:0 12861
12859 16313 1:0 12896
12859 21102 1:0 12899
12859 295 1:0 12927
12859 16322 1:0 12931
12859 16324 1:0 12941
12859 16327 1:0 12951
12859 16345 1:0 12979
12859 16349 1:0 12990
12859 16352 1:0 13000
12859 16370 1:0 13027
12859 21069 1:0 13030
12859 277 1:0 13058
12859 16379 1:0 13062
12859 16381 1:0 13072
12859 16384 1:0 13082
12859 16402 1:0 13110
12859 16406 1:0 13121
12859 16409 1:0 13131
12859 21036 1:0 13134
12859 16441 1:0 13145
12859 16427 1:0 13145
12859 16436 1:0 13145
12859 16438 1:0 13152
12859 21017 1:0 13152
12859 21018 1:0 13235
12859 16459 1:0 13241
12859 21016 1:0 13242
12859 16463 1:0 13252
12859 21015 1:0 13253
12859 16466 1:0 13262
12859 16498 1:0 13265
12859 239 1:0 13265
12859 16484 1:0 13276
12859 20984 1:0 13283
12861 21114 1:0 12861
12861 16292 21:0 12864
12862 21003 1:0 13265
12862 16495 1:0 13276
12862 16493 1:0 13283
12862 20985 1:0 13366
12862 16516 1:0 13372
12862 20983 1:0 13373
12862 16520 1:0 13383
12862 20982 1:0 13384
12862 16523 1:0 13393
12862 16541 1:0 13407
12862 16552 1:0 13407
12862 16555 1:0 13407
12862 20952 1:0 13414
12862 16550 1:0 13414
12862 20951 1:0 13497
12862 16573 1:0 13503
12862 20950 1:0 13504
12863 16235 21:0 12864
12863 16231 21:0 12867
12865 20949 1:0 13515
12865 16609 1:0 13517
12865 16612 1:0 13517
12866 16215 21:0 12867
12866 321 21:0 12867
12866 329 21:0 12867
12866 205 21:0 12867
12866 319 21:0 12867
12866 111 21:0 12867
12866 133 21:0 12867
12868 16577 1:0 13514
12868 205 1:0 13517
12868 16598 1:0 13517
12868 16580 1:0 13524
12868 20918 1:0 13545
12870 16630 1:0 13545
12870 16607 1:0 13545
12871 16295 21:0 12895
12889 20919 1:0 13628
12894 317 21:0 12930
12929 301 21:0 12946
12942 20917 1:0 13635
12942 111 1:0 13639
12945 16313 21:0 12949
12948 16322 21:0 12949
12948 16324 21:0 12949
12953 16327 21:0 12975
12974 21084 1:0 12974
12981 21082 1:0 12981
12981 16345 21:0 12986
12982 21083 1:0 12982
12983 165 1:0 13639
12983 17090 1:0 13639
12984 133 1:0 13645
12984 16634 1:0 13645
12984 20916 1:0 13646
12984 16655 1:0 13648
12984 20904 1:0 13648
12984 16997 1:0 13648
12984 16666 1:0 13648
12984 16669 1:0 13648
12984 20886 1:0 13676
12992 16349 21:0 12995
12993 16637 1:0 13655
12993 20573 1:0 13676
12993 16664 1:0 13676
12993 20885 1:0 13759
12999 16687 1:0 13765
12999 20884 1:0 13766
12999 17147 1:0 13770
13002 16352 21:0 13026
13020 20883 1:0 13777
13020 16723 1:0 13779
13029 16370 21:0 13061
13032 16691 1:0 13776
13032 20871 1:0 13779
13032 149 1:0 13779
13032 17168 1:0 13779
13032 16712 1:0 13779
13032 16726 1:0 13779
13064 16379 21:0 13067
13074 16381 21:0 13077
13084 16384 21:0 13106
13105 21051 1:0 13105
13112 21049 1:0 13112
13112 16402 21:0 13117
13113 21050 1:0 13113
13114 20851 1:0 13807
13115 16694 1:0 13786
13115 16976 1:0 13807
13115 16721 1:0 13807
13115 20853 1:0 13890
13123 21048 1:0 13123
13123 16406 21:0 13126
13124 16744 1:0 13896
13124 20852 1:0 13898
13124 337 1:0 13901
13127 20850 1:0 13908
13127 16769 1:0 13910
13130 16748 1:0 13907
13130 16892 1:0 13910
13130 17054 1:0 13910
13130 16783 1:0 13910
13130 20838 1:0 13910
13130 16780 1:0 13910
13133 16409 21:0 13157
13150 20818 1:0 13938
13151 16751 1:0 13917
13151 16919 1:0 13938
13151 16778 1:0 13938
13160 16427 21:0 13192
13195 16436 21:0 13198
13205 16438 21:0 13208
13215 16441 21:0 13237
13243 16459 21:0 13248
13245 20820 1:0 14021
13246 16801 1:0 14027
13246 20819 1:0 14029
13246 11 1:0 14032
13254 16463 21:0 13257
13255 16805 1:0 14038
13255 20817 1:0 14039
13255 16835 1:0 14041
13255 97 1:0 14041
13255 16840 1:0 14041
13255 16826 1:0 14041
13255 16954 1:0 14041
13255 16808 1:0 14048
13255 20787 1:0 14069
13258 20571 1:0 14069
13258 16837 1:0 14069
13263 20786 1:0 14152
13264 16466 21:0 13288
13282 20785 1:0 14159
13291 16484 21:0 13323
13294 16858 1:0 14158
13294 20585 1:0 14163
13326 16493 21:0 13329
13336 16495 21:0 13339
13346 16498 21:0 13368
13374 16516 21:0 13379
13376 20784 1:0 14170
13377 16862 1:0 14169
13377 17068 1:0 14169
13377 16894 1:0 14172
13377 16897 1:0 14172
13377 16883 1:0 14172
13377 115 1:0 14172
13377 20772 1:0 14172
13377 16865 1:0 14179
13377 20754 1:0 14200
13385 16520 21:0 13388
13386 113 1:0 14200
13386 17150 1:0 14200
13386 20753 1:0 14283
13389 20752 1:0 14290
13392 16915 1:0 14289
13392 16972 1:0 14294
13395 16523 21:0 13419
13412 17006 1:0 14300
13412 20751 1:0 14301
13413 63 1:0 14300
13413 16949 1:0 14300
13413 20739 1:0 14303
13413 99 1:0 14303
13413 16940 1:0 14303
13413 17033 1:0 14303
13422 16541 21:0 13454
13457 16550 21:0 13460
13467 16552 21:0 13470
13477 16555 21:0 13499
13505 16573 21:0 13510
13507 20719 1:0 14331
13507 17036 1:0 14331
13508 16922 1:0 14310
13508 16951 1:0 14331
13508 20721 1:0 14414
13516 16577 21:0 13519
13517 20720 1:0 14422
13517 17086 1:0 14425
13517 17143 1:0 14425
13517 17008 1:0 14431
13517 17011 1:0 14431
13517 20718 1:0 14432
13517 75 1:0 14434
13517 77 1:0 14434
13520 16979 1:0 14434
13523 57 1:0 14431
13523 20706 1:0 14434
13526 16580 21:0 13550
13528 20686 1:0 14462
13543 20670 1:0 14462
13544 79 1:0 14462
13544 49 1:0 14462
13553 16598 21:0 13585
13588 16607 21:0 13591
13598 16609 21:0 13601
13608 16612 21:0 13630
13636 16630 21:0 13641
13638 20688 1:0 14545
13639 17029 1:0 14551
13639 20687 1:0 14553
13639 65 1:0 14556
13639 20685 1:0 14563
13639 61 1:0 14565
13639 17065 1:0 14565
13639 17063 1:0 14565
13639 27 1:0 14565
13647 16634 21:0 13650
13648 45 1:0 14565
13648 20671 1:0 14565
13648 59 1:0 14565
13648 17120 1:0 14565
13648 20683 1:0 14573
13648 20655 1:0 14593
13648 20657 1:0 14593
13648 20673 1:0 14593
13654 20653 1:0 14676
13657 16637 21:0 13681
13675 20654 1:0 14684
13675 20651 1:0 14687
13684 16655 21:0 13716
13687 20617 1:0 14687
13719 16664 21:0 13722
13729 16666 21:0 13732
13739 16669 21:0 13761
13767 16687 21:0 13772
13769 17122 1:0 14693
13769 20652 1:0 14694
13769 43 1:0 14696
13769 17125 1:0 14696
13770 17093 1:0 14696
13770 17111 1:0 14696
13770 39 1:0 14696
13770 20640 1:0 14696
13770 20650 1:0 14704
13770 20620 1:0 14724
13770 20635 1:0 14724
13770 41 1:0 14724
13778 16691 21:0 13781
13779 20622 1:0 14807
13779 20621 1:0 14815
13782 20618 1:0 14818
13785 33 1:0 14818
13788 16694 21:0 13812
13790 20619 1:0 14825
13790 17179 1:0 14827
13790 25 1:0 14827
13790 17182 1:0 14827
13805 21 1:0 14827
13806 20611 1:0 14827
13806 23 1:0 14827
13806 17177 1:0 14827
13815 16712 21:0 13847
13850 16721 21:0 13853
13860 16723 21:0 13863
13870 16726 21:0 13892
13898 16744 21:0 13903
13900 20588 1:0 14855
13900 20607 1:0 14855
13900 20605 1:0 14855
13900 20598 1:0 14855
13901 20589 1:0 14938
13901 20587 1:0 14945
13909 16748 21:0 13912
13910 17200 1:0 14944
13910 15 1:0 14949
13910 17204 1:0 14955
13910 20586 1:0 14956
13910 20565 1:0 14961
13910 3 1:0 14961
13913 20569 1:0 14961
13916 17207 1:0 14965
13916 20584 1:0 14966
13916 20578 1:0 14971
13916 20574 1:0 14989
13918 9 1:0 14988
13918 17225 1:0 14989
13918 7 1:0 14989
13918 17239 1:0 15047
13919 16751 21:0 13943
13921 17234 1:0 15027
13921 5 1:0 15032
13921 17236 1:0 15037
13921 20564 1:0 15040
13936 338 1:0 15067
13937 301 1:0 16353
13944 317 1:0 16419
13946 16769 21:0 13978
13981 16778 21:0 13984
13991 16780 21:0 13994
14001 16783 21:0 14023
14029 16801 21:0 14034
14040 16805 21:0 14043
14050 16808 21:0 14074
14077 16826 21:0 14109
14112 16835 21:0 14115
14122 16837 21:0 14125
14132 16840 21:0 14154
14160 16858 21:0 14165
14171 16862 21:0 14174
14181 16865 21:0 14205
14208 16883 21:0 14240
14243 16892 21:0 14246
14253 16894 21:0 14256
14263 16897 21:0 14285
14291 16915 21:0 14296
14302 16919 21:0 14305
14312 16922 21:0 14336
14339 16940 21:0 14371
14374 16949 21:0 14377
14384 16951 21:0 14387
14394 16954 21:0 14416
14422 16972 21:0 14427
14433 16976 21:0 14436
14443 16979 21:0 14467
14470 16997 21:0 14502
14505 17006 21:0 14508
14515 17008 21:0 14518
14525 17011 21:0 14547
14553 17029 21:0 14558
14564 17033 21:0 14567
14574 17036 21:0 14598
14601 17054 21:0 14633
14636 17063 21:0 14639
14646 17065 21:0 14649
14656 17068 21:0 14678
14684 17086 21:0 14689
14695 17090 21:0 14698
14705 17093 21:0 14729
14732 17111 21:0 14764
14767 17120 21:0 14770
14777 17122 21:0 14780
14787 17125 21:0 14809
14815 17143 21:0 14820
14826 17147 21:0 14829
14836 17150 21:0 14860
14863 17168 21:0 14895
14898 17177 21:0 14901
14908 17179 21:0 14911
14918 17182 21:0 14940
14946 17200 21:0 14951
14957 17204 21:0 14960
14967 17207 21:0 14991
14994 17225 21:0 15026
15029 17234 21:0 15032
15039 17236 21:0 15042
15065 337 21:0 15083
15083 5 21:0 15087
15087 22216 21:0 15120
15119 7 21:0 15120
15119 22225 21:0 15120
15119 3 21:0 15128
15128 22235 21:0 15131
15130 22222 21:0 15131
15130 22224 21:0 15131
15133 22237 21:0 15141
15140 15 21:0 15141
15140 22236 21:0 15141
15141 22240 21:0 15207
15191 22255 21:0 15191
15198 22242 21:0 15198
15206 9 21:0 15207
15206 22249 21:0 15207
15206 21 21:0 15207
15206 25 21:0 15207
15206 22258 21:0 15209
15209 22270 21:0 15217
15212 22269 21:0 15212
15216 22268 21:0 15217
15216 22229 21:0 15217
15216 23 21:0 15217
15217 22273 21:0 15283
15267 22289 21:0 15267
15282 22271 21:0 15288
15287 22291 21:0 15288
15287 41 21:0 15288
15287 45 21:0 15288
15287 27 21:0 15288
15287 43 21:0 15288
15290 22305 21:0 15311
15310 22304 21:0 15359
15343 22322 21:0 15343
15358 22303 21:0 15364
15363 22324 21:0 15366
15366 22337 21:0 15383
15382 22338 21:0 15435
15426 22341 21:0 15426
15434 22334 21:0 15435
15434 61 21:0 15435
15434 59 21:0 15437
15435 83 21:0 15435
15436 22357 21:0 15437
15437 22369 21:0 15445
15444 22370 21:0 15495
15494 22372 21:0 15511
15510 22388 21:0 15516
15511 101 21:0 15511
15515 95 21:0 15516
15515 97 21:0 15516
15515 22361 21:0 15516
15515 22262 21:0 15516
15515 57 21:0 15516
15515 81 21:0 15518
15516 105 21:0 15516
15518 22404 21:0 15535
15523 22394 21:0 15523
15534 22403 21:0 15587
15571 22421 21:0 15571
15584 22433 21:0 15584
15586 22336 21:0 15594
15593 22390 21:0 15594
15593 22423 21:0 15594
15594 22437 21:0 15615
15614 22371 21:0 15663
15647 22454 21:0 15647
15662 22438 21:0 15673
15672 22436 21:0 15691
15673 139 21:0 15673
15675 22460 21:0 15675
15684 22479 21:0 15684
15690 22435 21:0 15739
15723 22487 21:0 15723
15738 22238 21:0 15749
15748 22470 21:0 15767
15766 22239 21:0 15815
15814 22306 21:0 15820
15819 22468 21:0 15839
15836 22545 21:0 15836
15838 22272 21:0 15891
15875 22550 21:0 15875
15890 22471 21:0 15896
15895 22501 21:0 15915
15912 22578 21:0 15912
15914 22469 21:0 15967
15958 22572 21:0 15958
15966 22536 21:0 15972
15967 209 21:0 15967
15971 22502 21:0 15991
15977 211 21:0 15977
15990 22534 21:0 16043
15999 22612 21:0 15999
16034 22605 21:0 16034
16042 22537 21:0 16048
16047 22402 21:0 16067
16048 22632 21:0 16048
16064 22644 21:0 16064
16066 22503 21:0 16119
16075 22645 21:0 16075
16116 22664 21:0 16116
16118 22405 21:0 16124
16119 245 21:0 16119
16123 22504 21:0 16143
16140 22677 21:0 16140
16142 22339 21:0 16195
16151 22678 21:0 16151
16194 22535 21:0 16200
16197 22699 21:0 16197
16199 22567 21:0 16211
16202 22700 21:0 16202
16202 22701 21:0 16202
16205 22702 21:0 16205
16210 22600 21:0 16271
16227 22711 21:0 16227
16255 22717 21:0 16255
16270 22568 21:0 16276
16273 22732 21:0 16273
16275 22569 21:0 16281
16278 22733 21:0 16278
16278 22734 21:0 16278
16280 22570 21:0 16347
16281 283 21:0 16281
16281 22735 21:0 16281
16346 22601 21:0 16352
16349 22765 21:0 16349
16351 22602 21:0 16357
16354 22767 21:0 16354
16354 22766 21:0 16354
16356 22603 21:0 16423
16357 22768 21:0 16357
16379 22777 21:0 16379
16407 22784 21:0 16407
16422 321 1:0 16424
16422 22633 21:0 16428
16425 22798 21:0 16425
16427 319 1:0 16429
16427 22634 21:0 16433
16430 22799 21:0 16430
16430 22800 21:0 16430
16432 329 1:0 16444
16432 22635 21:0 16486
16433 22801 21:0 16433
16462 16215 1:0 16464
16485 22801 1:0 16485
16485 22636 21:0 16497
16488 16231 1:0 16490
16492 22799 1:0 16492
16493 22800 1:0 16493
16496 22811 21:0 16497
16496 22667 21:0 16500
16498 16235 1:0 16501
16499 22666 21:0 16506
16501 16238 1:0 16511
16501 16256 1:0 16538
16501 16265 1:0 16573
16501 16267 1:0 16583
16501 16270 1:0 16593
16501 16288 1:0 16621
16501 16292 1:0 16632
16503 22798 1:0 16503
16504 16295 1:0 16642
16504 16313 1:0 16669
16504 16322 1:0 16704
16504 16324 1:0 16714
16504 16327 1:0 16724
16504 16345 1:0 16752
16504 16349 1:0 16763
16504 16352 1:0 16773
16504 16370 1:0 16800
16504 16379 1:0 16835
16504 16381 1:0 16845
16504 16384 1:0 16855
16504 16402 1:0 16883
16504 16406 1:0 16894
16505 22669 21:0 16534
16533 22668 21:0 16617
16542 22784 1:0 16542
16568 22777 1:0 16568
16616 22768 1:0 16616
16616 22314 21:0 16617
16616 22380 21:0 16617
16616 22368 21:0 16620
16618 16409 1:0 16904
16618 16427 1:0 16906
16618 16441 1:0 16918
16618 16438 1:0 16918
16618 16436 1:0 16925
16618 22668 1:0 16925
16618 22669 1:0 17008
16618 16459 1:0 17014
16618 22667 1:0 17015
16618 16463 1:0 17025
16618 22666 1:0 17026
16618 16466 1:0 17035
16618 16484 1:0 17049
16618 16493 1:0 17049
16618 16498 1:0 17049
16618 16495 1:0 17056
16618 22636 1:0 17056
16619 22257 21:0 16620
16619 22256 21:0 16620
16619 16265 21:0 16620
16619 16270 21:0 16620
16619 16267 21:0 16620
16623 22766 1:0 16623
16623 16288 21:0 16628
16624 22767 1:0 16624
16625 22635 1:0 17139
16626 16516 1:0 17145
16626 22634 1:0 17146
16627 16235 21:0 16628
16627 16238 21:0 16628
16627 16231 21:0 16631
16629 16520 1:0 17156
16629 22633 1:0 17157
16630 319 21:0 16631
16630 321 21:0 16634
16634 22765 1:0 16634
16634 16292 21:0 16637
16635 16523 1:0 17166
16635 16555 1:0 17168
16635 16541 1:0 17168
16635 16552 1:0 17180
16635 16550 1:0 17187
16635 22603 1:0 17187
16635 22602 1:0 17270
16636 317 21:0 16637
16636 301 21:0 16640
16638 22601 1:0 17277
16639 16256 21:0 16640
16639 329 21:0 16640
16639 16215 21:0 16640
16641 16573 1:0 17276
16643 22600 1:0 17288
16644 16295 21:0 16668
16646 16577 1:0 17287
16671 16313 21:0 16703
16674 16580 1:0 17297
16674 22570 1:0 17318
16674 16612 1:0 17318
16706 16322 21:0 16709
16716 16324 21:0 16719
16726 16327 21:0 16748
16747 22735 1:0 16747
16749 283 1:0 16749
16754 22733 1:0 16754
16754 16345 21:0 16759
16755 22734 1:0 16755
16756 16609 1:0 17311
16756 16598 1:0 17318
16756 16607 1:0 17318
16757 22569 1:0 17401
16757 16630 1:0 17407
16757 22568 1:0 17408
16765 22732 1:0 16765
16765 16349 21:0 16768
16766 16634 1:0 17418
16766 22567 1:0 17419
16766 22535 1:0 17449
16769 16637 1:0 17428
16769 16666 1:0 17442
16769 16669 1:0 17442
16769 16655 1:0 17449
16769 16664 1:0 17449
16774 22537 1:0 17532
16775 16352 21:0 16799
16800 22536 1:0 17540
16802 16370 21:0 16834
16804 22717 1:0 16804
16805 16687 1:0 17538
16830 22711 1:0 16830
16837 16379 21:0 16840
16847 16381 21:0 16850
16857 16384 21:0 16879
16878 22702 1:0 16878
16885 22700 1:0 16885
16885 16402 21:0 16890
16886 22701 1:0 16886
16887 22534 1:0 17550
16888 16691 1:0 17549
16888 16694 1:0 17559
16888 16726 1:0 17561
16888 16712 1:0 17561
16888 16721 1:0 17573
16888 16723 1:0 17580
16888 22504 1:0 17580
16896 22699 1:0 16896
16896 16406 21:0 16899
16897 22503 1:0 17663
16897 16744 1:0 17669
16897 22502 1:0 17670
16903 22501 1:0 17681
16905 16748 1:0 17680
16906 16409 21:0 16930
16931 22469 1:0 17711
16933 16427 21:0 16965
16936 16751 1:0 17690
16936 16783 1:0 17692
16936 16769 1:0 17692
16936 16778 1:0 17704
16936 16780 1:0 17711
16961 22678 1:0 16961
16968 16436 21:0 16971
16978 16438 21:0 16981
16988 22677 1:0 16988
16988 16441 21:0 17010
17016 16459 21:0 17021
17018 22471 1:0 17794
17019 16801 1:0 17800
17019 22470 1:0 17802
17027 16463 21:0 17030
17028 16805 1:0 17811
17028 22468 1:0 17812
17028 16840 1:0 17823
17028 22436 1:0 17842
17031 245 1:0 17031
17031 16808 1:0 17821
17031 16837 1:0 17835
17031 16835 1:0 17842
17031 16826 1:0 17842
17036 22438 1:0 17925
17037 22664 1:0 17037
17037 16466 21:0 17061
17055 22437 1:0 17933
17064 16484 21:0 17096
17067 16858 1:0 17931
17067 16865 1:0 17936
17092 22645 1:0 17092
17099 16493 21:0 17102
17109 16495 21:0 17112
17119 22644 1:0 17119
17119 16498 21:0 17141
17147 16516 21:0 17152
17149 22435 1:0 17943
17150 17182 1:0 17942
17150 16862 1:0 17942
17150 16897 1:0 17942
17150 16892 1:0 17942
17150 16883 1:0 17942
17150 22423 1:0 17945
17150 16979 1:0 17973
17150 22405 1:0 17973
17151 22632 1:0 17151
17158 16520 21:0 17161
17159 17029 1:0 17973
17159 16894 1:0 17973
17159 22403 1:0 18056
17162 22404 1:0 18064
17165 16915 1:0 18062
17165 16922 1:0 18067
17168 16523 21:0 17192
17185 22402 1:0 18074
17185 97 1:0 18076
17186 16954 1:0 18073
17186 16919 1:0 18073
17186 16949 1:0 18073
17186 23 1:0 18073
17186 41 1:0 18073
17186 16940 1:0 18076
17186 22390 1:0 18076
17186 95 1:0 18076
17195 16541 21:0 17227
17223 22612 1:0 17223
17230 16550 21:0 17233
17240 16552 21:0 17243
17250 16555 21:0 17272
17255 22605 1:0 17255
17273 211 1:0 17273
17278 16573 21:0 17283
17280 22380 1:0 18104
17280 22371 1:0 18104
17281 16951 1:0 18104
17281 22388 1:0 18104
17281 22372 1:0 18187
17289 16577 21:0 17292
17290 16972 1:0 18193
17290 22370 1:0 18194
17290 22368 1:0 18198
17290 22369 1:0 18205
17290 16997 1:0 18207
17290 17063 1:0 18207
17290 81 1:0 18207
17293 209 1:0 17293
17293 17008 1:0 18204
17293 16976 1:0 18204
17293 22357 1:0 18207
17293 17011 1:0 18207
17298 22339 1:0 18235
17299 16580 21:0 17323
17301 17036 1:0 18235
17316 22361 1:0 18220
17317 17006 1:0 18235
17326 16598 21:0 17358
17361 16607 21:0 17364
17371 16609 21:0 17374
17381 22578 1:0 17381
17381 16612 21:0 17403
17386 22572 1:0 17386
17409 16630 21:0 17414
17411 22338 1:0 18318
17412 22337 1:0 18325
17412 17147 1:0 18329
17412 17150 1:0 18329
17412 22336 1:0 18336
17420 16634 21:0 17423
17421 17065 1:0 18335
17421 17033 1:0 18335
17421 59 1:0 18335
17421 57 1:0 18338
17421 17054 1:0 18338
17421 17068 1:0 18338
17421 22324 1:0 18338
17421 22334 1:0 18346
17421 22306 1:0 18366
17421 22314 1:0 18366
17421 61 1:0 18366
17427 22304 1:0 18449
17430 16637 21:0 17454
17448 22305 1:0 18457
17448 17090 1:0 18460
17457 16655 21:0 17489
17459 22550 1:0 17459
17460 17086 1:0 18455
17492 16664 21:0 17495
17502 16666 21:0 17505
17512 22545 1:0 17512
17512 16669 21:0 17534
17540 16687 21:0 17545
17542 17125 1:0 18466
17542 45 1:0 18466
17542 22303 1:0 18467
17542 17122 1:0 18469
17542 17111 1:0 18469
17542 43 1:0 18469
17543 22291 1:0 18469
17543 17093 1:0 18469
17543 17120 1:0 18497
17543 15 1:0 18497
17543 17143 1:0 18497
17543 22272 1:0 18497
17551 16691 21:0 17554
17552 22273 1:0 18580
17552 22271 1:0 18587
17555 22268 1:0 18591
17558 22257 1:0 18591
17561 16694 21:0 17585
17563 22270 1:0 18598
17578 27 1:0 18597
17578 17179 1:0 18600
17578 22262 1:0 18600
17579 17177 1:0 18597
17579 22258 1:0 18600
17579 21 1:0 18600
17579 17168 1:0 18600
17588 16712 21:0 17620
17623 16721 21:0 17626
17633 16723 21:0 17636
17643 16726 21:0 17665
17671 16744 21:0 17676
17673 22239 1:0 18628
17673 25 1:0 18628
17673 22249 1:0 18628
17673 22256 1:0 18628
17674 22240 1:0 18711
17674 22238 1:0 18718
17682 16748 21:0 17685
17683 17200 1:0 18717
17683 22236 1:0 18722
17683 17204 1:0 18728
17683 22237 1:0 18729
17683 9 1:0 18734
17686 22224 1:0 18734
17689 17207 1:0 18734
17689 22235 1:0 18739
17689 22229 1:0 18744
17691 22222 1:0 18759
17692 16751 21:0 17716
17694 17225 1:0 18765
17694 22225 1:0 18768
17694 3 1:0 18794
17694 22216 1:0 18794
17694 7 1:0 18796
17694 17234 1:0 18800
17694 5 1:0 18805
17694 17236 1:0 18810
17709 339 1:0 18840
17710 301 1:0 20126
17717 317 1:0 20192
17719 16769 21:0 17751
17721 22487 1:0 17721
17754 16778 21:0 17757
17764 16780 21:0 17767
17774 22479 1:0 17774
17774 16783 21:0 17796
17797 139 1:0 17797
17802 16801 21:0 17807
17813 16805 21:0 17816
17823 16808 21:0 17847
17828 22460 1:0 17828
17850 16826 21:0 17882
17852 22454 1:0 17852
17885 16835 21:0 17888
17895 16837 21:0 17898
17905 16840 21:0 17927
17933 16858 21:0 17938
17944 16862 21:0 17947
17954 22433 1:0 17954
17954 16865 21:0 17978
17981 16883 21:0 18013
17983 22421 1:0 17983
18016 16892 21:0 18019
18026 16894 21:0 18029
18036 16897 21:0 18058
18064 16915 21:0 18069
18070 105 1:0 18070
18075 16919 21:0 18078
18079 101 1:0 18079
18085 16922 21:0 18109
18090 22394 1:0 18090
18112 16940 21:0 18144
18147 16949 21:0 18150
18157 16951 21:0 18160
18167 16954 21:0 18189
18195 16972 21:0 18200
18206 16976 21:0 18209
18210 83 1:0 18210
18216 16979 21:0 18240
18243 16997 21:0 18275
18278 17006 21:0 18281
18288 17008 21:0 18291
18298 17011 21:0 18320
18303 22341 1:0 18303
18326 17029 21:0 18331
18337 17033 21:0 18340
18347 17036 21:0 18371
18374 17054 21:0 18406
18376 22322 1:0 18376
18409 17063 21:0 18412
18419 17065 21:0 18422
18429 17068 21:0 18451
18457 17086 21:0 18462
18468 17090 21:0 18471
18478 17093 21:0 18502
18505 17111 21:0 18537
18507 22289 1:0 18507
18540 17120 21:0 18543
18550 17122 21:0 18553
18560 17125 21:0 18582
18588 17143 21:0 18593
18592 22269 1:0 18592
18599 17147 21:0 18602
18609 17150 21:0 18633
18636 17168 21:0 18668
18638 22255 1:0 18638
18671 17177 21:0 18674
18681 17179 21:0 18684
18691 17182 21:0 18713
18696 22242 1:0 18696
18719 17200 21:0 18724
18730 17204 21:0 18733
18740 17207 21:0 18764
18767 17225 21:0 18799
18802 17234 21:0 18805
18812 17236 21:0 18815
18838 338 21:0 18856
18855 17239 21:0 18868
18867 5 21:0 18888
18887 7 21:0 18888
18887 3 21:0 18888
18888 23873 21:0 18904
18903 23876 21:0 18904
18903 9 21:0 18904
18903 23874 21:0 18904
18903 23866 21:0 18904
18904 11 21:0 18909
18908 23871 21:0 18909
18908 23867 21:0 18909
18911 23890 21:0 18932
18931 23888 21:0 18980
18979 25 21:0 18980
18979 27 21:0 18980
18979 23 21:0 18980
18979 21 21:0 18982
18981 23909 21:0 18982
18982 23921 21:0 18990
18989 23923 21:0 19045
19044 23924 21:0 19061
19060 39 21:0 19061
19060 23941 21:0 19061
19060 41 21:0 19061
19060 43 21:0 19061
19060 45 21:0 19061
19060 23933 21:0 19061
19060 23942 21:0 19061
19063 23955 21:0 19080
19079 23957 21:0 19132
19131 23975 21:0 19132
19131 61 21:0 19132
19131 59 21:0 19132
19131 63 21:0 19132
19131 57 21:0 19132
19134 23987 21:0 19142
19141 23889 21:0 19192
19191 23922 21:0 19208
19207 81 21:0 19208
19207 79 21:0 19208
19207 24008 21:0 19210
19210 24020 21:0 19218
19217 23956 21:0 19268
19267 24023 21:0 19284
19283 23990 21:0 19294
19293 24053 21:0 19316
19315 24056 21:0 19360
19359 24084 21:0 19365
19364 24018 21:0 19365
19364 24039 21:0 19365
19364 24074 21:0 19365
19364 95 21:0 19365
19364 93 21:0 19365
19364 115 21:0 19365
19364 113 21:0 19365
19364 97 21:0 19367
19366 24041 21:0 19367
19367 24087 21:0 19388
19387 24055 21:0 19436
19435 23954 21:0 19446
19445 24089 21:0 19464
19463 24119 21:0 19512
19511 111 21:0 19512
19511 77 21:0 19512
19511 151 21:0 19512
19511 147 21:0 19512
19511 131 21:0 19512
19511 24140 21:0 19512
19511 149 21:0 19514
19513 24107 21:0 19514
19514 24152 21:0 19522
19521 24086 21:0 19572
19571 24088 21:0 19588
19587 24022 21:0 19598
19597 24121 21:0 19620
19619 24054 21:0 19664
19663 24122 21:0 19674
19673 24120 21:0 19692
19691 23988 21:0 19740
19739 23989 21:0 19750
19749 24185 21:0 19768
19767 24155 21:0 19816
19815 24153 21:0 19826
19825 24154 21:0 19848
19847 23891 21:0 19892
19891 24188 21:0 19902
19901 24186 21:0 19920
19919 24187 21:0 19968
19967 24021 21:0 19978
19977 24220 21:0 19992
19978 24353 21:0 19978
19991 24218 21:0 20044
20043 24251 21:0 20049
20046 24383 21:0 20046
20048 24254 21:0 20068
20051 24385 21:0 20051
20051 24384 21:0 20051
20054 24386 21:0 20054
20067 24252 21:0 20120
20119 24221 21:0 20125
20122 24416 21:0 20122
20124 24253 21:0 20144
20127 24418 21:0 20127
20127 24417 21:0 20127
20130 24419 21:0 20130
20143 24219 21:0 20196
20195 321 1:0 20197
20195 24284 21:0 20201
20200 319 1:0 20202
20200 24285 21:0 20221
20205 329 1:0 20217
20220 24286 21:0 20259
20235 16215 1:0 20237
20258 24317 21:0 20270
20261 16231 1:0 20263
20269 24320 21:0 20273
20271 16235 1:0 20274
20272 24318 21:0 20279
20274 16238 1:0 20284
20274 16256 1:0 20311
20274 16265 1:0 20346
20274 16267 1:0 20356
20274 16270 1:0 20366
20274 16288 1:0 20394
20274 16292 1:0 20405
20277 16295 1:0 20415
20277 16313 1:0 20442
20277 16322 1:0 20477
20277 16324 1:0 20487
20277 16327 1:0 20497
20277 16345 1:0 20525
20277 16349 1:0 20536
20277 16352 1:0 20546
20277 16384 1:0 20548
20277 16370 1:0 20560
20277 16381 1:0 20560
20277 16379 1:0 20567
20278 24462 21:0 20282
20281 24319 21:0 20310
20309 24287 21:0 20390
20389 24419 1:0 20389
20389 24350 21:0 20393
20392 24352 21:0 20404
20396 24417 1:0 20396
20397 24418 1:0 20397
20403 24351 21:0 20410
20407 24416 1:0 20407
20409 23952 21:0 20410
20409 23926 21:0 20413
20411 24351 1:0 20650
20411 16402 1:0 20656
20411 24352 1:0 20658
20411 16406 1:0 20667
20411 24350 1:0 20668
20411 16409 1:0 20677
20411 16441 1:0 20680
20411 16438 1:0 20691
20411 16427 1:0 20698
20411 24319 1:0 20698
20411 16436 1:0 20698
20411 24320 1:0 20781
20411 16459 1:0 20787
20411 24318 1:0 20788
20411 16463 1:0 20798
20411 24317 1:0 20799
20411 16466 1:0 20808
20411 16484 1:0 20810
20411 16495 1:0 20822
20411 16498 1:0 20822
20411 16493 1:0 20829
20411 24287 1:0 20829
20411 24286 1:0 20912
20411 16516 1:0 20918
20411 24285 1:0 20919
20411 16520 1:0 20929
20411 24284 1:0 20930
20412 16292 21:0 20413
20412 16270 21:0 20413
20412 16267 21:0 20413
20412 23875 21:0 20413
20412 16256 21:0 20413
20412 16265 21:0 20417
20414 16523 1:0 20939
20414 16550 1:0 20953
20414 24253 1:0 20960
20414 16552 1:0 20960
20414 16541 1:0 20960
20414 16555 1:0 20960
20417 16295 21:0 20441
20419 24254 1:0 21043
20440 16288 21:0 20476
20447 16573 1:0 21049
20447 24252 1:0 21050
20475 16238 21:0 20492
20491 16235 21:0 20495
20493 24251 1:0 21061
20494 16231 21:0 20521
20496 16577 1:0 21060
20520 24386 1:0 20520
20520 321 21:0 20521
20520 319 21:0 20521
20520 317 21:0 20524
20523 16322 21:0 20524
20523 16313 21:0 20524
20523 16324 21:0 20524
20523 301 21:0 20524
20523 133 21:0 20524
20523 16327 21:0 20524
20523 329 21:0 20524
20523 16215 21:0 20524
20527 24384 1:0 20527
20527 16345 21:0 20532
20528 24385 1:0 20528
20529 16580 1:0 21070
20529 16612 1:0 21084
20529 16598 1:0 21084
20529 16607 1:0 21084
20529 16609 1:0 21091
20529 24219 1:0 21091
20530 24221 1:0 21174
20530 24220 1:0 21182
20538 24383 1:0 20538
20538 16349 21:0 20541
20539 16630 1:0 21180
20539 16634 1:0 21191
20539 24218 1:0 21192
20545 16637 1:0 21201
20545 16655 1:0 21203
20545 16666 1:0 21215
20545 16669 1:0 21215
20545 16664 1:0 21222
20545 24187 1:0 21222
20548 16352 21:0 20572
20565 24188 1:0 21305
20575 16370 21:0 20607
20610 16379 21:0 20613
20620 16381 21:0 20623
20630 16384 21:0 20652
20651 24353 1:0 20651
20658 16402 21:0 20663
20660 16687 1:0 21311
20660 24186 1:0 21312
20661 16691 1:0 21322
20661 24185 1:0 21323
20661 16712 1:0 21346
20661 24154 1:0 21353
20669 16406 21:0 20672
20670 16694 1:0 21332
20670 16723 1:0 21346
20670 16726 1:0 21346
20670 16721 1:0 21353
20670 24155 1:0 21436
20673 24153 1:0 21443
20676 16744 1:0 21442
20679 16409 21:0 20703
20681 24152 1:0 21454
20696 16748 1:0 21453
20706 16427 21:0 20738
20741 16436 21:0 20744
20751 16438 21:0 20754
20761 16441 21:0 20783
20789 16459 21:0 20794
20791 16751 1:0 21463
20791 16778 1:0 21465
20791 16783 1:0 21465
20791 149 1:0 21465
20791 16769 1:0 21465
20791 147 1:0 21465
20791 16780 1:0 21477
20791 24140 1:0 21477
20791 24120 1:0 21484
20791 151 1:0 21484
20792 24122 1:0 21567
20792 24121 1:0 21575
20800 16463 21:0 20803
20801 16801 1:0 21573
20801 16805 1:0 21584
20801 24119 1:0 21585
20807 16808 1:0 21594
20807 133 1:0 21596
20807 16835 1:0 21596
20807 16840 1:0 21596
20807 16897 1:0 21596
20807 131 1:0 21608
20807 24107 1:0 21608
20807 16826 1:0 21615
20807 16837 1:0 21615
20807 24088 1:0 21615
20810 16466 21:0 20834
20828 24089 1:0 21698
20837 16484 21:0 20869
20872 16493 21:0 20875
20882 16495 21:0 20885
20892 16498 21:0 20914
20920 16516 21:0 20925
20922 16858 1:0 21704
20922 24087 1:0 21705
20922 16862 1:0 21709
20923 16883 1:0 21715
20923 111 1:0 21715
20923 16894 1:0 21715
20923 24086 1:0 21716
20923 24074 1:0 21718
20923 115 1:0 21718
20923 16865 1:0 21718
20923 113 1:0 21718
20931 16520 21:0 20934
20932 24084 1:0 21726
20932 24054 1:0 21746
20932 16915 1:0 21746
20932 16892 1:0 21746
20932 24056 1:0 21829
20938 24055 1:0 21837
20940 16922 1:0 21840
20941 16523 21:0 20965
20959 24053 1:0 21847
20968 16541 21:0 21000
20971 16919 1:0 21846
21003 16550 21:0 21006
21013 16552 21:0 21016
21023 16555 21:0 21045
21051 16573 21:0 21056
21053 16954 1:0 21858
21053 16949 1:0 21858
21053 16940 1:0 21858
21053 16951 1:0 21858
21053 93 1:0 21870
21053 24021 1:0 21877
21054 97 1:0 21870
21054 24041 1:0 21870
21054 95 1:0 21877
21054 24039 1:0 21877
21054 24023 1:0 21960
21062 16577 21:0 21065
21063 16972 1:0 21966
21063 24022 1:0 21968
21063 16979 1:0 21971
21063 24020 1:0 21978
21066 39 1:0 21980
21069 16976 1:0 21977
21069 45 1:0 21980
21069 17006 1:0 21980
21069 17011 1:0 21980
21072 16580 21:0 21096
21074 81 1:0 22001
21074 23989 1:0 22008
21089 77 1:0 21989
21089 61 1:0 21989
21089 17068 1:0 21989
21089 16997 1:0 22001
21090 24018 1:0 21988
21090 17008 1:0 22001
21090 24008 1:0 22001
21090 79 1:0 22008
21099 16598 21:0 21131
21134 16607 21:0 21137
21144 16609 21:0 21147
21154 16612 21:0 21176
21182 16630 21:0 21187
21184 23990 1:0 22091
21185 17029 1:0 22097
21185 23988 1:0 22098
21185 17036 1:0 22102
21193 16634 21:0 21196
21194 17063 1:0 22108
21194 17033 1:0 22108
21194 59 1:0 22108
21194 57 1:0 22108
21194 23987 1:0 22109
21194 23975 1:0 22111
21194 17054 1:0 22111
21194 63 1:0 22111
21194 23956 1:0 22139
21194 17086 1:0 22139
21194 17090 1:0 22139
21194 17065 1:0 22139
21200 23957 1:0 22222
21203 16637 21:0 21227
21221 23955 1:0 22229
21228 17093 1:0 22233
21230 16655 21:0 21262
21233 23926 1:0 22233
21265 16664 21:0 21268
21275 16666 21:0 21278
21285 16669 21:0 21307
21313 16687 21:0 21318
21315 23954 1:0 22240
21315 17122 1:0 22242
21315 41 1:0 22242
21315 17111 1:0 22242
21315 43 1:0 22242
21315 17120 1:0 22242
21316 23952 1:0 22242
21316 17125 1:0 22242
21316 23922 1:0 22270
21316 23941 1:0 22270
21324 16691 21:0 21327
21325 23933 1:0 22270
21325 23942 1:0 22270
21325 23924 1:0 22353
21328 23923 1:0 22361
21331 17143 1:0 22359
21334 16694 21:0 21358
21336 23921 1:0 22371
21351 17147 1:0 22370
21351 17168 1:0 22373
21361 16712 21:0 21393
21364 23 1:0 22382
21364 23891 1:0 22401
21396 16721 21:0 21399
21406 16723 21:0 21409
21416 16726 21:0 21438
21444 16744 21:0 21449
21446 17150 1:0 22380
21446 21 1:0 22382
21446 17182 1:0 22382
21446 17177 1:0 22382
21446 23909 1:0 22394
21446 17179 1:0 22394
21446 27 1:0 22394
21446 25 1:0 22401
21446 17239 1:0 22593
21447 23889 1:0 22484
21447 23890 1:0 22492
21447 17204 1:0 22495
21455 16748 21:0 21458
21456 17200 1:0 22490
21456 23888 1:0 22502
21456 23875 1:0 22504
21456 11 1:0 22506
21456 3 1:0 22507
21456 9 1:0 22507
21456 17225 1:0 22507
21459 23871 1:0 22507
21462 17207 1:0 22511
21462 17234 1:0 22520
21462 23876 1:0 22525
21462 23874 1:0 22532
21462 23867 1:0 22532
21462 7 1:0 22532
21464 23873 1:0 22541
21465 16751 21:0 21489
21467 5 1:0 22578
21467 17236 1:0 22583
21467 23866 1:0 22586
21482 340 1:0 22613
21483 301 1:0 23899
21490 317 1:0 23965
21492 16769 21:0 21524
21527 16778 21:0 21530
21537 16780 21:0 21540
21547 16783 21:0 21569
21575 16801 21:0 21580
21586 16805 21:0 21589
21596 16808 21:0 21620
21623 16826 21:0 21655
21658 16835 21:0 21661
21668 16837 21:0 21671
21678 16840 21:0 21700
21706 16858 21:0 21711
21717 16862 21:0 21720
21727 16865 21:0 21751
21754 16883 21:0 21786
21789 16892 21:0 21792
21799 16894 21:0 21802
21809 16897 21:0 21831
21837 16915 21:0 21842
21848 16919 21:0 21851
21858 16922 21:0 21882
21885 16940 21:0 21917
21920 16949 21:0 21923
21930 16951 21:0 21933
21940 16954 21:0 21962
21968 16972 21:0 21973
21979 16976 21:0 21982
21989 16979 21:0 22013
22016 16997 21:0 22048
22051 17006 21:0 22054
22061 17008 21:0 22064
22071 17011 21:0 22093
22099 17029 21:0 22104
22110 17033 21:0 22113
22120 17036 21:0 22144
22147 17054 21:0 22179
22182 17063 21:0 22185
22192 17065 21:0 22195
22202 17068 21:0 22224
22230 17086 21:0 22235
22241 17090 21:0 22244
22251 17093 21:0 22275
22278 17111 21:0 22310
22313 17120 21:0 22316
22323 17122 21:0 22326
22333 17125 21:0 22355
22361 17143 21:0 22366
22372 17147 21:0 22375
22382 17150 21:0 22406
22409 17168 21:0 22441
22444 17177 21:0 22447
22454 17179 21:0 22457
22464 17182 21:0 22486
22492 17200 21:0 22497
22503 17204 21:0 22506
22513 17207 21:0 22537
22540 17225 21:0 22572
22575 17234 21:0 22578
22585 17236 21:0 22588
22611 339 21:0 22629
22628 17239 21:0 22644
22643 3 21:0 22661
22660 7 21:0 22661
22660 5 21:0 22661
22661 25525 21:0 22677
22676 25522 21:0 22677
22676 25537 21:0 22677
22676 25524 21:0 22682
22681 340 21:0 22682
22681 25527 21:0 22682
22681 9 21:0 22682
22681 25517 21:0 22682
22684 25540 21:0 22705
22704 25541 21:0 22753
22752 21 21:0 22753
22752 25560 21:0 22753
22752 27 21:0 22753
22752 23 21:0 22753
22752 25 21:0 22753
22755 25572 21:0 22763
22762 25531 21:0 22763
22762 25557 21:0 22763
22763 25575 21:0 22829
22828 25593 21:0 22829
22828 41 21:0 22829
22828 25591 21:0 22829
22828 45 21:0 22829
22828 39 21:0 22829
22828 43 21:0 22831
22831 25605 21:0 22839
22838 25607 21:0 22894
22893 25573 21:0 22910
22909 25542 21:0 22915
22914 25626 21:0 22915
22914 59 21:0 22915
22914 47 21:0 22915
22914 61 21:0 22915
22914 25623 21:0 22915
22915 25641 21:0 22981
22980 25638 21:0 22986
22985 25649 21:0 22986
22985 63 21:0 22988
22987 25659 21:0 22988
22988 25672 21:0 23005
23004 25673 21:0 23057
23056 25692 21:0 23057
23056 95 21:0 23057
23056 25630 21:0 23057
23056 79 21:0 23059
23059 25704 21:0 23067
23066 25671 21:0 23117
23116 25674 21:0 23133
23132 25705 21:0 23143
23142 25640 21:0 23193
23192 25639 21:0 23211
23210 25739 21:0 23219
23218 25740 21:0 23274
23273 25574 21:0 23290
23289 25770 21:0 23295
23294 25608 21:0 23345
23344 25606 21:0 23361
23360 25707 21:0 23371
23370 25706 21:0 23393
23392 25737 21:0 23437
23436 25738 21:0 23447
23446 25771 21:0 23465
23464 25539 21:0 23513
23512 25804 21:0 23523
23522 25805 21:0 23541
23540 25773 21:0 23589
23588 25836 21:0 23599
23598 25772 21:0 23621
23620 25803 21:0 23665
23664 25839 21:0 23675
23674 25837 21:0 23693
23692 25806 21:0 23741
23740 25870 21:0 23748
23743 26001 21:0 23743
23747 25872 21:0 23765
23748 26002 21:0 23748
23748 26003 21:0 23748
23751 26004 21:0 23751
23764 25869 21:0 23817
23816 25838 21:0 23822
23819 26034 21:0 23819
23821 25871 21:0 23841
23824 26036 21:0 23824
23824 26035 21:0 23824
23827 26037 21:0 23827
23840 25902 21:0 23893
23892 25903 21:0 23898
23895 26067 21:0 23895
23897 25905 21:0 23917
23900 26068 21:0 23900
23900 26069 21:0 23900
23903 26070 21:0 23903
23916 25904 21:0 23969
23968 321 1:0 23970
23968 25935 21:0 23974
23971 26100 21:0 23971
23973 319 1:0 23975
23973 25936 21:0 23994
23978 329 1:0 23990
23993 25937 21:0 24032
24008 16215 1:0 24010
24031 25938 21:0 24043
24034 16231 1:0 24036
24042 25968 21:0 24046
24044 16235 1:0 24047
24045 25969 21:0 24052
24047 16238 1:0 24057
24047 16256 1:0 24084
24047 16265 1:0 24119
24047 16267 1:0 24129
24047 16270 1:0 24139
24047 16288 1:0 24167
24047 16292 1:0 24178
24049 26100 1:0 24049
24050 16295 1:0 24188
24050 16313 1:0 24215
24050 16322 1:0 24250
24050 16324 1:0 24260
24050 16327 1:0 24270
24050 16345 1:0 24298
24050 16349 1:0 24309
24050 16352 1:0 24319
24050 16370 1:0 24346
24050 16379 1:0 24381
24050 16381 1:0 24391
24050 16384 1:0 24401
24050 16402 1:0 24429
24050 16406 1:0 24440
24051 25970 21:0 24083
24082 25971 21:0 24163
24162 26070 1:0 24162
24162 15 21:0 24163
24162 26113 21:0 24163
24162 25526 21:0 24166
24164 16409 1:0 24450
24164 16438 1:0 24464
24164 16427 1:0 24464
24164 16441 1:0 24471
24164 16436 1:0 24471
24164 25971 1:0 24471
24164 25970 1:0 24554
24164 16459 1:0 24560
24164 25969 1:0 24561
24164 16463 1:0 24571
24164 25968 1:0 24572
24164 16466 1:0 24581
24164 16484 1:0 24595
24164 16498 1:0 24595
24164 16495 1:0 24595
24164 16493 1:0 24602
24164 25938 1:0 24602
24165 315 21:0 24166
24165 16270 21:0 24166
24165 16256 21:0 24166
24165 16265 21:0 24166
24165 311 21:0 24166
24165 16238 21:0 24166
24165 16215 21:0 24166
24165 329 21:0 24166
24165 16267 21:0 24166
24165 313 21:0 24166
24169 26068 1:0 24169
24169 16288 21:0 24174
24170 26069 1:0 24170
24171 25937 1:0 24685
24172 16516 1:0 24691
24172 25936 1:0 24692
24173 319 21:0 24174
24173 321 21:0 24174
24173 16235 21:0 24177
24175 25935 1:0 24703
24176 317 21:0 24177
24176 16231 21:0 24180
24178 16520 1:0 24702
24180 26067 1:0 24180
24180 16292 21:0 24183
24181 16523 1:0 24712
24181 16552 1:0 24726
24181 16555 1:0 24726
24181 16550 1:0 24733
24181 16541 1:0 24733
24181 25904 1:0 24733
24181 25905 1:0 24816
24187 16573 1:0 24822
24187 25903 1:0 24823
24190 16295 21:0 24214
24208 16577 1:0 24833
24208 25902 1:0 24834
24217 16313 21:0 24249
24252 16322 21:0 24255
24262 16324 21:0 24265
24272 16327 21:0 24294
24293 26037 1:0 24293
24300 26035 1:0 24300
24300 16345 21:0 24305
24301 26036 1:0 24301
24302 16580 1:0 24843
24302 16609 1:0 24857
24302 16598 1:0 24857
24302 25871 1:0 24864
24302 16607 1:0 24864
24302 16612 1:0 24864
24303 25872 1:0 24947
24311 26034 1:0 24311
24311 16349 21:0 24314
24312 16630 1:0 24953
24312 25870 1:0 24954
24312 16634 1:0 24964
24312 25869 1:0 24965
24318 16655 1:0 24977
24318 25838 1:0 24995
24318 16669 1:0 24995
24320 16637 1:0 24974
24320 16664 1:0 24988
24320 16666 1:0 24995
24321 16352 21:0 24345
24339 25839 1:0 25078
24348 16370 21:0 24380
24383 16379 21:0 24386
24393 16381 21:0 24396
24403 16384 21:0 24425
24424 26004 1:0 24424
24431 26002 1:0 24431
24431 16402 21:0 24436
24432 26003 1:0 24432
24433 16687 1:0 25084
24433 25837 1:0 25085
24434 16691 1:0 25095
24434 25836 1:0 25096
24442 26001 1:0 24442
24442 16406 21:0 24445
24443 16694 1:0 25105
24443 16726 1:0 25107
24443 16712 1:0 25119
24443 16721 1:0 25119
24443 25806 1:0 25126
24443 16723 1:0 25126
24443 25805 1:0 25209
24449 16744 1:0 25215
24449 25804 1:0 25216
24452 16409 21:0 24476
24470 16748 1:0 25226
24470 25803 1:0 25227
24479 16427 21:0 24511
24514 16436 21:0 24517
24524 16438 21:0 24527
24534 16441 21:0 24556
24562 16459 21:0 24567
24564 16751 1:0 25236
24564 16769 1:0 25239
24564 16778 1:0 25250
24564 16783 1:0 25250
24564 25772 1:0 25257
24564 16780 1:0 25257
24565 25773 1:0 25340
24573 16463 21:0 24576
24574 16801 1:0 25346
24574 25771 1:0 25347
24574 16805 1:0 25357
24574 25770 1:0 25358
24580 16808 1:0 25367
24580 16826 1:0 25381
24580 16835 1:0 25381
24580 25738 1:0 25388
24580 16840 1:0 25388
24580 16837 1:0 25388
24583 16466 21:0 24607
24601 25740 1:0 25471
24610 16484 21:0 24642
24645 16493 21:0 24648
24655 16495 21:0 24658
24665 16498 21:0 24687
24693 16516 21:0 24698
24695 16858 1:0 25477
24695 25739 1:0 25479
24696 16862 1:0 25488
24696 25737 1:0 25489
24704 16520 21:0 24707
24705 16865 1:0 25498
24705 16894 1:0 25512
24705 16892 1:0 25519
24705 16897 1:0 25519
24705 16883 1:0 25519
24705 25706 1:0 25519
24705 25707 1:0 25602
24711 16915 1:0 25608
24711 25705 1:0 25609
24714 16523 21:0 24738
24731 25704 1:0 25620
24732 16940 1:0 25619
24732 95 1:0 25619
24732 16919 1:0 25619
24732 25692 1:0 25622
24732 16951 1:0 25622
24732 16954 1:0 25622
24741 16541 21:0 24773
24776 16550 21:0 24779
24786 16552 21:0 24789
24796 16555 21:0 24818
24824 16573 21:0 24829
24826 16922 1:0 25629
24826 16972 1:0 25650
24826 25674 1:0 25650
24827 16949 1:0 25650
24827 25673 1:0 25733
24835 16577 21:0 24838
24836 17182 1:0 25740
24836 25672 1:0 25740
24836 16979 1:0 25744
24836 17068 1:0 25744
24836 17008 1:0 25744
24836 16976 1:0 25750
24836 25671 1:0 25751
24836 17006 1:0 25753
24836 39 1:0 25753
24839 16997 1:0 25753
24839 79 1:0 25753
24839 17011 1:0 25753
24844 25639 1:0 25781
24845 16580 21:0 24869
24847 17029 1:0 25781
24862 25659 1:0 25781
24862 25649 1:0 25781
24872 16598 21:0 24904
24875 25641 1:0 25864
24907 16607 21:0 24910
24917 16609 21:0 24920
24927 16612 21:0 24949
24955 16630 21:0 24960
24957 25640 1:0 25872
24958 17033 1:0 25875
24958 17086 1:0 25875
24958 25638 1:0 25882
24958 17065 1:0 25884
24958 17054 1:0 25884
24958 17063 1:0 25884
24958 59 1:0 25884
24958 61 1:0 25884
24966 16634 21:0 24969
24967 43 1:0 25884
24967 25 1:0 25884
24967 63 1:0 25884
24967 17036 1:0 25884
24967 25630 1:0 25897
24967 25623 1:0 25912
24967 25626 1:0 25912
24967 25606 1:0 25912
24973 25608 1:0 25995
24976 16637 21:0 25000
24993 25607 1:0 26003
24994 17090 1:0 26006
24994 17093 1:0 26006
25003 16655 21:0 25035
25038 16664 21:0 25041
25048 16666 21:0 25051
25058 16669 21:0 25080
25086 16687 21:0 25091
25088 45 1:0 26012
25088 17122 1:0 26012
25088 25605 1:0 26013
25088 17125 1:0 26015
25088 47 1:0 26015
25088 41 1:0 26015
25088 25593 1:0 26015
25088 17111 1:0 26015
25089 17120 1:0 26043
25089 25591 1:0 26043
25089 17143 1:0 26043
25089 25574 1:0 26043
25097 16691 21:0 25100
25098 25575 1:0 26126
25098 25573 1:0 26133
25101 17150 1:0 26137
25104 17200 1:0 26137
25107 16694 21:0 25131
25109 27 1:0 26143
25109 17168 1:0 26143
25109 25572 1:0 26144
25109 17177 1:0 26146
25124 23 1:0 26143
25124 17147 1:0 26143
25124 25560 1:0 26146
25124 21 1:0 26146
25134 16712 21:0 25166
25169 16721 21:0 25172
25179 16723 21:0 25182
25189 16726 21:0 25211
25217 16744 21:0 25222
25219 25557 1:0 26174
25219 17179 1:0 26174
25219 25526 1:0 26174
25219 25542 1:0 26174
25220 25541 1:0 26257
25220 25540 1:0 26264
25228 16748 21:0 25231
25229 15 1:0 26268
25229 17207 1:0 26268
25229 17204 1:0 26274
25229 25539 1:0 26275
25229 340 1:0 26280
25229 9 1:0 26280
25232 25524 1:0 26280
25232 7 1:0 26280
25232 17225 1:0 26280
25235 25537 1:0 26285
25235 25527 1:0 26287
25235 25531 1:0 26290
25235 5 1:0 26298
25235 25522 1:0 26305
25237 17234 1:0 26305
25238 16751 21:0 25262
25240 25525 1:0 26314
25255 17236 1:0 26356
25255 3 1:0 26359
25255 25517 1:0 26359
25256 17239 1:0 26366
25256 341 1:0 26386
25256 16292 1:0 27669
25265 16769 21:0 25297
25268 16231 1:0 27669
25268 319 1:0 27674
25300 16778 21:0 25303
25310 16780 21:0 25313
25320 16783 21:0 25342
25348 16801 21:0 25353
25350 317 1:0 27674
25350 16235 1:0 27674
25350 311 1:0 27676
25359 16805 21:0 25362
25369 16808 21:0 25393
25396 16826 21:0 25428
25431 16835 21:0 25434
25441 16837 21:0 25444
25451 16840 21:0 25473
25479 16858 21:0 25484
25490 16862 21:0 25493
25500 16865 21:0 25524
25527 16883 21:0 25559
25562 16892 21:0 25565
25572 16894 21:0 25575
25582 16897 21:0 25604
25610 16915 21:0 25615
25621 16919 21:0 25624
25631 16922 21:0 25655
25658 16940 21:0 25690
25693 16949 21:0 25696
25703 16951 21:0 25706
25713 16954 21:0 25735
25741 16972 21:0 25746
25752 16976 21:0 25755
25762 16979 21:0 25786
25789 16997 21:0 25821
25824 17006 21:0 25827
25834 17008 21:0 25837
25844 17011 21:0 25866
25872 17029 21:0 25877
25883 17033 21:0 25886
25893 17036 21:0 25917
25920 17054 21:0 25952
25955 17063 21:0 25958
25965 17065 21:0 25968
25975 17068 21:0 25997
26003 17086 21:0 26008
26014 17090 21:0 26017
26024 17093 21:0 26048
26051 17111 21:0 26083
26086 17120 21:0 26089
26096 17122 21:0 26099
26106 17125 21:0 26128
26134 17143 21:0 26139
26145 17147 21:0 26148
26155 17150 21:0 26179
26182 17168 21:0 26214
26217 17177 21:0 26220
26227 17179 21:0 26230
26237 17182 21:0 26259
26265 17200 21:0 26270
26276 17204 21:0 26279
26286 17207 21:0 26310
26313 17225 21:0 26345
26348 17234 21:0 26351
26358 17236 21:0 26361
26384 340 21:0 26402
26401 27168 21:0 26439
26438 17239 21:0 26439
26438 3 21:0 26439
26438 5 21:0 26447
26446 27178 21:0 26447
26447 27188 21:0 26450
26449 27176 21:0 26450
26449 27177 21:0 26450
26452 27190 21:0 26460
26459 27191 21:0 26515
26514 27193 21:0 26531
26530 27 21:0 26531
26530 9 21:0 26531
26530 27210 21:0 26531
26530 27182 21:0 26531
26530 25 21:0 26531
26530 21 21:0 26531
26530 7 21:0 26533
26532 27211 21:0 26533
26533 27225 21:0 26554
26553 27226 21:0 26602
26601 27222 21:0 26607
26606 43 21:0 26607
26606 27244 21:0 26607
26606 39 21:0 26607
26606 45 21:0 26607
26606 27221 21:0 26607
26606 31 21:0 26607
26606 23 21:0 26607
26606 41 21:0 26607
26609 27258 21:0 26630
26629 27259 21:0 26678
26677 27256 21:0 26685
26684 27277 21:0 26685
26685 27290 21:0 26702
26701 27223 21:0 26754
26753 27224 21:0 26759
26758 75 21:0 26759
26758 79 21:0 26759
26758 27310 21:0 26759
26758 61 21:0 26759
26758 77 21:0 26761
26761 27323 21:0 26778
26777 27322 21:0 26830
26829 27309 21:0 26830
26829 97 21:0 26832
26831 27343 21:0 26832
26832 27355 21:0 26840
26839 27327 21:0 26840
26839 81 21:0 26840
26839 27314 21:0 26840
26839 59 21:0 26840
26839 95 21:0 26840
26840 27358 21:0 26906
26905 115 21:0 26906
26905 113 21:0 26906
26905 27376 21:0 26906
26905 27374 21:0 26906
26905 111 21:0 26906
26905 99 21:0 26906
26908 27388 21:0 26916
26915 27389 21:0 26966
26965 27357 21:0 26987
26986 27289 21:0 26992
26989 27423 21:0 26989
26991 27390 21:0 27047
27046 27433 21:0 27058
27057 147 21:0 27058
27057 57 21:0 27058
27057 135 21:0 27058
27057 27400 21:0 27058
27057 27366 21:0 27058
27057 27409 21:0 27058
27057 133 21:0 27060
27059 27442 21:0 27060
27060 27454 21:0 27068
27067 27291 21:0 27118
27117 27424 21:0 27134
27133 27391 21:0 27144
27136 27487 21:0 27136
27143 27325 21:0 27166
27165 27324 21:0 27210
27209 27292 21:0 27220
27217 27522 21:0 27217
27219 27422 21:0 27238
27237 27257 21:0 27286
27285 27192 21:0 27296
27293 27555 21:0 27293
27295 27457 21:0 27314
27296 27556 21:0 27296
27313 27520 21:0 27362
27361 27521 21:0 27372
27369 27587 21:0 27369
27369 27588 21:0 27369
27371 27523 21:0 27394
27372 27589 21:0 27372
27393 27456 21:0 27438
27437 27455 21:0 27448
27440 27619 21:0 27440
27445 27620 21:0 27445
27445 27621 21:0 27445
27447 27421 21:0 27466
27448 27622 21:0 27448
27465 27489 21:0 27514
27513 27553 21:0 27524
27516 27652 21:0 27516
27521 27654 21:0 27521
27521 27653 21:0 27521
27523 27490 21:0 27538
27524 27655 21:0 27524
27537 27488 21:0 27590
27589 27586 21:0 27595
27592 27685 21:0 27592
27594 27195 21:0 27600
27597 27686 21:0 27597
27599 27687 21:0 27650
27600 27688 21:0 27600
27649 27554 21:0 27666
27665 27356 21:0 27676
27668 27718 21:0 27668
27673 27719 21:0 27673
27673 27720 21:0 27673
27675 16402 1:0 27676
27675 189 21:0 27676
27675 321 1:0 27676
27675 151 21:0 27676
27675 93 21:0 27676
27675 117 21:0 27676
27675 153 21:0 27676
27675 207 21:0 27676
27675 63 21:0 27676
27675 259 21:0 27676
27675 167 21:0 27676
27675 131 21:0 27676
27675 187 21:0 27676
27675 255 21:0 27676
27675 241 21:0 27676
27675 27475 21:0 27676
27675 149 21:0 27676
27675 205 21:0 27676
27675 201 21:0 27676
27675 257 21:0 27676
27675 223 21:0 27678
27675 16288 1:0 27688
27676 27721 21:0 27676
27677 313 1:0 27688
27677 169 21:0 27690
27689 185 21:0 27690
27689 27541 21:0 27690
27689 27508 21:0 27690
27689 225 21:0 27690
27689 221 21:0 27690
27689 239 21:0 27690
27689 275 21:0 27690
27689 203 21:0 27690
27689 277 21:0 27690
27689 165 21:0 27694
27689 16345 1:0 27724
27693 27640 21:0 27694
27693 27607 21:0 27694
27693 27574 21:0 27694
27693 27673 21:0 27694
27693 171 21:0 27698
27696 315 1:0 27724
27697 219 21:0 27726
27725 243 21:0 27726
27725 237 21:0 27731
27725 17200 1:0 27740
27730 183 21:0 27731
27730 129 21:0 27731
27730 293 21:0 27733
27732 279 21:0 27742
27741 315 21:0 27742
27741 261 21:0 27742
27741 273 21:0 27742
27741 309 21:0 27742
27741 27739 21:0 27742
27741 311 21:0 27742
27741 313 21:0 27742
27741 353 21:0 27742
27741 27706 21:0 27742
27741 297 21:0 27742
27741 291 21:0 27742
27741 295 21:0 27742
27741 27356 1:0 27750
27746 16349 1:0 27750
27746 329 1:0 27750
27746 16295 1:0 27750
27751 27554 1:0 27813
27772 27764 21:0 27782
27781 16215 1:0 27783
27782 329 21:0 27802
27801 16215 21:0 27815
27814 27687 1:0 27824
27817 16238 1:0 27824
27817 16751 1:0 27824
27825 27586 1:0 27833
27828 16270 1:0 27833
27828 309 1:0 27833
27828 315 1:0 27833
27828 16463 1:0 27833
27834 12927 1:0 27836
27834 16858 1:0 27836
27834 16256 1:0 27836
27834 12934 1:0 27836
27834 16915 1:0 27836
27837 12937 1:0 27864
27837 12939 1:0 27864
27837 12938 1:0 27864
27862 12928 1:0 27864
27862 12933 1:0 27864
27862 16265 1:0 27864
27862 311 1:0 27864
27862 27739 1:0 27864
27862 313 1:0 27864
27862 353 1:0 27864
27865 12940 1:0 27905
27888 353 21:0 27898
27900 16267 1:0 27905
27900 12932 1:0 27905
27900 12931 1:0 27905
27906 12936 1:0 27918
27916 12929 1:0 27918
27916 12930 1:0 27918
27919 12935 1:0 27984
27961 12930 21:0 27986
27985 12929 21:0 27993
27994 12935 21:0 28036
28035 27721 1:0 28035
28035 12936 21:0 28036
28035 12940 21:0 28036
28035 16459 1:0 28037
28035 16352 1:0 28037
28035 16327 1:0 28037
28035 291 1:0 28037
28035 297 1:0 28037
28035 12937 21:0 28039
28038 12939 21:0 28039
28038 12938 21:0 28039
28038 12933 21:0 28044
28038 27488 1:0 28048
28042 27719 1:0 28042
28043 27720 1:0 28043
28043 12928 21:0 28047
28046 319 21:0 28047
28046 321 21:0 28047
28046 12927 21:0 28047
28046 12934 21:0 28047
28046 16406 1:0 28048
28046 16862 1:0 28048
28046 317 21:0 28050
28049 313 21:0 28050
28049 12931 21:0 28050
28049 315 21:0 28050
28049 12932 21:0 28050
28049 309 21:0 28050
28049 311 21:0 28050
28049 27490 1:0 28057
28053 27718 1:0 28053
28055 13080 1:0 28057
28055 16409 1:0 28057
28055 16313 1:0 28057
28055 13081 1:0 28057
28058 13085 1:0 28085
28058 13083 1:0 28085
28058 13082 1:0 28085
28083 16322 1:0 28085
28083 27706 1:0 28085
28083 293 1:0 28085
28083 13075 1:0 28085
28083 13074 1:0 28085
28083 295 1:0 28085
28083 353 1:0 28085
28086 13084 1:0 28126
28109 353 21:0 28119
28121 13077 1:0 28126
28121 13076 1:0 28126
28121 16324 1:0 28126
28127 13087 1:0 28139
28137 13079 1:0 28139
28137 13078 1:0 28139
28140 13086 1:0 28225
28172 13075 21:0 28224
28210 261 1:0 28255
28223 13078 21:0 28231
28235 13086 21:0 28257
28256 27688 1:0 28256
28256 13087 21:0 28257
28256 16370 1:0 28258
28256 16865 1:0 28258
28256 279 1:0 28258
28256 16979 1:0 28258
28256 273 1:0 28258
28256 13084 21:0 28260
28259 13082 21:0 28260
28259 13085 21:0 28260
28259 13083 21:0 28265
28259 27553 1:0 28269
28263 27686 1:0 28263
28264 13074 21:0 28268
28267 13080 21:0 28268
28267 13081 21:0 28268
28267 301 21:0 28268
28267 303 21:0 28268
28267 17147 1:0 28269
28267 16630 1:0 28269
28267 299 21:0 28271
28270 13076 21:0 28271
28270 13077 21:0 28271
28270 13079 21:0 28271
28270 297 21:0 28271
28270 293 21:0 28271
28270 291 21:0 28271
28270 295 21:0 28271
28270 27489 1:0 28278
28274 27685 1:0 28274
28275 16384 1:0 28278
28275 16580 1:0 28278
28275 13228 1:0 28278
28275 13227 1:0 28278
28275 13232 1:0 28306
28275 13231 1:0 28306
28278 13233 1:0 28306
28281 291 1:0 1363
28281 293 1:0 1367
28281 295 1:0 1371
28281 297 1:0 1401
28281 299 1:0 1415
28281 16381 1:0 28306
28281 13222 1:0 28306
28281 13221 1:0 28306
28281 27640 1:0 28527
28281 27508 1:0 29411
28281 27409 1:0 30074
28283 303 1:0 1420
28286 301 1:0 1425
28301 353 1:0 28306
28301 277 1:0 28306
28301 27673 1:0 28306
28301 275 1:0 28306
28301 16379 1:0 28344
28301 13223 1:0 28347
28301 13226 1:0 28347
28301 129 1:0 28476
28301 255 1:0 28479
28302 13234 1:0 28347
28314 13230 1:0 28360
28314 13224 1:0 28360
28314 13225 1:0 28360
28314 13229 1:0 28426
28355 17029 1:0 28479
28355 183 1:0 28479
28355 259 1:0 28527
28368 16427 1:0 28479
28368 17150 1:0 28479
28385 27421 1:0 28490
28403 13224 21:0 28428
28427 13225 21:0 28435
28434 17033 1:0 28490
28436 13229 21:0 28478
28444 16466 1:0 28490
28477 27655 1:0 28477
28477 13230 21:0 28478
28477 13234 21:0 28478
28477 13232 21:0 28481
28480 13233 21:0 28481
28480 13231 21:0 28481
28480 13222 21:0 28486
28484 27653 1:0 28484
28485 27654 1:0 28485
28485 13221 21:0 28489
28486 27455 1:0 28499
28486 16441 1:0 28499
28487 13374 1:0 28499
28487 13375 1:0 28499
28487 17207 1:0 28499
28487 16436 1:0 28527
28487 13368 1:0 28527
28487 13369 1:0 28527
28487 13377 1:0 28527
28487 13378 1:0 28527
28487 13376 1:0 28527
28487 257 1:0 28527
28487 13379 1:0 28568
28487 13372 1:0 28568
28487 13370 1:0 28568
28487 16438 1:0 28568
28487 237 1:0 28697
28487 16498 1:0 28700
28487 13522 1:0 28720
28487 16493 1:0 28748
28488 13228 21:0 28489
28488 13223 21:0 28489
28488 13226 21:0 28489
28488 13227 21:0 28489
28495 27652 1:0 28495
28496 13373 1:0 28581
28496 13371 1:0 28581
28496 13380 1:0 28581
28496 13381 1:0 28668
28496 16972 1:0 28700
28496 27176 1:0 28700
28496 219 1:0 28700
28496 243 1:0 28700
28496 27607 1:0 28748
28496 239 1:0 28748
28496 241 1:0 28748
28502 27456 1:0 28711
28502 16523 1:0 28711
28502 16919 1:0 28711
28523 27523 1:0 28720
28523 16484 1:0 28720
28535 16516 1:0 28720
28535 13516 1:0 28720
28535 13521 1:0 28748
28535 13520 1:0 28789
28535 16495 1:0 28789
28535 16550 1:0 28969
28535 27574 1:0 28969
28576 13528 1:0 28748
28576 13524 1:0 28748
28589 13526 1:0 28748
28589 13515 1:0 28748
28604 13525 1:0 28789
28604 13518 1:0 28789
28605 13517 1:0 28802
28605 13519 1:0 28802
28605 13527 1:0 28802
28605 171 1:0 28918
28606 13523 1:0 28868
28614 13369 21:0 28666
28655 17204 1:0 28921
28655 16541 1:0 28921
28665 13373 21:0 28673
28665 13668 1:0 28941
28665 223 1:0 28969
28674 13381 21:0 28699
28698 27622 1:0 28698
28698 13380 21:0 28699
28698 13379 21:0 28702
28701 13377 21:0 28702
28701 13378 21:0 28702
28701 13376 21:0 28706
28705 27620 1:0 28705
28705 13368 21:0 28710
28706 27621 1:0 28706
28707 165 1:0 28921
28707 27177 1:0 28921
28707 225 1:0 28921
28707 13669 1:0 28941
28707 221 1:0 28969
28707 13664 1:0 29010
28707 16552 1:0 29010
28708 16801 1:0 28932
28708 27521 1:0 28932
28708 16520 1:0 28932
28708 27520 1:0 28941
28709 13375 21:0 28710
28709 13371 21:0 28710
28709 13374 21:0 28710
28709 13372 21:0 28710
28709 13370 21:0 28710
28716 27619 1:0 28716
28717 16805 1:0 28941
28717 16555 1:0 28941
28717 13673 1:0 28969
28717 13663 1:0 28969
28717 13662 1:0 28969
28717 13675 1:0 28969
28717 13671 1:0 28969
28717 13670 1:0 29010
28717 13665 1:0 29010
28717 13672 1:0 29023
28717 13667 1:0 29023
28717 13666 1:0 29023
28717 13674 1:0 29109
28723 201 1:0 29139
28723 16573 1:0 29142
28723 16691 1:0 29142
28723 16598 1:0 29142
28723 207 1:0 29142
28723 153 1:0 29142
28744 27457 1:0 29153
28756 16922 1:0 29153
28756 16577 1:0 29153
28825 27192 1:0 29162
28826 16808 1:0 29162
28826 16612 1:0 29162
28826 13810 1:0 29162
28826 13816 1:0 29162
28827 13819 1:0 29190
28858 13519 21:0 28871
28870 13517 21:0 28877
28876 13822 1:0 29190
28878 13523 21:0 28920
28878 16609 1:0 29190
28878 27541 1:0 29190
28886 13818 1:0 29190
28919 27589 1:0 28919
28919 13525 21:0 28920
28919 13527 21:0 28920
28919 13526 21:0 28923
28922 13528 21:0 28923
28922 13524 21:0 28923
28922 13521 21:0 28928
28926 27587 1:0 28926
28927 27588 1:0 28927
28927 13515 21:0 28931
28928 13815 1:0 29190
28928 203 1:0 29190
28928 13809 1:0 29190
28928 205 1:0 29190
28928 16607 1:0 29228
28928 13821 1:0 29231
28928 13813 1:0 29231
28928 13812 1:0 29231
28928 13817 1:0 29244
28928 13814 1:0 29244
28928 13811 1:0 29244
28928 13820 1:0 29321
28928 187 1:0 29411
28929 117 1:0 29360
28929 17036 1:0 29363
28929 93 1:0 29363
28929 16669 1:0 29363
28929 189 1:0 29363
28929 17090 1:0 29363
28929 27257 1:0 29374
28929 185 1:0 29411
28929 16666 1:0 29411
28930 13518 21:0 28931
28930 13520 21:0 28931
28930 13516 21:0 28931
28930 13522 21:0 28931
28938 17143 1:0 29374
28938 16634 1:0 29374
28938 16655 1:0 29383
28938 27422 1:0 29383
28938 16637 1:0 29383
28938 13956 1:0 29383
28938 13962 1:0 29383
28938 13963 1:0 29411
28944 13969 1:0 29411
28944 13966 1:0 29411
28944 13964 1:0 29411
28946 13957 1:0 29411
28946 16664 1:0 29449
28946 13958 1:0 29452
28946 13961 1:0 29452
28946 16940 1:0 29581
28946 27475 1:0 29632
28946 16723 1:0 29632
28949 13968 1:0 29452
28964 13965 1:0 29465
28964 13960 1:0 29465
28964 13959 1:0 29465
28965 13967 1:0 29542
28977 16712 1:0 29584
28977 16687 1:0 29584
28977 16897 1:0 29584
29018 17093 1:0 29584
29018 16769 1:0 29584
29047 27292 1:0 29595
29047 27195 1:0 29595
29048 16694 1:0 29595
29056 13663 21:0 29108
29097 14103 1:0 29604
29097 169 1:0 29632
29107 13666 21:0 29115
29107 16744 1:0 29604
29119 13674 21:0 29141
29140 27556 1:0 29140
29140 13672 21:0 29141
29140 13670 21:0 29144
29143 13671 21:0 29144
29143 13675 21:0 29144
29143 13673 21:0 29149
29148 27555 1:0 29148
29148 13662 21:0 29152
29149 27324 1:0 29604
29150 16726 1:0 29604
29150 14110 1:0 29604
29150 14104 1:0 29632
29150 14116 1:0 29632
29150 14113 1:0 29632
29150 167 1:0 29632
29150 14114 1:0 29632
29150 14109 1:0 29632
29150 16721 1:0 29670
29150 14112 1:0 29673
29150 14105 1:0 29673
29150 14108 1:0 29673
29150 14106 1:0 29686
29150 14111 1:0 29686
29150 14107 1:0 29686
29150 14115 1:0 29772
29150 147 1:0 29802
29150 14251 1:0 29825
29150 151 1:0 29853
29151 13668 21:0 29152
29151 13665 21:0 29152
29151 13669 21:0 29152
29151 13667 21:0 29152
29151 13664 21:0 29152
29159 27433 1:0 29813
29159 16748 1:0 29813
29159 27325 1:0 29813
29165 27454 1:0 29820
29185 27424 1:0 29825
29186 14250 1:0 29825
29186 16783 1:0 29825
29186 27442 1:0 29853
29186 149 1:0 29853
29186 16778 1:0 29853
29186 14256 1:0 29853
29186 16780 1:0 29894
29198 14263 1:0 29853
29198 14259 1:0 29853
29239 14257 1:0 29853
29239 14258 1:0 29853
29239 14253 1:0 29894
29239 17011 1:0 30023
29239 16826 1:0 30026
29252 14262 1:0 29894
29252 14252 1:0 29894
29267 14254 1:0 29907
29267 14261 1:0 29907
29267 14255 1:0 29907
29268 14260 1:0 29983
29268 99 1:0 30026
29268 16840 1:0 30026
29268 14398 1:0 30046
29269 27221 1:0 30026
29290 13811 21:0 29313
29312 13814 21:0 29319
29318 13812 21:0 29326
29318 27168 1:0 30026
29320 131 1:0 30074
29327 13820 21:0 29362
29327 16837 1:0 30074
29361 13817 21:0 29362
29361 13821 21:0 29362
29361 13822 21:0 29365
29364 13819 21:0 29365
29364 13818 21:0 29365
29364 13809 21:0 29373
29369 27522 1:0 29369
29370 31 1:0 30037
29370 27391 1:0 30037
29371 27222 1:0 30037
29371 27390 1:0 30046
29371 14403 1:0 30046
29371 135 1:0 30046
29371 27400 1:0 30046
29371 14397 1:0 30074
29371 14404 1:0 30074
29372 13816 21:0 29373
29372 13815 21:0 29373
29372 13810 21:0 29373
29372 13813 21:0 29373
29374 133 1:0 30074
29380 14406 1:0 30074
29380 14407 1:0 30074
29380 14405 1:0 30074
29380 16835 1:0 30112
29380 14408 1:0 30115
29380 14399 1:0 30115
29380 14401 1:0 30115
29380 14402 1:0 30128
29380 14400 1:0 30128
29380 14409 1:0 30128
29380 14410 1:0 30215
29380 111 1:0 30244
29380 14544 1:0 30267
29386 27389 1:0 30251
29388 27374 1:0 30255
29391 27366 1:0 30255
29419 27388 1:0 30262
29488 27358 1:0 30267
29489 14551 1:0 30267
29489 16883 1:0 30267
29489 14555 1:0 30295
29490 14553 1:0 30295
29508 13959 21:0 29533
29532 13960 21:0 29540
29539 13958 21:0 29545
29539 14557 1:0 30295
29539 14550 1:0 30295
29541 14545 1:0 30295
29548 13967 21:0 29583
29549 27376 1:0 30295
29549 115 1:0 30295
29549 113 1:0 30295
29549 16892 1:0 30295
29549 16894 1:0 30336
29549 16997 1:0 30465
29549 14697 1:0 30488
29549 16954 1:0 30488
29559 27343 1:0 30516
29582 13968 21:0 29583
29582 13965 21:0 29583
29582 13966 21:0 29586
29585 13964 21:0 29586
29585 13969 21:0 29586
29585 13963 21:0 29594
29591 14554 1:0 30336
29591 14547 1:0 30336
29591 14548 1:0 30336
29591 14549 1:0 30349
29591 14546 1:0 30349
29591 14552 1:0 30349
29591 14556 1:0 30435
29591 14691 1:0 30488
29591 14698 1:0 30516
29591 97 1:0 30516
29591 95 1:0 30516
29591 16951 1:0 30516
29591 16949 1:0 30554
29592 27357 1:0 30473
29592 27327 1:0 30476
29592 27314 1:0 30476
29592 14703 1:0 30516
29593 13956 21:0 29594
29593 13961 21:0 29594
29593 13962 21:0 29594
29593 13957 21:0 29594
29595 77 1:0 30737
29600 27487 1:0 29600
29601 27355 1:0 30483
29601 27291 1:0 30488
29607 14692 1:0 30516
29607 14704 1:0 30516
29607 14702 1:0 30516
29607 81 1:0 30686
29607 27310 1:0 30737
29609 14694 1:0 30557
29609 14699 1:0 30557
29609 14695 1:0 30557
29612 14700 1:0 30570
29612 14696 1:0 30570
29612 14693 1:0 30570
29627 14701 1:0 30646
29681 27323 1:0 30693
29681 16976 1:0 30697
29689 14845 1:0 30709
29694 27309 1:0 30697
29709 14838 1:0 30709
29709 75 1:0 30709
29709 17008 1:0 30737
29709 79 1:0 30737
29752 14109 21:0 29778
29760 27322 1:0 30704
29770 14844 1:0 30737
29782 14115 21:0 29804
29803 14111 21:0 29804
29803 14112 21:0 29807
29806 14116 21:0 29807
29806 14114 21:0 29807
29806 14113 21:0 29812
29811 14104 21:0 29815
29812 27289 1:0 30709
29813 14849 1:0 30737
29813 14846 1:0 30737
29813 14847 1:0 30737
29813 14839 1:0 30737
29813 17006 1:0 30775
29813 14840 1:0 30778
29813 14850 1:0 30778
29813 14842 1:0 30778
29813 14851 1:0 30791
29813 14843 1:0 30791
29813 14841 1:0 30791
29813 14848 1:0 30867
29813 63 1:0 30907
29813 14992 1:0 30930
29813 59 1:0 30958
29813 27277 1:0 30958
29813 17063 1:0 30958
29814 14108 21:0 29815
29814 14110 21:0 29815
29814 14105 21:0 29815
29814 14107 21:0 29815
29814 14103 21:0 29815
29814 14106 21:0 29815
29822 27290 1:0 30914
29822 57 1:0 30921
29822 17054 1:0 30921
29822 27224 1:0 30921
29822 17182 1:0 30921
29830 27259 1:0 30930
29833 14991 1:0 30930
29833 17068 1:0 30930
29833 14985 1:0 30958
29833 14986 1:0 30958
29848 17086 1:0 30930
29849 14998 1:0 30958
29861 14995 1:0 30958
29861 14997 1:0 30958
29902 61 1:0 30958
29902 14994 1:0 30999
29902 14990 1:0 30999
29902 14988 1:0 30999
29902 17065 1:0 30999
29902 45 1:0 31128
29902 17122 1:0 31179
29915 14987 1:0 31012
29915 14989 1:0 31012
29915 14996 1:0 31012
29930 14993 1:0 31078
29940 14251 21:0 29992
29981 27258 1:0 31136
29991 15138 1:0 31151
29991 15139 1:0 31151
29993 14260 21:0 30025
30024 14262 21:0 30025
30024 14261 21:0 30025
30024 14258 21:0 30028
30027 14259 21:0 30028
30027 14263 21:0 30028
30027 14257 21:0 30036
30032 27423 1:0 30032
30033 27256 1:0 31142
30033 39 1:0 31142
30033 27 1:0 31142
30033 17125 1:0 31142
30034 27226 1:0 31151
30034 27182 1:0 31151
30034 17111 1:0 31151
30034 17120 1:0 31179
30034 15133 1:0 31179
30034 15144 1:0 31179
30034 27244 1:0 31179
30034 43 1:0 31179
30034 15132 1:0 31179
30034 41 1:0 31220
30035 14252 21:0 30036
30035 14255 21:0 30036
30035 14253 21:0 30036
30035 14256 21:0 30036
30035 14250 21:0 30036
30035 14254 21:0 30036
30043 15143 1:0 31179
30043 15145 1:0 31179
30043 15142 1:0 31220
30043 15137 1:0 31220
30043 15135 1:0 31220
30043 15140 1:0 31233
30043 15136 1:0 31233
30043 15134 1:0 31233
30043 15141 1:0 31300
30043 17168 1:0 31349
30043 15279 1:0 31372
30043 23 1:0 31400
30049 27225 1:0 31357
30049 27210 1:0 31360
30051 27188 1:0 31360
30082 27223 1:0 31367
30136 21 1:0 31372
30136 27193 1:0 31372
30151 15286 1:0 31372
30151 17177 1:0 31400
30151 27211 1:0 31400
30152 15291 1:0 31400
30152 15290 1:0 31400
30153 15285 1:0 31400
30153 15289 1:0 31400
30191 14404 21:0 30218
30202 15280 1:0 31400
30202 25 1:0 31400
30202 17179 1:0 31441
30202 15284 1:0 31441
30202 17225 1:0 31570
30202 15429 1:0 31662
30202 15430 1:0 31662
30202 17236 1:0 31662
30202 15428 1:0 31675
30202 15431 1:0 31675
30221 14410 21:0 30246
30245 14409 21:0 30246
30245 14408 21:0 30249
30248 14407 21:0 30249
30248 14406 21:0 30249
30248 14405 21:0 30253
30252 14397 21:0 30257
30254 15292 1:0 31441
30254 15283 1:0 31441
30254 15281 1:0 31454
30254 15288 1:0 31454
30254 15282 1:0 31454
30254 15287 1:0 31520
30255 27191 1:0 31577
30255 24462 1:0 31581
30255 9 1:0 31581
30255 26113 1:0 31581
30255 27764 1:0 31581
30255 16215 1:0 31581
30256 14399 21:0 30257
30256 14402 21:0 30257
30256 14400 21:0 30257
30256 14403 21:0 30257
30256 14401 21:0 30257
30256 14398 21:0 30257
30264 27190 1:0 31588
30264 22811 1:0 31590
30264 17239 1:0 31590
30264 15426 1:0 31590
30264 3 1:0 31590
30264 19509 1:0 31590
30264 21160 1:0 31593
30264 334 1:0 31593
30264 15433 1:0 31593
30264 17858 1:0 31593
30264 15432 1:0 31593
30264 15427 1:0 31593
30264 15438 1:0 31621
30264 15434 1:0 31621
30270 329 1:0 31615
30270 27178 1:0 31618
30270 16207 1:0 31621
30270 5 1:0 31621
30270 17234 1:0 31621
30270 15439 1:0 31621
30270 7 1:0 31621
30270 15436 1:0 31662
30272 15435 1:0 31675
30275 15437 1:0 31752
30275 15529 1:0 31763
30275 15528 1:0 31802
30415 14550 21:0 30441
30445 14556 21:0 30467
30466 14552 21:0 30467
30466 14554 21:0 30470
30469 14557 21:0 30470
30469 14553 21:0 30470
30469 14555 21:0 30475
30474 14545 21:0 30478
30477 14549 21:0 30478
30477 14546 21:0 30478
30477 14544 21:0 30478
30477 14547 21:0 30478
30477 14548 21:0 30478
30477 14551 21:0 30478
30603 14692 21:0 30655
30656 14701 21:0 30688
30687 14699 21:0 30688
30687 14700 21:0 30688
30687 14702 21:0 30691
30690 14703 21:0 30691
30690 14704 21:0 30691
30690 14698 21:0 30699
30698 14691 21:0 30699
30698 14696 21:0 30699
30698 14697 21:0 30699
30698 14693 21:0 30699
30698 14694 21:0 30699
30698 14695 21:0 30699
30824 14839 21:0 30876
30877 14848 21:0 30909
30908 14850 21:0 30909
30908 14851 21:0 30909
30908 14847 21:0 30912
30911 14849 21:0 30912
30911 14846 21:0 30912
30911 14844 21:0 30920
30919 14842 21:0 30920
30919 14841 21:0 30920
30919 14843 21:0 30920
30919 14840 21:0 30920
30919 14845 21:0 30920
30919 14838 21:0 30920
31058 14987 21:0 31081
31080 14989 21:0 31087
31088 14993 21:0 31130
31129 14996 21:0 31130
31129 14994 21:0 31130
31129 14998 21:0 31133
31132 14997 21:0 31133
31132 14995 21:0 31133
31132 14985 21:0 31138
31137 14986 21:0 31141
31140 14990 21:0 31141
31140 14991 21:0 31141
31140 14992 21:0 31141
31140 14988 21:0 31141
31279 15134 21:0 31302
31306 15141 21:0 31351
31350 15142 21:0 31351
31350 15140 21:0 31351
31350 15145 21:0 31354
31353 15143 21:0 31354
31353 15144 21:0 31354
31353 15133 21:0 31359
31358 15132 21:0 31362
31361 15136 21:0 31362
31361 15139 21:0 31362
31361 15137 21:0 31362
31361 15135 21:0 31362
31361 15138 21:0 31362
31497 15282 21:0 31522
31521 15281 21:0 31529
31530 15287 21:0 31572
31571 15288 21:0 31572
31571 15292 21:0 31572
31571 15291 21:0 31575
31574 15289 21:0 31575
31574 15290 21:0 31575
31574 15280 21:0 31580
31579 15285 21:0 31583
31582 15286 21:0 31583
31582 15279 21:0 31583
31582 15283 21:0 31583
31582 15284 21:0 31583
31728 15431 21:0 31744
31743 15428 21:0 31750
31749 15429 21:0 31757
31758 15437 21:0 151
