128 49172 0:0 129
1397 49785 21:0 1428
3374 298 21:0 3424
4610 51256 21:0 4643
7969 52727 21:0 8002
11328 54198 21:0 11361
14687 55669 21:0 14720
23528 304 21:0 23583
28123 61553 21:0 28156
40323 309 21:0 40378
41559 67437 21:0 41592
102062 304 1:0 20171
102062 309 1:0 36966
104668 95076 21:0 104742
105431 46878 1:0 105527
105431 46874 1:0 105593
105432 46875 1:0 105527
105432 46873 1:0 105528
105432 46865 1:0 105528
105441 47013 1:0 105748
105441 47022 1:0 105749
105441 47020 1:0 105749
105441 47012 1:0 105749
105441 47021 1:0 105749
105441 47024 1:0 105833
105447 47018 1:0 105749
105447 47023 1:0 105749
105451 47025 1:0 105749
105452 47019 1:0 105749
105467 47169 1:0 106044
105468 47165 1:0 105970
105480 47170 1:0 105970
105521 47160 1:0 105969
105521 47172 1:0 105970
105534 47171 1:0 105970
105550 47168 1:0 105970
105550 47159 1:0 105970
105560 47167 1:0 105970
105562 46865 0:0 105588
105599 46874 21:0 105647
105600 47166 1:0 105970
105600 47306 1:0 106215
105610 47314 1:0 106255
105620 47307 1:0 106216
105620 47315 1:0 106256
105642 46875 0:0 105644
105642 46873 0:0 105644
105643 46878 0:0 105644
105645 47317 1:0 106266
105652 47311 1:0 106236
105652 47312 1:0 106245
105652 47313 1:0 106246
105652 47318 1:0 106275
105653 47319 1:0 106276
105653 47460 1:0 106411
105653 47454 1:0 106411
105653 47465 1:0 106496
105662 47464 1:0 106412
105662 47453 1:0 106412
105662 47463 1:0 106412
105662 47466 1:0 106412
105662 47459 1:0 106412
105668 47461 1:0 106412
105668 47462 1:0 106412
105672 47613 1:0 106718
105688 47610 1:0 106632
105688 47601 1:0 106632
105701 47609 1:0 106632
105701 47607 1:0 106632
105701 47605 1:0 106632
105701 47600 1:0 106633
105742 47606 1:0 106633
105750 47608 1:0 106632
105770 47612 1:0 106632
105771 47611 1:0 106632
105780 47013 0:0 105804
105783 47012 0:0 105809
105783 47755 1:0 106918
105813 47018 0:0 105821
105818 47019 0:0 105826
105821 47758 1:0 106854
105822 47748 1:0 106853
105823 47754 1:0 106853
105831 47757 1:0 106854
105841 47760 1:0 106854
105843 47024 21:0 105868
105864 47021 0:0 105865
105864 47023 0:0 105865
105864 47025 0:0 105865
105864 47020 0:0 105865
105864 47022 0:0 105865
105866 47756 1:0 106854
105866 47759 1:0 106854
105866 47747 1:0 106854
105866 47753 1:0 106854
105866 47749 1:0 106854
105873 47899 1:0 107074
105873 47907 1:0 107075
105873 47900 1:0 107075
105873 47904 1:0 107149
105874 47895 1:0 107074
105874 47903 1:0 107075
105874 47905 1:0 107075
105883 47901 1:0 107074
105883 47902 1:0 107075
105883 47906 1:0 107075
105883 47894 1:0 107075
105883 48054 1:0 107381
105889 95076 1:0 107237
105893 48053 1:0 107296
105909 48041 1:0 107296
105909 48051 1:0 107296
105922 48042 1:0 107295
105922 48052 1:0 107296
105963 48047 1:0 107296
105963 48049 1:0 107296
105991 48048 1:0 107295
105991 48050 1:0 107296
105992 48198 1:0 107591
105993 48194 1:0 107517
106001 47160 0:0 106026
106031 47166 0:0 106040
106034 47165 0:0 106042
106039 47159 0:0 106047
106042 48189 1:0 107516
106042 48196 1:0 107517
106044 48201 1:0 107517
106052 48199 1:0 107517
106054 47169 21:0 106089
106062 48197 1:0 107517
106084 47171 0:0 106086
106085 47172 0:0 106086
106085 47168 0:0 106086
106085 47170 0:0 106086
106085 47167 0:0 106086
106087 48195 1:0 107516
106087 48200 1:0 107517
106087 48188 1:0 107517
106087 48344 1:0 107803
106094 48345 1:0 107737
106094 48336 1:0 107737
106094 48346 1:0 107737
106094 48335 1:0 107738
106095 48343 1:0 107737
106095 48342 1:0 107737
106095 48347 1:0 107737
106104 48348 1:0 107737
106104 48341 1:0 107738
106104 48483 1:0 107958
106104 48489 1:0 107958
106104 48490 1:0 107959
106104 48495 1:0 108044
106110 48492 1:0 107959
106112 48491 1:0 107959
106115 48494 1:0 107959
106131 48482 1:0 107959
106131 48493 1:0 107959
106143 48488 1:0 107959
106184 48637 1:0 108244
106192 48638 1:0 108180
106197 48636 1:0 108179
106212 48639 1:0 108180
106213 48642 1:0 108180
106225 47306 21:0 106307
106263 48641 1:0 108180
106273 48630 1:0 108179
106273 48640 1:0 108180
106280 47311 0:0 106282
106283 48635 1:0 108180
106283 48629 1:0 108180
106283 48633 1:0 108180
106305 47318 0:0 106307
106305 47312 0:0 106307
106305 47317 0:0 106307
106306 47313 0:0 106307
106306 47315 0:0 106307
106306 47314 0:0 106307
106306 47319 0:0 106307
106306 47307 0:0 106307
106308 48786 1:0 108401
106308 48787 1:0 108401
106308 48784 1:0 108465
106315 48783 1:0 108400
106315 48776 1:0 108401
106315 48785 1:0 108401
106315 48788 1:0 108401
106316 48777 1:0 108400
106316 48782 1:0 108401
106316 48789 1:0 108401
106316 48934 1:0 108697
106325 48930 1:0 108621
106325 48924 1:0 108621
106325 48932 1:0 108622
106325 48936 1:0 108622
106325 48935 1:0 108622
106325 49074 1:0 108843
106331 48929 1:0 108622
106331 48923 1:0 108622
106331 48933 1:0 108622
106335 48931 1:0 108622
106336 67437 1:0 108747
106336 52727 1:0 108750
106351 61553 1:0 108756
106351 55669 1:0 108759
106352 54198 1:0 108784
106352 51256 1:0 108784
106364 298 1:0 108841
106364 49077 1:0 108842
106364 49173 1:0 108969
106405 49071 1:0 108842
106405 49076 1:0 108843
106405 49070 1:0 108843
106418 49080 1:0 108843
106433 49785 1:0 108927
106434 49079 1:0 108842
106484 47459 0:0 106492
106484 49078 1:0 108907
106493 49081 1:0 108918
106494 49082 1:0 108927
106504 49083 1:0 108928
106506 47465 21:0 106531
106527 47453 0:0 106528
106527 47460 0:0 106528
106527 47454 0:0 106528
106527 47461 0:0 106528
106527 47463 0:0 106528
106527 47462 0:0 106528
106527 47466 0:0 106528
106527 47464 0:0 106528
106529 49172 1:0 108968
106724 47613 21:0 106752
106747 47612 0:0 106749
106747 47609 0:0 106749
106747 47611 0:0 106749
106747 47608 0:0 106749
106747 47610 0:0 106749
106748 47605 0:0 106749
106748 47600 0:0 106749
106748 47607 0:0 106749
106748 47601 0:0 106749
106748 47606 0:0 106749
106928 47755 21:0 106973
106968 47759 0:0 106970
106968 47757 0:0 106970
106969 47754 0:0 106970
106969 47756 0:0 106970
106969 47747 0:0 106970
106969 47748 0:0 106970
106969 47760 0:0 106970
106969 47749 0:0 106970
106969 47753 0:0 106970
106969 47758 0:0 106970
107159 47904 21:0 107194
107189 47906 0:0 107191
107190 47895 0:0 107191
107190 47903 0:0 107191
107190 47899 0:0 107191
107190 47907 0:0 107191
107190 47905 0:0 107191
107190 47900 0:0 107191
107190 47902 0:0 107191
107190 47901 0:0 107191
107190 47894 0:0 107191
107327 48042 0:0 107352
107330 48041 0:0 107356
107357 48048 0:0 107366
107360 48047 0:0 107368
107387 48054 21:0 107415
107410 48051 0:0 107412
107410 48053 0:0 107412
107410 48052 0:0 107412
107411 48049 0:0 107412
107411 48050 0:0 107412
107589 48194 0:0 107598
107601 48198 21:0 107636
107631 48200 0:0 107633
107632 48196 0:0 107633
107632 48195 0:0 107633
107632 48188 0:0 107633
107632 48199 0:0 107633
107632 48189 0:0 107633
107632 48197 0:0 107633
107632 48201 0:0 107633
107809 48344 21:0 107857
107852 48345 0:0 107854
107852 48347 0:0 107854
107853 48342 0:0 107854
107853 48346 0:0 107854
107853 48336 0:0 107854
107853 48343 0:0 107854
107853 48335 0:0 107854
107853 48348 0:0 107854
107853 48341 0:0 107854
108050 48495 21:0 108078
108073 48490 0:0 108075
108073 48493 0:0 108075
108073 48491 0:0 108075
108073 48492 0:0 108075
108074 48483 0:0 108075
108074 48494 0:0 108075
108074 48482 0:0 108075
108074 48489 0:0 108075
108074 48488 0:0 108075
108252 48633 0:0 108255
108254 48637 21:0 108299
108294 48629 0:0 108296
108294 48639 0:0 108296
108294 48641 0:0 108296
108295 48640 0:0 108296
108295 48642 0:0 108296
108295 48638 0:0 108296
108295 48630 0:0 108296
108295 48636 0:0 108296
108295 48635 0:0 108296
108475 48784 21:0 108520
108515 48788 0:0 108517
108515 48786 0:0 108517
108516 48789 0:0 108517
108516 48777 0:0 108517
108516 48783 0:0 108517
108516 48787 0:0 108517
108516 48785 0:0 108517
108516 48782 0:0 108517
108516 48776 0:0 108517
108703 48934 21:0 108741
108736 48933 0:0 108738
108736 48932 0:0 108738
108736 48935 0:0 108738
108737 48931 0:0 108738
108737 48924 0:0 108738
108737 48929 0:0 108738
108737 48936 0:0 108738
108737 48930 0:0 108738
108737 48923 0:0 108738
108928 49081 0:0 108957
108934 49083 0:0 108957
108956 49079 0:0 108957
108956 49082 0:0 108957
108956 49078 0:0 108957
108956 49070 0:0 108957
108956 49076 0:0 108957
108956 49077 0:0 108957
108956 49080 0:0 108957
108956 49071 0:0 108960
108968 49074 0:0 108975
108975 49173 21:0 131
