83 13844 21:0 131
130 13749 21:0 151
150 13748 21:0 155
154 13750 21:0 199
198 13752 21:0 203
202 13755 21:0 208
207 13753 21:0 208
207 13754 21:0 213
212 13751 21:0 227
1373 14457 21:0 1383
3350 298 21:0 3368
10521 18528 21:0 10538
11345 18528 1:0 12652
14263 20166 21:0 14329
14704 20166 1:0 15349
16854 21304 21:0 16862
17239 21471 21:0 17256
17774 21703 21:0 17840
17918 21766 21:0 17926
17927 21766 1:0 18202
17927 21703 1:0 18446
17927 21471 1:0 19371
18063 21304 1:0 20036
20446 22875 21:0 20463
20462 22876 21:0 20515
20514 22877 21:0 20520
20598 22942 21:0 20615
20616 22942 1:0 22730
20616 22877 1:0 22904
20616 22876 1:0 22984
21422 22875 1:0 22991
21423 11545 1:0 24801
21423 11546 1:0 24804
21423 11549 1:0 24829
21423 11543 1:0 24832
21432 11538 1:0 24841
21432 11547 1:0 24886
21432 11550 1:0 24973
21432 11694 1:0 25060
23577 24248 21:0 23594
24185 24511 21:0 24202
24337 24578 21:0 24354
24489 24644 21:0 24506
24791 11693 1:0 25107
24791 11696 1:0 25193
24792 11839 1:0 25237
24792 11843 1:0 25243
24801 11841 1:0 25246
24801 11837 1:0 25271
24801 11844 1:0 25271
24801 11832 1:0 25318
24801 11842 1:0 25318
24807 11840 1:0 25330
24807 11838 1:0 25385
24811 24644 1:0 25452
24827 11990 1:0 25464
24840 11986 1:0 25467
24881 11988 1:0 25495
24889 11987 1:0 25495
24894 11984 1:0 25530
24894 11978 1:0 25546
24910 11989 1:0 25626
24911 12138 1:0 25679
24919 11538 21:0 24965
24960 12134 1:0 25685
24970 12136 1:0 25688
24979 11550 21:0 25004
25003 11547 21:0 25007
25006 11543 21:0 25007
25006 11549 21:0 25015
25012 12135 1:0 25713
25012 12133 1:0 25751
25012 12125 1:0 25767
25012 12126 1:0 25770
25013 12132 1:0 25772
25013 12131 1:0 25826
25013 24578 1:0 25894
25014 11546 21:0 25015
25014 11545 21:0 25018
25016 12280 1:0 25897
25019 12284 1:0 25900
25022 12285 1:0 25906
25022 12281 1:0 25909
25022 12282 1:0 25934
25022 12283 1:0 25972
25022 12279 1:0 25988
25022 12273 1:0 25991
25022 12272 1:0 25993
25028 12278 1:0 26047
25028 12430 1:0 26118
25032 12428 1:0 26121
25048 12432 1:0 26127
25061 12427 1:0 26130
25061 12431 1:0 26155
25110 12429 1:0 26193
25115 12426 1:0 26209
25115 12425 1:0 26212
25130 12419 1:0 26238
25130 12420 1:0 26239
25181 24511 1:0 26335
25191 12579 1:0 26339
25201 12574 1:0 26342
25203 11696 21:0 25225
25224 11693 21:0 25228
25227 11694 21:0 25228
25233 12576 1:0 26348
25233 12578 1:0 26351
25234 12575 1:0 26376
25234 12577 1:0 26414
25234 12566 1:0 26430
25234 12573 1:0 26433
25234 12567 1:0 26460
25243 12572 1:0 26489
25243 12724 1:0 26560
25243 12725 1:0 26563
25243 12721 1:0 26569
25249 12723 1:0 26572
25249 12726 1:0 26597
25253 12722 1:0 26635
25253 12713 1:0 26651
25254 12720 1:0 26654
25254 12714 1:0 26656
25269 12719 1:0 26710
25282 12873 1:0 26784
25282 12871 1:0 26790
25331 12870 1:0 26793
25351 12868 1:0 26818
25352 12869 1:0 26856
25352 12867 1:0 26872
25353 12860 1:0 26875
25391 11838 21:0 25416
25402 12861 1:0 26877
25402 12866 1:0 26931
25412 13018 1:0 27002
25415 11840 21:0 25446
25422 13015 1:0 27005
25445 11842 21:0 25449
25448 11844 21:0 25449
25448 11832 21:0 25457
25454 13016 1:0 27011
25454 13020 1:0 27014
25455 13017 1:0 27039
25455 13019 1:0 27077
25455 13014 1:0 27093
25455 13008 1:0 27096
25455 13007 1:0 27122
25455 13013 1:0 27152
25456 11837 21:0 25457
25456 11841 21:0 25457
25456 11843 21:0 25460
25458 13162 1:0 27223
25459 11839 21:0 25466
25461 13164 1:0 27226
25464 13165 1:0 27232
25464 13163 1:0 27235
25464 13167 1:0 27260
25464 13166 1:0 27298
25464 13161 1:0 27314
25464 13160 1:0 27317
25467 13154 1:0 27343
25467 13155 1:0 27344
25470 13313 1:0 27453
25470 13309 1:0 27456
25474 13311 1:0 27481
25490 13310 1:0 27519
25491 13302 1:0 27535
25491 13307 1:0 27538
25503 13301 1:0 27564
25503 13308 1:0 27595
25544 13460 1:0 27668
25557 13459 1:0 27674
25572 13461 1:0 27677
25573 13456 1:0 27702
25585 11978 21:0 25629
25623 13458 1:0 27740
25623 13454 1:0 27756
25625 13449 1:0 27759
25632 11989 21:0 25667
25633 13448 1:0 27761
25633 13455 1:0 27816
25666 11984 21:0 25667
25666 11988 21:0 25670
25669 11987 21:0 25675
25674 11986 21:0 25678
25675 13607 1:0 27889
25675 13604 1:0 27895
25676 13606 1:0 27898
25676 13603 1:0 27923
25676 13605 1:0 27961
25676 13602 1:0 27977
25676 13596 1:0 27980
25676 13595 1:0 28006
25676 13601 1:0 28036
25677 11990 21:0 25681
25682 24248 1:0 28104
25685 13751 1:0 28107
25685 13754 1:0 28110
25685 13753 1:0 28116
25685 13755 1:0 28119
25691 298 1:0 28144
25691 13752 1:0 28144
25695 13750 1:0 28182
25696 13748 1:0 28198
25696 13749 1:0 28201
25711 13742 1:0 28227
25711 13743 1:0 28228
25712 14457 1:0 28283
25712 13844 1:0 28299
25712 13845 1:0 28329
25836 12131 21:0 25860
25859 12132 21:0 25888
25887 12125 21:0 25888
25887 12126 21:0 25888
25887 12133 21:0 25891
25890 12135 21:0 25891
25890 12136 21:0 25899
25898 12134 21:0 25902
25901 12138 21:0 25902
26057 12278 21:0 26081
26080 12272 21:0 26109
26108 12273 21:0 26109
26108 12279 21:0 26109
26108 12283 21:0 26112
26111 12282 21:0 26112
26111 12281 21:0 26120
26119 12285 21:0 26123
26122 12284 21:0 26123
26122 12280 21:0 26129
26248 12419 21:0 26292
26291 12420 21:0 26330
26329 12425 21:0 26330
26329 12426 21:0 26330
26329 12429 21:0 26333
26332 12431 21:0 26333
26332 12427 21:0 26341
26340 12432 21:0 26344
26343 12428 21:0 26344
26343 12430 21:0 26350
26466 12567 21:0 26512
26511 12572 21:0 26551
26550 12573 21:0 26551
26550 12566 21:0 26551
26550 12577 21:0 26554
26553 12575 21:0 26554
26553 12578 21:0 26562
26561 12576 21:0 26565
26564 12574 21:0 26565
26564 12579 21:0 26571
26720 12719 21:0 26744
26743 12714 21:0 26772
26771 12720 21:0 26772
26771 12713 21:0 26772
26771 12722 21:0 26775
26774 12726 21:0 26775
26774 12723 21:0 26783
26782 12721 21:0 26786
26785 12725 21:0 26786
26785 12724 21:0 26792
26941 12866 21:0 26965
26964 12861 21:0 26993
26992 12867 21:0 26993
26992 12860 21:0 26993
26992 12869 21:0 26996
26995 12868 21:0 26996
26995 12870 21:0 27004
27003 12871 21:0 27007
27006 12873 21:0 27007
27132 13007 21:0 27176
27175 13013 21:0 27214
27213 13008 21:0 27214
27213 13014 21:0 27214
27213 13019 21:0 27217
27216 13017 21:0 27217
27216 13020 21:0 27225
27224 13016 21:0 27228
27227 13015 21:0 27228
27227 13018 21:0 27234
27350 13155 21:0 27396
27395 13154 21:0 27435
27434 13160 21:0 27435
27434 13161 21:0 27435
27434 13166 21:0 27438
27437 13167 21:0 27438
27437 13163 21:0 27446
27445 13165 21:0 27449
27448 13164 21:0 27449
27448 13162 21:0 27455
27574 13301 21:0 27618
27617 13308 21:0 27656
27655 13302 21:0 27656
27655 13307 21:0 27656
27655 13310 21:0 27659
27658 13311 21:0 27659
27658 13309 21:0 27667
27666 13313 21:0 27670
27822 13455 21:0 27847
27846 13448 21:0 27877
27876 13454 21:0 27877
27876 13449 21:0 27877
27876 13458 21:0 27880
27879 13456 21:0 27880
27879 13461 21:0 27888
27887 13459 21:0 27891
27890 13460 21:0 27891
28016 13595 21:0 28060
28059 13601 21:0 28098
28097 13596 21:0 28098
28097 13602 21:0 28098
28097 13605 21:0 28101
28100 13603 21:0 28101
28100 13606 21:0 28109
28108 13604 21:0 28112
28111 13607 21:0 28112
28234 13743 21:0 28280
28279 13742 21:0 28317
28335 13845 21:0 84
