50 8655 0:0 52
50 8652 0:0 52
50 8651 0:0 52
50 8653 0:0 52
51 8780 0:0 52
51 8656 0:0 52
95 8774 21:0 104
106 8802 21:0 114
113 8801 0:0 114
113 8803 0:0 114
113 8804 21:0 180
178 8805 0:0 180
179 8833 0:0 180
179 8807 0:0 180
182 8835 21:0 190
189 8836 0:0 190
189 8837 21:0 256
203 8846 0:0 204
238 8847 0:0 240
244 8851 0:0 245
254 8838 0:0 256
255 8855 0:0 256
258 8868 21:0 266
265 8869 0:0 266
265 8867 0:0 266
265 8870 21:0 332
320 8887 0:0 321
330 8871 0:0 332
331 8888 0:0 332
331 8873 0:0 332
334 8901 21:0 342
341 8903 0:0 342
341 8900 0:0 342
341 8902 21:0 408
354 8893 0:0 356
390 8913 0:0 392
406 8904 0:0 408
410 8934 21:0 418
417 8936 0:0 418
417 8933 0:0 418
417 8935 21:0 484
430 8926 0:0 432
431 8945 0:0 432
472 8953 0:0 473
482 8937 0:0 484
483 8939 0:0 484
486 8967 21:0 494
493 8969 0:0 494
493 8968 21:0 560
542 8979 0:0 544
548 8983 0:0 549
548 8985 0:0 549
558 8970 0:0 560
559 8987 0:0 560
562 9000 21:0 570
569 9001 0:0 570
569 9002 21:0 636
583 9011 0:0 584
624 9019 0:0 625
634 9003 0:0 636
635 9031 0:0 636
638 9033 21:0 646
645 9034 0:0 646
645 9035 21:0 712
694 9045 0:0 696
700 9052 0:0 701
710 9036 0:0 712
711 9053 0:0 712
714 9066 21:0 722
721 9067 0:0 722
721 9065 0:0 722
721 9068 21:0 788
735 9077 0:0 736
786 9069 0:0 788
787 9086 0:0 788
787 9071 0:0 788
787 9097 0:0 788
790 9099 21:0 798
797 9100 0:0 798
797 9101 21:0 864
810 9091 0:0 812
846 9111 0:0 848
852 9117 0:0 853
852 9115 0:0 853
862 9102 0:0 864
866 9132 21:0 874
873 9134 0:0 874
873 9133 21:0 940
922 9144 0:0 924
928 9148 0:0 929
938 9135 0:0 940
942 9165 21:0 950
949 9166 0:0 950
949 9167 21:0 1016
962 9157 0:0 964
998 9177 0:0 1000
1014 9168 0:0 1016
1018 9198 21:0 1026
1025 9199 0:0 1026
1025 9200 21:0 1092
1080 9214 0:0 1081
1090 9201 0:0 1092
1094 9231 21:0 1102
1101 9232 0:0 1102
1101 9233 21:0 1168
1156 9249 0:0 1157
1156 9250 0:0 1157
1166 9234 0:0 1168
1167 9262 0:0 1168
1170 9264 21:0 1178
1177 9266 0:0 1178
1177 9265 21:0 1244
1190 9256 0:0 1192
1191 9275 0:0 1192
1226 9276 0:0 1228
1242 9267 0:0 1244
1243 9269 0:0 1244
1246 9297 21:0 1254
1253 9298 0:0 1254
1253 9299 21:0 1320
1266 9289 0:0 1268
1308 9315 0:0 1309
1318 9300 0:0 1320
1319 9317 0:0 1320
1322 9330 21:0 1330
1329 9331 0:0 1330
1329 9332 21:0 1396
1384 9348 0:0 1385
1394 9333 0:0 1396
1398 9363 21:0 1406
1405 9364 0:0 1406
1405 9365 0:0 1406
1418 9375 21:0 1457
1419 9355 0:0 1421
1455 9376 0:0 1457
1457 9382 0:0 1462
1457 9380 0:0 1462
1457 9383 0:0 1462
1464 9369 21:0 1473
1471 9384 0:0 1473
1471 9366 0:0 1473
1472 9395 21:0 1473
1474 9366 1:0 2779
1475 9397 21:0 1483
1476 13 0:0 1478
1482 17 0:0 1483
1482 9399 0:0 1483
1482 9396 0:0 1483
1482 9398 21:0 1549
1495 9389 0:0 1497
1495 15 0:0 1497
1496 9408 0:0 1497
1531 9409 0:0 1533
1537 9415 0:0 1538
1537 9413 0:0 1538
1537 9416 0:0 1538
1547 9400 0:0 1549
1548 9417 0:0 1549
1548 9428 0:0 1549
1548 9402 0:0 1549
1551 9430 21:0 1559
1558 9429 0:0 1559
1558 9431 0:0 1559
1558 9432 21:0 1625
1571 9422 0:0 1573
1571 33 0:0 1573
1572 9441 0:0 1573
1607 9442 0:0 1609
1613 9446 0:0 1614
1613 9449 0:0 1614
1613 9448 0:0 1614
1623 9433 0:0 1625
1624 9435 0:0 1625
1624 9461 0:0 1625
1624 9450 0:0 1625
1627 9463 21:0 1635
1628 49 0:0 1630
1634 9464 0:0 1635
1634 53 0:0 1635
1634 9462 0:0 1635
1634 9465 21:0 1701
1647 9455 0:0 1649
1648 9474 0:0 1649
1683 9475 0:0 1685
1689 9481 0:0 1690
1689 9482 0:0 1690
1689 9479 0:0 1690
1699 9466 0:0 1701
1700 9494 0:0 1701
1700 9483 0:0 1701
1700 9468 0:0 1701
1703 9496 21:0 1711
1710 9495 0:0 1711
1710 9498 0:0 1711
1710 9497 21:0 1777
1723 9488 0:0 1725
1724 9507 0:0 1725
1759 9508 0:0 1761
1765 9515 0:0 1766
1765 9512 0:0 1766
1765 9514 0:0 1766
1775 9499 0:0 1777
1776 9516 0:0 1777
1776 9527 0:0 1777
1776 9501 0:0 1777
1779 9529 21:0 1787
1786 9531 0:0 1787
1786 9528 0:0 1787
1786 9530 21:0 1853
1799 87 0:0 1801
1799 9521 0:0 1801
1800 9540 0:0 1801
1835 9541 0:0 1837
1841 9547 0:0 1842
1841 9545 0:0 1842
1841 9548 0:0 1842
1851 9532 0:0 1853
1852 9560 0:0 1853
1852 9549 0:0 1853
1852 9534 0:0 1853
1855 9562 21:0 1863
1862 9563 0:0 1863
1862 107 0:0 1863
1862 9561 0:0 1863
1862 9564 21:0 1929
1875 9554 0:0 1877
1875 105 0:0 1877
1876 9573 0:0 1877
1911 9574 0:0 1913
1917 9581 0:0 1918
1917 9580 0:0 1918
1917 9578 0:0 1918
1927 9565 0:0 1929
1928 9582 0:0 1929
1928 9593 0:0 1929
1928 9567 0:0 1929
1931 9595 21:0 1939
1938 9594 0:0 1939
1938 9597 0:0 1939
1938 9596 21:0 2005
1951 9587 0:0 1953
1993 9614 0:0 1994
1993 9611 0:0 1994
1993 9613 0:0 1994
2003 9598 0:0 2005
2004 9626 0:0 2005
2004 9600 0:0 2005
2004 9615 0:0 2005
2007 9628 21:0 2015
2014 9629 0:0 2015
2014 9627 0:0 2015
2014 9630 21:0 2081
2027 141 0:0 2029
2028 9639 0:0 2029
2063 9640 0:0 2065
2069 9647 0:0 2070
2069 9646 0:0 2070
2069 9644 0:0 2070
2079 9631 0:0 2081
2080 9633 0:0 2081
2083 9661 21:0 2091
2090 9663 0:0 2091
2090 9662 21:0 2157
2104 9672 0:0 2105
2155 9664 0:0 2157
2159 9694 21:0 2167
2166 9695 0:0 2167
2166 9696 21:0 2233
2180 9705 0:0 2181
2231 9697 0:0 2233
2235 9727 21:0 2243
2242 9729 0:0 2243
2242 9728 21:0 2309
2256 9738 0:0 2257
2297 9746 0:0 2298
2307 9730 0:0 2309
2311 9760 21:0 2319
2318 9761 0:0 2319
2318 9762 21:0 2385
2383 9763 0:0 2385
2387 9793 21:0 2395
2394 9795 0:0 2395
2394 9794 21:0 2461
2459 9796 0:0 2461
2463 9826 21:0 2471
2470 9828 0:0 2471
2470 9827 21:0 2537
2535 9829 0:0 2537
2539 9859 21:0 2547
2546 9860 0:0 2547
2546 9861 21:0 2613
2559 267 0:0 2561
2611 9862 0:0 2613
2615 9892 21:0 2623
2622 9893 0:0 2623
2622 9894 21:0 2689
2687 9895 0:0 2689
2691 9925 21:0 2699
2698 9926 0:0 2699
2698 9927 21:0 2765
2763 9928 0:0 2765
2767 9958 21:0 2775
2774 9959 0:0 2775
2774 9960 21:0 2784
2776 9364 1:0 2785
2776 9365 1:0 2786
2783 9961 21:0 2794
2788 9363 1:0 2795
2789 9355 1:0 2808
2789 9348 1:0 2831
2789 9333 1:0 2901
2793 9686 21:0 2799
2795 9332 1:0 2908
2797 9331 1:0 2907
2798 9714 21:0 2799
2798 9825 21:0 2802
2800 9330 1:0 2917
2800 9317 1:0 2945
2801 9677 21:0 2802
2803 9315 1:0 2953
2803 9300 1:0 3023
2814 336 21:0 2828
2833 9299 1:0 3030
2878 9680 21:0 2903
2902 9706 21:0 2903
2902 9713 21:0 2906
2905 9752 21:0 2906
2905 9747 21:0 2913
2910 9298 1:0 3029
2911 9297 1:0 3039
2911 9289 1:0 3052
2911 9276 1:0 3101
2912 9798 21:0 2913
2912 9607 21:0 2916
2914 9267 1:0 3145
2915 9858 21:0 2916
2915 9620 21:0 2921
2917 9275 1:0 3125
2917 9269 1:0 3129
2919 267 1:0 3147
2919 9265 1:0 3151
2920 9778 21:0 2921
2920 9743 21:0 2924
2922 9266 1:0 3152
2923 9805 21:0 2924
2923 9692 21:0 2947
2925 9264 1:0 3161
2925 9256 1:0 3174
2929 9262 1:0 3170
2943 9250 1:0 3197
2944 9249 1:0 3197
2946 9792 21:0 2950
2955 9234 1:0 3267
3000 9857 21:0 3025
3024 9950 21:0 3025
3024 9870 21:0 3028
3027 9838 21:0 3028
3031 10078 21:0 3035
3032 9233 1:0 3274
3033 9232 1:0 3273
3033 9231 1:0 3283
3033 9214 1:0 3319
3034 9884 21:0 3035
3034 9666 21:0 3038
3037 9831 21:0 3038
3041 9201 1:0 3389
3041 9200 1:0 3396
3047 9199 1:0 3395
3154 9198 1:0 3405
3154 9177 1:0 3467
3155 9168 1:0 3511
3155 9167 1:0 3518
3163 9166 1:0 3517
3169 9165 1:0 3527
3169 9157 1:0 3540
3169 9148 1:0 3563
3173 9144 1:0 3589
3276 9135 1:0 3633
3277 9133 1:0 3639
3277 9134 1:0 3640
3285 10196 21:0 3287
3285 9132 1:0 3649
3285 9117 1:0 3685
3285 9115 1:0 3685
3285 9111 1:0 3711
3291 9102 1:0 3755
3397 10249 21:0 3401
3398 9101 1:0 3762
3399 9100 1:0 3761
3399 9099 1:0 3771
3399 9097 1:0 3780
3407 9091 1:0 3784
3407 9086 1:0 3799
3407 9077 1:0 3857
3407 9069 1:0 3877
3413 9071 1:0 3861
3431 9068 1:0 3884
3519 10306 21:0 3523
3520 9067 1:0 3883
3521 9065 1:0 3887
3521 9066 1:0 3893
3521 9053 1:0 3921
3521 9045 1:0 3955
3529 9052 1:0 3929
3529 9036 1:0 3999
3529 141 1:0 4001
3535 9035 1:0 4006
3642 9034 1:0 4005
3643 9033 1:0 4015
3643 9031 1:0 4024
3643 9019 1:0 4051
3651 9011 1:0 4101
3651 9003 1:0 4121
3651 9002 1:0 4128
3657 9001 1:0 4127
3764 9000 1:0 4137
3764 8987 1:0 4165
3764 8979 1:0 4199
3765 8983 1:0 4173
3765 8985 1:0 4173
3765 8970 1:0 4243
3773 105 1:0 4245
3773 8968 1:0 4249
3779 8969 1:0 4250
3779 107 1:0 4255
3886 8967 1:0 4259
3886 8953 1:0 4295
3887 8945 1:0 4345
3887 8939 1:0 4349
3887 8937 1:0 4365
3895 87 1:0 4367
3895 8935 1:0 4371
3895 8933 1:0 4375
3901 8936 1:0 4372
3920 8934 1:0 4381
4008 8926 1:0 4394
4008 8913 1:0 4443
4009 8904 1:0 4487
4009 8902 1:0 4493
4017 10538 21:0 4019
4017 8903 1:0 4494
4017 8900 1:0 4497
4023 8901 1:0 4503
4023 8893 1:0 4516
4023 8888 1:0 4531
4027 8887 1:0 4539
4130 8873 1:0 4593
4130 8871 1:0 4609
4131 8870 1:0 4616
4139 10595 21:0 4141
4139 8869 1:0 4615
4139 8867 1:0 4619
4139 8868 1:0 4625
4142 53 1:0 4621
4145 49 1:0 4629
4145 8855 1:0 4653
4145 8847 1:0 4687
4149 8851 1:0 4661
4251 10648 21:0 4255
4252 8846 1:0 4711
4252 8838 1:0 4731
4253 33 1:0 4733
4253 8837 1:0 4738
4261 10652 21:0 4263
4261 8836 1:0 4737
4261 8835 1:0 4747
4261 8833 1:0 4756
4267 8807 1:0 4837
4267 8805 1:0 4853
4271 337 1:0 6334
4374 15 1:0 4855
4374 8804 1:0 4860
4375 8803 1:0 4859
4375 8801 1:0 4863
4383 10709 21:0 4385
4383 17 1:0 4865
4383 8802 1:0 4869
4383 13 1:0 4873
4383 8780 1:0 4955
4383 8774 1:0 4959
4389 9961 1:0 6345
4861 10933 21:0 4865
4984 10997 21:0 5023
5021 10998 0:0 5023
5023 11002 21:0 5039
5027 11004 0:0 5028
5027 11005 0:0 5028
5038 11017 21:0 5039
5038 10991 0:0 5039
5038 11006 0:0 5039
5041 11019 21:0 5049
5048 11018 0:0 5049
5048 11021 0:0 5049
5048 11020 21:0 5115
5061 11011 0:0 5063
5062 11030 0:0 5063
5097 11031 0:0 5099
5103 11035 0:0 5104
5103 11037 0:0 5104
5103 11038 0:0 5104
5113 11022 0:0 5115
5114 11039 0:0 5115
5114 11024 0:0 5115
5114 11050 0:0 5115
5117 11052 21:0 5125
5124 11053 0:0 5125
5124 11051 0:0 5125
5124 11054 21:0 5191
5137 11044 0:0 5139
5138 11063 0:0 5139
5173 11064 0:0 5175
5179 11068 0:0 5180
5179 11071 0:0 5180
5179 11070 0:0 5180
5189 11055 0:0 5191
5190 11083 0:0 5191
5190 11072 0:0 5191
5190 11057 0:0 5191
5193 11085 21:0 5201
5200 11084 0:0 5201
5200 11087 0:0 5201
5200 11086 21:0 5267
5213 11077 0:0 5215
5214 11096 0:0 5215
5249 11097 0:0 5251
5255 11101 0:0 5256
5255 11104 0:0 5256
5255 11103 0:0 5256
5265 11088 0:0 5267
5266 11090 0:0 5267
5266 11116 0:0 5267
5266 11105 0:0 5267
5269 11118 21:0 5277
5276 11117 0:0 5277
5276 11119 0:0 5277
5276 11120 21:0 5343
5289 11110 0:0 5291
5290 11129 0:0 5291
5325 11130 0:0 5327
5331 11136 0:0 5332
5331 11134 0:0 5332
5331 11137 0:0 5332
5341 11121 0:0 5343
5342 11123 0:0 5343
5342 11149 0:0 5343
5342 11138 0:0 5343
5345 11151 21:0 5353
5352 11150 0:0 5353
5352 11152 0:0 5353
5352 11153 21:0 5419
5365 11143 0:0 5367
5366 11162 0:0 5367
5401 11163 0:0 5403
5407 11167 0:0 5408
5407 11169 0:0 5408
5407 11170 0:0 5408
5417 11154 0:0 5419
5418 11156 0:0 5419
5418 11182 0:0 5419
5418 11171 0:0 5419
5421 11184 21:0 5429
5428 11186 0:0 5429
5428 11183 0:0 5429
5428 11185 21:0 5495
5441 11176 0:0 5443
5442 11195 0:0 5443
5477 11196 0:0 5479
5483 11200 0:0 5484
5483 11202 0:0 5484
5483 11203 0:0 5484
5493 11187 0:0 5495
5494 11215 0:0 5495
5494 11204 0:0 5495
5494 11189 0:0 5495
5497 11217 21:0 5505
5504 11216 0:0 5505
5504 11219 0:0 5505
5504 11218 21:0 5571
5517 11209 0:0 5519
5518 11228 0:0 5519
5553 11229 0:0 5555
5559 11235 0:0 5560
5559 11233 0:0 5560
5559 11236 0:0 5560
5569 11220 0:0 5571
5570 11222 0:0 5571
5570 11237 0:0 5571
5570 11248 0:0 5571
5573 11250 21:0 5581
5580 11252 0:0 5581
5580 11249 0:0 5581
5580 11251 21:0 5647
5593 11242 0:0 5595
5594 11261 0:0 5595
5629 11262 0:0 5631
5635 11268 0:0 5636
5635 11269 0:0 5636
5635 11266 0:0 5636
5645 11253 0:0 5647
5646 11270 0:0 5647
5646 11281 0:0 5647
5646 11255 0:0 5647
5649 11283 21:0 5657
5656 11282 0:0 5657
5656 11284 0:0 5657
5656 11285 21:0 5723
5669 11275 0:0 5671
5670 11294 0:0 5671
5705 11295 0:0 5707
5711 11299 0:0 5712
5711 11302 0:0 5712
5711 11301 0:0 5712
5721 11286 0:0 5723
5722 11288 0:0 5723
5725 11316 21:0 5733
5732 11317 0:0 5733
5732 11318 21:0 5799
5745 11308 0:0 5747
5797 11319 0:0 5799
5801 11349 21:0 5809
5808 11350 0:0 5809
5808 11351 21:0 5875
5873 11352 0:0 5875
5877 11382 21:0 5885
5884 11383 0:0 5885
5884 11384 21:0 5951
5949 11385 0:0 5951
5953 11415 21:0 5961
5960 11416 0:0 5961
5960 11417 21:0 6027
6025 11418 0:0 6027
6029 11448 21:0 6037
6036 11449 0:0 6037
6036 11450 21:0 6103
6101 11451 0:0 6103
6105 11481 21:0 6113
6112 11483 0:0 6113
6112 11482 21:0 6179
6177 11484 0:0 6179
6181 11514 21:0 6189
6188 11516 0:0 6189
6188 11515 21:0 6255
6253 11517 0:0 6255
6257 11547 21:0 6265
6264 11548 0:0 6265
6264 11549 21:0 6331
6329 11550 0:0 6331
6333 11580 21:0 6341
6340 11581 0:0 6341
6340 11582 21:0 6350
6342 9959 1:0 6352
6342 9960 1:0 6353
6349 11583 21:0 6361
6355 336 1:0 2777
6356 9958 1:0 6363
6356 9950 1:0 6378
6356 9928 1:0 6476
6360 11303 21:0 6367
6362 9927 1:0 6484
6365 9926 1:0 6483
6365 9925 1:0 6494
6366 11314 21:0 6367
6366 11335 21:0 6370
6368 10078 1:0 6607
6369 11315 21:0 6370
6371 9895 1:0 6607
6384 337 21:0 6398
6391 9894 1:0 6615
6404 9893 1:0 6614
6451 11332 21:0 6478
6477 11336 21:0 6478
6477 11347 21:0 6481
6480 11341 21:0 6481
6480 11327 21:0 6489
6486 9892 1:0 6625
6486 9884 1:0 6640
6486 9870 1:0 6709
6487 9858 1:0 6738
6487 9862 1:0 6738
6488 11321 21:0 6489
6488 11367 21:0 6492
6490 9861 1:0 6746
6491 11380 21:0 6492
6491 11334 21:0 6498
6496 9860 1:0 6745
6496 9859 1:0 6756
6496 9831 1:0 6761
6496 9838 1:0 6789
6497 11360 21:0 6498
6497 11348 21:0 6501
6499 9857 1:0 6766
6499 10196 1:0 6840
6500 11427 21:0 6501
6500 11464 21:0 6521
6502 9829 1:0 6869
6502 9825 1:0 6869
6520 11479 21:0 6529
6522 9827 1:0 6876
6535 9828 1:0 6877
6582 11467 21:0 6609
6608 11480 21:0 6609
6608 11453 21:0 6612
6611 11374 21:0 6612
6611 11530 21:0 6620
6617 9826 1:0 6887
6617 9805 1:0 6920
6617 9792 1:0 6920
6617 10249 1:0 6971
6618 9798 1:0 6984
6618 9796 1:0 7000
6619 11566 21:0 6620
6619 11565 21:0 6623
6622 11512 21:0 6623
6622 11400 21:0 6629
6624 9794 1:0 7007
6627 9795 1:0 7008
6627 9793 1:0 7018
6627 9778 1:0 7057
6633 9763 1:0 7131
6635 10306 1:0 7131
6666 9762 1:0 7139
6746 10135 21:0 6751
6748 9761 1:0 7138
6749 9760 1:0 7149
6749 9752 1:0 7164
6749 9747 1:0 7179
6749 9743 1:0 7188
6758 9746 1:0 7188
6758 9738 1:0 7241
6758 9730 1:0 7262
6764 9728 1:0 7269
6767 10142 21:0 6791
6784 9729 1:0 7270
6879 9727 1:0 7280
6879 9713 1:0 7310
6879 9714 1:0 7310
6879 9706 1:0 7345
6880 9705 1:0 7372
6880 9697 1:0 7393
6889 9695 1:0 7400
6889 9696 1:0 7401
6895 9694 1:0 7411
6897 9692 1:0 7416
6898 10199 21:0 6922
6900 9680 1:0 7441
6915 9686 1:0 7426
6916 9677 1:0 7450
6923 9666 1:0 7508
7008 10249 21:0 7013
7010 9672 1:0 7503
7010 9664 1:0 7524
7011 9662 1:0 7531
7020 9663 1:0 7532
7020 9661 1:0 7542
7020 9646 1:0 7581
7020 9644 1:0 7581
7020 9647 1:0 7581
7026 9640 1:0 7607
7026 10538 1:0 7655
7046 9631 1:0 7655
7047 9633 1:0 7639
7059 9639 1:0 7634
7141 9630 1:0 7663
7142 9629 1:0 7662
7142 9627 1:0 7666
7151 9628 1:0 7673
7151 9626 1:0 7683
7151 9620 1:0 7688
7151 9615 1:0 7703
7151 9613 1:0 7712
7151 9607 1:0 7738
7157 9611 1:0 7712
7157 9614 1:0 7712
7160 10313 21:0 7184
7177 9598 1:0 7786
7178 10595 1:0 7786
7185 9600 1:0 7770
7272 9596 1:0 7793
7272 9594 1:0 7797
7273 9597 1:0 7794
7282 9595 1:0 7804
7282 9593 1:0 7814
7282 9587 1:0 7819
7282 9582 1:0 7834
7282 9578 1:0 7843
7282 9580 1:0 7843
7282 10648 1:0 7888
7288 9581 1:0 7843
7288 9574 1:0 7869
7288 10652 1:0 7917
7309 9565 1:0 7917
7321 9567 1:0 7901
7403 9573 1:0 7896
7404 9563 1:0 7924
7404 9564 1:0 7925
7404 9561 1:0 7928
7413 9562 1:0 7935
7413 9560 1:0 7945
7413 9554 1:0 7950
7413 9549 1:0 7965
7413 9541 1:0 8000
7419 9548 1:0 7974
7419 9545 1:0 7974
7419 9547 1:0 7974
7422 10427 21:0 7446
7440 9532 1:0 8048
7447 10709 1:0 8048
7452 9540 1:0 8027
7534 9534 1:0 8032
7535 9530 1:0 8055
7535 9531 1:0 8056
7535 9528 1:0 8059
7544 9529 1:0 8066
7544 9527 1:0 8076
7544 9521 1:0 8081
7544 9516 1:0 8096
7544 9508 1:0 8131
7550 9514 1:0 8105
7550 9512 1:0 8105
7550 9515 1:0 8105
7571 9499 1:0 8179
7583 9507 1:0 8158
7665 9501 1:0 8163
7666 9497 1:0 8186
7666 9498 1:0 8187
7666 9495 1:0 8190
7674 10538 21:0 7677
7675 9496 1:0 8197
7675 9494 1:0 8207
7675 9488 1:0 8212
7675 9483 1:0 8227
7675 9475 1:0 8262
7678 9479 1:0 8236
7681 9482 1:0 8236
7681 9481 1:0 8236
7701 9466 1:0 8310
7702 9474 1:0 8289
7714 9468 1:0 8294
7796 9465 1:0 8318
7797 9464 1:0 8317
7797 9462 1:0 8321
7806 9463 1:0 8328
7806 9461 1:0 8338
7806 9455 1:0 8343
7806 9450 1:0 8358
7806 9449 1:0 8367
7806 9442 1:0 8393
7812 9448 1:0 8367
7812 9446 1:0 8367
7815 10598 0:0 7836
7832 9433 1:0 8441
7833 9441 1:0 8420
7833 9435 1:0 8425
7925 10648 21:0 7930
7927 9432 1:0 8449
7927 9429 1:0 8452
7928 9431 1:0 8448
7937 9430 1:0 8459
7937 9428 1:0 8469
7937 9422 1:0 8474
7937 9417 1:0 8489
7937 9416 1:0 8498
7937 9415 1:0 8498
7937 9413 1:0 8498
7937 9409 1:0 8524
7945 9400 1:0 8572
7946 10655 0:0 7967
7948 10933 1:0 8572
7963 9408 1:0 8551
7964 9402 1:0 8556
8058 9398 1:0 8579
8059 9399 1:0 8580
8059 9396 1:0 8583
8068 9397 1:0 8590
8068 9395 1:0 8600
8068 9389 1:0 8605
8068 9384 1:0 8620
8068 9380 1:0 8625
8068 9382 1:0 8625
8068 9383 1:0 8625
8068 9369 1:0 8674
8074 9376 1:0 8655
8074 9375 1:0 8682
8074 338 1:0 10063
8077 10712 0:0 8098
8095 11583 1:0 10074
8189 11582 1:0 10082
8198 10766 21:0 8201
8318 10819 21:0 8323
8601 10940 0:0 8622
8713 12619 21:0 8752
8750 12620 0:0 8752
8752 12624 21:0 8768
8756 12626 0:0 8757
8756 12627 0:0 8757
8767 12613 21:0 8768
8767 12639 0:0 8768
8770 12641 21:0 8778
8777 12643 0:0 8778
8777 12640 0:0 8778
8777 17 0:0 8778
8777 12642 21:0 8844
8790 12633 0:0 8792
8832 12657 0:0 8833
8832 12660 0:0 8833
8842 12644 0:0 8844
8846 12674 21:0 8854
8847 31 0:0 8849
8853 12673 0:0 8854
8853 12676 0:0 8854
8853 12675 21:0 8920
8902 12686 0:0 8904
8908 12693 0:0 8909
8918 12677 0:0 8920
8919 12694 0:0 8920
8919 12679 0:0 8920
8919 12705 0:0 8920
8922 12707 21:0 8930
8923 49 0:0 8925
8929 53 0:0 8930
8929 12709 0:0 8930
8929 12708 21:0 8996
8942 51 0:0 8944
8984 12723 0:0 8985
8984 12726 0:0 8985
8994 12710 0:0 8996
8995 12738 0:0 8996
8995 12727 0:0 8996
8998 12740 21:0 9006
9005 12739 0:0 9006
9005 12742 0:0 9006
9005 12741 21:0 9072
9018 12732 0:0 9020
9019 12751 0:0 9020
9054 12752 0:0 9056
9060 12759 0:0 9061
9060 12758 0:0 9061
9070 12743 0:0 9072
9071 12771 0:0 9072
9071 12760 0:0 9072
9074 12773 21:0 9082
9081 12774 0:0 9082
9081 12772 0:0 9082
9081 12775 21:0 9148
9094 12765 0:0 9096
9095 12784 0:0 9096
9130 12785 0:0 9132
9136 12792 0:0 9137
9136 12789 0:0 9137
9146 12776 0:0 9148
9147 12778 0:0 9148
9150 12806 21:0 9158
9157 107 0:0 9158
9157 12808 0:0 9158
9157 12807 21:0 9224
9170 12798 0:0 9172
9171 12817 0:0 9172
9212 12825 0:0 9213
9212 12822 0:0 9213
9222 12809 0:0 9224
9223 12826 0:0 9224
9223 12811 0:0 9224
9226 12839 21:0 9234
9233 125 0:0 9234
9233 12841 0:0 9234
9233 12840 21:0 9300
9246 12831 0:0 9248
9282 12851 0:0 9284
9288 12857 0:0 9289
9298 12842 0:0 9300
9299 12844 0:0 9300
9299 12870 0:0 9300
9299 12859 0:0 9300
9302 12872 21:0 9310
9303 139 0:0 9305
9309 12873 0:0 9310
9309 12874 21:0 9376
9364 12891 0:0 9365
9374 12875 0:0 9376
9375 12892 0:0 9376
9375 12903 0:0 9376
9375 12877 0:0 9376
9378 12905 21:0 9386
9385 12904 0:0 9386
9385 161 0:0 9386
9385 12906 0:0 9386
9385 12907 21:0 9452
9434 12917 0:0 9436
9440 12923 0:0 9441
9450 12908 0:0 9452
9451 12925 0:0 9452
9451 12910 0:0 9452
9454 12938 21:0 9462
9461 12939 0:0 9462
9461 12940 21:0 9528
9474 177 0:0 9476
9510 12950 0:0 9512
9516 12954 0:0 9517
9526 12941 0:0 9528
9527 12958 0:0 9528
9530 12971 21:0 9538
9537 12972 0:0 9538
9537 12973 21:0 9604
9551 12982 0:0 9552
9592 12987 0:0 9593
9602 12974 0:0 9604
9603 12976 0:0 9604
9606 13004 21:0 9614
9613 13005 0:0 9614
9613 13006 21:0 9680
9627 13015 0:0 9628
9668 13023 0:0 9669
9678 13007 0:0 9680
9682 13037 21:0 9690
9689 13039 0:0 9690
9689 13038 21:0 9756
9738 13049 0:0 9740
9744 13055 0:0 9745
9754 13040 0:0 9756
9758 13070 21:0 9766
9765 13071 0:0 9766
9765 251 0:0 9766
9765 13072 21:0 9832
9830 13073 0:0 9832
9831 13090 0:0 9832
9834 13103 21:0 9842
9841 13105 0:0 9842
9841 13102 0:0 9842
9841 13104 21:0 9908
9896 13121 0:0 9897
9906 13106 0:0 9908
9907 13108 0:0 9908
9910 13136 21:0 9918
9917 13137 0:0 9918
9917 13138 21:0 9984
9982 13139 0:0 9984
9983 13141 0:0 9984
9986 13169 21:0 9994
9993 13171 0:0 9994
9993 13170 21:0 10060
10058 13172 0:0 10060
10062 13202 21:0 10070
10069 13203 0:0 10070
10069 13204 21:0 10079
10071 11581 1:0 10081
10078 13205 21:0 10090
10084 11580 1:0 10092
10084 11565 1:0 10122
10085 11566 1:0 10131
10085 11550 1:0 10205
10091 11549 1:0 10213
10094 11548 1:0 10212
10094 11547 1:0 10223
10094 11530 1:0 10262
10102 11517 1:0 10336
10113 338 21:0 10127
10133 11515 1:0 10343
10215 11516 1:0 10344
10216 11514 1:0 10354
10216 11512 1:0 10364
10216 10135 1:0 10438
10225 11484 1:0 10467
10225 11480 1:0 10467
10231 11482 1:0 10474
10236 11483 1:0 10475
10346 11481 1:0 10485
10346 11467 1:0 10490
10346 10142 1:0 10494
10346 11479 1:0 10495
10347 11464 1:0 10524
10347 11453 1:0 10582
10347 11451 1:0 10598
10356 11449 1:0 10605
10356 11450 1:0 10606
10362 251 1:0 10611
10367 11448 1:0 10616
10382 11400 1:0 10646
10383 10199 1:0 10625
10395 11427 1:0 10681
10477 11418 1:0 10729
10478 10249 1:0 10729
10478 11417 1:0 10737
10487 11416 1:0 10736
10487 11415 1:0 10747
10487 11374 1:0 10752
10493 10313 1:0 10780
10493 11348 1:0 10780
10493 11360 1:0 10831
10514 11385 1:0 10860
10526 11334 1:0 10860
10608 11384 1:0 10868
10609 11383 1:0 10867
10618 11382 1:0 10878
10618 11380 1:0 10883
10618 11321 1:0 10911
10618 11367 1:0 10911
10618 11327 1:0 10962
10618 11341 1:0 10991
10624 11352 1:0 10991
10645 11351 1:0 10999
10739 11350 1:0 10998
10740 11349 1:0 11009
10740 11347 1:0 11014
10740 11336 1:0 11039
10740 11332 1:0 11039
10749 11335 1:0 11048
10749 11319 1:0 11122
10749 11315 1:0 11122
10749 177 1:0 11124
10755 11318 1:0 11130
10776 11317 1:0 11129
10870 11316 1:0 11140
10870 10427 1:0 11145
10871 11314 1:0 11150
10871 11308 1:0 11155
10871 11303 1:0 11170
10871 11299 1:0 11179
10871 11302 1:0 11179
10871 11295 1:0 11205
10880 11301 1:0 11179
10880 11294 1:0 11232
10880 11288 1:0 11237
10880 11286 1:0 11253
10886 11285 1:0 11261
10907 11284 1:0 11260
10919 11282 1:0 11264
11001 161 1:0 11266
11002 11283 1:0 11271
11002 11281 1:0 11281
11002 11275 1:0 11286
11002 11270 1:0 11301
11002 11268 1:0 11310
11002 11262 1:0 11336
11011 11269 1:0 11310
11011 11266 1:0 11310
11011 11261 1:0 11363
11011 10538 1:0 11384
11011 11253 1:0 11384
11017 11255 1:0 11368
11022 11251 1:0 11391
11132 11252 1:0 11392
11132 11249 1:0 11395
11133 11250 1:0 11402
11133 139 1:0 11406
11133 11248 1:0 11412
11133 11242 1:0 11417
11133 11237 1:0 11432
11142 11236 1:0 11441
11142 11233 1:0 11441
11142 11235 1:0 11441
11142 11229 1:0 11467
11142 11220 1:0 11515
11148 11228 1:0 11494
11148 11222 1:0 11499
11168 11218 1:0 11522
11263 11219 1:0 11523
11263 11216 1:0 11526
11264 125 1:0 11528
11264 11217 1:0 11533
11264 10598 1:0 11542
11264 11215 1:0 11543
11273 11209 1:0 11548
11273 11204 1:0 11563
11273 11203 1:0 11572
11273 11200 1:0 11572
11273 11202 1:0 11572
11273 11196 1:0 11598
11279 10648 1:0 11646
11279 11187 1:0 11646
11281 11189 1:0 11630
11284 11195 1:0 11625
11394 11185 1:0 11653
11394 11183 1:0 11657
11395 11186 1:0 11654
11395 107 1:0 11659
11404 11184 1:0 11664
11404 10655 1:0 11673
11404 11182 1:0 11674
11404 11176 1:0 11679
11404 11171 1:0 11694
11404 11169 1:0 11703
11404 11170 1:0 11703
11404 11163 1:0 11729
11410 11167 1:0 11703
11415 11154 1:0 11777
11430 11162 1:0 11756
11431 11156 1:0 11761
11525 11153 1:0 11785
11525 11150 1:0 11788
11526 11152 1:0 11784
11535 11151 1:0 11795
11535 10712 1:0 11804
11535 11149 1:0 11805
11535 11143 1:0 11810
11535 11138 1:0 11825
11535 11134 1:0 11834
11535 11137 1:0 11834
11541 11136 1:0 11834
11541 11130 1:0 11860
11541 10766 1:0 11908
11562 11121 1:0 11908
11574 11129 1:0 11887
11656 11123 1:0 11892
11657 11119 1:0 11915
11657 11120 1:0 11916
11657 11117 1:0 11919
11666 11118 1:0 11926
11666 11116 1:0 11936
11666 11110 1:0 11941
11666 11105 1:0 11956
11666 11104 1:0 11965
11672 11101 1:0 11965
11672 11103 1:0 11965
11672 11097 1:0 11991
11674 10819 1:0 12039
11705 11088 1:0 12039
11787 11096 1:0 12018
11787 11090 1:0 12023
11787 51 1:0 12041
11788 11086 1:0 12046
11788 11084 1:0 12050
11797 11087 1:0 12047
11797 53 1:0 12052
11797 11085 1:0 12057
11797 49 1:0 12061
11803 11083 1:0 12067
11803 11077 1:0 12072
11803 11072 1:0 12087
11805 11068 1:0 12096
11808 11071 1:0 12096
11823 11064 1:0 12122
11824 11070 1:0 12096
11918 11057 1:0 12154
11918 11055 1:0 12170
11919 11063 1:0 12149
11919 11054 1:0 12178
11919 11051 1:0 12181
11928 11053 1:0 12177
11928 11052 1:0 12188
11934 31 1:0 12192
11934 11050 1:0 12198
11934 11039 1:0 12218
11936 11044 1:0 12203
11939 339 1:0 12221
11954 11017 1:0 12272
11955 11038 1:0 12223
11967 11031 1:0 12223
12049 11035 1:0 12223
12049 11037 1:0 12223
12049 11002 1:0 12301
12050 11030 1:0 12280
12050 11024 1:0 12285
12050 11022 1:0 12301
12059 11020 1:0 12308
12059 11021 1:0 12309
12059 11018 1:0 12312
12065 17 1:0 12314
12070 11019 1:0 12319
12085 10997 1:0 12324
12086 11006 1:0 12325
12098 10940 1:0 12326
12180 13205 1:0 12434
12181 11011 1:0 12326
12181 11004 1:0 12354
12181 11005 1:0 12354
12181 10998 1:0 12354
12181 10991 1:0 12416
12190 13203 1:0 12441
12190 13204 1:0 12442
12196 13202 1:0 12452
12198 6155 1:0 12616
12229 13172 1:0 12655
12311 6152 1:0 12605
12311 6153 1:0 12606
12311 6154 1:0 12615
12311 6156 1:0 12625
12312 6157 1:0 12626
12312 13170 1:0 12662
12312 6303 1:0 12846
12321 13171 1:0 12663
12321 13169 1:0 12673
12327 13141 1:0 12770
12327 6299 1:0 12826
12347 13139 1:0 12876
12348 6300 1:0 12827
12360 6301 1:0 12836
12360 6302 1:0 12837
12444 6304 1:0 12847
12444 6451 1:0 13068
12445 13137 1:0 12883
12445 13138 1:0 12884
12454 13136 1:0 12894
12454 13121 1:0 12933
12454 6446 1:0 13047
12454 6447 1:0 13048
12460 13106 1:0 13097
12462 13108 1:0 12991
12473 339 21:0 12487
12480 6448 1:0 13057
12481 6449 1:0 13058
12481 6450 1:0 13067
12534 13104 1:0 13104
12563 13105 1:0 13105
12613 13102 1:0 13108
12622 6155 21:0 12657
12655 6156 0:0 12657
12656 6154 0:0 12657
12656 6157 0:0 12657
12656 6153 0:0 12657
12656 6152 0:0 12657
12665 13103 1:0 13115
12665 13090 1:0 13145
12666 6593 1:0 13268
12666 6594 1:0 13269
12666 6595 1:0 13278
12666 6596 1:0 13279
12666 6597 1:0 13288
12666 6598 1:0 13289
12675 13073 1:0 13318
12675 13072 1:0 13326
12683 13071 1:0 13325
12714 13070 1:0 13336
12714 13049 1:0 13401
12755 13055 1:0 13375
12755 6745 1:0 13510
12768 6741 1:0 13490
12783 6740 1:0 13489
12834 13040 1:0 13539
12844 6742 1:0 13499
12856 6303 21:0 12878
12877 6302 0:0 12878
12877 6300 0:0 12878
12877 6304 0:0 12878
12877 6301 0:0 12878
12877 6299 0:0 12878
12886 6743 1:0 13500
12886 6744 1:0 13509
12887 13038 1:0 13546
12887 13039 1:0 13547
12896 13037 1:0 13557
12896 13023 1:0 13596
12896 6887 1:0 13710
12896 6888 1:0 13711
12896 6891 1:0 13730
12902 13015 1:0 13649
12907 13007 1:0 13760
12922 6889 1:0 13720
12923 6890 1:0 13721
12935 6892 1:0 13731
12989 13006 1:0 13768
13006 13005 1:0 13767
13055 7036 1:0 13941
13074 6451 21:0 13099
13097 6450 0:0 13099
13098 6447 0:0 13099
13098 6446 0:0 13099
13098 6448 0:0 13099
13098 6449 0:0 13099
13107 13004 1:0 13778
13107 12987 1:0 13817
13108 12982 1:0 13870
13108 12976 1:0 13875
13108 7034 1:0 13931
13108 7035 1:0 13932
13108 7037 1:0 13942
13108 7038 1:0 13951
13117 7039 1:0 13952
13117 12974 1:0 13981
13123 12973 1:0 13989
13128 12972 1:0 13988
13156 12971 1:0 13999
13197 12958 1:0 14029
13205 12954 1:0 14038
13210 12950 1:0 14064
13225 7185 1:0 14172
13226 7181 1:0 14152
13226 7182 1:0 14153
13276 7183 1:0 14162
13285 6596 21:0 13320
13286 7184 1:0 14163
13319 6593 0:0 13320
13319 6594 0:0 13320
13319 6597 0:0 13320
13319 6598 0:0 13320
13319 6595 0:0 13320
13328 12941 1:0 14202
13329 7186 1:0 14173
13329 12940 1:0 14210
13338 12939 1:0 14209
13338 12938 1:0 14220
13338 12925 1:0 14250
13344 12923 1:0 14259
13344 12917 1:0 14285
13344 7331 1:0 14384
13346 7329 1:0 14374
13349 12910 1:0 14317
13377 12908 1:0 14423
13418 7328 1:0 14373
13418 7330 1:0 14383
13431 7332 1:0 14393
13446 7333 1:0 14394
13497 12907 1:0 14431
13516 6745 21:0 13541
13539 6742 0:0 13541
13540 6740 0:0 13541
13540 6743 0:0 13541
13540 6744 0:0 13541
13540 6741 0:0 13541
13549 12906 1:0 14430
13549 12904 1:0 14434
13550 12905 1:0 14441
13550 12903 1:0 14451
13550 12892 1:0 14471
13559 12891 1:0 14480
13559 12877 1:0 14538
13559 7475 1:0 14594
13559 7476 1:0 14595
13559 12875 1:0 14644
13565 7477 1:0 14604
13565 7478 1:0 14605
13565 7479 1:0 14614
13567 7480 1:0 14615
13598 12874 1:0 14652
13652 12873 1:0 14651
13669 12872 1:0 14662
13718 12859 1:0 14692
13728 12870 1:0 14672
13740 6891 21:0 13762
13761 6892 0:0 13762
13761 6887 0:0 13762
13761 6889 0:0 13762
13761 6890 0:0 13762
13761 6888 0:0 13762
13770 12857 1:0 14701
13770 12851 1:0 14727
13770 7622 1:0 14815
13770 7625 1:0 14826
13771 12844 1:0 14759
13771 7623 1:0 14816
13771 12842 1:0 14865
13780 7624 1:0 14825
13780 7626 1:0 14835
13780 7627 1:0 14836
13780 12840 1:0 14872
13786 12841 1:0 14873
13807 12839 1:0 14883
13819 12831 1:0 14898
13819 12826 1:0 14913
13860 12822 1:0 14922
13868 12825 1:0 14922
13873 7772 1:0 15047
13888 12817 1:0 14975
13889 7769 1:0 15036
13889 7770 1:0 15037
13939 7771 1:0 15046
13951 7036 21:0 13983
13982 7037 0:0 13983
13982 7034 0:0 13983
13982 7038 0:0 13983
13982 7039 0:0 13983
13982 7035 0:0 13983
13991 12811 1:0 14980
13991 12809 1:0 15086
13992 7773 1:0 15056
13992 7774 1:0 15057
13992 12807 1:0 15093
14001 12808 1:0 15094
14001 12806 1:0 15104
14007 12798 1:0 15119
14007 12789 1:0 15143
14007 12785 1:0 15169
14009 12792 1:0 15143
14012 7917 1:0 15258
14027 7916 1:0 15257
14028 12784 1:0 15196
14081 12776 1:0 15307
14094 12778 1:0 15201
14109 7918 1:0 15267
14110 7919 1:0 15268
14110 7920 1:0 15277
14111 7921 1:0 15278
14160 8067 1:0 15498
14182 7185 21:0 14204
14203 7181 0:0 14204
14203 7186 0:0 14204
14203 7183 0:0 14204
14203 7182 0:0 14204
14203 7184 0:0 14204
14212 12775 1:0 15315
14213 12774 1:0 15314
14213 12772 1:0 15318
14222 12773 1:0 15325
14222 12771 1:0 15335
14222 12765 1:0 15340
14222 12760 1:0 15355
14222 12759 1:0 15364
14222 12758 1:0 15364
14222 12752 1:0 15390
14228 12751 1:0 15417
14228 8063 1:0 15478
14248 12743 1:0 15528
14249 8064 1:0 15479
14261 8065 1:0 15488
14261 8066 1:0 15489
14302 8068 1:0 15499
14331 12741 1:0 15535
14390 7331 21:0 14425
14423 7328 0:0 14425
14424 7330 0:0 14425
14424 7333 0:0 14425
14424 7329 0:0 14425
14424 7332 0:0 14425
14433 12742 1:0 15536
14433 12739 1:0 15539
14434 12740 1:0 15546
14434 12738 1:0 15556
14434 12732 1:0 15561
14434 12727 1:0 15576
14434 12723 1:0 15585
14443 12726 1:0 15585
14443 8210 1:0 15699
14443 8211 1:0 15700
14443 8212 1:0 15709
14443 12710 1:0 15749
14449 8213 1:0 15710
14449 8214 1:0 15719
14449 8215 1:0 15720
14470 12708 1:0 15756
14523 12709 1:0 15757
14552 12707 1:0 15767
14553 12705 1:0 15777
14602 12694 1:0 15797
14610 7476 21:0 14646
14612 12693 1:0 15806
14644 7475 0:0 14646
14645 7477 0:0 14646
14645 7480 0:0 14646
14645 7478 0:0 14646
14645 7479 0:0 14646
14654 12686 1:0 15832
14654 8357 1:0 15920
14654 8358 1:0 15921
14654 8359 1:0 15930
14655 12679 1:0 15864
14655 8360 1:0 15931
14655 12677 1:0 15970
14664 8361 1:0 15940
14664 8362 1:0 15941
14664 12675 1:0 15977
14670 12676 1:0 15978
14670 12673 1:0 15981
14691 12674 1:0 15988
14703 12657 1:0 16027
14703 12660 1:0 16027
14744 8505 1:0 16142
14744 8508 1:0 16161
14757 8504 1:0 16141
14774 12644 1:0 16191
14823 8506 1:0 16151
14832 7625 21:0 14867
14833 8507 1:0 16152
14865 7623 0:0 14867
14866 7622 0:0 14867
14866 7627 0:0 14867
14866 7624 0:0 14867
14866 7626 0:0 14867
14875 8509 1:0 16162
14876 12642 1:0 16198
14876 12643 1:0 16199
14876 12640 1:0 16202
14885 12641 1:0 16209
14885 12639 1:0 16219
14885 12633 1:0 16224
14885 12613 1:0 16242
14885 12624 1:0 16242
14891 12620 1:0 16244
14891 12627 1:0 16244
14891 12626 1:0 16244
14893 12619 1:0 16293
14896 8654 1:0 16373
14911 8651 1:0 16362
14912 8652 1:0 16363
14924 8653 1:0 16372
14924 8655 1:0 16382
14965 8656 1:0 16383
15053 7772 21:0 15088
15086 7769 0:0 15088
15087 7774 0:0 15088
15087 7770 0:0 15088
15087 7773 0:0 15088
15087 7771 0:0 15088
15273 7917 21:0 15309
15307 7918 0:0 15309
15308 7919 0:0 15309
15308 7921 0:0 15309
15308 7916 0:0 15309
15308 7920 0:0 15309
15508 8067 21:0 15530
15529 8065 0:0 15530
15529 8063 0:0 15530
15529 8068 0:0 15530
15529 8064 0:0 15530
15529 8066 0:0 15530
15715 8210 21:0 15751
15749 8211 0:0 15751
15750 8214 0:0 15751
15750 8213 0:0 15751
15750 8212 0:0 15751
15750 8215 0:0 15751
15936 8357 21:0 15972
15970 8359 0:0 15972
15971 8361 0:0 15972
15971 8360 0:0 15972
15971 8358 0:0 15972
15971 8362 0:0 15972
16171 8508 21:0 16193
16192 8506 0:0 16193
16192 8504 0:0 16193
16192 8505 0:0 16193
16192 8509 0:0 16193
16192 8507 0:0 16193
16379 8654 21:0 60
