78 49172 21:0 129
128 49079 21:0 200
199 49080 21:0 216
215 49078 21:0 227
226 49081 21:0 232
231 49083 21:0 232
231 49077 21:0 237
236 49076 21:0 237
236 49071 21:0 237
1397 49785 21:0 1407
3374 298 21:0 3392
6733 299 21:0 6751
11328 54198 21:0 11338
13451 301 21:0 13469
36964 308 21:0 36982
47041 311 21:0 47059
102062 299 1:0 3376
102062 301 1:0 10094
102062 308 1:0 33607
102063 311 1:0 43684
102063 46877 1:0 105444
104220 94881 21:0 104286
105281 95341 21:0 105298
105431 46876 1:0 105469
105431 46878 1:0 105507
105431 46866 1:0 105523
105432 46872 1:0 105526
105432 46865 1:0 105552
105432 46871 1:0 105582
105432 47022 1:0 105653
105441 95341 1:0 105649
105441 47025 1:0 105656
105441 47023 1:0 105662
105447 47021 1:0 105665
105447 47024 1:0 105690
105451 47020 1:0 105728
105452 47019 1:0 105744
105452 47013 1:0 105747
105467 47012 1:0 105749
105467 47018 1:0 105803
105480 47167 1:0 105874
105521 47170 1:0 105877
105529 47169 1:0 105883
105549 47168 1:0 105886
105550 47172 1:0 105911
105562 46865 21:0 105606
105600 47171 1:0 105949
105600 47160 1:0 105965
105600 47159 1:0 105968
105602 47166 1:0 105970
105605 46871 21:0 105644
105610 47165 1:0 106024
105620 47316 1:0 106098
105643 46872 21:0 105644
105643 46866 21:0 105644
105643 46878 21:0 105647
105646 46876 21:0 105647
105646 46877 21:0 105655
105652 47315 1:0 106104
105652 47319 1:0 106107
105652 47312 1:0 106107
105652 47313 1:0 106132
105653 47318 1:0 106132
105653 47307 1:0 106132
105653 47306 1:0 106135
105653 47314 1:0 106186
105662 47317 1:0 106266
105662 47461 1:0 106319
105662 47465 1:0 106325
105662 47459 1:0 106328
105662 47454 1:0 106328
105662 47453 1:0 106328
105662 47460 1:0 106328
105668 47462 1:0 106356
105668 47463 1:0 106356
105672 47466 1:0 106407
105688 47464 1:0 106487
105701 47609 1:0 106540
105701 47610 1:0 106546
105742 47607 1:0 106549
105742 47606 1:0 106549
105742 47601 1:0 106549
105750 47600 1:0 106549
105770 47613 1:0 106577
105771 47612 1:0 106577
105813 47018 21:0 105837
105821 47611 1:0 106628
105831 47608 1:0 106697
105836 47012 21:0 105865
105841 47754 1:0 106767
105841 47758 1:0 106767
105841 47748 1:0 106770
105864 47013 21:0 105865
105864 47019 21:0 105865
105864 47020 21:0 105868
105867 47024 21:0 105868
105867 47021 21:0 105876
105873 47759 1:0 106770
105873 47747 1:0 106780
105873 47753 1:0 106780
105874 47757 1:0 106780
105874 47756 1:0 106808
105874 47755 1:0 106852
105875 47023 21:0 105879
105877 47760 1:0 106939
105878 47025 21:0 105879
105878 47022 21:0 105885
105880 47904 1:0 106982
105880 47905 1:0 106988
105883 47894 1:0 106991
105883 47895 1:0 106991
105883 47901 1:0 107001
105883 47902 1:0 107001
105883 47900 1:0 107001
105883 47903 1:0 107029
105886 47907 1:0 107073
105889 47906 1:0 107159
105889 48049 1:0 107203
105889 48048 1:0 107209
105891 48042 1:0 107209
105891 48041 1:0 107209
105894 48050 1:0 107212
105909 48047 1:0 107212
105922 48051 1:0 107240
105922 48053 1:0 107240
105971 48054 1:0 107291
105991 48052 1:0 107371
105992 48197 1:0 107424
105992 48188 1:0 107430
105993 48195 1:0 107430
106034 47165 21:0 106058
106042 48194 1:0 107430
106052 48189 1:0 107433
106052 48198 1:0 107433
106057 47166 21:0 106086
106062 48201 1:0 107461
106085 47160 21:0 106086
106085 47159 21:0 106086
106085 47171 21:0 106089
106088 47172 21:0 106089
106088 47168 21:0 106097
106094 48200 1:0 107461
106094 48196 1:0 107512
106095 48199 1:0 107592
106095 48346 1:0 107645
106095 48348 1:0 107651
106095 48336 1:0 107654
106095 48335 1:0 107654
106096 47169 21:0 106100
106098 48341 1:0 107654
106098 48342 1:0 107654
106099 47170 21:0 106100
106099 47167 21:0 106106
106101 48344 1:0 107682
106101 48347 1:0 107682
106104 48343 1:0 107733
106104 48338 1:0 107773
106104 48345 1:0 107812
106104 48492 1:0 107866
106104 48491 1:0 107872
106107 48488 1:0 107875
106110 48490 1:0 107875
106110 48495 1:0 107903
106112 48489 1:0 107900
106112 48482 1:0 107900
106114 48483 1:0 107903
106130 48494 1:0 107954
106131 48493 1:0 108034
106143 48635 1:0 108093
106184 48642 1:0 108093
106192 48638 1:0 108096
106197 48636 1:0 108096
106197 48629 1:0 108106
106212 48630 1:0 108106
106213 48637 1:0 108106
106225 47306 21:0 106269
106263 48640 1:0 108134
106265 48639 1:0 108178
106272 47317 21:0 106307
106273 48641 1:0 108264
106283 48782 1:0 108314
106306 47314 21:0 106310
106309 47318 21:0 106310
106309 47313 21:0 106315
106314 47307 21:0 106318
106315 48784 1:0 108314
106315 48776 1:0 108317
106315 48785 1:0 108317
106316 48786 1:0 108327
106316 48777 1:0 108327
106316 48783 1:0 108327
106316 48789 1:0 108355
106316 48787 1:0 108399
106317 47312 21:0 106318
106317 47319 21:0 106321
106320 47315 21:0 106321
106320 47316 21:0 106327
106322 48788 1:0 108485
106322 48931 1:0 108529
106325 94881 1:0 108526
106325 48923 1:0 108535
106325 48930 1:0 108535
106325 48924 1:0 108535
106325 48929 1:0 108538
106325 48934 1:0 108538
106328 48936 1:0 108566
106331 48933 1:0 108566
106333 48935 1:0 108617
106336 48932 1:0 108687
106351 54198 1:0 108750
106351 49173 1:0 108969
106352 49076 1:0 108756
106364 49083 1:0 108756
106364 49071 1:0 108756
106405 49081 1:0 108759
106413 49077 1:0 108759
106418 49785 1:0 108769
106418 49070 1:0 108769
106434 49078 1:0 108769
106435 49080 1:0 108797
106446 47453 21:0 106490
106484 49079 1:0 108841
106486 49172 1:0 108968
106493 47464 21:0 106528
106494 49082 1:0 108927
106504 298 1:0 163
106527 47466 21:0 106531
106530 47462 21:0 106531
106530 47463 21:0 106539
106538 47459 21:0 106539
106538 47460 21:0 106539
106538 47454 21:0 106542
106541 47465 21:0 106542
106541 47461 21:0 106548
106707 47608 21:0 106749
106748 47611 21:0 106752
106751 47612 21:0 106752
106751 47613 21:0 106760
106759 47600 21:0 106760
106759 47606 21:0 106760
106759 47601 21:0 106763
106762 47607 21:0 106763
106762 47610 21:0 106763
106762 47609 21:0 106769
106918 47753 21:0 106942
106945 47760 21:0 106970
106969 47755 21:0 106973
106972 47756 21:0 106973
106972 47757 21:0 106981
106980 47759 21:0 106984
106983 47748 21:0 106984
106983 47754 21:0 106984
106983 47747 21:0 106984
106983 47758 21:0 106990
107139 47900 21:0 107163
107169 47906 21:0 107191
107190 47907 21:0 107194
107193 47903 21:0 107194
107193 47902 21:0 107202
107201 47901 21:0 107202
107201 47895 21:0 107202
107201 47894 21:0 107205
107204 47905 21:0 107205
107204 47904 21:0 107211
107330 48041 21:0 107374
107377 48052 21:0 107412
107411 48054 21:0 107415
107414 48051 21:0 107415
107414 48053 21:0 107423
107422 48047 21:0 107423
107422 48050 21:0 107426
107425 48042 21:0 107426
107425 48048 21:0 107426
107425 48049 21:0 107432
107548 48189 21:0 107594
107598 48199 21:0 107633
107632 48196 21:0 107636
107635 48200 21:0 107636
107635 48201 21:0 107644
107643 48198 21:0 107647
107646 48188 21:0 107647
107646 48195 21:0 107647
107646 48194 21:0 107647
107646 48197 21:0 107653
107779 48338 21:0 107799
107822 48345 21:0 107854
107853 48343 21:0 107857
107856 48347 21:0 107857
107856 48344 21:0 107865
107864 48336 21:0 107865
107864 48342 21:0 107865
107864 48335 21:0 107868
107867 48348 21:0 107868
107867 48341 21:0 107868
107867 48346 21:0 107874
107990 48483 21:0 108036
108040 48493 21:0 108075
108074 48494 21:0 108078
108077 48495 21:0 108078
108077 48490 21:0 108086
108085 48489 21:0 108086
108085 48482 21:0 108086
108085 48488 21:0 108089
108088 48491 21:0 108089
108088 48492 21:0 108095
108211 48630 21:0 108257
108274 48641 21:0 108296
108295 48639 21:0 108299
108298 48640 21:0 108299
108298 48637 21:0 108307
108306 48638 21:0 108310
108309 48642 21:0 108310
108309 48629 21:0 108316
108315 48635 21:0 108316
108315 48636 21:0 108316
108462 48783 21:0 108487
108495 48788 21:0 108517
108516 48787 21:0 108520
108519 48789 21:0 108520
108519 48786 21:0 108528
108527 48785 21:0 108531
108530 48784 21:0 108531
108530 48777 21:0 108537
108536 48782 21:0 108537
108536 48776 21:0 108537
108693 48932 21:0 108738
108737 48935 21:0 108741
108740 48936 21:0 108741
108740 48933 21:0 108749
108748 48934 21:0 108752
108751 48924 21:0 108752
108751 48930 21:0 108752
108751 48929 21:0 108752
108751 48923 21:0 108752
108751 48931 21:0 108758
108877 49070 21:0 108921
108937 49082 21:0 108964
108975 49173 21:0 79
