128 49172 0:0 129
130 49081 21:0 227
226 49083 21:0 237
236 49071 21:0 237
236 49073 21:0 237
236 49077 21:0 251
250 49076 21:0 287
286 49075 21:0 287
286 47314 21:0 308
307 46876 21:0 327
326 49072 21:0 327
326 47023 21:0 379
378 47316 21:0 389
388 47317 21:0 444
443 47167 21:0 460
459 47460 21:0 465
464 47306 21:0 465
464 47600 21:0 479
478 47466 21:0 531
530 47313 21:0 536
535 47894 21:0 536
535 47024 21:0 555
554 47454 21:0 591
590 46866 21:0 601
600 47019 21:0 607
606 47312 21:0 607
606 47160 21:0 612
611 47459 21:0 612
611 47012 21:0 617
616 47166 21:0 617
616 329 21:0 672
671 48781 21:0 672
671 48926 21:0 672
671 48925 21:0 683
682 48046 21:0 683
682 48631 21:0 683
682 48779 21:0 683
682 48780 21:0 683
682 48485 21:0 683
682 48928 21:0 683
682 48484 21:0 683
682 48045 21:0 688
687 47016 21:0 688
687 46869 21:0 688
687 48927 21:0 688
687 46868 21:0 688
687 49074 21:0 688
1397 49785 21:0 1428
3374 298 21:0 3424
4610 51256 21:0 4643
4651 307 1:0 30248
6733 299 21:0 6783
7969 52727 21:0 8002
8010 308 1:0 33607
10092 300 21:0 10142
11328 54198 21:0 11361
11369 309 1:0 36966
13451 301 21:0 13506
14687 55669 21:0 14720
14728 310 1:0 40325
16810 302 21:0 16865
18046 57140 21:0 18079
18087 311 1:0 43684
20169 303 21:0 20224
21405 58611 21:0 21438
23528 304 21:0 23583
24805 312 1:0 47043
26887 305 21:0 26942
28164 313 1:0 50402
30246 306 21:0 30301
31482 63024 21:0 31515
31523 314 1:0 53761
33605 307 21:0 33660
34841 64495 21:0 34874
34882 315 1:0 57120
36964 308 21:0 37019
38200 65966 21:0 38233
40323 309 21:0 40378
41600 316 1:0 60479
43682 310 21:0 43737
47041 311 21:0 47096
50400 312 21:0 50455
51677 317 1:0 63838
53759 313 21:0 53814
57118 314 21:0 57173
58395 318 1:0 67197
60477 315 21:0 60532
63836 316 21:0 63891
65113 319 1:0 70556
67195 317 21:0 67250
70554 318 21:0 70609
71831 320 1:0 73915
73913 319 21:0 73968
75190 321 1:0 77274
75190 322 1:0 80633
75190 323 1:0 83992
75191 324 1:0 87351
77272 320 21:0 77327
77649 83244 21:0 77723
78549 83244 1:0 79988
80631 321 21:0 80686
81008 84715 21:0 81082
81908 84715 1:0 83347
83990 322 21:0 84045
84522 86253 21:0 84598
85267 86253 1:0 86436
85268 325 1:0 90710
87349 323 21:0 87404
87653 87625 21:0 87729
88410 87953 21:0 88484
88485 87953 1:0 88885
88626 87625 1:0 90188
90708 324 21:0 90763
91232 89192 21:0 91306
91384 89258 21:0 91458
91459 89258 1:0 92910
91985 89192 1:0 93172
91986 326 1:0 94069
94067 325 21:0 94122
94140 90467 21:0 94214
94368 90565 21:0 94442
94443 90565 1:0 96913
95344 90467 1:0 97307
95345 327 1:0 97428
95345 328 1:0 100787
95345 47013 1:0 105090
97426 326 21:0 97481
97499 91937 21:0 97573
97572 91936 21:0 97644
97950 92134 21:0 98024
98025 92134 1:0 99890
98703 91936 1:0 100575
98704 91937 1:0 100665
98704 47314 1:0 105125
100785 327 21:0 100840
100934 93442 21:0 101008
101013 93476 21:0 101089
101089 93509 21:0 101165
101233 93572 21:0 101307
101308 93572 1:0 103380
101308 93509 1:0 103624
102023 49249 21:0 102028
102034 49793 21:0 102054
102062 93476 1:0 103755
102063 93442 1:0 103894
102063 329 1:0 104146
102072 47307 1:0 105166
102072 47169 1:0 105166
102072 47461 1:0 105201
102072 46865 1:0 105242
102072 47170 1:0 105242
102078 47611 1:0 105277
102078 47168 1:0 105318
102080 49793 1:0 105292
102080 46872 1:0 105318
102143 49843 21:0 102149
102153 49845 21:0 102156
102274 49900 21:0 102280
102284 49902 21:0 102287
102405 49957 21:0 102411
102415 49959 21:0 102418
102536 50014 21:0 102542
102546 50016 21:0 102549
102667 50071 21:0 102673
102677 50073 21:0 102680
102798 50128 21:0 102804
102808 50130 21:0 102811
102929 50185 21:0 102935
102939 50187 21:0 102942
103060 50242 21:0 103066
103070 50244 21:0 103073
103191 50299 21:0 103197
103201 50301 21:0 103204
103322 50356 21:0 103328
103332 50358 21:0 103335
103453 50413 21:0 103459
103463 50415 21:0 103466
103584 50470 21:0 103590
103594 50472 21:0 103597
103715 50527 21:0 103721
103725 50529 21:0 103728
103846 50584 21:0 103852
103856 50586 21:0 103859
103942 50632 21:0 103990
103989 50641 21:0 103990
103989 50643 21:0 103993
104108 50698 21:0 104114
104118 50700 21:0 104121
104144 328 21:0 104199
104198 50703 21:0 104210
104209 5 21:0 104210
104209 7 21:0 104210
104212 94878 21:0 104212
104217 94880 21:0 104217
104217 94879 21:0 104217
104234 21 21:0 104270
104269 25 21:0 104275
104274 23 21:0 104275
104275 27 21:0 104286
104287 21 1:0 104669
104287 27 1:0 104669
104287 65966 1:0 104674
104287 47166 1:0 104681
104287 50632 1:0 104681
104287 63024 1:0 104724
104287 64495 1:0 104740
104287 47012 1:0 104745
104287 47459 1:0 104745
104287 47160 1:0 104750
104287 47312 1:0 104750
104287 47019 1:0 104760
104287 46866 1:0 104760
104287 47454 1:0 104786
104287 47024 1:0 104821
104287 47313 1:0 104826
104287 47894 1:0 104826
104287 47466 1:0 104892
104287 47306 1:0 104897
104287 47600 1:0 104897
104287 47167 1:0 104938
104287 47460 1:0 104938
104287 47317 1:0 104973
104287 47316 1:0 105014
104287 58611 1:0 105014
104287 47023 1:0 105049
104287 46876 1:0 105090
104288 94911 21:0 104288
104293 94912 21:0 104293
104314 41 21:0 104337
104336 43 21:0 104346
104364 94944 21:0 104364
104394 61 21:0 104422
104421 59 21:0 104422
104445 94979 21:0 104445
104448 94980 21:0 104448
104466 77 21:0 104489
104488 79 21:0 104498
104516 95010 21:0 104516
104521 95012 21:0 104521
104542 95 21:0 104565
104564 97 21:0 104574
104600 95046 21:0 104600
104618 113 21:0 104641
104640 115 21:0 104650
104694 131 21:0 104717
104716 133 21:0 104726
104752 95112 21:0 104752
104774 151 21:0 104802
104801 149 21:0 104802
104825 95144 21:0 104825
104828 95145 21:0 104828
104846 167 21:0 104869
104868 169 21:0 104878
104901 95177 21:0 104901
104904 95178 21:0 104904
104922 185 21:0 104945
104944 187 21:0 104954
104972 95208 21:0 104972
104977 95209 21:0 104977
105002 205 21:0 105030
105029 203 21:0 105030
105048 95241 21:0 105048
105074 221 21:0 105097
105096 223 21:0 105106
105129 95275 21:0 105129
105154 241 21:0 105182
105181 239 21:0 105182
105230 259 21:0 105258
105257 257 21:0 105258
105319 47020 1:0 105353
105320 341 21:0 105331
105330 275 21:0 105334
105333 277 21:0 105334
105354 46878 1:0 105421
105359 277 1:0 105373
105368 49249 1:0 105373
105374 46871 1:0 105421
105389 275 1:0 105421
105393 49793 21:0 105423
105422 293 21:0 105423
105422 46877 1:0 105432
105425 49845 1:0 105432
105425 49843 1:0 105432
105433 46875 1:0 105441
105436 46869 1:0 105441
105436 46868 1:0 105441
105442 46874 1:0 105469
105445 46870 1:0 105469
105445 46867 1:0 105469
105463 341 1:0 105469
105470 46873 1:0 105592
105496 341 21:0 105506
105572 46867 21:0 105601
105602 46873 21:0 105647
105643 47022 1:0 105653
105646 46874 21:0 105658
105654 49902 1:0 105656
105654 257 1:0 105656
105654 341 1:0 105656
105654 47601 1:0 105656
105654 259 1:0 105656
105657 47025 1:0 105665
105657 46875 21:0 105667
105662 299 1:0 3376
105662 47016 1:0 105665
105662 49900 1:0 105665
105662 47017 1:0 105734
105662 47014 1:0 105744
105662 47021 1:0 105744
105666 46877 21:0 105727
105668 300 1:0 6735
105668 301 1:0 10094
105668 302 1:0 13453
105668 303 1:0 16812
105670 304 1:0 20171
105672 305 1:0 23530
105673 306 1:0 26889
105688 47015 1:0 105784
105688 47018 1:0 105803
105688 241 1:0 105866
105688 49959 1:0 105866
105688 239 1:0 105866
105689 47165 1:0 105866
105689 49957 1:0 105877
105701 47172 1:0 105877
105701 47161 1:0 105877
105706 47171 1:0 105886
105706 47162 1:0 105886
105706 47164 1:0 105886
105718 223 1:0 106051
105726 46871 21:0 105746
105742 47159 1:0 105911
105742 47747 1:0 105911
105742 47163 1:0 105911
105742 50016 1:0 106084
105742 221 1:0 106095
105742 50014 1:0 106095
105742 203 1:0 106305
105745 46872 21:0 105774
105747 50071 1:0 106308
105747 205 1:0 106308
105755 47462 1:0 106084
105771 47464 1:0 106095
105772 47309 1:0 106104
105772 47319 1:0 106104
105772 47311 1:0 106104
105813 47018 21:0 105865
105821 47318 1:0 106132
105821 47308 1:0 106132
105821 47310 1:0 106132
105831 47607 1:0 106308
105864 47021 21:0 105871
105870 47025 21:0 105879
105873 47315 1:0 106256
105873 50073 1:0 106308
105873 47453 1:0 106316
105873 47606 1:0 106316
105873 187 1:0 106493
105873 185 1:0 106526
105873 50128 1:0 106537
105873 50130 1:0 106537
105873 50185 1:0 106750
105874 47608 1:0 106325
105874 47457 1:0 106325
105874 47455 1:0 106325
105874 47458 1:0 106353
105874 47463 1:0 106353
105874 47456 1:0 106353
105874 50187 1:0 106750
105874 169 1:0 106750
105878 46878 21:0 105888
105880 47465 1:0 106496
105883 47610 1:0 106537
105883 47605 1:0 106546
105883 47602 1:0 106546
105883 47613 1:0 106546
105883 47604 1:0 106574
105883 47609 1:0 106574
105883 47603 1:0 106574
105883 47754 1:0 106750
105883 47895 1:0 106758
105883 167 1:0 106761
105887 47015 21:0 105888
105887 47014 21:0 105888
105887 47022 21:0 105970
105889 47612 1:0 106717
105889 47748 1:0 106758
105889 47751 1:0 106761
105889 47753 1:0 106761
105889 47749 1:0 106761
105889 47900 1:0 106767
105889 47901 1:0 106767
105893 47755 1:0 106795
105893 47750 1:0 106795
105893 47752 1:0 106795
105909 47758 1:0 106929
105922 47760 1:0 106854
105922 47756 1:0 106854
105963 50242 1:0 106935
105963 149 1:0 106967
105963 151 1:0 106979
105963 50244 1:0 106979
105969 46870 21:0 105970
105969 47017 21:0 105979
105971 47757 1:0 106854
105971 47759 1:0 106854
105976 50301 1:0 107156
105976 115 1:0 107188
105991 47903 1:0 106979
105992 47896 1:0 106988
105992 47899 1:0 106988
105992 47907 1:0 106988
105993 50358 1:0 107192
105993 131 1:0 107192
105993 133 1:0 107192
106004 47159 21:0 106086
106042 47906 1:0 107016
106042 47897 1:0 107016
106042 47898 1:0 107016
106052 48194 1:0 107192
106085 47171 21:0 106089
106088 47172 21:0 106100
106092 95275 1:0 106092
106094 47904 1:0 107075
106094 47905 1:0 107150
106095 47902 1:0 107075
106095 48047 1:0 107200
106095 48189 1:0 107200
106095 48045 1:0 107203
106095 48046 1:0 107203
106095 50299 1:0 107203
106095 48042 1:0 107203
106095 48048 1:0 107209
106099 47163 21:0 106100
106099 47165 21:0 106106
106101 48041 1:0 107209
106104 48044 1:0 107237
106104 48043 1:0 107237
106104 48197 1:0 107237
106104 48050 1:0 107296
106104 48053 1:0 107296
106104 48052 1:0 107371
106105 47020 21:0 106109
106107 48049 1:0 107296
106108 47168 21:0 106210
106110 48054 1:0 107296
106110 48051 1:0 107296
106110 50356 1:0 107377
106110 113 1:0 107409
106110 48195 1:0 107421
106112 48188 1:0 107421
106115 48199 1:0 107430
106115 48191 1:0 107430
106115 48190 1:0 107430
106131 48196 1:0 107458
106131 48193 1:0 107458
106131 48192 1:0 107458
106143 48201 1:0 107602
106184 48198 1:0 107517
106197 48200 1:0 107517
106209 47162 21:0 106252
106211 50413 1:0 107634
106211 57140 1:0 107634
106211 97 1:0 107634
106211 48342 1:0 107642
106211 95 1:0 107645
106211 48338 1:0 107645
106212 55669 1:0 107642
106212 48335 1:0 107645
106212 50415 1:0 107645
106213 48341 1:0 107651
106213 48336 1:0 107651
106213 293 1:0 107851
106262 47315 21:0 106310
106263 48337 1:0 107679
106263 48339 1:0 107679
106263 48346 1:0 107679
106309 47318 21:0 106321
106315 48343 1:0 107737
106315 48348 1:0 107823
106316 48344 1:0 107737
106316 48347 1:0 107737
106316 48345 1:0 107737
106316 48340 1:0 107737
106320 47319 21:0 106330
106322 50470 1:0 107855
106322 54198 1:0 107855
106322 79 1:0 107855
106322 77 1:0 107855
106322 48783 1:0 107863
106322 48484 1:0 107866
106322 50472 1:0 107866
106324 95241 1:0 106324
106325 48489 1:0 107863
106325 48485 1:0 107866
106325 48482 1:0 107866
106325 48488 1:0 107872
106325 48629 1:0 107872
106325 48487 1:0 107900
106325 48494 1:0 107900
106325 48486 1:0 107900
106325 48490 1:0 108023
106325 59 1:0 108072
106325 50527 1:0 108076
106325 50529 1:0 108076
106325 61 1:0 108076
106325 48631 1:0 108093
106329 47170 21:0 106380
106331 48483 1:0 107958
106331 48491 1:0 107959
106331 48495 1:0 107959
106333 48493 1:0 107959
106336 48492 1:0 107959
106351 48630 1:0 108076
106351 48636 1:0 108084
106352 48635 1:0 108084
106352 48634 1:0 108093
106352 50584 1:0 108293
106364 48642 1:0 108093
106369 48632 1:0 108121
106369 48633 1:0 108121
106369 48639 1:0 108121
106379 46865 21:0 106409
106405 48640 1:0 108255
106408 47310 21:0 106412
106411 47308 21:0 106412
106411 47164 21:0 106412
106411 47311 21:0 106432
106418 48638 1:0 108180
106433 48637 1:0 108180
106434 48641 1:0 108180
106434 43 1:0 108297
106434 50586 1:0 108297
106435 48776 1:0 108297
106453 47456 21:0 106485
106484 47458 21:0 106500
106484 41 1:0 108297
106484 48782 1:0 108305
106484 48777 1:0 108305
106484 48779 1:0 108314
106484 48780 1:0 108314
106484 48781 1:0 108342
106484 49793 1:0 108514
106486 50698 1:0 108518
106506 47465 21:0 106531
106530 47463 21:0 106542
106534 95209 1:0 106534
106536 48786 1:0 108314
106536 48778 1:0 108342
106536 48787 1:0 108342
106537 48785 1:0 108401
106537 48784 1:0 108465
106537 50643 1:0 108518
106537 52727 1:0 108518
106541 47453 21:0 106542
106541 47464 21:0 106551
106543 48789 1:0 108401
106543 51256 1:0 108526
106545 95208 1:0 106545
106546 48788 1:0 108401
106546 50703 1:0 108526
106546 23 1:0 108529
106546 48924 1:0 108529
106546 50641 1:0 108529
106546 25 1:0 108529
106546 48925 1:0 108538
106546 48929 1:0 108538
106546 48927 1:0 108538
106546 48928 1:0 108538
106546 298 1:0 108538
106546 48930 1:0 108563
106546 48923 1:0 108563
106546 48926 1:0 108563
106546 50700 1:0 108703
106550 47462 21:0 106633
106552 48932 1:0 108622
106552 48936 1:0 108707
106554 48931 1:0 108622
106557 48935 1:0 108622
106572 48934 1:0 108622
106573 7 1:0 108735
106573 49077 1:0 108747
106585 48933 1:0 108622
106585 49076 1:0 108747
106626 49071 1:0 108750
106626 5 1:0 108750
106626 49074 1:0 108750
106626 49072 1:0 108750
106626 49070 1:0 108756
106632 47455 21:0 106633
106632 47309 21:0 106638
106634 49785 1:0 108756
106634 49073 1:0 108784
106634 49075 1:0 108784
106634 49083 1:0 108784
106637 47457 21:0 106667
106639 49172 1:0 108968
106639 49173 1:0 108969
106654 49081 1:0 108918
106655 49078 1:0 108907
106674 47603 21:0 106706
106705 47604 21:0 106721
106705 49079 1:0 108908
106727 47612 21:0 106752
106748 95178 1:0 106748
106751 47609 21:0 106763
106756 95177 1:0 106756
106757 49080 1:0 108917
106757 49082 1:0 108926
106762 47613 21:0 106772
106771 47610 21:0 106841
106840 47602 21:0 106844
106843 47605 21:0 106851
106850 47161 21:0 106851
106935 47758 21:0 106973
106968 47757 0:0 106970
106968 47759 0:0 106970
106968 47756 0:0 106970
106969 95145 1:0 106969
106969 47760 0:0 106970
106972 47755 21:0 106984
106977 95144 1:0 106977
106983 47608 21:0 106993
106992 47753 21:0 106993
106992 47606 21:0 107007
107006 47607 21:0 107021
107020 47748 21:0 107067
107066 47752 21:0 107072
107071 47750 21:0 107072
107129 47898 21:0 107151
107156 47905 21:0 107194
107189 47904 0:0 107191
107189 47902 0:0 107191
107190 95112 1:0 107190
107193 47906 21:0 107205
107204 47907 21:0 107214
107213 47903 21:0 107274
107273 47900 21:0 107293
107377 48052 21:0 107415
107410 48053 0:0 107412
107410 48049 0:0 107412
107410 48051 0:0 107412
107410 48050 0:0 107412
107411 48054 0:0 107412
107414 48041 21:0 107423
107422 47897 21:0 107423
107422 47901 21:0 107423
107422 48048 21:0 107426
107425 48042 21:0 107426
107425 47895 21:0 107432
107431 48047 21:0 107432
107431 47754 21:0 107435
107434 48044 21:0 107435
107434 47747 21:0 107435
107434 47896 21:0 107435
107434 47601 21:0 107463
107462 48043 21:0 107463
107462 47307 21:0 107509
107508 47749 21:0 107514
107513 47751 21:0 107514
107568 48193 21:0 107592
107591 48192 21:0 107608
107608 48201 21:0 107636
107631 48200 0:0 107633
107631 48198 0:0 107633
107632 95046 1:0 107632
107635 48196 21:0 107647
107646 48199 21:0 107656
107655 48197 21:0 107719
107718 48190 21:0 107728
107727 48191 21:0 107735
107734 47899 21:0 107735
107829 48348 21:0 107857
107852 48345 0:0 107854
107852 48343 0:0 107854
107852 48344 0:0 107854
107852 48340 0:0 107854
107852 48347 0:0 107854
107856 48346 21:0 107868
107861 95012 1:0 107861
107867 48341 21:0 107868
107867 48336 21:0 107874
107871 95010 1:0 107871
107873 48188 21:0 107874
107873 48335 21:0 107877
107876 48342 21:0 107877
107876 48195 21:0 107902
107901 48189 21:0 107940
107939 48337 21:0 107949
107948 48339 21:0 107956
107955 48338 21:0 107956
108033 48490 21:0 108078
108073 48492 0:0 108075
108074 94980 1:0 108074
108074 48483 0:0 108075
108074 48491 0:0 108075
108074 48493 0:0 108075
108074 48495 0:0 108075
108077 48494 21:0 108089
108082 94979 1:0 108082
108088 48488 21:0 108089
108088 48482 21:0 108095
108094 48489 21:0 108095
108094 48194 21:0 108098
108097 48486 21:0 108098
108097 47611 21:0 108177
108176 48487 21:0 108177
108261 48640 21:0 108299
108294 48641 0:0 108296
108294 48637 0:0 108296
108294 48638 0:0 108296
108298 48639 21:0 108310
108309 48642 21:0 108319
108313 94944 1:0 108313
108318 48635 21:0 108319
108318 48636 21:0 108333
108332 48630 21:0 108347
108346 48629 21:0 108393
108392 48632 21:0 108398
108397 48633 21:0 108398
108475 48784 21:0 108520
108515 48788 0:0 108517
108516 48785 0:0 108517
108516 48789 0:0 108517
108519 48787 21:0 108531
108523 94912 1:0 108523
108530 48786 21:0 108540
108534 94911 1:0 108534
108539 48778 21:0 108540
108539 48777 21:0 108540
108539 48782 21:0 108565
108564 48776 21:0 108568
108567 48783 21:0 108619
108618 48634 21:0 108619
108713 48936 21:0 108741
108736 48932 0:0 108738
108736 48935 0:0 108738
108736 48931 0:0 108738
108736 48934 0:0 108738
108736 48933 0:0 108738
108740 48923 21:0 108749
108744 94879 1:0 108744
108745 94880 1:0 108745
108748 48930 21:0 108749
108748 48929 21:0 108752
108751 48924 21:0 108752
108751 47461 21:0 108761
108755 94878 1:0 108755
108760 47169 21:0 108840
108839 47013 21:0 108843
108927 49080 0:0 108957
108937 49082 0:0 108957
108956 49078 0:0 108957
108956 49070 21:0 108957
108956 49079 0:0 108957
108975 49173 21:0 131
