86 15404 21:0 123
122 15403 21:0 128
127 15402 21:0 139
138 15407 21:0 139
138 15406 21:0 139
138 341 21:0 144
143 15569 21:0 149
148 7 21:0 149
148 15557 21:0 149
148 15496 21:0 149
148 15400 21:0 149
148 15395 21:0 149
148 15401 21:0 149
148 15394 21:0 149
148 15497 21:0 149
148 15398 21:0 149
149 13 21:0 149
149 15572 21:0 215
171 15581 21:0 171
214 15571 21:0 220
219 15587 21:0 220
219 25 21:0 222
220 33 21:0 220
221 15590 21:0 222
222 15603 21:0 243
242 15602 21:0 291
275 15621 21:0 275
290 15613 21:0 291
290 43 21:0 293
292 15623 21:0 293
293 15635 21:0 301
300 15637 21:0 351
301 15638 21:0 301
350 15605 21:0 367
351 15654 21:0 351
356 15655 21:0 356
358 15640 21:0 358
366 51 21:0 372
367 65 21:0 367
371 15634 21:0 372
371 15561 21:0 372
371 41 21:0 372
371 15656 21:0 372
371 23 21:0 374
372 69 21:0 372
374 15669 21:0 395
394 15670 21:0 443
442 15668 21:0 448
447 45 21:0 448
447 79 21:0 450
449 15689 21:0 450
450 15703 21:0 467
455 15693 21:0 455
466 15702 21:0 519
508 15721 21:0 508
518 15604 21:0 524
523 15667 21:0 529
528 15722 21:0 529
528 27 21:0 529
528 75 21:0 529
528 15660 21:0 529
528 63 21:0 529
528 67 21:0 529
528 95 21:0 529
528 77 21:0 529
528 97 21:0 529
529 15737 21:0 595
579 15752 21:0 579
594 15570 21:0 600
599 113 21:0 600
599 5 21:0 600
599 15753 21:0 600
599 15755 21:0 600
599 61 21:0 602
602 15768 21:0 623
622 15769 21:0 671
660 15787 21:0 660
670 15735 21:0 676
675 111 21:0 678
677 15788 21:0 678
678 15802 21:0 699
698 15803 21:0 747
746 151 21:0 747
746 15779 21:0 747
746 149 21:0 749
748 15821 21:0 749
749 15833 21:0 757
752 15832 21:0 752
756 15800 21:0 807
757 15836 21:0 757
806 15801 21:0 823
820 15864 21:0 820
822 15734 21:0 833
828 177 21:0 828
832 15867 21:0 883
833 175 21:0 833
882 15835 21:0 899
898 15887 21:0 899
898 133 21:0 899
898 15854 21:0 899
898 171 21:0 899
898 169 21:0 899
898 165 21:0 899
898 167 21:0 901
901 15899 21:0 909
904 195 21:0 904
908 15701 21:0 959
958 15636 21:0 975
974 15869 21:0 985
980 15931 21:0 980
980 213 21:0 980
984 15704 21:0 1007
1006 15770 21:0 1051
1048 15963 21:0 1048
1050 15934 21:0 1058
1057 15902 21:0 1079
1078 15671 21:0 1127
1118 15970 21:0 1118
1126 15933 21:0 1132
1131 15901 21:0 1151
1134 15999 21:0 1134
1150 15935 21:0 1203
1200 16029 21:0 1200
1202 15866 21:0 1208
1205 16031 21:0 1205
1207 15968 21:0 1221
1208 16030 21:0 1208
1210 16033 21:0 1210
1213 265 21:0 1213
1220 15868 21:0 1221
1220 15965 21:0 1231
1230 15932 21:0 1279
1263 16049 21:0 1263
1278 15998 21:0 1284
1279 281 21:0 1279
1283 15767 21:0 1303
1286 16066 21:0 1286
1286 16065 21:0 1286
1289 283 21:0 1289
1289 16067 21:0 1289
1300 16075 21:0 1300
1302 15736 21:0 1355
1352 16095 21:0 1352
1354 15900 21:0 1360
1357 16097 21:0 1357
1359 16064 21:0 1379
1360 303 21:0 1360
1362 16099 21:0 1362
1362 16098 21:0 1362
1365 301 21:0 1365
1365 16100 21:0 1365
1378 16000 21:0 1431
1387 16109 21:0 1387
1430 15966 21:0 1436
1433 16130 21:0 1433
1435 16001 21:0 1456
1436 321 21:0 1436
1438 16131 21:0 1438
1438 16132 21:0 1438
1441 16133 21:0 1441
1455 15953 21:0 1456
1455 16118 21:0 1456
1455 16085 21:0 1461
1457 16118 1:0 1542
1461 16143 21:0 1471
1470 16034 21:0 1495
1491 16133 1:0 1491
1494 15967 21:0 1502
1497 16131 1:0 1497
1498 16132 1:0 1498
1501 15834 21:0 1505
1503 321 1:0 1503
1504 16032 21:0 1513
1507 16130 1:0 1507
1512 15699 21:0 1513
1512 9 21:0 1513
1512 16171 21:0 1513
1512 131 21:0 1515
1514 16019 21:0 1515
1514 353 21:0 1517
1517 16174 21:0 1539
1518 353 1:0 1553
1518 16085 1:0 1664
1518 16064 1:0 1750
1538 16167 21:0 1573
1569 16109 1:0 1569
1572 16192 21:0 1578
1577 16201 21:0 1581
1580 16052 21:0 1581
1580 16151 21:0 1581
1582 16052 1:0 1778
1582 16034 1:0 1856
1582 16032 1:0 1862
1582 16019 1:0 1895
1582 16001 1:0 1978
1582 16000 1:0 1985
1582 15998 1:0 1994
1582 15967 1:0 2022
1582 15968 1:0 2100
1582 15966 1:0 2106
1582 15965 1:0 2116
1585 16203 21:0 1587
1586 81 21:0 1587
1586 117 21:0 1587
1586 93 21:0 1590
1589 153 21:0 1590
1594 16206 21:0 1614
1613 16100 1:0 1613
1615 301 1:0 1615
1619 16098 1:0 1619
1620 16099 1:0 1620
1620 16224 21:0 1624
1621 15935 1:0 2144
1621 15953 1:0 2144
1622 15933 1:0 2222
1622 15934 1:0 2229
1625 303 1:0 1625
1629 16097 1:0 1629
1630 16228 21:0 1632
1630 15932 1:0 2238
1633 15900 1:0 2266
1638 16095 1:0 1638
1639 16231 21:0 1661
1640 15902 1:0 2344
1664 16249 21:0 1695
1698 16258 21:0 1700
1707 16260 21:0 1709
1715 16075 1:0 1715
1716 16263 21:0 1736
1735 16067 1:0 1735
1737 283 1:0 1737
1741 16065 1:0 1741
1742 16066 1:0 1742
1742 16281 21:0 1746
1743 15901 1:0 2351
1744 15899 1:0 2360
1744 15887 1:0 2388
1744 15868 1:0 2388
1752 16285 21:0 1754
1752 15869 1:0 2466
1752 15867 1:0 2472
1755 281 1:0 1755
1758 15866 1:0 2482
1758 167 1:0 2498
1758 171 1:0 2507
1758 165 1:0 2507
1758 169 1:0 2507
1758 15854 1:0 2510
1761 16288 21:0 1783
1777 15834 1:0 2588
1786 16306 21:0 1817
1787 16049 1:0 1787
1820 16315 21:0 1822
1829 16317 21:0 1831
1838 16320 21:0 1858
1859 265 1:0 1859
1864 16033 1:0 1864
1864 16338 21:0 1868
1865 15835 1:0 2595
1866 15833 1:0 2604
1866 15801 1:0 2632
1867 16030 1:0 1867
1873 16031 1:0 1873
1874 16342 21:0 1876
1874 153 1:0 2625
1874 149 1:0 2625
1874 15821 1:0 2625
1874 151 1:0 2632
1874 15803 1:0 2710
1874 16151 1:0 5081
1880 15802 1:0 2717
1882 16029 1:0 1882
1883 16345 21:0 1905
1898 15800 1:0 2726
1908 16363 21:0 1939
1942 16372 21:0 1944
1951 16374 21:0 1953
1960 16377 21:0 1980
1985 15999 1:0 1985
1986 16395 21:0 1990
1987 15788 1:0 2747
1987 131 1:0 2747
1987 15770 1:0 2754
1987 15779 1:0 2754
1987 133 1:0 2754
1988 15769 1:0 2832
1988 15768 1:0 2838
1996 16399 21:0 1998
1996 15767 1:0 2848
1999 15736 1:0 2876
1999 111 1:0 2876
2002 113 1:0 2873
2002 117 1:0 2873
2002 15755 1:0 2876
2002 15753 1:0 2876
2005 16402 21:0 2027
2021 15737 1:0 2954
2030 16420 21:0 2061
2064 16429 21:0 2066
2073 16431 21:0 2075
2082 16434 21:0 2102
2085 15970 1:0 2085
2108 16452 21:0 2112
2109 15735 1:0 2960
2110 15734 1:0 2970
2110 97 1:0 2986
2110 93 1:0 2995
2110 95 1:0 2995
2110 15704 1:0 2998
2110 15722 1:0 2998
2118 16456 21:0 2120
2118 15702 1:0 3076
2121 15703 1:0 3083
2126 15963 1:0 2126
2127 16459 21:0 2149
2128 15701 1:0 3092
2142 15699 1:0 3094
2152 16477 21:0 2183
2186 16486 21:0 2188
2195 16488 21:0 2197
2204 16491 21:0 2224
2230 16509 21:0 2234
2231 81 1:0 3113
2231 77 1:0 3113
2231 15689 1:0 3113
2231 75 1:0 3113
2231 67 1:0 3120
2231 79 1:0 3120
2231 15671 1:0 3120
2232 15670 1:0 3198
2233 15931 1:0 2233
2235 213 1:0 2235
2240 16513 21:0 2242
2240 15669 1:0 3204
2240 15667 1:0 3208
2240 15668 1:0 3214
2240 15660 1:0 3227
2240 61 1:0 3239
2240 63 1:0 3242
2240 15656 1:0 3242
2246 15636 1:0 3320
2249 16516 21:0 2271
2265 15637 1:0 3327
2274 16534 21:0 2305
2308 16543 21:0 2310
2317 16545 21:0 2319
2326 16548 21:0 2346
2352 16566 21:0 2356
2353 15634 1:0 3330
2353 51 1:0 3330
2354 15635 1:0 3336
2354 15623 1:0 3357
2354 41 1:0 3357
2354 45 1:0 3364
2354 43 1:0 3364
2354 15604 1:0 3364
2354 15613 1:0 3364
2357 195 1:0 2357
2362 16570 21:0 2364
2362 15605 1:0 3442
2365 15603 1:0 3448
2371 16573 21:0 2393
2372 15602 1:0 3458
2396 16591 21:0 2427
2430 16600 21:0 2432
2439 16602 21:0 2441
2448 16605 21:0 2468
2469 175 1:0 2469
2474 16623 21:0 2478
2475 23 1:0 3479
2475 15590 1:0 3479
2475 15570 1:0 3486
2475 25 1:0 3486
2475 27 1:0 3486
2475 15587 1:0 3486
2476 15572 1:0 3564
2476 15571 1:0 3571
2479 177 1:0 2479
2484 16627 21:0 2486
2484 15569 1:0 3580
2484 15561 1:0 3593
2484 9 1:0 3610
2484 15557 1:0 3616
2484 7 1:0 3644
2484 5 1:0 3652
2484 335 1:0 3684
2492 15864 1:0 2492
2493 16630 21:0 2515
2518 16648 21:0 2549
2552 16657 21:0 2554
2561 16659 21:0 2563
2570 16662 21:0 2590
2589 15836 1:0 2589
2596 16680 21:0 2600
2599 15832 1:0 2599
2606 16684 21:0 2608
2615 16687 21:0 2637
2640 16705 21:0 2671
2674 16714 21:0 2676
2692 16719 21:0 2712
2718 16737 21:0 2722
2728 16741 21:0 2730
2737 16744 21:0 2759
2755 15787 1:0 2755
2762 16762 21:0 2793
2796 16771 21:0 2798
2805 16773 21:0 2807
2814 16776 21:0 2834
2840 16794 21:0 2844
2850 16798 21:0 2852
2859 16801 21:0 2881
2884 16819 21:0 2915
2885 15752 1:0 2885
2918 16828 21:0 2920
2927 16830 21:0 2929
2936 16833 21:0 2956
2962 16851 21:0 2966
2972 16855 21:0 2974
2981 16858 21:0 3003
2999 15721 1:0 2999
3006 16876 21:0 3037
3040 16885 21:0 3042
3049 16887 21:0 3051
3058 16890 21:0 3078
3084 16908 21:0 3088
3094 16912 21:0 3096
3103 16915 21:0 3125
3106 15693 1:0 3106
3128 16933 21:0 3159
3162 16942 21:0 3164
3171 16944 21:0 3173
3180 16947 21:0 3200
3206 16965 21:0 3210
3211 69 1:0 3211
3216 16969 21:0 3218
3219 65 1:0 3219
3225 16972 21:0 3247
3243 15655 1:0 3243
3250 16990 21:0 3281
3251 15654 1:0 3251
3284 16999 21:0 3286
3293 17001 21:0 3295
3302 17004 21:0 3322
3305 15640 1:0 3305
3321 15638 1:0 3321
3328 17022 21:0 3332
3338 17026 21:0 3340
3347 17029 21:0 3369
3372 17047 21:0 3403
3373 15621 1:0 3373
3406 17056 21:0 3408
3415 17058 21:0 3417
3424 17061 21:0 3444
3450 17079 21:0 3454
3455 33 1:0 3455
3460 17083 21:0 3462
3469 17086 21:0 3491
3494 17104 21:0 3525
3521 15581 1:0 3521
3528 17113 21:0 3530
3537 17115 21:0 3539
3546 17118 21:0 3566
3567 13 1:0 3567
3572 17136 21:0 3576
3582 17140 21:0 3584
3591 17143 21:0 3613
3616 17161 21:0 3647
3650 17170 21:0 3652
3659 17172 21:0 3661
3682 334 21:0 3700
3700 5 21:0 3704
3704 17199 21:0 3737
3736 17175 21:0 3737
3736 7 21:0 3737
3736 3 21:0 3737
3736 17208 21:0 3737
3739 335 21:0 3748
3747 17205 21:0 3748
3747 17207 21:0 3748
3748 11 21:0 3753
3752 17206 21:0 3753
3752 17218 21:0 3753
3755 17221 21:0 3776
3775 17222 21:0 3824
3823 17223 21:0 3829
3828 23 21:0 3829
3828 25 21:0 3831
3831 17254 21:0 3852
3851 17256 21:0 3900
3899 17253 21:0 3905
3904 41 21:0 3905
3904 17274 21:0 3907
3907 17288 21:0 3928
3927 17287 21:0 3976
3975 17289 21:0 3981
3980 43 21:0 3981
3980 59 21:0 3981
3980 61 21:0 3983
3983 17321 21:0 4000
3999 17319 21:0 4052
4051 77 21:0 4052
4051 39 21:0 4052
4051 79 21:0 4052
4051 17340 21:0 4052
4051 17337 21:0 4052
4054 17352 21:0 4062
4061 45 21:0 4062
4061 9 21:0 4062
4061 17304 21:0 4062
4061 29 21:0 4062
4062 17355 21:0 4128
4127 17354 21:0 4133
4132 95 21:0 4133
4132 57 21:0 4133
4132 17363 21:0 4133
4132 17373 21:0 4133
4132 97 21:0 4135
4135 17387 21:0 4152
4151 17385 21:0 4204
4203 17388 21:0 4209
4208 115 21:0 4209
4208 75 21:0 4209
4208 17406 21:0 4209
4208 113 21:0 4211
4211 17419 21:0 4232
4231 17421 21:0 4280
4279 17220 21:0 4285
4284 17353 21:0 4304
4303 17322 21:0 4356
4355 17418 21:0 4361
4360 17255 21:0 4380
4379 17452 21:0 4432
4431 17386 21:0 4437
4436 17485 21:0 4442
4441 17320 21:0 4508
4507 17420 21:0 4513
4512 17454 21:0 4518
4517 17517 21:0 4573
4572 17519 21:0 4589
4588 17453 21:0 4594
4593 17550 21:0 4649
4648 17520 21:0 4665
4664 17486 21:0 4670
4669 17487 21:0 4725
4724 17286 21:0 4741
4740 17451 21:0 4746
4745 17518 21:0 4796
4795 17583 21:0 4812
4811 17585 21:0 4822
4821 17586 21:0 4872
4871 17552 21:0 4888
4887 17551 21:0 4898
4897 17484 21:0 4916
4915 17553 21:0 4964
4963 17584 21:0 4969
4968 17616 21:0 4988
4987 17619 21:0 5040
5039 17618 21:0 5045
5044 17617 21:0 5065
5064 111 21:0 5065
5066 16167 1:0 5107
5066 16171 1:0 5118
5070 17794 21:0 5080
5079 17649 21:0 5106
5105 17651 21:0 5114
5111 16174 1:0 5128
5111 16192 1:0 5155
5111 16201 1:0 5190
5111 16203 1:0 5200
5111 16206 1:0 5210
5111 16224 1:0 5238
5111 16228 1:0 5249
5111 16231 1:0 5259
5111 16249 1:0 5286
5112 16258 1:0 5321
5112 16260 1:0 5331
5112 16263 1:0 5341
5112 16281 1:0 5369
5112 16285 1:0 5380
5113 17650 21:0 5117
5116 17682 21:0 5126
5125 17683 21:0 5154
5153 17652 21:0 5234
5233 17685 21:0 5237
5236 17684 21:0 5248
5247 17330 21:0 5248
5247 17371 21:0 5248
5247 17272 21:0 5254
5249 16288 1:0 5390
5249 16306 1:0 5404
5249 16315 1:0 5404
5249 16320 1:0 5411
5249 16317 1:0 5411
5249 17684 1:0 5411
5249 17685 1:0 5494
5249 16338 1:0 5500
5249 17683 1:0 5501
5249 16342 1:0 5511
5249 17682 1:0 5512
5249 16345 1:0 5521
5249 16363 1:0 5524
5249 16372 1:0 5535
5249 16377 1:0 5542
5249 16374 1:0 5542
5249 17652 1:0 5542
5249 17650 1:0 5625
5249 16395 1:0 5631
5249 17651 1:0 5633
5249 16399 1:0 5642
5249 17649 1:0 5643
5249 16402 1:0 5652
5249 16434 1:0 5654
5249 16420 1:0 5654
5249 16429 1:0 5666
5249 17617 1:0 5673
5249 16431 1:0 5673
5249 17619 1:0 5756
5249 16452 1:0 5762
5249 17618 1:0 5764
5249 16456 1:0 5773
5249 17616 1:0 5774
5252 16459 1:0 5783
5252 16488 1:0 5797
5252 16491 1:0 5797
5252 16486 1:0 5804
5252 16477 1:0 5804
5252 17584 1:0 5804
5253 16224 21:0 5254
5253 17203 21:0 5254
5253 16228 21:0 5257
5255 17586 1:0 5887
5256 16171 21:0 5257
5256 16206 21:0 5257
5256 99 21:0 5257
5256 16174 21:0 5257
5258 16509 1:0 5893
5258 17585 1:0 5895
5260 17583 1:0 5905
5261 16231 21:0 5285
5263 16513 1:0 5904
5284 16167 21:0 5320
5291 16516 1:0 5914
5291 16543 1:0 5928
5291 16548 1:0 5928
5291 16534 1:0 5928
5291 17553 1:0 5935
5291 16545 1:0 5935
5319 16201 21:0 5320
5319 16249 21:0 5329
5328 16203 21:0 5329
5328 16258 21:0 5329
5328 16151 21:0 5336
5343 16263 21:0 5365
5371 16281 21:0 5376
5373 17551 1:0 6018
5374 16566 1:0 6024
5374 17552 1:0 6026
5382 16285 21:0 5385
5383 16570 1:0 6035
5383 17550 1:0 6036
5383 16573 1:0 6045
5383 16600 1:0 6059
5383 16591 1:0 6059
5383 16602 1:0 6066
5383 17518 1:0 6066
5383 16605 1:0 6066
5389 17520 1:0 6149
5392 16288 21:0 5416
5410 17519 1:0 6157
5417 16623 1:0 6155
5419 16306 21:0 5451
5464 16317 21:0 5467
5474 16320 21:0 5496
5502 16338 21:0 5507
5504 16627 1:0 6166
5504 17517 1:0 6167
5505 16630 1:0 6176
5505 16657 1:0 6190
5505 16659 1:0 6197
5505 16648 1:0 6197
5505 16662 1:0 6197
5505 17487 1:0 6197
5513 16342 21:0 5516
5514 17486 1:0 6280
5514 16680 1:0 6286
5514 17485 1:0 6287
5520 16684 1:0 6297
5520 17484 1:0 6298
5523 16345 21:0 5547
5541 16719 1:0 6328
5541 17453 1:0 6328
5553 16687 1:0 6307
5553 16705 1:0 6321
5553 16714 1:0 6328
5595 16374 21:0 5598
5633 16395 21:0 5638
5635 17454 1:0 6411
5636 16737 1:0 6417
5636 17452 1:0 6418
5644 16399 21:0 5647
5645 16741 1:0 6428
5645 17451 1:0 6429
5645 16744 1:0 6438
5645 16776 1:0 6441
5645 16773 1:0 6452
5645 16762 1:0 6452
5645 16771 1:0 6459
5645 17420 1:0 6459
5651 17421 1:0 6542
5654 16402 21:0 5678
5672 17419 1:0 6549
5679 16794 1:0 6548
5681 16420 21:0 5713
5684 16819 1:0 6553
5684 16876 1:0 6553
5764 16452 21:0 5769
5766 113 1:0 6559
5766 17418 1:0 6560
5766 111 1:0 6562
5767 16798 1:0 6559
5767 17406 1:0 6562
5767 16833 1:0 6562
5767 16828 1:0 6562
5767 115 1:0 6562
5767 16801 1:0 6569
5767 17386 1:0 6590
5767 16830 1:0 6590
5767 16851 1:0 6590
5775 16456 21:0 5778
5776 17388 1:0 6673
5776 17387 1:0 6681
5779 16908 1:0 6684
5782 16858 1:0 6684
5785 16459 21:0 5809
5787 17385 1:0 6691
5802 99 1:0 6693
5802 16890 1:0 6693
5802 97 1:0 6693
5802 16885 1:0 6693
5803 16855 1:0 6690
5803 16944 1:0 6693
5803 95 1:0 6693
5803 16887 1:0 6693
5812 16477 21:0 5844
5895 16509 21:0 5900
5897 17371 1:0 6721
5897 17373 1:0 6721
5897 17363 1:0 6721
5897 17353 1:0 6721
5898 17355 1:0 6804
5906 16513 21:0 5909
5907 17354 1:0 6812
5907 16965 1:0 6815
5907 16915 1:0 6815
5907 16912 1:0 6821
5907 17352 1:0 6822
5907 16933 1:0 6824
5907 16947 1:0 6824
5910 77 1:0 6821
5910 79 1:0 6824
5910 17340 1:0 6824
5910 75 1:0 6824
5915 17320 1:0 6852
5916 16516 21:0 5940
5918 17330 1:0 6852
5933 17337 1:0 6852
5933 16942 1:0 6852
5943 16534 21:0 5975
5946 17322 1:0 6935
5978 16543 21:0 5981
5998 16548 21:0 6020
6026 16566 21:0 6031
6028 17321 1:0 6943
6029 16969 1:0 6946
6029 17319 1:0 6953
6029 16972 1:0 6955
6029 17004 1:0 6955
6029 17175 1:0 7437
6037 16570 21:0 6040
6038 17056 1:0 6965
6038 61 1:0 6965
6038 16990 1:0 6965
6038 17001 1:0 6965
6038 16999 1:0 6976
6038 17047 1:0 6983
6038 17289 1:0 6983
6038 59 1:0 6983
6038 17304 1:0 6983
6038 57 1:0 6983
6044 17287 1:0 7066
6047 16573 21:0 6071
6049 17288 1:0 7074
6064 17022 1:0 7072
6065 17029 1:0 7077
6109 16600 21:0 6112
6157 16623 21:0 6162
6159 17026 1:0 7083
6159 43 1:0 7083
6159 17286 1:0 7084
6159 41 1:0 7086
6159 17274 1:0 7086
6159 39 1:0 7086
6159 17061 1:0 7086
6159 45 1:0 7086
6160 17058 1:0 7114
6160 17079 1:0 7114
6160 17272 1:0 7114
6160 17255 1:0 7114
6168 16627 21:0 6171
6169 17256 1:0 7197
6169 17254 1:0 7204
6169 17083 1:0 7208
6172 17203 1:0 7208
6177 17253 1:0 7215
6177 25 1:0 7217
6177 17104 1:0 7217
6178 16630 21:0 6202
6180 17113 1:0 7217
6180 29 1:0 7217
6180 23 1:0 7217
6180 17118 1:0 7217
6205 16648 21:0 6237
6208 17223 1:0 7245
6240 16657 21:0 6243
6250 16659 21:0 6253
6288 16680 21:0 6293
6290 17086 1:0 7224
6290 17206 1:0 7245
6290 17115 1:0 7245
6291 17222 1:0 7328
6291 17136 1:0 7334
6291 17221 1:0 7335
6299 16684 21:0 6302
6300 17218 1:0 7339
6300 17140 1:0 7345
6300 17220 1:0 7346
6300 11 1:0 7350
6300 3 1:0 7351
6300 17199 1:0 7351
6303 17205 1:0 7379
6306 17143 1:0 7355
6306 17207 1:0 7376
6306 9 1:0 7378
6306 7 1:0 7379
6306 17161 1:0 7379
6306 17208 1:0 7379
6306 16151 1:0 8854
6308 17170 1:0 7417
6308 5 1:0 7422
6308 17172 1:0 7427
6308 335 1:0 7430
6309 16687 21:0 6333
6311 336 1:0 7457
6381 16716 21:0 6384
6419 16737 21:0 6424
6430 16741 21:0 6433
6440 16744 21:0 6464
6467 16762 21:0 6499
6502 16771 21:0 6505
6512 16773 21:0 6515
6522 16776 21:0 6544
6550 16794 21:0 6555
6561 16798 21:0 6564
6571 16801 21:0 6595
6643 16830 21:0 6646
6681 16851 21:0 6686
6692 16855 21:0 6695
6702 16858 21:0 6726
6729 16876 21:0 6761
6784 16890 21:0 6806
6812 16908 21:0 6817
6823 16912 21:0 6826
6833 16915 21:0 6857
6895 16942 21:0 6898
6905 16944 21:0 6908
6915 16947 21:0 6937
6943 16965 21:0 6948
6954 16969 21:0 6957
6964 16972 21:0 6988
6991 16990 21:0 7023
7046 17004 21:0 7068
7074 17022 21:0 7079
7085 17026 21:0 7088
7095 17029 21:0 7119
7122 17047 21:0 7154
7167 17058 21:0 7170
7177 17061 21:0 7199
7205 17079 21:0 7210
7216 17083 21:0 7219
7226 17086 21:0 7250
7288 17113 21:0 7291
7308 17118 21:0 7330
7336 17136 21:0 7341
7347 17140 21:0 7350
7357 17143 21:0 7381
7384 17161 21:0 7416
7419 17170 21:0 7422
7455 335 21:0 7473
7472 18849 21:0 7505
7504 5 21:0 7505
7505 18854 21:0 7521
7520 18869 21:0 7521
7520 18857 21:0 7521
7520 336 21:0 7526
7525 11 21:0 7526
7525 18856 21:0 7526
7525 18850 21:0 7528
7527 18859 21:0 7528
7528 18872 21:0 7549
7548 18871 21:0 7597
7596 18874 21:0 7602
7601 18883 21:0 7607
7606 33 21:0 7607
7606 18863 21:0 7607
7606 27 21:0 7607
7606 18892 21:0 7607
7607 18907 21:0 7673
7672 18905 21:0 7678
7677 18906 21:0 7683
7682 18939 21:0 7749
7748 18953 21:0 7749
7748 18925 21:0 7749
7748 57 21:0 7749
7748 18956 21:0 7749
7748 21 21:0 7751
7750 18958 21:0 7751
7751 18970 21:0 7759
7758 45 21:0 7759
7758 39 21:0 7759
7758 43 21:0 7759
7758 59 21:0 7759
7758 18920 21:0 7759
7758 18896 21:0 7759
7759 18973 21:0 7825
7824 18972 21:0 7830
7829 77 21:0 7830
7829 81 21:0 7830
7829 79 21:0 7830
7829 18991 21:0 7830
7829 75 21:0 7830
7829 18989 21:0 7830
7832 19005 21:0 7849
7848 19006 21:0 7901
7900 19004 21:0 7906
7905 19036 21:0 7911
7910 18937 21:0 7977
7976 19039 21:0 7982
7981 19003 21:0 7987
7986 19071 21:0 8053
8052 19072 21:0 8058
8057 93 21:0 8058
8057 19008 21:0 8058
8057 99 21:0 8058
8057 95 21:0 8058
8057 131 21:0 8060
8059 19024 21:0 8060
8060 19104 21:0 8077
8076 18971 21:0 8129
8128 19038 21:0 8134
8133 18940 21:0 8139
8138 19070 21:0 8205
8204 19135 21:0 8210
8209 18873 21:0 8215
8214 19069 21:0 8270
8269 18938 21:0 8286
8285 19138 21:0 8291
8290 19168 21:0 8341
8340 19103 21:0 8362
8361 19136 21:0 8367
8366 18904 21:0 8417
8416 19102 21:0 8433
8432 19169 21:0 8443
8442 19037 21:0 8465
8464 19137 21:0 8509
8508 19105 21:0 8514
8513 19204 21:0 8533
8532 19201 21:0 8585
8584 19202 21:0 8590
8589 19170 21:0 8595
8594 19171 21:0 8661
8660 19203 21:0 8666
8665 19237 21:0 8671
8670 19267 21:0 8726
8725 19235 21:0 8742
8741 19236 21:0 8747
8746 19234 21:0 8802
8801 19269 21:0 8818
8817 19268 21:0 8823
8822 19015 21:0 8823
8822 18962 21:0 8823
8824 16167 1:0 8880
8843 19445 21:0 8853
8847 16171 1:0 8891
8852 19270 21:0 8879
8878 19300 21:0 8887
8884 16174 1:0 8901
8884 16201 1:0 8963
8884 16203 1:0 8973
8884 16206 1:0 8983
8884 16224 1:0 9011
8884 16228 1:0 9022
8885 16231 1:0 9032
8885 16249 1:0 9059
8885 16258 1:0 9094
8885 16263 1:0 9114
8885 16281 1:0 9142
8885 16285 1:0 9153
8885 16288 1:0 9163
8885 16317 1:0 9184
8885 16306 1:0 9184
8885 16320 1:0 9184
8886 19333 21:0 8890
8889 19301 21:0 8899
8898 19303 21:0 8927
8926 19302 21:0 9007
9006 19335 21:0 9010
9009 19334 21:0 9021
9020 18929 21:0 9021
9020 16201 21:0 9021
9020 16192 21:0 9021
9020 16203 21:0 9021
9020 16224 21:0 9021
9020 16206 21:0 9021
9022 19334 1:0 9267
9022 16338 1:0 9273
9022 19335 1:0 9275
9022 16342 1:0 9284
9022 19333 1:0 9285
9022 16345 1:0 9294
9022 19302 1:0 9315
9022 16374 1:0 9315
9022 19303 1:0 9398
9022 16395 1:0 9404
9022 19301 1:0 9405
9022 16399 1:0 9415
9022 19300 1:0 9416
9022 16402 1:0 9425
9022 19270 1:0 9446
9022 16420 1:0 9446
9022 19268 1:0 9529
9022 16452 1:0 9535
9022 19269 1:0 9537
9022 16456 1:0 9546
9022 19267 1:0 9547
9022 16459 1:0 9556
9022 19236 1:0 9577
9022 16477 1:0 9577
9024 16228 21:0 9027
9025 19237 1:0 9660
9025 19235 1:0 9667
9026 16174 21:0 9027
9026 16171 21:0 9030
9028 16509 1:0 9666
9029 16167 21:0 9030
9031 16513 1:0 9677
9031 19234 1:0 9678
9034 16231 21:0 9058
9051 19203 1:0 9708
9051 16548 1:0 9708
9052 16516 1:0 9687
9052 16534 1:0 9701
9052 16543 1:0 9708
9061 16249 21:0 9093
9096 16258 21:0 9099
9116 16263 21:0 9138
9144 16281 21:0 9149
9146 19204 1:0 9791
9147 16566 1:0 9797
9147 19202 1:0 9798
9147 19201 1:0 9809
9155 16285 21:0 9158
9156 16570 1:0 9808
9156 16573 1:0 9818
9156 19171 1:0 9839
9156 16600 1:0 9839
9162 19170 1:0 9922
9165 16288 21:0 9189
9167 19169 1:0 9929
9182 16623 1:0 9928
9192 16306 21:0 9224
9195 19168 1:0 9940
9237 16317 21:0 9240
9247 16320 21:0 9269
9275 16338 21:0 9280
9277 16627 1:0 9939
9278 16630 1:0 9949
9278 16648 1:0 9951
9278 16659 1:0 9963
9278 19137 1:0 9970
9278 16657 1:0 9970
9278 19138 1:0 10053
9286 16342 21:0 9289
9287 16680 1:0 10059
9287 19136 1:0 10060
9290 19135 1:0 10071
9293 16684 1:0 10070
9296 16345 21:0 9320
9298 19105 1:0 10101
9313 16687 1:0 10080
9313 16716 1:0 10101
9323 16363 21:0 9355
9326 19103 1:0 10184
9368 16374 21:0 9371
9378 16377 21:0 9400
9406 16395 21:0 9411
9408 19104 1:0 10192
9409 16737 1:0 10190
9409 16741 1:0 10201
9409 19102 1:0 10202
9409 16773 1:0 10204
9409 16776 1:0 10204
9409 131 1:0 10204
9409 16762 1:0 10204
9417 16399 21:0 9420
9418 16744 1:0 10211
9418 19070 1:0 10232
9418 16858 1:0 10232
9418 16771 1:0 10232
9424 19072 1:0 10315
9427 16402 21:0 9451
9429 19071 1:0 10323
9444 16794 1:0 10321
9445 18850 1:0 10326
9454 16420 21:0 9486
9489 16429 21:0 9492
9499 16431 21:0 9502
9509 16434 21:0 9531
9537 16452 21:0 9542
9539 16798 1:0 10332
9539 19069 1:0 10333
9539 17061 1:0 10335
9539 75 1:0 10335
9539 16890 1:0 10335
9540 16801 1:0 10342
9540 17079 1:0 10363
9540 16830 1:0 10363
9540 19037 1:0 10363
9548 16456 21:0 9551
9549 19039 1:0 10446
9549 16851 1:0 10452
9549 19038 1:0 10454
9549 17022 1:0 10457
9555 19036 1:0 10464
9557 16855 1:0 10463
9557 93 1:0 10466
9557 99 1:0 10466
9558 16459 21:0 9582
9560 16876 1:0 10466
9560 19024 1:0 10466
9585 16477 21:0 9617
9588 19008 1:0 10494
9588 19004 1:0 10494
9620 16486 21:0 9623
9630 16488 21:0 9633
9640 16491 21:0 9662
9668 16509 21:0 9673
9670 95 1:0 10494
9670 19015 1:0 10494
9671 19006 1:0 10577
9671 16908 1:0 10583
9671 19005 1:0 10585
9671 16912 1:0 10588
9679 16513 21:0 9682
9680 19003 1:0 10595
9680 16947 1:0 10597
9680 16915 1:0 10597
9680 77 1:0 10597
9680 16942 1:0 10597
9680 79 1:0 10597
9680 81 1:0 10597
9680 16944 1:0 10597
9686 18971 1:0 10625
9686 18991 1:0 10625
9686 16965 1:0 10625
9686 18989 1:0 10625
9689 16516 21:0 9713
9707 18973 1:0 10708
9716 16534 21:0 9748
9751 16543 21:0 9754
9761 16545 21:0 9764
9799 16566 21:0 9804
9801 18972 1:0 10716
9801 16969 1:0 10719
9801 16972 1:0 10719
9802 18970 1:0 10726
9802 57 1:0 10728
9802 16990 1:0 10728
9802 59 1:0 10728
9802 17004 1:0 10728
9802 18962 1:0 10728
9810 16570 21:0 9813
9811 18938 1:0 10756
9811 18956 1:0 10756
9811 18953 1:0 10756
9811 18958 1:0 10756
9811 18940 1:0 10839
9817 18939 1:0 10847
9819 17029 1:0 10850
9820 16573 21:0 9844
9822 17026 1:0 10850
9847 16591 21:0 9879
9850 18937 1:0 10857
9850 43 1:0 10859
9850 17047 1:0 10859
9850 45 1:0 10859
9850 17058 1:0 10859
9892 16602 21:0 9895
9902 16605 21:0 9924
9930 16623 21:0 9935
9932 39 1:0 10859
9932 18929 1:0 10859
9933 18906 1:0 10887
9933 33 1:0 10887
9933 18920 1:0 10887
9933 18925 1:0 10887
9941 16627 21:0 9944
9942 18907 1:0 10970
9942 18905 1:0 10977
9942 17086 1:0 10981
9942 18896 1:0 10981
9948 17083 1:0 10987
9948 18904 1:0 10988
9948 17118 1:0 10990
9948 27 1:0 10990
9948 17113 1:0 10990
9948 21 1:0 10990
9951 16630 21:0 9975
9969 18873 1:0 11018
9976 18883 1:0 11018
9978 16648 21:0 10010
9981 18892 1:0 11018
9981 17136 1:0 11018
10023 16659 21:0 10026
10033 16662 21:0 10055
10061 16680 21:0 10066
10063 18874 1:0 11101
10064 18872 1:0 11108
10064 11 1:0 11112
10064 18856 1:0 11112
10072 16684 21:0 10075
10073 17140 1:0 11118
10073 18871 1:0 11119
10073 17161 1:0 11124
10073 336 1:0 11124
10073 18863 1:0 11124
10073 18869 1:0 11129
10073 18857 1:0 11149
10076 17143 1:0 11128
10076 17170 1:0 11146
10076 18859 1:0 11149
10079 18854 1:0 11158
10079 5 1:0 11195
10079 18849 1:0 11203
10079 337 1:0 11230
10082 16687 21:0 10106
10109 16705 21:0 10141
10144 16714 21:0 10147
10154 16716 21:0 10157
10164 16719 21:0 10186
10192 16737 21:0 10197
10203 16741 21:0 10206
10213 16744 21:0 10237
10240 16762 21:0 10272
10285 16773 21:0 10288
10295 16776 21:0 10317
10323 16794 21:0 10328
10334 16798 21:0 10337
10344 16801 21:0 10368
10406 16828 21:0 10409
10416 16830 21:0 10419
10454 16851 21:0 10459
10465 16855 21:0 10468
10475 16858 21:0 10499
10502 16876 21:0 10534
10537 16885 21:0 10540
10547 16887 21:0 10550
10557 16890 21:0 10579
10585 16908 21:0 10590
10596 16912 21:0 10599
10606 16915 21:0 10630
10633 16933 21:0 10665
10668 16942 21:0 10671
10678 16944 21:0 10681
10688 16947 21:0 10710
10716 16965 21:0 10721
10727 16969 21:0 10730
10737 16972 21:0 10761
10764 16990 21:0 10796
10799 16999 21:0 10802
10819 17004 21:0 10841
10847 17022 21:0 10852
10858 17026 21:0 10861
10868 17029 21:0 10892
10895 17047 21:0 10927
10930 17056 21:0 10933
10940 17058 21:0 10943
10978 17079 21:0 10983
10989 17083 21:0 10992
10999 17086 21:0 11023
11061 17113 21:0 11064
11071 17115 21:0 11074
11081 17118 21:0 11103
11109 17136 21:0 11114
11120 17140 21:0 11123
11130 17143 21:0 11154
11157 17161 21:0 11189
11192 17170 21:0 11195
11202 17172 21:0 11205
11228 336 21:0 11246
11245 20500 21:0 11278
11277 3 21:0 11283
11282 5 21:0 11283
11282 7 21:0 11283
11282 20510 21:0 11283
11291 20520 21:0 11294
11293 337 21:0 11294
11293 20509 21:0 11294
11296 20522 21:0 11304
11303 11 21:0 11304
11303 20505 21:0 11304
11304 20525 21:0 11370
11369 20534 21:0 11370
11369 20540 21:0 11372
11371 20543 21:0 11372
11372 20555 21:0 11380
11379 20557 21:0 11430
11429 20558 21:0 11446
11445 20566 21:0 11451
11450 20567 21:0 11451
11450 23 21:0 11451
11450 20586 21:0 11451
11450 41 21:0 11451
11450 25 21:0 11453
11452 20576 21:0 11453
11453 20589 21:0 11474
11473 20524 21:0 11522
11521 20588 21:0 11527
11526 59 21:0 11527
11526 27 21:0 11527
11526 61 21:0 11527
11526 20609 21:0 11527
11526 43 21:0 11529
11529 20622 21:0 11546
11545 20621 21:0 11598
11597 81 21:0 11598
11597 77 21:0 11598
11597 20642 21:0 11598
11597 20580 21:0 11598
11597 79 21:0 11598
11600 20654 21:0 11608
11607 20639 21:0 11608
11607 87 21:0 11608
11607 9 21:0 11608
11607 57 21:0 11608
11608 20657 21:0 11674
11673 95 21:0 11674
11673 20685 21:0 11674
11673 97 21:0 11674
11673 20646 21:0 11674
11676 20687 21:0 11684
11683 20688 21:0 11734
11733 20623 21:0 11750
11749 105 21:0 11755
11754 20659 21:0 11755
11754 93 21:0 11755
11754 20641 21:0 11755
11754 113 21:0 11755
11754 117 21:0 11757
11756 20708 21:0 11757
11757 20722 21:0 11778
11777 20721 21:0 11826
11825 20591 21:0 11831
11830 20720 21:0 11850
11849 20590 21:0 11902
11901 20556 21:0 11907
11906 20690 21:0 11926
11925 20786 21:0 11978
11977 20655 21:0 11983
11982 20523 21:0 11988
11987 20788 21:0 12054
12053 20624 21:0 12059
12058 20754 21:0 12064
12063 20689 21:0 12119
12118 20723 21:0 12135
12134 20819 21:0 12140
12139 20755 21:0 12195
12194 20656 21:0 12211
12210 20753 21:0 12216
12215 20789 21:0 12266
12265 20821 21:0 12282
12281 20820 21:0 12292
12291 20822 21:0 12342
12341 20756 21:0 12358
12357 20787 21:0 12365
12364 20885 21:0 12382
12381 20887 21:0 12434
12433 20853 21:0 12439
12438 20855 21:0 12458
12457 20886 21:0 12510
12509 20918 21:0 12515
12514 20888 21:0 12520
12519 20852 21:0 12586
12585 20854 21:0 12591
12590 20919 21:0 12596
12595 20920 21:0 12649
12645 16167 1:0 12653
12646 16171 1:0 12664
12646 16174 1:0 12674
12646 16192 1:0 12701
12646 16201 1:0 12736
12646 16203 1:0 12746
12648 20921 21:0 12652
12650 16206 1:0 12756
12651 21096 21:0 12660
12657 16224 1:0 12784
12657 16228 1:0 12795
12657 16231 1:0 12805
12657 16249 1:0 12832
12657 16258 1:0 12867
12657 16263 1:0 12887
12657 16281 1:0 12915
12658 16285 1:0 12926
12658 16288 1:0 12936
12658 16306 1:0 12963
12658 16317 1:0 13008
12658 16320 1:0 13018
12658 16338 1:0 13046
12659 20954 21:0 12663
12662 20951 21:0 12669
12668 20984 21:0 12697
12696 20952 21:0 12780
12698 16342 1:0 13057
12698 20984 1:0 13058
12779 20953 21:0 12783
12782 20672 21:0 12783
12782 20599 21:0 12791
12784 16345 1:0 13067
12784 16363 1:0 13088
12784 20953 1:0 13088
12784 16374 1:0 13088
12784 16377 1:0 13088
12784 20954 1:0 13171
12784 16395 1:0 13177
12784 20952 1:0 13178
12784 16399 1:0 13188
12784 20951 1:0 13189
12784 16402 1:0 13198
12784 16431 1:0 13212
12784 16434 1:0 13212
12784 16420 1:0 13212
12784 20921 1:0 13219
12784 16429 1:0 13219
12784 20920 1:0 13302
12784 16452 1:0 13308
12784 20919 1:0 13309
12788 16456 1:0 13319
12788 20918 1:0 13320
12789 16459 1:0 13329
12789 16486 1:0 13343
12789 16491 1:0 13343
12789 16477 1:0 13343
12789 16488 1:0 13350
12789 20888 1:0 13350
12790 20553 21:0 12791
12790 20521 21:0 12791
12790 20501 21:0 12794
12793 16201 21:0 12794
12793 63 21:0 12794
12793 39 21:0 12794
12793 16192 21:0 12794
12793 115 21:0 12794
12793 16174 21:0 12794
12793 16224 21:0 12794
12795 20886 1:0 13433
12797 16228 21:0 12800
12798 16509 1:0 13439
12798 20887 1:0 13441
12798 16513 1:0 13450
12798 20885 1:0 13451
12799 16171 21:0 12800
12799 16167 21:0 12803
12802 319 21:0 12803
12802 16206 21:0 12803
12804 16516 1:0 13460
12804 16534 1:0 13463
12804 16545 1:0 13474
12804 20854 1:0 13481
12804 16543 1:0 13481
12806 20855 1:0 13564
12807 16231 21:0 12831
12832 20853 1:0 13571
12834 16249 21:0 12866
12837 16566 1:0 13570
12869 16258 21:0 12872
12879 16260 21:0 12882
12889 16263 21:0 12911
12917 16281 21:0 12922
12919 20852 1:0 13582
12920 16570 1:0 13581
12920 16573 1:0 13591
12920 16605 1:0 13605
12920 16602 1:0 13612
12920 16591 1:0 13612
12920 20822 1:0 13612
12928 16285 21:0 12931
12929 20820 1:0 13695
12929 20821 1:0 13703
12929 17143 1:0 13706
12932 16623 1:0 13701
12937 20819 1:0 13713
12938 16288 21:0 12962
12940 16627 1:0 13712
12955 16662 1:0 13715
12955 16648 1:0 13715
12965 16306 21:0 12997
12968 20787 1:0 13743
13000 16315 21:0 13003
13010 16317 21:0 13013
13020 16320 21:0 13042
13048 16338 21:0 13053
13050 16630 1:0 13722
13050 16659 1:0 13743
13050 16684 1:0 13743
13051 20789 1:0 13826
13051 20788 1:0 13834
13051 17022 1:0 13837
13059 16342 21:0 13062
13060 16680 1:0 13832
13060 20786 1:0 13844
13060 16705 1:0 13846
13060 17136 1:0 13846
13060 16719 1:0 13846
13060 16716 1:0 13846
13066 16687 1:0 13853
13066 20756 1:0 13874
13068 16801 1:0 13874
13068 16714 1:0 13874
13069 16345 21:0 13093
13087 20755 1:0 13957
13096 16363 21:0 13128
13131 16372 21:0 13134
13151 16377 21:0 13173
13179 16395 21:0 13184
13181 16737 1:0 13963
13181 20754 1:0 13964
13181 16912 1:0 13968
13182 16741 1:0 13974
13182 20753 1:0 13975
13182 16762 1:0 13977
13182 16776 1:0 13977
13182 16933 1:0 13977
13190 16399 21:0 13193
13191 16744 1:0 13984
13191 16855 1:0 14005
13191 16773 1:0 14005
13191 20723 1:0 14005
13194 20721 1:0 14088
13199 20722 1:0 14096
13200 16402 21:0 13224
13202 16908 1:0 14099
13217 16794 1:0 14094
13227 16420 21:0 13259
13230 20720 1:0 14106
13262 16429 21:0 13265
13272 16431 21:0 13275
13282 16434 21:0 13304
13310 16452 21:0 13315
13312 16798 1:0 14105
13312 16876 1:0 14105
13312 16828 1:0 14108
13312 20708 1:0 14108
13312 16830 1:0 14108
13312 115 1:0 14108
13312 117 1:0 14108
13313 20689 1:0 14136
13313 16851 1:0 14136
13313 16858 1:0 14136
13313 113 1:0 14136
13321 16456 21:0 13324
13322 20690 1:0 14219
13322 20688 1:0 14226
13322 16965 1:0 14230
13322 105 1:0 14230
13328 20687 1:0 14237
13328 77 1:0 14239
13328 97 1:0 14239
13328 16890 1:0 14239
13330 20672 1:0 14239
13330 95 1:0 14239
13330 16885 1:0 14239
13330 93 1:0 14239
13331 16459 21:0 13355
13349 20656 1:0 14267
13358 16477 21:0 13390
13361 20685 1:0 14247
13361 16887 1:0 14267
13361 20659 1:0 14267
13393 16486 21:0 13396
13403 16488 21:0 13406
13413 16491 21:0 13435
13441 16509 21:0 13446
13443 20657 1:0 14350
13444 20655 1:0 14357
13444 87 1:0 14361
13444 16915 1:0 14361
13452 16513 21:0 13455
13453 16947 1:0 14367
13453 63 1:0 14367
13453 16944 1:0 14367
13453 20654 1:0 14368
13453 20641 1:0 14370
13453 20642 1:0 14370
13453 81 1:0 14370
13453 79 1:0 14370
13456 20624 1:0 14398
13459 20646 1:0 14383
13459 20639 1:0 14398
13459 16942 1:0 14398
13462 16516 21:0 13486
13479 20623 1:0 14481
13489 16534 21:0 13521
13524 16543 21:0 13527
13534 16545 21:0 13537
13544 16548 21:0 13566
13572 16566 21:0 13577
13574 20622 1:0 14488
13574 17079 1:0 14492
13574 16969 1:0 14492
13575 57 1:0 14498
13575 20621 1:0 14499
13575 16999 1:0 14501
13575 61 1:0 14501
13575 20609 1:0 14501
13575 16972 1:0 14501
13575 17004 1:0 14501
13575 16990 1:0 14501
13583 16570 21:0 13586
13584 20590 1:0 14529
13584 17029 1:0 14529
13584 20599 1:0 14529
13584 59 1:0 14529
13584 20591 1:0 14612
13590 20589 1:0 14619
13592 17026 1:0 14623
13593 16573 21:0 13617
13595 20586 1:0 14623
13620 16591 21:0 13652
13623 43 1:0 14629
13623 20588 1:0 14630
13623 17058 1:0 14632
13623 39 1:0 14632
13623 20567 1:0 14632
13665 16602 21:0 13668
13675 16605 21:0 13697
13703 16623 21:0 13708
13705 20576 1:0 14632
13705 17047 1:0 14632
13705 41 1:0 14632
13706 20580 1:0 14645
13706 20556 1:0 14660
13706 20566 1:0 14660
13706 17056 1:0 14660
13706 20558 1:0 14743
13714 16627 21:0 13717
13715 20557 1:0 14751
13715 17083 1:0 14754
13715 17086 1:0 14754
13721 20555 1:0 14761
13721 23 1:0 14763
13721 20543 1:0 14763
13721 17115 1:0 14763
13721 17118 1:0 14763
13721 25 1:0 14763
13721 20553 1:0 14763
13721 27 1:0 14763
13724 16630 21:0 13748
13742 20523 1:0 14791
13742 20534 1:0 14791
13751 16648 21:0 13783
13754 20540 1:0 14791
13754 17113 1:0 14791
13786 16657 21:0 13789
13796 16659 21:0 13799
13806 16662 21:0 13828
13834 16680 21:0 13839
13836 20525 1:0 14874
13837 20524 1:0 14882
13837 20501 1:0 14885
13837 20521 1:0 14885
13845 16684 21:0 13848
13846 17140 1:0 14891
13846 20522 1:0 14892
13846 11 1:0 14896
13846 20500 1:0 14897
13846 20520 1:0 14902
13846 20509 1:0 14922
13846 9 1:0 14924
13846 7 1:0 14925
13846 20505 1:0 14925
13846 20510 1:0 14925
13849 17161 1:0 14925
13852 17170 1:0 14963
13852 5 1:0 14968
13852 3 1:0 14969
13852 17172 1:0 14973
13852 337 1:0 14976
13852 338 1:0 15003
13852 319 1:0 16365
13855 16687 21:0 13879
13882 16705 21:0 13914
13917 16714 21:0 13920
13937 16719 21:0 13959
13965 16737 21:0 13970
13976 16741 21:0 13979
13986 16744 21:0 14010
14013 16762 21:0 14045
14048 16771 21:0 14051
14058 16773 21:0 14061
14096 16794 21:0 14101
14107 16798 21:0 14110
14117 16801 21:0 14141
14144 16819 21:0 14176
14179 16828 21:0 14182
14199 16833 21:0 14221
14227 16851 21:0 14232
14238 16855 21:0 14241
14248 16858 21:0 14272
14275 16876 21:0 14307
14320 16887 21:0 14323
14330 16890 21:0 14352
14358 16908 21:0 14363
14369 16912 21:0 14372
14379 16915 21:0 14403
14406 16933 21:0 14438
14441 16942 21:0 14444
14461 16947 21:0 14483
14489 16965 21:0 14494
14500 16969 21:0 14503
14510 16972 21:0 14534
14537 16990 21:0 14569
14572 16999 21:0 14575
14582 17001 21:0 14585
14592 17004 21:0 14614
14620 17022 21:0 14625
14631 17026 21:0 14634
14641 17029 21:0 14665
14703 17056 21:0 14706
14713 17058 21:0 14716
14723 17061 21:0 14745
14751 17079 21:0 14756
14762 17083 21:0 14765
14772 17086 21:0 14796
14834 17113 21:0 14837
14844 17115 21:0 14847
14882 17136 21:0 14887
14893 17140 21:0 14896
14903 17143 21:0 14927
14930 17161 21:0 14962
14965 17170 21:0 14968
14975 17172 21:0 14978
15001 337 21:0 15019
15018 22151 21:0 15051
15050 5 21:0 15051
15051 22156 21:0 15067
15066 22160 21:0 15067
15066 3 21:0 15067
15066 338 21:0 15067
15066 9 21:0 15067
15066 22161 21:0 15067
15066 17175 21:0 15067
15067 11 21:0 15072
15071 22158 21:0 15072
15071 22159 21:0 15072
15074 22174 21:0 15095
15094 22175 21:0 15143
15142 22173 21:0 15148
15147 22194 21:0 15148
15147 25 21:0 15148
15147 23 21:0 15148
15150 22208 21:0 15171
15170 22209 21:0 15219
15218 22206 21:0 15224
15223 43 21:0 15224
15223 22227 21:0 15224
15226 22240 21:0 15247
15246 22207 21:0 15295
15294 22205 21:0 15295
15294 61 21:0 15295
15294 22260 21:0 15295
15294 59 21:0 15295
15297 22272 21:0 15305
15304 51 21:0 15305
15304 69 21:0 15305
15304 39 21:0 15305
15304 21 21:0 15305
15305 22275 21:0 15371
15370 22293 21:0 15371
15370 79 21:0 15371
15370 22178 21:0 15371
15370 29 21:0 15371
15370 75 21:0 15373
15373 22305 21:0 15381
15380 22307 21:0 15431
15430 22274 21:0 15447
15446 77 21:0 15447
15446 22326 21:0 15447
15446 99 21:0 15447
15446 95 21:0 15447
15446 97 21:0 15447
15446 93 21:0 15447
15449 22338 21:0 15457
15456 22340 21:0 15507
15506 22341 21:0 15523
15522 22241 21:0 15533
15532 22323 21:0 15533
15532 22359 21:0 15533
15532 115 21:0 15533
15532 113 21:0 15533
15532 57 21:0 15533
15532 105 21:0 15533
15532 81 21:0 15533
15533 22374 21:0 15599
15598 22176 21:0 15604
15603 22373 21:0 15609
15608 22372 21:0 15675
15674 22273 21:0 15680
15679 22407 21:0 15685
15684 22437 21:0 15751
15750 22438 21:0 15756
15755 22404 21:0 15761
15760 22339 21:0 15816
15815 22308 21:0 15832
15831 22406 21:0 15837
15836 22371 21:0 15887
15886 22472 21:0 15903
15902 22440 21:0 15913
15912 22473 21:0 15949
15948 22471 21:0 15979
15978 22239 21:0 15989
15988 22439 21:0 16007
16006 22470 21:0 16055
16054 22306 21:0 16060
16059 22405 21:0 16079
16078 22242 21:0 16131
16130 22503 21:0 16136
16135 22536 21:0 16141
16140 22539 21:0 16207
16206 22537 21:0 16212
16211 22538 21:0 16217
16216 22504 21:0 16272
16271 22506 21:0 16288
16287 22505 21:0 16293
16292 22570 21:0 16348
16347 22571 21:0 16364
16363 22572 21:0 16369
16368 22602 21:0 16422
16418 16167 1:0 16426
16419 16171 1:0 16437
16419 16174 1:0 16447
16419 16192 1:0 16474
16419 16201 1:0 16509
16421 22569 21:0 16425
16423 16206 1:0 16529
16423 16224 1:0 16557
16424 22747 21:0 16425
16424 22603 21:0 16436
16430 16228 1:0 16568
16430 16231 1:0 16578
16430 16249 1:0 16605
16430 16258 1:0 16640
16430 16260 1:0 16650
16430 16263 1:0 16660
16430 16281 1:0 16688
16431 16285 1:0 16699
16435 22605 21:0 16442
16441 22635 21:0 16445
16444 22604 21:0 16524
16523 22636 21:0 16556
16555 22637 21:0 16564
16563 22638 21:0 16567
16566 22283 21:0 16573
16568 16288 1:0 16709
16568 16317 1:0 16723
16568 16320 1:0 16723
16568 16306 1:0 16723
16568 22638 1:0 16730
16568 16315 1:0 16730
16568 22637 1:0 16813
16568 16338 1:0 16819
16568 22636 1:0 16820
16568 16342 1:0 16830
16568 22635 1:0 16831
16568 16345 1:0 16840
16568 22604 1:0 16861
16568 16372 1:0 16861
16568 16363 1:0 16861
16568 16377 1:0 16861
16568 22605 1:0 16944
16568 16395 1:0 16950
16568 22603 1:0 16951
16568 16399 1:0 16961
16568 22602 1:0 16962
16568 16402 1:0 16971
16568 16429 1:0 16985
16568 16434 1:0 16992
16568 16431 1:0 16992
16568 22572 1:0 16992
16568 16420 1:0 16992
16568 22571 1:0 17075
16568 16452 1:0 17081
16568 22570 1:0 17082
16568 16456 1:0 17092
16568 22569 1:0 17093
16571 16459 1:0 17102
16571 16477 1:0 17116
16571 16488 1:0 17116
16571 16491 1:0 17116
16571 22538 1:0 17123
16571 16486 1:0 17123
16572 16228 21:0 16573
16572 22231 21:0 16573
16572 16224 21:0 16576
16574 22539 1:0 17206
16575 16206 21:0 16576
16575 16192 21:0 16576
16575 16201 21:0 16576
16575 16203 21:0 16576
16575 16174 21:0 16576
16575 22171 21:0 16576
16575 111 21:0 16578
16577 16509 1:0 17212
16577 22537 1:0 17213
16579 16513 1:0 17223
16579 22536 1:0 17224
16580 16231 21:0 16604
16603 16171 21:0 16639
16605 22505 1:0 17254
16610 16516 1:0 17233
16610 16543 1:0 17247
16610 16548 1:0 17254
16610 16534 1:0 17254
16610 16545 1:0 17254
16638 16167 21:0 16655
16654 319 21:0 16658
16662 16263 21:0 16684
16683 16258 21:0 16684
16683 63 21:0 16684
16683 16260 21:0 16684
16683 16249 21:0 16684
16690 16281 21:0 16695
16692 22506 1:0 17337
16693 16566 1:0 17343
16693 22504 1:0 17344
16693 16570 1:0 17354
16693 22503 1:0 17355
16701 16285 21:0 16704
16702 16573 1:0 17364
16702 16591 1:0 17378
16702 22471 1:0 17385
16702 16602 1:0 17385
16702 16605 1:0 17385
16708 22473 1:0 17468
16711 16288 21:0 16735
16713 22472 1:0 17476
16728 16623 1:0 17474
16741 22470 1:0 17486
16773 16315 21:0 16776
16793 16320 21:0 16815
16821 16338 21:0 16826
16823 16627 1:0 17485
16824 16630 1:0 17495
16824 16662 1:0 17497
16824 16648 1:0 17509
16824 16657 1:0 17509
16824 16659 1:0 17516
16824 22439 1:0 17516
16824 22440 1:0 17599
16832 16342 21:0 16835
16833 16680 1:0 17605
16833 22438 1:0 17606
16836 22437 1:0 17617
16839 16684 1:0 17616
16842 16345 21:0 16866
16844 22405 1:0 17647
16859 16687 1:0 17626
16859 16705 1:0 17640
16859 16719 1:0 17647
16860 16714 1:0 17647
16869 16363 21:0 16901
16904 16372 21:0 16907
16924 16377 21:0 16946
16952 16395 21:0 16957
16954 22407 1:0 17730
16955 16737 1:0 17736
16955 22406 1:0 17738
16955 16741 1:0 17747
16955 22404 1:0 17748
16963 16399 21:0 16966
16964 16744 1:0 17757
16964 16771 1:0 17771
16964 16762 1:0 17778
16964 16773 1:0 17778
16964 22372 1:0 17778
16967 22374 1:0 17861
16972 22373 1:0 17869
16973 16402 21:0 16997
16975 16801 1:0 17872
16990 16794 1:0 17867
17045 16431 21:0 17048
17083 16452 21:0 17088
17085 16798 1:0 17878
17085 22371 1:0 17879
17085 16890 1:0 17881
17086 111 1:0 17889
17086 97 1:0 17889
17086 16828 1:0 17889
17086 113 1:0 17897
17086 16833 1:0 17902
17086 16819 1:0 17902
17086 22359 1:0 17902
17086 22339 1:0 17909
17086 16851 1:0 17909
17086 115 1:0 17909
17094 16456 21:0 17097
17095 22341 1:0 17992
17095 22340 1:0 18000
17095 105 1:0 18003
17095 16858 1:0 18003
17101 22338 1:0 18010
17101 16887 1:0 18012
17101 95 1:0 18012
17101 99 1:0 18012
17103 16855 1:0 18009
17103 16876 1:0 18012
17103 93 1:0 18012
17104 16459 21:0 17128
17129 22306 1:0 18040
17131 16477 21:0 17163
17134 22323 1:0 18040
17166 16486 21:0 17169
17176 16488 21:0 17179
17186 16491 21:0 17208
17214 16509 21:0 17219
17216 16908 1:0 18040
17216 22326 1:0 18040
17217 22308 1:0 18123
17217 16933 1:0 18130
17217 22307 1:0 18131
17217 16915 1:0 18134
17217 63 1:0 18134
17217 77 1:0 18134
17225 16513 21:0 17228
17226 75 1:0 18140
17226 81 1:0 18140
17226 17001 1:0 18140
17226 16912 1:0 18140
17226 79 1:0 18140
17226 22305 1:0 18141
17226 16947 1:0 18143
17226 22293 1:0 18143
17229 22273 1:0 18171
17232 16942 1:0 18171
17232 22283 1:0 18171
17232 17083 1:0 18171
17235 16516 21:0 17259
17252 22275 1:0 18254
17262 16534 21:0 17294
17297 16543 21:0 17300
17307 16545 21:0 17310
17317 16548 21:0 17339
17345 16566 21:0 17350
17347 16965 1:0 18260
17347 22274 1:0 18262
17347 69 1:0 18265
17348 16969 1:0 18271
17348 22272 1:0 18272
17348 16999 1:0 18274
17348 22260 1:0 18274
17348 57 1:0 18274
17348 59 1:0 18274
17348 17004 1:0 18274
17348 16990 1:0 18274
17356 16570 21:0 17359
17357 16972 1:0 18281
17357 22242 1:0 18302
17357 17022 1:0 18302
17357 61 1:0 18302
17357 22241 1:0 18385
17363 22240 1:0 18392
17365 51 1:0 18396
17366 16573 21:0 17390
17368 17026 1:0 18396
17393 16591 21:0 17425
17396 43 1:0 18402
17396 22239 1:0 18403
17396 22231 1:0 18405
17396 39 1:0 18405
17448 16605 21:0 17470
17476 16623 21:0 17481
17478 17058 1:0 18402
17478 17061 1:0 18405
17478 22227 1:0 18405
17479 17029 1:0 18412
17479 22207 1:0 18433
17479 17086 1:0 18433
17479 17056 1:0 18433
17479 22209 1:0 18516
17487 16627 21:0 17490
17488 17079 1:0 18522
17488 22208 1:0 18524
17488 22205 1:0 18527
17494 22206 1:0 18534
17494 17113 1:0 18536
17494 23 1:0 18536
17494 29 1:0 18536
17494 17115 1:0 18536
17494 25 1:0 18536
17494 21 1:0 18536
17497 16630 21:0 17521
17514 22176 1:0 18564
17515 22178 1:0 18564
17515 22171 1:0 18564
17522 22194 1:0 18564
17524 16648 21:0 17556
17569 16659 21:0 17572
17579 16662 21:0 17601
17607 16680 21:0 17612
17609 22175 1:0 18647
17610 17136 1:0 18653
17610 22174 1:0 18654
17610 22159 1:0 18658
17618 16684 21:0 17621
17619 17140 1:0 18664
17619 22173 1:0 18665
17619 11 1:0 18669
17619 22151 1:0 18670
17619 9 1:0 18670
17619 17161 1:0 18670
17619 3 1:0 18670
17619 17143 1:0 18674
17619 17170 1:0 18692
17619 22158 1:0 18695
17619 22160 1:0 18695
17622 22161 1:0 18695
17622 17175 1:0 18756
17625 22156 1:0 18704
17625 5 1:0 18741
17625 17172 1:0 18746
17625 338 1:0 18749
17625 339 1:0 18776
17627 319 1:0 20138
17628 16687 21:0 17652
17690 16714 21:0 17693
17700 16716 21:0 17703
17710 16719 21:0 17732
17738 16737 21:0 17743
17749 16741 21:0 17752
17759 16744 21:0 17783
17786 16762 21:0 17818
17821 16771 21:0 17824
17841 16776 21:0 17863
17869 16794 21:0 17874
17880 16798 21:0 17883
17890 16801 21:0 17914
17917 16819 21:0 17949
17952 16828 21:0 17955
17962 16830 21:0 17965
17972 16833 21:0 17994
18000 16851 21:0 18005
18011 16855 21:0 18014
18021 16858 21:0 18045
18083 16885 21:0 18086
18093 16887 21:0 18096
18103 16890 21:0 18125
18131 16908 21:0 18136
18142 16912 21:0 18145
18152 16915 21:0 18176
18179 16933 21:0 18211
18214 16942 21:0 18217
18224 16944 21:0 18227
18262 16965 21:0 18267
18273 16969 21:0 18276
18283 16972 21:0 18307
18345 16999 21:0 18348
18355 17001 21:0 18358
18365 17004 21:0 18387
18393 17022 21:0 18398
18404 17026 21:0 18407
18414 17029 21:0 18438
18441 17047 21:0 18473
18476 17056 21:0 18479
18486 17058 21:0 18489
18496 17061 21:0 18518
18524 17079 21:0 18529
18535 17083 21:0 18538
18545 17086 21:0 18569
18607 17113 21:0 18610
18617 17115 21:0 18620
18627 17118 21:0 18649
18655 17136 21:0 18660
18666 17140 21:0 18669
18676 17143 21:0 18700
18703 17161 21:0 18735
18738 17170 21:0 18741
18748 17172 21:0 18751
18774 338 21:0 18792
18792 5 21:0 18796
18796 23803 21:0 18829
18828 7 21:0 18829
18828 17175 21:0 18829
18828 3 21:0 18829
18837 23822 21:0 18840
18839 339 21:0 18840
18839 23810 21:0 18840
18840 11 21:0 18845
18844 23807 21:0 18845
18844 23809 21:0 18845
18847 23826 21:0 18868
18867 23827 21:0 18916
18915 23855 21:0 18916
18915 23845 21:0 18916
18918 23857 21:0 18926
18925 23844 21:0 18926
18925 33 21:0 18926
18926 23860 21:0 18992
18991 23859 21:0 18997
18996 31 21:0 18997
18996 43 21:0 18997
18996 41 21:0 18999
18998 23878 21:0 18999
18999 23891 21:0 19020
19019 23893 21:0 19068
19067 23858 21:0 19073
19072 21 21:0 19073
19072 39 21:0 19075
19075 23925 21:0 19092
19091 23926 21:0 19144
19143 23825 21:0 19149
19148 23923 21:0 19154
19153 59 21:0 19154
19153 23944 21:0 19154
19153 77 21:0 19154
19154 23959 21:0 19220
19219 23890 21:0 19225
19224 23957 21:0 19230
19229 97 21:0 19230
19229 99 21:0 19230
19229 23977 21:0 19230
19229 95 21:0 19230
19229 93 21:0 19230
19230 23992 21:0 19296
19295 23990 21:0 19301
19300 113 21:0 19301
19300 79 21:0 19301
19300 24010 21:0 19301
19300 24007 21:0 19301
19303 24023 21:0 19324
19323 23956 21:0 19372
19371 23892 21:0 19377
19376 24025 21:0 19396
19395 24024 21:0 19448
19447 23824 21:0 19453
19452 24055 21:0 19468
19467 24088 21:0 19524
19523 23991 21:0 19529
19528 24089 21:0 19534
19533 24022 21:0 19600
19599 23958 21:0 19605
19604 24058 21:0 19610
19609 24091 21:0 19665
19664 24056 21:0 19681
19680 24121 21:0 19686
19685 24123 21:0 19741
19740 24122 21:0 19757
19756 24090 21:0 19762
19761 24124 21:0 19812
19811 23989 21:0 19828
19827 23924 21:0 19838
19837 24057 21:0 19879
19878 24155 21:0 19904
19903 24157 21:0 19909
19908 24154 21:0 19928
19927 24190 21:0 19980
19979 24156 21:0 19985
19984 24187 21:0 19990
19989 24189 21:0 20056
20055 24188 21:0 20061
20060 24223 21:0 20066
20065 24220 21:0 20132
20131 24222 21:0 20137
20136 24221 21:0 20142
20141 24254 21:0 20195
20191 16167 1:0 20199
20192 16171 1:0 20210
20192 16174 1:0 20220
20194 24253 21:0 20198
20196 16192 1:0 20247
20196 16201 1:0 20282
20196 16203 1:0 20292
20196 16206 1:0 20302
20197 24255 21:0 20209
20203 16224 1:0 20330
20203 16228 1:0 20341
20203 16231 1:0 20351
20203 16249 1:0 20378
20203 16258 1:0 20413
20203 16260 1:0 20423
20203 16263 1:0 20433
20204 16281 1:0 20461
20204 16285 1:0 20472
20208 24256 21:0 20215
20214 24398 21:0 20215
20214 24287 21:0 20218
20217 24289 21:0 20300
20299 24286 21:0 20329
20328 24288 21:0 20337
20336 23955 21:0 20337
20336 23909 21:0 20340
20338 16288 1:0 20482
20338 16315 1:0 20503
20338 16320 1:0 20503
20338 24288 1:0 20503
20338 24289 1:0 20586
20338 16338 1:0 20592
20338 24287 1:0 20593
20338 16342 1:0 20603
20338 24286 1:0 20604
20338 16345 1:0 20613
20338 16377 1:0 20627
20338 16372 1:0 20634
20338 24256 1:0 20634
20338 16363 1:0 20634
20338 24255 1:0 20717
20338 16395 1:0 20723
20338 24254 1:0 20724
20338 16399 1:0 20734
20338 24253 1:0 20735
20338 16402 1:0 20744
20338 24221 1:0 20765
20338 16431 1:0 20765
20338 24223 1:0 20848
20338 16452 1:0 20854
20338 24222 1:0 20856
20339 23802 21:0 20340
20339 23836 21:0 20340
20339 16224 21:0 20346
20341 16456 1:0 20865
20341 24220 1:0 20866
20344 16459 1:0 20875
20344 16488 1:0 20889
20344 16477 1:0 20889
20344 16491 1:0 20889
20344 16486 1:0 20896
20344 24188 1:0 20896
20345 16174 21:0 20346
20345 16228 21:0 20346
20345 16171 21:0 20349
20347 24190 1:0 20979
20348 75 21:0 20349
20348 16167 21:0 20349
20348 16192 21:0 20349
20348 16201 21:0 20349
20348 16206 21:0 20349
20348 16203 21:0 20349
20350 16509 1:0 20985
20350 24189 1:0 20987
20352 24187 1:0 20997
20353 16231 21:0 20377
20355 16513 1:0 20996
20380 16249 21:0 20412
20383 16516 1:0 21006
20383 16534 1:0 21020
20383 24156 1:0 21027
20425 16260 21:0 20428
20435 16263 21:0 20457
20463 16281 21:0 20468
20465 16545 1:0 21020
20465 16548 1:0 21027
20465 16543 1:0 21027
20466 24157 1:0 21110
20466 16566 1:0 21116
20466 24155 1:0 21117
20474 16285 21:0 20477
20475 16570 1:0 21127
20475 24154 1:0 21128
20475 24124 1:0 21158
20478 16573 1:0 21137
20478 16591 1:0 21158
20478 16605 1:0 21158
20483 24122 1:0 21241
20484 16288 21:0 20508
20502 24123 1:0 21249
20511 16306 21:0 20543
20514 16623 1:0 21247
20546 16315 21:0 20549
20556 16317 21:0 20559
20566 16320 21:0 20588
20594 16338 21:0 20599
20596 24121 1:0 21259
20597 16627 1:0 21258
20597 16630 1:0 21268
20597 16648 1:0 21282
20597 16659 1:0 21289
20597 24090 1:0 21289
20597 16662 1:0 21289
20605 16342 21:0 20608
20606 24091 1:0 21372
20606 16680 1:0 21378
20606 24089 1:0 21379
20612 24088 1:0 21390
20614 16684 1:0 21389
20615 16345 21:0 20639
20633 24057 1:0 21420
20640 16719 1:0 21420
20645 16687 1:0 21399
20645 16714 1:0 21413
20645 16716 1:0 21420
20677 16372 21:0 20680
20687 16374 21:0 20690
20697 16377 21:0 20719
20725 16395 21:0 20730
20727 24058 1:0 21503
20728 16737 1:0 21509
20728 24056 1:0 21510
20736 16399 21:0 20739
20737 16741 1:0 21520
20737 24055 1:0 21521
20737 16744 1:0 21530
20737 16762 1:0 21551
20737 24024 1:0 21551
20740 16776 1:0 21551
20740 16771 1:0 21551
20745 24025 1:0 21634
20746 16402 21:0 20770
20764 24023 1:0 21641
20773 16420 21:0 20805
20776 16794 1:0 21640
20776 16801 1:0 21645
20808 16429 21:0 20811
20818 16431 21:0 20821
20828 16434 21:0 20850
20856 16452 21:0 20861
20858 24022 1:0 21652
20859 16798 1:0 21651
20859 16833 1:0 21663
20859 16819 1:0 21663
20859 16828 1:0 21663
20859 24010 1:0 21675
20859 113 1:0 21675
20859 16830 1:0 21682
20859 24007 1:0 21682
20859 23991 1:0 21682
20867 16456 21:0 20870
20868 23992 1:0 21765
20868 23990 1:0 21772
20871 16851 1:0 21771
20871 95 1:0 21776
20876 99 1:0 21782
20876 97 1:0 21782
20876 23989 1:0 21783
20877 16459 21:0 20901
20879 16855 1:0 21782
20879 16890 1:0 21785
20879 16887 1:0 21785
20894 23977 1:0 21785
20894 93 1:0 21785
20904 16477 21:0 20936
20907 23958 1:0 21813
20939 16486 21:0 20942
20949 16488 21:0 20952
20959 16491 21:0 20981
20987 16509 21:0 20992
20989 16858 1:0 21792
20989 16908 1:0 21813
20989 16885 1:0 21813
20990 23959 1:0 21896
20990 23957 1:0 21903
20990 23955 1:0 21907
20998 16513 21:0 21001
20999 23802 1:0 21907
20999 75 1:0 21913
20999 79 1:0 21913
20999 16942 1:0 21913
20999 77 1:0 21913
20999 16912 1:0 21913
20999 23956 1:0 21914
20999 23944 1:0 21916
20999 16933 1:0 21916
21005 23924 1:0 21944
21005 17136 1:0 21944
21007 16915 1:0 21923
21007 16944 1:0 21944
21008 16516 21:0 21032
21026 23926 1:0 22027
21070 16543 21:0 21073
21080 16545 21:0 21083
21090 16548 21:0 21112
21118 16566 21:0 21123
21120 16965 1:0 22033
21120 23925 1:0 22035
21121 16969 1:0 22038
21121 23923 1:0 22045
21121 17061 1:0 22047
21121 17004 1:0 22047
21121 16972 1:0 22047
21121 59 1:0 22047
21121 16999 1:0 22047
21129 16570 21:0 21132
21130 17001 1:0 22075
21130 23892 1:0 22075
21130 17026 1:0 22075
21130 23909 1:0 22075
21133 23893 1:0 22158
21138 23891 1:0 22165
21139 16573 21:0 21163
21141 17022 1:0 22164
21156 17086 1:0 22169
21166 16591 21:0 21198
21211 16602 21:0 21214
21221 16605 21:0 21243
21249 16623 21:0 21254
21251 17058 1:0 22175
21251 23890 1:0 22176
21251 23878 1:0 22178
21251 17029 1:0 22178
21251 41 1:0 22178
21251 17047 1:0 22178
21251 39 1:0 22178
21251 17056 1:0 22178
21252 43 1:0 22206
21252 31 1:0 22206
21252 17079 1:0 22206
21252 23858 1:0 22206
21260 16627 21:0 21263
21261 23860 1:0 22289
21261 23859 1:0 22297
21261 17083 1:0 22300
21261 33 1:0 22300
21267 23857 1:0 22307
21267 23836 1:0 22309
21269 17118 1:0 22306
21269 17115 1:0 22306
21269 23845 1:0 22309
21269 21 1:0 22309
21270 16630 21:0 21294
21288 23825 1:0 22337
21297 16648 21:0 21329
21300 23855 1:0 22317
21300 23844 1:0 22337
21300 17113 1:0 22337
21332 16657 21:0 21335
21352 16662 21:0 21374
21380 16680 21:0 21385
21382 23827 1:0 22420
21383 23826 1:0 22428
21383 23807 1:0 22431
21383 23803 1:0 22431
21391 16684 21:0 21394
21392 17140 1:0 22437
21392 23824 1:0 22438
21392 11 1:0 22442
21392 23809 1:0 22443
21392 17143 1:0 22447
21392 23822 1:0 22448
21395 23810 1:0 22471
21398 7 1:0 22471
21398 3 1:0 22471
21398 17161 1:0 22471
21398 17170 1:0 22509
21398 5 1:0 22514
21398 17172 1:0 22519
21398 339 1:0 22522
21398 17175 1:0 22529
21398 340 1:0 22549
21401 16687 21:0 21425
21428 16705 21:0 21460
21463 16714 21:0 21466
21473 16716 21:0 21476
21483 16719 21:0 21505
21511 16737 21:0 21516
21522 16741 21:0 21525
21532 16744 21:0 21556
21559 16762 21:0 21591
21594 16771 21:0 21597
21604 16773 21:0 21607
21614 16776 21:0 21636
21642 16794 21:0 21647
21653 16798 21:0 21656
21663 16801 21:0 21687
21690 16819 21:0 21722
21725 16828 21:0 21728
21735 16830 21:0 21738
21773 16851 21:0 21778
21784 16855 21:0 21787
21794 16858 21:0 21818
21821 16876 21:0 21853
21856 16885 21:0 21859
21866 16887 21:0 21869
21876 16890 21:0 21898
21904 16908 21:0 21909
21915 16912 21:0 21918
21925 16915 21:0 21949
21952 16933 21:0 21984
21987 16942 21:0 21990
22007 16947 21:0 22029
22035 16965 21:0 22040
22046 16969 21:0 22049
22056 16972 21:0 22080
22118 16999 21:0 22121
22138 17004 21:0 22160
22166 17022 21:0 22171
22177 17026 21:0 22180
22187 17029 21:0 22211
22214 17047 21:0 22246
22259 17058 21:0 22262
22297 17079 21:0 22302
22308 17083 21:0 22311
22318 17086 21:0 22342
22345 17104 21:0 22377
22380 17113 21:0 22383
22390 17115 21:0 22393
22400 17118 21:0 22422
22428 17136 21:0 22433
22439 17140 21:0 22442
22449 17143 21:0 22473
22476 17161 21:0 22508
22511 17170 21:0 22514
22547 339 21:0 22565
22564 25453 21:0 22597
22596 5 21:0 22597
22596 7 21:0 22597
22597 25460 21:0 22613
22612 3 21:0 22613
22612 25462 21:0 22613
22612 25463 21:0 22613
22612 25461 21:0 22613
22612 9 21:0 22613
22612 17175 21:0 22613
22615 25475 21:0 22623
22622 25474 21:0 22623
22622 11 21:0 22623
22623 25478 21:0 22689
22688 25477 21:0 22694
22693 25476 21:0 22699
22698 25496 21:0 22699
22699 25511 21:0 22765
22764 25510 21:0 22770
22769 25495 21:0 22770
22769 43 21:0 22770
22772 25542 21:0 22793
22792 25541 21:0 22841
22840 25559 21:0 22841
22840 21 21:0 22843
22843 25574 21:0 22851
22850 25575 21:0 22901
22900 25544 21:0 22917
22916 25595 21:0 22917
22916 27 21:0 22917
22916 81 21:0 22917
22916 57 21:0 22917
22919 25607 21:0 22927
22926 25608 21:0 22977
22976 25610 21:0 22993
22992 25577 21:0 23000
22999 25628 21:0 23000
23000 25642 21:0 23017
23016 25641 21:0 23069
23068 95 21:0 23069
23068 25632 21:0 23069
23068 113 21:0 23069
23068 97 21:0 23069
23068 61 21:0 23071
23070 25661 21:0 23071
23071 25673 21:0 23079
23078 77 21:0 23079
23078 65 21:0 23079
23078 79 21:0 23079
23078 59 21:0 23079
23078 25579 21:0 23079
23079 25676 21:0 23145
23144 25674 21:0 23150
23149 25640 21:0 23155
23154 25707 21:0 23221
23220 25609 21:0 23226
23225 25576 21:0 23231
23230 25543 21:0 23294
23293 25706 21:0 23302
23301 25508 21:0 23307
23306 25739 21:0 23362
23361 25709 21:0 23378
23377 25643 21:0 23383
23382 25742 21:0 23433
23432 25708 21:0 23449
23448 25775 21:0 23459
23458 25741 21:0 23509
23508 25740 21:0 23525
23524 25675 21:0 23535
23534 25509 21:0 23553
23552 25772 21:0 23601
23600 25773 21:0 23606
23605 25838 21:0 23625
23624 25774 21:0 23677
23676 25807 21:0 23682
23681 25808 21:0 23687
23686 25806 21:0 23753
23752 25805 21:0 23758
23757 25840 21:0 23763
23762 25839 21:0 23826
23825 25841 21:0 23834
23833 25874 21:0 23839
23838 25871 21:0 23894
23893 25873 21:0 23910
23909 25872 21:0 23915
23914 25904 21:0 23968
23964 16167 1:0 23972
23965 16171 1:0 23983
23965 16174 1:0 23993
23967 25905 21:0 23971
23969 16192 1:0 24020
23969 16201 1:0 24055
23969 16203 1:0 24065
23969 16206 1:0 24075
23970 25906 21:0 23979
23976 16224 1:0 24103
23976 16228 1:0 24114
23976 16231 1:0 24124
23976 16249 1:0 24151
23976 16260 1:0 24196
23976 16263 1:0 24206
23976 16281 1:0 24234
23977 16285 1:0 24245
23978 25907 21:0 23988
23987 26049 21:0 23988
23987 25937 21:0 23991
23990 25940 21:0 24073
24072 25939 21:0 24102
24101 25938 21:0 24110
24109 25605 21:0 24110
24109 25599 21:0 24113
24111 16288 1:0 24255
24111 16320 1:0 24258
24111 16306 1:0 24258
24111 16315 1:0 24269
24111 25938 1:0 24276
24111 16317 1:0 24276
24111 25940 1:0 24359
24111 16338 1:0 24365
24111 25939 1:0 24367
24111 16342 1:0 24376
24111 25937 1:0 24377
24111 16345 1:0 24386
24111 16372 1:0 24400
24111 16374 1:0 24407
24111 16377 1:0 24407
24111 25907 1:0 24407
24111 25906 1:0 24490
24111 16395 1:0 24496
24111 25905 1:0 24497
24111 16399 1:0 24507
24111 25904 1:0 24508
24111 16402 1:0 24517
24111 16420 1:0 24520
24111 16431 1:0 24531
24111 16434 1:0 24538
24111 16429 1:0 24538
24111 25872 1:0 24538
24111 25874 1:0 24621
24111 16452 1:0 24627
24111 25873 1:0 24629
24112 25519 21:0 24113
24112 25454 21:0 24113
24112 16224 21:0 24119
24114 16456 1:0 24638
24114 25871 1:0 24639
24117 16459 1:0 24648
24117 16477 1:0 24651
24117 16486 1:0 24662
24117 16488 1:0 24669
24117 25841 1:0 24669
24117 16491 1:0 24669
24118 16192 21:0 24119
24118 329 21:0 24119
24118 16151 21:0 24119
24118 39 21:0 24119
24118 16206 21:0 24119
24118 16201 21:0 24119
24118 16203 21:0 24119
24120 25839 1:0 24752
24123 25840 1:0 24760
24125 16509 1:0 24758
24153 16249 21:0 24185
24156 16513 1:0 24769
24156 25838 1:0 24770
24188 16258 21:0 24191
24198 16260 21:0 24201
24208 16263 21:0 24230
24238 25806 1:0 24800
24239 16516 1:0 24779
24239 16548 1:0 24781
24239 16545 1:0 24793
24239 16543 1:0 24800
24239 25808 1:0 24883
24248 16566 1:0 24889
24248 25807 1:0 24891
24254 16570 1:0 24900
24254 25805 1:0 24901
24257 16288 21:0 24257
24274 16591 1:0 24924
24274 25774 1:0 24931
24275 16573 1:0 24910
24275 16602 1:0 24931
24275 16605 1:0 24931
24284 16306 21:0 24316
24319 16315 21:0 24322
24329 16317 21:0 24332
24339 16320 21:0 24361
24367 16338 21:0 24372
24369 25775 1:0 25014
24370 16623 1:0 25020
24370 25773 1:0 25021
24378 16342 21:0 24381
24379 16627 1:0 25031
24379 25772 1:0 25032
24379 16630 1:0 25041
24379 16648 1:0 25055
24379 16657 1:0 25062
24379 16662 1:0 25062
24379 25740 1:0 25062
24385 25742 1:0 25145
24388 16345 21:0 24412
24405 25741 1:0 25153
24406 16680 1:0 25151
24415 16363 21:0 24447
24450 16372 21:0 24453
24460 16374 21:0 24463
24470 16377 21:0 24492
24498 16395 21:0 24503
24500 16684 1:0 25162
24500 25739 1:0 25163
24501 16687 1:0 25172
24501 16705 1:0 25186
24501 16719 1:0 25186
24501 16714 1:0 25186
24501 16716 1:0 25193
24501 25708 1:0 25193
24509 16399 21:0 24512
24510 25709 1:0 25276
24510 16737 1:0 25282
24510 25707 1:0 25283
24516 16741 1:0 25293
24516 25706 1:0 25294
24519 16402 21:0 24543
24536 25675 1:0 25324
24537 16744 1:0 25303
24537 16776 1:0 25305
24537 16773 1:0 25317
24537 16762 1:0 25317
24537 16771 1:0 25324
24546 16420 21:0 24578
24581 16429 21:0 24584
24591 16431 21:0 24594
24601 16434 21:0 24623
24629 16452 21:0 24634
24631 25676 1:0 25407
24632 16794 1:0 25413
24632 25674 1:0 25414
24632 25673 1:0 25425
24632 16828 1:0 25427
24640 16456 21:0 24643
24641 16798 1:0 25424
24641 16819 1:0 25424
24641 25661 1:0 25427
24641 16830 1:0 25427
24641 16801 1:0 25434
24641 113 1:0 25455
24641 16855 1:0 25455
24641 25643 1:0 25455
24647 25641 1:0 25538
24650 16459 21:0 24650
24668 25642 1:0 25546
24677 16477 21:0 24709
24680 16851 1:0 25544
24680 16908 1:0 25549
24712 16486 21:0 24715
24722 16488 21:0 24725
24732 16491 21:0 24754
24760 16509 21:0 24765
24762 25640 1:0 25556
24762 79 1:0 25558
24762 16887 1:0 25558
24762 97 1:0 25558
24762 16876 1:0 25558
24763 16885 1:0 25558
24763 16858 1:0 25558
24763 95 1:0 25558
24763 16890 1:0 25558
24763 25609 1:0 25586
24763 16912 1:0 25586
24771 16513 21:0 24774
24772 25632 1:0 25571
24772 25628 1:0 25586
24772 25610 1:0 25669
24775 25608 1:0 25676
24778 16915 1:0 25680
24778 25599 1:0 25680
24781 16516 21:0 24805
24798 25607 1:0 25687
24798 16942 1:0 25689
24798 81 1:0 25689
24799 25605 1:0 25689
24799 77 1:0 25689
24799 16933 1:0 25689
24799 16947 1:0 25689
24808 16534 21:0 24840
24843 16543 21:0 24846
24853 16545 21:0 24856
24863 16548 21:0 24885
24893 25576 1:0 25717
24893 25579 1:0 25717
24893 16972 1:0 25717
24893 25595 1:0 25717
24894 25577 1:0 25800
24902 16570 21:0 24905
24903 16965 1:0 25806
24903 25575 1:0 25807
24903 16969 1:0 25811
24903 25574 1:0 25818
24903 59 1:0 25820
24906 16999 1:0 25820
24906 65 1:0 25820
24906 57 1:0 25820
24909 61 1:0 25820
24909 17004 1:0 25820
24912 16573 21:0 24936
24914 25543 1:0 25848
24929 17022 1:0 25848
24930 25559 1:0 25848
24939 16591 21:0 24971
24974 16600 21:0 24977
24984 16602 21:0 24987
24994 16605 21:0 25016
25022 16623 21:0 25027
25024 25544 1:0 25931
25025 25542 1:0 25938
25025 17026 1:0 25942
25025 25541 1:0 25949
25025 17029 1:0 25951
25033 16627 21:0 25036
25034 17118 1:0 25960
25034 17058 1:0 25972
25034 39 1:0 25972
25034 17047 1:0 25972
25034 25519 1:0 25979
25034 25509 1:0 25979
25034 43 1:0 25979
25040 25511 1:0 26062
25043 16630 21:0 25067
25045 25510 1:0 26070
25060 17079 1:0 26068
25061 17083 1:0 26073
25070 16648 21:0 25102
25105 16657 21:0 25108
25115 16659 21:0 25118
25125 16662 21:0 25147
25153 16680 21:0 25158
25155 25508 1:0 26080
25155 17115 1:0 26082
25155 17113 1:0 26082
25155 21 1:0 26082
25155 27 1:0 26082
25155 17104 1:0 26082
25155 17086 1:0 26082
25156 17136 1:0 26110
25156 25476 1:0 26110
25156 25495 1:0 26110
25156 25496 1:0 26110
25165 25478 1:0 26193
25165 25477 1:0 26201
25165 25474 1:0 26204
25171 25475 1:0 26211
25173 17140 1:0 26210
25174 16687 21:0 25198
25176 11 1:0 26215
25176 17170 1:0 26216
25191 9 1:0 26216
25192 17161 1:0 26216
25192 17143 1:0 26216
25192 25454 1:0 26241
25201 16705 21:0 25233
25204 25463 1:0 26223
25204 5 1:0 26234
25204 7 1:0 26241
25204 25461 1:0 26241
25204 25462 1:0 26241
25236 16714 21:0 25239
25246 16716 21:0 25249
25256 16719 21:0 25278
25284 16737 21:0 25289
25286 25460 1:0 26250
25286 25453 1:0 26295
25286 3 1:0 26295
25286 17175 1:0 26302
25286 341 1:0 26322
25295 16741 21:0 25298
25305 16744 21:0 25329
25332 16762 21:0 25364
25367 16771 21:0 25370
25377 16773 21:0 25380
25387 16776 21:0 25409
25415 16794 21:0 25420
25426 16798 21:0 25429
25463 16819 21:0 25495
25498 16828 21:0 25501
25508 16830 21:0 25511
25518 16833 21:0 25540
25546 16851 21:0 25551
25557 16855 21:0 25560
25567 16858 21:0 25591
25594 16876 21:0 25626
25629 16885 21:0 25632
25639 16887 21:0 25642
25649 16890 21:0 25671
25677 16908 21:0 25682
25698 16915 21:0 25722
25725 16933 21:0 25757
25760 16942 21:0 25763
25770 16944 21:0 25773
25780 16947 21:0 25802
25808 16965 21:0 25813
25819 16969 21:0 25822
25829 16972 21:0 25853
25856 16990 21:0 25888
25891 16999 21:0 25894
25901 17001 21:0 25904
25911 17004 21:0 25933
25939 17022 21:0 25944
25950 17026 21:0 25953
25960 17029 21:0 25984
25987 17047 21:0 26019
26022 17056 21:0 26025
26032 17058 21:0 26035
26042 17061 21:0 26064
26081 17083 21:0 26084
26091 17086 21:0 26115
26118 17104 21:0 26150
26153 17113 21:0 26156
26163 17115 21:0 26166
26173 17118 21:0 26195
26201 17136 21:0 26206
26212 17140 21:0 26215
26222 17143 21:0 26246
26249 17161 21:0 26281
26284 17170 21:0 26287
26294 17172 21:0 26297
26320 340 21:0 26338
26337 27104 21:0 26370
26369 3 21:0 26375
26374 17175 21:0 26375
26374 27114 21:0 26375
26374 7 21:0 26375
26374 5 21:0 26375
26375 27113 21:0 26386
26385 27112 21:0 26386
26385 341 21:0 26386
26385 27109 21:0 26391
26390 11 21:0 26391
26390 27111 21:0 26391
26391 15 21:0 26391
26393 27128 21:0 26414
26413 27126 21:0 26462
26446 27144 21:0 26446
26453 27131 21:0 26453
26461 27118 21:0 26462
26461 23 21:0 26462
26461 25 21:0 26464
26464 27159 21:0 26472
26471 27157 21:0 26472
26471 29 21:0 26472
26471 27147 21:0 26472
26472 27162 21:0 26538
26537 27161 21:0 26543
26542 27160 21:0 26548
26547 43 21:0 26548
26547 41 21:0 26548
26547 27180 21:0 26548
26548 49 21:0 26548
26548 27195 21:0 26614
26613 27193 21:0 26619
26618 27225 21:0 26624
26619 69 21:0 26619
26623 27213 21:0 26624
26623 61 21:0 26624
26623 63 21:0 26624
26623 57 21:0 26624
26624 27228 21:0 26690
26679 27245 21:0 26679
26687 27256 21:0 26687
26689 27226 21:0 26695
26690 83 21:0 26690
26694 27246 21:0 26695
26694 27244 21:0 26695
26694 79 21:0 26695
26694 75 21:0 26695
26694 39 21:0 26695
26694 59 21:0 26697
26697 27260 21:0 26714
26713 27261 21:0 26766
26750 27276 21:0 26750
26750 27274 21:0 26750
26765 27127 21:0 26771
26770 93 21:0 26771
26770 21 21:0 26771
26770 99 21:0 26773
26773 27292 21:0 26790
26789 27294 21:0 26842
26831 27311 21:0 26831
26841 27291 21:0 26847
26846 117 21:0 26847
26846 95 21:0 26847
26846 113 21:0 26847
26846 115 21:0 26849
26847 27323 21:0 26847
26848 27312 21:0 26849
26849 27325 21:0 26870
26869 27326 21:0 26918
26902 27340 21:0 26902
26917 27129 21:0 26923
26922 27192 21:0 26942
26923 27356 21:0 26923
26930 27349 21:0 26930
26941 27259 21:0 26994
26993 27360 21:0 26999
26996 27390 21:0 26996
26998 129 21:0 26999
26998 147 21:0 26999
26998 133 21:0 26999
26998 149 21:0 26999
26998 131 21:0 27001
27000 27345 21:0 27001
27000 27279 21:0 27001
27000 27378 21:0 27001
27001 27392 21:0 27018
27004 27393 21:0 27004
27017 27391 21:0 27070
27054 27409 21:0 27054
27069 27324 21:0 27075
27074 27258 21:0 27080
27075 27422 21:0 27075
27077 27424 21:0 27077
27079 27327 21:0 27146
27145 27357 21:0 27151
27150 27359 21:0 27156
27155 27194 21:0 27222
27219 27487 21:0 27219
27221 27456 21:0 27227
27226 27423 21:0 27232
27229 27491 21:0 27229
27231 27458 21:0 27287
27282 27507 21:0 27282
27286 27426 21:0 27303
27300 27522 21:0 27300
27302 27425 21:0 27308
27305 27524 21:0 27305
27305 27523 21:0 27305
27307 27457 21:0 27363
27308 27525 21:0 27308
27330 27534 21:0 27330
27358 27540 21:0 27358
27362 27227 21:0 27379
27376 27555 21:0 27376
27378 27358 21:0 27384
27381 27557 21:0 27381
27381 27556 21:0 27381
27383 27293 21:0 27434
27384 27558 21:0 27384
27433 27263 21:0 27441
27440 27501 21:0 27450
27441 27560 21:0 27441
27449 27500 21:0 27450
27449 27520 21:0 27450
27449 27509 21:0 27455
27454 27492 21:0 27460
27457 27590 21:0 27457
27457 27589 21:0 27457
27459 27490 21:0 27515
27460 27591 21:0 27460
27514 27489 21:0 27531
27517 27593 21:0 27517
27528 27621 21:0 27528
27530 27459 21:0 27536
27533 27622 21:0 27533
27533 27623 21:0 27533
27535 27588 21:0 27586
27536 27624 21:0 27536
27538 27613 21:0 27538
27585 27217 21:0 27591
27590 27211 21:0 27602
27601 27124 21:0 27602
27601 27137 21:0 27602
27601 135 21:0 27602
27601 189 21:0 27607
27604 27654 21:0 27604
27606 259 21:0 27607
27606 207 21:0 27607
27606 201 21:0 27607
27606 153 21:0 27607
27606 221 21:0 27607
27606 277 21:0 27607
27606 27 21:0 27607
27606 225 21:0 27607
27606 223 21:0 27607
27606 9 21:0 27607
27606 185 21:0 27607
27606 239 21:0 27607
27606 111 21:0 27607
27606 167 21:0 27607
27606 237 21:0 27607
27606 243 21:0 27607
27606 45 21:0 27607
27606 183 21:0 27612
27609 27655 21:0 27609
27609 27656 21:0 27609
27611 165 21:0 27612
27611 27543 21:0 27612
27611 279 21:0 27612
27611 27642 21:0 27612
27611 151 21:0 27612
27611 97 21:0 27612
27611 219 21:0 27612
27611 27510 21:0 27612
27611 171 21:0 27612
27611 261 21:0 27612
27611 203 21:0 27612
27611 241 21:0 27612
27611 255 21:0 27612
27611 257 21:0 27612
27611 187 21:0 27612
27611 169 21:0 27612
27611 205 21:0 27612
27611 81 21:0 27612
27611 27411 21:0 27612
27611 275 21:0 27612
27611 27609 21:0 27612
27611 27477 21:0 27612
27611 27576 21:0 27612
27611 77 21:0 27612
27611 273 21:0 27612
27611 27444 21:0 27612
27611 293 21:0 27612
27611 295 21:0 27612
27611 297 21:0 27614
27612 27657 21:0 27612
27613 291 21:0 27626
27630 311 21:0 27634
27648 353 21:0 27657
27656 313 21:0 27662
27661 309 21:0 27662
27662 27675 21:0 27667
27667 315 21:0 27678
27677 27588 1:0 27686
27680 27687 21:0 27680
27682 16338 1:0 27686
27682 329 1:0 27686
27682 17086 1:0 27686
27687 27459 1:0 27749
27708 27700 21:0 27718
27717 16151 1:0 27719
27721 16151 21:0 27738
27737 329 21:0 27751
27750 27489 1:0 27760
27753 16345 1:0 27760
27753 16741 1:0 27760
27761 27490 1:0 27769
27764 16192 1:0 27769
27764 315 1:0 27769
27764 309 1:0 27769
27764 16687 1:0 27769
27768 27687 1:0 27768
27770 12902 1:0 27772
27770 12901 1:0 27772
27770 16206 1:0 27772
27770 16516 1:0 27772
27770 17140 1:0 27772
27773 12906 1:0 27800
27773 12907 1:0 27800
27773 12905 1:0 27800
27798 313 1:0 27800
27798 12896 1:0 27800
27798 27675 1:0 27800
27798 16203 1:0 27800
27798 16201 1:0 27800
27798 353 1:0 27800
27798 12895 1:0 27800
27801 12908 1:0 27841
27824 353 21:0 27834
27836 12900 1:0 27841
27836 12898 1:0 27841
27836 311 1:0 27841
27842 12904 1:0 27854
27852 12899 1:0 27854
27852 12897 1:0 27854
27855 12903 1:0 27920
27910 12899 21:0 27923
27922 12897 21:0 27929
27930 12903 21:0 27972
27971 27657 1:0 27971
27971 12908 21:0 27972
27971 12904 21:0 27972
27971 291 1:0 27973
27971 16263 1:0 27973
27971 16249 1:0 27973
27971 16399 1:0 27973
27971 16224 1:0 27973
27971 12905 21:0 27975
27974 12907 21:0 27975
27974 12906 21:0 27975
27974 12895 21:0 27983
27974 27492 1:0 27984
27978 27655 1:0 27978
27979 27656 1:0 27979
27982 12901 21:0 27983
27982 12902 21:0 27983
27982 12896 21:0 27983
27982 319 21:0 27983
27982 321 21:0 27983
27982 27124 1:0 27984
27982 16395 1:0 27984
27982 317 21:0 27986
27985 309 21:0 27986
27985 311 21:0 27986
27985 12898 21:0 27986
27985 315 21:0 27986
27985 313 21:0 27986
27985 12900 21:0 27986
27985 27293 1:0 27993
27989 27654 1:0 27989
27991 297 1:0 27993
27991 13048 1:0 27993
27991 13049 1:0 27993
27991 17136 1:0 27993
27994 13053 1:0 28021
27994 13054 1:0 28021
27994 13052 1:0 28021
28019 13042 1:0 28021
28019 16258 1:0 28021
28019 16260 1:0 28021
28019 295 1:0 28021
28019 27642 1:0 28021
28019 353 1:0 28021
28019 13043 1:0 28021
28022 13051 1:0 28062
28045 353 21:0 28055
28057 13045 1:0 28062
28057 13046 1:0 28062
28057 293 1:0 28062
28063 13050 1:0 28075
28073 13047 1:0 28075
28073 13044 1:0 28075
28076 13055 1:0 28162
28108 13043 21:0 28160
28159 13047 21:0 28168
28168 13055 21:0 28193
28171 273 1:0 28194
28192 27624 1:0 28192
28192 13050 21:0 28193
28192 16320 1:0 28194
28192 11 1:0 28194
28192 27111 1:0 28194
28192 16306 1:0 28194
28192 13051 21:0 28196
28195 13054 21:0 28196
28195 13053 21:0 28196
28195 13052 21:0 28200
28195 27358 1:0 28205
28199 27622 1:0 28199
28199 13042 21:0 28204
28200 27623 1:0 28200
28202 16627 1:0 28205
28202 16342 1:0 28205
28203 301 21:0 28204
28203 13048 21:0 28204
28203 13049 21:0 28204
28203 303 21:0 28204
28203 299 21:0 28207
28206 13045 21:0 28207
28206 293 21:0 28207
28206 291 21:0 28207
28206 297 21:0 28207
28206 295 21:0 28207
28206 13044 21:0 28207
28206 13046 21:0 28207
28206 27227 1:0 28214
28208 277 1:0 28242
28208 275 1:0 28242
28208 27609 1:0 28242
28208 16317 1:0 28242
28208 353 1:0 28242
28210 27621 1:0 28210
28211 291 1:0 1299
28211 293 1:0 1303
28211 295 1:0 1307
28211 297 1:0 1337
28211 299 1:0 1351
28211 303 1:0 1356
28211 279 1:0 28214
28211 13196 1:0 28214
28211 13195 1:0 28214
28211 16969 1:0 28214
28211 13200 1:0 28242
28211 13202 1:0 28242
28211 13201 1:0 28242
28217 301 1:0 1361
28217 309 1:0 1375
28217 311 1:0 1379
28217 313 1:0 1383
28217 315 1:0 1413
28217 317 1:0 1427
28217 321 1:0 1432
28219 16288 1:0 28219
28219 319 1:0 1437
28222 13190 1:0 28242
28222 13189 1:0 28242
28222 16315 1:0 28280
28222 13191 1:0 28283
28222 13193 1:0 28283
28222 257 1:0 28463
28222 27576 1:0 28463
28225 27613 1:0 28225
28237 13197 1:0 28283
28238 13198 1:0 28296
28238 13194 1:0 28296
28238 13192 1:0 28296
28250 13199 1:0 28372
28250 16363 1:0 28415
28250 261 1:0 28415
28291 255 1:0 28415
28291 16402 1:0 28415
28291 17083 1:0 28415
28307 27593 1:0 28307
28320 27457 1:0 28426
28321 17022 1:0 28426
28329 13190 21:0 28381
28370 27109 1:0 28426
28380 13343 1:0 28435
28380 13342 1:0 28435
28380 16372 1:0 28463
28380 259 1:0 28463
28380 16374 1:0 28504
28380 243 1:0 28636
28382 13199 21:0 28414
28382 16434 1:0 28636
28413 27591 1:0 28413
28413 13198 21:0 28414
28413 13197 21:0 28414
28413 13202 21:0 28417
28416 13200 21:0 28417
28416 13201 21:0 28417
28416 13189 21:0 28425
28420 27589 1:0 28420
28421 27590 1:0 28421
28422 27425 1:0 28435
28423 16377 1:0 28435
28423 341 1:0 28435
28423 13345 1:0 28463
28423 13336 1:0 28463
28423 13337 1:0 28463
28423 13346 1:0 28463
28423 13347 1:0 28463
28423 13340 1:0 28504
28423 13341 1:0 28504
28423 13344 1:0 28504
28423 13348 1:0 28517
28423 13338 1:0 28517
28423 13339 1:0 28517
28424 13194 21:0 28425
28424 13191 21:0 28425
28424 13192 21:0 28425
28424 13193 21:0 28425
28424 13196 21:0 28425
28424 13195 21:0 28425
28432 13349 1:0 28604
28432 16452 1:0 28636
28432 16972 1:0 28636
28432 237 1:0 28636
28432 27426 1:0 28647
28432 13483 1:0 28656
28432 13489 1:0 28656
28432 16420 1:0 28656
28438 16680 1:0 28647
28438 27112 1:0 28647
28458 27458 1:0 28656
28459 16570 1:0 28656
28471 13496 1:0 28684
28471 13492 1:0 28684
28512 27543 1:0 28684
28512 241 1:0 28684
28512 239 1:0 28684
28512 13490 1:0 28684
28512 13484 1:0 28684
28512 16431 1:0 28684
28512 13491 1:0 28684
28512 16429 1:0 28722
28512 13487 1:0 28725
28520 13488 1:0 28725
28525 13493 1:0 28725
28528 27560 1:0 28528
28540 13486 1:0 28738
28540 13485 1:0 28738
28540 13495 1:0 28738
28541 13494 1:0 28815
28541 225 1:0 28857
28541 16491 1:0 28857
28542 27509 1:0 28857
28550 13337 21:0 28602
28591 16456 1:0 28857
28601 13339 21:0 28609
28601 219 1:0 28857
28601 13631 1:0 28877
28610 13349 21:0 28635
28634 27558 1:0 28634
28634 13348 21:0 28635
28634 13344 21:0 28638
28637 13346 21:0 28638
28637 13347 21:0 28638
28637 13345 21:0 28642
28641 27556 1:0 28641
28641 13336 21:0 28646
28642 27557 1:0 28642
28643 27520 1:0 28868
28643 27423 1:0 28868
28644 27500 1:0 28868
28644 13630 1:0 28877
28644 27501 1:0 28877
28644 27456 1:0 28877
28644 16477 1:0 28877
28644 13637 1:0 28905
28644 27510 1:0 28905
28644 16486 1:0 28905
28644 16488 1:0 28905
28644 223 1:0 28905
28645 13338 21:0 28646
28645 13341 21:0 28646
28645 13342 21:0 28646
28645 13343 21:0 28646
28645 13340 21:0 28646
28652 27555 1:0 28652
28653 13636 1:0 28905
28653 13639 1:0 28905
28653 13638 1:0 28905
28653 13640 1:0 28905
28653 13642 1:0 28946
28653 221 1:0 28946
28653 13633 1:0 28946
28653 13634 1:0 28946
28653 13643 1:0 28959
28653 13632 1:0 28959
28653 13635 1:0 28959
28653 13641 1:0 29036
28653 16548 1:0 29078
28653 201 1:0 29078
28653 13778 1:0 29098
28653 27477 1:0 29126
28653 203 1:0 29126
28653 205 1:0 29126
28653 16543 1:0 29126
28659 207 1:0 29078
28659 16744 1:0 29078
28659 16509 1:0 29078
28679 27194 1:0 29089
28680 16513 1:0 29089
28691 27540 1:0 28691
28692 17143 1:0 29089
28717 27534 1:0 28717
28746 27359 1:0 29098
28746 16534 1:0 29098
28761 16858 1:0 29098
28762 13783 1:0 29098
28762 13785 1:0 29126
28763 13786 1:0 29126
28784 13485 21:0 28807
28806 13486 21:0 28813
28812 13488 21:0 28820
28812 13784 1:0 29126
28812 13790 1:0 29126
28814 13777 1:0 29126
28821 13494 21:0 28856
28822 13779 1:0 29167
28822 13788 1:0 29167
28855 27525 1:0 28855
28855 13495 21:0 28856
28855 13493 21:0 28856
28855 13491 21:0 28859
28858 13492 21:0 28859
28858 13496 21:0 28859
28858 13490 21:0 28867
28862 27523 1:0 28862
28863 27524 1:0 28863
28864 16545 1:0 29167
28864 13780 1:0 29167
28864 13781 1:0 29180
28864 13787 1:0 29180
28864 13782 1:0 29180
28864 13789 1:0 29266
28864 183 1:0 29299
28864 189 1:0 29299
28864 16591 1:0 29299
28864 16794 1:0 29299
28865 16965 1:0 29299
28865 27357 1:0 29310
28865 16915 1:0 29310
28865 16855 1:0 29310
28866 13489 21:0 28867
28866 13484 21:0 28867
28866 13483 21:0 28867
28866 13487 21:0 28867
28868 187 1:0 29347
28873 27522 1:0 28873
28874 13930 1:0 29319
28874 13931 1:0 29319
28874 16573 1:0 29319
28874 16605 1:0 29319
28874 27327 1:0 29319
28874 13935 1:0 29347
28874 13933 1:0 29347
28874 13925 1:0 29347
28880 185 1:0 29347
28880 13937 1:0 29347
28880 13924 1:0 29347
28880 16602 1:0 29347
28880 27444 1:0 29347
28880 16600 1:0 29385
28880 13926 1:0 29388
28880 13928 1:0 29388
28880 13932 1:0 29388
28880 16662 1:0 29520
28880 167 1:0 29568
28882 16459 1:0 28882
28882 13927 1:0 29401
28882 13929 1:0 29401
28882 13936 1:0 29401
28885 13934 1:0 29477
28900 165 1:0 29520
28900 171 1:0 29520
28900 14078 1:0 29540
28900 169 1:0 29568
28900 27411 1:0 29568
28901 16623 1:0 29520
28912 27507 1:0 28912
28913 27137 1:0 29520
28967 27258 1:0 29531
28982 16630 1:0 29531
28983 27157 1:0 29531
29005 13632 21:0 29028
29027 13635 21:0 29034
29033 13634 21:0 29041
29042 13641 21:0 29077
29043 27391 1:0 29540
29076 13643 21:0 29077
29076 13642 21:0 29077
29076 13639 21:0 29080
29079 13640 21:0 29080
29079 13638 21:0 29080
29079 13637 21:0 29088
29084 27491 1:0 29084
29085 17029 1:0 29540
29085 14077 1:0 29540
29085 16648 1:0 29540
29085 14079 1:0 29568
29085 14083 1:0 29568
29085 14072 1:0 29568
29085 16659 1:0 29568
29085 16657 1:0 29606
29085 14075 1:0 29609
29085 27378 1:0 29789
29086 14084 1:0 29568
29086 14071 1:0 29568
29086 14074 1:0 29609
29086 14081 1:0 29609
29086 14080 1:0 29622
29086 14073 1:0 29622
29086 14076 1:0 29622
29086 14082 1:0 29699
29086 147 1:0 29761
29086 14225 1:0 29761
29086 14218 1:0 29761
29086 16716 1:0 29789
29086 149 1:0 29789
29087 13633 21:0 29088
29087 13636 21:0 29088
29087 13631 21:0 29088
29087 13630 21:0 29088
29095 27392 1:0 29746
29095 16719 1:0 29752
29095 27324 1:0 29752
29095 153 1:0 29752
29095 16705 1:0 29752
29101 27360 1:0 29761
29103 27104 1:0 29761
29104 27487 1:0 29104
29106 14228 1:0 29789
29121 14229 1:0 29789
29122 14230 1:0 29789
29134 14224 1:0 29789
29134 151 1:0 29789
29134 14219 1:0 29789
29134 16714 1:0 29827
29134 14223 1:0 29830
29134 14227 1:0 29830
29134 14220 1:0 29830
29134 131 1:0 30010
29175 14226 1:0 29843
29175 14222 1:0 29843
29175 14221 1:0 29843
29183 14231 1:0 29930
29188 16908 1:0 29962
29203 135 1:0 29962
29203 16762 1:0 29962
29203 16776 1:0 29962
29203 14366 1:0 29982
29204 16737 1:0 29962
29204 16798 1:0 29982
29243 13784 21:0 29270
29276 13789 21:0 29298
29297 13787 21:0 29298
29297 13788 21:0 29301
29300 13786 21:0 29301
29300 13785 21:0 29301
29300 13790 21:0 29306
29305 13777 21:0 29309
29306 27211 1:0 29973
29306 27259 1:0 29973
29306 16851 1:0 29973
29307 14372 1:0 29982
29307 129 1:0 29982
29307 27326 1:0 29982
29307 27345 1:0 30010
29307 133 1:0 30010
29307 16773 1:0 30010
29307 14365 1:0 30010
29307 14373 1:0 30010
29307 14374 1:0 30010
29307 14377 1:0 30010
29307 16771 1:0 30048
29308 13780 21:0 29309
29308 13779 21:0 29309
29308 13782 21:0 29309
29308 13778 21:0 29309
29308 13781 21:0 29309
29308 13783 21:0 29309
29316 14371 1:0 30010
29316 14376 1:0 30051
29316 14369 1:0 30051
29316 14370 1:0 30051
29316 14378 1:0 30064
29316 14367 1:0 30064
29316 14368 1:0 30064
29316 14375 1:0 30140
29316 27325 1:0 30187
29324 16819 1:0 30194
29324 111 1:0 30194
29324 27192 1:0 30194
29327 117 1:0 30194
29327 14512 1:0 30203
29327 14513 1:0 30203
29355 27294 1:0 30203
29355 16833 1:0 30203
29396 27217 1:0 30203
29396 16828 1:0 30231
29404 14521 1:0 30231
29409 14520 1:0 30231
29424 14525 1:0 30231
29425 115 1:0 30231
29425 113 1:0 30231
29425 27312 1:0 30231
29425 14519 1:0 30231
29425 14518 1:0 30231
29425 14515 1:0 30272
29425 14522 1:0 30272
29425 14517 1:0 30272
29425 16830 1:0 30272
29425 97 1:0 30452
29425 95 1:0 30452
29425 27279 1:0 30452
29425 27246 1:0 30673
29425 27213 1:0 30894
29425 27180 1:0 31115
29426 14665 1:0 30424
29426 14660 1:0 30424
29434 13925 21:0 29486
29475 14524 1:0 30285
29475 14514 1:0 30285
29475 14516 1:0 30285
29485 14523 1:0 30362
29487 13934 21:0 29519
29487 93 1:0 30424
29518 13932 21:0 29519
29518 13936 21:0 29519
29518 13937 21:0 29522
29521 13933 21:0 29522
29521 13935 21:0 29522
29521 13924 21:0 29530
29525 27424 1:0 29525
29527 27292 1:0 30408
29528 99 1:0 30415
29528 27291 1:0 30415
29528 16876 1:0 30415
29528 16890 1:0 30415
29528 27263 1:0 30424
29528 14666 1:0 30452
29528 14672 1:0 30452
29529 27422 1:0 29529
29529 13928 21:0 29530
29529 13927 21:0 29530
29529 13930 21:0 29530
29529 13931 21:0 29530
29529 13929 21:0 29530
29529 13926 21:0 29530
29537 27261 1:0 30424
29537 14669 1:0 30452
29537 14659 1:0 30452
29537 16887 1:0 30452
29537 14667 1:0 30452
29537 16885 1:0 30490
29537 14670 1:0 30493
29537 14662 1:0 30493
29537 14664 1:0 30493
29537 14812 1:0 30645
29537 77 1:0 30673
29543 14671 1:0 30506
29543 14661 1:0 30506
29543 14663 1:0 30506
29543 14668 1:0 30573
29563 27260 1:0 30630
29575 27409 1:0 29575
29617 27129 1:0 30636
29617 16933 1:0 30636
29617 75 1:0 30636
29617 81 1:0 30636
29625 14813 1:0 30645
29646 27228 1:0 30645
29647 14806 1:0 30673
29647 14807 1:0 30673
29668 14073 21:0 29691
29690 14076 21:0 29697
29696 14074 21:0 29704
29696 27244 1:0 30645
29696 16947 1:0 30645
29698 16942 1:0 30673
29705 14082 21:0 29740
29705 79 1:0 30673
29706 14817 1:0 30673
29739 27393 1:0 29739
29739 14081 21:0 29740
29739 14080 21:0 29740
29739 14079 21:0 29743
29742 14084 21:0 29743
29742 14083 21:0 29743
29742 14071 21:0 29751
29748 14815 1:0 30673
29748 14816 1:0 30673
29748 14818 1:0 30714
29748 14808 1:0 30714
29748 14810 1:0 30714
29748 16944 1:0 30714
29748 17061 1:0 30843
29748 14954 1:0 30866
29748 14959 1:0 30866
29749 14819 1:0 30727
29749 14811 1:0 30727
29749 14809 1:0 30727
29749 14814 1:0 30793
29749 27226 1:0 30850
29749 57 1:0 30866
29750 14075 21:0 29751
29750 14072 21:0 29751
29750 14077 21:0 29751
29750 14078 21:0 29751
29757 27390 1:0 29757
29758 16990 1:0 30857
29758 63 1:0 30857
29758 17004 1:0 30857
29758 27225 1:0 30857
29758 27195 1:0 30866
29764 17026 1:0 30866
29764 14965 1:0 30894
29764 14961 1:0 30894
29766 14966 1:0 30894
29769 14953 1:0 30894
29769 14960 1:0 30894
29769 61 1:0 30894
29769 16999 1:0 30894
29769 59 1:0 30894
29769 17001 1:0 30935
29769 14957 1:0 30935
29784 14964 1:0 30935
29784 14958 1:0 30935
29785 14962 1:0 30948
29785 14955 1:0 30948
29785 14956 1:0 30948
29797 14963 1:0 31024
29797 17047 1:0 31064
29797 17058 1:0 31115
29797 43 1:0 31115
29866 27193 1:0 31071
29876 14219 21:0 29928
29917 27160 1:0 31078
29917 27 1:0 31078
29927 14221 21:0 29935
29927 17104 1:0 31078
29927 41 1:0 31115
29936 14231 21:0 29961
29960 14226 21:0 29961
29960 14227 21:0 29964
29963 14229 21:0 29964
29963 14230 21:0 29964
29963 14228 21:0 29968
29967 14224 21:0 29972
29969 45 1:0 31078
29969 27162 1:0 31087
29969 15106 1:0 31087
29969 39 1:0 31087
29969 15100 1:0 31087
29970 27113 1:0 31087
29970 15101 1:0 31115
29970 15107 1:0 31115
29970 15113 1:0 31115
29970 15110 1:0 31115
29970 15112 1:0 31115
29970 17056 1:0 31153
29970 15109 1:0 31156
29970 15105 1:0 31156
29970 15102 1:0 31156
29970 15108 1:0 31169
29970 15104 1:0 31169
29970 15103 1:0 31169
29971 27356 1:0 29971
29971 14218 21:0 29972
29971 14223 21:0 29972
29971 14225 21:0 29972
29971 14222 21:0 29972
29971 14220 21:0 29972
29979 15111 1:0 31246
29979 21 1:0 31285
29979 27161 1:0 31293
29979 29 1:0 31296
29979 27118 1:0 31296
29979 15253 1:0 31308
29979 15248 1:0 31308
29987 27159 1:0 31303
29990 15259 1:0 31336
29993 27349 1:0 29993
30017 27340 1:0 30017
30018 17118 1:0 31308
30018 27127 1:0 31308
30059 329 1:0 31333
30059 15260 1:0 31336
30067 15258 1:0 31336
30072 25 1:0 31336
30072 23 1:0 31336
30072 15247 1:0 31336
30072 15254 1:0 31336
30072 17113 1:0 31336
30072 27147 1:0 31336
30072 17115 1:0 31377
30087 15249 1:0 31377
30087 15250 1:0 31377
30087 15257 1:0 31377
30088 15255 1:0 31390
30088 15252 1:0 31390
30088 15251 1:0 31390
30088 15256 1:0 31457
30089 9 1:0 31506
30097 14366 21:0 30149
30150 14375 21:0 30182
30181 14378 21:0 30182
30181 14376 21:0 30182
30181 14373 21:0 30185
30184 14374 21:0 30185
30184 14377 21:0 30185
30184 14365 21:0 30193
30190 27128 1:0 31514
30190 16151 1:0 31517
30190 27700 1:0 31517
30190 24398 1:0 31517
30190 26049 1:0 31517
30190 17161 1:0 31517
30191 27126 1:0 31524
30191 22747 1:0 31526
30191 3 1:0 31526
30191 21096 1:0 31526
30191 15400 1:0 31526
30191 17175 1:0 31526
30191 334 1:0 31529
30191 15395 1:0 31529
30191 15394 1:0 31529
30191 15401 1:0 31529
30192 27323 1:0 30192
30192 14371 21:0 30193
30192 14368 21:0 30193
30192 14372 21:0 30193
30192 14370 21:0 30193
30192 14367 21:0 30193
30192 14369 21:0 30193
30200 17794 1:0 31529
30200 19445 1:0 31529
30200 5 1:0 31554
30200 7 1:0 31557
30200 17170 1:0 31557
30200 15406 1:0 31557
30200 15402 1:0 31557
30200 15407 1:0 31557
30200 27114 1:0 31557
30200 16143 1:0 31557
30200 15403 1:0 31598
30200 17172 1:0 31598
30200 15399 1:0 31598
30200 15398 1:0 31598
30200 15404 1:0 31611
30200 15396 1:0 31611
30200 15397 1:0 31611
30206 15405 1:0 31688
30206 15496 1:0 31699
30206 15497 1:0 31739
30229 27311 1:0 30229
30341 14516 21:0 30354
30353 14514 21:0 30360
30359 14515 21:0 30368
30368 14523 21:0 30403
30402 14524 21:0 30403
30402 14522 21:0 30403
30402 14521 21:0 30406
30405 14520 21:0 30406
30405 14525 21:0 30406
30405 14518 21:0 30414
30413 14517 21:0 30414
30413 14512 21:0 30414
30413 14513 21:0 30414
30413 14519 21:0 30414
30459 27276 1:0 30459
30459 27274 1:0 30459
30562 14663 21:0 30575
30579 14668 21:0 30624
30623 14670 21:0 30624
30623 14671 21:0 30624
30623 14669 21:0 30627
30626 14667 21:0 30627
30626 14672 21:0 30627
30626 14659 21:0 30632
30631 14666 21:0 30635
30634 14660 21:0 30635
30634 14664 21:0 30635
30634 14662 21:0 30635
30634 14661 21:0 30635
30634 14665 21:0 30635
30645 83 1:0 30645
30651 27256 1:0 30651
30671 27245 1:0 30671
30770 14809 21:0 30795
30794 14811 21:0 30802
30803 14814 21:0 30845
30844 14819 21:0 30845
30844 14818 21:0 30845
30844 14817 21:0 30848
30847 14816 21:0 30848
30847 14815 21:0 30848
30847 14806 21:0 30853
30852 14807 21:0 30856
30855 14813 21:0 30856
30855 14810 21:0 30856
30855 14812 21:0 30856
30855 14808 21:0 30856
30857 69 1:0 30857
30981 14954 21:0 31033
31034 14963 21:0 31066
31065 14964 21:0 31066
31065 14962 21:0 31066
31065 14965 21:0 31069
31067 49 1:0 31067
31068 14961 21:0 31069
31068 14966 21:0 31069
31068 14960 21:0 31077
31076 14953 21:0 31077
31076 14958 21:0 31077
31076 14956 21:0 31077
31076 14959 21:0 31077
31076 14955 21:0 31077
31076 14957 21:0 31077
31212 15103 21:0 31237
31236 15104 21:0 31244
31243 15105 21:0 31249
31252 15111 21:0 31287
31286 15108 21:0 31287
31286 15109 21:0 31287
31286 15110 21:0 31290
31289 15112 21:0 31290
31289 15113 21:0 31290
31289 15107 21:0 31298
31297 15100 21:0 31298
31297 15106 21:0 31298
31297 15101 21:0 31298
31297 15102 21:0 31298
31343 27144 1:0 31343
31401 27131 1:0 31401
31443 15252 21:0 31459
31463 15256 21:0 31508
31507 15257 21:0 31508
31507 15255 21:0 31508
31507 15258 21:0 31511
31510 15259 21:0 31511
31510 15260 21:0 31511
31510 15254 21:0 31516
31515 15247 21:0 31519
31518 15251 21:0 31519
31518 15250 21:0 31519
31518 15248 21:0 31519
31518 15249 21:0 31519
31518 15253 21:0 31519
31520 15 1:0 31520
31657 15396 21:0 31680
31679 15397 21:0 31686
31685 15399 21:0 31693
31694 15405 21:0 87
