151 13516 21:0 193
192 13514 21:0 204
203 13513 21:0 209
208 13515 21:0 209
208 13511 21:0 214
213 13603 21:0 214
213 13712 21:0 269
213 13604 21:0 214
268 13710 21:0 285
284 13510 21:0 285
284 13503 21:0 285
284 13509 21:0 285
284 13504 21:0 285
287 13745 21:0 304
358 13776 21:0 366
366 13779 21:0 432
434 13809 21:0 442
442 13812 21:0 508
507 13778 21:0 513
515 13843 21:0 532
531 13844 21:0 584
583 13845 21:0 589
591 13877 21:0 608
607 13878 21:0 660
662 13908 21:0 670
669 13909 21:0 720
719 13777 21:0 736
738 13941 21:0 746
746 13944 21:0 812
811 13943 21:0 817
819 13976 21:0 836
835 13942 21:0 888
887 13977 21:0 893
892 13910 21:0 912
911 13974 21:0 964
963 13810 21:0 969
968 13811 21:0 988
1047 14074 21:0 1064
1063 14075 21:0 1116
1123 14108 21:0 1140
1139 14109 21:0 1192
1191 14107 21:0 1197
1196 14139 21:0 1216
1423 14239 21:0 1431
1430 14240 21:0 1481
1480 14241 21:0 1497
1496 14242 21:0 1507
1506 14272 21:0 1529
1528 14273 21:0 1573
1572 14274 21:0 1580
1579 14275 21:0 1597
1596 14305 21:0 1649
1648 14307 21:0 1654
1653 14306 21:0 1673
1672 14308 21:0 1725
1724 14338 21:0 1730
1729 14339 21:0 1749
1748 14340 21:0 1801
1800 14341 21:0 1806
1805 14371 21:0 1811
1810 14372 21:0 1877
1876 14373 21:0 1882
1881 14374 21:0 1887
1886 14404 21:0 1953
1952 14405 21:0 1958
1957 14406 21:0 1963
1962 14407 21:0 2021
2020 14437 21:0 2034
2033 14439 21:0 2039
2038 14438 21:0 2094
2093 14440 21:0 2110
2109 14470 21:0 2115
2114 14471 21:0 2170
2169 14472 21:0 2183
2182 14473 21:0 2191
2190 14503 21:0 2241
2240 14505 21:0 2257
2256 14504 21:0 2267
2266 14506 21:0 2289
2288 14536 21:0 2333
2332 14538 21:0 2343
2342 14537 21:0 2357
2356 14539 21:0 2409
2408 14569 21:0 2414
2413 14570 21:0 2433
2432 14571 21:0 2485
2484 14572 21:0 2490
2489 14602 21:0 2509
2508 14604 21:0 2561
2560 14603 21:0 2566
2565 14605 21:0 2571
2570 14635 21:0 2580
2579 14636 21:0 2587
2584 14139 1:0 2835
2585 14107 1:0 2866
2586 14637 21:0 2590
2588 14109 1:0 2941
2589 14638 21:0 2598
2591 14108 1:0 2948
2593 14075 1:0 3063
2593 14074 1:0 3069
2599 13977 1:0 3429
2610 304 21:0 2624
2617 13976 1:0 3436
2623 14668 21:0 2699
2669 13974 1:0 3445
2695 13942 1:0 3476
2698 14670 21:0 2702
2701 14669 21:0 2709
2706 13944 1:0 3551
2707 13943 1:0 3558
2708 14671 21:0 2712
2710 13941 1:0 3567
2711 14702 21:0 2720
2713 13910 1:0 3673
2715 13909 1:0 3679
2715 13908 1:0 3689
2719 14704 21:0 2746
2721 13878 1:0 3795
2725 13877 1:0 3802
2745 14703 21:0 2821
2747 13845 1:0 3842
2791 13844 1:0 3917
2817 13843 1:0 3923
2820 14701 21:0 2824
2823 14734 21:0 2831
2828 13811 1:0 3964
2829 13812 1:0 4039
2830 14736 21:0 2839
2832 13810 1:0 4045
2837 13809 1:0 4055
2837 13777 1:0 4086
2840 13779 1:0 4161
2847 13778 1:0 4168
2950 13776 1:0 4177
2951 13745 1:0 4290
2959 13712 1:0 4412
2959 13710 1:0 4421
2965 305 1:0 5743
4593 15681 21:0 4601
4600 15682 21:0 4651
4650 15683 21:0 4667
4666 15684 21:0 4677
4676 15714 21:0 4699
4698 15716 21:0 4743
4742 15715 21:0 4753
4752 15717 21:0 4771
4770 15747 21:0 4819
4818 15749 21:0 4824
4823 15748 21:0 4843
4842 15750 21:0 4895
4894 15780 21:0 4900
4899 15782 21:0 4919
4918 15781 21:0 4971
4970 15783 21:0 4976
4975 15813 21:0 4981
4980 15814 21:0 5047
5046 15815 21:0 5052
5051 15816 21:0 5057
5056 15846 21:0 5123
5122 15847 21:0 5128
5127 15848 21:0 5133
5132 15849 21:0 5199
5198 15879 21:0 5204
5203 15880 21:0 5209
5208 15881 21:0 5264
5263 15882 21:0 5280
5279 15912 21:0 5285
5284 15914 21:0 5340
5339 15913 21:0 5356
5355 15915 21:0 5361
5360 15945 21:0 5411
5410 15946 21:0 5427
5426 15947 21:0 5437
5436 15948 21:0 5467
5466 15978 21:0 5503
5502 15979 21:0 5513
5512 15981 21:0 5531
5530 15980 21:0 5579
5578 16011 21:0 5584
5583 16012 21:0 5603
5602 16014 21:0 5655
5654 16013 21:0 5660
5659 16044 21:0 5679
5678 16046 21:0 5731
5730 16045 21:0 5736
5735 16047 21:0 5743
5742 16077 21:0 5750
5744 14736 1:0 5753
5749 16079 21:0 5758
5755 14734 1:0 5763
5756 14703 1:0 5796
5757 16078 21:0 5761
5759 14704 1:0 5876
5760 16080 21:0 5770
5762 14702 1:0 5883
5765 14701 1:0 5894
5765 14671 1:0 5927
5771 14669 1:0 6007
5773 14670 1:0 6015
5784 305 21:0 5798
5792 14668 1:0 6025
5797 16110 21:0 5878
5845 14638 1:0 6058
5873 14637 1:0 6138
5877 16143 21:0 5881
5880 16113 21:0 5889
5886 14636 1:0 6145
5887 14635 1:0 6156
5887 14605 1:0 6189
5888 16111 21:0 5892
5890 14603 1:0 6269
5891 16112 21:0 5901
5893 14604 1:0 6277
5896 14602 1:0 6287
5896 14572 1:0 6320
5900 16144 21:0 5929
5902 14571 1:0 6400
5904 14570 1:0 6407
5923 14569 1:0 6418
5928 16145 21:0 6009
5930 14539 1:0 6451
5976 14537 1:0 6531
6005 14538 1:0 6539
6008 16146 21:0 6012
6011 16176 21:0 6020
6017 14536 1:0 6549
6018 14506 1:0 6582
6018 14504 1:0 6662
6027 14505 1:0 6670
6027 14503 1:0 6680
6033 14473 1:0 6713
6037 14472 1:0 6793
6054 14471 1:0 6800
6148 14470 1:0 6811
6149 14440 1:0 6844
6158 14438 1:0 6924
6158 14439 1:0 6932
6164 14437 1:0 6942
6168 14407 1:0 6975
6197 14406 1:0 7055
6279 14405 1:0 7062
6280 14404 1:0 7073
6289 14374 1:0 7106
6289 14373 1:0 7186
6295 14372 1:0 7193
6300 14371 1:0 7204
6328 14341 1:0 7237
6410 14340 1:0 7317
6411 14339 1:0 7324
6420 14338 1:0 7335
6420 14308 1:0 7368
6426 14306 1:0 7448
6431 14307 1:0 7456
6459 14305 1:0 7466
6541 14275 1:0 7499
6542 14274 1:0 7579
6551 14273 1:0 7586
6551 14272 1:0 7597
6557 14242 1:0 7630
6577 14241 1:0 7710
6590 14240 1:0 7717
6672 14239 1:0 7728
6673 306 1:0 9058
7851 17101 21:0 7858
7903 17121 21:0 7906
7908 17123 21:0 7916
7915 17125 21:0 7966
7965 17124 21:0 7982
7981 17126 21:0 7992
7991 17156 21:0 8014
8013 17158 21:0 8058
8057 17157 21:0 8068
8067 17159 21:0 8086
8085 17189 21:0 8134
8133 17191 21:0 8139
8138 17190 21:0 8158
8157 17192 21:0 8210
8209 17222 21:0 8215
8214 17223 21:0 8234
8233 17224 21:0 8286
8285 17225 21:0 8291
8290 17255 21:0 8296
8295 17256 21:0 8362
8361 17257 21:0 8367
8366 17258 21:0 8372
8371 17288 21:0 8438
8437 17289 21:0 8443
8442 17290 21:0 8448
8447 17291 21:0 8514
8513 17321 21:0 8519
8518 17323 21:0 8524
8523 17322 21:0 8579
8578 17324 21:0 8595
8594 17354 21:0 8600
8599 17356 21:0 8655
8654 17355 21:0 8671
8670 17357 21:0 8676
8675 17387 21:0 8728
8727 17389 21:0 8742
8741 17388 21:0 8752
8751 17420 21:0 8793
8792 17422 21:0 8818
8817 17390 21:0 8828
8827 17421 21:0 8846
8845 17423 21:0 8894
8893 17453 21:0 8901
8900 17454 21:0 8918
8917 17455 21:0 8970
8969 17456 21:0 8975
8974 17486 21:0 8994
8993 17488 21:0 9046
9045 17489 21:0 9051
9050 17487 21:0 9062
9061 17519 21:0 9065
9064 17520 21:0 9073
9070 16176 1:0 9078
9071 16146 1:0 9111
9071 16145 1:0 9191
9072 17521 21:0 9076
9075 17522 21:0 9085
9077 16144 1:0 9198
9080 16143 1:0 9209
9080 16112 1:0 9242
9086 16113 1:0 9322
9086 16111 1:0 9329
9090 16110 1:0 9340
9099 306 21:0 9113
9112 17553 21:0 9193
9119 16080 1:0 9373
9168 16078 1:0 9453
9192 17554 21:0 9196
9194 16079 1:0 9461
9195 17555 21:0 9204
9201 16077 1:0 9471
9202 16047 1:0 9504
9203 17552 21:0 9207
9205 16045 1:0 9584
9206 17585 21:0 9216
9208 16046 1:0 9592
9211 16044 1:0 9602
9211 16013 1:0 9635
9215 17588 21:0 9244
9217 16014 1:0 9715
9217 16012 1:0 9722
9222 16011 1:0 9733
9243 17586 21:0 9324
9245 15980 1:0 9766
9250 15981 1:0 9846
9304 15979 1:0 9853
9323 17587 21:0 9327
9325 15978 1:0 9864
9326 17618 21:0 9335
9332 15948 1:0 9897
9333 15947 1:0 9977
9336 15946 1:0 9984
9342 15945 1:0 9995
9342 15915 1:0 10028
9348 15913 1:0 10108
9353 15914 1:0 10116
9381 15912 1:0 10126
9463 15882 1:0 10159
9464 15881 1:0 10239
9473 15880 1:0 10246
9473 15879 1:0 10257
9479 15849 1:0 10290
9499 15848 1:0 10370
9512 15847 1:0 10377
9594 15846 1:0 10388
9595 15816 1:0 10421
9604 15815 1:0 10501
9604 15814 1:0 10508
9612 15813 1:0 10519
9630 15783 1:0 10552
9725 15781 1:0 10632
9726 15782 1:0 10640
9726 15780 1:0 10650
9735 15750 1:0 10683
9735 15748 1:0 10763
9743 15749 1:0 10771
9762 15747 1:0 10781
9856 15717 1:0 10814
9857 15715 1:0 10894
9866 15716 1:0 10902
9866 15714 1:0 10912
9872 15684 1:0 10945
9876 15683 1:0 11025
9893 15682 1:0 11032
9905 307 1:0 12373
9987 15681 1:0 11043
11223 18565 21:0 11231
11230 18566 21:0 11281
11280 18567 21:0 11297
11296 18568 21:0 11307
11306 18598 21:0 11329
11328 18599 21:0 11373
11372 18600 21:0 11383
11382 18601 21:0 11401
11400 18631 21:0 11449
11448 18633 21:0 11454
11453 18632 21:0 11473
11472 18634 21:0 11525
11524 18664 21:0 11530
11529 18666 21:0 11549
11548 18665 21:0 11601
11600 18667 21:0 11606
11605 18697 21:0 11611
11610 18698 21:0 11677
11676 18699 21:0 11682
11681 18700 21:0 11687
11686 18730 21:0 11753
11752 18731 21:0 11758
11757 18733 21:0 11763
11762 18732 21:0 11829
11828 18763 21:0 11834
11833 18764 21:0 11839
11838 18765 21:0 11894
11893 18766 21:0 11910
11909 18796 21:0 11915
11914 18797 21:0 11970
11969 18798 21:0 11986
11985 18799 21:0 11991
11990 18829 21:0 12046
12045 18831 21:0 12057
12056 18830 21:0 12067
12066 18832 21:0 12110
12109 18862 21:0 12133
12132 18864 21:0 12143
12142 18863 21:0 12163
12162 18865 21:0 12209
12208 18895 21:0 12216
12215 18896 21:0 12233
12232 18897 21:0 12285
12284 18898 21:0 12290
12289 18928 21:0 12309
12308 18929 21:0 12361
12360 18930 21:0 12366
12365 18931 21:0 12377
12376 18961 21:0 12380
12379 18963 21:0 12388
12385 17618 1:0 12393
12386 17587 1:0 12426
12386 17588 1:0 12506
12387 18962 21:0 12391
12390 18964 21:0 12400
12392 17586 1:0 12513
12395 17585 1:0 12524
12395 17555 1:0 12557
12401 17554 1:0 12637
12401 17553 1:0 12644
12405 17552 1:0 12655
12414 307 21:0 12428
12427 18994 21:0 12508
12434 17522 1:0 12688
12483 17521 1:0 12768
12507 18995 21:0 12511
12509 17520 1:0 12775
12510 19028 21:0 12519
12516 17519 1:0 12786
12517 17487 1:0 12819
12518 18996 21:0 12522
12520 17489 1:0 12899
12521 19029 21:0 12531
12523 17488 1:0 12907
12526 17486 1:0 12917
12526 17456 1:0 12950
12530 18997 21:0 12559
12532 17455 1:0 13030
12532 17454 1:0 13037
12537 17453 1:0 13048
12558 19030 21:0 12639
12560 17423 1:0 13081
12565 17421 1:0 13161
12619 17422 1:0 13169
12638 19027 21:0 12642
12640 17420 1:0 13179
12641 19060 21:0 12650
12647 17390 1:0 13212
12648 17388 1:0 13292
12649 19062 21:0 12654
12651 17389 1:0 13300
12654 17387 1:0 13310
12657 17357 1:0 13343
12657 17355 1:0 13423
12663 17356 1:0 13431
12668 17354 1:0 13441
12696 17324 1:0 13474
12778 17322 1:0 13554
12779 17323 1:0 13562
12788 17321 1:0 13572
12788 17291 1:0 13605
12794 17290 1:0 13685
12814 17289 1:0 13692
12827 17288 1:0 13703
12909 17258 1:0 13736
12910 17257 1:0 13816
12919 17256 1:0 13823
12919 17255 1:0 13834
12927 17225 1:0 13867
12945 17224 1:0 13947
13040 17223 1:0 13954
13041 17222 1:0 13965
13041 17192 1:0 13998
13050 17190 1:0 14078
13050 17191 1:0 14086
13058 17189 1:0 14096
13077 17159 1:0 14129
13171 17157 1:0 14209
13172 17158 1:0 14217
13181 17156 1:0 14227
13181 17126 1:0 14260
13187 17124 1:0 14340
13191 17125 1:0 14348
13208 17123 1:0 14358
13220 17121 1:0 14368
13220 17101 1:0 14450
13302 308 1:0 15688
14538 20007 21:0 14546
14545 20009 21:0 14596
14595 20008 21:0 14612
14611 20010 21:0 14622
14621 20040 21:0 14644
14643 20041 21:0 14688
14687 20042 21:0 14698
14697 20043 21:0 14716
14715 20073 21:0 14764
14763 20074 21:0 14769
14768 20075 21:0 14788
14787 20076 21:0 14840
14839 20106 21:0 14845
14844 20108 21:0 14864
14863 20107 21:0 14916
14915 20109 21:0 14921
14920 20139 21:0 14926
14925 20141 21:0 14992
14991 20140 21:0 14997
14996 20142 21:0 15002
15001 20172 21:0 15068
15067 20174 21:0 15073
15072 20173 21:0 15078
15077 20175 21:0 15144
15143 20205 21:0 15149
15148 20207 21:0 15154
15153 20206 21:0 15209
15208 20208 21:0 15225
15224 20238 21:0 15230
15229 20239 21:0 15285
15284 20240 21:0 15301
15300 20241 21:0 15306
15305 20271 21:0 15356
15355 20273 21:0 15372
15371 20272 21:0 15382
15381 20274 21:0 15404
15403 20304 21:0 15448
15447 20305 21:0 15458
15457 20306 21:0 15476
15475 20307 21:0 15524
15523 20337 21:0 15529
15528 20338 21:0 15548
15547 20339 21:0 15600
15599 20340 21:0 15605
15604 20370 21:0 15624
15623 20371 21:0 15676
15675 20372 21:0 15681
15680 20403 21:0 15686
15685 20373 21:0 15695
15687 19062 1:0 15698
15694 20406 21:0 15703
15700 19060 1:0 15708
15701 19030 1:0 15741
15702 20405 21:0 15706
15704 19029 1:0 15821
15705 20404 21:0 15715
15707 19028 1:0 15828
15710 19027 1:0 15839
15710 18997 1:0 15872
15716 18996 1:0 15952
15718 18995 1:0 15959
15729 308 21:0 15743
15737 18994 1:0 15970
15742 20437 21:0 15823
15790 18964 1:0 16003
15818 18962 1:0 16083
15822 20438 21:0 15826
15825 20439 21:0 15834
15831 18963 1:0 16091
15832 18961 1:0 16101
15832 18931 1:0 16134
15833 20436 21:0 15837
15835 18930 1:0 16214
15836 20472 21:0 15846
15838 18929 1:0 16221
15841 18928 1:0 16232
15841 18898 1:0 16265
15845 20469 21:0 15874
15847 18897 1:0 16345
15849 18896 1:0 16352
15868 18895 1:0 16363
15873 20471 21:0 15954
15875 18865 1:0 16396
15921 18863 1:0 16476
15950 18864 1:0 16484
15953 20470 21:0 15957
15956 20502 21:0 15965
15962 18862 1:0 16494
15963 18832 1:0 16527
15963 18830 1:0 16607
15972 18831 1:0 16615
15972 18829 1:0 16625
15978 18799 1:0 16658
15982 18798 1:0 16738
15999 18797 1:0 16745
16093 18796 1:0 16756
16094 18766 1:0 16789
16103 18765 1:0 16869
16103 18764 1:0 16876
16109 18763 1:0 16887
16113 18732 1:0 16920
16142 18733 1:0 17000
16224 18731 1:0 17007
16225 18730 1:0 17018
16234 18700 1:0 17051
16234 18699 1:0 17131
16240 18698 1:0 17138
16245 18697 1:0 17149
16273 18667 1:0 17182
16355 18665 1:0 17262
16356 18666 1:0 17270
16365 18664 1:0 17280
16365 18634 1:0 17313
16371 18632 1:0 17393
16376 18633 1:0 17401
16404 18631 1:0 17411
16486 18601 1:0 17444
16487 18600 1:0 17524
16496 18599 1:0 17531
16496 18598 1:0 17542
16502 18568 1:0 17575
16522 18567 1:0 17655
16535 18566 1:0 17662
16617 18565 1:0 17673
16618 309 1:0 19003
17848 21447 21:0 17851
17850 21421 21:0 17851
17853 21449 21:0 17861
17860 21451 21:0 17911
17910 21450 21:0 17927
17926 21452 21:0 17937
17936 21482 21:0 17959
17958 21484 21:0 18003
18002 21483 21:0 18013
18012 21485 21:0 18031
18030 21515 21:0 18079
18078 21516 21:0 18084
18083 21517 21:0 18103
18102 21518 21:0 18155
18154 21548 21:0 18160
18159 21549 21:0 18179
18178 21550 21:0 18231
18230 21551 21:0 18236
18235 21581 21:0 18241
18240 21583 21:0 18307
18306 21582 21:0 18312
18311 21584 21:0 18317
18316 21614 21:0 18383
18382 21615 21:0 18388
18387 21616 21:0 18393
18392 21617 21:0 18459
18458 21647 21:0 18464
18463 21649 21:0 18469
18468 21648 21:0 18524
18523 21650 21:0 18540
18539 21680 21:0 18545
18544 21682 21:0 18600
18599 21681 21:0 18616
18615 21683 21:0 18621
18620 21713 21:0 18671
18670 21715 21:0 18687
18686 21714 21:0 18697
18696 21716 21:0 18732
18731 21746 21:0 18763
18762 21748 21:0 18773
18772 21747 21:0 18791
18790 21749 21:0 18839
18838 21779 21:0 18844
18843 21781 21:0 18863
18862 21780 21:0 18915
18914 21782 21:0 18920
18919 21812 21:0 18939
18938 21813 21:0 18991
18990 21814 21:0 18996
18995 21815 21:0 19007
19006 21845 21:0 19010
19009 21846 21:0 19018
19015 20502 1:0 19023
19016 20470 1:0 19056
19016 20472 1:0 19136
19017 21848 21:0 19021
19020 21847 21:0 19030
19022 20471 1:0 19144
19025 20469 1:0 19154
19025 20439 1:0 19187
19029 21553 21:0 19030
19029 21436 21:0 19030
19031 20438 1:0 19267
19031 20437 1:0 19274
19031 20436 1:0 19285
19044 309 21:0 19058
19052 20404 1:0 19318
19057 21878 21:0 19138
19064 20406 1:0 19398
19133 20405 1:0 19406
19137 21880 21:0 19141
19139 20403 1:0 19416
19140 21881 21:0 19149
19146 20373 1:0 19449
19147 20372 1:0 19529
19148 21879 21:0 19152
19150 20371 1:0 19536
19151 21911 21:0 19161
19153 20370 1:0 19547
19156 20340 1:0 19580
19156 20339 1:0 19660
19160 21912 21:0 19189
19162 20338 1:0 19667
19164 20337 1:0 19678
19182 20307 1:0 19711
19188 21913 21:0 19269
19190 20306 1:0 19791
19236 20305 1:0 19798
19264 20304 1:0 19809
19268 21762 21:0 19269
19277 20274 1:0 19842
19278 20272 1:0 19922
19286 14858 21:0 19289
19287 20273 1:0 19930
19287 20271 1:0 19940
19293 20241 1:0 19973
19296 14861 21:0 19320
19297 20240 1:0 20053
19314 20239 1:0 20060
19326 20238 1:0 20071
19408 20208 1:0 20104
19409 20206 1:0 20184
19418 20207 1:0 20192
19418 20205 1:0 20202
19426 20175 1:0 20235
19444 20173 1:0 20315
19539 20174 1:0 20323
19540 20172 1:0 20333
19540 20142 1:0 20366
19549 20140 1:0 20446
19549 20141 1:0 20454
19557 20139 1:0 20464
19558 14975 21:0 19582
19576 20109 1:0 20497
19588 20107 1:0 20577
19670 20108 1:0 20585
19671 20106 1:0 20595
19680 20076 1:0 20628
19680 20075 1:0 20708
19686 20074 1:0 20715
19706 20073 1:0 20726
19719 20043 1:0 20759
19801 20042 1:0 20839
19802 20041 1:0 20846
19811 20040 1:0 20857
19811 20010 1:0 20890
19817 20008 1:0 20970
19837 20009 1:0 20978
19838 310 1:0 22318
19932 20007 1:0 20988
20213 15260 21:0 20237
20323 15310 21:0 20328
20334 15314 21:0 20337
20716 15481 21:0 20721
21168 22891 21:0 21176
21175 13 21:0 21176
21176 22894 21:0 21242
21241 22893 21:0 21247
21246 22892 21:0 21252
21252 22927 21:0 21318
21317 22924 21:0 21323
21325 22958 21:0 21342
21341 22959 21:0 21394
21396 22990 21:0 21404
21403 49 21:0 21404
21404 22993 21:0 21470
21469 35 21:0 21470
21472 23023 21:0 21480
21479 22991 21:0 21530
21529 22960 21:0 21546
21545 22925 21:0 21556
21555 22926 21:0 21578
21577 22992 21:0 21622
21621 23057 21:0 21632
21631 23058 21:0 21648
21647 23089 21:0 21698
21697 23056 21:0 21703
21702 23026 21:0 21722
21721 23091 21:0 21774
21773 22957 21:0 21779
21778 23124 21:0 21798
21797 23122 21:0 21850
21849 23125 21:0 21855
21854 23024 21:0 21860
21859 23090 21:0 21926
21925 23025 21:0 21931
21930 23158 21:0 21936
21935 23221 21:0 22002
22001 23155 21:0 22007
22006 23189 21:0 22012
22011 23059 21:0 22078
22077 23156 21:0 22083
22082 23223 21:0 22088
22087 23123 21:0 22143
22142 23224 21:0 22159
22158 23157 21:0 22164
22163 23257 21:0 22219
22218 23289 21:0 22235
22234 231 21:0 22235
22234 23191 21:0 22240
22239 23092 21:0 22306
22305 23142 21:0 22306
22305 23331 21:0 22311
22310 143 21:0 22311
22330 304 1:0 2573
22331 23092 1:0 22340
22340 23191 1:0 22352
22340 21913 1:0 22425
22346 21912 1:0 22454
22350 21911 1:0 22465
22359 310 21:0 22373
22367 14861 1:0 22465
22379 21879 1:0 22474
22461 14858 1:0 22474
22462 21881 1:0 22502
22471 21880 1:0 22582
22471 231 1:0 22593
22471 23289 1:0 22593
22477 21878 1:0 22600
22497 23257 1:0 22605
22592 21847 1:0 22633
22593 21848 1:0 22713
22593 21846 1:0 22720
22602 21845 1:0 22731
22602 23157 1:0 22736
22610 21815 1:0 22764
22629 21814 1:0 22844
22723 21813 1:0 22851
22723 14975 1:0 22855
22724 21812 1:0 22862
22733 23224 1:0 22867
22733 21782 1:0 22895
22739 21780 1:0 22975
22744 21781 1:0 22983
22759 21762 1:0 22986
22854 21779 1:0 22993
22855 23123 1:0 22998
22855 21749 1:0 23026
22864 21747 1:0 23106
22864 21748 1:0 23114
22870 143 1:0 23117
22875 21746 1:0 23124
22903 23223 1:0 23129
22985 21716 1:0 23157
22986 21714 1:0 23237
22995 21715 1:0 23245
22995 21553 1:0 23248
22995 21713 1:0 23255
23003 23156 1:0 23260
23022 21683 1:0 23288
23116 21681 1:0 23368
23117 21682 1:0 23376
23117 15310 1:0 23379
23126 21680 1:0 23386
23126 23059 1:0 23391
23132 21650 1:0 23419
23137 21648 1:0 23499
23165 21649 1:0 23507
23247 15260 1:0 23510
23248 21647 1:0 23517
23257 23189 1:0 23522
23257 21617 1:0 23550
23263 21616 1:0 23630
23267 21615 1:0 23637
23283 15314 1:0 23641
23296 21614 1:0 23648
23378 23155 1:0 23653
23379 21584 1:0 23681
23388 21582 1:0 23761
23388 21583 1:0 23769
23394 21436 1:0 23772
23398 21581 1:0 23779
23415 23221 1:0 23784
23509 21551 1:0 23812
23510 21550 1:0 23892
23519 21549 1:0 23899
23519 15481 1:0 23903
23519 21548 1:0 23910
23525 23158 1:0 23915
23545 21518 1:0 23943
23640 21517 1:0 24023
23641 21516 1:0 24030
23641 49 1:0 24034
23650 21515 1:0 24041
23650 23025 1:0 24046
23656 21485 1:0 24074
23661 21483 1:0 24154
23689 21484 1:0 24162
23771 35 1:0 24165
23772 21482 1:0 24172
23772 23090 1:0 24177
23781 21452 1:0 24205
23781 21450 1:0 24285
23789 21451 1:0 24293
23792 21421 1:0 24296
23807 311 1:0 24416
23820 21449 1:0 24303
23861 11299 1:0 24438
23902 13 1:0 24305
23903 21447 1:0 24313
23903 23024 1:0 24318
23912 23125 1:0 24390
23912 23122 1:0 24432
23918 11307 1:0 24438
23918 11306 1:0 24441
23918 11305 1:0 24441
23922 11309 1:0 24451
23923 11304 1:0 24451
23923 11298 1:0 24451
23939 11308 1:0 24477
23951 11310 1:0 24523
24033 11311 1:0 24610
24033 11455 1:0 24659
24034 23331 1:0 24653
24034 23124 1:0 24653
24043 11451 1:0 24659
24043 11445 1:0 24662
24043 11456 1:0 24662
24043 11453 1:0 24672
24043 11452 1:0 24672
24043 11446 1:0 24672
24043 11454 1:0 24699
24049 11458 1:0 24744
24051 11457 1:0 24830
24070 22957 1:0 24874
24082 11604 1:0 24880
24123 11598 1:0 24880
24164 11603 1:0 24883
24164 11593 1:0 24883
24164 11739 1:0 25095
24164 11745 1:0 25101
24165 11601 1:0 24893
24165 11592 1:0 24893
24165 11599 1:0 24893
24165 11602 1:0 24921
24174 11600 1:0 24965
24174 11605 1:0 25052
24174 23091 1:0 25095
24180 11750 1:0 25101
24180 11740 1:0 25101
24184 11751 1:0 25104
24185 11746 1:0 25104
24200 11749 1:0 25132
24201 11886 1:0 25322
24213 11748 1:0 25132
24295 11752 1:0 25183
24295 11747 1:0 25252
24296 23026 1:0 25305
24305 23056 1:0 25316
24305 11895 1:0 25322
24305 11887 1:0 25325
24305 11894 1:0 25325
24305 11892 1:0 25335
24311 11898 1:0 25335
24311 11893 1:0 25335
24313 11896 1:0 25362
24316 11897 1:0 25407
24332 11899 1:0 25494
24344 12033 1:0 25537
24385 12045 1:0 25543
24385 12034 1:0 25543
24385 12040 1:0 25543
24428 23089 1:0 25537
24429 12039 1:0 25546
24429 12046 1:0 25546
24429 12043 1:0 25574
24438 12042 1:0 25574
24438 12041 1:0 25625
24438 12044 1:0 25705
24444 23058 1:0 25747
24457 311 21:0 24471
24464 23057 1:0 25758
24465 12181 1:0 25758
24465 12180 1:0 25764
24465 12186 1:0 25764
24477 12191 1:0 25764
24518 12187 1:0 25767
24518 12192 1:0 25767
24531 12193 1:0 25795
24547 12188 1:0 25795
24548 12190 1:0 25846
24559 11298 21:0 24603
24597 12189 1:0 25916
24599 12334 1:0 25979
24616 11311 21:0 24641
24617 22992 1:0 25968
24640 11310 21:0 24644
24643 11308 21:0 24644
24643 11309 21:0 24652
24649 22926 1:0 25979
24650 23142 1:0 25979
24650 12333 1:0 25985
24650 12327 1:0 25985
24650 12339 1:0 25985
24650 12328 1:0 25988
24651 11306 21:0 24655
24653 12337 1:0 25988
24654 11307 21:0 24655
24654 11304 21:0 24661
24656 12340 1:0 26016
24656 12338 1:0 26016
24659 12335 1:0 26067
24659 12336 1:0 26137
24659 22925 1:0 26189
24660 11299 21:0 24661
24660 11305 21:0 24661
24665 22960 1:0 26200
24669 12486 1:0 26206
24669 12474 1:0 26206
24670 12475 1:0 26209
24686 12483 1:0 26209
24698 12485 1:0 26219
24698 12480 1:0 26219
24739 12481 1:0 26219
24747 12484 1:0 26247
24752 12622 1:0 26421
24767 12482 1:0 26291
24768 12487 1:0 26378
24769 12627 1:0 26427
24807 11452 21:0 24832
24828 22991 1:0 26421
24838 12634 1:0 26427
24838 12621 1:0 26427
24840 11457 21:0 24862
24861 11458 21:0 24865
24864 11454 21:0 24865
24864 11453 21:0 24873
24870 12628 1:0 26430
24870 12629 1:0 26430
24870 12774 1:0 26642
24871 12630 1:0 26458
24871 12632 1:0 26458
24871 12633 1:0 26509
24872 11456 21:0 24876
24874 12631 1:0 26588
24875 11455 21:0 24876
24875 11446 21:0 24882
24877 23023 1:0 26631
24880 22924 1:0 26642
24880 12769 1:0 26648
24880 12775 1:0 26648
24880 12779 1:0 26648
24881 11445 21:0 24882
24881 11451 21:0 24882
24883 12781 1:0 26651
24883 12768 1:0 26651
24886 12780 1:0 26679
24888 12776 1:0 26679
24891 12777 1:0 26730
24907 12778 1:0 26809
24960 22993 1:0 26852
24968 12921 1:0 26863
24989 22990 1:0 26863
25001 11592 21:0 25045
25039 12923 1:0 26869
25039 12916 1:0 26869
25039 12915 1:0 26869
25041 12922 1:0 26872
25049 12928 1:0 26872
25058 11605 21:0 25083
25059 12925 1:0 26900
25082 11600 21:0 25086
25085 11602 21:0 25086
25085 11601 21:0 25094
25091 12924 1:0 26900
25091 12927 1:0 26951
25092 12926 1:0 27031
25092 22927 1:0 27073
25093 11603 21:0 25097
25095 13063 1:0 27084
25095 13068 1:0 27090
25096 11604 21:0 25097
25096 11599 21:0 25103
25098 22959 1:0 27084
25101 13069 1:0 27090
25101 13072 1:0 27090
25101 13062 1:0 27093
25101 13071 1:0 27093
25101 13074 1:0 27121
25101 13210 1:0 27311
25102 11598 21:0 25103
25102 11593 21:0 25103
25104 13073 1:0 27121
25107 13075 1:0 27172
25109 13070 1:0 27241
25128 22958 1:0 27298
25181 22892 1:0 27305
25194 13219 1:0 27311
25210 13209 1:0 27314
25210 13218 1:0 27314
25260 13216 1:0 27324
25260 13215 1:0 27324
25260 13220 1:0 27324
25262 11747 21:0 25304
25270 13217 1:0 27352
25280 13221 1:0 27396
25303 11752 21:0 25307
25306 11748 21:0 25307
25306 11749 21:0 25315
25312 13222 1:0 27483
25312 13363 1:0 27526
25312 13362 1:0 27532
25313 22894 1:0 27526
25313 13367 1:0 27532
25313 13357 1:0 27532
25313 13356 1:0 27535
25314 11751 21:0 25318
25317 11746 21:0 25318
25317 11750 21:0 25318
25317 11740 21:0 25324
25319 13364 1:0 27535
25319 13368 1:0 27563
25322 13366 1:0 27563
25322 13369 1:0 27614
25322 13365 1:0 27684
25323 11739 21:0 25324
25323 11745 21:0 25324
25325 22893 1:0 27741
25328 22891 1:0 27747
25330 13503 1:0 27747
25330 13510 1:0 27753
25333 13511 1:0 27753
25348 13504 1:0 27753
25361 13515 1:0 27756
25361 13509 1:0 27756
25402 13513 1:0 27784
25415 13514 1:0 27784
25430 13516 1:0 27835
25431 13512 1:0 27905
25431 13604 1:0 27932
25432 13603 1:0 27964
25470 11893 21:0 25495
25500 11899 21:0 25525
25524 11897 21:0 25528
25527 11896 21:0 25528
25527 11898 21:0 25536
25535 11894 21:0 25539
25538 11895 21:0 25539
25538 11892 21:0 25545
25544 11886 21:0 25545
25544 11887 21:0 25545
25661 12034 21:0 25707
25711 12044 21:0 25746
25745 12041 21:0 25749
25748 12042 21:0 25749
25748 12043 21:0 25757
25756 12046 21:0 25760
25759 12045 21:0 25760
25759 12039 21:0 25760
25759 12040 21:0 25766
25765 12033 21:0 25766
25922 12189 21:0 25967
25966 12190 21:0 25970
25969 12188 21:0 25970
25969 12193 21:0 25978
25977 12192 21:0 25981
25980 12191 21:0 25981
25980 12187 21:0 25981
25980 12186 21:0 25987
25986 12180 21:0 25987
25986 12181 21:0 25987
26143 12336 21:0 26188
26187 12335 21:0 26191
26190 12340 21:0 26191
26190 12338 21:0 26199
26198 12337 21:0 26202
26201 12328 21:0 26202
26201 12339 21:0 26202
26201 12333 21:0 26208
26207 12334 21:0 26208
26207 12327 21:0 26208
26354 12481 21:0 26380
26384 12487 21:0 26409
26408 12482 21:0 26412
26411 12484 21:0 26412
26411 12485 21:0 26420
26419 12483 21:0 26423
26422 12486 21:0 26423
26422 12480 21:0 26429
26428 12475 21:0 26429
26428 12474 21:0 26429
26548 12621 21:0 26592
26598 12631 21:0 26630
26629 12633 21:0 26633
26632 12632 21:0 26633
26632 12630 21:0 26641
26640 12629 21:0 26644
26643 12634 21:0 26644
26643 12628 21:0 26644
26643 12627 21:0 26650
26649 12622 21:0 26650
26769 12768 21:0 26813
26819 12778 21:0 26851
26850 12777 21:0 26854
26853 12780 21:0 26854
26853 12776 21:0 26862
26861 12781 21:0 26865
26864 12775 21:0 26865
26864 12779 21:0 26865
26864 12769 21:0 26871
26870 12774 21:0 26871
26987 12916 21:0 27033
27037 12926 21:0 27072
27071 12927 21:0 27075
27074 12925 21:0 27075
27074 12924 21:0 27083
27082 12928 21:0 27086
27085 12922 21:0 27086
27085 12923 21:0 27086
27085 12915 21:0 27092
27091 12921 21:0 27092
27251 13070 21:0 27293
27292 13075 21:0 27296
27295 13073 21:0 27296
27295 13074 21:0 27304
27303 13071 21:0 27307
27306 13062 21:0 27307
27306 13072 21:0 27307
27306 13069 21:0 27313
27312 13063 21:0 27313
27312 13068 21:0 27313
27462 13215 21:0 27486
27489 13222 21:0 27514
27513 13221 21:0 27517
27516 13217 21:0 27517
27516 13220 21:0 27525
27524 13218 21:0 27528
27527 13219 21:0 27528
27527 13216 21:0 27534
27533 13210 21:0 27534
27533 13209 21:0 27534
27690 13365 21:0 27735
27734 13369 21:0 27738
27737 13368 21:0 27738
27737 13366 21:0 27746
27745 13364 21:0 27749
27748 13356 21:0 27749
27748 13367 21:0 27749
27748 13357 21:0 27755
27754 13363 21:0 27755
27754 13362 21:0 27755
27911 13512 21:0 152
