129 48166 0:0 131
174 48171 0:0 176
174 48167 0:0 176
175 48259 0:0 176
175 48169 0:0 176
175 48260 0:0 176
175 48172 0:0 176
175 48170 0:0 176
175 48168 0:0 176
235 48368 21:0 380
387 48434 21:0 532
390 48435 0:0 408
534 48498 21:0 668
617 48533 0:0 618
668 48534 0:0 684
686 48564 0:0 689
691 48566 21:0 836
769 48599 0:0 770
846 48633 21:0 993
986 48666 0:0 988
995 48697 21:0 1140
1447 48895 21:0 1581
1454 48896 0:0 1455
1454 48897 0:0 1455
1519 48898 0:0 1521
1525 48928 0:0 1526
1530 48930 0:0 1531
1530 48929 0:0 1531
1581 48931 0:0 1597
1599 48961 0:0 1602
1604 48963 0:0 1607
1604 48962 0:0 1607
1607 48964 0:0 1625
1675 48994 0:0 1678
1680 48995 0:0 1683
1680 48996 0:0 1683
1683 48997 21:0 1830
1753 49027 0:0 1754
1758 49029 0:0 1759
1758 49028 0:0 1759
1823 49030 0:0 1825
1829 49060 21:0 1966
1834 49061 0:0 1835
1834 49062 0:0 1835
1899 49063 0:0 1901
1905 49093 0:0 1906
1910 49094 0:0 1911
1910 49095 0:0 1911
1965 49096 0:0 1977
1979 49126 21:0 2113
1986 49128 0:0 1987
1986 49127 0:0 1987
2051 49129 0:0 2053
2057 49159 0:0 2058
2062 49161 0:0 2063
2062 49160 0:0 2063
2113 49162 0:0 2129
2131 49192 21:0 2265
2138 49194 0:0 2139
2138 49193 0:0 2139
2203 49195 0:0 2205
2209 49225 0:0 2210
2214 49226 0:0 2215
2214 49227 0:0 2215
2265 49228 0:0 2281
2283 49258 21:0 2417
2290 49259 0:0 2291
2290 49260 0:0 2291
2355 49261 0:0 2357
2361 49291 0:0 2362
2366 49293 0:0 2367
2366 49292 0:0 2367
2417 49294 0:0 2433
2435 49324 21:0 2569
2442 49326 0:0 2443
2442 49325 0:0 2443
2507 49327 0:0 2509
2513 49357 0:0 2514
2518 49358 0:0 2519
2518 49359 0:0 2519
2569 49360 0:0 2585
2634 328 21:0 2723
2724 328 1:0 2597
2724 48697 1:0 3215
2724 48666 1:0 3331
2724 48633 1:0 3453
2724 48599 1:0 3582
2724 48566 1:0 3704
2730 48564 1:0 3713
2731 48534 1:0 3819
2739 48533 1:0 3826
2739 48498 1:0 3957
2749 48434 1:0 4192
2763 329 1:0 5767
2852 48435 1:0 4185
2853 48368 1:0 4436
2861 49360 1:0 5900
2867 49358 1:0 5907
2885 49359 1:0 5908
2974 49357 1:0 5918
4617 50337 21:0 4751
4624 50339 0:0 4625
4624 50338 0:0 4625
4689 50340 0:0 4691
4695 50370 0:0 4696
4700 50372 0:0 4701
4700 50371 0:0 4701
4751 50373 0:0 4767
4769 50403 21:0 4903
4776 50404 0:0 4777
4776 50405 0:0 4777
4841 50406 0:0 4843
4847 50436 0:0 4848
4852 50438 0:0 4853
4852 50437 0:0 4853
4903 50439 0:0 4919
4921 50469 21:0 5055
4928 50471 0:0 4929
4928 50470 0:0 4929
4993 50472 0:0 4995
4999 50502 0:0 5000
5004 50503 0:0 5005
5004 50504 0:0 5005
5055 50505 0:0 5071
5073 50535 21:0 5207
5080 50536 0:0 5081
5080 50537 0:0 5081
5145 50538 0:0 5147
5151 50568 0:0 5152
5156 50570 0:0 5157
5156 50569 0:0 5157
5207 50571 0:0 5223
5225 50601 21:0 5359
5232 50602 0:0 5233
5297 50604 0:0 5299
5303 50634 0:0 5304
5309 50637 0:0 5327
5377 50667 21:0 5511
5384 50669 0:0 5385
5449 50670 0:0 5451
5455 50700 0:0 5456
5460 50702 0:0 5461
5529 50733 0:0 5532
5610 50768 21:0 5755
5677 50769 0:0 5679
5779 49324 1:0 6049
5780 49327 1:0 5925
5789 49326 1:0 6035
5789 49325 1:0 6036
5797 49294 1:0 6162
5808 329 21:0 5902
5816 49293 1:0 6170
5910 49292 1:0 6169
5911 49291 1:0 6180
5911 49258 1:0 6311
5920 49261 1:0 6187
5920 49260 1:0 6297
5928 49259 1:0 6298
5947 49228 1:0 6424
6041 49227 1:0 6432
6042 49226 1:0 6431
6051 49225 1:0 6442
6051 49192 1:0 6573
6057 49195 1:0 6449
6061 49193 1:0 6560
6078 49194 1:0 6559
6172 49162 1:0 6686
6173 49161 1:0 6694
6182 49160 1:0 6693
6182 49159 1:0 6704
6188 49126 1:0 6835
6192 49129 1:0 6711
6221 49128 1:0 6821
6303 49127 1:0 6822
6304 49096 1:0 6948
6313 49094 1:0 6955
6313 49095 1:0 6956
6319 49093 1:0 6966
6324 49060 1:0 7097
6352 49063 1:0 6973
6434 49062 1:0 7083
6435 49061 1:0 7084
6444 49030 1:0 7210
6444 48997 1:0 7341
6450 49028 1:0 7215
6455 49029 1:0 7214
6483 49027 1:0 7226
6565 48995 1:0 7348
6566 48996 1:0 7349
6575 48994 1:0 7359
6575 48964 1:0 7472
6581 48962 1:0 7479
6601 48963 1:0 7480
6614 48961 1:0 7490
6696 48931 1:0 7603
6697 48930 1:0 7611
6706 48929 1:0 7610
6706 48928 1:0 7621
6714 48895 1:0 7752
6732 48898 1:0 7628
6733 330 1:0 9082
6827 48896 1:0 7739
6828 48897 1:0 7738
7932 51779 21:0 8066
7939 51780 0:0 7940
7939 51781 0:0 7940
8004 51782 0:0 8006
8010 51812 0:0 8011
8015 51813 0:0 8016
8015 51814 0:0 8016
8066 51815 0:0 8082
8084 51845 21:0 8218
8091 51847 0:0 8092
8091 51846 0:0 8092
8156 51848 0:0 8158
8162 51878 0:0 8163
8167 51880 0:0 8168
8167 51879 0:0 8168
8218 51881 0:0 8234
8236 51911 21:0 8370
8243 51912 0:0 8244
8243 51913 0:0 8244
8308 51914 0:0 8310
8314 51944 0:0 8315
8319 51945 0:0 8320
8319 51946 0:0 8320
8370 51947 0:0 8386
8388 51977 21:0 8522
8395 51979 0:0 8396
8395 51978 0:0 8396
8460 51980 0:0 8462
8466 52010 0:0 8467
8471 52011 0:0 8472
8471 52012 0:0 8472
8522 52013 0:0 8538
8540 52043 21:0 8674
8547 52044 0:0 8548
8547 52045 0:0 8548
8612 52046 0:0 8614
8618 52076 0:0 8619
8623 52078 0:0 8624
8623 52077 0:0 8624
8674 52079 0:0 8690
8692 52109 21:0 8826
8699 52110 0:0 8700
8699 52111 0:0 8700
8764 52112 0:0 8766
8770 52142 0:0 8771
8775 52143 0:0 8776
8775 52144 0:0 8776
8826 52145 0:0 8842
8844 52175 21:0 8978
8851 52177 0:0 8852
8851 52176 0:0 8852
8916 52178 0:0 8918
8922 52208 0:0 8923
8927 52209 0:0 8928
8927 52210 0:0 8928
8978 52211 0:0 8994
9094 50768 1:0 9354
9095 50769 1:0 9240
9104 50733 1:0 9495
9104 50702 1:0 9616
9112 50700 1:0 9626
9123 330 21:0 9217
9131 50667 1:0 9757
9225 50670 1:0 9633
9226 50669 1:0 9743
9226 50637 1:0 9870
9235 50634 1:0 9888
9235 50601 1:0 10019
9243 50604 1:0 9895
9262 50602 1:0 10006
9356 50571 1:0 10132
9357 50569 1:0 10139
9366 50570 1:0 10140
9366 50568 1:0 10150
9372 50535 1:0 10281
9376 50538 1:0 10157
9393 50536 1:0 10268
9487 50537 1:0 10267
9488 50505 1:0 10394
9497 50503 1:0 10401
9497 50504 1:0 10402
9503 50502 1:0 10412
9507 50469 1:0 10543
9536 50472 1:0 10419
9618 50470 1:0 10530
9619 50471 1:0 10529
9628 50439 1:0 10656
9628 50438 1:0 10664
9634 50437 1:0 10663
9639 50436 1:0 10674
9667 50403 1:0 10805
9749 50406 1:0 10681
9750 50404 1:0 10792
9759 50405 1:0 10791
9759 50373 1:0 10918
9765 50372 1:0 10926
9770 50371 1:0 10925
9798 50370 1:0 10936
9880 50337 1:0 11067
9881 50340 1:0 10943
9881 331 1:0 12397
9890 50339 1:0 11053
9890 50338 1:0 11054
11247 53221 21:0 11381
11254 53222 0:0 11255
11254 53223 0:0 11255
11319 53224 0:0 11321
11325 53254 0:0 11326
11330 53255 0:0 11331
11330 53256 0:0 11331
11381 53257 0:0 11397
11399 53287 21:0 11533
11406 53289 0:0 11407
11406 53288 0:0 11407
11471 53290 0:0 11473
11477 53320 0:0 11478
11482 53321 0:0 11483
11482 53322 0:0 11483
11533 53323 0:0 11549
11551 53353 21:0 11685
11558 53354 0:0 11559
11558 53355 0:0 11559
11623 53356 0:0 11625
11629 53386 0:0 11630
11634 53387 0:0 11635
11634 53388 0:0 11635
11685 53389 0:0 11701
11703 53419 21:0 11837
11710 53421 0:0 11711
11710 53420 0:0 11711
11775 53422 0:0 11777
11781 53452 0:0 11782
11786 53453 0:0 11787
11786 53454 0:0 11787
11837 53455 0:0 11853
11855 53485 21:0 11989
11862 53486 0:0 11863
11927 53488 0:0 11929
11933 53518 0:0 11934
11936 53519 0:0 11939
11936 53520 0:0 11939
12007 53551 0:0 12010
12012 53552 21:0 12157
12014 53553 0:0 12015
12085 53584 0:0 12086
12155 53587 0:0 12157
12159 53617 21:0 12293
12237 53650 0:0 12238
12409 52211 1:0 12661
12410 52210 1:0 12669
12419 52209 1:0 12668
12419 52208 1:0 12679
12427 52175 1:0 12810
12438 331 21:0 12532
12446 52178 1:0 12686
12540 52177 1:0 12796
12541 52176 1:0 12797
12541 52145 1:0 12923
12550 52143 1:0 12930
12550 52144 1:0 12931
12558 52142 1:0 12941
12577 52109 1:0 13072
12671 52112 1:0 12948
12672 52111 1:0 13058
12681 52110 1:0 13059
12681 52079 1:0 13185
12687 52078 1:0 13193
12691 52077 1:0 13192
12708 52076 1:0 13203
12802 52043 1:0 13334
12803 52046 1:0 13210
12812 52045 1:0 13320
12812 52044 1:0 13321
12818 52013 1:0 13447
12822 52012 1:0 13455
12851 52011 1:0 13454
12933 52010 1:0 13465
12934 51977 1:0 13596
12943 51980 1:0 13472
12943 51979 1:0 13582
12949 51978 1:0 13583
12954 51947 1:0 13709
12982 51946 1:0 13717
13064 51945 1:0 13716
13065 51944 1:0 13727
13074 51914 1:0 13734
13074 51911 1:0 13858
13080 51912 1:0 13845
13085 51913 1:0 13844
13113 51881 1:0 13971
13195 51879 1:0 13978
13196 51880 1:0 13979
13205 51878 1:0 13989
13205 51845 1:0 14120
13211 51848 1:0 13996
13231 51847 1:0 14106
13244 51846 1:0 14107
13326 51815 1:0 14233
13327 51813 1:0 14240
13336 51814 1:0 14241
13336 51812 1:0 14251
13344 51779 1:0 14382
13362 51782 1:0 14258
13363 332 1:0 15712
13457 51780 1:0 14369
13458 51781 1:0 14368
14562 54663 21:0 14696
14569 54665 0:0 14570
14569 54664 0:0 14570
14634 54666 0:0 14636
14640 54696 0:0 14641
14645 54698 0:0 14646
14645 54697 0:0 14646
14696 54699 0:0 14712
14714 54729 21:0 14848
14721 54731 0:0 14722
14721 54730 0:0 14722
14786 54732 0:0 14788
14792 54762 0:0 14793
14797 54764 0:0 14798
14797 54763 0:0 14798
14848 54765 0:0 14864
14866 54795 21:0 15000
14873 54797 0:0 14874
14873 54796 0:0 14874
14938 54798 0:0 14940
14944 54828 0:0 14945
14949 54829 0:0 14950
14949 54830 0:0 14950
15000 54831 0:0 15016
15018 54861 21:0 15152
15025 54862 0:0 15026
15025 54863 0:0 15026
15090 54864 0:0 15092
15096 54894 0:0 15097
15101 54895 0:0 15102
15101 54896 0:0 15102
15152 54897 0:0 15168
15170 54927 21:0 15304
15177 54928 0:0 15178
15177 54929 0:0 15178
15242 54930 0:0 15244
15248 54960 0:0 15249
15253 54962 0:0 15254
15253 54961 0:0 15254
15304 54963 0:0 15320
15322 54993 21:0 15456
15329 54995 0:0 15330
15329 54994 0:0 15330
15394 54996 0:0 15396
15400 55026 0:0 15401
15405 55028 0:0 15406
15405 55027 0:0 15406
15456 55029 0:0 15472
15474 55059 21:0 15608
15481 55061 0:0 15482
15481 55060 0:0 15482
15546 55062 0:0 15548
15552 55092 0:0 15553
15557 55094 0:0 15558
15557 55093 0:0 15558
15608 55095 0:0 15624
15724 53650 1:0 15994
15725 53617 1:0 16125
15734 53587 1:0 16238
15734 53552 1:0 16376
15742 53584 1:0 16254
15753 332 21:0 15847
15761 53553 1:0 16377
15855 53551 1:0 16387
15856 53519 1:0 16507
15856 53520 1:0 16508
15865 53518 1:0 16518
15865 53485 1:0 16649
15873 53488 1:0 16525
15892 53486 1:0 16636
15986 53455 1:0 16762
15987 53453 1:0 16769
15996 53454 1:0 16770
15996 53452 1:0 16780
16002 53419 1:0 16911
16006 53422 1:0 16787
16023 53420 1:0 16898
16117 53421 1:0 16897
16118 53389 1:0 17024
16127 53387 1:0 17031
16127 53388 1:0 17032
16133 53386 1:0 17042
16137 53353 1:0 17173
16166 53356 1:0 17049
16248 53355 1:0 17159
16249 53354 1:0 17160
16258 53323 1:0 17286
16258 53322 1:0 17294
16264 53321 1:0 17293
16269 53320 1:0 17304
16297 53287 1:0 17435
16379 53290 1:0 17311
16380 53288 1:0 17422
16389 53289 1:0 17421
16389 53257 1:0 17548
16395 53256 1:0 17556
16400 53255 1:0 17555
16428 53254 1:0 17566
16510 53221 1:0 17697
16511 53224 1:0 17573
16511 333 1:0 19027
16520 53223 1:0 17683
16520 53222 1:0 17684
17877 56105 21:0 18011
17884 56106 0:0 17885
17884 56107 0:0 17885
17949 56108 0:0 17951
17955 56138 0:0 17956
17960 56140 0:0 17961
17960 56139 0:0 17961
18011 56141 0:0 18027
18029 56171 21:0 18163
18036 56173 0:0 18037
18036 56172 0:0 18037
18101 56174 0:0 18103
18107 56204 0:0 18108
18112 56205 0:0 18113
18112 56206 0:0 18113
18163 56207 0:0 18179
18181 56237 21:0 18315
18188 56238 0:0 18189
18188 56239 0:0 18189
18253 56240 0:0 18255
18259 56270 0:0 18260
18264 56272 0:0 18265
18264 56271 0:0 18265
18315 56273 0:0 18331
18333 56303 21:0 18467
18340 56304 0:0 18341
18340 56305 0:0 18341
18405 56306 0:0 18407
18411 56336 0:0 18412
18416 56337 0:0 18417
18416 56338 0:0 18417
18467 56339 0:0 18483
18485 56369 0:0 18488
18490 56371 0:0 18493
18490 56370 0:0 18493
18493 56372 0:0 18511
18561 56402 0:0 18564
18566 56403 21:0 18711
18568 56404 0:0 18569
18639 56435 0:0 18640
18644 56436 0:0 18645
18644 56437 0:0 18645
18718 56470 21:0 18863
18720 56469 0:0 18721
18796 56503 0:0 18797
19039 55095 1:0 19291
19040 55093 1:0 19298
19049 55094 1:0 19299
19049 55092 1:0 19309
19057 55059 1:0 19440
19068 333 21:0 19162
19076 55062 1:0 19316
19170 55061 1:0 19426
19171 55060 1:0 19427
19171 55029 1:0 19553
19180 55027 1:0 19560
19180 55028 1:0 19561
19188 55026 1:0 19571
19207 54993 1:0 19702
19301 54996 1:0 19578
19302 54995 1:0 19688
19311 54994 1:0 19689
19311 54963 1:0 19815
19317 54962 1:0 19823
19321 54961 1:0 19822
19338 54960 1:0 19833
19432 54927 1:0 19964
19433 54930 1:0 19840
19442 54929 1:0 19950
19442 54928 1:0 19951
19448 54897 1:0 20077
19452 54895 1:0 20084
19481 54896 1:0 20085
19563 54894 1:0 20095
19564 54861 1:0 20226
19573 54864 1:0 20102
19573 54863 1:0 20212
19579 54862 1:0 20213
19584 54831 1:0 20339
19612 54829 1:0 20346
19694 54830 1:0 20347
19695 54828 1:0 20357
19704 54798 1:0 20364
19704 54795 1:0 20488
19710 54796 1:0 20475
19715 54797 1:0 20474
19743 54765 1:0 20601
19825 54763 1:0 20608
19826 54764 1:0 20609
19835 54762 1:0 20619
19835 54729 1:0 20750
19841 54732 1:0 20626
19861 54731 1:0 20736
19874 54730 1:0 20737
19956 54699 1:0 20863
19957 54698 1:0 20871
19966 54697 1:0 20870
19966 54696 1:0 20881
19974 54663 1:0 21012
19992 54666 1:0 20888
19993 334 1:0 22342
20087 54664 1:0 20999
20088 54665 1:0 20998
21192 57547 21:0 21326
21199 57549 0:0 21200
21199 57548 0:0 21200
21264 57550 0:0 21266
21270 57580 0:0 21271
21275 57581 0:0 21276
21275 57582 0:0 21276
21326 57583 0:0 21342
21344 57613 21:0 21478
21351 57614 0:0 21352
21351 57615 0:0 21352
21416 57616 0:0 21418
21422 57646 0:0 21423
21427 57648 0:0 21428
21427 57647 0:0 21428
21478 57649 0:0 21494
21496 57679 21:0 21630
21503 57681 0:0 21504
21503 57680 0:0 21504
21568 57682 0:0 21570
21574 57712 0:0 21575
21579 57714 0:0 21580
21579 57713 0:0 21580
21630 57715 0:0 21646
21648 57745 21:0 21782
21655 57747 0:0 21656
21655 57746 0:0 21656
21720 57748 0:0 21722
21726 57778 0:0 21727
21731 57779 0:0 21732
21731 57780 0:0 21732
21782 57781 0:0 21798
21800 57811 21:0 21934
21807 57813 0:0 21808
21807 57812 0:0 21808
21872 57814 0:0 21874
21878 57844 0:0 21879
21883 57846 0:0 21884
21883 57845 0:0 21884
21934 57847 0:0 21950
21952 57877 21:0 22086
21959 57878 0:0 21960
21959 57879 0:0 21960
22024 57880 0:0 22026
22030 57910 0:0 22031
22035 57912 0:0 22036
22035 57911 0:0 22036
22086 57913 0:0 22102
22104 57943 0:0 22107
22109 57945 21:0 22254
22111 57944 0:0 22112
22176 57946 0:0 22178
22182 57976 0:0 22183
22187 57978 0:0 22188
22187 57977 0:0 22188
22252 57979 0:0 22254
22354 56503 1:0 22745
22355 56470 1:0 22876
22364 56469 1:0 22875
22364 56436 1:0 23006
22372 56437 1:0 23007
22383 334 21:0 22477
22391 56403 1:0 23137
22485 56435 1:0 23015
22486 56404 1:0 23138
22486 56402 1:0 23148
22495 56372 1:0 23261
22495 56370 1:0 23268
22503 56371 1:0 23269
22522 56369 1:0 23279
22616 56339 1:0 23392
22617 56338 1:0 23400
22626 56337 1:0 23399
22626 56336 1:0 23410
22632 56303 1:0 23541
22636 56306 1:0 23417
22653 56304 1:0 23528
22747 56305 1:0 23527
22748 56273 1:0 23654
22757 56271 1:0 23661
22757 56272 1:0 23662
22763 56270 1:0 23672
22767 56237 1:0 23803
22796 56240 1:0 23679
22878 56239 1:0 23789
22879 56238 1:0 23790
22888 56207 1:0 23916
22888 56206 1:0 23924
22894 56205 1:0 23923
22899 56204 1:0 23934
22927 56171 1:0 24065
23009 56174 1:0 23941
23010 56172 1:0 24052
23019 56173 1:0 24051
23019 56141 1:0 24178
23025 56140 1:0 24186
23030 56139 1:0 24185
23058 56138 1:0 24196
23140 56105 1:0 24327
23141 56108 1:0 24203
23141 335 1:0 25657
23150 56107 1:0 24313
23150 56106 1:0 24314
23158 57979 1:0 25921
24507 58989 21:0 24641
24514 58991 0:0 24515
24514 58990 0:0 24515
24579 58992 0:0 24581
24585 59022 0:0 24586
24590 59023 0:0 24591
24590 59024 0:0 24591
24641 59025 0:0 24657
24659 59055 21:0 24793
24666 59056 0:0 24667
24666 59057 0:0 24667
24731 59058 0:0 24733
24737 59088 0:0 24738
24742 59090 0:0 24743
24742 59089 0:0 24743
24793 59091 0:0 24809
24811 59121 21:0 24945
24818 59123 0:0 24819
24818 59122 0:0 24819
24883 59124 0:0 24885
24889 59154 0:0 24890
24894 59155 0:0 24895
24894 59156 0:0 24895
24945 59157 0:0 24961
24963 59187 21:0 25097
24970 59188 0:0 24971
24970 59189 0:0 24971
25035 59190 0:0 25037
25041 59220 0:0 25042
25046 59222 0:0 25047
25046 59221 0:0 25047
25097 59223 0:0 25113
25115 59253 0:0 25118
25120 59254 0:0 25123
25120 59255 0:0 25123
25123 59256 0:0 25141
25191 59286 0:0 25194
25196 59288 0:0 25199
25199 59289 21:0 25346
25269 59319 0:0 25270
25274 59321 0:0 25275
25339 59322 0:0 25341
25348 59353 21:0 25493
25415 59355 0:0 25417
25495 59418 0:0 25498
25503 59421 21:0 25650
25669 57977 1:0 25928
25670 57978 1:0 25929
25679 57976 1:0 25937
25679 57945 1:0 26060
25687 57946 1:0 25946
25698 335 21:0 25792
25706 57944 1:0 26059
25800 57943 1:0 26070
25801 57913 1:0 26183
25801 57912 1:0 26191
25810 57911 1:0 26190
25810 57910 1:0 26201
25818 57877 1:0 26332
25837 57880 1:0 26208
25931 57879 1:0 26318
25932 57878 1:0 26319
25941 57847 1:0 26445
25941 57846 1:0 26453
25947 57845 1:0 26452
25951 57844 1:0 26463
25968 57811 1:0 26594
26062 57814 1:0 26470
26063 57812 1:0 26581
26072 57813 1:0 26580
26072 57781 1:0 26707
26078 57779 1:0 26714
26082 57780 1:0 26715
26111 57778 1:0 26725
26193 57745 1:0 26856
26194 57748 1:0 26732
26203 57747 1:0 26842
26203 57746 1:0 26843
26209 57715 1:0 26969
26214 57713 1:0 26976
26242 57714 1:0 26977
26324 57712 1:0 26987
26325 57679 1:0 27118
26334 57682 1:0 26994
26334 57680 1:0 27105
26340 57681 1:0 27104
26345 57649 1:0 27231
26373 57647 1:0 27238
26455 57648 1:0 27239
26456 57646 1:0 27249
26465 57616 1:0 27256
26465 57613 1:0 27380
26471 57614 1:0 27367
26491 57615 1:0 27366
26504 57583 1:0 27493
26586 57582 1:0 27501
26587 57581 1:0 27500
26596 57580 1:0 27511
26596 57547 1:0 27642
26604 57550 1:0 27518
26622 57549 1:0 27628
26623 336 1:0 28972
26717 57548 1:0 27629
27822 60431 21:0 27956
27829 60433 0:0 27830
27829 60432 0:0 27830
27894 60434 0:0 27896
27900 60464 0:0 27901
27905 60466 0:0 27906
27905 60465 0:0 27906
27956 60467 0:0 27972
27974 60497 21:0 28108
27981 60499 0:0 27982
27981 60498 0:0 27982
28046 60500 0:0 28048
28052 60530 0:0 28053
28057 60532 0:0 28058
28057 60531 0:0 28058
28108 60533 0:0 28124
28126 60563 21:0 28260
28133 60564 0:0 28134
28133 60565 0:0 28134
28198 60566 0:0 28200
28204 60596 0:0 28205
28209 60597 0:0 28210
28209 60598 0:0 28210
28260 60599 0:0 28276
28278 60629 21:0 28412
28285 60631 0:0 28286
28285 60630 0:0 28286
28350 60632 0:0 28352
28356 60662 0:0 28357
28361 60663 0:0 28362
28361 60664 0:0 28362
28412 60665 0:0 28428
28430 60695 21:0 28564
28437 60696 0:0 28438
28437 60697 0:0 28438
28502 60698 0:0 28504
28508 60728 0:0 28509
28513 60729 0:0 28514
28513 60730 0:0 28514
28564 60731 0:0 28580
28582 60761 0:0 28585
28587 60762 21:0 28732
28589 60763 0:0 28590
28654 60764 0:0 28656
28660 60794 0:0 28661
28665 60796 0:0 28666
28665 60795 0:0 28666
28730 60797 0:0 28732
28734 60827 21:0 28868
28741 60828 0:0 28742
28741 60829 0:0 28742
28806 60830 0:0 28808
28812 60860 0:0 28813
28817 60862 0:0 28818
28817 60861 0:0 28818
28984 59421 1:0 29236
28985 59418 1:0 29254
28994 59355 1:0 29392
28994 59353 1:0 29505
29002 59322 1:0 29629
29013 336 21:0 29107
29021 59289 1:0 29760
29115 59321 1:0 29633
29116 59319 1:0 29645
29116 59288 1:0 29768
29125 59286 1:0 29778
29125 59256 1:0 29891
29133 59255 1:0 29899
29152 59254 1:0 29898
29246 59253 1:0 29909
29247 59223 1:0 30022
29256 59221 1:0 30029
29256 59222 1:0 30030
29262 59220 1:0 30040
29266 59187 1:0 30171
29283 59190 1:0 30047
29377 59189 1:0 30157
29378 59188 1:0 30158
29387 59157 1:0 30284
29387 59155 1:0 30291
29393 59156 1:0 30292
29397 59154 1:0 30302
29426 59121 1:0 30433
29508 59124 1:0 30309
29509 59123 1:0 30419
29518 59122 1:0 30420
29518 59091 1:0 30546
29524 59090 1:0 30554
29529 59089 1:0 30553
29557 59088 1:0 30564
29639 59055 1:0 30695
29640 59058 1:0 30571
29649 59057 1:0 30681
29649 59056 1:0 30682
29655 59025 1:0 30808
29660 59023 1:0 30815
29688 59024 1:0 30816
29770 59022 1:0 30826
29771 58989 1:0 30957
29780 58992 1:0 30833
29780 58990 1:0 30944
29786 58991 1:0 30943
29788 337 1:0 32287
29807 60862 1:0 32559
29901 60861 1:0 32558
29902 60860 1:0 32569
29911 60827 1:0 32700
31137 61873 21:0 31271
31144 61875 0:0 31145
31144 61874 0:0 31145
31209 61876 0:0 31211
31215 61906 0:0 31216
31220 61907 0:0 31221
31220 61908 0:0 31221
31271 61909 0:0 31287
31289 61939 21:0 31423
31296 61941 0:0 31297
31296 61940 0:0 31297
31361 61942 0:0 31363
31367 61972 0:0 31368
31372 61974 0:0 31373
31372 61973 0:0 31373
31423 61975 0:0 31439
31441 62005 21:0 31575
31448 62007 0:0 31449
31448 62006 0:0 31449
31513 62008 0:0 31515
31519 62038 0:0 31520
31524 62039 0:0 31525
31524 62040 0:0 31525
31575 62041 0:0 31591
31593 62071 21:0 31727
31600 62073 0:0 31601
31600 62072 0:0 31601
31665 62074 0:0 31667
31671 62104 0:0 31672
31676 62106 0:0 31677
31676 62105 0:0 31677
31727 62107 0:0 31743
31745 62137 0:0 31748
31750 62139 0:0 31753
31750 62138 0:0 31753
31753 62140 0:0 31771
31821 62170 21:0 31955
31828 62172 0:0 31829
31828 62171 0:0 31829
31893 62173 0:0 31895
31899 62203 0:0 31900
31904 62205 0:0 31905
31904 62204 0:0 31905
31955 62206 0:0 31971
31973 62236 21:0 32107
31980 62237 0:0 31981
32051 62269 0:0 32052
32056 62270 0:0 32057
32125 62302 0:0 32128
32130 62304 21:0 32275
32299 60830 1:0 32576
32300 60828 1:0 32687
32309 60829 1:0 32686
32309 60797 1:0 32813
32317 60796 1:0 32821
32328 337 21:0 32422
32336 60795 1:0 32820
32430 60762 1:0 32951
32431 60794 1:0 32829
32431 60764 1:0 32838
32440 60763 1:0 32952
32440 60761 1:0 32962
32448 60731 1:0 33075
32467 60730 1:0 33083
32561 60729 1:0 33082
32562 60728 1:0 33093
32571 60698 1:0 33100
32571 60695 1:0 33224
32577 60696 1:0 33211
32581 60697 1:0 33210
32598 60665 1:0 33337
32692 60664 1:0 33345
32693 60663 1:0 33344
32702 60662 1:0 33355
32702 60629 1:0 33486
32708 60632 1:0 33362
32712 60631 1:0 33472
32741 60630 1:0 33473
32823 60599 1:0 33599
32824 60597 1:0 33606
32833 60598 1:0 33607
32833 60596 1:0 33617
32839 60563 1:0 33748
32844 60566 1:0 33624
32872 60564 1:0 33735
32954 60565 1:0 33734
32955 60533 1:0 33861
32964 60531 1:0 33868
32964 60532 1:0 33869
32970 60530 1:0 33879
32975 60497 1:0 34010
33003 60500 1:0 33886
33085 60498 1:0 33997
33086 60499 1:0 33996
33095 60467 1:0 34123
33095 60466 1:0 34131
33101 60465 1:0 34130
33121 60464 1:0 34141
33134 60431 1:0 34272
33216 60434 1:0 34148
33217 60432 1:0 34259
33226 60433 1:0 34258
33226 338 1:0 35602
34452 63315 21:0 34586
34459 63316 0:0 34460
34459 63317 0:0 34460
34524 63318 0:0 34526
34530 63348 0:0 34531
34535 63350 0:0 34536
34535 63349 0:0 34536
34586 63351 0:0 34602
34604 63381 21:0 34738
34611 63382 0:0 34612
34611 63383 0:0 34612
34676 63384 0:0 34678
34682 63414 0:0 34683
34687 63415 0:0 34688
34687 63416 0:0 34688
34738 63417 0:0 34754
34756 63447 21:0 34890
34763 63448 0:0 34764
34763 63449 0:0 34764
34828 63450 0:0 34830
34834 63480 0:0 34835
34839 63481 0:0 34840
34839 63482 0:0 34840
34890 63483 0:0 34906
34908 63513 21:0 35042
34915 63515 0:0 34916
34915 63514 0:0 34916
34980 63516 0:0 34982
34986 63546 0:0 34987
34991 63547 0:0 34992
34991 63548 0:0 34992
35042 63549 0:0 35058
35060 63579 21:0 35194
35067 63581 0:0 35068
35067 63580 0:0 35068
35132 63582 0:0 35134
35138 63612 0:0 35139
35143 63613 0:0 35144
35143 63614 0:0 35144
35194 63615 0:0 35210
35212 63645 21:0 35346
35219 63647 0:0 35220
35219 63646 0:0 35220
35284 63648 0:0 35286
35290 63678 0:0 35291
35295 63680 0:0 35296
35295 63679 0:0 35296
35346 63681 0:0 35362
35364 63711 0:0 35367
35369 63712 0:0 35372
35372 63714 21:0 35519
35614 62304 1:0 35874
35615 62302 1:0 35884
35624 62270 1:0 36004
35624 62269 1:0 36015
35632 62236 1:0 36146
35643 338 21:0 35737
35651 62237 1:0 36133
35745 62206 1:0 36259
35746 62204 1:0 36266
35746 62205 1:0 36267
35755 62203 1:0 36277
35755 62170 1:0 36408
35763 62173 1:0 36284
35782 62171 1:0 36395
35876 62172 1:0 36394
35877 62140 1:0 36521
35886 62138 1:0 36528
35886 62139 1:0 36529
35892 62137 1:0 36539
35896 62107 1:0 36652
35913 62106 1:0 36660
36007 62105 1:0 36659
36008 62104 1:0 36670
36017 62074 1:0 36677
36017 62071 1:0 36801
36023 62072 1:0 36788
36027 62073 1:0 36787
36056 62041 1:0 36914
36138 62039 1:0 36921
36139 62040 1:0 36922
36148 62038 1:0 36932
36148 62005 1:0 37063
36154 62008 1:0 36939
36159 62007 1:0 37049
36187 62006 1:0 37050
36269 61975 1:0 37176
36270 61974 1:0 37184
36279 61973 1:0 37183
36279 61972 1:0 37194
36285 61939 1:0 37325
36290 61942 1:0 37201
36318 61940 1:0 37312
36400 61941 1:0 37311
36401 61909 1:0 37438
36410 61907 1:0 37445
36410 61908 1:0 37446
36416 61906 1:0 37456
36436 61873 1:0 37587
36449 61876 1:0 37463
36531 61874 1:0 37574
36532 61875 1:0 37573
36541 339 1:0 38917
36541 63714 1:0 39312
37767 64757 21:0 37901
37774 64758 0:0 37775
37774 64759 0:0 37775
37839 64760 0:0 37841
37845 64790 0:0 37846
37850 64792 0:0 37851
37850 64791 0:0 37851
37901 64793 0:0 37917
37919 64823 21:0 38053
37926 64824 0:0 37927
37926 64825 0:0 37927
37991 64826 0:0 37993
37997 64856 0:0 37998
38002 64857 0:0 38003
38002 64858 0:0 38003
38053 64859 0:0 38069
38071 64889 21:0 38205
38078 64891 0:0 38079
38078 64890 0:0 38079
38143 64892 0:0 38145
38149 64922 0:0 38150
38154 64924 0:0 38155
38154 64923 0:0 38155
38205 64925 0:0 38221
38223 64955 21:0 38357
38230 64957 0:0 38231
38230 64956 0:0 38231
38295 64958 0:0 38297
38301 64988 0:0 38302
38306 64989 0:0 38307
38306 64990 0:0 38307
38357 64991 0:0 38373
38375 65021 21:0 38509
38382 65022 0:0 38383
38382 65023 0:0 38383
38447 65024 0:0 38449
38453 65054 0:0 38454
38458 65055 0:0 38459
38458 65056 0:0 38459
38509 65057 0:0 38525
38527 65087 0:0 38530
38532 65089 21:0 38677
38534 65088 0:0 38535
38599 65090 0:0 38601
38605 65120 0:0 38606
38610 65122 0:0 38611
38610 65121 0:0 38611
38675 65123 0:0 38677
38684 65154 0:0 38687
38687 65156 0:0 38705
38763 65189 21:0 38910
38929 63712 1:0 39319
38930 63711 1:0 39330
38939 63681 1:0 39443
38939 63680 1:0 39451
38947 63679 1:0 39450
38958 339 21:0 39052
38966 63678 1:0 39461
39060 63645 1:0 39592
39061 63648 1:0 39468
39061 63646 1:0 39579
39070 63647 1:0 39578
39070 63615 1:0 39705
39078 63613 1:0 39712
39097 63614 1:0 39713
39191 63612 1:0 39723
39192 63579 1:0 39854
39201 63582 1:0 39730
39201 63581 1:0 39840
39207 63580 1:0 39841
39211 63549 1:0 39967
39228 63547 1:0 39974
39322 63548 1:0 39975
39323 63546 1:0 39985
39332 63516 1:0 39992
39332 63513 1:0 40116
39338 63514 1:0 40103
39342 63515 1:0 40102
39371 63483 1:0 40229
39453 63481 1:0 40236
39454 63482 1:0 40237
39463 63480 1:0 40247
39463 63447 1:0 40378
39469 63450 1:0 40254
39474 63449 1:0 40364
39502 63448 1:0 40365
39584 63417 1:0 40491
39585 63416 1:0 40499
39594 63415 1:0 40498
39594 63414 1:0 40509
39600 63381 1:0 40640
39605 63384 1:0 40516
39633 63382 1:0 40627
39715 63383 1:0 40626
39716 63351 1:0 40753
39725 63349 1:0 40760
39725 63350 1:0 40761
39731 63348 1:0 40771
39751 63315 1:0 40902
39764 63318 1:0 40778
39846 63317 1:0 40888
39847 63316 1:0 40889
39856 340 1:0 42232
41082 66199 21:0 41216
41089 66201 0:0 41090
41089 66200 0:0 41090
41154 66202 0:0 41156
41160 66232 0:0 41161
41165 66234 0:0 41166
41165 66233 0:0 41166
41216 66235 0:0 41232
41234 66265 21:0 41368
41241 66266 0:0 41242
41241 66267 0:0 41242
41306 66268 0:0 41308
41312 66298 0:0 41313
41317 66299 0:0 41318
41317 66300 0:0 41318
41368 66301 0:0 41384
41386 66331 21:0 41520
41393 66332 0:0 41394
41393 66333 0:0 41394
41458 66334 0:0 41460
41464 66364 0:0 41465
41469 66365 0:0 41470
41469 66366 0:0 41470
41520 66367 0:0 41536
41538 66397 21:0 41672
41545 66398 0:0 41546
41545 66399 0:0 41546
41610 66400 0:0 41612
41616 66430 0:0 41617
41621 66432 0:0 41622
41621 66431 0:0 41622
41672 66433 0:0 41688
41690 66463 21:0 41824
41697 66464 0:0 41698
41697 66465 0:0 41698
41762 66466 0:0 41764
41768 66496 0:0 41769
41773 66497 0:0 41774
41773 66498 0:0 41774
41824 66499 0:0 41840
41842 66529 0:0 41845
41847 66530 21:0 41992
41849 66531 0:0 41850
41914 66532 0:0 41916
41920 66562 0:0 41921
41999 66597 21:0 42144
42001 66596 0:0 42002
42066 66598 0:0 42068
42072 66628 0:0 42073
42077 66630 0:0 42078
42244 65189 1:0 42496
42245 65156 1:0 42627
42254 65154 1:0 42634
42254 65123 1:0 42758
42262 65122 1:0 42766
42273 340 21:0 42367
42281 65121 1:0 42765
42375 65089 1:0 42897
42376 65120 1:0 42774
42376 65090 1:0 42783
42385 65088 1:0 42896
42385 65087 1:0 42907
42393 65057 1:0 43020
42412 65056 1:0 43028
42506 65055 1:0 43027
42507 65054 1:0 43038
42516 65024 1:0 43045
42516 65021 1:0 43169
42522 65022 1:0 43156
42526 65023 1:0 43155
42543 64991 1:0 43282
42637 64990 1:0 43290
42638 64989 1:0 43289
42647 64988 1:0 43300
42647 64955 1:0 43431
42653 64958 1:0 43307
42657 64957 1:0 43417
42686 64956 1:0 43418
42768 64925 1:0 43544
42769 64923 1:0 43551
42778 64924 1:0 43552
42778 64922 1:0 43562
42784 64889 1:0 43693
42789 64892 1:0 43569
42817 64890 1:0 43680
42899 64891 1:0 43679
42900 64859 1:0 43806
42909 64857 1:0 43813
42909 64858 1:0 43814
42915 64856 1:0 43824
42920 64823 1:0 43955
42948 64826 1:0 43831
43030 64825 1:0 43941
43031 64824 1:0 43942
43040 64793 1:0 44068
43040 64791 1:0 44075
43046 64792 1:0 44076
43066 64790 1:0 44086
43079 64757 1:0 44217
43161 64760 1:0 44093
43162 64759 1:0 44203
43171 64758 1:0 44204
43171 341 1:0 45547
43177 66630 1:0 45819
44397 67641 21:0 44531
44404 67643 0:0 44405
44404 67642 0:0 44405
44469 67644 0:0 44471
44475 67674 0:0 44476
44480 67675 0:0 44481
44480 67676 0:0 44481
44531 67677 0:0 44547
44549 67707 21:0 44683
44556 67709 0:0 44557
44556 67708 0:0 44557
44621 67710 0:0 44623
44627 67740 0:0 44628
44632 67741 0:0 44633
44632 67742 0:0 44633
44683 67743 0:0 44699
44701 67773 21:0 44835
44708 67775 0:0 44709
44708 67774 0:0 44709
44773 67776 0:0 44775
44779 67806 0:0 44780
44784 67808 0:0 44785
44784 67807 0:0 44785
44835 67809 0:0 44851
44853 67839 21:0 44987
44860 67840 0:0 44861
44860 67841 0:0 44861
44925 67842 0:0 44927
44931 67872 0:0 44932
44936 67873 0:0 44937
44936 67874 0:0 44937
44987 67875 0:0 45003
45005 67905 0:0 45008
45010 67907 0:0 45013
45013 67908 0:0 45031
45081 67938 0:0 45084
45086 67939 21:0 45231
45088 67940 0:0 45089
45153 67941 0:0 45155
45159 67971 0:0 45160
45164 67973 0:0 45165
45164 67972 0:0 45165
45229 67974 0:0 45231
45233 68004 0:0 45236
45238 68005 21:0 45383
45240 68006 0:0 45241
45305 68007 0:0 45307
45316 68039 0:0 45317
45316 68038 0:0 45317
45381 68040 0:0 45383
45385 68070 21:0 45519
45392 68072 0:0 45393
45559 66597 1:0 45950
45560 66628 1:0 45827
45569 66598 1:0 45836
45569 66596 1:0 45949
45577 66530 1:0 46211
45588 341 21:0 45682
45596 66562 1:0 46089
45690 66532 1:0 46098
45691 66531 1:0 46212
45691 66529 1:0 46222
45700 66499 1:0 46335
45700 66498 1:0 46343
45708 66497 1:0 46342
45727 66496 1:0 46353
45821 66463 1:0 46484
45822 66466 1:0 46360
45831 66465 1:0 46470
45831 66464 1:0 46471
45837 66433 1:0 46597
45841 66431 1:0 46604
45858 66432 1:0 46605
45952 66430 1:0 46615
45953 66397 1:0 46746
45962 66400 1:0 46622
45962 66398 1:0 46733
45968 66399 1:0 46732
45972 66367 1:0 46859
46001 66365 1:0 46866
46083 66366 1:0 46867
46084 66364 1:0 46877
46093 66334 1:0 46884
46093 66331 1:0 47008
46099 66332 1:0 46995
46104 66333 1:0 46994
46132 66301 1:0 47121
46214 66300 1:0 47129
46215 66299 1:0 47128
46224 66298 1:0 47139
46224 66265 1:0 47270
46230 66268 1:0 47146
46235 66266 1:0 47257
46263 66267 1:0 47256
46345 66235 1:0 47383
46346 66233 1:0 47390
46355 66234 1:0 47391
46355 66232 1:0 47401
46361 66199 1:0 47532
46381 66202 1:0 47408
46394 66201 1:0 47518
46476 66200 1:0 47519
46477 342 1:0 48862
47712 69083 21:0 47846
47719 69085 0:0 47720
47719 69084 0:0 47720
47784 69086 0:0 47786
47790 69116 0:0 47791
47795 69118 0:0 47796
47795 69117 0:0 47796
47846 69119 0:0 47862
47864 69149 21:0 47998
47871 69151 0:0 47872
47871 69150 0:0 47872
47936 69152 0:0 47938
47942 69182 0:0 47943
47947 69183 0:0 47948
47947 69184 0:0 47948
47998 69185 0:0 48014
48016 69215 21:0 48150
48023 69216 0:0 48024
48023 69217 0:0 48024
48088 69218 0:0 48090
48094 69248 0:0 48095
48099 69249 0:0 48100
48099 69250 0:0 48100
48150 69251 0:0 48166
48168 69281 21:0 48302
48175 69282 0:0 48176
48175 69283 0:0 48176
48240 69284 0:0 48242
48246 69314 0:0 48247
48251 69316 0:0 48252
48251 69315 0:0 48252
48302 69317 0:0 48318
48320 69347 21:0 48454
48327 69348 0:0 48328
48327 69349 0:0 48328
48392 69350 0:0 48394
48398 69380 0:0 48399
48403 69382 0:0 48404
48403 69381 0:0 48404
48454 69383 0:0 48470
48477 69415 21:0 48622
48479 69414 0:0 48480
48544 69416 0:0 48546
48550 69446 0:0 48551
48555 69447 0:0 48556
48555 69448 0:0 48556
48624 69479 21:0 48758
48631 69481 0:0 48632
48707 69513 0:0 48708
48874 68070 1:0 49144
48875 68072 1:0 49130
48884 68040 1:0 49257
48884 68039 1:0 49265
48892 68038 1:0 49264
48903 342 21:0 48997
48911 68005 1:0 49395
49005 68007 1:0 49282
49006 68006 1:0 49396
49006 68004 1:0 49406
49015 67974 1:0 49519
49015 67972 1:0 49526
49023 67973 1:0 49527
49042 67939 1:0 49657
49136 67971 1:0 49535
49137 67941 1:0 49544
49146 67940 1:0 49658
49146 67938 1:0 49668
49152 67908 1:0 49781
49156 67907 1:0 49789
49173 67905 1:0 49799
49267 67875 1:0 49912
49268 67873 1:0 49919
49277 67874 1:0 49920
49277 67872 1:0 49930
49283 67839 1:0 50061
49287 67842 1:0 49937
49316 67841 1:0 50047
49398 67840 1:0 50048
49399 67809 1:0 50174
49408 67807 1:0 50181
49408 67808 1:0 50182
49414 67806 1:0 50192
49419 67773 1:0 50323
49447 67776 1:0 50199
49529 67774 1:0 50310
49530 67775 1:0 50309
49539 67743 1:0 50436
49539 67742 1:0 50444
49545 67741 1:0 50443
49550 67740 1:0 50454
49578 67707 1:0 50585
49660 67710 1:0 50461
49661 67709 1:0 50571
49670 67708 1:0 50572
49670 67677 1:0 50698
49676 67675 1:0 50705
49696 67676 1:0 50706
49709 67674 1:0 50716
49791 67641 1:0 50847
49792 67644 1:0 50723
49801 67643 1:0 50833
49801 67642 1:0 50834
49807 343 1:0 52177
51027 70525 21:0 51161
51034 70527 0:0 51035
51034 70526 0:0 51035
51099 70528 0:0 51101
51105 70558 0:0 51106
51110 70559 0:0 51111
51110 70560 0:0 51111
51161 70561 0:0 51177
51179 70591 21:0 51313
51186 70592 0:0 51187
51186 70593 0:0 51187
51251 70594 0:0 51253
51257 70624 0:0 51258
51262 70626 0:0 51263
51262 70625 0:0 51263
51313 70627 0:0 51329
51331 70657 21:0 51465
51338 70658 0:0 51339
51338 70659 0:0 51339
51403 70660 0:0 51405
51409 70690 0:0 51410
51414 70691 0:0 51415
51414 70692 0:0 51415
51465 70693 0:0 51481
51483 70723 21:0 51617
51490 70724 0:0 51491
51490 70725 0:0 51491
51555 70726 0:0 51557
51561 70756 0:0 51562
51566 70757 0:0 51567
51566 70758 0:0 51567
51617 70759 0:0 51633
51640 70791 0:0 51643
51640 70790 0:0 51643
51643 70792 21:0 51790
51713 70822 0:0 51714
51718 70823 0:0 51719
51718 70824 0:0 51719
51783 70825 0:0 51785
51789 70855 21:0 51926
51794 70857 0:0 51795
51794 70856 0:0 51795
51859 70858 0:0 51861
51865 70888 0:0 51866
51870 70890 0:0 51871
51870 70889 0:0 51871
51925 70891 0:0 51937
51939 70921 21:0 52073
51946 70922 0:0 51947
52017 70954 0:0 52018
52022 70955 0:0 52023
52073 70957 0:0 52089
52189 69513 1:0 52448
52190 69479 1:0 52590
52199 69481 1:0 52576
52199 69447 1:0 52710
52207 69448 1:0 52711
52218 343 21:0 52312
52226 69415 1:0 52842
52320 69446 1:0 52719
52321 69416 1:0 52728
52321 69414 1:0 52841
52330 69383 1:0 52965
52330 69382 1:0 52973
52338 69381 1:0 52972
52357 69380 1:0 52983
52451 69347 1:0 53114
52452 69350 1:0 52990
52461 69349 1:0 53100
52461 69348 1:0 53101
52467 69317 1:0 53227
52471 69315 1:0 53234
52488 69316 1:0 53235
52582 69314 1:0 53245
52583 69281 1:0 53376
52592 69284 1:0 53252
52592 69283 1:0 53362
52598 69282 1:0 53363
52602 69251 1:0 53489
52631 69249 1:0 53496
52713 69250 1:0 53497
52714 69248 1:0 53507
52723 69218 1:0 53514
52723 69215 1:0 53638
52729 69217 1:0 53624
52734 69216 1:0 53625
52762 69185 1:0 53751
52844 69183 1:0 53758
52845 69184 1:0 53759
52854 69182 1:0 53769
52854 69149 1:0 53900
52860 69152 1:0 53776
52865 69150 1:0 53887
52893 69151 1:0 53886
52975 69119 1:0 54013
52976 69118 1:0 54021
52985 69117 1:0 54020
52985 69116 1:0 54031
52991 69083 1:0 54162
53011 69086 1:0 54038
53024 69085 1:0 54148
53106 69084 1:0 54149
53107 344 1:0 55492
54342 71967 21:0 54476
54349 71969 0:0 54350
54349 71968 0:0 54350
54414 71970 0:0 54416
54420 72000 0:0 54421
54425 72002 0:0 54426
54425 72001 0:0 54426
54476 72003 0:0 54492
54494 72033 21:0 54628
54501 72034 0:0 54502
54501 72035 0:0 54502
54566 72036 0:0 54568
54572 72066 0:0 54573
54577 72067 0:0 54578
54577 72068 0:0 54578
54628 72069 0:0 54644
54646 72099 21:0 54780
54653 72101 0:0 54654
54653 72100 0:0 54654
54718 72102 0:0 54720
54724 72132 0:0 54725
54729 72134 0:0 54730
54729 72133 0:0 54730
54780 72135 0:0 54796
54798 72165 21:0 54932
54805 72167 0:0 54806
54805 72166 0:0 54806
54870 72168 0:0 54872
54876 72198 0:0 54877
54881 72199 0:0 54882
54881 72200 0:0 54882
54932 72201 0:0 54948
54950 72231 0:0 54953
54955 72232 21:0 55100
54957 72233 0:0 54958
55022 72234 0:0 55024
55028 72264 0:0 55029
55033 72265 0:0 55034
55033 72266 0:0 55034
55098 72267 0:0 55100
55102 72297 0:0 55105
55107 72299 21:0 55252
55109 72298 0:0 55110
55174 72300 0:0 55176
55180 72330 0:0 55181
55250 72333 0:0 55252
55259 72365 21:0 55404
55261 72364 0:0 55262
55326 72366 0:0 55328
55504 70957 1:0 55756
55505 70955 1:0 55763
55514 70954 1:0 55774
55514 70921 1:0 55905
55522 70922 1:0 55892
55533 344 21:0 55627
55541 70891 1:0 56018
55635 70890 1:0 56026
55636 70889 1:0 56025
55636 70888 1:0 56036
55645 70858 1:0 56043
55645 70855 1:0 56167
55653 70856 1:0 56154
55672 70857 1:0 56153
55766 70825 1:0 56280
55767 70792 1:0 56411
55776 70824 1:0 56284
55776 70823 1:0 56285
55782 70822 1:0 56296
55786 70790 1:0 56418
55803 70791 1:0 56419
55897 70759 1:0 56542
55898 70757 1:0 56549
55907 70758 1:0 56550
55907 70756 1:0 56560
55913 70723 1:0 56691
55917 70726 1:0 56567
55946 70724 1:0 56678
56028 70725 1:0 56677
56029 70693 1:0 56804
56038 70691 1:0 56811
56038 70692 1:0 56812
56044 70690 1:0 56822
56049 70657 1:0 56953
56077 70660 1:0 56829
56159 70659 1:0 56939
56160 70658 1:0 56940
56169 70627 1:0 57066
56169 70626 1:0 57074
56175 70625 1:0 57073
56180 70624 1:0 57084
56208 70591 1:0 57215
56290 70594 1:0 57091
56291 70593 1:0 57201
56300 70592 1:0 57202
56300 70561 1:0 57328
56306 70559 1:0 57335
56326 70560 1:0 57336
56339 70558 1:0 57346
56421 70525 1:0 57477
56422 70528 1:0 57353
56431 70527 1:0 57463
56431 70526 1:0 57464
56437 345 1:0 58807
56441 72365 1:0 59210
57657 73409 21:0 57791
57664 73410 0:0 57665
57664 73411 0:0 57665
57729 73412 0:0 57731
57735 73442 0:0 57736
57740 73443 0:0 57741
57740 73444 0:0 57741
57791 73445 0:0 57807
57809 73475 21:0 57943
57816 73477 0:0 57817
57816 73476 0:0 57817
57881 73478 0:0 57883
57887 73508 0:0 57888
57892 73510 0:0 57893
57892 73509 0:0 57893
57943 73511 0:0 57959
57961 73541 21:0 58095
57968 73542 0:0 57969
57968 73543 0:0 57969
58033 73544 0:0 58035
58039 73574 0:0 58040
58044 73575 0:0 58045
58044 73576 0:0 58045
58095 73577 0:0 58111
58113 73607 21:0 58247
58120 73609 0:0 58121
58120 73608 0:0 58121
58185 73610 0:0 58187
58191 73640 0:0 58192
58196 73642 0:0 58197
58196 73641 0:0 58197
58247 73643 0:0 58263
58265 73673 0:0 58268
58270 73674 0:0 58273
58270 73675 0:0 58273
58273 73676 0:0 58291
58341 73706 21:0 58475
58348 73707 0:0 58349
58348 73708 0:0 58349
58413 73709 0:0 58415
58419 73739 0:0 58420
58424 73740 0:0 58425
58424 73741 0:0 58425
58475 73742 0:0 58491
58493 73772 0:0 58496
58498 73773 21:0 58643
58500 73774 0:0 58501
58565 73775 0:0 58567
58571 73805 0:0 58572
58576 73807 0:0 58577
58576 73806 0:0 58577
58641 73808 0:0 58643
58650 73840 21:0 58795
58819 72366 1:0 59096
58820 72364 1:0 59209
58829 72333 1:0 59333
58829 72299 1:0 59472
58837 72330 1:0 59349
58848 345 21:0 58942
58856 72300 1:0 59358
58950 72298 1:0 59471
58951 72297 1:0 59482
58951 72267 1:0 59595
58960 72265 1:0 59602
58960 72266 1:0 59603
58968 72232 1:0 59733
58987 72264 1:0 59611
59081 72234 1:0 59620
59082 72233 1:0 59734
59091 72231 1:0 59744
59091 72201 1:0 59857
59097 72199 1:0 59864
59101 72200 1:0 59865
59118 72198 1:0 59875
59212 72165 1:0 60006
59213 72168 1:0 59882
59222 72167 1:0 59992
59222 72166 1:0 59993
59228 72135 1:0 60119
59232 72133 1:0 60126
59261 72134 1:0 60127
59343 72132 1:0 60137
59344 72099 1:0 60268
59353 72102 1:0 60144
59353 72100 1:0 60255
59359 72101 1:0 60254
59364 72069 1:0 60381
59392 72068 1:0 60389
59474 72067 1:0 60388
59475 72066 1:0 60399
59484 72036 1:0 60406
59484 72033 1:0 60530
59490 72034 1:0 60517
59495 72035 1:0 60516
59523 72003 1:0 60643
59605 72002 1:0 60651
59606 72001 1:0 60650
59615 72000 1:0 60661
59615 71967 1:0 60792
59621 71970 1:0 60668
59641 71969 1:0 60778
59654 71968 1:0 60779
59736 346 1:0 62122
60972 74851 21:0 61106
60979 74853 0:0 60980
60979 74852 0:0 60980
61044 74854 0:0 61046
61050 74884 0:0 61051
61055 74886 0:0 61056
61055 74885 0:0 61056
61106 74887 0:0 61122
61124 74917 21:0 61258
61131 74918 0:0 61132
61131 74919 0:0 61132
61196 74920 0:0 61198
61202 74950 0:0 61203
61207 74952 0:0 61208
61207 74951 0:0 61208
61258 74953 0:0 61274
61276 74983 21:0 61410
61283 74984 0:0 61284
61283 74985 0:0 61284
61348 74986 0:0 61350
61354 75016 0:0 61355
61359 75018 0:0 61360
61359 75017 0:0 61360
61410 75019 0:0 61426
61428 75049 21:0 61562
61435 75050 0:0 61436
61435 75051 0:0 61436
61500 75052 0:0 61502
61506 75082 0:0 61507
61511 75084 0:0 61512
61511 75083 0:0 61512
61562 75085 0:0 61578
61580 75115 0:0 61583
61585 75117 21:0 61730
61587 75116 0:0 61588
61652 75118 0:0 61654
61658 75148 0:0 61659
61663 75149 0:0 61664
61663 75150 0:0 61664
61728 75151 0:0 61730
61732 75181 0:0 61735
61737 75183 0:0 61740
61737 75182 0:0 61740
61808 75214 0:0 61811
61813 75215 21:0 61958
61880 75217 0:0 61882
61886 75247 0:0 61887
61960 75280 21:0 62094
62134 73840 1:0 62394
62135 73808 1:0 62517
62144 73806 1:0 62524
62144 73807 1:0 62525
62152 73773 1:0 62655
62163 346 21:0 62257
62171 73805 1:0 62533
62265 73775 1:0 62542
62266 73774 1:0 62656
62266 73772 1:0 62666
62275 73742 1:0 62779
62275 73740 1:0 62786
62283 73741 1:0 62787
62302 73739 1:0 62797
62396 73706 1:0 62928
62397 73709 1:0 62804
62406 73708 1:0 62914
62406 73707 1:0 62915
62412 73676 1:0 63041
62416 73675 1:0 63049
62433 73674 1:0 63048
62527 73673 1:0 63059
62528 73643 1:0 63172
62537 73641 1:0 63179
62537 73642 1:0 63180
62543 73640 1:0 63190
62547 73607 1:0 63321
62576 73610 1:0 63197
62658 73608 1:0 63308
62659 73609 1:0 63307
62668 73577 1:0 63434
62668 73576 1:0 63442
62674 73575 1:0 63441
62679 73574 1:0 63452
62707 73541 1:0 63583
62789 73544 1:0 63459
62790 73543 1:0 63569
62799 73542 1:0 63570
62799 73511 1:0 63696
62805 73509 1:0 63703
62810 73510 1:0 63704
62838 73508 1:0 63714
62920 73475 1:0 63845
62921 73478 1:0 63721
62930 73477 1:0 63831
62930 73476 1:0 63832
62936 73445 1:0 63958
62956 73443 1:0 63965
62969 73444 1:0 63966
63051 73442 1:0 63976
63052 73409 1:0 64107
63061 73412 1:0 63983
63061 73410 1:0 64094
63069 73411 1:0 64093
63071 347 1:0 65437
63088 75280 1:0 65719
63182 75215 1:0 65970
64287 76293 21:0 64421
64294 76294 0:0 64295
64294 76295 0:0 64295
64359 76296 0:0 64361
64365 76326 0:0 64366
64370 76328 0:0 64371
64370 76327 0:0 64371
64421 76329 0:0 64437
64439 76359 21:0 64573
64446 76360 0:0 64447
64446 76361 0:0 64447
64511 76362 0:0 64513
64517 76392 0:0 64518
64522 76394 0:0 64523
64522 76393 0:0 64523
64573 76395 0:0 64589
64591 76425 21:0 64725
64598 76426 0:0 64599
64598 76427 0:0 64599
64663 76428 0:0 64665
64669 76458 0:0 64670
64674 76460 0:0 64675
64674 76459 0:0 64675
64725 76461 0:0 64741
64743 76491 21:0 64877
64750 76493 0:0 64751
64750 76492 0:0 64751
64815 76494 0:0 64817
64821 76524 0:0 64822
64826 76526 0:0 64827
64826 76525 0:0 64827
64877 76527 0:0 64893
64895 76557 21:0 65029
64902 76558 0:0 64903
64902 76559 0:0 64903
64967 76560 0:0 64969
64973 76590 0:0 64974
64978 76591 0:0 64979
64978 76592 0:0 64979
65029 76593 0:0 65045
65047 76623 21:0 65181
65054 76625 0:0 65055
65054 76624 0:0 65055
65119 76626 0:0 65121
65125 76656 0:0 65126
65130 76658 0:0 65131
65130 76657 0:0 65131
65181 76659 0:0 65197
65199 76689 21:0 65333
65206 76690 0:0 65207
65271 76692 0:0 65273
65277 76722 0:0 65278
65282 76724 0:0 65283
65282 76723 0:0 65283
65333 76725 0:0 65349
65449 75247 1:0 65848
65450 75217 1:0 65857
65459 75214 1:0 65981
65459 75182 1:0 66101
65467 75183 1:0 66102
65478 347 21:0 65572
65486 75181 1:0 66112
65580 75151 1:0 66225
65581 75149 1:0 66232
65581 75150 1:0 66233
65590 75148 1:0 66241
65590 75117 1:0 66364
65598 75118 1:0 66250
65617 75116 1:0 66363
65711 75115 1:0 66374
65712 75085 1:0 66487
65721 75083 1:0 66494
65721 75084 1:0 66495
65727 75082 1:0 66505
65731 75049 1:0 66636
65748 75052 1:0 66512
65842 75051 1:0 66622
65843 75050 1:0 66623
65852 75019 1:0 66749
65852 75018 1:0 66757
65858 75017 1:0 66756
65862 75016 1:0 66767
65891 74983 1:0 66898
65973 74986 1:0 66774
65974 74985 1:0 66884
65983 74984 1:0 66885
65983 74953 1:0 67011
65989 74952 1:0 67019
65994 74951 1:0 67018
66022 74950 1:0 67029
66104 74917 1:0 67160
66105 74920 1:0 67036
66114 74919 1:0 67146
66114 74918 1:0 67147
66120 74887 1:0 67273
66125 74885 1:0 67280
66153 74886 1:0 67281
66235 74884 1:0 67291
66236 74851 1:0 67422
66245 74854 1:0 67298
66245 74852 1:0 67409
66251 74853 1:0 67408
66253 348 1:0 68752
67602 77735 21:0 67736
67609 77737 0:0 67610
67609 77736 0:0 67610
67674 77738 0:0 67676
67680 77768 0:0 67681
67685 77769 0:0 67686
67685 77770 0:0 67686
67736 77771 0:0 67752
67754 77801 21:0 67888
67761 77802 0:0 67762
67761 77803 0:0 67762
67826 77804 0:0 67828
67832 77834 0:0 67833
67837 77835 0:0 67838
67837 77836 0:0 67838
67888 77837 0:0 67904
67906 77867 21:0 68040
67913 77869 0:0 67914
67913 77868 0:0 67914
67978 77870 0:0 67980
67984 77900 0:0 67985
67989 77902 0:0 67990
67989 77901 0:0 67990
68040 77903 0:0 68056
68058 77933 21:0 68192
68065 77934 0:0 68066
68065 77935 0:0 68066
68130 77936 0:0 68132
68136 77966 0:0 68137
68141 77968 0:0 68142
68141 77967 0:0 68142
68192 77969 0:0 68208
68210 77999 0:0 68213
68215 78000 21:0 68360
68217 78001 0:0 68218
68282 78002 0:0 68284
68288 78032 0:0 68289
68293 78033 0:0 68294
68293 78034 0:0 68294
68358 78035 0:0 68360
68362 78065 0:0 68365
68367 78066 0:0 68370
68438 78098 0:0 68441
68443 78099 21:0 68588
68521 78132 0:0 68522
68598 78167 21:0 68745
68764 76725 1:0 69016
68765 76724 1:0 69024
68774 76723 1:0 69023
68774 76722 1:0 69034
68782 76689 1:0 69165
68793 348 21:0 68887
68801 76692 1:0 69041
68895 76690 1:0 69152
68896 76659 1:0 69278
68896 76657 1:0 69285
68905 76658 1:0 69286
68905 76656 1:0 69296
68913 76623 1:0 69427
68932 76626 1:0 69303
69026 76624 1:0 69414
69027 76625 1:0 69413
69036 76593 1:0 69540
69036 76591 1:0 69547
69042 76592 1:0 69548
69046 76590 1:0 69558
69063 76557 1:0 69689
69157 76560 1:0 69565
69158 76558 1:0 69676
69167 76559 1:0 69675
69167 76527 1:0 69802
69173 76525 1:0 69809
69177 76526 1:0 69810
69206 76524 1:0 69820
69288 76491 1:0 69951
69289 76494 1:0 69827
69298 76493 1:0 69937
69298 76492 1:0 69938
69304 76461 1:0 70064
69309 76460 1:0 70072
69337 76459 1:0 70071
69419 76458 1:0 70082
69420 76425 1:0 70213
69429 76428 1:0 70089
69429 76426 1:0 70200
69435 76427 1:0 70199
69440 76395 1:0 70326
69468 76393 1:0 70333
69550 76394 1:0 70334
69551 76392 1:0 70344
69560 76362 1:0 70351
69560 76359 1:0 70475
69566 76361 1:0 70461
69586 76360 1:0 70462
69599 76329 1:0 70588
69681 76327 1:0 70595
69682 76328 1:0 70596
69691 76326 1:0 70606
69691 76293 1:0 70737
69699 76296 1:0 70613
69717 76295 1:0 70723
69718 349 1:0 72067
69812 76294 1:0 70724
69813 78167 1:0 72331
70917 79177 21:0 71051
70924 79178 0:0 70925
70924 79179 0:0 70925
70989 79180 0:0 70991
70995 79210 0:0 70996
71000 79212 0:0 71001
71000 79211 0:0 71001
71051 79213 0:0 71067
71069 79243 21:0 71203
71076 79244 0:0 71077
71076 79245 0:0 71077
71141 79246 0:0 71143
71147 79276 0:0 71148
71152 79278 0:0 71153
71152 79277 0:0 71153
71203 79279 0:0 71219
71221 79309 21:0 71355
71228 79310 0:0 71229
71228 79311 0:0 71229
71293 79312 0:0 71295
71299 79342 0:0 71300
71304 79343 0:0 71305
71304 79344 0:0 71305
71355 79345 0:0 71371
71373 79375 21:0 71507
71380 79377 0:0 71381
71380 79376 0:0 71381
71445 79378 0:0 71447
71451 79408 0:0 71452
71456 79410 0:0 71457
71456 79409 0:0 71457
71507 79411 0:0 71523
71525 79441 0:0 71528
71530 79443 21:0 71675
71532 79442 0:0 71533
71597 79444 0:0 71599
71603 79474 0:0 71604
71608 79475 0:0 71609
71608 79476 0:0 71609
71673 79477 0:0 71675
71677 79507 21:0 71811
71684 79509 0:0 71685
71684 79508 0:0 71685
71749 79510 0:0 71751
71755 79540 0:0 71756
71760 79541 0:0 71761
71760 79542 0:0 71761
71811 79543 0:0 71827
71829 79573 21:0 71963
71836 79575 0:0 71837
71836 79574 0:0 71837
71901 79576 0:0 71903
71907 79606 0:0 71908
71912 79608 0:0 71913
71912 79607 0:0 71913
71963 79609 0:0 71979
72079 78132 1:0 72469
72080 78099 1:0 72600
72089 78098 1:0 72611
72089 78066 1:0 72731
72097 78065 1:0 72742
72108 349 21:0 72202
72116 78035 1:0 72855
72210 78034 1:0 72863
72211 78033 1:0 72862
72211 78000 1:0 72993
72220 78032 1:0 72871
72220 78002 1:0 72880
72228 78001 1:0 72994
72247 77999 1:0 73004
72341 77969 1:0 73117
72342 77967 1:0 73124
72351 77968 1:0 73125
72351 77966 1:0 73135
72357 77933 1:0 73266
72361 77936 1:0 73142
72378 77934 1:0 73253
72472 77935 1:0 73252
72473 77903 1:0 73379
72482 77901 1:0 73386
72482 77902 1:0 73387
72488 77900 1:0 73397
72492 77867 1:0 73528
72521 77870 1:0 73404
72603 77868 1:0 73515
72604 77869 1:0 73514
72613 77837 1:0 73641
72613 77835 1:0 73648
72619 77836 1:0 73649
72624 77834 1:0 73659
72652 77801 1:0 73790
72734 77804 1:0 73666
72735 77802 1:0 73777
72744 77803 1:0 73776
72744 77771 1:0 73903
72750 77769 1:0 73910
72755 77770 1:0 73911
72783 77768 1:0 73921
72865 77735 1:0 74052
72866 77738 1:0 73928
72866 350 1:0 75382
72875 77737 1:0 74038
72875 77736 1:0 74039
74232 80619 21:0 74366
74239 80620 0:0 74240
74239 80621 0:0 74240
74304 80622 0:0 74306
74310 80652 0:0 74311
74315 80654 0:0 74316
74315 80653 0:0 74316
74366 80655 0:0 74382
74384 80685 21:0 74518
74391 80686 0:0 74392
74391 80687 0:0 74392
74456 80688 0:0 74458
74462 80718 0:0 74463
74467 80719 0:0 74468
74467 80720 0:0 74468
74518 80721 0:0 74534
74536 80751 21:0 74670
74543 80752 0:0 74544
74543 80753 0:0 74544
74608 80754 0:0 74610
74614 80784 0:0 74615
74619 80785 0:0 74620
74619 80786 0:0 74620
74670 80787 0:0 74686
74688 80817 21:0 74822
74695 80819 0:0 74696
74695 80818 0:0 74696
74760 80820 0:0 74762
74766 80850 0:0 74767
74771 80851 0:0 74772
74771 80852 0:0 74772
74822 80853 0:0 74838
74840 80883 21:0 74974
74847 80884 0:0 74848
74847 80885 0:0 74848
74912 80886 0:0 74914
74918 80916 0:0 74919
74923 80917 0:0 74924
74923 80918 0:0 74924
74974 80919 0:0 74990
74992 80949 0:0 74995
75000 80952 0:0 75018
75068 80982 0:0 75071
75073 80984 21:0 75218
75140 80985 0:0 75142
75394 79609 1:0 75646
75395 79608 1:0 75654
75404 79607 1:0 75653
75404 79606 1:0 75664
75412 79573 1:0 75795
75423 350 21:0 75517
75431 79576 1:0 75671
75525 79575 1:0 75781
75526 79574 1:0 75782
75526 79543 1:0 75908
75535 79541 1:0 75915
75535 79542 1:0 75916
75543 79540 1:0 75926
75562 79507 1:0 76057
75656 79510 1:0 75933
75657 79508 1:0 76044
75666 79509 1:0 76043
75666 79477 1:0 76170
75672 79475 1:0 76177
75676 79476 1:0 76178
75693 79443 1:0 76309
75787 79474 1:0 76186
75788 79444 1:0 76195
75797 79442 1:0 76308
75797 79441 1:0 76319
75803 79411 1:0 76432
75807 79409 1:0 76439
75836 79410 1:0 76440
75918 79408 1:0 76450
75919 79375 1:0 76581
75928 79378 1:0 76457
75928 79377 1:0 76567
75934 79376 1:0 76568
75939 79345 1:0 76694
75967 79343 1:0 76701
76049 79344 1:0 76702
76050 79342 1:0 76712
76059 79312 1:0 76719
76059 79309 1:0 76843
76065 79311 1:0 76829
76070 79310 1:0 76830
76098 79279 1:0 76956
76180 79277 1:0 76963
76181 79278 1:0 76964
76190 79276 1:0 76974
76190 79243 1:0 77105
76196 79246 1:0 76981
76216 79245 1:0 77091
76229 79244 1:0 77092
76311 79213 1:0 77218
76312 79212 1:0 77226
76321 79211 1:0 77225
76321 79210 1:0 77236
76329 79177 1:0 77367
76347 79180 1:0 77243
76348 351 1:0 78697
76442 79179 1:0 77353
76443 79178 1:0 77354
76452 80984 1:0 79231
77547 82061 21:0 77681
77554 82063 0:0 77555
77554 82062 0:0 77555
77619 82064 0:0 77621
77625 82094 0:0 77626
77630 82096 0:0 77631
77630 82095 0:0 77631
77681 82097 0:0 77697
77699 82127 21:0 77833
77706 82128 0:0 77707
77706 82129 0:0 77707
77771 82130 0:0 77773
77777 82160 0:0 77778
77782 82161 0:0 77783
77782 82162 0:0 77783
77833 82163 0:0 77849
77851 82193 21:0 77985
77858 82194 0:0 77859
77858 82195 0:0 77859
77923 82196 0:0 77925
77929 82226 0:0 77930
77934 82228 0:0 77935
77934 82227 0:0 77935
77985 82229 0:0 78001
78003 82259 21:0 78137
78010 82261 0:0 78011
78010 82260 0:0 78011
78075 82262 0:0 78077
78081 82292 0:0 78082
78086 82293 0:0 78087
78086 82294 0:0 78087
78137 82295 0:0 78153
78155 82325 21:0 78289
78162 82326 0:0 78163
78162 82327 0:0 78163
78227 82328 0:0 78229
78233 82358 0:0 78234
78238 82359 0:0 78239
78238 82360 0:0 78239
78289 82361 0:0 78305
78307 82391 21:0 78441
78314 82393 0:0 78315
78314 82392 0:0 78315
78379 82394 0:0 78381
78385 82424 0:0 78386
78390 82426 0:0 78391
78390 82425 0:0 78391
78441 82427 0:0 78457
78459 82457 21:0 78593
78466 82459 0:0 78467
78466 82458 0:0 78467
78531 82460 0:0 78533
78537 82490 0:0 78538
78542 82491 0:0 78543
78542 82492 0:0 78543
78593 82493 0:0 78609
78616 82525 21:0 78704
78709 80985 1:0 79117
78710 80982 1:0 79241
78719 80952 1:0 79354
78719 80949 1:0 79372
78727 80919 1:0 79485
78738 351 21:0 78832
78746 80918 1:0 79493
78840 80917 1:0 79492
78841 80916 1:0 79503
78841 80883 1:0 79634
78850 80886 1:0 79510
78850 80884 1:0 79621
78858 80885 1:0 79620
78877 80853 1:0 79747
78971 80852 1:0 79755
78972 80851 1:0 79754
78981 80850 1:0 79765
78981 80817 1:0 79896
78987 80820 1:0 79772
78991 80819 1:0 79882
79008 80818 1:0 79883
79102 80787 1:0 80009
79103 80786 1:0 80017
79112 80785 1:0 80016
79112 80784 1:0 80027
79118 80751 1:0 80158
79122 80754 1:0 80034
79151 80753 1:0 80144
79233 80752 1:0 80145
79234 80721 1:0 80271
79243 80719 1:0 80278
79243 80720 1:0 80279
79249 80718 1:0 80289
79254 80685 1:0 80420
79282 80688 1:0 80296
79364 80686 1:0 80407
79365 80687 1:0 80406
79374 80655 1:0 80533
79374 80654 1:0 80541
79380 80653 1:0 80540
79385 80652 1:0 80551
79413 80619 1:0 80682
79495 80622 1:0 80558
79496 80620 1:0 80669
79496 352 1:0 82012
79505 80621 1:0 80668
80862 83503 21:0 80996
80869 83504 0:0 80870
80869 83505 0:0 80870
80934 83506 0:0 80936
80940 83536 0:0 80941
80945 83537 0:0 80946
80945 83538 0:0 80946
80996 83539 0:0 81012
81014 83569 21:0 81148
81021 83571 0:0 81022
81021 83570 0:0 81022
81086 83572 0:0 81088
81092 83602 0:0 81093
81097 83603 0:0 81098
81097 83604 0:0 81098
81148 83605 0:0 81164
81166 83635 21:0 81300
81173 83637 0:0 81174
81173 83636 0:0 81174
81238 83638 0:0 81240
81244 83668 0:0 81245
81249 83670 0:0 81250
81249 83669 0:0 81250
81300 83671 0:0 81316
81318 83701 21:0 81452
81325 83702 0:0 81326
81325 83703 0:0 81326
81390 83704 0:0 81392
81396 83734 0:0 81397
81401 83735 0:0 81402
81401 83736 0:0 81402
81452 83737 0:0 81468
81470 83767 0:0 81473
81475 83768 0:0 81478
81475 83769 0:0 81478
81478 83770 21:0 81625
81548 83800 0:0 81549
81553 83801 0:0 81554
81618 83803 0:0 81620
81627 83835 21:0 81772
81703 83867 0:0 81706
81774 83899 21:0 81908
81852 83932 0:0 81853
81857 83934 0:0 81858
82024 82525 1:0 82153
82025 82493 1:0 82276
82034 82491 1:0 82283
82034 82492 1:0 82284
82042 82490 1:0 82294
82053 352 21:0 82147
82061 82457 1:0 82425
82155 82460 1:0 82301
82156 82459 1:0 82411
82156 82458 1:0 82412
82165 82427 1:0 82538
82165 82425 1:0 82545
82173 82426 1:0 82546
82192 82424 1:0 82556
82286 82391 1:0 82687
82287 82394 1:0 82563
82296 82393 1:0 82673
82296 82392 1:0 82674
82302 82361 1:0 82800
82306 82360 1:0 82808
82323 82359 1:0 82807
82417 82358 1:0 82818
82418 82325 1:0 82949
82427 82328 1:0 82825
82427 82326 1:0 82936
82433 82327 1:0 82935
82437 82295 1:0 83062
82466 82294 1:0 83070
82548 82293 1:0 83069
82549 82292 1:0 83080
82558 82262 1:0 83087
82558 82259 1:0 83211
82564 82261 1:0 83197
82569 82260 1:0 83198
82597 82229 1:0 83324
82679 82227 1:0 83331
82680 82228 1:0 83332
82689 82226 1:0 83342
82689 82193 1:0 83473
82695 82196 1:0 83349
82700 82195 1:0 83459
82728 82194 1:0 83460
82810 82163 1:0 83586
82811 82162 1:0 83594
82820 82161 1:0 83593
82820 82160 1:0 83604
82826 82127 1:0 83735
82846 82130 1:0 83611
82859 82129 1:0 83721
82941 82128 1:0 83722
82942 82097 1:0 83848
82951 82095 1:0 83855
82951 82096 1:0 83856
82959 82094 1:0 83866
82977 82061 1:0 83997
83072 82064 1:0 83873
83073 82063 1:0 83983
83073 82062 1:0 83984
83082 353 1:0 85327
84177 84945 21:0 84311
84184 84946 0:0 84185
84184 84947 0:0 84185
84249 84948 0:0 84251
84255 84978 0:0 84256
84260 84979 0:0 84261
84260 84980 0:0 84261
84311 84981 0:0 84327
84329 85011 0:0 84332
84334 85012 0:0 84337
84334 85013 0:0 84337
84337 85014 21:0 84484
84407 85044 0:0 84408
84412 85046 0:0 84413
84412 85045 0:0 84413
84477 85047 0:0 84479
84483 85077 21:0 84620
84488 85078 0:0 84489
84488 85079 0:0 84489
84553 85080 0:0 84555
84559 85110 0:0 84560
84564 85111 0:0 84565
84564 85112 0:0 84565
84619 85113 0:0 84631
84633 85143 21:0 84767
84640 85144 0:0 84641
84640 85145 0:0 84641
84705 85146 0:0 84707
84711 85176 0:0 84712
84716 85177 0:0 84717
84716 85178 0:0 84717
84767 85179 0:0 84783
84785 85209 21:0 84924
84792 85211 0:0 84793
84792 85210 0:0 84793
84857 85212 0:0 84859
84863 85242 0:0 84864
84868 85244 0:0 84869
84868 85243 0:0 84869
84923 85245 0:0 84935
84937 85275 0:0 84940
84942 85276 0:0 84945
84942 85277 0:0 84945
84945 85278 21:0 85092
85015 85308 0:0 85016
85020 85310 0:0 85021
85020 85309 0:0 85021
85085 85311 0:0 85087
85091 85341 0:0 85092
85094 85343 21:0 85239
85096 85342 0:0 85097
85161 85344 0:0 85163
85167 85374 0:0 85168
85172 85375 0:0 85173
85172 85376 0:0 85173
85237 85377 0:0 85239
85241 85407 21:0 85331
85339 83934 1:0 85599
85340 83932 1:0 85609
85349 83899 1:0 85740
85349 83867 1:0 85860
85357 83835 1:0 85992
85368 353 21:0 85462
85376 83803 1:0 86115
85470 83770 1:0 86246
85471 83801 1:0 86120
85471 83800 1:0 86131
85480 83768 1:0 86253
85480 83769 1:0 86254
85488 83767 1:0 86264
85507 83737 1:0 86377
85601 83735 1:0 86384
85602 83736 1:0 86385
85611 83734 1:0 86395
85611 83701 1:0 86526
85617 83704 1:0 86402
85621 83702 1:0 86513
85638 83703 1:0 86512
85732 83671 1:0 86639
85733 83670 1:0 86647
85742 83669 1:0 86646
85742 83668 1:0 86657
85748 83635 1:0 86788
85752 83638 1:0 86664
85781 83637 1:0 86774
85863 83636 1:0 86775
85864 83605 1:0 86901
85873 83603 1:0 86908
85873 83604 1:0 86909
85879 83602 1:0 86919
85884 83569 1:0 87050
85912 83572 1:0 86926
85994 83571 1:0 87036
85995 83570 1:0 87037
86004 83539 1:0 87163
86004 83537 1:0 87170
86010 83538 1:0 87171
86015 83536 1:0 87181
86043 83503 1:0 87312
86125 83506 1:0 87188
86126 83505 1:0 87298
86126 354 1:0 88642
86135 83504 1:0 87299
87492 86387 21:0 87626
87499 86388 0:0 87500
87499 86389 0:0 87500
87564 86390 0:0 87566
87570 86420 0:0 87571
87575 86422 0:0 87576
87575 86421 0:0 87576
87626 86423 0:0 87642
87644 86453 21:0 87778
87651 86454 0:0 87652
87651 86455 0:0 87652
87716 86456 0:0 87718
87722 86486 0:0 87723
87727 86488 0:0 87728
87727 86487 0:0 87728
87796 86519 21:0 87930
87803 86521 0:0 87804
87803 86520 0:0 87804
87868 86522 0:0 87870
87874 86552 0:0 87875
87879 86553 0:0 87880
87879 86554 0:0 87880
87948 86585 21:0 88082
87955 86586 0:0 87956
87955 86587 0:0 87956
88020 86588 0:0 88022
88026 86618 0:0 88027
88031 86620 0:0 88032
88031 86619 0:0 88032
88082 86621 0:0 88098
88100 86651 0:0 88103
88105 86652 0:0 88108
88108 86654 21:0 88255
88178 86684 0:0 88179
88183 86686 0:0 88184
88183 86685 0:0 88184
88248 86687 0:0 88250
88254 86717 0:0 88255
88257 86719 21:0 88402
88324 86720 0:0 88326
88409 86784 0:0 88412
88412 86786 21:0 88559
88482 86816 0:0 88483
88487 86818 0:0 88488
88654 85407 1:0 88793
88655 85377 1:0 88906
88664 85375 1:0 88913
88664 85376 1:0 88914
88672 85343 1:0 89045
88683 354 21:0 88777
88691 85374 1:0 88922
88785 85344 1:0 88931
88786 85342 1:0 89044
88786 85341 1:0 89055
88795 85311 1:0 89168
88795 85278 1:0 89299
88803 85309 1:0 89173
88822 85310 1:0 89172
88916 85308 1:0 89184
88917 85277 1:0 89307
88926 85276 1:0 89306
88926 85275 1:0 89317
88932 85245 1:0 89430
88936 85243 1:0 89437
88953 85244 1:0 89438
89047 85242 1:0 89448
89048 85209 1:0 89579
89057 85212 1:0 89455
89057 85210 1:0 89566
89063 85211 1:0 89565
89067 85179 1:0 89692
89096 85178 1:0 89700
89178 85177 1:0 89699
89179 85176 1:0 89710
89188 85146 1:0 89717
89188 85143 1:0 89841
89194 85145 1:0 89827
89199 85144 1:0 89828
89227 85113 1:0 89954
89309 85111 1:0 89961
89310 85112 1:0 89962
89319 85110 1:0 89972
89319 85077 1:0 90103
89325 85080 1:0 89979
89330 85078 1:0 90090
89358 85079 1:0 90089
89440 85047 1:0 90216
89441 85014 1:0 90347
89450 85046 1:0 90220
89450 85045 1:0 90221
89456 85044 1:0 90232
89476 85012 1:0 90354
89489 85013 1:0 90355
89571 85011 1:0 90365
89572 84981 1:0 90478
89581 84979 1:0 90485
89581 84980 1:0 90486
89589 84978 1:0 90496
89607 84945 1:0 90627
89702 84948 1:0 90503
89703 84947 1:0 90613
89703 84946 1:0 90614
89712 355 1:0 91957
90807 87829 21:0 90941
90814 87831 0:0 90815
90814 87830 0:0 90815
90879 87832 0:0 90881
90885 87862 0:0 90886
90890 87864 0:0 90891
90890 87863 0:0 90891
90941 87865 0:0 90957
90959 87895 21:0 91093
90966 87896 0:0 90967
90966 87897 0:0 90967
91031 87898 0:0 91033
91037 87928 0:0 91038
91042 87929 0:0 91043
91042 87930 0:0 91043
91093 87931 0:0 91109
91111 87961 21:0 91245
91118 87962 0:0 91119
91118 87963 0:0 91119
91183 87964 0:0 91185
91189 87994 0:0 91190
91194 87996 0:0 91195
91194 87995 0:0 91195
91245 87997 0:0 91261
91263 88027 21:0 91397
91270 88029 0:0 91271
91270 88028 0:0 91271
91335 88030 0:0 91337
91341 88060 0:0 91342
91346 88062 0:0 91347
91346 88061 0:0 91347
91397 88063 0:0 91413
91415 88093 21:0 91549
91422 88095 0:0 91423
91422 88094 0:0 91423
91487 88096 0:0 91489
91493 88126 0:0 91494
91498 88127 0:0 91499
91498 88128 0:0 91499
91549 88129 0:0 91565
91567 88159 21:0 91701
91574 88160 0:0 91575
91574 88161 0:0 91575
91639 88162 0:0 91641
91645 88192 0:0 91646
91650 88194 0:0 91651
91650 88193 0:0 91651
91701 88195 0:0 91717
91719 88225 21:0 91853
91726 88226 0:0 91727
91726 88227 0:0 91727
91791 88228 0:0 91793
91797 88258 0:0 91798
91802 88259 0:0 91803
91802 88260 0:0 91803
91853 88261 0:0 91869
91871 88291 21:0 91961
91969 86786 1:0 92352
91970 86818 1:0 92225
91979 86816 1:0 92237
91979 86784 1:0 92359
91987 86719 1:0 92622
91998 355 21:0 92092
92006 86720 1:0 92508
92100 86717 1:0 92632
92101 86687 1:0 92745
92101 86654 1:0 92876
92110 86686 1:0 92749
92110 86685 1:0 92750
92118 86684 1:0 92761
92137 86652 1:0 92883
92231 86651 1:0 92894
92232 86621 1:0 93007
92241 86619 1:0 93014
92241 86620 1:0 93015
92247 86618 1:0 93025
92251 86585 1:0 93156
92268 86588 1:0 93032
92362 86587 1:0 93142
92363 86586 1:0 93143
92372 86553 1:0 93276
92372 86554 1:0 93277
92378 86552 1:0 93287
92382 86519 1:0 93418
92411 86522 1:0 93294
92493 86521 1:0 93404
92494 86520 1:0 93405
92503 86487 1:0 93538
92503 86488 1:0 93539
92509 86486 1:0 93549
92514 86453 1:0 93680
92542 86456 1:0 93556
92624 86454 1:0 93667
92625 86455 1:0 93666
92634 86423 1:0 93793
92634 86421 1:0 93800
92640 86422 1:0 93801
92645 86420 1:0 93811
92673 86387 1:0 93942
92755 86390 1:0 93818
92756 86389 1:0 93928
92756 356 1:0 95272
92765 86388 1:0 93929
94122 89271 21:0 94256
94129 89272 0:0 94130
94129 89273 0:0 94130
94194 89274 0:0 94196
94200 89304 0:0 94201
94205 89305 0:0 94206
94205 89306 0:0 94206
94256 89307 0:0 94272
94274 89337 21:0 94408
94281 89338 0:0 94282
94281 89339 0:0 94282
94346 89340 0:0 94348
94352 89370 0:0 94353
94357 89371 0:0 94358
94357 89372 0:0 94358
94408 89373 0:0 94424
94426 89403 21:0 94560
94433 89404 0:0 94434
94433 89405 0:0 94434
94498 89406 0:0 94500
94504 89436 0:0 94505
94509 89438 0:0 94510
94509 89437 0:0 94510
94578 89469 21:0 94712
94585 89470 0:0 94586
94585 89471 0:0 94586
94650 89472 0:0 94652
94656 89502 0:0 94657
94661 89503 0:0 94662
94661 89504 0:0 94662
94712 89505 0:0 94728
94730 89535 0:0 94733
94735 89536 0:0 94738
94735 89537 0:0 94738
94738 89538 21:0 94885
94884 89601 0:0 94885
94887 89602 21:0 95032
94889 89603 0:0 94890
94954 89604 0:0 94956
94960 89634 0:0 94961
95030 89637 0:0 95032
95034 89667 21:0 95168
95106 89670 0:0 95108
95117 89702 0:0 95118
95284 88291 1:0 95423
95285 88261 1:0 95536
95294 88259 1:0 95543
95294 88260 1:0 95544
95302 88258 1:0 95554
95313 356 21:0 95407
95321 88225 1:0 95685
95415 88228 1:0 95561
95416 88227 1:0 95671
95416 88226 1:0 95672
95425 88195 1:0 95798
95425 88194 1:0 95806
95433 88193 1:0 95805
95452 88192 1:0 95816
95546 88159 1:0 95947
95547 88162 1:0 95823
95556 88161 1:0 95933
95556 88160 1:0 95934
95562 88129 1:0 96060
95566 88127 1:0 96067
95583 88128 1:0 96068
95677 88126 1:0 96078
95678 88093 1:0 96209
95687 88096 1:0 96085
95687 88094 1:0 96196
95693 88095 1:0 96195
95697 88063 1:0 96322
95726 88061 1:0 96329
95808 88062 1:0 96330
95809 88060 1:0 96340
95818 88030 1:0 96347
95818 88027 1:0 96471
95824 88028 1:0 96458
95829 88029 1:0 96457
95857 87997 1:0 96584
95939 87995 1:0 96591
95940 87996 1:0 96592
95949 87994 1:0 96602
95949 87961 1:0 96733
95955 87964 1:0 96609
95960 87963 1:0 96719
95988 87962 1:0 96720
96070 87931 1:0 96846
96071 87930 1:0 96854
96080 87929 1:0 96853
96080 87928 1:0 96864
96086 87895 1:0 96995
96106 87898 1:0 96871
96119 87897 1:0 96981
96201 87896 1:0 96982
96202 87865 1:0 97108
96211 87863 1:0 97115
96211 87864 1:0 97116
96219 87862 1:0 97126
96237 87829 1:0 97257
96332 87832 1:0 97133
96333 87831 1:0 97243
96333 87830 1:0 97244
96342 357 1:0 98587
96342 89702 1:0 98859
96348 89667 1:0 99000
96352 89670 1:0 98876
97437 90713 21:0 97571
97444 90714 0:0 97445
97444 90715 0:0 97445
97509 90716 0:0 97511
97515 90746 0:0 97516
97520 90748 0:0 97521
97520 90747 0:0 97521
97571 90749 0:0 97587
97589 90779 21:0 97723
97596 90780 0:0 97597
97596 90781 0:0 97597
97661 90782 0:0 97663
97667 90812 0:0 97668
97672 90814 0:0 97673
97672 90813 0:0 97673
97723 90815 0:0 97739
97741 90845 21:0 97875
97748 90847 0:0 97749
97748 90846 0:0 97749
97813 90848 0:0 97815
97819 90878 0:0 97820
97824 90879 0:0 97825
97824 90880 0:0 97825
97875 90881 0:0 97891
97893 90911 21:0 98027
97900 90912 0:0 97901
97900 90913 0:0 97901
97965 90914 0:0 97967
97971 90944 0:0 97972
97976 90946 0:0 97977
97976 90945 0:0 97977
98027 90947 0:0 98043
98045 90977 21:0 98179
98052 90979 0:0 98053
98052 90978 0:0 98053
98117 90980 0:0 98119
98123 91010 0:0 98124
98128 91012 0:0 98129
98128 91011 0:0 98129
98179 91013 0:0 98195
98197 91043 21:0 98331
98204 91045 0:0 98205
98204 91044 0:0 98205
98269 91046 0:0 98271
98275 91076 0:0 98276
98280 91078 0:0 98281
98280 91077 0:0 98281
98331 91079 0:0 98347
98349 91109 21:0 98483
98356 91111 0:0 98357
98356 91110 0:0 98357
98421 91112 0:0 98423
98427 91142 0:0 98428
98432 91144 0:0 98433
98432 91143 0:0 98433
98483 91145 0:0 98499
98501 91175 21:0 98591
98508 91177 0:0 98509
98508 91176 0:0 98509
98573 91178 0:0 98575
98599 89637 1:0 99113
98600 89602 1:0 99251
98609 89634 1:0 99129
98609 89604 1:0 99138
98617 89603 1:0 99252
98628 357 21:0 98722
98636 89601 1:0 99262
98730 89538 1:0 99506
98731 89536 1:0 99513
98731 89537 1:0 99514
98740 89535 1:0 99524
98740 89505 1:0 99637
98748 89504 1:0 99645
98767 89503 1:0 99644
98861 89502 1:0 99655
98862 89469 1:0 99786
98871 89472 1:0 99662
98871 89471 1:0 99772
98877 89470 1:0 99773
98881 89438 1:0 99907
98898 89437 1:0 99906
98992 89436 1:0 99917
98993 89403 1:0 100048
99002 89406 1:0 99924
99002 89405 1:0 100034
99008 89404 1:0 100035
99012 89373 1:0 100161
99041 89372 1:0 100169
99123 89371 1:0 100168
99124 89370 1:0 100179
99133 89340 1:0 100186
99133 89337 1:0 100310
99139 89339 1:0 100296
99144 89338 1:0 100297
99172 89307 1:0 100423
99254 89306 1:0 100431
99255 89305 1:0 100430
99264 89304 1:0 100441
99264 89271 1:0 100572
99270 89274 1:0 100448
99275 89272 1:0 100559
99303 89273 1:0 100558
99385 358 1:0 101902
100752 92155 0:0 100755
100757 92157 0:0 100760
100757 92156 0:0 100760
100760 92158 0:0 100778
100828 92188 21:0 100962
100835 92189 0:0 100836
100835 92190 0:0 100836
100900 92191 0:0 100902
100906 92221 0:0 100907
100911 92222 0:0 100912
100911 92223 0:0 100912
100962 92224 0:0 100978
100980 92254 0:0 100983
100985 92255 21:0 101130
100987 92256 0:0 100988
101052 92257 0:0 101054
101058 92287 0:0 101059
101063 92289 0:0 101064
101063 92288 0:0 101064
101128 92290 0:0 101130
101132 92320 21:0 101266
101139 92322 0:0 101140
101204 92323 0:0 101206
101210 92353 0:0 101211
101215 92355 0:0 101216
101215 92354 0:0 101216
101266 92356 0:0 101282
101284 92386 0:0 101287
101289 92387 0:0 101292
101289 92388 0:0 101292
101292 92389 0:0 101310
101365 92421 0:0 101368
101368 92422 21:0 101515
101438 92452 0:0 101439
101443 92454 0:0 101444
101443 92453 0:0 101444
101508 92455 0:0 101510
101517 92486 0:0 101520
101520 92488 21:0 101667
101590 92518 0:0 101591
101740 92584 21:0 101874
101914 91175 1:0 102053
101915 91178 1:0 101929
101924 91177 1:0 102039
101924 91176 1:0 102040
101932 91145 1:0 102166
101943 358 21:0 102037
101951 91143 1:0 102173
102045 91144 1:0 102174
102046 91142 1:0 102184
102046 91109 1:0 102315
102055 91112 1:0 102191
102055 91110 1:0 102302
102063 91111 1:0 102301
102082 91079 1:0 102428
102176 91078 1:0 102436
102177 91077 1:0 102435
102186 91076 1:0 102446
102186 91043 1:0 102577
102192 91046 1:0 102453
102196 91045 1:0 102563
102213 91044 1:0 102564
102307 92584 1:0 102710
102308 91013 1:0 102690
102317 91011 1:0 102697
102317 91012 1:0 102698
102323 91010 1:0 102708
102327 90977 1:0 102839
102356 90980 1:0 102715
102438 90978 1:0 102826
102439 90979 1:0 102825
102448 90947 1:0 102952
102448 92488 1:0 102972
102454 90946 1:0 102960
102459 90945 1:0 102959
102487 90944 1:0 102970
102569 90911 1:0 103101
102570 90914 1:0 102977
102579 90913 1:0 103087
102579 90912 1:0 103088
102585 92422 1:0 103234
102590 90881 1:0 103214
102618 90879 1:0 103221
102700 90880 1:0 103222
102701 90878 1:0 103232
102710 90848 1:0 103239
102710 90845 1:0 103363
102716 90847 1:0 103349
102736 90846 1:0 103350
102749 92320 1:0 103496
102831 90815 1:0 103476
102832 90813 1:0 103483
102841 90814 1:0 103484
102841 90812 1:0 103494
102849 90779 1:0 103625
102867 90782 1:0 103501
102962 90781 1:0 103611
102963 90780 1:0 103612
102963 92255 1:0 103758
102972 90749 1:0 103738
102972 90748 1:0 103746
102980 90747 1:0 103745
102999 90746 1:0 103756
103011 359 1:0 104000
103011 45954 1:0 104133
103093 90713 1:0 103887
103094 90716 1:0 103763
103103 90715 1:0 103873
103103 90714 1:0 103874
103109 92188 1:0 104040
103111 45962 1:0 104109
103114 45963 1:0 104109
103129 45955 1:0 104109
103142 45964 1:0 104183
103142 45965 1:0 104184
103224 45960 1:0 104163
103224 45961 1:0 104164
103224 45966 1:0 104193
103225 45967 1:0 104194
103225 46114 1:0 104330
103225 46107 1:0 104384
103234 46108 1:0 104329
103234 46102 1:0 104329
103234 46111 1:0 104330
103234 46110 1:0 104330
103234 46101 1:0 104330
103234 46113 1:0 104330
103240 46112 1:0 104330
103240 46109 1:0 104330
103242 46255 1:0 104606
103245 46261 1:0 104551
103260 46257 1:0 104551
103273 46260 1:0 104551
103355 46249 1:0 104550
103355 46258 1:0 104551
103355 46254 1:0 104551
103355 46248 1:0 104551
103356 46256 1:0 104551
103356 46259 1:0 104551
103356 46404 1:0 104772
103356 46395 1:0 104796
103365 46403 1:0 104772
103365 46396 1:0 104772
103365 46401 1:0 104826
103365 46402 1:0 104827
103365 46405 1:0 104846
103365 46406 1:0 104847
103371 46407 1:0 104856
103373 46408 1:0 104857
103375 46549 1:0 105048
103392 92518 1:0 104904
103404 46552 1:0 104993
103486 46543 1:0 104992
103486 46542 1:0 104993
103486 46548 1:0 104993
103486 46553 1:0 104993
103486 46689 1:0 105238
103487 46554 1:0 104993
103487 46550 1:0 104993
103496 46551 1:0 104993
103496 46555 1:0 104993
103496 46547 1:0 104993
103496 92486 1:0 105114
103502 46697 1:0 105214
103504 46698 1:0 105214
103504 46690 1:0 105214
103506 46843 1:0 105490
103523 92455 1:0 105327
103535 46699 1:0 105288
103617 46693 1:0 105258
103617 46695 1:0 105268
103617 46696 1:0 105269
103617 46700 1:0 105289
103618 46701 1:0 105298
103618 46702 1:0 105299
103627 92453 1:0 105335
103627 92454 1:0 105336
103633 92452 1:0 105346
103637 46837 1:0 105434
103637 46844 1:0 105435
103653 46849 1:0 105435
103654 46842 1:0 105434
103654 46989 1:0 105710
103666 46845 1:0 105435
103748 46847 1:0 105435
103748 46848 1:0 105435
103749 46846 1:0 105435
103749 46836 1:0 105435
103749 46994 1:0 105656
103758 92421 1:0 105557
103758 92389 1:0 105636
103764 46996 1:0 105656
103766 46995 1:0 105656
103769 46991 1:0 105656
103784 46992 1:0 105656
103785 46984 1:0 105655
103785 46986 1:0 105656
103785 46983 1:0 105656
103797 46990 1:0 105655
103797 47131 1:0 105902
103879 46993 1:0 105656
103880 92387 1:0 105777
103880 92388 1:0 105778
103889 92386 1:0 105788
103889 47139 1:0 105877
103889 47130 1:0 105877
103895 47138 1:0 105877
103899 92356 1:0 105990
103915 47140 1:0 105951
103928 47136 1:0 105931
103928 47137 1:0 105932
103928 47141 1:0 105952
103969 47142 1:0 105961
104012 47143 1:0 105962
104012 47277 1:0 106122
104013 92354 1:0 105998
104013 47285 1:0 106098
104022 92355 1:0 105999
104022 92353 1:0 106009
104028 47286 1:0 106098
104028 47278 1:0 106098
104032 47287 1:0 106172
104041 359 0:0 104052
104049 92323 1:0 106211
104061 47288 1:0 106173
104102 47283 1:0 106152
104102 47284 1:0 106153
104102 47425 1:0 106344
104115 47289 1:0 106182
104131 47290 1:0 106183
104143 45954 21:0 104225
104181 92322 1:0 106220
104191 47432 1:0 106319
104201 47433 1:0 106319
104223 45960 0:0 104225
104223 45964 0:0 104225
104224 45962 0:0 104225
104224 45955 0:0 104225
104224 45961 0:0 104225
104224 45967 0:0 104225
104224 45965 0:0 104225
104224 45963 0:0 104225
104224 45966 0:0 104225
104226 47424 1:0 106319
104226 47434 1:0 106393
104226 92290 1:0 106432
104226 47571 1:0 106564
104233 47430 1:0 106373
104233 47431 1:0 106374
104233 47435 1:0 106394
104233 47436 1:0 106403
104234 47437 1:0 106404
104243 92288 1:0 106440
104243 92289 1:0 106441
104249 92287 1:0 106451
104251 47579 1:0 106540
104251 47572 1:0 106540
104254 47580 1:0 106540
104282 92257 1:0 106653
104323 47581 1:0 106614
104336 47582 1:0 106615
104351 47577 1:0 106594
104351 47578 1:0 106595
104352 47583 1:0 106624
104361 46102 0:0 104386
104364 46101 0:0 104390
104364 47584 1:0 106625
104394 46107 21:0 104446
104412 92256 1:0 106662
104422 47718 1:0 106785
104444 46113 0:0 104446
104445 46111 0:0 104446
104445 46110 0:0 104446
104445 46108 0:0 104446
104445 46109 0:0 104446
104445 46112 0:0 104446
104445 46114 0:0 104446
104447 92254 1:0 106672
104447 47727 1:0 106761
104447 47726 1:0 106761
104447 47719 1:0 106761
104454 92224 1:0 106874
104455 47721 1:0 106796
104455 47724 1:0 106815
104455 47725 1:0 106816
104455 47728 1:0 106835
104455 47729 1:0 106836
104464 47730 1:0 106845
104464 47731 1:0 106846
104464 92222 1:0 106882
104472 92223 1:0 106883
104491 92221 1:0 106893
104544 92191 1:0 106962
104552 47872 1:0 107037
104557 47871 1:0 106981
104572 47877 1:0 106982
104573 47873 1:0 106982
104582 46249 0:0 104607
104585 46248 0:0 104611
104593 47874 1:0 106982
104612 46255 21:0 104667
104623 47875 1:0 106982
104633 47876 1:0 106982
104643 47878 1:0 106982
104665 46254 0:0 104667
104665 46260 0:0 104667
104666 46261 0:0 104667
104666 46256 0:0 104667
104666 46258 0:0 104667
104666 46257 0:0 104667
104666 46259 0:0 104667
104668 47866 1:0 106981
104668 47865 1:0 106982
104668 92190 1:0 107104
104668 48013 1:0 107228
104668 48159 1:0 107424
104675 92189 1:0 107103
104676 48020 1:0 107203
104676 48012 1:0 107203
104676 48021 1:0 107203
104685 48018 1:0 107257
104685 48019 1:0 107258
104685 48022 1:0 107277
104685 48023 1:0 107278
104685 92158 1:0 107316
104691 48024 1:0 107287
104693 48025 1:0 107288
104712 92157 1:0 107325
104765 92156 1:0 107324
104794 92155 1:0 107335
104794 48166 1:0 107424
104794 48165 1:0 107478
104795 48160 1:0 107423
104795 48259 1:0 107548
104806 46395 21:0 104888
104844 48167 1:0 107424
104854 48171 1:0 107424
104864 48170 1:0 107424
104886 46396 0:0 104888
104886 46405 0:0 104888
104886 46403 0:0 104888
104886 46401 0:0 104888
104887 46404 0:0 104888
104887 46408 0:0 104888
104887 46407 0:0 104888
104887 46406 0:0 104888
104887 46402 0:0 104888
104889 48172 1:0 107424
104889 48168 1:0 107424
104889 48169 1:0 107424
104889 48260 1:0 107549
105024 46543 0:0 105049
105027 46542 0:0 105053
105054 46549 21:0 105109
105107 46548 0:0 105109
105107 46550 0:0 105109
105108 46551 0:0 105109
105108 46553 0:0 105109
105108 46554 0:0 105109
105108 46552 0:0 105109
105108 46555 0:0 105109
105108 46547 0:0 105109
105248 46689 21:0 105330
105328 46695 0:0 105330
105328 46699 0:0 105330
105329 46698 0:0 105330
105329 46696 0:0 105330
105329 46702 0:0 105330
105329 46700 0:0 105330
105329 46701 0:0 105330
105329 46690 0:0 105330
105329 46697 0:0 105330
105329 46693 0:0 105330
105466 46837 0:0 105491
105469 46836 0:0 105495
105496 46843 21:0 105551
105549 46844 0:0 105551
105549 46848 0:0 105551
105549 46842 0:0 105551
105550 46849 0:0 105551
105550 46845 0:0 105551
105550 46846 0:0 105551
105550 46847 0:0 105551
105687 46984 0:0 105712
105690 46983 0:0 105716
105720 46989 21:0 105772
105770 46991 0:0 105772
105771 46994 0:0 105772
105771 46993 0:0 105772
105771 46996 0:0 105772
105771 46995 0:0 105772
105771 46986 0:0 105772
105771 46990 0:0 105772
105771 46992 0:0 105772
105908 47131 21:0 105993
105991 47136 0:0 105993
105991 47139 0:0 105993
105991 47142 0:0 105993
105991 47130 0:0 105993
105992 47143 0:0 105993
105992 47138 0:0 105993
105992 47137 0:0 105993
105992 47140 0:0 105993
105992 47141 0:0 105993
106132 47277 21:0 106214
106212 47289 0:0 106214
106212 47285 0:0 106214
106212 47283 0:0 106214
106213 47284 0:0 106214
106213 47288 0:0 106214
106213 47290 0:0 106214
106213 47287 0:0 106214
106213 47286 0:0 106214
106213 47278 0:0 106214
106350 47425 21:0 106435
106433 47432 0:0 106435
106433 47424 0:0 106435
106433 47434 0:0 106435
106433 47430 0:0 106435
106434 47435 0:0 106435
106434 47433 0:0 106435
106434 47436 0:0 106435
106434 47431 0:0 106435
106434 47437 0:0 106435
106574 47571 21:0 106656
106654 47583 0:0 106656
106654 47580 0:0 106656
106654 47579 0:0 106656
106654 47577 0:0 106656
106654 47572 0:0 106656
106655 47578 0:0 106656
106655 47582 0:0 106656
106655 47584 0:0 106656
106655 47581 0:0 106656
106795 47718 21:0 106877
106875 47728 0:0 106877
106875 47719 0:0 106877
106875 47724 0:0 106877
106876 47721 0:0 106877
106876 47727 0:0 106877
106876 47726 0:0 106877
106876 47725 0:0 106877
106876 47729 0:0 106877
106876 47731 0:0 106877
106876 47730 0:0 106877
107013 47866 0:0 107038
107016 47865 0:0 107042
107043 47872 21:0 107098
107096 47876 0:0 107098
107096 47871 0:0 107098
107096 47875 0:0 107098
107097 47874 0:0 107098
107097 47878 0:0 107098
107097 47873 0:0 107098
107097 47877 0:0 107098
107234 48013 21:0 107319
107317 48024 0:0 107319
107317 48012 0:0 107319
107317 48022 0:0 107319
107317 48018 0:0 107319
107318 48019 0:0 107319
107318 48025 0:0 107319
107318 48021 0:0 107319
107318 48020 0:0 107319
107318 48023 0:0 107319
107455 48160 0:0 107480
107458 48159 0:0 107484
107488 48165 21:0 176
