59 7692 21:0 102
101 7688 21:0 104
103 7689 21:0 109
108 7779 21:0 109
108 7687 21:0 114
113 7839 21:0 169
113 7690 21:0 114
168 7780 21:0 178
177 7686 21:0 180
182 7871 21:0 190
189 7841 21:0 240
239 7873 21:0 256
255 7838 21:0 266
265 7904 21:0 284
283 7840 21:0 332
334 7937 21:0 342
342 7940 21:0 408
410 7970 21:0 418
417 7972 21:0 468
467 7971 21:0 484
491 8005 21:0 508
507 8006 21:0 560
559 8003 21:0 565
567 8038 21:0 584
583 7939 21:0 636
635 7906 21:0 641
643 8070 21:0 660
659 7905 21:0 712
711 8071 21:0 717
722 8105 21:0 788
787 8104 21:0 793
795 8136 21:0 812
811 8138 21:0 864
866 8168 21:0 874
874 8171 21:0 940
942 8201 21:0 950
950 8204 21:0 1016
1015 8203 21:0 1021
1020 8234 21:0 1026
1026 8237 21:0 1092
1091 8036 21:0 1097
1099 8268 21:0 1116
1170 8300 21:0 1178
1178 8303 21:0 1244
1245 8303 1:0 2597
1245 8300 1:0 2613
1323 8367 21:0 1331
1330 8369 21:0 1376
1375 8368 21:0 1397
1396 8370 21:0 1407
1406 8400 21:0 1425
1424 8401 21:0 1473
1472 8402 21:0 1478
1477 8403 21:0 1497
1496 8433 21:0 1549
1548 8434 21:0 1554
1553 8435 21:0 1559
1558 8436 21:0 1625
1624 8466 21:0 1630
1629 8467 21:0 1635
1634 8468 21:0 1690
1689 8469 21:0 1706
1705 8499 21:0 1711
1710 8500 21:0 1766
1765 8501 21:0 1777
1776 8502 21:0 1787
1786 8532 21:0 1832
1831 8534 21:0 1853
1852 8533 21:0 1863
1862 8535 21:0 1878
1877 8565 21:0 1929
1928 8566 21:0 1934
1933 8568 21:0 1953
1952 8567 21:0 2005
2004 8598 21:0 2010
2009 8600 21:0 2015
2014 8599 21:0 2081
2080 8601 21:0 2086
2085 8631 21:0 2091
2090 8632 21:0 2146
2145 8633 21:0 2162
2161 8634 21:0 2167
2166 8664 21:0 2222
2221 8666 21:0 2235
2234 8665 21:0 2243
2242 8667 21:0 2293
2292 8697 21:0 2309
2308 8698 21:0 2319
2318 8699 21:0 2337
2336 8700 21:0 2385
2384 8730 21:0 2390
2389 8731 21:0 2409
2408 8733 21:0 2461
2460 8732 21:0 2466
2465 8763 21:0 2471
2470 8765 21:0 2480
2479 8764 21:0 2487
2484 8268 1:0 2725
2485 8237 1:0 2841
2486 8766 21:0 2490
2488 8234 1:0 2857
2489 8796 21:0 2498
2491 8204 1:0 2963
2493 8203 1:0 2970
2493 8201 1:0 2979
2497 8797 21:0 2524
2499 8171 1:0 3085
2517 8168 1:0 3101
2523 8798 21:0 2599
2525 8138 1:0 3207
2569 8136 1:0 3213
2595 8105 1:0 3329
2598 300 21:0 2599
2598 8799 21:0 2602
2601 8829 21:0 2612
2606 8104 1:0 3336
2607 8071 1:0 3451
2611 8830 21:0 2617
2613 8070 1:0 3457
2615 8038 1:0 3580
2615 8036 1:0 3589
2616 8832 21:0 2620
2618 8006 1:0 3695
2619 8831 21:0 2685
2621 8005 1:0 3702
2625 8003 1:0 3711
2651 7971 1:0 3817
2684 8862 21:0 2721
2686 7972 1:0 3824
2716 7970 1:0 3833
2720 8863 21:0 2724
2723 8925 21:0 2731
2728 7940 1:0 3939
2729 7939 1:0 3946
2730 8398 21:0 2731
2732 7937 1:0 3955
2737 7905 1:0 4061
2743 7906 1:0 4068
2761 7904 1:0 4077
2850 7873 1:0 4190
2851 7871 1:0 4199
2859 7840 1:0 4230
2865 7841 1:0 4305
2883 7839 1:0 4311
2972 7838 1:0 4321
2973 301 1:0 5643
3957 9556 21:0 3959
4436 9787 21:0 4443
4447 9788 21:0 4480
4488 9807 21:0 4491
4490 9781 21:0 4491
4493 9809 21:0 4501
4500 9811 21:0 4551
4550 9810 21:0 4567
4566 9812 21:0 4577
4576 9842 21:0 4595
4594 9844 21:0 4643
4642 9843 21:0 4648
4647 9845 21:0 4667
4666 9875 21:0 4719
4718 9877 21:0 4724
4723 9876 21:0 4729
4728 9878 21:0 4795
4794 9908 21:0 4800
4799 9910 21:0 4805
4804 9909 21:0 4860
4859 9911 21:0 4876
4875 9941 21:0 4881
4880 9943 21:0 4936
4935 9944 21:0 4952
4951 9942 21:0 4957
4956 9974 21:0 5007
5006 9976 21:0 5023
5022 9975 21:0 5033
5032 9977 21:0 5055
5054 10007 21:0 5099
5098 10008 21:0 5104
5103 10010 21:0 5123
5122 10009 21:0 5175
5174 10040 21:0 5180
5179 10042 21:0 5191
5190 10041 21:0 5251
5250 10043 21:0 5256
5255 10073 21:0 5261
5260 10074 21:0 5327
5326 10075 21:0 5332
5331 10076 21:0 5337
5336 10106 21:0 5392
5391 10107 21:0 5408
5407 10108 21:0 5413
5412 10109 21:0 5463
5462 10139 21:0 5479
5478 10142 21:0 5489
5488 10141 21:0 5525
5524 10140 21:0 5555
5554 10172 21:0 5565
5564 10173 21:0 5579
5578 10175 21:0 5631
5630 10174 21:0 5636
5635 10205 21:0 5647
5644 8863 1:0 5652
5646 10206 21:0 5650
5649 10208 21:0 5658
5655 8862 1:0 5663
5655 8925 1:0 5668
5656 8831 1:0 5696
5657 10207 21:0 5663
5659 8832 1:0 5776
5662 10238 21:0 5670
5662 8830 1:0 5783
5665 8829 1:0 5794
5665 8799 1:0 5827
5669 10240 21:0 5698
5671 8798 1:0 5907
5673 8797 1:0 5914
5692 8796 1:0 5925
5697 10241 21:0 5778
5699 8766 1:0 5958
5745 8764 1:0 6038
5774 8765 1:0 6046
5777 10239 21:0 5781
5780 301 21:0 5781
5780 10271 21:0 5792
5786 8763 1:0 6056
5787 8732 1:0 6089
5787 8733 1:0 6169
5791 10273 21:0 5798
5793 8731 1:0 6176
5796 8730 1:0 6187
5796 8700 1:0 6220
5797 10272 21:0 5801
5799 8699 1:0 6300
5800 10274 21:0 5880
5802 8698 1:0 6307
5804 8697 1:0 6318
5823 8667 1:0 6351
5876 8665 1:0 6431
5879 10304 21:0 5909
5881 8666 1:0 6439
5905 8664 1:0 6449
5908 10184 21:0 5912
5911 10305 21:0 5920
5917 8634 1:0 6482
5918 8633 1:0 6562
5921 8632 1:0 6569
5927 8631 1:0 6580
5927 8601 1:0 6613
5935 8599 1:0 6693
5953 8600 1:0 6701
6048 8598 1:0 6711
6049 8567 1:0 6744
6049 8568 1:0 6824
6058 8566 1:0 6831
6058 8565 1:0 6842
6066 8535 1:0 6875
6085 8533 1:0 6955
6179 8534 1:0 6963
6180 8532 1:0 6973
6189 8502 1:0 7006
6189 8501 1:0 7086
6195 8500 1:0 7093
6198 9103 21:0 6222
6199 8499 1:0 7104
6216 8469 1:0 7137
6228 8468 1:0 7217
6310 8467 1:0 7224
6311 8466 1:0 7235
6320 9556 1:0 7234
6320 8436 1:0 7268
6326 8435 1:0 7348
6330 8434 1:0 7355
6359 8433 1:0 7366
6441 8403 1:0 7399
6442 8402 1:0 7479
6451 8401 1:0 7486
6451 8400 1:0 7497
6451 8398 1:0 7502
6457 8370 1:0 7530
6477 8368 1:0 7610
6531 8369 1:0 7618
6572 8367 1:0 7628
6573 302 1:0 8958
6582 10305 1:0 8967
6701 9324 21:0 6706
6963 9438 21:0 6968
7498 9670 21:0 7501
7508 9673 21:0 7532
7639 9730 21:0 7663
7808 11251 21:0 7816
7815 11253 21:0 7866
7865 11252 21:0 7882
7881 15 21:0 7887
7889 11286 21:0 7906
7905 11284 21:0 7958
7957 11285 21:0 7963
7965 11319 21:0 7982
7981 11318 21:0 8034
8033 11287 21:0 8039
8041 11351 21:0 8058
8057 11350 21:0 8110
8112 11383 21:0 8120
8119 35 21:0 8120
8120 11386 21:0 8186
8185 11385 21:0 8191
8190 11384 21:0 8196
8195 11418 21:0 8262
8261 11416 21:0 8267
8266 51 21:0 8267
8269 11450 21:0 8286
8285 11353 21:0 8338
8337 11320 21:0 8343
8342 11452 21:0 8362
8361 11451 21:0 8414
8413 11449 21:0 8419
8418 11419 21:0 8424
8423 11485 21:0 8490
8489 11482 21:0 8495
8494 11484 21:0 8500
8499 11548 21:0 8555
8554 11417 21:0 8571
8570 11551 21:0 8576
8575 11517 21:0 8631
8630 11317 21:0 8644
8643 11550 21:0 8652
8651 11584 21:0 8702
8701 11581 21:0 8718
8717 11583 21:0 8728
8727 11647 21:0 8746
8745 11483 21:0 8794
8793 11614 21:0 8799
8798 11515 21:0 8818
8817 11649 21:0 8870
8869 11615 21:0 8875
8874 11650 21:0 8880
8879 11713 21:0 8946
8945 11648 21:0 8951
8950 11616 21:0 8956
8970 10304 1:0 8978
8971 11616 1:0 8983
8980 300 1:0 2473
8980 10274 1:0 9011
8986 10272 1:0 9091
8990 10273 1:0 9099
8999 302 21:0 9013
9014 10271 1:0 9109
9101 11648 1:0 9114
9102 10239 1:0 9142
9111 10241 1:0 9222
9111 10240 1:0 9230
9117 10238 1:0 9240
9121 11713 1:0 9245
9150 10207 1:0 9273
9232 10208 1:0 9353
9233 10206 1:0 9360
9233 10184 1:0 9364
9242 10205 1:0 9371
9242 11650 1:0 9376
9248 10174 1:0 9404
9268 10175 1:0 9484
9322 10173 1:0 9491
9363 9103 1:0 9495
9364 10172 1:0 9502
9373 11615 1:0 9507
9373 10140 1:0 9535
9379 10142 1:0 9615
9384 10141 1:0 9623
9399 9730 1:0 9626
9494 10139 1:0 9633
9495 11649 1:0 9638
9495 10109 1:0 9666
9504 10108 1:0 9746
9504 10107 1:0 9753
9510 9673 1:0 9757
9515 10106 1:0 9764
9543 11515 1:0 9769
9625 10076 1:0 9797
9626 10075 1:0 9877
9635 10074 1:0 9884
9635 9324 1:0 9888
9641 10073 1:0 9895
9645 11614 1:0 9900
9662 10043 1:0 9928
9756 10041 1:0 10008
9757 10042 1:0 10016
9757 9670 1:0 10019
9766 10040 1:0 10026
9766 11483 1:0 10031
9772 10009 1:0 10059
9792 10010 1:0 10139
9887 10008 1:0 10146
9887 9438 1:0 10150
9888 10007 1:0 10157
9897 11647 1:0 10162
9897 9977 1:0 10190
9903 9975 1:0 10270
9908 9976 1:0 10278
9924 51 1:0 10281
10018 9974 1:0 10288
10019 11583 1:0 10293
10019 9942 1:0 10321
10028 9944 1:0 10401
10028 9943 1:0 10409
10034 9787 1:0 10412
10039 9941 1:0 10419
10067 11581 1:0 10424
10149 9911 1:0 10452
10150 9909 1:0 10532
10159 9910 1:0 10540
10159 9788 1:0 10543
10159 9908 1:0 10550
10165 11584 1:0 10555
10185 9878 1:0 10583
10280 9876 1:0 10663
10281 9877 1:0 10671
10281 15 1:0 10674
10290 9875 1:0 10681
10290 11550 1:0 10686
10296 9845 1:0 10714
10301 9843 1:0 10794
10329 9844 1:0 10802
10411 35 1:0 10805
10412 9842 1:0 10812
10412 11317 1:0 10817
10421 9812 1:0 10845
10421 9810 1:0 10925
10429 9811 1:0 10933
10432 9781 1:0 10936
10460 9809 1:0 10943
10460 9807 1:0 10945
10542 11517 1:0 10958
10543 303 1:0 10958
10543 11551 1:0 11030
10552 11417 1:0 11061
10552 11548 1:0 11072
10558 5485 1:0 11078
10558 5480 1:0 11081
10558 5476 1:0 11081
10558 5479 1:0 11081
10562 5484 1:0 11081
10563 5475 1:0 11091
10563 5478 1:0 11091
10579 5483 1:0 11091
10579 5481 1:0 11091
10591 5482 1:0 11117
10673 5486 1:0 11163
10673 5487 1:0 11250
10674 11484 1:0 11293
10683 5630 1:0 11299
10683 5622 1:0 11302
10683 5629 1:0 11302
10683 5623 1:0 11311
10683 5621 1:0 11311
10683 5632 1:0 11311
10683 5627 1:0 11311
10689 5631 1:0 11337
10689 5634 1:0 11384
10693 5633 1:0 11470
10694 5775 1:0 11514
10694 5774 1:0 11520
10722 11482 1:0 11514
10804 5781 1:0 11520
10804 5768 1:0 11520
10804 5779 1:0 11523
10805 5769 1:0 11523
10805 5778 1:0 11551
10805 5776 1:0 11551
10814 5780 1:0 11602
10814 5777 1:0 11672
10814 11485 1:0 11724
10822 11419 1:0 11735
10825 5923 1:0 11741
10825 5921 1:0 11741
10840 5915 1:0 11741
10853 5927 1:0 11744
10853 5916 1:0 11744
10935 5928 1:0 11772
10935 5926 1:0 11772
10935 5917 1:0 11772
10936 5925 1:0 11823
10936 5918 1:0 11860
10936 5924 1:0 11893
10936 6070 1:0 11962
10945 11449 1:0 11945
10945 11451 1:0 11956
10951 6073 1:0 11965
10951 6068 1:0 11965
10955 6072 1:0 11993
10971 6075 1:0 11993
10984 6074 1:0 12044
10984 6071 1:0 12114
11025 6064 1:0 12080
11025 6216 1:0 12183
11025 6362 1:0 12404
11068 11452 1:0 12166
11069 11320 1:0 12177
11078 6221 1:0 12183
11078 6215 1:0 12186
11078 6219 1:0 12186
11078 6217 1:0 12214
11078 6222 1:0 12214
11084 6218 1:0 12265
11086 6220 1:0 12345
11097 303 21:0 11111
11105 11353 1:0 12387
11158 11450 1:0 12398
11171 6365 1:0 12404
11186 6363 1:0 12407
11187 6368 1:0 12407
11226 5481 21:0 11251
11237 6369 1:0 12435
11247 6364 1:0 12435
11249 6366 1:0 12486
11256 5487 21:0 11281
11257 6367 1:0 12566
11280 5486 21:0 11284
11283 5482 21:0 11284
11283 5483 21:0 11292
11289 11287 1:0 12608
11290 11350 1:0 12619
11290 6514 1:0 12625
11291 5484 21:0 11295
11293 6503 1:0 12628
11294 5485 21:0 11295
11294 5475 21:0 11301
11296 6515 1:0 12628
11296 6511 1:0 12656
11299 6512 1:0 12656
11299 6516 1:0 12707
11299 6505 1:0 12744
11299 6513 1:0 12786
11300 5476 21:0 11301
11300 5480 21:0 11301
11300 5478 21:0 11301
11300 5479 21:0 11301
11302 11416 1:0 12829
11307 11285 1:0 12840
11309 6651 1:0 12840
11310 6650 1:0 12846
11325 6660 1:0 12846
11326 6657 1:0 12846
11338 6661 1:0 12849
11338 6656 1:0 12849
11379 6662 1:0 12877
11407 6663 1:0 12877
11408 6658 1:0 12928
11420 5621 21:0 11464
11458 6659 1:0 12998
11463 5623 21:0 11471
11468 11418 1:0 13050
11478 6805 1:0 13067
11480 5633 21:0 11502
11501 5634 21:0 11505
11504 5631 21:0 11505
11504 5632 21:0 11513
11510 11384 1:0 13061
11511 6807 1:0 13070
11511 6803 1:0 13070
11511 6797 1:0 13080
11511 6804 1:0 13080
11511 6808 1:0 13080
11512 5629 21:0 11516
11515 5630 21:0 11516
11515 5627 21:0 11522
11517 6806 1:0 13106
11517 6809 1:0 13152
11520 6810 1:0 13239
11520 11386 1:0 13282
11520 6957 1:0 13288
11521 5622 21:0 11522
11523 6952 1:0 13291
11523 6950 1:0 13291
11526 6956 1:0 13319
11528 6949 1:0 13319
11528 6954 1:0 13319
11531 6955 1:0 13370
11547 6946 1:0 13409
11547 6953 1:0 13440
11600 11385 1:0 13497
11608 7238 1:0 13724
11613 7239 1:0 13730
11629 11383 1:0 13503
11678 5777 21:0 11723
11679 7099 1:0 13509
11689 7098 1:0 13512
11689 7100 1:0 13512
11699 7103 1:0 13540
11722 5780 21:0 11726
11725 5778 21:0 11726
11725 5776 21:0 11734
11731 7102 1:0 13540
11731 7104 1:0 13591
11732 7101 1:0 13670
11732 11351 1:0 13713
11733 5779 21:0 11737
11735 7245 1:0 13730
11736 5781 21:0 11737
11736 5769 21:0 11737
11736 5768 21:0 11743
11738 11318 1:0 13724
11741 7246 1:0 13730
11741 7250 1:0 13733
11741 7244 1:0 13733
11741 7251 1:0 13761
11741 7247 1:0 13761
11742 5774 21:0 11743
11742 5775 21:0 11743
11744 7249 1:0 13812
11747 7248 1:0 13891
11752 11319 1:0 13939
11780 11284 1:0 13945
11821 7395 1:0 13951
11829 7386 1:0 13951
11849 7397 1:0 13954
11849 7385 1:0 13954
11850 7396 1:0 13982
11851 7533 1:0 14166
11869 5918 21:0 11889
11888 5917 21:0 11896
11899 5924 21:0 11944
11900 7394 1:0 13982
11910 7398 1:0 14033
11920 7390 1:0 14083
11920 7393 1:0 14102
11943 5925 21:0 11947
11946 5926 21:0 11947
11946 5928 21:0 11955
11952 11286 1:0 14160
11953 11252 1:0 14166
11953 7539 1:0 14172
11953 7545 1:0 14172
11954 5927 21:0 11958
11956 7532 1:0 14172
11956 7682 1:0 14405
11957 5923 21:0 11958
11957 5916 21:0 11958
11957 5921 21:0 11964
11959 7541 1:0 14175
11959 7538 1:0 14175
11959 7544 1:0 14203
11962 7540 1:0 14203
11962 7543 1:0 14254
11962 7534 1:0 14290
11962 7542 1:0 14333
11963 5915 21:0 11964
11968 11253 1:0 14376
11972 11251 1:0 14387
11988 7690 1:0 14393
11989 7686 1:0 14396
11989 7680 1:0 14405
12001 7687 1:0 14396
12001 7780 1:0 14405
12042 7689 1:0 14405
12070 7688 1:0 14432
12071 7692 1:0 14478
12093 6064 21:0 12112
12120 6071 21:0 12165
12121 7691 1:0 14564
12121 7779 1:0 14604
12164 6074 21:0 12168
12167 6072 21:0 12168
12167 6075 21:0 12176
12175 6073 21:0 12179
12178 6070 21:0 12179
12178 6068 21:0 12179
12351 6220 21:0 12386
12385 6218 21:0 12389
12388 6222 21:0 12389
12388 6217 21:0 12397
12396 6219 21:0 12400
12399 6215 21:0 12400
12399 6221 21:0 12400
12399 6216 21:0 12406
12572 6367 21:0 12607
12606 6366 21:0 12610
12609 6364 21:0 12610
12609 6369 21:0 12618
12617 6368 21:0 12621
12620 6365 21:0 12621
12620 6363 21:0 12621
12620 6362 21:0 12627
12746 6503 21:0 12790
12796 6513 21:0 12828
12827 6516 21:0 12831
12830 6512 21:0 12831
12830 6511 21:0 12839
12838 6515 21:0 12842
12841 6514 21:0 12842
12841 6505 21:0 12842
13004 6659 21:0 13049
13048 6658 21:0 13052
13051 6663 21:0 13052
13051 6662 21:0 13060
13059 6661 21:0 13063
13062 6660 21:0 13063
13062 6656 21:0 13063
13062 6650 21:0 13069
13068 6657 21:0 13069
13068 6651 21:0 13069
13215 6804 21:0 13240
13245 6810 21:0 13270
13269 6809 21:0 13273
13272 6806 21:0 13273
13272 6808 21:0 13281
13280 6807 21:0 13284
13283 6805 21:0 13284
13283 6797 21:0 13290
13289 6803 21:0 13290
13419 6946 21:0 13438
13437 6949 21:0 13445
13446 6953 21:0 13491
13490 6955 21:0 13494
13493 6954 21:0 13494
13493 6956 21:0 13502
13501 6952 21:0 13505
13504 6950 21:0 13505
13504 6957 21:0 13505
13680 7101 21:0 13712
13711 7104 21:0 13715
13714 7102 21:0 13715
13714 7103 21:0 13723
13722 7100 21:0 13726
13725 7099 21:0 13726
13725 7098 21:0 13726
13848 7239 21:0 13894
13901 7248 21:0 13933
13932 7249 21:0 13936
13935 7247 21:0 13936
13935 7251 21:0 13944
13943 7250 21:0 13947
13946 7246 21:0 13947
13946 7244 21:0 13947
13946 7245 21:0 13953
13952 7238 21:0 13953
14089 7390 21:0 14103
14112 7393 21:0 14154
14153 7398 21:0 14157
14156 7394 21:0 14157
14156 7396 21:0 14165
14164 7397 21:0 14168
14167 7395 21:0 14168
14167 7385 21:0 14168
14167 7386 21:0 14174
14303 7534 21:0 14322
14343 7542 21:0 14375
14374 7543 21:0 14378
14377 7540 21:0 14378
14377 7544 21:0 14386
14385 7541 21:0 14389
14388 7545 21:0 14389
14388 7538 21:0 14389
14388 7539 21:0 14395
14394 7533 21:0 14395
14394 7532 21:0 14395
14511 7680 21:0 14557
14556 7682 21:0 14563
14574 7691 21:0 60
