128 49172 0:0 129
128 49070 0:0 130
128 49071 0:0 130
174 49080 0:0 175
174 49077 21:0 219
218 49076 21:0 227
226 49074 21:0 232
231 46877 21:0 303
302 47021 21:0 363
362 47025 21:0 398
397 47020 21:0 465
464 46876 21:0 536
535 46874 21:0 607
606 47022 21:0 672
671 47168 21:0 707
706 47314 21:0 769
768 47315 21:0 840
839 47023 21:0 911
910 47317 21:0 987
986 46878 21:0 1029
1028 47167 21:0 1073
1072 47319 21:0 1144
1143 47316 21:0 1220
1219 47169 21:0 1291
1290 47171 21:0 1351
1350 47024 21:0 1377
1376 49072 21:0 1392
1397 49785 21:0 1428
1427 329 21:0 1438
1437 49073 21:0 1438
1437 49075 21:0 1441
3374 298 21:0 3440
4610 51256 21:0 4643
4651 305 1:0 23530
6733 299 21:0 6799
7969 52727 21:0 8002
8010 306 1:0 26889
10092 300 21:0 10158
11328 54198 21:0 11361
11369 307 1:0 30248
13451 301 21:0 13517
14687 55669 21:0 14720
14728 308 1:0 33607
16810 302 21:0 16876
18046 57140 21:0 18079
18087 309 1:0 36966
20169 303 21:0 20235
21405 58611 21:0 21438
21446 310 1:0 40325
23528 304 21:0 23594
24764 60082 21:0 24797
24805 311 1:0 43684
26887 305 21:0 26953
28123 61553 21:0 28156
28164 312 1:0 47043
30246 306 21:0 30312
33605 307 21:0 33671
34882 313 1:0 50402
36964 308 21:0 37030
40323 309 21:0 40389
41600 314 1:0 53761
43682 310 21:0 43748
44918 68908 21:0 44951
44959 315 1:0 57120
47041 311 21:0 47107
50400 312 21:0 50466
51677 316 1:0 60479
53759 313 21:0 53825
57118 314 21:0 57184
58395 317 1:0 63838
60477 315 21:0 60543
63836 316 21:0 63902
65113 318 1:0 67197
65113 319 1:0 70556
65113 320 1:0 73915
65114 321 1:0 77274
67195 317 21:0 67261
67803 78931 21:0 67950
68472 78931 1:0 69510
70554 318 21:0 70620
70779 80236 21:0 70924
71831 80236 1:0 73532
71832 322 1:0 80633
73913 319 21:0 73979
74437 81837 21:0 74571
74594 81904 21:0 74739
74740 81904 1:0 76104
75190 81837 1:0 76377
77272 320 21:0 77338
77725 83277 21:0 77870
77869 83245 21:0 77970
77971 83245 1:0 79729
78549 83277 1:0 79857
78550 323 1:0 83992
80631 321 21:0 80697
81236 84814 21:0 81381
81616 84978 21:0 81761
81762 84978 1:0 82298
81908 84814 1:0 82954
83990 322 21:0 84056
84514 86250 21:0 84648
85267 86250 1:0 86454
85268 324 1:0 87351
87349 323 21:0 87415
87501 87559 21:0 87648
87647 87523 21:0 87784
88258 87887 21:0 88403
88404 87887 1:0 89147
88404 87559 1:0 90450
88626 87523 1:0 90599
88627 325 1:0 90710
88627 326 1:0 94069
88627 327 1:0 97428
88627 328 1:0 100787
88636 47165 1:0 104512
90708 324 21:0 90774
91313 89227 21:0 91458
91457 89194 21:0 91558
91764 89423 21:0 91898
91897 89392 21:0 91988
91989 89392 1:0 92126
91989 89423 1:0 92255
91989 89227 1:0 93031
91989 89194 1:0 93162
94067 325 21:0 94133
94292 90532 21:0 94437
94520 90631 21:0 94665
94900 90797 21:0 95045
95046 90797 1:0 95997
95344 90631 1:0 96651
95345 90532 1:0 97044
97426 326 21:0 97492
97958 92137 21:0 98105
98178 92233 21:0 98312
98335 92301 21:0 98480
98479 92200 21:0 98580
98481 92301 1:0 99225
98481 92233 1:0 99497
98703 92200 1:0 99628
98704 92137 1:0 99872
100785 327 21:0 100851
100853 93407 21:0 100987
101162 93540 21:0 101307
101542 93705 21:0 101687
101688 93705 1:0 102845
102023 49249 21:0 102028
102062 93540 1:0 103500
102063 93407 1:0 103638
102072 47023 1:0 104588
102072 47315 1:0 104664
102072 47314 1:0 104740
102072 47168 1:0 104816
102078 47022 1:0 104892
102078 46874 1:0 104968
102082 46876 1:0 105044
102098 47020 1:0 105120
102099 47025 1:0 105196
102111 47021 1:0 105272
102193 46877 1:0 105348
102763 50119 21:0 102825
102826 50119 1:0 103647
103080 50247 21:0 103102
103103 50247 1:0 103672
103103 61553 1:0 103729
103103 60082 1:0 103758
103103 57140 1:0 103769
103103 58611 1:0 103778
103103 55669 1:0 103824
103103 329 1:0 103889
103103 47024 1:0 103909
103103 47171 1:0 104020
103103 47169 1:0 104040
103103 47316 1:0 104208
103103 47319 1:0 104284
103103 47167 1:0 104360
103103 46878 1:0 104420
103103 47317 1:0 104460
103156 50290 21:0 103218
103453 50413 21:0 103466
103604 50475 21:0 103626
103942 50632 21:0 104004
104144 328 21:0 104210
104209 3 21:0 104215
104212 94878 21:0 104212
104214 5 21:0 104215
104217 94879 21:0 104217
104296 94914 21:0 104296
104318 43 21:0 104346
104440 94977 21:0 104440
104445 94979 21:0 104445
104516 95010 21:0 104516
104521 95012 21:0 104521
104592 95043 21:0 104592
104618 113 21:0 104650
104649 115 21:0 104655
104673 95077 21:0 104673
104820 95142 21:0 104820
104825 95143 21:0 104825
104901 95176 21:0 104901
104901 95177 21:0 104901
104904 95178 21:0 104904
104972 95208 21:0 104972
105048 95241 21:0 105048
105129 95275 21:0 105129
105132 95277 21:0 105132
105200 95307 21:0 105200
105208 95310 21:0 105208
105289 341 21:0 105298
105305 341 1:0 105313
105320 341 21:0 105334
105333 5 1:0 105337
105338 46868 1:0 105348
105342 49249 1:0 105348
105349 46875 1:0 105407
105394 341 1:0 105407
105408 46865 1:0 105424
105425 46871 1:0 105428
105429 46866 1:0 105435
105436 46872 1:0 105441
105442 46873 1:0 105592
105496 341 21:0 105506
105527 46867 1:0 105562
105588 47309 1:0 105621
105602 46873 21:0 105658
105622 47160 1:0 105645
105646 47166 1:0 105649
105650 47159 1:0 105656
105657 46872 21:0 105664
105657 47013 1:0 105665
105657 47012 1:0 105665
105663 46866 21:0 105667
105666 47019 1:0 105690
105666 46871 21:0 105692
105668 299 1:0 3376
105668 341 1:0 105690
105670 300 1:0 6735
105672 301 1:0 10094
105673 302 1:0 13453
105688 303 1:0 16812
105689 304 1:0 20171
105689 47018 1:0 105747
105689 47016 1:0 105793
105689 47162 1:0 105814
105691 46865 21:0 105746
105701 47163 1:0 105863
105701 47172 1:0 105883
105742 47161 1:0 105883
105742 47164 1:0 105883
105745 46867 21:0 105749
105747 47170 1:0 106045
105748 46868 21:0 105774
105755 47318 1:0 106098
105770 47307 1:0 106107
105770 47312 1:0 106107
105771 47308 1:0 106135
105771 47313 1:0 106167
105771 47310 1:0 106167
105771 47306 1:0 106215
105771 47457 1:0 106271
105771 54198 1:0 106308
105772 47454 1:0 106312
105772 50413 1:0 106747
105803 47016 21:0 105841
105821 47460 1:0 106319
105821 47459 1:0 106325
105840 47018 21:0 105865
105864 95310 1:0 105864
105864 47019 21:0 105868
105867 47013 21:0 105876
105873 47456 1:0 106447
105873 47461 1:0 106476
105873 47462 1:0 106477
105874 47453 1:0 106436
105874 47463 1:0 106486
105874 47464 1:0 106487
105874 50290 1:0 106533
105875 47012 21:0 105879
105878 46875 21:0 105970
105880 47601 1:0 106540
105882 95307 1:0 105882
105883 47465 1:0 106496
105883 47466 1:0 106497
105883 47602 1:0 106525
105883 47606 1:0 106546
105883 47603 1:0 106668
105883 47608 1:0 106697
105889 47600 1:0 106657
105889 47609 1:0 106698
105891 47610 1:0 106707
105894 47607 1:0 106688
105894 47611 1:0 106708
105909 52727 1:0 106761
105910 47612 1:0 106717
105922 47613 1:0 106718
105922 113 1:0 106761
105963 115 1:0 106761
105963 47896 1:0 106761
105963 47754 1:0 106767
105963 43 1:0 107188
105963 48044 1:0 107203
105963 48633 1:0 107203
105971 47750 1:0 106889
105971 47758 1:0 106929
105976 47755 1:0 106918
105992 47747 1:0 106878
105992 47748 1:0 106879
105992 47756 1:0 106919
106051 47170 21:0 106100
106085 95277 1:0 106085
106092 95275 1:0 106092
106094 47749 1:0 106888
106094 47751 1:0 106898
106094 47752 1:0 106899
106094 47753 1:0 106908
106094 47757 1:0 106928
106094 47759 1:0 106938
106095 47760 1:0 106939
106095 47898 1:0 106967
106095 47894 1:0 106975
106095 47895 1:0 106982
106095 47901 1:0 106988
106095 48043 1:0 107203
106099 47172 21:0 106169
106101 47897 1:0 107110
106101 47905 1:0 107150
106104 47899 1:0 107120
106104 47900 1:0 107129
106104 47902 1:0 107139
106104 47903 1:0 107140
106104 47904 1:0 107149
106104 47906 1:0 107159
106110 47907 1:0 107160
106110 68908 1:0 107203
106112 48041 1:0 107209
106115 48046 1:0 107341
106115 48051 1:0 107370
106131 48049 1:0 107360
106143 48042 1:0 107321
106143 48050 1:0 107361
106148 48052 1:0 107371
106160 48047 1:0 107350
106168 47161 21:0 106183
106182 47164 21:0 106188
106184 48045 1:0 107340
106184 48048 1:0 107351
106184 48193 1:0 107424
106187 47163 21:0 106191
106192 48053 1:0 107380
106197 48191 1:0 107424
106212 48054 1:0 107381
106212 48339 1:0 107409
106213 50632 1:0 107421
106213 48190 1:0 107424
106213 48188 1:0 107430
106225 47306 21:0 106307
106263 48192 1:0 107561
106263 48200 1:0 107601
106306 47313 21:0 106310
106309 47307 21:0 106318
106315 48189 1:0 107542
106315 48196 1:0 107581
106315 48197 1:0 107582
106316 48194 1:0 107571
106316 48195 1:0 107572
106316 48198 1:0 107591
106316 48199 1:0 107592
106317 47310 21:0 106318
106317 47312 21:0 106321
106320 47318 21:0 106412
106322 50475 1:0 107638
106324 95241 1:0 106324
106325 48201 1:0 107602
106325 48338 1:0 107631
106325 48342 1:0 107645
106325 48335 1:0 107651
106325 48336 1:0 107763
106325 48340 1:0 107783
106325 48343 1:0 107802
106325 48344 1:0 107803
106331 48345 1:0 107812
106333 48346 1:0 107813
106335 48337 1:0 107772
106335 48341 1:0 107792
106351 48347 1:0 107822
106352 48348 1:0 107823
106364 48634 1:0 107851
106364 51256 1:0 107866
106364 48780 1:0 107866
106364 48486 1:0 107866
106364 48484 1:0 107866
106364 48483 1:0 107872
106405 48485 1:0 107994
106405 48491 1:0 108024
106411 47308 21:0 106412
106413 48482 1:0 107983
106413 48490 1:0 108023
106433 48492 1:0 108033
106434 48488 1:0 108013
106434 48493 1:0 108034
106435 48487 1:0 108004
106435 48489 1:0 108014
106483 47462 21:0 106542
106484 48494 1:0 108043
106494 48495 1:0 108044
106504 48631 1:0 108072
106504 48630 1:0 108080
106504 48635 1:0 108087
106504 48629 1:0 108093
106504 49075 1:0 108301
106526 47465 0:0 106528
106527 47466 0:0 106528
106527 47464 0:0 106528
106527 47463 0:0 106528
106527 47453 0:0 106528
106527 47461 0:0 106528
106529 48632 1:0 108215
106529 48637 1:0 108244
106529 48642 1:0 108265
106529 48778 1:0 108301
106529 48928 1:0 108301
106529 48779 1:0 108301
106536 48638 1:0 108245
106536 48639 1:0 108254
106537 48636 1:0 108235
106537 48640 1:0 108255
106537 48641 1:0 108264
106537 48926 1:0 108293
106541 47459 21:0 106548
106543 48777 1:0 108308
106543 48783 1:0 108314
106545 95208 1:0 106545
106546 48776 1:0 108425
106546 48781 1:0 108446
106546 48784 1:0 108465
106546 48785 1:0 108466
106546 48786 1:0 108475
106546 48789 1:0 108486
106547 47460 21:0 106551
106550 47454 21:0 106576
106552 48782 1:0 108455
106552 48787 1:0 108476
106554 48788 1:0 108485
106554 48925 1:0 108514
106554 48923 1:0 108522
106556 48930 1:0 108529
106557 48924 1:0 108535
106572 48927 1:0 108666
106572 48931 1:0 108686
106573 49073 1:0 108735
106575 47159 21:0 106630
106585 48932 1:0 108687
106626 48933 1:0 108696
106629 47456 21:0 106633
106631 48934 1:0 108697
106634 48929 1:0 108676
106639 3 1:0 108743
106654 48935 1:0 108706
106655 48936 1:0 108707
106656 49076 1:0 108750
106705 49077 1:0 108756
106705 49072 1:0 108787
106705 298 1:0 108820
106705 49074 1:0 108820
106707 47608 21:0 106763
106715 49071 1:0 108842
106715 49070 1:0 108843
106715 49785 1:0 108913
106725 49078 1:0 108907
106748 95178 1:0 106748
106748 47609 0:0 106749
106748 47612 0:0 106749
106748 47613 0:0 106749
106748 47610 0:0 106749
106748 47611 0:0 106749
106748 47607 0:0 106749
106748 47600 0:0 106749
106750 49079 1:0 108908
106750 49081 1:0 108913
106755 95176 1:0 106755
106756 95177 1:0 106756
106757 49082 1:0 108913
106757 49083 1:0 108913
106758 49080 1:0 108913
106758 49172 1:0 108968
106758 49173 1:0 108969
106762 47606 21:0 106769
106768 47601 21:0 106772
106771 47166 21:0 106797
106796 47160 21:0 106851
106850 47457 21:0 106854
106935 47758 21:0 106984
106968 47759 0:0 106970
106968 47757 0:0 106970
106969 47748 0:0 106970
106969 47749 0:0 106970
106969 47760 0:0 106970
106969 47751 0:0 106970
106969 47756 0:0 106970
106969 47755 0:0 106970
106969 47747 0:0 106970
106969 47753 0:0 106970
106969 47752 0:0 106970
106976 95143 1:0 106976
106983 47754 21:0 106990
106987 95142 1:0 106987
106989 47165 21:0 106993
106992 47162 21:0 106993
106992 47309 21:0 106993
106992 47750 21:0 107007
107006 47603 21:0 107018
107017 47602 21:0 107021
107156 47905 21:0 107205
107189 47906 0:0 107191
107189 47903 0:0 107191
107189 47902 0:0 107191
107190 47899 0:0 107191
107190 47900 0:0 107191
107190 47907 0:0 107191
107190 47904 0:0 107191
107204 47901 21:0 107211
107210 47895 21:0 107214
107213 47894 21:0 107239
107238 47897 21:0 107242
107241 47898 21:0 107274
107273 47896 21:0 107288
107380 48051 21:0 107426
107410 48053 0:0 107412
107410 48052 0:0 107412
107411 48050 0:0 107412
107411 48048 0:0 107412
107411 48054 0:0 107412
107411 48049 0:0 107412
107411 48047 0:0 107412
107411 48042 0:0 107412
107411 48045 0:0 107412
107418 95077 1:0 107418
107425 48041 21:0 107432
107431 48044 21:0 107432
107431 48046 21:0 107432
107431 48043 21:0 107435
107611 48200 21:0 107647
107632 48201 0:0 107633
107632 48195 0:0 107633
107632 48197 0:0 107633
107632 48198 0:0 107633
107632 48189 0:0 107633
107632 48199 0:0 107633
107632 48196 0:0 107633
107632 48194 0:0 107633
107646 48188 21:0 107653
107650 95043 1:0 107650
107652 48192 21:0 107653
107652 48190 21:0 107653
107652 48193 21:0 107656
107655 48191 21:0 107656
107812 48343 21:0 107868
107852 48347 0:0 107854
107853 48336 0:0 107854
107853 48345 0:0 107854
107853 48344 0:0 107854
107853 48337 0:0 107854
107853 48346 0:0 107854
107853 48348 0:0 107854
107853 48341 0:0 107854
107861 95012 1:0 107861
107867 48335 21:0 107874
107871 95010 1:0 107871
107873 48342 21:0 107877
107876 48340 21:0 107877
107876 48338 21:0 107877
107876 48339 21:0 107881
108030 48491 21:0 108089
108073 48494 0:0 108075
108073 48490 0:0 108075
108073 48492 0:0 108075
108074 48489 0:0 108075
108074 48493 0:0 108075
108074 48482 0:0 108075
108074 48488 0:0 108075
108074 48487 0:0 108075
108074 48495 0:0 108075
108082 94979 1:0 108082
108088 48483 21:0 108095
108092 94977 1:0 108092
108094 48485 21:0 108095
108094 48486 21:0 108095
108094 48484 21:0 108098
108271 48642 21:0 108310
108294 48638 0:0 108296
108294 48637 0:0 108296
108294 48641 0:0 108296
108295 48639 0:0 108296
108295 48640 0:0 108296
108295 48636 0:0 108296
108309 48629 21:0 108316
108315 48635 21:0 108319
108318 48630 21:0 108345
108344 48632 21:0 108347
108346 48631 21:0 108382
108381 48634 21:0 108398
108397 48633 21:0 108401
108492 48789 21:0 108531
108515 48786 0:0 108517
108515 48787 0:0 108517
108516 94914 1:0 108516
108516 48788 0:0 108517
108516 48776 0:0 108517
108516 48782 0:0 108517
108516 48784 0:0 108517
108516 48785 0:0 108517
108530 48783 21:0 108537
108536 48777 21:0 108540
108539 48779 21:0 108540
108539 48781 21:0 108540
108539 48778 21:0 108565
108564 48780 21:0 108566
108696 48931 21:0 108752
108736 48935 0:0 108738
108737 48934 0:0 108738
108737 48932 0:0 108738
108737 48929 0:0 108738
108737 48933 0:0 108738
108737 48936 0:0 108738
108744 94879 1:0 108744
108751 48924 21:0 108758
108755 94878 1:0 108755
108757 48930 21:0 108761
108760 48923 21:0 108786
108785 48927 21:0 108789
108788 48925 21:0 108821
108820 48928 21:0 108833
108832 48926 21:0 108840
108914 49079 0:0 108944
108917 49078 0:0 108957
108932 49081 0:0 108957
108956 49082 0:0 108957
108956 49083 0:0 108957
108975 49173 21:0 175
