174 48170 0:0 176
174 48171 0:0 176
174 48169 0:0 176
175 48259 0:0 176
175 48172 0:0 176
175 48168 0:0 176
175 48260 0:0 176
175 48163 0:0 176
230 48366 21:0 238
306 48399 0:0 309
311 48401 21:0 369
313 48400 0:0 314
387 48433 0:0 390
390 48435 21:0 456
463 48466 21:0 521
534 48498 0:0 537
539 48499 21:0 597
610 48531 21:0 618
617 48532 21:0 684
682 48534 0:0 684
770 48600 21:0 836
838 48630 21:0 846
990 48696 21:0 998
1074 48732 21:0 1140
1447 48895 21:0 1455
1454 48897 0:0 1455
1454 48896 21:0 1521
1519 48898 0:0 1521
1523 48928 0:0 1526
1528 48929 21:0 1586
1530 48930 0:0 1531
1585 48931 0:0 1597
1599 48961 21:0 1607
1606 48963 0:0 1607
1606 48962 21:0 1673
1671 48964 0:0 1673
1675 48994 0:0 1678
1680 48995 21:0 1738
1682 48996 0:0 1683
1737 48997 0:0 1749
1751 49027 0:0 1754
1756 49028 21:0 1814
1758 49029 0:0 1759
1813 49030 0:0 1825
1827 49060 21:0 1835
1834 49062 0:0 1835
1834 49061 21:0 1901
1899 49063 0:0 1901
1903 49093 21:0 1911
1910 49094 0:0 1911
1910 49095 21:0 1977
1975 49096 0:0 1977
1979 49126 21:0 1987
1986 49127 0:0 1987
1986 49128 21:0 2053
2051 49129 0:0 2053
2055 49159 21:0 2063
2062 49160 0:0 2063
2062 49161 21:0 2129
2127 49162 0:0 2129
2131 49192 0:0 2134
2136 49194 21:0 2194
2138 49193 0:0 2139
2193 49195 0:0 2205
2207 49225 21:0 2215
2214 49227 0:0 2215
2214 49226 21:0 2281
2279 49228 0:0 2281
2283 49258 21:0 2291
2290 49259 0:0 2291
2290 49260 21:0 2357
2355 49261 0:0 2357
2359 49291 21:0 2367
2366 49293 0:0 2367
2366 49292 21:0 2433
2431 49294 0:0 2433
2435 49324 21:0 2443
2442 49325 0:0 2443
2442 49326 21:0 2509
2507 49327 0:0 2509
2511 49357 21:0 2519
2518 49358 0:0 2519
2518 49359 21:0 2585
2583 49360 0:0 2585
2634 328 21:0 2648
2649 328 1:0 2597
2649 48732 1:0 3087
2649 48696 1:0 3225
2649 48630 1:0 3469
2649 48600 1:0 3575
2730 48534 1:0 3819
2731 48532 1:0 3825
2739 48531 1:0 3835
2739 48499 1:0 3947
2745 48498 1:0 3957
2852 48466 1:0 4069
2853 48435 1:0 4185
2861 48433 1:0 4191
2861 48401 1:0 4314
2867 48400 1:0 4313
2871 329 1:0 5767
2974 48399 1:0 4323
2975 48366 1:0 4445
4617 50337 21:0 4625
4624 50339 0:0 4625
4624 50338 21:0 4691
4689 50340 0:0 4691
4693 50370 21:0 4701
4700 50371 0:0 4701
4700 50372 21:0 4767
4765 50373 0:0 4767
4769 50403 21:0 4777
4776 50405 0:0 4777
4776 50404 21:0 4843
4841 50406 0:0 4843
4845 50436 21:0 4853
4852 50437 0:0 4853
4852 50438 21:0 4919
4917 50439 0:0 4919
4921 50469 21:0 4929
4928 50470 0:0 4929
4928 50471 21:0 4995
4997 50502 21:0 5005
5004 50504 0:0 5005
5004 50503 21:0 5071
5069 50505 0:0 5071
5073 50535 21:0 5081
5080 50537 0:0 5081
5080 50536 21:0 5147
5149 50568 21:0 5157
5156 50570 0:0 5157
5156 50569 21:0 5223
5221 50571 0:0 5223
5225 50601 21:0 5233
5232 50602 21:0 5299
5301 50634 21:0 5309
5306 50636 0:0 5309
5308 50635 0:0 5309
5309 50637 21:0 5375
5377 50667 21:0 5385
5384 50668 0:0 5385
5384 50669 21:0 5451
5453 50700 21:0 5461
5460 50701 0:0 5461
5461 50703 21:0 5527
5529 50733 21:0 5537
5536 50735 21:0 5603
5601 50736 0:0 5603
5610 50767 21:0 5667
5779 49360 1:0 5900
5780 49359 1:0 5908
5789 49358 1:0 5907
5789 49357 1:0 5918
5795 49327 1:0 6031
5808 329 21:0 5822
5815 49326 1:0 6039
5828 49325 1:0 6038
5910 49324 1:0 6049
5911 49294 1:0 6162
5920 49292 1:0 6169
5920 49293 1:0 6170
5926 49291 1:0 6180
5931 49261 1:0 6293
5959 49260 1:0 6301
6041 49259 1:0 6300
6042 49258 1:0 6311
6051 49228 1:0 6424
6051 49226 1:0 6431
6057 49227 1:0 6432
6077 49225 1:0 6442
6090 49195 1:0 6555
6172 49194 1:0 6563
6173 49193 1:0 6562
6182 49192 1:0 6573
6182 49162 1:0 6686
6190 49161 1:0 6694
6208 49160 1:0 6693
6303 49159 1:0 6704
6304 49129 1:0 6817
6304 49128 1:0 6825
6313 49127 1:0 6824
6313 49126 1:0 6835
6321 49096 1:0 6948
6340 49095 1:0 6956
6434 49094 1:0 6955
6435 49093 1:0 6966
6444 49063 1:0 7079
6444 49061 1:0 7086
6450 49062 1:0 7087
6454 49060 1:0 7097
6471 49030 1:0 7210
6565 49028 1:0 7217
6566 49029 1:0 7218
6575 49027 1:0 7228
6575 48997 1:0 7341
6581 48995 1:0 7348
6585 48996 1:0 7349
6614 48994 1:0 7359
6696 48964 1:0 7472
6697 48962 1:0 7479
6706 48963 1:0 7480
6706 48961 1:0 7490
6712 48931 1:0 7603
6717 48929 1:0 7610
6745 48930 1:0 7611
6827 48928 1:0 7621
6828 48898 1:0 7734
6837 48896 1:0 7741
6837 48897 1:0 7742
6843 48895 1:0 7752
6845 330 1:0 9082
7932 51779 21:0 7940
7939 51781 0:0 7940
7939 51780 21:0 8006
8004 51782 0:0 8006
8008 51812 21:0 8016
8015 51814 0:0 8016
8015 51813 21:0 8082
8080 51815 0:0 8082
8084 51845 21:0 8092
8091 51846 0:0 8092
8091 51847 21:0 8158
8156 51848 0:0 8158
8160 51878 21:0 8168
8167 51880 0:0 8168
8167 51879 21:0 8234
8232 51881 0:0 8234
8236 51911 21:0 8244
8243 51913 0:0 8244
8243 51912 21:0 8310
8308 51914 0:0 8310
8312 51944 21:0 8320
8319 51946 0:0 8320
8319 51945 0:0 8320
8320 51947 21:0 8386
8388 51977 21:0 8396
8395 51979 0:0 8396
8395 51978 21:0 8462
8460 51980 0:0 8462
8464 52010 21:0 8472
8471 52011 0:0 8472
8471 52012 21:0 8538
8536 52013 0:0 8538
8540 52043 21:0 8548
8547 52044 0:0 8548
8547 52045 21:0 8614
8612 52046 0:0 8614
8616 52076 0:0 8619
8621 52077 21:0 8679
8623 52078 0:0 8624
8678 52079 0:0 8690
8692 52109 21:0 8700
8699 52111 0:0 8700
8699 52110 0:0 8700
8700 52112 21:0 8766
8768 52142 21:0 8776
8775 52144 0:0 8776
8775 52143 21:0 8842
8840 52145 0:0 8842
8844 52175 21:0 8852
8851 52176 0:0 8852
8851 52177 21:0 8918
8916 52178 0:0 8918
8920 52208 0:0 8923
8925 52209 21:0 8983
8927 52210 0:0 8928
8982 52211 0:0 8994
8996 52241 21:0 9004
9003 52243 0:0 9004
9003 52242 21:0 9070
9068 52244 0:0 9070
9094 50767 1:0 9353
9095 50736 1:0 9477
9104 50735 1:0 9485
9104 50733 1:0 9495
9110 50703 1:0 9608
9123 330 21:0 9137
9130 50701 1:0 9615
9143 50700 1:0 9626
9225 50669 1:0 9747
9226 50668 1:0 9746
9235 50667 1:0 9757
9235 50637 1:0 9870
9241 50636 1:0 9878
9246 50635 1:0 9877
9274 50634 1:0 9888
9356 50602 1:0 10008
9357 50601 1:0 10019
9366 50571 1:0 10132
9366 50569 1:0 10139
9372 50570 1:0 10140
9392 50568 1:0 10150
9405 50536 1:0 10270
9487 50537 1:0 10271
9488 50535 1:0 10281
9497 50505 1:0 10394
9497 50503 1:0 10401
9505 50504 1:0 10402
9523 50502 1:0 10412
9618 50471 1:0 10533
9619 50470 1:0 10532
9619 50469 1:0 10543
9628 50439 1:0 10656
9628 50438 1:0 10664
9636 50437 1:0 10663
9655 50436 1:0 10674
9749 50406 1:0 10787
9750 50404 1:0 10794
9759 50405 1:0 10795
9759 50403 1:0 10805
9765 50373 1:0 10918
9769 50372 1:0 10926
9786 50371 1:0 10925
9798 331 1:0 12397
9880 50370 1:0 10936
9881 50340 1:0 11049
9890 50338 1:0 11056
9890 50339 1:0 11057
9896 50337 1:0 11067
9901 52244 1:0 12530
11247 53221 21:0 11255
11254 53223 0:0 11255
11254 53222 21:0 11321
11319 53224 0:0 11321
11323 53254 21:0 11331
11330 53256 0:0 11331
11330 53255 21:0 11397
11395 53257 0:0 11397
11399 53287 21:0 11407
11406 53288 0:0 11407
11406 53289 21:0 11473
11471 53290 0:0 11473
11475 53320 21:0 11483
11482 53321 0:0 11483
11482 53322 21:0 11549
11547 53323 0:0 11549
11551 53353 21:0 11559
11558 53355 0:0 11559
11558 53354 21:0 11625
11623 53356 0:0 11625
11627 53386 21:0 11635
11634 53388 0:0 11635
11634 53387 21:0 11701
11699 53389 0:0 11701
11703 53419 21:0 11711
11710 53421 0:0 11711
11710 53420 21:0 11777
11775 53422 0:0 11777
11779 53452 21:0 11787
11786 53454 0:0 11787
11786 53453 21:0 11853
11851 53455 0:0 11853
11855 53485 21:0 11863
11862 53487 0:0 11863
11862 53486 21:0 11929
11931 53518 0:0 11934
11936 53520 21:0 11993
11938 53519 0:0 11939
11993 53521 0:0 12005
12007 53551 21:0 12015
12014 53553 0:0 12015
12014 53552 21:0 12081
12088 53585 21:0 12146
12164 53619 0:0 12167
12167 53620 21:0 12233
12235 53650 21:0 12243
12242 53652 21:0 12309
12409 52242 1:0 12537
12410 52243 1:0 12538
12419 52241 1:0 12548
12419 52211 1:0 12661
12425 52209 1:0 12668
12438 331 21:0 12452
12445 52210 1:0 12669
12458 52208 1:0 12679
12540 52178 1:0 12792
12541 52177 1:0 12800
12550 52176 1:0 12799
12550 52175 1:0 12810
12556 52145 1:0 12923
12561 52143 1:0 12930
12589 52144 1:0 12931
12671 52142 1:0 12941
12672 52112 1:0 13054
12681 52110 1:0 13061
12681 52111 1:0 13062
12687 52109 1:0 13072
12707 52079 1:0 13185
12720 52077 1:0 13192
12802 52078 1:0 13193
12803 52076 1:0 13203
12812 52046 1:0 13316
12812 52045 1:0 13324
12820 52044 1:0 13323
12838 52043 1:0 13334
12933 52013 1:0 13447
12934 52011 1:0 13454
12934 52012 1:0 13455
12943 52010 1:0 13465
12943 51980 1:0 13578
12951 51978 1:0 13585
12970 51979 1:0 13586
13064 51977 1:0 13596
13065 51947 1:0 13709
13074 51945 1:0 13716
13074 51946 1:0 13717
13080 51944 1:0 13727
13084 51914 1:0 13840
13101 51912 1:0 13847
13195 51913 1:0 13848
13196 51911 1:0 13858
13205 51881 1:0 13971
13205 51879 1:0 13978
13211 51880 1:0 13979
13215 51878 1:0 13989
13244 51848 1:0 14102
13326 51847 1:0 14110
13327 51846 1:0 14109
13336 51845 1:0 14120
13336 51815 1:0 14233
13342 51813 1:0 14240
13347 51814 1:0 14241
13362 332 1:0 15712
13375 51812 1:0 14251
13457 51782 1:0 14364
13458 51780 1:0 14371
13467 51781 1:0 14372
13467 51779 1:0 14382
14562 54663 21:0 14570
14569 54665 0:0 14570
14569 54664 21:0 14636
14634 54666 0:0 14636
14638 54696 21:0 14646
14645 54698 0:0 14646
14645 54697 21:0 14712
14710 54699 0:0 14712
14714 54729 21:0 14722
14721 54730 0:0 14722
14721 54731 21:0 14788
14786 54732 0:0 14788
14790 54762 21:0 14798
14797 54763 0:0 14798
14797 54764 21:0 14864
14862 54765 0:0 14864
14866 54795 21:0 14874
14873 54797 0:0 14874
14873 54796 21:0 14940
14938 54798 0:0 14940
14942 54828 21:0 14950
14949 54829 0:0 14950
14949 54830 21:0 15016
15014 54831 0:0 15016
15018 54861 21:0 15026
15025 54862 0:0 15026
15025 54863 21:0 15092
15090 54864 0:0 15092
15094 54894 21:0 15102
15101 54896 0:0 15102
15101 54895 21:0 15168
15166 54897 0:0 15168
15170 54927 21:0 15178
15177 54928 0:0 15178
15177 54929 0:0 15178
15178 54930 21:0 15244
15246 54960 0:0 15249
15251 54961 21:0 15306
15253 54962 0:0 15254
15306 54963 0:0 15320
15322 54993 21:0 15330
15329 54994 0:0 15330
15329 54995 0:0 15330
15330 54996 21:0 15396
15398 55026 0:0 15401
15403 55028 21:0 15459
15405 55027 0:0 15406
15458 55029 0:0 15472
15474 55059 0:0 15477
15479 55060 21:0 15537
15481 55061 0:0 15482
15536 55062 0:0 15548
15550 55092 21:0 15558
15557 55093 0:0 15558
15557 55094 21:0 15624
15626 55125 0:0 15629
15631 55127 21:0 15689
15633 55126 0:0 15634
15688 55128 0:0 15700
15724 53652 1:0 15984
15725 53650 1:0 15994
15734 53620 1:0 16107
15734 53619 1:0 16115
15740 53585 1:0 16245
15753 332 21:0 15767
15760 53552 1:0 16376
15773 53553 1:0 16377
15855 53551 1:0 16387
15856 53521 1:0 16500
15865 53519 1:0 16507
15865 53520 1:0 16508
15871 53518 1:0 16518
15876 53486 1:0 16638
15904 53487 1:0 16639
15986 53485 1:0 16649
15987 53455 1:0 16762
15996 53453 1:0 16769
15996 53454 1:0 16770
16002 53452 1:0 16780
16022 53422 1:0 16893
16035 53420 1:0 16900
16117 53421 1:0 16901
16118 53419 1:0 16911
16127 53389 1:0 17024
16127 53387 1:0 17031
16135 53388 1:0 17032
16153 53386 1:0 17042
16248 53356 1:0 17155
16249 53354 1:0 17162
16249 53355 1:0 17163
16258 53353 1:0 17173
16258 53323 1:0 17286
16266 53322 1:0 17294
16285 53321 1:0 17293
16379 53320 1:0 17304
16380 53290 1:0 17417
16389 53288 1:0 17424
16389 53289 1:0 17425
16395 53287 1:0 17435
16399 53257 1:0 17548
16416 53255 1:0 17555
16510 53256 1:0 17556
16511 53254 1:0 17566
16520 53224 1:0 17679
16520 53222 1:0 17686
16526 53223 1:0 17687
16530 53221 1:0 17697
16531 333 1:0 19027
16559 55128 1:0 19160
16641 55127 1:0 19168
16642 55126 1:0 19167
17877 56105 21:0 17885
17884 56106 0:0 17885
17884 56107 21:0 17951
17949 56108 0:0 17951
17953 56138 21:0 17961
17960 56140 0:0 17961
17960 56139 21:0 18027
18025 56141 0:0 18027
18029 56171 21:0 18037
18036 56173 0:0 18037
18036 56172 21:0 18103
18101 56174 0:0 18103
18105 56204 21:0 18113
18112 56205 0:0 18113
18112 56206 21:0 18179
18177 56207 0:0 18179
18181 56237 21:0 18189
18188 56238 0:0 18189
18188 56239 21:0 18255
18253 56240 0:0 18255
18257 56270 21:0 18265
18264 56272 0:0 18265
18264 56271 21:0 18331
18329 56273 0:0 18331
18333 56303 21:0 18341
18340 56304 0:0 18341
18340 56305 21:0 18407
18405 56306 0:0 18407
18409 56336 21:0 18417
18416 56338 0:0 18417
18416 56337 21:0 18483
18481 56339 0:0 18483
18485 56369 0:0 18488
18490 56370 21:0 18547
18492 56371 0:0 18493
18547 56372 0:0 18559
18566 56404 21:0 18624
18568 56403 0:0 18569
18623 56405 0:0 18635
18637 56435 0:0 18640
18642 56436 21:0 18698
18644 56437 0:0 18645
18713 56468 0:0 18716
18718 56470 21:0 18776
18775 56471 0:0 18787
18794 56503 21:0 18852
18796 56502 0:0 18797
18870 56535 21:0 18928
18941 56567 0:0 18944
18946 56569 21:0 19004
19039 55125 1:0 19178
19040 55094 1:0 19299
19049 55093 1:0 19298
19049 55092 1:0 19309
19055 55062 1:0 19422
19068 333 21:0 19082
19075 55060 1:0 19429
19088 55061 1:0 19430
19170 55059 1:0 19440
19171 55029 1:0 19553
19180 55027 1:0 19560
19180 55028 1:0 19561
19186 55026 1:0 19571
19191 54996 1:0 19684
19219 54994 1:0 19691
19301 54995 1:0 19692
19302 54993 1:0 19702
19311 54963 1:0 19815
19311 54961 1:0 19822
19317 54962 1:0 19823
19337 54960 1:0 19833
19350 54930 1:0 19946
19432 54928 1:0 19953
19433 54929 1:0 19954
19442 54927 1:0 19964
19442 54897 1:0 20077
19450 54895 1:0 20084
19468 54896 1:0 20085
19563 54894 1:0 20095
19564 54864 1:0 20208
19564 54863 1:0 20216
19573 54862 1:0 20215
19573 54861 1:0 20226
19581 54831 1:0 20339
19600 54830 1:0 20347
19694 54829 1:0 20346
19695 54828 1:0 20357
19704 54798 1:0 20470
19704 54796 1:0 20477
19710 54797 1:0 20478
19714 54795 1:0 20488
19731 54765 1:0 20601
19825 54764 1:0 20609
19826 54763 1:0 20608
19835 54762 1:0 20619
19835 54732 1:0 20732
19841 54731 1:0 20740
19845 54730 1:0 20739
19874 54729 1:0 20750
19956 54699 1:0 20863
19957 54697 1:0 20870
19966 54698 1:0 20871
19966 54696 1:0 20881
19972 54666 1:0 20994
19977 54664 1:0 21001
19992 334 1:0 22342
20005 54665 1:0 21002
20087 54663 1:0 21012
21192 57547 21:0 21200
21199 57549 0:0 21200
21199 57548 21:0 21266
21264 57550 0:0 21266
21268 57580 21:0 21276
21275 57582 0:0 21276
21275 57581 21:0 21342
21340 57583 0:0 21342
21344 57613 21:0 21352
21351 57615 0:0 21352
21351 57614 21:0 21418
21416 57616 0:0 21418
21420 57646 21:0 21428
21427 57647 0:0 21428
21427 57648 21:0 21494
21492 57649 0:0 21494
21496 57679 21:0 21504
21503 57680 0:0 21504
21503 57681 21:0 21570
21568 57682 0:0 21570
21572 57712 21:0 21580
21579 57714 0:0 21580
21579 57713 21:0 21646
21644 57715 0:0 21646
21648 57745 21:0 21656
21655 57747 0:0 21656
21655 57746 21:0 21722
21720 57748 0:0 21722
21724 57778 21:0 21732
21731 57780 0:0 21732
21731 57779 21:0 21798
21796 57781 0:0 21798
21800 57811 0:0 21803
21805 57813 21:0 21863
21807 57812 0:0 21808
21862 57814 0:0 21874
21876 57844 21:0 21884
21883 57846 0:0 21884
21883 57845 21:0 21950
21948 57847 0:0 21950
21952 57877 21:0 21960
21959 57878 0:0 21960
21959 57879 21:0 22026
22024 57880 0:0 22026
22028 57910 0:0 22031
22033 57912 21:0 22091
22035 57911 0:0 22036
22090 57913 0:0 22102
22104 57943 21:0 22112
22111 57944 0:0 22112
22111 57945 0:0 22112
22112 57946 21:0 22178
22180 57976 21:0 22188
22187 57977 0:0 22188
22187 57978 21:0 22254
22261 58011 21:0 22319
22354 56569 1:0 22483
22355 56567 1:0 22493
22364 56535 1:0 22613
22364 56503 1:0 22745
22370 56502 1:0 22744
22383 334 21:0 22397
22390 56471 1:0 22868
22403 56470 1:0 22876
22485 56468 1:0 22886
22486 56436 1:0 23006
22495 56437 1:0 23007
22495 56435 1:0 23017
22501 56405 1:0 23130
22506 56404 1:0 23138
22534 56403 1:0 23137
22616 56372 1:0 23261
22617 56370 1:0 23268
22626 56371 1:0 23269
22626 56369 1:0 23279
22632 56339 1:0 23392
22652 56337 1:0 23399
22665 56338 1:0 23400
22747 56336 1:0 23410
22748 56306 1:0 23523
22757 56304 1:0 23530
22757 56305 1:0 23531
22765 56303 1:0 23541
22783 56273 1:0 23654
22878 56271 1:0 23661
22879 56272 1:0 23662
22879 56270 1:0 23672
22888 56240 1:0 23785
22888 56239 1:0 23793
22896 56238 1:0 23792
22915 56237 1:0 23803
23009 56207 1:0 23916
23010 56206 1:0 23924
23019 56205 1:0 23923
23019 56204 1:0 23934
23025 56174 1:0 24047
23029 56172 1:0 24054
23046 56173 1:0 24055
23140 56171 1:0 24065
23141 56141 1:0 24178
23150 56139 1:0 24185
23150 56140 1:0 24186
23156 56138 1:0 24196
23160 56108 1:0 24309
23161 335 1:0 25657
23189 56107 1:0 24317
23271 56106 1:0 24316
23272 56105 1:0 24327
23281 58011 1:0 25798
24507 58989 21:0 24515
24514 58990 0:0 24515
24514 58991 21:0 24581
24579 58992 0:0 24581
24583 59022 21:0 24591
24590 59023 0:0 24591
24590 59024 21:0 24657
24655 59025 0:0 24657
24659 59055 21:0 24667
24666 59057 0:0 24667
24666 59056 21:0 24733
24731 59058 0:0 24733
24735 59088 21:0 24743
24742 59090 0:0 24743
24742 59089 21:0 24809
24807 59091 0:0 24809
24811 59121 21:0 24819
24818 59122 0:0 24819
24818 59123 21:0 24885
24883 59124 0:0 24885
24887 59154 21:0 24895
24894 59155 0:0 24895
24894 59156 21:0 24961
24959 59157 0:0 24961
24963 59187 21:0 24971
24970 59188 0:0 24971
24970 59189 0:0 24971
24971 59190 21:0 25037
25039 59220 21:0 25047
25046 59221 0:0 25047
25046 59222 0:0 25047
25047 59223 21:0 25113
25115 59253 21:0 25123
25122 59254 0:0 25123
25123 59256 21:0 25189
25191 59286 21:0 25199
25198 59287 0:0 25199
25198 59288 21:0 25265
25267 59319 21:0 25275
25274 59321 0:0 25275
25275 59322 21:0 25341
25343 59352 0:0 25346
25348 59353 21:0 25406
25350 59354 0:0 25351
25405 59355 0:0 25417
25424 59386 0:0 25427
25427 59388 21:0 25493
25495 59418 21:0 25503
25502 59420 21:0 25569
25576 59453 21:0 25634
25578 59452 0:0 25579
25669 57978 1:0 25929
25670 57977 1:0 25928
25679 57976 1:0 25939
25679 57946 1:0 26052
25685 57944 1:0 26059
25698 335 21:0 25712
25705 57945 1:0 26060
25718 57943 1:0 26070
25800 57913 1:0 26183
25801 57912 1:0 26191
25810 57911 1:0 26190
25810 57910 1:0 26201
25816 57880 1:0 26314
25821 57879 1:0 26322
25849 57878 1:0 26321
25931 57877 1:0 26332
25932 57847 1:0 26445
25941 57845 1:0 26452
25941 57846 1:0 26453
25947 57844 1:0 26463
25967 57814 1:0 26576
25980 57813 1:0 26584
26062 57812 1:0 26583
26063 57811 1:0 26594
26072 57781 1:0 26707
26072 57779 1:0 26714
26080 57780 1:0 26715
26098 57778 1:0 26725
26193 57748 1:0 26838
26194 57746 1:0 26845
26194 57747 1:0 26846
26203 57745 1:0 26856
26203 57715 1:0 26969
26211 57713 1:0 26976
26230 57714 1:0 26977
26324 57712 1:0 26987
26325 57682 1:0 27100
26334 57680 1:0 27107
26334 57681 1:0 27108
26340 57679 1:0 27118
26344 57649 1:0 27231
26361 57648 1:0 27239
26455 57647 1:0 27238
26456 57646 1:0 27249
26465 57616 1:0 27362
26465 57614 1:0 27369
26471 57615 1:0 27370
26475 57613 1:0 27380
26504 57583 1:0 27493
26586 57581 1:0 27500
26587 57582 1:0 27501
26596 57580 1:0 27511
26596 57550 1:0 27624
26602 57548 1:0 27631
26607 57549 1:0 27632
26622 336 1:0 28972
26635 57547 1:0 27642
26717 59453 1:0 29113
27822 60431 21:0 27830
27829 60432 0:0 27830
27829 60433 21:0 27896
27894 60434 0:0 27896
27898 60464 21:0 27906
27905 60465 0:0 27906
27905 60466 21:0 27972
27970 60467 0:0 27972
27974 60497 21:0 27982
27981 60498 0:0 27982
27981 60499 21:0 28048
28046 60500 0:0 28048
28050 60530 21:0 28058
28057 60532 0:0 28058
28057 60531 21:0 28124
28122 60533 0:0 28124
28126 60563 21:0 28134
28133 60564 0:0 28134
28133 60565 21:0 28200
28198 60566 0:0 28200
28202 60596 21:0 28210
28209 60598 0:0 28210
28209 60597 21:0 28276
28274 60599 0:0 28276
28278 60629 21:0 28286
28285 60630 0:0 28286
28285 60631 21:0 28352
28350 60632 0:0 28352
28354 60662 21:0 28362
28361 60663 0:0 28362
28361 60664 0:0 28362
28362 60665 21:0 28428
28430 60695 21:0 28438
28437 60697 0:0 28438
28437 60696 21:0 28504
28502 60698 0:0 28504
28506 60728 0:0 28509
28511 60730 21:0 28569
28513 60729 0:0 28514
28568 60731 0:0 28580
28582 60761 0:0 28585
28587 60762 21:0 28645
28589 60763 0:0 28590
28644 60764 0:0 28656
28658 60794 0:0 28661
28663 60795 21:0 28721
28665 60796 0:0 28666
28720 60797 0:0 28732
28734 60827 21:0 28742
28741 60829 0:0 28742
28741 60828 0:0 28742
28742 60830 21:0 28808
28810 60860 0:0 28813
28815 60861 21:0 28873
28817 60862 0:0 28818
28894 60896 21:0 28960
28984 59452 1:0 29112
28985 59420 1:0 29244
28994 59418 1:0 29254
28994 59388 1:0 29367
29000 59386 1:0 29374
29013 336 21:0 29027
29020 59355 1:0 29498
29033 59353 1:0 29505
29115 59354 1:0 29506
29116 59352 1:0 29516
29125 59322 1:0 29629
29125 59321 1:0 29637
29131 59319 1:0 29647
29136 59288 1:0 29768
29164 59287 1:0 29767
29246 59286 1:0 29778
29247 59256 1:0 29891
29256 59254 1:0 29898
29256 59253 1:0 29909
29262 59223 1:0 30022
29282 59222 1:0 30030
29295 59221 1:0 30029
29377 59220 1:0 30040
29378 59190 1:0 30153
29387 59188 1:0 30160
29387 59189 1:0 30161
29395 59187 1:0 30171
29413 59157 1:0 30284
29508 59156 1:0 30292
29509 59155 1:0 30291
29509 59154 1:0 30302
29518 59124 1:0 30415
29518 59123 1:0 30423
29526 59122 1:0 30422
29545 59121 1:0 30433
29639 59091 1:0 30546
29640 59089 1:0 30553
29649 59090 1:0 30554
29649 59088 1:0 30564
29655 59058 1:0 30677
29659 59056 1:0 30684
29676 59057 1:0 30685
29770 59055 1:0 30695
29771 59025 1:0 30808
29780 59023 1:0 30815
29780 59024 1:0 30816
29786 59022 1:0 30826
29790 58992 1:0 30939
29791 337 1:0 32287
29819 58991 1:0 30947
29901 58990 1:0 30946
29902 58989 1:0 30957
31137 61873 21:0 31145
31144 61874 0:0 31145
31144 61875 21:0 31211
31209 61876 0:0 31211
31213 61906 21:0 31221
31220 61908 0:0 31221
31220 61907 21:0 31287
31285 61909 0:0 31287
31289 61939 21:0 31297
31296 61940 0:0 31297
31296 61941 21:0 31363
31361 61942 0:0 31363
31365 61972 21:0 31373
31372 61974 0:0 31373
31372 61973 21:0 31439
31437 61975 0:0 31439
31441 62005 21:0 31449
31448 62006 0:0 31449
31448 62007 21:0 31515
31513 62008 0:0 31515
31517 62038 21:0 31525
31524 62040 0:0 31525
31524 62039 0:0 31525
31525 62041 21:0 31591
31593 62071 21:0 31601
31600 62073 0:0 31601
31600 62072 21:0 31667
31665 62074 0:0 31667
31669 62104 21:0 31677
31676 62105 0:0 31677
31676 62106 21:0 31743
31741 62107 0:0 31743
31750 62138 21:0 31808
31752 62139 0:0 31753
31807 62140 0:0 31819
31821 62170 21:0 31829
31826 62171 0:0 31829
31826 62172 0:0 31829
31829 62173 21:0 31895
31902 62204 21:0 31960
31904 62205 0:0 31905
31959 62206 0:0 31971
31978 62237 21:0 32036
32049 62269 0:0 32052
32054 62271 21:0 32112
32056 62270 0:0 32057
32125 62302 21:0 32133
32130 62304 0:0 32133
32132 62303 0:0 32133
32133 62305 21:0 32199
32299 60896 1:0 32420
32300 60861 1:0 32558
32309 60862 1:0 32559
32309 60860 1:0 32569
32315 60830 1:0 32682
32328 337 21:0 32342
32335 60829 1:0 32690
32348 60828 1:0 32689
32430 60827 1:0 32700
32431 60797 1:0 32813
32440 60795 1:0 32820
32440 60796 1:0 32821
32446 60794 1:0 32831
32451 60764 1:0 32944
32479 60762 1:0 32951
32561 60763 1:0 32952
32562 60761 1:0 32962
32571 60731 1:0 33075
32571 60730 1:0 33083
32577 60729 1:0 33082
32597 60728 1:0 33093
32610 60698 1:0 33206
32692 60696 1:0 33213
32693 60697 1:0 33214
32702 60695 1:0 33224
32702 60665 1:0 33337
32710 60663 1:0 33344
32728 60664 1:0 33345
32823 60662 1:0 33355
32824 60632 1:0 33468
32824 60631 1:0 33476
32833 60630 1:0 33475
32833 60629 1:0 33486
32841 60599 1:0 33599
32860 60597 1:0 33606
32954 60598 1:0 33607
32955 60596 1:0 33617
32964 60566 1:0 33730
32964 60565 1:0 33738
32970 60564 1:0 33737
32974 60563 1:0 33748
32991 60533 1:0 33861
33085 60531 1:0 33868
33086 60532 1:0 33869
33095 60530 1:0 33879
33095 60500 1:0 33992
33101 60499 1:0 34000
33105 60498 1:0 33999
33134 60497 1:0 34010
33216 60467 1:0 34123
33217 60466 1:0 34131
33226 60465 1:0 34130
33226 60464 1:0 34141
33232 60434 1:0 34254
33237 60433 1:0 34262
33252 338 1:0 35602
33265 60432 1:0 34261
33347 60431 1:0 34272
34452 63315 21:0 34460
34459 63317 0:0 34460
34459 63316 21:0 34526
34524 63318 0:0 34526
34528 63348 21:0 34536
34535 63349 0:0 34536
34535 63350 21:0 34602
34600 63351 0:0 34602
34604 63381 21:0 34612
34611 63383 0:0 34612
34611 63382 21:0 34678
34676 63384 0:0 34678
34680 63414 21:0 34688
34687 63416 0:0 34688
34687 63415 21:0 34754
34752 63417 0:0 34754
34756 63447 21:0 34764
34763 63448 0:0 34764
34763 63449 21:0 34830
34828 63450 0:0 34830
34832 63480 21:0 34840
34839 63482 0:0 34840
34839 63481 21:0 34906
34904 63483 0:0 34906
34908 63513 21:0 34916
34915 63514 0:0 34916
34915 63515 0:0 34916
34916 63516 21:0 34982
34984 63546 21:0 34992
34991 63548 0:0 34992
34991 63547 0:0 34992
34992 63549 21:0 35058
35060 63579 21:0 35068
35067 63580 0:0 35068
35067 63581 0:0 35068
35068 63582 21:0 35134
35136 63612 21:0 35144
35143 63613 0:0 35144
35143 63614 0:0 35144
35144 63615 21:0 35210
35212 63645 21:0 35220
35219 63647 0:0 35220
35219 63646 21:0 35286
35284 63648 0:0 35286
35288 63678 21:0 35296
35295 63680 0:0 35296
35295 63679 0:0 35296
35296 63681 21:0 35362
35364 63711 0:0 35367
35369 63713 21:0 35427
35371 63712 0:0 35372
35426 63714 0:0 35438
35440 63744 21:0 35448
35447 63746 0:0 35448
35447 63745 0:0 35448
35448 63747 21:0 35514
35614 62305 1:0 35866
35615 62303 1:0 35873
35624 62304 1:0 35874
35624 62302 1:0 35884
35630 62271 1:0 36005
35643 338 21:0 35657
35650 62270 1:0 36004
35663 62269 1:0 36015
35745 62237 1:0 36135
35746 62206 1:0 36259
35755 62204 1:0 36266
35755 62205 1:0 36267
35761 62173 1:0 36390
35766 62172 1:0 36398
35794 62171 1:0 36397
35876 62170 1:0 36408
35877 62140 1:0 36521
35886 62138 1:0 36528
35886 62139 1:0 36529
35892 62107 1:0 36652
35912 62106 1:0 36660
35925 62105 1:0 36659
36007 62104 1:0 36670
36008 62074 1:0 36783
36017 62072 1:0 36790
36017 62073 1:0 36791
36025 62071 1:0 36801
36043 62041 1:0 36914
36138 62039 1:0 36921
36139 62040 1:0 36922
36139 62038 1:0 36932
36148 62008 1:0 37045
36148 62007 1:0 37053
36156 62006 1:0 37052
36175 62005 1:0 37063
36269 61975 1:0 37176
36270 61973 1:0 37183
36279 61974 1:0 37184
36279 61972 1:0 37194
36285 61942 1:0 37307
36289 61941 1:0 37315
36306 61940 1:0 37314
36400 61939 1:0 37325
36401 61909 1:0 37438
36410 61907 1:0 37445
36410 61908 1:0 37446
36416 61906 1:0 37456
36420 61876 1:0 37569
36421 339 1:0 38917
36449 61875 1:0 37577
36531 61874 1:0 37576
36532 61873 1:0 37587
37767 64757 21:0 37775
37774 64758 0:0 37775
37774 64759 21:0 37841
37839 64760 0:0 37841
37843 64790 21:0 37851
37850 64792 0:0 37851
37850 64791 21:0 37917
37915 64793 0:0 37917
37919 64823 21:0 37927
37926 64825 0:0 37927
37926 64824 21:0 37993
37991 64826 0:0 37993
37995 64856 21:0 38003
38002 64858 0:0 38003
38002 64857 21:0 38069
38067 64859 0:0 38069
38071 64889 21:0 38079
38078 64891 0:0 38079
38078 64890 21:0 38145
38143 64892 0:0 38145
38147 64922 21:0 38155
38154 64924 0:0 38155
38154 64923 21:0 38221
38223 64955 21:0 38231
38230 64956 0:0 38231
38230 64957 21:0 38297
38295 64958 0:0 38297
38299 64988 21:0 38307
38306 64989 0:0 38307
38306 64990 21:0 38373
38371 64991 0:0 38373
38375 65021 21:0 38383
38382 65023 0:0 38383
38382 65022 21:0 38449
38447 65024 0:0 38449
38451 65054 21:0 38459
38458 65056 21:0 38525
38523 65057 0:0 38525
38527 65087 0:0 38530
38532 65089 21:0 38587
38534 65088 0:0 38535
38603 65120 21:0 38611
38610 65122 0:0 38611
38610 65121 0:0 38611
38611 65123 21:0 38677
38684 65154 0:0 38687
38687 65156 21:0 38753
38831 65219 21:0 38839
38838 65221 0:0 38839
38838 65220 21:0 38905
38929 63747 1:0 39181
38930 63745 1:0 39188
38939 63746 1:0 39189
38939 63744 1:0 39199
38945 63714 1:0 39312
38958 339 21:0 38972
38965 63713 1:0 39320
38978 63712 1:0 39319
39060 63711 1:0 39330
39061 63681 1:0 39443
39070 63679 1:0 39450
39070 63680 1:0 39451
39076 63678 1:0 39461
39081 63648 1:0 39574
39109 63646 1:0 39581
39191 63647 1:0 39582
39192 63645 1:0 39592
39201 63615 1:0 39705
39201 63614 1:0 39713
39207 63613 1:0 39712
39227 63612 1:0 39723
39240 63582 1:0 39836
39322 63580 1:0 39843
39323 63581 1:0 39844
39332 63579 1:0 39854
39332 63549 1:0 39967
39340 63547 1:0 39974
39358 63548 1:0 39975
39453 63546 1:0 39985
39454 63516 1:0 40098
39454 63514 1:0 40105
39463 63515 1:0 40106
39463 63513 1:0 40116
39471 63483 1:0 40229
39490 63481 1:0 40236
39584 63482 1:0 40237
39585 63480 1:0 40247
39594 63450 1:0 40360
39594 63449 1:0 40368
39600 63448 1:0 40367
39604 63447 1:0 40378
39621 63417 1:0 40491
39715 63415 1:0 40498
39716 63416 1:0 40499
39725 63414 1:0 40509
39725 63384 1:0 40622
39731 63382 1:0 40629
39735 63383 1:0 40630
39764 63381 1:0 40640
39846 63351 1:0 40753
39847 63350 1:0 40761
39856 63349 1:0 40760
39856 63348 1:0 40771
39862 63318 1:0 40884
39867 63316 1:0 40891
39882 340 1:0 42232
39895 63317 1:0 40892
39977 63315 1:0 40902
41082 66199 21:0 41090
41089 66200 0:0 41090
41089 66201 21:0 41156
41154 66202 0:0 41156
41158 66232 21:0 41166
41165 66234 0:0 41166
41165 66233 21:0 41232
41230 66235 0:0 41232
41234 66265 21:0 41242
41241 66267 0:0 41242
41241 66266 21:0 41308
41306 66268 0:0 41308
41310 66298 21:0 41318
41317 66299 0:0 41318
41317 66300 21:0 41384
41382 66301 0:0 41384
41386 66331 21:0 41394
41393 66332 0:0 41394
41393 66333 21:0 41460
41458 66334 0:0 41460
41462 66364 21:0 41470
41469 66366 0:0 41470
41469 66365 21:0 41536
41534 66367 0:0 41536
41538 66397 21:0 41546
41545 66399 0:0 41546
41545 66398 21:0 41612
41610 66400 0:0 41612
41614 66430 21:0 41622
41621 66431 0:0 41622
41621 66432 0:0 41622
41622 66433 21:0 41688
41690 66463 0:0 41693
41695 66464 21:0 41753
41697 66465 0:0 41698
41752 66466 0:0 41764
41766 66496 21:0 41774
41773 66498 0:0 41774
41773 66497 21:0 41840
41838 66499 0:0 41840
41842 66529 21:0 41850
41849 66531 0:0 41850
41849 66530 21:0 41916
41914 66532 0:0 41916
41918 66562 21:0 41926
41923 66563 0:0 41926
41923 66564 0:0 41926
41926 66565 21:0 41992
41994 66595 21:0 42002
42001 66597 0:0 42002
42001 66596 21:0 42068
42066 66598 0:0 42068
42070 66628 0:0 42073
42075 66629 21:0 42133
42077 66630 0:0 42078
42132 66631 0:0 42144
42244 65220 1:0 42372
42245 65221 1:0 42373
42254 65219 1:0 42383
42254 65156 1:0 42627
42260 65154 1:0 42634
42273 340 21:0 42287
42280 65123 1:0 42758
42293 65122 1:0 42766
42375 65121 1:0 42765
42376 65120 1:0 42776
42385 65088 1:0 42896
42385 65089 1:0 42897
42391 65087 1:0 42907
42396 65057 1:0 43020
42424 65056 1:0 43028
42506 65054 1:0 43038
42507 65024 1:0 43151
42516 65022 1:0 43158
42516 65023 1:0 43159
42522 65021 1:0 43169
42542 64991 1:0 43282
42555 64990 1:0 43290
42637 64989 1:0 43289
42638 64988 1:0 43300
42647 64958 1:0 43413
42647 64957 1:0 43421
42655 64956 1:0 43420
42673 64955 1:0 43431
42768 64923 1:0 43551
42769 64924 1:0 43552
42769 64922 1:0 43562
42778 64892 1:0 43675
42778 64890 1:0 43682
42786 64891 1:0 43683
42805 64889 1:0 43693
42899 64859 1:0 43806
42900 64857 1:0 43813
42909 64858 1:0 43814
42909 64856 1:0 43824
42915 64826 1:0 43937
42919 64824 1:0 43944
42936 64825 1:0 43945
43030 64823 1:0 43955
43031 64793 1:0 44068
43040 64791 1:0 44075
43040 64792 1:0 44076
43046 64790 1:0 44086
43050 64760 1:0 44199
43051 341 1:0 45547
43079 64759 1:0 44207
43161 64758 1:0 44206
43162 64757 1:0 44217
43171 66631 1:0 45811
44397 67641 21:0 44405
44404 67642 0:0 44405
44404 67643 21:0 44471
44469 67644 0:0 44471
44473 67674 21:0 44481
44480 67676 0:0 44481
44480 67675 21:0 44547
44545 67677 0:0 44547
44549 67707 21:0 44557
44556 67708 0:0 44557
44556 67709 21:0 44623
44621 67710 0:0 44623
44625 67740 21:0 44633
44632 67742 0:0 44633
44632 67741 21:0 44699
44697 67743 0:0 44699
44701 67773 21:0 44709
44708 67775 0:0 44709
44708 67774 21:0 44775
44773 67776 0:0 44775
44777 67806 21:0 44785
44784 67807 0:0 44785
44784 67808 0:0 44785
44785 67809 21:0 44851
44853 67839 21:0 44861
44860 67841 0:0 44861
44860 67840 21:0 44927
44925 67842 0:0 44927
44929 67872 21:0 44937
44936 67873 0:0 44937
44936 67874 21:0 45003
45001 67875 0:0 45003
45005 67905 0:0 45008
45010 67906 21:0 45068
45012 67907 0:0 45013
45067 67908 0:0 45079
45081 67938 21:0 45089
45086 67940 0:0 45089
45089 67941 21:0 45155
45157 67971 0:0 45160
45162 67972 21:0 45220
45219 67974 0:0 45231
45233 68004 0:0 45236
45238 68005 21:0 45296
45240 68006 0:0 45241
45309 68037 0:0 45312
45314 68038 21:0 45372
45385 68070 21:0 45393
45392 68071 0:0 45393
45392 68072 21:0 45459
45461 68103 21:0 45469
45559 66629 1:0 45818
45560 66630 1:0 45819
45569 66628 1:0 45829
45569 66598 1:0 45942
45575 66596 1:0 45949
45588 341 21:0 45602
45595 66597 1:0 45950
45608 66595 1:0 45960
45690 66565 1:0 46073
45691 66564 1:0 46081
45700 66563 1:0 46080
45700 66562 1:0 46091
45706 66532 1:0 46204
45711 66530 1:0 46211
45739 66531 1:0 46212
45821 66529 1:0 46222
45822 66499 1:0 46335
45831 66497 1:0 46342
45831 66498 1:0 46343
45837 66496 1:0 46353
45857 66466 1:0 46466
45870 66464 1:0 46473
45952 66465 1:0 46474
45953 66463 1:0 46484
45962 66433 1:0 46597
45962 66431 1:0 46604
45970 66432 1:0 46605
45988 66430 1:0 46615
46083 66400 1:0 46728
46084 66398 1:0 46735
46084 66399 1:0 46736
46093 66397 1:0 46746
46093 66367 1:0 46859
46101 66365 1:0 46866
46120 66366 1:0 46867
46214 66364 1:0 46877
46215 66334 1:0 46990
46224 66332 1:0 46997
46224 66333 1:0 46998
46230 66331 1:0 47008
46234 66301 1:0 47121
46251 66300 1:0 47129
46345 66299 1:0 47128
46346 66298 1:0 47139
46355 66268 1:0 47252
46355 66266 1:0 47259
46361 66267 1:0 47260
46365 66265 1:0 47270
46394 66235 1:0 47383
46476 66233 1:0 47390
46477 66234 1:0 47391
46486 66232 1:0 47401
46486 66202 1:0 47514
46492 66201 1:0 47522
46497 66200 1:0 47521
46512 342 1:0 48862
46525 66199 1:0 47532
47712 69083 21:0 47720
47719 69084 0:0 47720
47719 69085 21:0 47786
47784 69086 0:0 47786
47788 69116 21:0 47796
47795 69118 0:0 47796
47795 69117 21:0 47862
47860 69119 0:0 47862
47864 69149 21:0 47872
47871 69151 0:0 47872
47871 69150 21:0 47938
47936 69152 0:0 47938
47940 69182 21:0 47948
47947 69184 0:0 47948
47947 69183 21:0 48014
48012 69185 0:0 48014
48016 69215 21:0 48024
48023 69217 0:0 48024
48023 69216 21:0 48090
48088 69218 0:0 48090
48092 69248 21:0 48100
48099 69249 0:0 48100
48099 69250 21:0 48166
48164 69251 0:0 48166
48168 69281 21:0 48176
48175 69282 0:0 48176
48175 69283 21:0 48242
48240 69284 0:0 48242
48244 69314 21:0 48252
48251 69315 0:0 48252
48251 69316 21:0 48318
48316 69317 0:0 48318
48320 69347 21:0 48328
48327 69349 0:0 48328
48327 69348 0:0 48328
48328 69350 21:0 48394
48396 69380 0:0 48399
48401 69381 21:0 48459
48403 69382 0:0 48404
48458 69383 0:0 48470
48472 69413 0:0 48475
48477 69414 21:0 48535
48479 69415 0:0 48480
48534 69416 0:0 48546
48548 69446 21:0 48556
48555 69448 0:0 48556
48555 69447 21:0 48622
48620 69449 0:0 48622
48624 69479 0:0 48627
48629 69481 21:0 48687
48631 69480 0:0 48632
48686 69482 0:0 48698
48700 69512 0:0 48703
48705 69513 21:0 48763
48707 69514 0:0 48708
48874 68103 1:0 49013
48875 68072 1:0 49134
48884 68071 1:0 49133
48884 68070 1:0 49144
48890 68038 1:0 49264
48903 342 21:0 48917
48910 68037 1:0 49275
48923 68005 1:0 49395
49005 68006 1:0 49396
49006 68004 1:0 49406
49015 67974 1:0 49519
49015 67972 1:0 49526
49021 67971 1:0 49537
49026 67941 1:0 49650
49054 67940 1:0 49658
49136 67938 1:0 49668
49137 67908 1:0 49781
49146 67906 1:0 49788
49146 67907 1:0 49789
49152 67905 1:0 49799
49172 67875 1:0 49912
49185 67874 1:0 49920
49267 67873 1:0 49919
49268 67872 1:0 49930
49277 67842 1:0 50043
49277 67840 1:0 50050
49285 67841 1:0 50051
49303 67839 1:0 50061
49398 67809 1:0 50174
49399 67807 1:0 50181
49399 67808 1:0 50182
49408 67806 1:0 50192
49408 67776 1:0 50305
49416 67774 1:0 50312
49435 67775 1:0 50313
49529 67773 1:0 50323
49530 67743 1:0 50436
49539 67741 1:0 50443
49539 67742 1:0 50444
49545 67740 1:0 50454
49549 67710 1:0 50567
49566 67709 1:0 50575
49660 67708 1:0 50574
49661 67707 1:0 50585
49670 67677 1:0 50698
49670 67675 1:0 50705
49676 67676 1:0 50706
49680 67674 1:0 50716
49681 343 1:0 52177
49709 67644 1:0 50829
49791 67643 1:0 50837
49792 67642 1:0 50836
49801 67641 1:0 50847
51027 70525 21:0 51035
51034 70527 0:0 51035
51034 70526 21:0 51101
51099 70528 0:0 51101
51103 70558 21:0 51111
51110 70560 0:0 51111
51110 70559 21:0 51177
51175 70561 0:0 51177
51179 70591 21:0 51187
51186 70592 0:0 51187
51186 70593 21:0 51253
51251 70594 0:0 51253
51255 70624 21:0 51263
51262 70625 0:0 51263
51262 70626 21:0 51329
51327 70627 0:0 51329
51331 70657 21:0 51339
51338 70658 0:0 51339
51338 70659 21:0 51405
51403 70660 0:0 51405
51407 70690 21:0 51415
51414 70692 0:0 51415
51414 70691 21:0 51481
51479 70693 0:0 51481
51483 70723 21:0 51491
51490 70724 0:0 51491
51490 70725 21:0 51557
51555 70726 0:0 51557
51559 70756 21:0 51567
51566 70758 0:0 51567
51566 70757 21:0 51633
51635 70789 21:0 51643
51642 70791 0:0 51643
51642 70790 21:0 51709
51711 70822 0:0 51714
51716 70823 21:0 51774
51718 70824 0:0 51719
51773 70825 0:0 51785
51787 70855 0:0 51790
51792 70857 21:0 51850
51849 70858 0:0 51861
51863 70888 21:0 51871
51871 70891 21:0 51937
51939 70921 0:0 51942
51944 70923 21:0 52002
51946 70922 0:0 51947
52001 70924 0:0 52013
52020 70955 21:0 52078
52091 70987 0:0 52094
52096 70989 21:0 52154
52098 70988 0:0 52099
52189 69513 1:0 52448
52190 69514 1:0 52449
52199 69512 1:0 52459
52199 69482 1:0 52572
52205 69481 1:0 52580
52218 343 21:0 52232
52225 69480 1:0 52579
52238 69479 1:0 52590
52320 69449 1:0 52703
52321 69447 1:0 52710
52330 69448 1:0 52711
52330 69446 1:0 52721
52336 69416 1:0 52834
52341 69414 1:0 52841
52369 69415 1:0 52842
52451 69413 1:0 52852
52452 69383 1:0 52965
52461 69381 1:0 52972
52461 69382 1:0 52973
52467 69380 1:0 52983
52487 69350 1:0 53096
52500 69349 1:0 53104
52582 69348 1:0 53103
52583 69347 1:0 53114
52592 69317 1:0 53227
52592 69316 1:0 53235
52600 69315 1:0 53234
52618 69314 1:0 53245
52713 69284 1:0 53358
52714 69282 1:0 53365
52714 69283 1:0 53366
52723 69281 1:0 53376
52723 69251 1:0 53489
52731 69250 1:0 53497
52750 69249 1:0 53496
52844 69248 1:0 53507
52845 69218 1:0 53620
52854 69216 1:0 53627
52854 69217 1:0 53628
52860 69215 1:0 53638
52864 69185 1:0 53751
52881 69183 1:0 53758
52975 69184 1:0 53759
52976 69182 1:0 53769
52985 69152 1:0 53882
52985 69150 1:0 53889
52991 69151 1:0 53890
52995 69149 1:0 53900
53024 69119 1:0 54013
53106 69117 1:0 54020
53107 69118 1:0 54021
53116 69116 1:0 54031
53116 69086 1:0 54144
53122 69085 1:0 54152
53127 69084 1:0 54151
53142 344 1:0 55492
53155 69083 1:0 54162
53237 70989 1:0 55633
54342 71967 21:0 54350
54349 71969 0:0 54350
54349 71968 21:0 54416
54414 71970 0:0 54416
54418 72000 21:0 54426
54425 72001 0:0 54426
54425 72002 21:0 54492
54490 72003 0:0 54492
54494 72033 21:0 54502
54501 72034 0:0 54502
54501 72035 21:0 54568
54566 72036 0:0 54568
54570 72066 21:0 54578
54577 72067 0:0 54578
54577 72068 21:0 54644
54642 72069 0:0 54644
54646 72099 21:0 54654
54653 72100 0:0 54654
54653 72101 21:0 54720
54718 72102 0:0 54720
54722 72132 21:0 54730
54729 72133 0:0 54730
54729 72134 21:0 54796
54794 72135 0:0 54796
54798 72165 21:0 54806
54805 72167 0:0 54806
54805 72166 0:0 54806
54806 72168 21:0 54872
54874 72198 21:0 54882
54881 72199 0:0 54882
54881 72200 0:0 54882
54882 72201 21:0 54948
54950 72231 0:0 54953
54955 72233 21:0 55013
54957 72232 0:0 54958
55012 72234 0:0 55024
55026 72264 21:0 55034
55033 72265 0:0 55034
55033 72266 0:0 55034
55034 72267 21:0 55100
55102 72297 21:0 55110
55109 72299 0:0 55110
55109 72298 21:0 55176
55174 72300 0:0 55176
55178 72330 0:0 55181
55183 72331 21:0 55241
55185 72332 0:0 55186
55240 72333 0:0 55252
55254 72363 21:0 55262
55261 72364 0:0 55262
55261 72365 21:0 55328
55326 72366 0:0 55328
55330 72396 0:0 55333
55335 72398 21:0 55393
55337 72397 0:0 55338
55392 72399 0:0 55404
55504 70988 1:0 55632
55505 70987 1:0 55643
55514 70955 1:0 55763
55514 70924 1:0 55887
55520 70923 1:0 55895
55533 344 21:0 55547
55540 70922 1:0 55894
55553 70921 1:0 55905
55635 70891 1:0 56018
55636 70888 1:0 56036
55645 70858 1:0 56149
55645 70857 1:0 56157
55651 70855 1:0 56167
55656 70825 1:0 56280
55684 70823 1:0 56287
55766 70824 1:0 56288
55767 70822 1:0 56298
55776 70790 1:0 56418
55776 70791 1:0 56419
55782 70789 1:0 56429
55802 70757 1:0 56549
55815 70758 1:0 56550
55897 70756 1:0 56560
55898 70726 1:0 56673
55907 70724 1:0 56680
55907 70725 1:0 56681
55915 70723 1:0 56691
55933 70693 1:0 56804
56028 70691 1:0 56811
56029 70692 1:0 56812
56029 70690 1:0 56822
56038 70660 1:0 56935
56038 70659 1:0 56943
56046 70658 1:0 56942
56065 70657 1:0 56953
56159 70627 1:0 57066
56160 70626 1:0 57074
56169 70625 1:0 57073
56169 70624 1:0 57084
56175 70594 1:0 57197
56179 70593 1:0 57205
56196 70592 1:0 57204
56290 70591 1:0 57215
56291 70561 1:0 57328
56300 70559 1:0 57335
56300 70560 1:0 57336
56306 70558 1:0 57346
56310 70528 1:0 57459
56311 345 1:0 58807
56339 70526 1:0 57466
56421 70527 1:0 57467
56422 70525 1:0 57477
57657 73409 21:0 57665
57664 73411 0:0 57665
57664 73410 21:0 57731
57729 73412 0:0 57731
57733 73442 21:0 57741
57740 73443 0:0 57741
57740 73444 21:0 57807
57805 73445 0:0 57807
57809 73475 21:0 57817
57816 73476 0:0 57817
57816 73477 21:0 57883
57881 73478 0:0 57883
57885 73508 21:0 57893
57892 73510 0:0 57893
57892 73509 21:0 57959
57957 73511 0:0 57959
57961 73541 21:0 57969
57968 73542 0:0 57969
57968 73543 21:0 58035
58033 73544 0:0 58035
58037 73574 21:0 58045
58044 73575 0:0 58045
58044 73576 21:0 58111
58109 73577 0:0 58111
58113 73607 21:0 58121
58120 73608 0:0 58121
58120 73609 21:0 58187
58185 73610 0:0 58187
58189 73640 21:0 58197
58196 73641 0:0 58197
58196 73642 21:0 58263
58261 73643 0:0 58263
58265 73673 21:0 58273
58272 73675 0:0 58273
58272 73674 0:0 58273
58273 73676 21:0 58339
58341 73706 0:0 58344
58346 73707 21:0 58404
58348 73708 0:0 58349
58403 73709 0:0 58415
58422 73741 21:0 58480
58424 73740 0:0 58425
58479 73742 0:0 58491
58493 73772 21:0 58501
58500 73774 0:0 58501
58501 73775 21:0 58567
58569 73805 21:0 58577
58645 73838 21:0 58653
58653 73841 21:0 58719
58721 73871 21:0 58729
58819 72399 1:0 59071
58820 72398 1:0 59079
58829 72397 1:0 59078
58829 72396 1:0 59089
58835 72366 1:0 59202
58848 345 21:0 58862
58855 72365 1:0 59210
58868 72364 1:0 59209
58950 72363 1:0 59220
58951 72333 1:0 59333
58960 72331 1:0 59340
58960 72332 1:0 59341
58966 72330 1:0 59351
58971 72300 1:0 59464
58999 72298 1:0 59471
59081 72299 1:0 59472
59082 72297 1:0 59482
59091 72267 1:0 59595
59091 72265 1:0 59602
59097 72266 1:0 59603
59117 72264 1:0 59613
59130 72234 1:0 59726
59212 72233 1:0 59734
59213 72232 1:0 59733
59222 72231 1:0 59744
59222 72201 1:0 59857
59230 72199 1:0 59864
59248 72200 1:0 59865
59343 72198 1:0 59875
59344 72168 1:0 59988
59344 72167 1:0 59996
59353 72166 1:0 59995
59353 72165 1:0 60006
59361 72135 1:0 60119
59380 72134 1:0 60127
59474 72133 1:0 60126
59475 72132 1:0 60137
59484 72102 1:0 60250
59484 72101 1:0 60258
59490 72100 1:0 60257
59494 72099 1:0 60268
59511 72069 1:0 60381
59605 72068 1:0 60389
59606 72067 1:0 60388
59615 72066 1:0 60399
59615 72036 1:0 60512
59621 72035 1:0 60520
59625 72034 1:0 60519
59654 72033 1:0 60530
59736 72003 1:0 60643
59737 72002 1:0 60651
59746 72001 1:0 60650
59746 72000 1:0 60661
59752 71970 1:0 60774
59757 71968 1:0 60781
59772 346 1:0 62122
59785 71969 1:0 60782
59867 71967 1:0 60792
60972 74851 21:0 60980
60979 74852 0:0 60980
60979 74853 21:0 61046
61044 74854 0:0 61046
61048 74884 21:0 61056
61055 74885 0:0 61056
61055 74886 21:0 61122
61120 74887 0:0 61122
61124 74917 21:0 61132
61131 74918 0:0 61132
61131 74919 21:0 61198
61196 74920 0:0 61198
61200 74950 21:0 61208
61207 74951 0:0 61208
61207 74952 21:0 61274
61272 74953 0:0 61274
61276 74983 21:0 61284
61283 74984 0:0 61284
61283 74985 21:0 61350
61348 74986 0:0 61350
61352 75016 21:0 61360
61359 75018 0:0 61360
61359 75017 0:0 61360
61360 75019 21:0 61426
61428 75049 21:0 61436
61435 75051 0:0 61436
61435 75050 21:0 61502
61500 75052 0:0 61502
61504 75082 21:0 61512
61511 75083 0:0 61512
61511 75084 0:0 61512
61512 75085 21:0 61578
61580 75115 21:0 61588
61587 75117 0:0 61588
61587 75116 0:0 61588
61588 75118 21:0 61654
61656 75148 21:0 61664
61663 75150 0:0 61664
61663 75149 21:0 61730
61728 75151 0:0 61730
61732 75181 21:0 61740
61739 75182 0:0 61740
61739 75183 21:0 61806
61804 75184 0:0 61806
61808 75214 0:0 61811
61813 75216 21:0 61871
61815 75215 0:0 61816
61870 75217 0:0 61882
61884 75247 21:0 61892
61891 75248 0:0 61892
61891 75249 21:0 61958
61956 75250 0:0 61958
61960 75280 0:0 61963
61965 75282 21:0 62023
61967 75281 0:0 61968
62022 75283 0:0 62034
62134 73871 1:0 62273
62135 73841 1:0 62386
62144 73838 1:0 62404
62144 73805 1:0 62535
62150 73775 1:0 62648
62163 346 21:0 62177
62170 73774 1:0 62656
62183 73772 1:0 62666
62265 73742 1:0 62779
62266 73741 1:0 62787
62275 73740 1:0 62786
62275 73709 1:0 62910
62281 73707 1:0 62917
62286 73708 1:0 62918
62314 73706 1:0 62928
62396 73676 1:0 63041
62397 73674 1:0 63048
62406 73675 1:0 63049
62406 73673 1:0 63059
62412 73643 1:0 63172
62432 73642 1:0 63180
62445 73641 1:0 63179
62527 73640 1:0 63190
62528 73610 1:0 63303
62537 73608 1:0 63310
62537 73609 1:0 63311
62545 73607 1:0 63321
62563 73577 1:0 63434
62658 73576 1:0 63442
62659 73575 1:0 63441
62659 73574 1:0 63452
62668 73544 1:0 63565
62668 73543 1:0 63573
62676 73542 1:0 63572
62695 73541 1:0 63583
62789 73511 1:0 63696
62790 73509 1:0 63703
62799 73510 1:0 63704
62799 73508 1:0 63714
62805 73478 1:0 63827
62809 73477 1:0 63835
62826 73476 1:0 63834
62920 73475 1:0 63845
62921 73445 1:0 63958
62930 73443 1:0 63965
62930 73444 1:0 63966
62936 73442 1:0 63976
62940 73412 1:0 64089
62941 347 1:0 65437
62969 73410 1:0 64096
63051 73411 1:0 64097
63052 73409 1:0 64107
63061 75283 1:0 65701
64287 76293 21:0 64295
64294 76294 0:0 64295
64294 76295 21:0 64361
64359 76296 0:0 64361
64363 76326 21:0 64371
64370 76328 0:0 64371
64370 76327 21:0 64437
64435 76329 0:0 64437
64439 76359 21:0 64447
64446 76360 0:0 64447
64446 76361 21:0 64513
64511 76362 0:0 64513
64515 76392 21:0 64523
64522 76394 0:0 64523
64522 76393 21:0 64589
64587 76395 0:0 64589
64591 76425 21:0 64599
64598 76427 0:0 64599
64598 76426 21:0 64665
64663 76428 0:0 64665
64667 76458 21:0 64675
64674 76459 0:0 64675
64674 76460 21:0 64741
64739 76461 0:0 64741
64743 76491 21:0 64751
64750 76492 0:0 64751
64750 76493 21:0 64817
64815 76494 0:0 64817
64819 76524 21:0 64827
64826 76526 0:0 64827
64826 76525 21:0 64893
64891 76527 0:0 64893
64895 76557 0:0 64898
64900 76558 21:0 64958
64902 76559 0:0 64903
64957 76560 0:0 64969
64971 76590 0:0 64974
64976 76592 21:0 65034
64978 76591 0:0 64979
65047 76623 21:0 65055
65054 76625 0:0 65055
65055 76626 21:0 65121
65128 76657 21:0 65186
65185 76659 0:0 65197
65199 76689 21:0 65207
65206 76690 0:0 65207
65206 76691 21:0 65273
65280 76723 21:0 65338
65351 76755 0:0 65354
65356 76757 21:0 65414
65358 76756 0:0 65359
65449 75282 1:0 65709
65450 75281 1:0 65708
65459 75280 1:0 65719
65459 75250 1:0 65832
65465 75249 1:0 65840
65478 347 21:0 65492
65485 75248 1:0 65839
65498 75247 1:0 65850
65580 75217 1:0 65963
65581 75216 1:0 65971
65590 75215 1:0 65970
65590 75214 1:0 65981
65596 75184 1:0 66094
65601 75183 1:0 66102
65629 75182 1:0 66101
65711 75181 1:0 66112
65712 75151 1:0 66225
65721 75149 1:0 66232
65721 75150 1:0 66233
65727 75148 1:0 66243
65747 75118 1:0 66356
65760 75117 1:0 66364
65842 75116 1:0 66363
65843 75115 1:0 66374
65852 75085 1:0 66487
65852 75083 1:0 66494
65860 75084 1:0 66495
65878 75082 1:0 66505
65973 75052 1:0 66618
65974 75050 1:0 66625
65974 75051 1:0 66626
65983 75049 1:0 66636
65983 75019 1:0 66749
65991 75018 1:0 66757
66010 75017 1:0 66756
66104 75016 1:0 66767
66105 74986 1:0 66880
66114 74984 1:0 66887
66114 74985 1:0 66888
66120 74983 1:0 66898
66124 74953 1:0 67011
66141 74952 1:0 67019
66235 74951 1:0 67018
66236 74950 1:0 67029
66245 74920 1:0 67142
66245 74919 1:0 67150
66251 74918 1:0 67149
66255 74917 1:0 67160
66284 74887 1:0 67273
66366 74886 1:0 67281
66367 74885 1:0 67280
66376 74884 1:0 67291
66376 74854 1:0 67404
66382 74853 1:0 67412
66387 74852 1:0 67411
66402 348 1:0 68752
66415 74851 1:0 67422
67602 77735 21:0 67610
67609 77737 0:0 67610
67609 77736 21:0 67676
67674 77738 0:0 67676
67678 77768 21:0 67686
67685 77769 0:0 67686
67685 77770 21:0 67752
67750 77771 0:0 67752
67754 77801 21:0 67762
67761 77803 0:0 67762
67761 77802 21:0 67828
67826 77804 0:0 67828
67830 77834 21:0 67838
67837 77835 0:0 67838
67837 77836 21:0 67904
67902 77837 0:0 67904
67906 77867 21:0 67914
67913 77869 0:0 67914
67913 77868 21:0 67980
67978 77870 0:0 67980
67982 77900 21:0 67990
67989 77902 0:0 67990
67989 77901 21:0 68056
68054 77903 0:0 68056
68058 77933 21:0 68066
68065 77935 0:0 68066
68065 77934 21:0 68132
68130 77936 0:0 68132
68134 77966 21:0 68142
68141 77968 0:0 68142
68141 77967 21:0 68208
68206 77969 0:0 68208
68210 77999 0:0 68213
68215 78001 21:0 68273
68217 78000 0:0 68218
68272 78002 0:0 68284
68286 78032 0:0 68289
68291 78033 21:0 68347
68293 78034 0:0 68294
68346 78035 0:0 68360
68362 78065 0:0 68365
68367 78067 21:0 68425
68369 78066 0:0 68370
68424 78068 0:0 68436
68438 78098 0:0 68441
68443 78100 21:0 68501
68445 78099 0:0 68446
68500 78101 0:0 68512
68514 78131 0:0 68517
68519 78133 21:0 68577
68521 78132 0:0 68522
68576 78134 0:0 68588
68590 78164 0:0 68593
68595 78166 21:0 68653
68597 78165 0:0 68598
68764 76757 1:0 68893
68765 76756 1:0 68892
68774 76755 1:0 68903
68774 76723 1:0 69023
68780 76691 1:0 69155
68793 348 21:0 68807
68800 76690 1:0 69154
68813 76689 1:0 69165
68895 76659 1:0 69278
68896 76657 1:0 69285
68905 76626 1:0 69409
68905 76625 1:0 69417
68911 76623 1:0 69427
68916 76592 1:0 69548
68944 76591 1:0 69547
69026 76590 1:0 69558
69027 76560 1:0 69671
69036 76558 1:0 69678
69036 76559 1:0 69679
69042 76557 1:0 69689
69062 76527 1:0 69802
69075 76525 1:0 69809
69157 76526 1:0 69810
69158 76524 1:0 69820
69167 76494 1:0 69933
69167 76493 1:0 69941
69175 76492 1:0 69940
69193 76491 1:0 69951
69288 76461 1:0 70064
69289 76459 1:0 70071
69289 76460 1:0 70072
69298 76458 1:0 70082
69298 76428 1:0 70195
69306 76426 1:0 70202
69325 76427 1:0 70203
69419 76425 1:0 70213
69420 76395 1:0 70326
69429 76393 1:0 70333
69429 76394 1:0 70334
69435 76392 1:0 70344
69439 76362 1:0 70457
69456 76361 1:0 70465
69550 76360 1:0 70464
69551 76359 1:0 70475
69560 76329 1:0 70588
69560 76327 1:0 70595
69566 76328 1:0 70596
69570 76326 1:0 70606
69571 349 1:0 72067
69599 76296 1:0 70719
69681 76295 1:0 70727
69682 76294 1:0 70726
69691 76293 1:0 70737
70917 79177 21:0 70925
70924 79178 0:0 70925
70924 79179 21:0 70991
70989 79180 0:0 70991
70993 79210 21:0 71001
71000 79211 0:0 71001
71000 79212 21:0 71067
71065 79213 0:0 71067
71069 79243 21:0 71077
71076 79244 0:0 71077
71076 79245 21:0 71143
71141 79246 0:0 71143
71145 79276 21:0 71153
71152 79277 0:0 71153
71152 79278 21:0 71219
71217 79279 0:0 71219
71221 79309 21:0 71229
71228 79311 0:0 71229
71228 79310 21:0 71295
71293 79312 0:0 71295
71297 79342 21:0 71305
71304 79343 0:0 71305
71304 79344 0:0 71305
71305 79345 21:0 71371
71373 79375 21:0 71381
71380 79377 0:0 71381
71380 79376 0:0 71381
71381 79378 21:0 71447
71449 79408 21:0 71457
71456 79409 0:0 71457
71456 79410 0:0 71457
71457 79411 21:0 71523
71525 79441 21:0 71533
71532 79442 0:0 71533
71532 79443 21:0 71599
71601 79474 0:0 71604
71606 79476 21:0 71664
71608 79475 0:0 71609
71663 79477 0:0 71675
71677 79507 0:0 71680
71682 79509 21:0 71740
71739 79510 0:0 71751
71753 79540 0:0 71756
71758 79541 21:0 71816
71760 79542 0:0 71761
71815 79543 0:0 71827
71829 79573 0:0 71832
71834 79575 21:0 71892
71913 79609 21:0 71979
71986 79640 21:0 72044
71988 79641 0:0 71989
72079 78166 1:0 72339
72080 78165 1:0 72338
72089 78164 1:0 72349
72089 78134 1:0 72462
72095 78133 1:0 72470
72108 349 21:0 72122
72115 78132 1:0 72469
72128 78131 1:0 72480
72210 78101 1:0 72593
72211 78100 1:0 72601
72220 78099 1:0 72600
72220 78098 1:0 72611
72226 78068 1:0 72724
72231 78067 1:0 72732
72259 78066 1:0 72731
72341 78065 1:0 72742
72342 78035 1:0 72855
72351 78033 1:0 72862
72351 78034 1:0 72863
72357 78032 1:0 72873
72377 78002 1:0 72986
72390 78001 1:0 72994
72472 78000 1:0 72993
72473 77999 1:0 73004
72482 77969 1:0 73117
72482 77967 1:0 73124
72490 77968 1:0 73125
72508 77966 1:0 73135
72603 77936 1:0 73248
72604 77934 1:0 73255
72604 77935 1:0 73256
72613 77933 1:0 73266
72613 77903 1:0 73379
72621 77901 1:0 73386
72640 77902 1:0 73387
72734 77900 1:0 73397
72735 77870 1:0 73510
72744 77868 1:0 73517
72744 77869 1:0 73518
72750 77867 1:0 73528
72754 77837 1:0 73641
72771 77836 1:0 73649
72865 77835 1:0 73648
72866 77834 1:0 73659
72875 77804 1:0 73772
72875 77802 1:0 73779
72881 77803 1:0 73780
72885 77801 1:0 73790
72914 77771 1:0 73903
72996 77770 1:0 73911
72997 77769 1:0 73910
73006 77768 1:0 73921
73006 77738 1:0 74034
73012 77736 1:0 74041
73017 77737 1:0 74042
73032 350 1:0 75382
73045 77735 1:0 74052
74232 80619 21:0 74240
74239 80621 0:0 74240
74239 80620 21:0 74306
74304 80622 0:0 74306
74308 80652 21:0 74316
74315 80653 0:0 74316
74315 80654 21:0 74382
74380 80655 0:0 74382
74384 80685 21:0 74392
74391 80686 0:0 74392
74391 80687 21:0 74458
74456 80688 0:0 74458
74460 80718 21:0 74468
74467 80719 0:0 74468
74467 80720 21:0 74534
74532 80721 0:0 74534
74536 80751 21:0 74544
74543 80753 0:0 74544
74543 80752 21:0 74610
74608 80754 0:0 74610
74612 80784 21:0 74620
74619 80785 0:0 74620
74619 80786 21:0 74686
74684 80787 0:0 74686
74688 80817 21:0 74696
74695 80818 0:0 74696
74695 80819 21:0 74762
74760 80820 0:0 74762
74764 80850 21:0 74772
74771 80852 0:0 74772
74771 80851 21:0 74838
74836 80853 0:0 74838
74840 80883 21:0 74848
74847 80884 0:0 74848
74847 80885 0:0 74848
74848 80886 21:0 74914
74916 80916 0:0 74919
74921 80917 21:0 74979
74923 80918 0:0 74924
74978 80919 0:0 74990
74992 80949 21:0 75000
74999 80951 0:0 75000
74999 80950 21:0 75066
75064 80952 0:0 75066
75068 80982 0:0 75071
75073 80984 21:0 75131
75075 80983 0:0 75076
75130 80985 0:0 75142
75144 81015 21:0 75152
75151 81017 0:0 75152
75151 81016 21:0 75218
75220 81048 0:0 75223
75225 81049 21:0 75283
75227 81050 0:0 75228
75301 81083 21:0 75359
75394 79640 1:0 75522
75395 79641 1:0 75523
75404 79609 1:0 75646
75404 79575 1:0 75785
75410 79573 1:0 75795
75423 350 21:0 75437
75430 79543 1:0 75908
75443 79541 1:0 75915
75525 79542 1:0 75916
75526 79540 1:0 75926
75535 79510 1:0 76039
75535 79509 1:0 76047
75541 79507 1:0 76057
75546 79477 1:0 76170
75574 79476 1:0 76178
75656 79475 1:0 76177
75657 79474 1:0 76188
75666 79442 1:0 76308
75666 79443 1:0 76309
75672 79441 1:0 76319
75692 79411 1:0 76432
75705 79409 1:0 76439
75787 79410 1:0 76440
75788 79408 1:0 76450
75797 79378 1:0 76563
75797 79376 1:0 76570
75805 79377 1:0 76571
75823 79375 1:0 76581
75918 79345 1:0 76694
75919 79343 1:0 76701
75919 79344 1:0 76702
75928 79342 1:0 76712
75928 79312 1:0 76825
75936 79310 1:0 76832
75955 79311 1:0 76833
76049 79309 1:0 76843
76050 79279 1:0 76956
76059 79277 1:0 76963
76059 79278 1:0 76964
76065 79276 1:0 76974
76069 79246 1:0 77087
76086 79245 1:0 77095
76180 79244 1:0 77094
76181 79243 1:0 77105
76190 79213 1:0 77218
76190 79212 1:0 77226
76196 79211 1:0 77225
76200 79210 1:0 77236
76201 351 1:0 78697
76229 79180 1:0 77349
76311 79179 1:0 77357
76312 79178 1:0 77356
76321 79177 1:0 77367
77547 82061 21:0 77555
77554 82062 0:0 77555
77554 82063 21:0 77621
77619 82064 0:0 77621
77623 82094 21:0 77631
77630 82096 0:0 77631
77630 82095 21:0 77697
77695 82097 0:0 77697
77699 82127 21:0 77707
77706 82128 0:0 77707
77706 82129 0:0 77707
77707 82130 21:0 77773
77775 82160 21:0 77783
77782 82161 0:0 77783
77782 82162 21:0 77849
77847 82163 0:0 77849
77851 82193 21:0 77859
77858 82195 0:0 77859
77858 82194 21:0 77925
77923 82196 0:0 77925
77927 82226 21:0 77935
77934 82227 0:0 77935
77934 82228 0:0 77935
77935 82229 21:0 78001
78003 82259 21:0 78011
78010 82260 0:0 78011
78010 82261 21:0 78077
78075 82262 0:0 78077
78079 82292 21:0 78087
78086 82293 0:0 78087
78086 82294 0:0 78087
78087 82295 21:0 78153
78155 82325 0:0 78158
78160 82327 21:0 78218
78162 82326 0:0 78163
78217 82328 0:0 78229
78231 82358 21:0 78239
78238 82360 0:0 78239
78238 82359 21:0 78305
78303 82361 0:0 78305
78307 82391 0:0 78310
78312 82393 21:0 78370
78314 82392 0:0 78315
78369 82394 0:0 78381
78383 82424 21:0 78391
78390 82425 21:0 78457
78455 82427 0:0 78457
78459 82457 21:0 78467
78466 82459 0:0 78467
78467 82460 21:0 78533
78540 82492 21:0 78598
78709 81083 1:0 78838
78710 81049 1:0 78968
78719 81050 1:0 78969
78719 81048 1:0 78979
78725 81016 1:0 79099
78738 351 21:0 78752
78745 81017 1:0 79100
78758 81015 1:0 79110
78840 80985 1:0 79223
78841 80984 1:0 79231
78850 80983 1:0 79230
78850 80982 1:0 79241
78856 80952 1:0 79354
78861 80950 1:0 79361
78889 80951 1:0 79362
78971 80949 1:0 79372
78972 80919 1:0 79485
78981 80917 1:0 79492
78981 80918 1:0 79493
78987 80916 1:0 79503
79007 80886 1:0 79616
79020 80884 1:0 79623
79102 80885 1:0 79624
79103 80883 1:0 79634
79112 80853 1:0 79747
79112 80851 1:0 79754
79120 80852 1:0 79755
79138 80850 1:0 79765
79233 80820 1:0 79878
79234 80818 1:0 79885
79234 80819 1:0 79886
79243 80817 1:0 79896
79243 80787 1:0 80009
79251 80786 1:0 80017
79270 80785 1:0 80016
79364 80784 1:0 80027
79365 80754 1:0 80140
79374 80752 1:0 80147
79374 80753 1:0 80148
79380 80751 1:0 80158
79384 80721 1:0 80271
79401 80720 1:0 80279
79495 80719 1:0 80278
79496 80718 1:0 80289
79505 80688 1:0 80402
79505 80687 1:0 80410
79511 80686 1:0 80409
79515 80685 1:0 80420
79544 80655 1:0 80533
79626 80654 1:0 80541
79627 80653 1:0 80540
79636 80652 1:0 80551
79636 80622 1:0 80664
79642 80620 1:0 80671
79647 80621 1:0 80672
79662 352 1:0 82012
79675 80619 1:0 80682
80862 83503 21:0 80870
80869 83504 0:0 80870
80869 83505 21:0 80936
80934 83506 0:0 80936
80938 83536 21:0 80946
80945 83537 0:0 80946
80945 83538 21:0 81012
81010 83539 0:0 81012
81014 83569 21:0 81022
81021 83570 0:0 81022
81021 83571 21:0 81088
81086 83572 0:0 81088
81090 83602 21:0 81098
81097 83604 0:0 81098
81097 83603 21:0 81164
81162 83605 0:0 81164
81166 83635 21:0 81174
81173 83637 0:0 81174
81173 83636 21:0 81240
81238 83638 0:0 81240
81242 83668 21:0 81250
81249 83670 0:0 81250
81249 83669 21:0 81316
81314 83671 0:0 81316
81318 83701 21:0 81326
81325 83702 0:0 81326
81325 83703 0:0 81326
81326 83704 21:0 81392
81394 83734 21:0 81402
81401 83736 0:0 81402
81401 83735 21:0 81468
81466 83737 0:0 81468
81470 83767 21:0 81478
81477 83769 0:0 81478
81477 83768 0:0 81478
81478 83770 21:0 81544
81546 83800 21:0 81554
81553 83802 0:0 81554
81553 83801 0:0 81554
81554 83803 21:0 81620
81622 83833 21:0 81630
81629 83835 0:0 81630
81629 83834 21:0 81696
81694 83836 0:0 81696
81698 83866 21:0 81706
81705 83867 0:0 81706
81705 83868 21:0 81772
81770 83869 0:0 81772
81774 83899 0:0 81777
81779 83900 21:0 81837
81781 83901 0:0 81782
81836 83902 0:0 81848
81855 83933 21:0 81913
81931 83966 21:0 81989
81933 83967 0:0 81934
82024 82492 1:0 82284
82025 82460 1:0 82407
82034 82459 1:0 82415
82034 82457 1:0 82425
82040 82427 1:0 82538
82053 352 21:0 82067
82060 82425 1:0 82545
82073 82424 1:0 82556
82155 82394 1:0 82669
82156 82393 1:0 82677
82165 82392 1:0 82676
82165 82391 1:0 82687
82171 82361 1:0 82800
82176 82359 1:0 82807
82204 82360 1:0 82808
82286 82358 1:0 82818
82287 82328 1:0 82931
82296 82326 1:0 82938
82296 82327 1:0 82939
82302 82325 1:0 82949
82322 82295 1:0 83062
82335 82294 1:0 83070
82417 82293 1:0 83069
82418 82292 1:0 83080
82427 82262 1:0 83193
82427 82261 1:0 83201
82435 82260 1:0 83200
82453 82259 1:0 83211
82548 82229 1:0 83324
82549 82227 1:0 83331
82549 82228 1:0 83332
82558 82226 1:0 83342
82558 82196 1:0 83455
82566 82194 1:0 83462
82585 82195 1:0 83463
82679 82193 1:0 83473
82680 82163 1:0 83586
82689 82161 1:0 83593
82689 82162 1:0 83594
82695 82160 1:0 83604
82699 82130 1:0 83717
82716 82129 1:0 83725
82810 82128 1:0 83724
82811 82127 1:0 83735
82820 82097 1:0 83848
82820 82095 1:0 83855
82826 82096 1:0 83856
82830 82094 1:0 83866
82831 353 1:0 85327
82859 82064 1:0 83979
82941 82063 1:0 83987
82942 82062 1:0 83986
82951 82061 1:0 83997
82951 83966 1:0 85467
82957 83967 1:0 85468
82977 83933 1:0 85598
84177 84945 21:0 84185
84184 84947 0:0 84185
84184 84946 21:0 84251
84249 84948 0:0 84251
84253 84978 21:0 84261
84260 84979 0:0 84261
84260 84980 21:0 84327
84325 84981 0:0 84327
84329 85011 21:0 84337
84336 85012 0:0 84337
84336 85013 21:0 84403
84401 85014 0:0 84403
84405 85044 21:0 84413
84412 85045 0:0 84413
84412 85046 21:0 84479
84477 85047 0:0 84479
84481 85077 21:0 84489
84488 85079 0:0 84489
84488 85078 21:0 84555
84553 85080 0:0 84555
84557 85110 21:0 84565
84564 85111 0:0 84565
84564 85112 0:0 84565
84565 85113 21:0 84631
84633 85143 21:0 84641
84640 85144 0:0 84641
84640 85145 21:0 84707
84705 85146 0:0 84707
84709 85176 21:0 84717
84716 85177 0:0 84717
84716 85178 21:0 84783
84781 85179 0:0 84783
84785 85209 21:0 84793
84792 85211 0:0 84793
84792 85210 21:0 84859
84857 85212 0:0 84859
84861 85242 0:0 84864
84866 85244 21:0 84924
84868 85243 0:0 84869
84923 85245 0:0 84935
84937 85275 0:0 84940
84942 85277 21:0 85000
84944 85276 0:0 84945
84999 85278 0:0 85011
85013 85308 0:0 85016
85018 85309 21:0 85076
85020 85310 0:0 85021
85075 85311 0:0 85087
85089 85341 21:0 85097
85097 85344 21:0 85163
85165 85374 21:0 85173
85173 85377 21:0 85239
85241 85407 21:0 85249
85248 85409 21:0 85315
85339 83902 1:0 85722
85340 83900 1:0 85729
85349 83901 1:0 85730
85349 83899 1:0 85740
85355 83869 1:0 85853
85368 353 21:0 85382
85375 83868 1:0 85861
85388 83867 1:0 85860
85470 83866 1:0 85871
85471 83836 1:0 85984
85480 83834 1:0 85991
85480 83835 1:0 85992
85486 83833 1:0 86002
85491 83803 1:0 86115
85519 83801 1:0 86122
85601 83802 1:0 86123
85602 83800 1:0 86133
85611 83770 1:0 86246
85611 83769 1:0 86254
85617 83768 1:0 86253
85637 83767 1:0 86264
85650 83737 1:0 86377
85732 83735 1:0 86384
85733 83736 1:0 86385
85742 83734 1:0 86395
85742 83704 1:0 86508
85750 83702 1:0 86515
85768 83703 1:0 86516
85863 83701 1:0 86526
85864 83671 1:0 86639
85864 83669 1:0 86646
85873 83670 1:0 86647
85873 83668 1:0 86657
85881 83638 1:0 86770
85900 83636 1:0 86777
85994 83637 1:0 86778
85995 83635 1:0 86788
86004 83605 1:0 86901
86004 83603 1:0 86908
86010 83604 1:0 86909
86014 83602 1:0 86919
86031 83572 1:0 87032
86125 83571 1:0 87040
86126 83570 1:0 87039
86135 83569 1:0 87050
86135 83539 1:0 87163
86141 83538 1:0 87171
86145 83537 1:0 87170
86146 354 1:0 88642
86174 83536 1:0 87181
86256 83506 1:0 87294
86257 83505 1:0 87302
86266 83504 1:0 87301
86266 83503 1:0 87312
87492 86387 21:0 87500
87499 86389 0:0 87500
87499 86388 21:0 87566
87564 86390 0:0 87566
87568 86420 21:0 87576
87575 86421 0:0 87576
87575 86422 21:0 87642
87640 86423 0:0 87642
87644 86453 21:0 87652
87651 86454 0:0 87652
87651 86455 21:0 87718
87716 86456 0:0 87718
87720 86486 21:0 87728
87727 86487 0:0 87728
87727 86488 21:0 87794
87792 86489 0:0 87794
87796 86519 21:0 87804
87803 86521 0:0 87804
87803 86520 21:0 87870
87868 86522 0:0 87870
87872 86552 21:0 87880
87879 86554 0:0 87880
87879 86553 21:0 87946
87944 86555 0:0 87946
87948 86585 21:0 87956
87955 86586 0:0 87956
87955 86587 21:0 88022
88020 86588 0:0 88022
88024 86618 21:0 88032
88031 86620 0:0 88032
88031 86619 21:0 88098
88096 86621 0:0 88098
88100 86651 21:0 88108
88107 86653 0:0 88108
88107 86652 21:0 88174
88172 86654 0:0 88174
88176 86684 0:0 88179
88181 86685 21:0 88239
88183 86686 0:0 88184
88238 86687 0:0 88250
88257 86718 0:0 88260
88260 86720 21:0 88326
88328 86750 21:0 88336
88335 86751 0:0 88336
88335 86752 21:0 88402
88400 86753 0:0 88402
88404 86783 21:0 88412
88411 86784 0:0 88412
88411 86785 21:0 88478
88476 86786 0:0 88478
88480 86816 21:0 88488
88487 86817 21:0 88554
88654 85409 1:0 88783
88655 85407 1:0 88793
88664 85377 1:0 88906
88664 85374 1:0 88924
88670 85344 1:0 89037
88683 354 21:0 88697
88690 85341 1:0 89055
88703 85311 1:0 89168
88785 85309 1:0 89175
88786 85310 1:0 89176
88795 85308 1:0 89186
88795 85278 1:0 89299
88801 85277 1:0 89307
88806 85276 1:0 89306
88834 85275 1:0 89317
88916 85245 1:0 89430
88917 85244 1:0 89438
88926 85243 1:0 89437
88926 85242 1:0 89448
88932 85212 1:0 89561
88952 85210 1:0 89568
88965 85211 1:0 89569
89047 85209 1:0 89579
89048 85179 1:0 89692
89057 85177 1:0 89699
89057 85178 1:0 89700
89065 85176 1:0 89710
89083 85146 1:0 89823
89178 85145 1:0 89831
89179 85144 1:0 89830
89179 85143 1:0 89841
89188 85113 1:0 89954
89188 85112 1:0 89962
89196 85111 1:0 89961
89215 85110 1:0 89972
89309 85080 1:0 90085
89310 85078 1:0 90092
89319 85079 1:0 90093
89319 85077 1:0 90103
89325 85047 1:0 90216
89329 85046 1:0 90224
89346 85045 1:0 90223
89440 85044 1:0 90234
89441 85014 1:0 90347
89450 85012 1:0 90354
89450 85013 1:0 90355
89456 85011 1:0 90365
89460 84981 1:0 90478
89489 84980 1:0 90486
89571 84979 1:0 90485
89572 84978 1:0 90496
89581 84948 1:0 90609
89581 84946 1:0 90616
89587 84947 1:0 90617
89592 84945 1:0 90627
89607 355 1:0 91957
89620 86817 1:0 92228
89702 86816 1:0 92239
89703 86786 1:0 92352
89712 86785 1:0 92360
90807 87829 21:0 90815
90814 87831 0:0 90815
90814 87830 21:0 90881
90879 87832 0:0 90881
90883 87862 21:0 90891
90890 87864 0:0 90891
90890 87863 21:0 90957
90955 87865 0:0 90957
90959 87895 21:0 90967
90966 87897 0:0 90967
90966 87896 21:0 91033
91031 87898 0:0 91033
91035 87928 21:0 91043
91042 87929 0:0 91043
91042 87930 21:0 91109
91107 87931 0:0 91109
91111 87961 21:0 91119
91118 87962 0:0 91119
91118 87963 21:0 91185
91183 87964 0:0 91185
91187 87994 21:0 91195
91194 87995 0:0 91195
91194 87996 21:0 91261
91259 87997 0:0 91261
91263 88027 21:0 91271
91270 88029 0:0 91271
91270 88028 21:0 91337
91335 88030 0:0 91337
91339 88060 21:0 91347
91346 88062 0:0 91347
91346 88061 21:0 91413
91411 88063 0:0 91413
91415 88093 21:0 91423
91422 88095 0:0 91423
91422 88094 21:0 91489
91487 88096 0:0 91489
91491 88126 0:0 91494
91496 88128 21:0 91554
91498 88127 0:0 91499
91553 88129 0:0 91565
91567 88159 21:0 91575
91574 88160 0:0 91575
91574 88161 21:0 91641
91639 88162 0:0 91641
91643 88192 21:0 91651
91650 88193 0:0 91651
91650 88194 21:0 91717
91715 88195 0:0 91717
91719 88225 21:0 91727
91726 88227 0:0 91727
91726 88226 21:0 91793
91791 88228 0:0 91793
91795 88258 0:0 91798
91800 88260 21:0 91858
91802 88259 0:0 91803
91857 88261 0:0 91869
91871 88291 21:0 91879
91878 88293 21:0 91945
91969 86784 1:0 92359
91970 86783 1:0 92370
91979 86753 1:0 92483
91979 86752 1:0 92491
91985 86751 1:0 92490
91998 355 21:0 92012
92005 86750 1:0 92501
92018 86720 1:0 92614
92100 86718 1:0 92621
92101 86687 1:0 92745
92110 86685 1:0 92752
92110 86686 1:0 92753
92116 86684 1:0 92763
92121 86654 1:0 92876
92149 86652 1:0 92883
92231 86653 1:0 92884
92232 86651 1:0 92894
92241 86621 1:0 93007
92241 86619 1:0 93014
92247 86620 1:0 93015
92267 86618 1:0 93025
92280 86588 1:0 93138
92362 86587 1:0 93146
92363 86586 1:0 93145
92372 86585 1:0 93156
92372 86555 1:0 93269
92380 86553 1:0 93276
92398 86554 1:0 93277
92493 86552 1:0 93287
92494 86522 1:0 93400
92494 86520 1:0 93407
92503 86521 1:0 93408
92503 86519 1:0 93418
92511 86489 1:0 93531
92530 86488 1:0 93539
92624 86487 1:0 93538
92625 86486 1:0 93549
92634 86456 1:0 93662
92634 86455 1:0 93670
92640 86454 1:0 93669
92644 86453 1:0 93680
92661 86423 1:0 93793
92755 86422 1:0 93801
92756 86421 1:0 93800
92765 86420 1:0 93811
92765 86390 1:0 93924
92771 86388 1:0 93931
92775 86389 1:0 93932
92776 356 1:0 95272
92804 86387 1:0 93942
94122 89271 21:0 94130
94129 89273 0:0 94130
94129 89272 21:0 94196
94194 89274 0:0 94196
94198 89304 21:0 94206
94205 89305 0:0 94206
94205 89306 21:0 94272
94270 89307 0:0 94272
94274 89337 21:0 94282
94281 89339 0:0 94282
94281 89338 21:0 94348
94346 89340 0:0 94348
94350 89370 21:0 94358
94357 89372 0:0 94358
94357 89371 21:0 94424
94422 89373 0:0 94424
94426 89403 21:0 94434
94433 89404 0:0 94434
94433 89405 21:0 94500
94498 89406 0:0 94500
94502 89436 21:0 94510
94509 89437 0:0 94510
94510 89439 21:0 94576
94578 89469 21:0 94586
94585 89470 0:0 94586
94585 89471 0:0 94586
94586 89472 21:0 94652
94654 89502 21:0 94662
94661 89503 0:0 94662
94661 89504 0:0 94662
94662 89505 21:0 94728
94730 89535 21:0 94738
94737 89537 0:0 94738
94737 89536 0:0 94738
94738 89538 21:0 94804
94806 89568 0:0 94809
94811 89570 21:0 94869
94813 89569 0:0 94814
94868 89571 0:0 94880
94882 89601 21:0 94890
94889 89602 0:0 94890
94889 89603 21:0 94956
94963 89636 0:0 94966
94966 89637 21:0 95032
95039 89669 0:0 95042
95042 89670 21:0 95108
95115 89702 21:0 95173
95191 89735 21:0 95249
95284 88293 1:0 95413
95285 88291 1:0 95423
95294 88261 1:0 95536
95294 88260 1:0 95544
95300 88259 1:0 95543
95313 356 21:0 95327
95320 88258 1:0 95554
95333 88228 1:0 95667
95415 88226 1:0 95674
95416 88227 1:0 95675
95425 88225 1:0 95685
95425 88195 1:0 95798
95431 88194 1:0 95806
95436 88193 1:0 95805
95464 88192 1:0 95816
95546 88162 1:0 95929
95547 88161 1:0 95937
95556 88160 1:0 95936
95556 88159 1:0 95947
95562 88129 1:0 96060
95582 88128 1:0 96068
95595 88127 1:0 96067
95677 88126 1:0 96078
95678 88096 1:0 96191
95687 88094 1:0 96198
95687 88095 1:0 96199
95695 88093 1:0 96209
95713 88063 1:0 96322
95808 88061 1:0 96329
95809 88062 1:0 96330
95809 88060 1:0 96340
95818 88030 1:0 96453
95818 88028 1:0 96460
95826 88029 1:0 96461
95845 88027 1:0 96471
95939 87997 1:0 96584
95940 87996 1:0 96592
95949 87995 1:0 96591
95949 87994 1:0 96602
95955 87964 1:0 96715
95959 87963 1:0 96723
95976 87962 1:0 96722
96070 87961 1:0 96733
96071 87931 1:0 96846
96080 87929 1:0 96853
96080 87930 1:0 96854
96086 87928 1:0 96864
96090 87898 1:0 96977
96119 87896 1:0 96984
96201 87897 1:0 96985
96202 87895 1:0 96995
96211 87865 1:0 97108
96211 87863 1:0 97115
96217 87864 1:0 97116
96222 87862 1:0 97126
96237 357 1:0 98587
96250 87832 1:0 97239
96332 87830 1:0 97246
96333 87831 1:0 97247
96342 87829 1:0 97257
96342 89735 1:0 98728
97437 90713 21:0 97445
97444 90714 0:0 97445
97444 90715 21:0 97511
97509 90716 0:0 97511
97513 90746 21:0 97521
97520 90747 0:0 97521
97520 90748 21:0 97587
97585 90749 0:0 97587
97589 90779 21:0 97597
97596 90781 0:0 97597
97596 90780 21:0 97663
97661 90782 0:0 97663
97665 90812 21:0 97673
97672 90813 0:0 97673
97672 90814 21:0 97739
97737 90815 0:0 97739
97741 90845 21:0 97749
97748 90846 0:0 97749
97748 90847 21:0 97815
97813 90848 0:0 97815
97817 90878 21:0 97825
97824 90879 0:0 97825
97824 90880 21:0 97891
97889 90881 0:0 97891
97893 90911 21:0 97901
97900 90913 0:0 97901
97900 90912 21:0 97967
97965 90914 0:0 97967
97969 90944 21:0 97977
97976 90946 0:0 97977
97976 90945 0:0 97977
97977 90947 21:0 98043
98045 90977 21:0 98053
98052 90978 0:0 98053
98052 90979 21:0 98119
98117 90980 0:0 98119
98121 91010 21:0 98129
98128 91012 0:0 98129
98128 91011 21:0 98195
98193 91013 0:0 98195
98197 91043 21:0 98205
98204 91045 0:0 98205
98204 91044 21:0 98271
98269 91046 0:0 98271
98273 91076 21:0 98281
98280 91078 0:0 98281
98280 91077 21:0 98347
98345 91079 0:0 98347
98349 91109 21:0 98357
98356 91111 0:0 98357
98356 91110 21:0 98423
98421 91112 0:0 98423
98425 91142 21:0 98433
98432 91144 0:0 98433
98432 91143 21:0 98499
98497 91145 0:0 98499
98501 91175 21:0 98509
98508 91176 0:0 98509
98508 91177 21:0 98575
98599 89702 1:0 98859
98600 89670 1:0 98982
98609 89669 1:0 98990
98609 89637 1:0 99113
98615 89636 1:0 99121
98628 357 21:0 98642
98635 89603 1:0 99252
98648 89602 1:0 99251
98730 89601 1:0 99262
98731 89571 1:0 99375
98740 89569 1:0 99382
98740 89570 1:0 99383
98746 89568 1:0 99393
98751 89538 1:0 99506
98779 89536 1:0 99513
98861 89537 1:0 99514
98862 89535 1:0 99524
98871 89505 1:0 99637
98871 89503 1:0 99644
98877 89504 1:0 99645
98897 89502 1:0 99655
98910 89472 1:0 99768
98992 89471 1:0 99776
98993 89470 1:0 99775
99002 89469 1:0 99786
99002 89439 1:0 99899
99010 89437 1:0 99906
99028 89436 1:0 99917
99123 89406 1:0 100030
99124 89404 1:0 100037
99124 89405 1:0 100038
99133 89403 1:0 100048
99133 89373 1:0 100161
99141 89371 1:0 100168
99160 89372 1:0 100169
99254 89370 1:0 100179
99255 89340 1:0 100292
99264 89338 1:0 100299
99264 89339 1:0 100300
99270 89337 1:0 100310
99274 89307 1:0 100423
99291 89306 1:0 100431
99385 89305 1:0 100430
99386 89304 1:0 100441
99395 89274 1:0 100554
99395 89272 1:0 100561
99401 89273 1:0 100562
99405 89271 1:0 100572
99406 358 1:0 101902
100752 92155 0:0 100755
100757 92157 21:0 100815
100759 92156 0:0 100760
100814 92158 0:0 100826
100833 92189 21:0 100891
100890 92191 0:0 100902
100904 92221 21:0 100912
100909 92223 0:0 100912
100911 92222 0:0 100912
100912 92224 21:0 100978
100980 92254 21:0 100988
100987 92255 0:0 100988
100987 92256 21:0 101054
101052 92257 0:0 101054
101056 92287 0:0 101059
101061 92288 21:0 101119
101063 92289 0:0 101064
101118 92290 0:0 101130
101132 92320 0:0 101135
101137 92321 21:0 101195
101139 92322 0:0 101140
101194 92323 0:0 101206
101208 92353 0:0 101211
101213 92355 21:0 101271
101215 92354 0:0 101216
101270 92356 0:0 101282
101284 92386 0:0 101287
101289 92388 21:0 101347
101291 92387 0:0 101292
101346 92389 0:0 101358
101360 92419 0:0 101363
101365 92421 21:0 101423
101422 92422 0:0 101434
101436 92452 0:0 101439
101441 92453 21:0 101499
101443 92454 0:0 101444
101512 92485 0:0 101515
101517 92486 21:0 101575
101574 92488 0:0 101586
101588 92518 21:0 101596
101593 92519 0:0 101596
101593 92520 0:0 101596
101596 92521 21:0 101662
101669 92553 0:0 101672
101669 92552 0:0 101672
101672 92554 21:0 101738
101816 92617 21:0 101824
101914 91177 1:0 102043
101915 91176 1:0 102042
101924 91175 1:0 102053
101924 91145 1:0 102166
101930 91143 1:0 102173
101943 358 21:0 101957
101950 91144 1:0 102174
101963 91142 1:0 102184
102045 91112 1:0 102297
102046 91110 1:0 102304
102055 91111 1:0 102305
102055 91109 1:0 102315
102061 91079 1:0 102428
102066 91077 1:0 102435
102094 91078 1:0 102436
102176 91076 1:0 102446
102177 91046 1:0 102559
102186 91044 1:0 102566
102186 91045 1:0 102567
102192 91043 1:0 102577
102212 91013 1:0 102690
102225 91011 1:0 102697
102307 91012 1:0 102698
102308 91010 1:0 102708
102317 90980 1:0 102821
102317 90979 1:0 102829
102325 90978 1:0 102828
102343 90977 1:0 102839
102438 90947 1:0 102952
102439 90945 1:0 102959
102439 90946 1:0 102960
102448 90944 1:0 102970
102448 90914 1:0 103083
102456 90912 1:0 103090
102475 90913 1:0 103091
102569 90911 1:0 103101
102570 90881 1:0 103214
102579 90879 1:0 103221
102579 90880 1:0 103222
102585 90878 1:0 103232
102589 90848 1:0 103345
102606 90847 1:0 103353
102700 90846 1:0 103352
102701 90845 1:0 103363
102710 90815 1:0 103476
102710 90814 1:0 103484
102716 90813 1:0 103483
102720 90812 1:0 103494
102749 90782 1:0 103607
102831 90780 1:0 103614
102832 90781 1:0 103615
102841 90779 1:0 103625
102841 90749 1:0 103738
102847 90748 1:0 103746
102852 90747 1:0 103745
102867 359 1:0 104000
102880 90746 1:0 103756
102962 90716 1:0 103869
102963 90715 1:0 103877
102972 90714 1:0 103876
102972 90713 1:0 103887
102978 45967 1:0 104194
102980 45966 1:0 104109
102983 45963 1:0 104108
102998 45962 1:0 104109
102999 45961 1:0 104108
102999 45960 1:0 104109
103011 45955 1:0 104108
103011 45954 1:0 104109
103011 46107 1:0 104384
103093 45965 1:0 104108
103093 45964 1:0 104109
103094 92617 1:0 104241
103103 46101 1:0 104354
103103 46102 1:0 104355
103103 46109 1:0 104394
103103 46110 1:0 104395
103103 46111 1:0 104404
103103 46112 1:0 104405
103109 46108 1:0 104385
103109 46113 1:0 104414
103113 46114 1:0 104415
103130 92554 1:0 104527
103142 46248 1:0 104546
103224 46259 1:0 104550
103224 46260 1:0 104635
103225 46257 1:0 104550
103225 46249 1:0 104550
103225 46255 1:0 104550
103225 46258 1:0 104551
103225 46254 1:0 104551
103234 46261 1:0 104550
103234 46256 1:0 104551
103234 92553 1:0 104673
103242 92552 1:0 104672
103260 92521 1:0 104770
103261 46402 1:0 104827
103273 46403 1:0 104836
103355 46395 1:0 104796
103355 46396 1:0 104797
103355 46404 1:0 104837
103356 46401 1:0 104826
103356 46405 1:0 104846
103356 46406 1:0 104847
103356 46407 1:0 104856
103365 46408 1:0 104857
103365 92520 1:0 104894
103371 92519 1:0 104893
103376 92518 1:0 104904
103404 92486 1:0 104937
103486 46552 1:0 104991
103486 46543 1:0 105018
103486 46550 1:0 105057
103487 92488 1:0 105079
103496 46542 1:0 105017
103496 46548 1:0 105047
103496 46549 1:0 105048
103496 46551 1:0 105058
103496 46553 1:0 105068
103496 46554 1:0 105077
103502 46555 1:0 105078
103506 92485 1:0 105125
103507 46689 1:0 105238
103535 92453 1:0 105212
103617 46690 1:0 105239
103617 46697 1:0 105278
103617 46698 1:0 105279
103618 46695 1:0 105268
103618 46696 1:0 105269
103618 46699 1:0 105288
103618 46700 1:0 105289
103627 46701 1:0 105298
103627 46702 1:0 105299
103627 92454 1:0 105336
103635 92452 1:0 105346
103654 92421 1:0 105379
103666 46848 1:0 105433
103666 46836 1:0 105459
103748 92422 1:0 105523
103749 46837 1:0 105460
103749 46844 1:0 105499
103749 46845 1:0 105500
103758 46838 1:0 105469
103758 46842 1:0 105489
103758 46843 1:0 105490
103758 46846 1:0 105509
103758 46847 1:0 105510
103758 46849 1:0 105520
103764 92419 1:0 105567
103784 92388 1:0 105654
103838 92389 1:0 105654
103879 46994 1:0 105686
103879 46989 1:0 105710
103880 46993 1:0 105686
103880 46991 1:0 105686
103880 46992 1:0 105686
103889 46983 1:0 105680
103889 46984 1:0 105681
103889 46990 1:0 105686
103889 46995 1:0 105740
103889 46996 1:0 105741
103895 92387 1:0 105777
103900 92386 1:0 105788
103928 92355 1:0 105821
103969 47140 1:0 105875
104012 47130 1:0 105901
104012 47138 1:0 105941
104013 47131 1:0 105902
104013 47139 1:0 105942
104013 92356 1:0 105965
104022 47136 1:0 105931
104022 47137 1:0 105932
104022 47141 1:0 105952
104022 47142 1:0 105961
104022 47143 1:0 105962
104030 92354 1:0 105998
104041 359 21:0 104055
104049 92353 1:0 106009
104102 92321 1:0 106042
104115 47289 1:0 106096
104115 47278 1:0 106123
104132 92323 1:0 106184
104181 45955 0:0 104189
104181 47285 1:0 106162
104188 45954 0:0 104196
104191 47277 1:0 106122
104191 47286 1:0 106163
104200 45967 21:0 104225
104201 47287 1:0 106172
104223 45966 0:0 104225
104223 45965 0:0 104225
104223 45964 0:0 104225
104223 45961 0:0 104225
104224 45960 0:0 104225
104224 45962 0:0 104225
104224 45963 0:0 104225
104226 47281 1:0 106142
104226 47282 1:0 106143
104226 47283 1:0 106152
104226 47284 1:0 106153
104226 47288 1:0 106173
104226 47290 1:0 106183
104226 47433 1:0 106384
104233 92322 1:0 106220
104234 92320 1:0 106230
104243 92290 1:0 106236
104243 92288 1:0 106304
104249 47432 1:0 106319
104249 47436 1:0 106319
104253 47434 1:0 106319
104269 47437 1:0 106319
104269 47431 1:0 106319
104270 47425 1:0 106318
104270 47430 1:0 106319
104282 47435 1:0 106319
104323 47424 1:0 106319
104351 92289 1:0 106441
104394 46107 21:0 104446
104402 92287 1:0 106451
104422 92256 1:0 106538
104444 46111 0:0 104446
104445 46108 0:0 104446
104445 46114 0:0 104446
104445 46101 0:0 104446
104445 46112 0:0 104446
104445 46113 0:0 104446
104445 46110 0:0 104446
104445 46109 0:0 104446
104445 46102 0:0 104446
104447 92257 1:0 106538
104447 47580 1:0 106573
104447 47582 1:0 106573
104447 47578 1:0 106595
104454 47583 1:0 106573
104454 47581 1:0 106573
104455 47571 1:0 106564
104455 47572 1:0 106565
104455 47577 1:0 106573
104455 47579 1:0 106573
104455 47584 1:0 106625
104464 92255 1:0 106661
104464 92254 1:0 106672
104472 92224 1:0 106759
104475 47731 1:0 106791
104491 47726 1:0 106791
104503 47728 1:0 106791
104544 47727 1:0 106791
104552 47724 1:0 106815
104572 47730 1:0 106791
104573 47718 1:0 106785
104573 47729 1:0 106791
104574 47719 1:0 106786
104585 46248 21:0 104641
104623 47725 1:0 106791
104642 92222 1:0 106882
104643 47878 1:0 106980
104645 46260 21:0 104667
104666 46256 0:0 104667
104666 46254 0:0 104667
104666 46255 0:0 104667
104666 46249 0:0 104667
104666 46257 0:0 104667
104666 46259 0:0 104667
104666 46258 0:0 104667
104666 46261 0:0 104667
104668 92223 1:0 106883
104668 92221 1:0 106893
104675 92189 1:0 106926
104676 47865 1:0 107006
104676 92191 1:0 107070
104685 47866 1:0 107007
104685 47873 1:0 107046
104685 47874 1:0 107047
104685 47875 1:0 107056
104685 48019 1:0 107258
104691 47871 1:0 107036
104691 47872 1:0 107037
104691 47876 1:0 107057
104693 47877 1:0 107066
104712 92157 1:0 107201
104724 48020 1:0 107267
104765 48021 1:0 107268
104773 48012 1:0 107227
104778 48013 1:0 107228
104794 92158 1:0 107309
104833 46402 21:0 104880
104844 48022 1:0 107277
104854 48018 1:0 107257
104854 48023 1:0 107278
104864 48024 1:0 107287
104866 48159 1:0 107424
104880 46404 0:0 104888
104880 46407 0:0 104888
104880 46396 0:0 104888
104880 46395 0:0 104888
104880 46401 0:0 104888
104887 46408 0:0 104888
104887 46405 0:0 104888
104887 46403 0:0 104888
104887 46406 0:0 104888
104889 48025 1:0 107288
104889 92156 1:0 107324
104896 92155 1:0 107335
104896 48163 1:0 107424
104896 48167 1:0 107488
104897 48160 1:0 107423
104897 48168 1:0 107423
104897 48165 1:0 107424
104897 48166 1:0 107424
104906 48172 1:0 107424
104906 48170 1:0 107424
104906 48171 1:0 107424
104906 48169 1:0 107424
104906 48259 1:0 107548
104906 48260 1:0 107549
105024 46543 21:0 105081
105080 46549 0:0 105090
105080 46552 21:0 105109
105081 46548 0:0 105096
105081 46542 0:0 105096
105107 46554 0:0 105109
105108 46551 0:0 105109
105108 46555 0:0 105109
105108 46553 0:0 105109
105108 46550 0:0 105109
105248 46689 21:0 105304
105303 46696 0:0 105317
105303 46698 0:0 105330
105304 46690 0:0 105321
105304 46695 0:0 105321
105309 46700 0:0 105330
105329 46702 0:0 105330
105329 46697 0:0 105330
105329 46699 0:0 105330
105329 46701 0:0 105330
105469 46836 21:0 105525
105524 46843 0:0 105538
105525 46837 0:0 105542
105525 46842 0:0 105542
105529 46848 21:0 105551
105550 46847 0:0 105551
105550 46838 0:0 105551
105550 46845 0:0 105551
105550 46844 0:0 105551
105550 46846 0:0 105551
105550 46849 0:0 105551
105687 46984 0:0 105712
105720 46989 21:0 105772
105770 46993 0:0 105772
105771 46995 0:0 105772
105771 46992 0:0 105772
105771 46991 0:0 105772
105771 46990 0:0 105772
105771 46983 0:0 105772
105771 46996 0:0 105772
105771 46994 0:0 105772
105911 47130 21:0 105967
105966 47131 0:0 105980
105966 47137 0:0 105980
105966 47140 21:0 105993
105967 47136 0:0 105984
105991 47143 0:0 105993
105992 47142 0:0 105993
105992 47141 0:0 105993
105992 47138 0:0 105993
105992 47139 0:0 105993
106129 47278 21:0 106186
106185 47284 0:0 106195
106185 47277 0:0 106195
106186 47283 0:0 106201
106192 47289 21:0 106214
106213 47287 0:0 106214
106213 47286 0:0 106214
106213 47285 0:0 106214
106213 47288 0:0 106214
106213 47281 0:0 106214
106213 47290 0:0 106214
106213 47282 0:0 106214
106350 47425 0:0 106375
106353 47424 0:0 106379
106380 47431 0:0 106389
106383 47430 0:0 106391
106390 47433 21:0 106435
106433 47436 0:0 106435
106433 47434 0:0 106435
106434 47435 0:0 106435
106434 47437 0:0 106435
106434 47432 0:0 106435
106574 47571 0:0 106600
106601 47578 21:0 106648
106647 47584 0:0 106656
106647 47580 0:0 106656
106648 47581 0:0 106656
106648 47577 0:0 106656
106648 47572 0:0 106656
106655 47582 0:0 106656
106655 47583 0:0 106656
106655 47579 0:0 106656
106792 47719 0:0 106817
106795 47718 0:0 106821
106825 47724 21:0 106876
106875 47726 0:0 106877
106876 47729 0:0 106877
106876 47728 0:0 106877
106876 47727 0:0 106877
106876 47725 0:0 106877
106876 47730 0:0 106877
106876 47731 0:0 106877
107016 47865 21:0 107072
107071 47872 0:0 107086
107071 47866 0:0 107086
107072 47871 0:0 107089
107073 47878 21:0 107098
107096 47876 0:0 107098
107097 47873 0:0 107098
107097 47874 0:0 107098
107097 47877 0:0 107098
107097 47875 0:0 107098
107264 48019 21:0 107311
107310 48025 0:0 107319
107311 48012 0:0 107319
107311 48018 0:0 107319
107311 48013 0:0 107319
107311 48024 0:0 107319
107318 48021 0:0 107319
107318 48023 0:0 107319
107318 48020 0:0 107319
107318 48022 0:0 107319
107455 48160 0:0 107480
107458 48159 0:0 107484
107485 48166 0:0 107494
107488 48165 0:0 107496
107498 48167 21:0 180
