174 48168 0:0 176
174 48169 0:0 176
175 48259 0:0 176
175 48172 0:0 176
175 48170 0:0 176
175 48167 0:0 176
175 48260 0:0 176
175 48165 0:0 176
175 48166 0:0 176
175 48160 0:0 176
235 48367 21:0 293
387 48434 21:0 445
389 48433 0:0 390
615 48532 21:0 673
770 48600 21:0 836
1223 48796 0:0 1226
1226 48798 21:0 1292
1447 48895 21:0 1455
1454 48896 0:0 1455
1454 48897 0:0 1455
1455 48898 21:0 1521
1523 48928 21:0 1531
1528 48930 0:0 1531
1528 48929 0:0 1531
1531 48931 21:0 1597
1599 48961 21:0 1607
1606 48963 0:0 1607
1606 48962 21:0 1673
1671 48964 0:0 1673
1675 48994 0:0 1678
1680 48996 21:0 1738
1682 48995 0:0 1683
1737 48997 0:0 1749
1751 49027 0:0 1754
1756 49029 21:0 1814
1758 49028 0:0 1759
1813 49030 0:0 1825
1827 49060 0:0 1830
1832 49061 21:0 1890
1834 49062 0:0 1835
1889 49063 0:0 1901
1903 49093 21:0 1911
1910 49095 0:0 1911
1910 49094 21:0 1977
1975 49096 0:0 1977
1979 49126 21:0 1987
1986 49128 0:0 1987
1986 49127 21:0 2053
2051 49129 0:0 2053
2055 49159 21:0 2063
2062 49160 0:0 2063
2062 49161 21:0 2129
2127 49162 0:0 2129
2131 49192 21:0 2139
2138 49194 0:0 2139
2138 49193 0:0 2139
2139 49195 21:0 2205
2207 49225 0:0 2210
2212 49226 21:0 2270
2214 49227 0:0 2215
2269 49228 0:0 2281
2283 49258 21:0 2291
2290 49260 0:0 2291
2290 49259 21:0 2357
2355 49261 0:0 2357
2359 49291 21:0 2367
2366 49292 0:0 2367
2366 49293 21:0 2433
2431 49294 0:0 2433
2435 49324 21:0 2443
2442 49325 0:0 2443
2442 49326 21:0 2509
2507 49327 0:0 2509
2511 49357 21:0 2519
2518 49358 0:0 2519
2518 49359 21:0 2585
2583 49360 0:0 2585
2608 329 1:0 5767
2634 328 21:0 2648
2649 328 1:0 2597
2649 48798 1:0 2843
2649 48796 1:0 2849
2649 48600 1:0 3575
2649 48532 1:0 3825
2730 48434 1:0 4192
2731 48433 1:0 4191
2739 48367 1:0 4435
2739 49360 1:0 5900
4617 50337 21:0 4625
4624 50338 0:0 4625
4625 50340 21:0 4691
4693 50370 21:0 4701
4700 50371 0:0 4701
4700 50372 21:0 4767
4769 50403 21:0 4777
4776 50404 0:0 4777
4776 50405 21:0 4843
4845 50436 21:0 4853
4852 50438 0:0 4853
4852 50437 21:0 4919
4921 50469 21:0 4929
4928 50470 0:0 4929
4928 50471 21:0 4995
4993 50472 0:0 4995
4997 50502 21:0 5005
5004 50503 0:0 5005
5004 50504 21:0 5071
5069 50505 0:0 5071
5073 50535 21:0 5081
5080 50537 0:0 5081
5080 50536 21:0 5147
5149 50568 21:0 5157
5156 50570 0:0 5157
5156 50569 21:0 5223
5221 50571 0:0 5223
5225 50601 21:0 5233
5306 50636 0:0 5309
5306 50635 0:0 5309
5309 50637 21:0 5375
5377 50667 21:0 5385
5384 50669 0:0 5385
5385 50670 21:0 5451
5458 50702 21:0 5516
5534 50734 21:0 5589
5686 50801 21:0 5743
5688 50800 0:0 5689
5779 49359 1:0 5908
5780 49358 1:0 5907
5789 49357 1:0 5918
5789 49327 1:0 6031
5795 49326 1:0 6039
5808 329 21:0 5822
5815 49325 1:0 6038
5828 49324 1:0 6049
5910 49294 1:0 6162
5911 49293 1:0 6170
5920 49292 1:0 6169
5920 49291 1:0 6180
5926 49261 1:0 6293
5931 49259 1:0 6300
5959 49260 1:0 6301
6041 49258 1:0 6311
6042 49228 1:0 6424
6051 49226 1:0 6431
6051 49227 1:0 6432
6057 49225 1:0 6442
6077 49195 1:0 6555
6090 49194 1:0 6563
6172 49193 1:0 6562
6173 49192 1:0 6573
6182 49162 1:0 6686
6182 49161 1:0 6694
6190 49160 1:0 6693
6208 49159 1:0 6704
6303 49129 1:0 6817
6304 49127 1:0 6824
6304 49128 1:0 6825
6313 49126 1:0 6835
6313 49096 1:0 6948
6321 49094 1:0 6955
6340 49095 1:0 6956
6434 49093 1:0 6966
6435 49063 1:0 7079
6444 49061 1:0 7086
6444 49062 1:0 7087
6450 49060 1:0 7097
6454 49030 1:0 7210
6471 49029 1:0 7218
6565 49028 1:0 7217
6566 49027 1:0 7228
6575 48997 1:0 7341
6575 48996 1:0 7349
6581 48995 1:0 7348
6585 48994 1:0 7359
6614 48964 1:0 7472
6696 48962 1:0 7479
6697 48963 1:0 7480
6706 48961 1:0 7490
6706 48931 1:0 7603
6712 48930 1:0 7611
6717 48929 1:0 7610
6732 330 1:0 9082
6745 48928 1:0 7621
6827 48898 1:0 7734
6828 48897 1:0 7742
6837 48896 1:0 7741
6837 48895 1:0 7752
7932 51779 21:0 7940
7939 51780 0:0 7940
7939 51781 21:0 8006
8004 51782 0:0 8006
8008 51812 21:0 8016
8015 51814 0:0 8016
8015 51813 21:0 8082
8080 51815 0:0 8082
8084 51845 21:0 8092
8091 51847 0:0 8092
8091 51846 21:0 8158
8156 51848 0:0 8158
8160 51878 21:0 8168
8167 51879 0:0 8168
8167 51880 21:0 8234
8232 51881 0:0 8234
8236 51911 21:0 8244
8243 51913 0:0 8244
8243 51912 21:0 8310
8308 51914 0:0 8310
8312 51944 21:0 8320
8319 51946 0:0 8320
8319 51945 0:0 8320
8320 51947 21:0 8386
8388 51977 21:0 8396
8395 51979 0:0 8396
8395 51978 21:0 8462
8460 51980 0:0 8462
8464 52010 21:0 8472
8471 52011 0:0 8472
8471 52012 21:0 8538
8536 52013 0:0 8538
8540 52043 0:0 8543
8545 52045 21:0 8603
8547 52044 0:0 8548
8602 52046 0:0 8614
8616 52076 21:0 8624
8623 52077 0:0 8624
8623 52078 21:0 8690
8688 52079 0:0 8690
8692 52109 21:0 8700
8699 52111 0:0 8700
8699 52110 21:0 8766
8764 52112 0:0 8766
8768 52142 0:0 8771
8773 52144 21:0 8831
8775 52143 0:0 8776
8830 52145 0:0 8842
8844 52175 21:0 8852
8851 52176 0:0 8852
8851 52177 21:0 8918
8916 52178 0:0 8918
8920 52208 21:0 8928
8927 52210 0:0 8928
8927 52209 0:0 8928
8928 52211 21:0 8994
8996 52241 21:0 9004
9003 52243 0:0 9004
9003 52242 21:0 9070
9094 50801 1:0 9223
9095 50800 1:0 9222
9104 50734 1:0 9484
9104 50702 1:0 9616
9110 50670 1:0 9739
9123 330 21:0 9137
9130 50669 1:0 9747
9143 50667 1:0 9757
9225 50637 1:0 9870
9226 50636 1:0 9878
9235 50635 1:0 9877
9235 50601 1:0 10019
9241 50571 1:0 10132
9246 50569 1:0 10139
9274 50570 1:0 10140
9356 50568 1:0 10150
9357 50536 1:0 10270
9366 50537 1:0 10271
9366 50535 1:0 10281
9372 50505 1:0 10394
9392 50504 1:0 10402
9405 50503 1:0 10401
9487 50502 1:0 10412
9488 50472 1:0 10525
9497 50470 1:0 10532
9497 50471 1:0 10533
9505 50469 1:0 10543
9523 50437 1:0 10663
9618 50438 1:0 10664
9619 50436 1:0 10674
9619 50405 1:0 10795
9628 50404 1:0 10794
9628 50403 1:0 10805
9636 50372 1:0 10926
9655 50371 1:0 10925
9667 331 1:0 12397
9749 50370 1:0 10936
9750 50340 1:0 11049
9759 50338 1:0 11056
9759 50337 1:0 11067
9765 52242 1:0 12537
9770 52243 1:0 12538
11247 53221 21:0 11255
11254 53223 0:0 11255
11255 53224 21:0 11321
11323 53254 21:0 11331
11330 53256 0:0 11331
11330 53255 0:0 11331
11331 53257 21:0 11397
11399 53287 21:0 11407
11406 53288 0:0 11407
11406 53289 21:0 11473
11471 53290 0:0 11473
11475 53320 21:0 11483
11482 53321 0:0 11483
11482 53322 21:0 11549
11547 53323 0:0 11549
11551 53353 21:0 11559
11558 53354 0:0 11559
11558 53355 21:0 11625
11623 53356 0:0 11625
11627 53386 21:0 11635
11634 53387 0:0 11635
11634 53388 21:0 11701
11699 53389 0:0 11701
11703 53419 21:0 11711
11710 53421 0:0 11711
11710 53420 21:0 11777
11775 53422 0:0 11777
11779 53452 21:0 11787
11786 53453 0:0 11787
11786 53454 21:0 11853
11851 53455 0:0 11853
11860 53486 21:0 11918
11917 53488 0:0 11929
11939 53521 21:0 12005
12007 53551 21:0 12015
12014 53552 21:0 12081
12088 53585 21:0 12146
12090 53586 0:0 12091
12240 53651 21:0 12298
12297 53653 0:0 12309
12409 52241 1:0 12548
12410 52211 1:0 12661
12419 52209 1:0 12668
12419 52210 1:0 12669
12425 52208 1:0 12679
12438 331 21:0 12452
12445 52178 1:0 12792
12458 52177 1:0 12800
12540 52176 1:0 12799
12541 52175 1:0 12810
12550 52145 1:0 12923
12550 52144 1:0 12931
12556 52143 1:0 12930
12561 52142 1:0 12941
12589 52112 1:0 13054
12671 52110 1:0 13061
12672 52111 1:0 13062
12681 52109 1:0 13072
12681 52079 1:0 13185
12687 52078 1:0 13193
12707 52077 1:0 13192
12720 52076 1:0 13203
12802 52046 1:0 13316
12803 52045 1:0 13324
12812 52044 1:0 13323
12812 52043 1:0 13334
12820 52013 1:0 13447
12838 52012 1:0 13455
12933 52011 1:0 13454
12934 52010 1:0 13465
12934 51980 1:0 13578
12943 51978 1:0 13585
12943 51979 1:0 13586
12951 51977 1:0 13596
12970 51947 1:0 13709
13064 51945 1:0 13716
13065 51946 1:0 13717
13074 51944 1:0 13727
13074 51914 1:0 13840
13080 51912 1:0 13847
13084 51913 1:0 13848
13101 51911 1:0 13858
13195 51881 1:0 13971
13196 51880 1:0 13979
13205 51879 1:0 13978
13205 51878 1:0 13989
13211 51848 1:0 14102
13215 51846 1:0 14109
13244 51847 1:0 14110
13326 51845 1:0 14120
13327 51815 1:0 14233
13336 51813 1:0 14240
13336 51814 1:0 14241
13342 51812 1:0 14251
13347 51782 1:0 14364
13362 332 1:0 15712
13375 51781 1:0 14372
13457 51780 1:0 14371
13458 51779 1:0 14382
14562 54663 21:0 14570
14567 54665 0:0 14570
14569 54664 0:0 14570
14570 54666 21:0 14636
14638 54696 21:0 14646
14645 54697 0:0 14646
14645 54698 0:0 14646
14646 54699 21:0 14712
14714 54729 21:0 14722
14721 54731 0:0 14722
14721 54730 21:0 14788
14786 54732 0:0 14788
14790 54762 21:0 14798
14797 54764 0:0 14798
14797 54763 21:0 14864
14862 54765 0:0 14864
14866 54795 21:0 14874
14873 54797 0:0 14874
14873 54796 21:0 14940
14938 54798 0:0 14940
14942 54828 21:0 14950
14949 54830 0:0 14950
14949 54829 21:0 15016
15014 54831 0:0 15016
15018 54861 21:0 15026
15025 54862 0:0 15026
15025 54863 21:0 15092
15090 54864 0:0 15092
15094 54894 21:0 15102
15101 54895 0:0 15102
15101 54896 0:0 15102
15102 54897 21:0 15168
15170 54927 21:0 15178
15175 54928 0:0 15178
15177 54929 0:0 15178
15178 54930 21:0 15244
15246 54960 21:0 15254
15251 54962 0:0 15254
15251 54961 0:0 15254
15254 54963 21:0 15320
15322 54993 21:0 15330
15329 54994 0:0 15330
15329 54995 21:0 15396
15394 54996 0:0 15396
15398 55026 21:0 15406
15405 55028 0:0 15406
15405 55027 21:0 15472
15470 55029 0:0 15472
15474 55059 21:0 15482
15481 55060 0:0 15482
15481 55061 0:0 15482
15482 55062 21:0 15548
15550 55092 21:0 15558
15557 55094 0:0 15558
15557 55093 21:0 15624
15626 55125 21:0 15634
15707 55159 21:0 15716
15724 53653 1:0 15976
15725 53651 1:0 15983
15734 53585 1:0 16245
15734 53586 1:0 16246
15740 53552 1:0 16376
15753 332 21:0 15767
15760 53551 1:0 16387
15773 53521 1:0 16500
15855 53488 1:0 16631
15856 53486 1:0 16638
15865 53455 1:0 16762
15865 53454 1:0 16770
15871 53453 1:0 16769
15876 53452 1:0 16780
15904 53422 1:0 16893
15986 53420 1:0 16900
15987 53421 1:0 16901
15996 53419 1:0 16911
15996 53389 1:0 17024
16002 53388 1:0 17032
16022 53387 1:0 17031
16035 53386 1:0 17042
16117 53356 1:0 17155
16118 53355 1:0 17163
16127 53354 1:0 17162
16127 53353 1:0 17173
16135 53323 1:0 17286
16153 53322 1:0 17294
16248 53321 1:0 17293
16249 53320 1:0 17304
16249 53290 1:0 17417
16258 53288 1:0 17424
16258 53289 1:0 17425
16266 53287 1:0 17435
16285 53257 1:0 17548
16379 53256 1:0 17556
16380 53255 1:0 17555
16389 53254 1:0 17566
16389 53224 1:0 17679
16395 53223 1:0 17687
16399 53221 1:0 17697
16400 333 1:0 19027
16428 55159 1:0 19036
17877 56105 21:0 17885
17882 56107 0:0 17885
17885 56108 21:0 17951
17953 56138 21:0 17961
17960 56140 0:0 17961
17960 56139 21:0 18027
18025 56141 0:0 18027
18029 56171 21:0 18037
18036 56172 0:0 18037
18036 56173 21:0 18103
18101 56174 0:0 18103
18105 56204 21:0 18113
18112 56206 0:0 18113
18112 56205 21:0 18179
18181 56237 21:0 18189
18188 56239 0:0 18189
18188 56238 21:0 18255
18253 56240 0:0 18255
18257 56270 21:0 18265
18264 56271 0:0 18265
18264 56272 21:0 18331
18329 56273 0:0 18331
18333 56303 21:0 18341
18340 56304 0:0 18341
18340 56305 21:0 18407
18405 56306 0:0 18407
18409 56336 21:0 18417
18416 56337 0:0 18417
18416 56338 21:0 18483
18481 56339 0:0 18483
18485 56369 21:0 18493
18493 56372 21:0 18559
18566 56403 0:0 18569
18566 56404 0:0 18569
18569 56405 21:0 18635
18642 56437 21:0 18698
18644 56436 0:0 18645
18697 56438 0:0 18711
18718 56470 21:0 18776
18789 56501 21:0 18797
18941 56567 21:0 18949
19039 55125 1:0 19178
19040 55093 1:0 19298
19049 55094 1:0 19299
19049 55092 1:0 19309
19055 55062 1:0 19422
19068 333 21:0 19082
19075 55061 1:0 19430
19088 55060 1:0 19429
19170 55059 1:0 19440
19171 55029 1:0 19553
19180 55027 1:0 19560
19180 55028 1:0 19561
19186 55026 1:0 19571
19191 54996 1:0 19684
19219 54995 1:0 19692
19301 54994 1:0 19691
19302 54993 1:0 19702
19311 54963 1:0 19815
19311 54962 1:0 19823
19317 54961 1:0 19822
19337 54960 1:0 19833
19350 54930 1:0 19946
19432 54929 1:0 19954
19433 54928 1:0 19953
19442 54927 1:0 19964
19442 54897 1:0 20077
19450 54895 1:0 20084
19468 54896 1:0 20085
19563 54894 1:0 20095
19564 54864 1:0 20208
19564 54863 1:0 20216
19573 54862 1:0 20215
19573 54861 1:0 20226
19581 54831 1:0 20339
19600 54829 1:0 20346
19694 54830 1:0 20347
19695 54828 1:0 20357
19704 54798 1:0 20470
19704 54796 1:0 20477
19710 54797 1:0 20478
19714 54795 1:0 20488
19731 54765 1:0 20601
19825 54763 1:0 20608
19826 54764 1:0 20609
19835 54762 1:0 20619
19835 54732 1:0 20732
19841 54730 1:0 20739
19845 54731 1:0 20740
19874 54729 1:0 20750
19956 54699 1:0 20863
19957 54698 1:0 20871
19966 54697 1:0 20870
19966 54696 1:0 20881
19972 54666 1:0 20994
19977 54665 1:0 21002
19992 334 1:0 22342
20005 54664 1:0 21001
20087 54663 1:0 21012
20088 56567 1:0 22493
21192 57547 21:0 21200
21199 57549 0:0 21200
21199 57548 21:0 21266
21264 57550 0:0 21266
21268 57580 21:0 21276
21275 57582 0:0 21276
21275 57581 21:0 21342
21340 57583 0:0 21342
21344 57613 21:0 21352
21351 57615 0:0 21352
21351 57614 21:0 21418
21416 57616 0:0 21418
21420 57646 21:0 21428
21427 57648 0:0 21428
21427 57647 21:0 21494
21492 57649 0:0 21494
21496 57679 21:0 21504
21503 57680 0:0 21504
21503 57681 21:0 21570
21568 57682 0:0 21570
21572 57712 21:0 21580
21579 57713 0:0 21580
21579 57714 21:0 21646
21644 57715 0:0 21646
21648 57745 21:0 21656
21655 57747 0:0 21656
21655 57746 21:0 21722
21720 57748 0:0 21722
21724 57778 21:0 21732
21731 57779 0:0 21732
21731 57780 0:0 21732
21732 57781 21:0 21798
21800 57811 21:0 21808
21807 57813 0:0 21808
21807 57812 21:0 21874
21872 57814 0:0 21874
21876 57844 0:0 21879
21881 57845 21:0 21938
21883 57846 0:0 21884
21938 57847 0:0 21950
21952 57877 21:0 21960
21959 57879 0:0 21960
21959 57878 21:0 22026
22024 57880 0:0 22026
22028 57910 21:0 22036
22033 57912 0:0 22036
22033 57911 0:0 22036
22036 57913 21:0 22102
22104 57943 21:0 22112
22109 57944 0:0 22112
22112 57946 21:0 22178
22180 57976 0:0 22183
22185 57978 21:0 22243
22187 57977 0:0 22188
22242 57979 0:0 22254
22256 58009 21:0 22264
22264 58012 21:0 22330
22354 56501 1:0 22755
22355 56470 1:0 22876
22364 56438 1:0 22999
22364 56437 1:0 23007
22370 56436 1:0 23006
22383 334 21:0 22397
22390 56405 1:0 23130
22403 56404 1:0 23138
22485 56403 1:0 23137
22486 56372 1:0 23261
22495 56369 1:0 23279
22495 56339 1:0 23392
22501 56338 1:0 23400
22506 56337 1:0 23399
22534 56336 1:0 23410
22616 56306 1:0 23523
22617 56305 1:0 23531
22626 56304 1:0 23530
22626 56303 1:0 23541
22632 56273 1:0 23654
22652 56272 1:0 23662
22665 56271 1:0 23661
22747 56270 1:0 23672
22748 56240 1:0 23785
22757 56238 1:0 23792
22757 56239 1:0 23793
22765 56237 1:0 23803
22783 56205 1:0 23923
22878 56206 1:0 23924
22879 56204 1:0 23934
22879 56174 1:0 24047
22888 56172 1:0 24054
22888 56173 1:0 24055
22896 56171 1:0 24065
22915 56141 1:0 24178
23009 56139 1:0 24185
23010 56140 1:0 24186
23019 56138 1:0 24196
23019 56108 1:0 24309
23025 56107 1:0 24317
23029 56105 1:0 24327
23030 335 1:0 25657
24507 58989 21:0 24515
24514 58991 0:0 24515
24514 58990 0:0 24515
24515 58992 21:0 24581
24583 59022 21:0 24591
24590 59024 0:0 24591
24590 59023 21:0 24657
24655 59025 0:0 24657
24659 59055 21:0 24667
24666 59057 0:0 24667
24666 59056 21:0 24733
24731 59058 0:0 24733
24735 59088 21:0 24743
24742 59089 0:0 24743
24742 59090 21:0 24809
24807 59091 0:0 24809
24811 59121 21:0 24819
24818 59122 0:0 24819
24818 59123 21:0 24885
24883 59124 0:0 24885
24887 59154 21:0 24895
24894 59156 0:0 24895
24894 59155 21:0 24961
24959 59157 0:0 24961
24963 59187 21:0 24971
24970 59188 0:0 24971
24970 59189 21:0 25037
25035 59190 0:0 25037
25039 59220 21:0 25047
25046 59221 0:0 25047
25047 59223 21:0 25113
25120 59255 21:0 25178
25191 59286 21:0 25199
25198 59287 0:0 25199
25198 59288 0:0 25199
25199 59289 21:0 25265
25267 59319 0:0 25270
25272 59320 21:0 25330
25274 59321 0:0 25275
25351 59355 21:0 25417
25669 58012 1:0 25790
25670 58009 1:0 25808
25679 57979 1:0 25921
25679 57978 1:0 25929
25685 57977 1:0 25928
25698 335 21:0 25712
25705 57976 1:0 25939
25718 57946 1:0 26052
25800 57944 1:0 26059
25801 57943 1:0 26070
25810 57913 1:0 26183
25810 57911 1:0 26190
25816 57912 1:0 26191
25821 57910 1:0 26201
25849 57880 1:0 26314
25931 57878 1:0 26321
25932 57879 1:0 26322
25941 57877 1:0 26332
25941 57847 1:0 26445
25947 57845 1:0 26452
25967 57846 1:0 26453
25980 57844 1:0 26463
26062 57814 1:0 26576
26063 57812 1:0 26583
26072 57813 1:0 26584
26072 57811 1:0 26594
26080 57781 1:0 26707
26098 57779 1:0 26714
26193 57780 1:0 26715
26194 57778 1:0 26725
26194 57748 1:0 26838
26203 57746 1:0 26845
26203 57747 1:0 26846
26211 57745 1:0 26856
26230 57715 1:0 26969
26324 57714 1:0 26977
26325 57713 1:0 26976
26334 57712 1:0 26987
26334 57682 1:0 27100
26340 57681 1:0 27108
26344 57680 1:0 27107
26361 57679 1:0 27118
26455 57649 1:0 27231
26456 57647 1:0 27238
26465 57648 1:0 27239
26465 57646 1:0 27249
26471 57616 1:0 27362
26475 57614 1:0 27369
26504 57615 1:0 27370
26586 57613 1:0 27380
26587 57583 1:0 27493
26596 57581 1:0 27500
26596 57582 1:0 27501
26602 57580 1:0 27511
26607 57550 1:0 27624
26622 336 1:0 28972
26635 57548 1:0 27631
26717 57549 1:0 27632
26718 57547 1:0 27642
27822 60431 21:0 27830
27829 60432 0:0 27830
27829 60433 21:0 27896
27894 60434 0:0 27896
27898 60464 21:0 27906
27905 60465 0:0 27906
27905 60466 21:0 27972
27970 60467 0:0 27972
27974 60497 21:0 27982
27981 60498 0:0 27982
27981 60499 21:0 28048
28046 60500 0:0 28048
28050 60530 21:0 28058
28057 60532 0:0 28058
28057 60531 21:0 28124
28122 60533 0:0 28124
28126 60563 21:0 28134
28133 60564 0:0 28134
28133 60565 21:0 28200
28198 60566 0:0 28200
28202 60596 21:0 28210
28209 60597 0:0 28210
28209 60598 21:0 28276
28274 60599 0:0 28276
28278 60629 21:0 28286
28285 60630 0:0 28286
28285 60631 21:0 28352
28350 60632 0:0 28352
28354 60662 21:0 28362
28361 60664 0:0 28362
28361 60663 21:0 28428
28426 60665 0:0 28428
28430 60695 0:0 28433
28435 60697 21:0 28493
28437 60696 0:0 28438
28492 60698 0:0 28504
28506 60728 0:0 28509
28511 60730 21:0 28569
28513 60729 0:0 28514
28568 60731 0:0 28580
28582 60761 21:0 28590
28589 60762 0:0 28590
28589 60763 21:0 28656
28658 60794 21:0 28666
28665 60796 0:0 28666
28665 60795 21:0 28732
28730 60797 0:0 28732
28734 60827 21:0 28742
28741 60829 0:0 28742
28741 60828 21:0 28808
28806 60830 0:0 28808
28810 60860 21:0 28818
28817 60861 0:0 28818
28817 60862 21:0 28884
28882 60863 0:0 28884
28962 60926 21:0 28970
28970 60929 21:0 28979
28984 59355 1:0 29498
28985 59320 1:0 29636
28994 59321 1:0 29637
28994 59319 1:0 29647
29000 59289 1:0 29760
29013 336 21:0 29027
29020 59287 1:0 29767
29033 59288 1:0 29768
29115 59286 1:0 29778
29116 59255 1:0 29899
29125 59223 1:0 30022
29125 59221 1:0 30029
29131 59220 1:0 30040
29136 59190 1:0 30153
29164 59189 1:0 30161
29246 59188 1:0 30160
29247 59187 1:0 30171
29256 59157 1:0 30284
29256 59155 1:0 30291
29262 59156 1:0 30292
29282 59154 1:0 30302
29295 59124 1:0 30415
29377 59123 1:0 30423
29378 59122 1:0 30422
29387 59121 1:0 30433
29387 59091 1:0 30546
29395 59090 1:0 30554
29413 59089 1:0 30553
29508 59088 1:0 30564
29509 59058 1:0 30677
29509 59056 1:0 30684
29518 59057 1:0 30685
29518 59055 1:0 30695
29526 59025 1:0 30808
29545 59023 1:0 30815
29639 59024 1:0 30816
29640 59022 1:0 30826
29649 58992 1:0 30939
29649 58990 1:0 30946
29655 58991 1:0 30947
29659 58989 1:0 30957
29676 60929 1:0 32283
29688 337 1:0 32287
29770 60926 1:0 32307
31137 61873 21:0 31145
31142 61875 0:0 31145
31144 61874 0:0 31145
31145 61876 21:0 31211
31213 61906 21:0 31221
31220 61908 0:0 31221
31221 61909 21:0 31287
31289 61939 21:0 31297
31296 61940 0:0 31297
31296 61941 21:0 31363
31361 61942 0:0 31363
31365 61972 21:0 31373
31372 61973 0:0 31373
31372 61974 21:0 31439
31437 61975 0:0 31439
31441 62005 21:0 31449
31448 62006 0:0 31449
31448 62007 21:0 31515
31517 62038 21:0 31525
31524 62039 0:0 31525
31524 62040 21:0 31591
31589 62041 0:0 31591
31593 62071 21:0 31601
31600 62073 0:0 31601
31600 62072 21:0 31667
31665 62074 0:0 31667
31669 62104 21:0 31677
31677 62107 21:0 31743
31745 62137 0:0 31748
31750 62139 21:0 31808
31752 62138 0:0 31753
31807 62140 0:0 31819
31821 62170 21:0 31829
31826 62171 0:0 31829
31826 62172 0:0 31829
31829 62173 21:0 31895
31897 62203 0:0 31900
31902 62204 21:0 31960
31904 62205 0:0 31905
31959 62206 0:0 31971
31978 62237 21:0 32036
31980 62238 0:0 31981
32299 60863 1:0 32551
32300 60862 1:0 32559
32309 60861 1:0 32558
32309 60860 1:0 32569
32315 60830 1:0 32682
32328 337 21:0 32342
32335 60828 1:0 32689
32348 60829 1:0 32690
32430 60827 1:0 32700
32431 60797 1:0 32813
32440 60795 1:0 32820
32440 60796 1:0 32821
32446 60794 1:0 32831
32451 60763 1:0 32952
32479 60762 1:0 32951
32561 60761 1:0 32962
32562 60731 1:0 33075
32571 60729 1:0 33082
32571 60730 1:0 33083
32577 60728 1:0 33093
32597 60698 1:0 33206
32610 60697 1:0 33214
32692 60696 1:0 33213
32693 60695 1:0 33224
32702 60665 1:0 33337
32702 60663 1:0 33344
32710 60664 1:0 33345
32728 60662 1:0 33355
32823 60632 1:0 33468
32824 60630 1:0 33475
32824 60631 1:0 33476
32833 60629 1:0 33486
32833 60599 1:0 33599
32841 60598 1:0 33607
32860 60597 1:0 33606
32954 60596 1:0 33617
32955 60566 1:0 33730
32964 60564 1:0 33737
32964 60565 1:0 33738
32970 60563 1:0 33748
32974 60533 1:0 33861
32991 60531 1:0 33868
33085 60532 1:0 33869
33086 60530 1:0 33879
33095 60500 1:0 33992
33095 60499 1:0 34000
33101 60498 1:0 33999
33105 60497 1:0 34010
33134 60467 1:0 34123
33216 60466 1:0 34131
33217 60465 1:0 34130
33226 60464 1:0 34141
33226 60434 1:0 34254
33232 60433 1:0 34262
33237 60432 1:0 34261
33252 338 1:0 35602
33265 60431 1:0 34272
34452 63315 21:0 34460
34457 63317 0:0 34460
34459 63316 0:0 34460
34460 63318 21:0 34526
34528 63348 0:0 34531
34533 63349 21:0 34591
34535 63350 0:0 34536
34590 63351 0:0 34602
34604 63381 21:0 34612
34611 63382 0:0 34612
34611 63383 0:0 34612
34612 63384 21:0 34678
34680 63414 21:0 34688
34687 63415 0:0 34688
34687 63416 21:0 34754
34752 63417 0:0 34754
34756 63447 21:0 34764
34763 63449 0:0 34764
34763 63448 21:0 34830
34828 63450 0:0 34830
34832 63480 21:0 34840
34839 63481 0:0 34840
34839 63482 21:0 34906
34904 63483 0:0 34906
34908 63513 21:0 34916
34915 63514 0:0 34916
34915 63515 21:0 34982
34980 63516 0:0 34982
34984 63546 21:0 34992
34991 63547 0:0 34992
34991 63548 21:0 35058
35056 63549 0:0 35058
35060 63579 0:0 35063
35065 63581 21:0 35123
35122 63582 0:0 35134
35136 63612 21:0 35144
35143 63613 0:0 35144
35143 63614 21:0 35210
35208 63615 0:0 35210
35212 63645 0:0 35215
35217 63647 21:0 35275
35288 63678 21:0 35296
35295 63680 0:0 35296
35295 63679 0:0 35296
35296 63681 21:0 35362
35364 63711 0:0 35367
35369 63713 21:0 35427
35426 63714 0:0 35438
35440 63744 0:0 35443
35445 63746 21:0 35503
35447 63745 0:0 35448
35502 63747 0:0 35514
35516 63777 21:0 35524
35524 63780 21:0 35590
35592 63810 21:0 35600
35614 62237 1:0 36135
35615 62238 1:0 36136
35624 62206 1:0 36259
35624 62204 1:0 36266
35630 62205 1:0 36267
35643 338 21:0 35657
35650 62203 1:0 36277
35663 62173 1:0 36390
35745 62172 1:0 36398
35746 62171 1:0 36397
35755 62170 1:0 36408
35755 62140 1:0 36521
35761 62139 1:0 36529
35766 62138 1:0 36528
35794 62137 1:0 36539
35876 62107 1:0 36652
35877 62104 1:0 36670
35886 62074 1:0 36783
35886 62072 1:0 36790
35892 62073 1:0 36791
35912 62071 1:0 36801
35925 62041 1:0 36914
36007 62040 1:0 36922
36008 62039 1:0 36921
36017 62038 1:0 36932
36017 62007 1:0 37053
36025 62006 1:0 37052
36043 62005 1:0 37063
36138 61975 1:0 37176
36139 61973 1:0 37183
36139 61974 1:0 37184
36148 61972 1:0 37194
36148 61942 1:0 37307
36156 61941 1:0 37315
36175 61940 1:0 37314
36269 61939 1:0 37325
36270 61909 1:0 37438
36279 61908 1:0 37446
36279 61906 1:0 37456
36285 61876 1:0 37569
36289 61875 1:0 37577
36306 61874 1:0 37576
36318 339 1:0 38917
36400 61873 1:0 37587
36401 63810 1:0 38937
36410 63780 1:0 39050
36410 63777 1:0 39068
36416 63747 1:0 39181
36421 63746 1:0 39189
37767 64757 21:0 37775
37774 64758 0:0 37775
37774 64759 0:0 37775
37775 64760 21:0 37841
37843 64790 21:0 37851
37850 64792 0:0 37851
37850 64791 21:0 37917
37915 64793 0:0 37917
37919 64823 21:0 37927
37926 64825 0:0 37927
37926 64824 21:0 37993
37991 64826 0:0 37993
37995 64856 21:0 38003
38002 64858 0:0 38003
38002 64857 21:0 38069
38067 64859 0:0 38069
38071 64889 21:0 38079
38078 64891 0:0 38079
38078 64890 21:0 38145
38143 64892 0:0 38145
38147 64922 21:0 38155
38154 64923 0:0 38155
38154 64924 21:0 38221
38219 64925 0:0 38221
38223 64955 21:0 38231
38230 64957 0:0 38231
38230 64956 21:0 38297
38295 64958 0:0 38297
38299 64988 21:0 38307
38306 64989 0:0 38307
38306 64990 21:0 38373
38371 64991 0:0 38373
38375 65021 21:0 38383
38382 65022 21:0 38449
38451 65054 21:0 38459
38458 65056 0:0 38459
38459 65057 21:0 38525
38527 65087 0:0 38530
38532 65089 21:0 38587
38534 65088 0:0 38535
38608 65121 21:0 38664
38663 65123 0:0 38677
38679 65153 21:0 38687
38686 65155 0:0 38687
38686 65154 21:0 38753
38755 65186 21:0 38763
38762 65188 21:0 38829
38929 63745 1:0 39188
38930 63744 1:0 39199
38939 63714 1:0 39312
38939 63713 1:0 39320
38945 63711 1:0 39330
38958 339 21:0 38972
38965 63681 1:0 39443
38978 63679 1:0 39450
39060 63680 1:0 39451
39061 63678 1:0 39461
39070 63647 1:0 39582
39070 63645 1:0 39592
39076 63615 1:0 39705
39081 63614 1:0 39713
39109 63613 1:0 39712
39191 63612 1:0 39723
39192 63582 1:0 39836
39201 63581 1:0 39844
39201 63579 1:0 39854
39207 63549 1:0 39967
39227 63548 1:0 39975
39240 63547 1:0 39974
39322 63546 1:0 39985
39323 63516 1:0 40098
39332 63514 1:0 40105
39332 63515 1:0 40106
39340 63513 1:0 40116
39358 63483 1:0 40229
39453 63482 1:0 40237
39454 63481 1:0 40236
39454 63480 1:0 40247
39463 63450 1:0 40360
39463 63448 1:0 40367
39471 63449 1:0 40368
39490 63447 1:0 40378
39584 63417 1:0 40491
39585 63416 1:0 40499
39594 63415 1:0 40498
39594 63414 1:0 40509
39600 63384 1:0 40622
39604 63383 1:0 40630
39621 63382 1:0 40629
39715 63381 1:0 40640
39716 63351 1:0 40753
39725 63349 1:0 40760
39725 63350 1:0 40761
39731 63348 1:0 40771
39735 63318 1:0 40884
39736 340 1:0 42232
39764 63317 1:0 40892
39846 63316 1:0 40891
39847 63315 1:0 40902
41082 66199 0:0 41085
41087 66200 21:0 41145
41089 66201 0:0 41090
41144 66202 0:0 41156
41158 66232 21:0 41166
41165 66233 0:0 41166
41165 66234 0:0 41166
41166 66235 21:0 41232
41234 66265 21:0 41242
41241 66266 0:0 41242
41241 66267 21:0 41308
41306 66268 0:0 41308
41310 66298 21:0 41318
41317 66300 0:0 41318
41317 66299 21:0 41384
41382 66301 0:0 41384
41386 66331 21:0 41394
41393 66333 0:0 41394
41393 66332 21:0 41460
41458 66334 0:0 41460
41462 66364 21:0 41470
41469 66365 0:0 41470
41469 66366 21:0 41536
41534 66367 0:0 41536
41538 66397 21:0 41546
41545 66399 0:0 41546
41545 66398 21:0 41612
41610 66400 0:0 41612
41614 66430 21:0 41622
41621 66432 0:0 41622
41621 66431 21:0 41688
41686 66433 0:0 41688
41690 66463 21:0 41698
41697 66465 0:0 41698
41697 66464 0:0 41698
41698 66466 21:0 41764
41766 66496 0:0 41769
41771 66497 21:0 41829
41773 66498 0:0 41774
41847 66531 0:0 41850
41847 66530 0:0 41850
41850 66532 21:0 41916
41918 66562 0:0 41921
41923 66564 21:0 41981
41925 66563 0:0 41926
41980 66565 0:0 41992
41994 66595 21:0 42002
42075 66630 21:0 42133
42146 66661 21:0 42154
42227 66695 21:0 42236
42244 65188 1:0 42504
42245 65186 1:0 42514
42254 65154 1:0 42634
42254 65155 1:0 42635
42260 65153 1:0 42645
42273 340 21:0 42287
42280 65123 1:0 42758
42293 65121 1:0 42765
42375 65089 1:0 42897
42376 65088 1:0 42896
42385 65087 1:0 42907
42385 65057 1:0 43020
42391 65056 1:0 43028
42396 65054 1:0 43038
42424 65022 1:0 43158
42506 65021 1:0 43169
42507 64991 1:0 43282
42516 64989 1:0 43289
42516 64990 1:0 43290
42522 64988 1:0 43300
42542 64958 1:0 43413
42555 64956 1:0 43420
42637 64957 1:0 43421
42638 64955 1:0 43431
42647 64925 1:0 43544
42647 64924 1:0 43552
42655 64923 1:0 43551
42673 64922 1:0 43562
42768 64892 1:0 43675
42769 64890 1:0 43682
42769 64891 1:0 43683
42778 64889 1:0 43693
42778 64859 1:0 43806
42786 64857 1:0 43813
42805 64858 1:0 43814
42899 64856 1:0 43824
42900 64826 1:0 43937
42909 64824 1:0 43944
42909 64825 1:0 43945
42915 64823 1:0 43955
42919 64793 1:0 44068
42936 64791 1:0 44075
43030 64792 1:0 44076
43031 64790 1:0 44086
43040 64760 1:0 44199
43040 64759 1:0 44207
43046 64758 1:0 44206
43050 64757 1:0 44217
43051 341 1:0 45547
43079 66695 1:0 45556
44397 67641 21:0 44405
44402 67643 0:0 44405
44404 67642 0:0 44405
44405 67644 21:0 44471
44473 67674 0:0 44476
44478 67676 21:0 44536
44480 67675 0:0 44481
44535 67677 0:0 44547
44549 67707 21:0 44557
44556 67709 0:0 44557
44557 67710 21:0 44623
44625 67740 21:0 44633
44632 67742 0:0 44633
44632 67741 21:0 44699
44697 67743 0:0 44699
44701 67773 21:0 44709
44708 67774 0:0 44709
44708 67775 21:0 44775
44773 67776 0:0 44775
44777 67806 21:0 44785
44784 67808 0:0 44785
44784 67807 0:0 44785
44785 67809 21:0 44851
44853 67839 21:0 44861
44860 67840 0:0 44861
44860 67841 21:0 44927
44925 67842 0:0 44927
44929 67872 21:0 44937
44936 67873 0:0 44937
44936 67874 0:0 44937
44937 67875 21:0 45003
45005 67905 21:0 45013
45010 67906 0:0 45013
45010 67907 0:0 45013
45013 67908 21:0 45079
45081 67938 0:0 45084
45086 67940 21:0 45144
45088 67939 0:0 45089
45143 67941 0:0 45155
45157 67971 21:0 45165
45165 67974 21:0 45231
45233 68004 0:0 45236
45238 68005 21:0 45296
45240 68006 0:0 45241
45295 68007 0:0 45307
45309 68037 21:0 45317
45316 68039 21:0 45383
45469 68106 21:0 45535
45559 66661 1:0 45698
45560 66630 1:0 45819
45569 66595 1:0 45960
45569 66565 1:0 46073
45575 66564 1:0 46081
45588 341 21:0 45602
45595 66563 1:0 46080
45608 66562 1:0 46091
45690 66532 1:0 46204
45691 66530 1:0 46211
45700 66531 1:0 46212
45700 66497 1:0 46342
45706 66498 1:0 46343
45711 66496 1:0 46353
45739 66466 1:0 46466
45821 66465 1:0 46474
45822 66464 1:0 46473
45831 66463 1:0 46484
45831 66433 1:0 46597
45837 66431 1:0 46604
45857 66432 1:0 46605
45870 66430 1:0 46615
45952 66400 1:0 46728
45953 66398 1:0 46735
45962 66399 1:0 46736
45962 66397 1:0 46746
45970 66367 1:0 46859
45988 66366 1:0 46867
46083 66365 1:0 46866
46084 66364 1:0 46877
46084 66334 1:0 46990
46093 66332 1:0 46997
46093 66333 1:0 46998
46101 66331 1:0 47008
46120 66301 1:0 47121
46214 66299 1:0 47128
46215 66300 1:0 47129
46224 66298 1:0 47139
46224 66268 1:0 47252
46230 66267 1:0 47260
46234 66266 1:0 47259
46251 66265 1:0 47270
46345 66235 1:0 47383
46346 66233 1:0 47390
46355 66234 1:0 47391
46355 66232 1:0 47401
46361 66202 1:0 47514
46365 66200 1:0 47521
46366 342 1:0 48862
46394 66201 1:0 47522
46476 66199 1:0 47532
46477 68106 1:0 48995
46486 68039 1:0 49265
47712 69083 21:0 47720
47717 69084 0:0 47720
47719 69085 0:0 47720
47720 69086 21:0 47786
47788 69116 21:0 47796
47795 69118 0:0 47796
47795 69117 0:0 47796
47796 69119 21:0 47862
47864 69149 21:0 47872
47871 69151 0:0 47872
47871 69150 21:0 47938
47936 69152 0:0 47938
47940 69182 21:0 47948
47947 69183 0:0 47948
47947 69184 21:0 48014
48012 69185 0:0 48014
48016 69215 21:0 48024
48023 69216 0:0 48024
48023 69217 21:0 48090
48088 69218 0:0 48090
48092 69248 21:0 48100
48099 69250 0:0 48100
48099 69249 21:0 48166
48164 69251 0:0 48166
48168 69281 21:0 48176
48175 69283 0:0 48176
48175 69282 21:0 48242
48240 69284 0:0 48242
48244 69314 21:0 48252
48251 69315 0:0 48252
48251 69316 21:0 48318
48316 69317 0:0 48318
48320 69347 0:0 48323
48325 69348 21:0 48383
48327 69349 0:0 48328
48382 69350 0:0 48394
48396 69380 21:0 48404
48404 69383 21:0 48470
48472 69413 0:0 48475
48477 69415 21:0 48535
48479 69414 0:0 48480
48534 69416 0:0 48546
48548 69446 21:0 48556
48555 69447 0:0 48556
48555 69448 21:0 48622
48620 69449 0:0 48622
48624 69479 21:0 48632
48631 69480 0:0 48632
48631 69481 21:0 48698
48705 69514 0:0 48708
48708 69515 21:0 48774
48874 68037 1:0 49275
48875 68007 1:0 49388
48884 68005 1:0 49395
48884 68006 1:0 49396
48890 68004 1:0 49406
48903 342 21:0 48917
48910 67974 1:0 49519
48923 67971 1:0 49537
49005 67941 1:0 49650
49006 67940 1:0 49658
49015 67939 1:0 49657
49015 67938 1:0 49668
49021 67908 1:0 49781
49026 67907 1:0 49789
49054 67906 1:0 49788
49136 67905 1:0 49799
49137 67875 1:0 49912
49146 67873 1:0 49919
49146 67874 1:0 49920
49152 67872 1:0 49930
49172 67842 1:0 50043
49185 67841 1:0 50051
49267 67840 1:0 50050
49268 67839 1:0 50061
49277 67809 1:0 50174
49277 67808 1:0 50182
49285 67807 1:0 50181
49303 67806 1:0 50192
49398 67776 1:0 50305
49399 67774 1:0 50312
49399 67775 1:0 50313
49408 67773 1:0 50323
49408 67743 1:0 50436
49416 67741 1:0 50443
49435 67742 1:0 50444
49529 67740 1:0 50454
49530 67710 1:0 50567
49539 67709 1:0 50575
49539 67707 1:0 50585
49545 67677 1:0 50698
49549 67676 1:0 50706
49566 67675 1:0 50705
49578 343 1:0 52177
49660 67674 1:0 50716
49661 67644 1:0 50829
49670 67642 1:0 50836
49670 67643 1:0 50837
49676 67641 1:0 50847
51027 70525 21:0 51035
51032 70527 0:0 51035
51032 70526 0:0 51035
51035 70528 21:0 51101
51103 70558 21:0 51111
51110 70560 0:0 51111
51110 70559 21:0 51177
51175 70561 0:0 51177
51179 70591 21:0 51187
51186 70592 0:0 51187
51186 70593 21:0 51253
51251 70594 0:0 51253
51255 70624 21:0 51263
51262 70625 0:0 51263
51262 70626 21:0 51329
51327 70627 0:0 51329
51331 70657 21:0 51339
51338 70658 0:0 51339
51338 70659 21:0 51405
51403 70660 0:0 51405
51407 70690 21:0 51415
51414 70691 0:0 51415
51414 70692 21:0 51481
51483 70723 21:0 51491
51490 70725 0:0 51491
51490 70724 21:0 51557
51559 70756 21:0 51567
51566 70758 0:0 51567
51566 70757 21:0 51633
51631 70759 0:0 51633
51635 70789 21:0 51643
51643 70792 21:0 51709
51711 70822 0:0 51714
51716 70823 21:0 51774
51718 70824 0:0 51719
51787 70855 0:0 51790
51792 70857 21:0 51850
51794 70856 0:0 51795
51849 70858 0:0 51861
51863 70888 0:0 51866
51868 70889 21:0 51926
51925 70891 0:0 51937
51939 70921 21:0 51947
51946 70922 21:0 52013
52020 70956 21:0 52078
52091 70987 21:0 52099
52189 69515 1:0 52441
52190 69514 1:0 52449
52199 69480 1:0 52579
52199 69481 1:0 52580
52205 69479 1:0 52590
52218 343 21:0 52232
52225 69449 1:0 52703
52238 69448 1:0 52711
52320 69447 1:0 52710
52321 69446 1:0 52721
52330 69416 1:0 52834
52330 69415 1:0 52842
52336 69414 1:0 52841
52341 69413 1:0 52852
52369 69383 1:0 52965
52451 69380 1:0 52983
52452 69350 1:0 53096
52461 69348 1:0 53103
52461 69349 1:0 53104
52467 69347 1:0 53114
52487 69317 1:0 53227
52500 69316 1:0 53235
52582 69315 1:0 53234
52583 69314 1:0 53245
52592 69284 1:0 53358
52592 69282 1:0 53365
52600 69283 1:0 53366
52618 69281 1:0 53376
52713 69251 1:0 53489
52714 69249 1:0 53496
52714 69250 1:0 53497
52723 69248 1:0 53507
52723 69218 1:0 53620
52731 69217 1:0 53628
52750 69216 1:0 53627
52844 69215 1:0 53638
52845 69185 1:0 53751
52854 69183 1:0 53758
52854 69184 1:0 53759
52860 69182 1:0 53769
52864 69152 1:0 53882
52881 69150 1:0 53889
52975 69151 1:0 53890
52976 69149 1:0 53900
52985 69119 1:0 54013
52985 69118 1:0 54021
52991 69117 1:0 54020
52995 69116 1:0 54031
52996 344 1:0 55492
53024 69086 1:0 54144
53106 69085 1:0 54152
53107 69084 1:0 54151
53116 69083 1:0 54162
54342 71967 0:0 54345
54347 71969 21:0 54405
54349 71968 0:0 54350
54404 71970 0:0 54416
54418 72000 21:0 54426
54425 72002 0:0 54426
54425 72001 0:0 54426
54426 72003 21:0 54492
54494 72033 21:0 54502
54501 72035 0:0 54502
54501 72034 21:0 54568
54566 72036 0:0 54568
54570 72066 21:0 54578
54577 72068 0:0 54578
54577 72067 21:0 54644
54642 72069 0:0 54644
54646 72099 21:0 54654
54653 72101 0:0 54654
54653 72100 21:0 54720
54718 72102 0:0 54720
54722 72132 21:0 54730
54729 72134 0:0 54730
54729 72133 21:0 54796
54794 72135 0:0 54796
54798 72165 21:0 54806
54805 72167 0:0 54806
54805 72166 0:0 54806
54806 72168 21:0 54872
54874 72198 21:0 54882
54881 72200 0:0 54882
54881 72199 21:0 54948
54946 72201 0:0 54948
54950 72231 0:0 54953
54955 72233 21:0 55013
54957 72232 0:0 54958
55012 72234 0:0 55024
55026 72264 21:0 55034
55033 72265 0:0 55034
55033 72266 21:0 55100
55098 72267 0:0 55100
55102 72297 0:0 55105
55107 72299 21:0 55165
55164 72300 0:0 55176
55183 72332 21:0 55241
55240 72333 0:0 55252
55254 72363 21:0 55262
55259 72365 0:0 55262
55259 72364 0:0 55262
55262 72366 21:0 55328
55335 72398 21:0 55393
55392 72399 0:0 55404
55504 70987 1:0 55643
55505 70956 1:0 55764
55514 70922 1:0 55894
55514 70921 1:0 55905
55520 70891 1:0 56018
55533 344 21:0 55547
55540 70889 1:0 56025
55553 70888 1:0 56036
55635 70858 1:0 56149
55636 70857 1:0 56157
55645 70856 1:0 56156
55645 70855 1:0 56167
55651 70823 1:0 56287
55656 70824 1:0 56288
55684 70822 1:0 56298
55766 70792 1:0 56411
55767 70789 1:0 56429
55776 70759 1:0 56542
55776 70757 1:0 56549
55782 70758 1:0 56550
55802 70756 1:0 56560
55815 70724 1:0 56680
55897 70725 1:0 56681
55898 70723 1:0 56691
55907 70691 1:0 56811
55907 70692 1:0 56812
55915 70690 1:0 56822
55933 70660 1:0 56935
56028 70659 1:0 56943
56029 70658 1:0 56942
56029 70657 1:0 56953
56038 70627 1:0 57066
56038 70626 1:0 57074
56046 70625 1:0 57073
56065 70624 1:0 57084
56159 70594 1:0 57197
56160 70593 1:0 57205
56169 70592 1:0 57204
56169 70591 1:0 57215
56175 70561 1:0 57328
56179 70559 1:0 57335
56196 70560 1:0 57336
56208 345 1:0 58807
56290 70558 1:0 57346
56291 70528 1:0 57459
56300 70526 1:0 57466
56300 70527 1:0 57467
56306 70525 1:0 57477
56311 72399 1:0 59071
57657 73409 21:0 57665
57664 73410 0:0 57665
57664 73411 0:0 57665
57665 73412 21:0 57731
57733 73442 0:0 57736
57738 73443 21:0 57796
57740 73444 0:0 57741
57795 73445 0:0 57807
57809 73475 21:0 57817
57816 73477 0:0 57817
57816 73476 21:0 57883
57881 73478 0:0 57883
57885 73508 21:0 57893
57892 73510 0:0 57893
57892 73509 21:0 57959
57957 73511 0:0 57959
57961 73541 21:0 57969
57968 73542 0:0 57969
57968 73543 21:0 58035
58033 73544 0:0 58035
58037 73574 21:0 58045
58044 73576 0:0 58045
58044 73575 21:0 58111
58109 73577 0:0 58111
58113 73607 21:0 58121
58120 73609 0:0 58121
58120 73608 21:0 58187
58189 73640 21:0 58197
58196 73642 0:0 58197
58196 73641 21:0 58263
58261 73643 0:0 58263
58265 73673 21:0 58273
58272 73674 0:0 58273
58273 73676 21:0 58339
58346 73708 21:0 58404
58348 73707 0:0 58349
58403 73709 0:0 58415
58417 73739 21:0 58425
58422 73741 0:0 58425
58425 73742 21:0 58491
58493 73772 21:0 58501
58500 73774 21:0 58567
58569 73805 21:0 58577
58645 73838 21:0 58653
58652 73839 0:0 58653
58652 73840 21:0 58719
58726 73873 21:0 58784
58819 72398 1:0 59079
58820 72366 1:0 59202
58829 72364 1:0 59209
58829 72365 1:0 59210
58835 72363 1:0 59220
58848 345 21:0 58862
58855 72333 1:0 59333
58868 72332 1:0 59341
58950 72300 1:0 59464
58951 72299 1:0 59472
58960 72297 1:0 59482
58960 72267 1:0 59595
58966 72266 1:0 59603
58971 72265 1:0 59602
58999 72264 1:0 59613
59081 72234 1:0 59726
59082 72233 1:0 59734
59091 72232 1:0 59733
59091 72231 1:0 59744
59097 72201 1:0 59857
59117 72199 1:0 59864
59130 72200 1:0 59865
59212 72198 1:0 59875
59213 72168 1:0 59988
59222 72166 1:0 59995
59222 72167 1:0 59996
59230 72165 1:0 60006
59248 72135 1:0 60119
59343 72133 1:0 60126
59344 72134 1:0 60127
59344 72132 1:0 60137
59353 72102 1:0 60250
59353 72100 1:0 60257
59361 72101 1:0 60258
59380 72099 1:0 60268
59474 72069 1:0 60381
59475 72067 1:0 60388
59484 72068 1:0 60389
59484 72066 1:0 60399
59490 72036 1:0 60512
59494 72034 1:0 60519
59511 72035 1:0 60520
59605 72033 1:0 60530
59606 72003 1:0 60643
59615 72001 1:0 60650
59615 72002 1:0 60651
59621 72000 1:0 60661
59625 71970 1:0 60774
59626 346 1:0 62122
59654 71969 1:0 60782
59736 71968 1:0 60781
59737 71967 1:0 60792
60972 74851 21:0 60980
60979 74852 0:0 60980
60979 74853 0:0 60980
60980 74854 21:0 61046
61048 74884 21:0 61056
61055 74885 0:0 61056
61055 74886 0:0 61056
61056 74887 21:0 61122
61124 74917 21:0 61132
61131 74919 0:0 61132
61131 74918 21:0 61198
61196 74920 0:0 61198
61200 74950 21:0 61208
61207 74952 0:0 61208
61207 74951 21:0 61274
61272 74953 0:0 61274
61276 74983 21:0 61284
61283 74984 0:0 61284
61283 74985 21:0 61350
61348 74986 0:0 61350
61352 75016 21:0 61360
61359 75017 0:0 61360
61359 75018 0:0 61360
61360 75019 21:0 61426
61428 75049 21:0 61436
61435 75051 0:0 61436
61435 75050 21:0 61502
61500 75052 0:0 61502
61504 75082 21:0 61512
61511 75084 0:0 61512
61511 75083 21:0 61578
61576 75085 0:0 61578
61580 75115 21:0 61588
61587 75116 0:0 61588
61587 75117 21:0 61654
61652 75118 0:0 61654
61656 75148 0:0 61659
61661 75150 21:0 61719
61663 75149 0:0 61664
61718 75151 0:0 61730
61737 75182 0:0 61740
61740 75184 21:0 61806
61808 75214 0:0 61811
61813 75216 21:0 61871
61870 75217 0:0 61882
61889 75249 21:0 61947
61891 75248 0:0 61892
61965 75281 21:0 62023
61967 75282 0:0 61968
62036 75313 21:0 62044
62134 73873 1:0 62263
62135 73840 1:0 62394
62144 73839 1:0 62393
62144 73838 1:0 62404
62150 73805 1:0 62535
62163 346 21:0 62177
62170 73774 1:0 62656
62183 73772 1:0 62666
62265 73742 1:0 62779
62266 73741 1:0 62787
62275 73739 1:0 62797
62275 73709 1:0 62910
62281 73708 1:0 62918
62286 73707 1:0 62917
62314 73676 1:0 63041
62396 73674 1:0 63048
62397 73673 1:0 63059
62406 73643 1:0 63172
62406 73641 1:0 63179
62412 73642 1:0 63180
62432 73640 1:0 63190
62445 73608 1:0 63310
62527 73609 1:0 63311
62528 73607 1:0 63321
62537 73577 1:0 63434
62537 73575 1:0 63441
62545 73576 1:0 63442
62563 73574 1:0 63452
62658 73544 1:0 63565
62659 73542 1:0 63572
62659 73543 1:0 63573
62668 73541 1:0 63583
62668 73511 1:0 63696
62676 73509 1:0 63703
62695 73510 1:0 63704
62789 73508 1:0 63714
62790 73478 1:0 63827
62799 73476 1:0 63834
62799 73477 1:0 63835
62805 73475 1:0 63845
62809 73445 1:0 63958
62826 73443 1:0 63965
62920 73444 1:0 63966
62921 73442 1:0 63976
62930 73412 1:0 64089
62930 73410 1:0 64096
62936 73411 1:0 64097
62940 73409 1:0 64107
62941 347 1:0 65437
62969 75313 1:0 65588
64292 76294 0:0 64295
64292 76295 0:0 64295
64295 76296 21:0 64361
64363 76326 0:0 64366
64368 76327 21:0 64426
64370 76328 0:0 64371
64425 76329 0:0 64437
64439 76359 21:0 64447
64446 76360 0:0 64447
64446 76361 21:0 64513
64511 76362 0:0 64513
64515 76392 21:0 64523
64522 76393 0:0 64523
64522 76394 21:0 64589
64587 76395 0:0 64589
64591 76425 21:0 64599
64598 76426 0:0 64599
64598 76427 21:0 64665
64663 76428 0:0 64665
64667 76458 21:0 64675
64674 76460 0:0 64675
64674 76459 21:0 64741
64739 76461 0:0 64741
64743 76491 21:0 64751
64750 76493 0:0 64751
64750 76492 21:0 64817
64815 76494 0:0 64817
64819 76524 21:0 64827
64826 76526 0:0 64827
64826 76525 21:0 64893
64891 76527 0:0 64893
64895 76557 21:0 64903
64902 76558 0:0 64903
64902 76559 21:0 64969
64967 76560 0:0 64969
64971 76590 21:0 64979
64978 76591 0:0 64979
64978 76592 21:0 65045
65047 76623 21:0 65055
65054 76625 0:0 65055
65055 76626 21:0 65121
65123 76656 21:0 65131
65130 76657 0:0 65131
65130 76658 21:0 65197
65195 76659 0:0 65197
65275 76722 0:0 65278
65280 76724 21:0 65338
65351 76755 21:0 65359
65449 75281 1:0 65708
65450 75282 1:0 65709
65459 75248 1:0 65839
65459 75249 1:0 65840
65465 75217 1:0 65963
65478 347 21:0 65492
65485 75216 1:0 65971
65498 75214 1:0 65981
65580 75184 1:0 66094
65581 75182 1:0 66101
65590 75151 1:0 66225
65590 75150 1:0 66233
65596 75149 1:0 66232
65601 75148 1:0 66243
65629 75118 1:0 66356
65711 75117 1:0 66364
65712 75116 1:0 66363
65721 75115 1:0 66374
65721 75085 1:0 66487
65727 75083 1:0 66494
65747 75084 1:0 66495
65760 75082 1:0 66505
65842 75052 1:0 66618
65843 75050 1:0 66625
65852 75051 1:0 66626
65852 75049 1:0 66636
65860 75019 1:0 66749
65878 75017 1:0 66756
65973 75018 1:0 66757
65974 75016 1:0 66767
65974 74986 1:0 66880
65983 74984 1:0 66887
65983 74985 1:0 66888
65991 74983 1:0 66898
66010 74953 1:0 67011
66104 74951 1:0 67018
66105 74952 1:0 67019
66114 74950 1:0 67029
66114 74920 1:0 67142
66120 74918 1:0 67149
66124 74919 1:0 67150
66141 74917 1:0 67160
66235 74887 1:0 67273
66236 74885 1:0 67280
66245 74886 1:0 67281
66245 74884 1:0 67291
66251 74854 1:0 67404
66255 74853 1:0 67412
66256 348 1:0 68752
66284 74852 1:0 67411
66366 74851 1:0 67422
67602 77735 21:0 67610
67607 77737 0:0 67610
67607 77736 0:0 67610
67610 77738 21:0 67676
67678 77768 21:0 67686
67685 77770 0:0 67686
67685 77769 21:0 67752
67750 77771 0:0 67752
67754 77801 21:0 67762
67761 77803 0:0 67762
67761 77802 21:0 67828
67826 77804 0:0 67828
67830 77834 21:0 67838
67837 77835 0:0 67838
67837 77836 21:0 67904
67902 77837 0:0 67904
67906 77867 21:0 67914
67913 77868 0:0 67914
67913 77869 21:0 67980
67978 77870 0:0 67980
67982 77900 21:0 67990
67989 77902 0:0 67990
67989 77901 21:0 68056
68054 77903 0:0 68056
68058 77933 21:0 68066
68065 77935 0:0 68066
68065 77934 21:0 68132
68130 77936 0:0 68132
68134 77966 21:0 68142
68141 77968 0:0 68142
68141 77967 21:0 68208
68206 77969 0:0 68208
68210 77999 21:0 68218
68217 78001 0:0 68218
68217 78000 21:0 68284
68282 78002 0:0 68284
68286 78032 21:0 68294
68293 78033 0:0 68294
68294 78035 21:0 68360
68367 78067 21:0 68425
68369 78066 0:0 68370
68438 78098 0:0 68441
68443 78100 21:0 68501
68445 78099 0:0 68446
68500 78101 0:0 68512
68514 78131 21:0 68522
68521 78133 21:0 68588
68590 78164 21:0 68598
68598 78167 21:0 68664
68764 76755 1:0 68903
68765 76724 1:0 69024
68774 76722 1:0 69034
68774 76659 1:0 69278
68780 76658 1:0 69286
68793 348 21:0 68807
68800 76657 1:0 69285
68813 76656 1:0 69296
68895 76626 1:0 69409
68896 76625 1:0 69417
68905 76623 1:0 69427
68905 76592 1:0 69548
68911 76591 1:0 69547
68916 76590 1:0 69558
68944 76560 1:0 69671
69026 76559 1:0 69679
69027 76558 1:0 69678
69036 76557 1:0 69689
69036 76527 1:0 69802
69042 76525 1:0 69809
69062 76526 1:0 69810
69075 76524 1:0 69820
69157 76494 1:0 69933
69158 76492 1:0 69940
69167 76493 1:0 69941
69167 76491 1:0 69951
69175 76461 1:0 70064
69193 76459 1:0 70071
69288 76460 1:0 70072
69289 76458 1:0 70082
69289 76428 1:0 70195
69298 76426 1:0 70202
69298 76427 1:0 70203
69306 76425 1:0 70213
69325 76395 1:0 70326
69419 76394 1:0 70334
69420 76393 1:0 70333
69429 76392 1:0 70344
69429 76362 1:0 70457
69435 76361 1:0 70465
69439 76360 1:0 70464
69456 76359 1:0 70475
69550 76329 1:0 70588
69551 76327 1:0 70595
69560 76328 1:0 70596
69560 76326 1:0 70606
69566 76296 1:0 70719
69570 76295 1:0 70727
69571 349 1:0 72067
69599 76294 1:0 70726
69681 78167 1:0 72331
70917 79177 0:0 70920
70922 79179 21:0 70980
70924 79178 0:0 70925
70979 79180 0:0 70991
70993 79210 21:0 71001
71000 79212 0:0 71001
71000 79211 21:0 71067
71065 79213 0:0 71067
71069 79243 21:0 71077
71076 79245 0:0 71077
71076 79244 21:0 71143
71141 79246 0:0 71143
71145 79276 21:0 71153
71152 79277 0:0 71153
71152 79278 21:0 71219
71217 79279 0:0 71219
71221 79309 21:0 71229
71228 79311 0:0 71229
71228 79310 21:0 71295
71293 79312 0:0 71295
71297 79342 21:0 71305
71304 79343 0:0 71305
71304 79344 0:0 71305
71305 79345 21:0 71371
71373 79375 21:0 71381
71380 79376 0:0 71381
71380 79377 0:0 71381
71381 79378 21:0 71447
71449 79408 21:0 71457
71456 79410 0:0 71457
71456 79409 21:0 71523
71521 79411 0:0 71523
71525 79441 21:0 71533
71532 79442 0:0 71533
71532 79443 21:0 71599
71597 79444 0:0 71599
71601 79474 21:0 71609
71609 79477 21:0 71675
71677 79507 0:0 71680
71682 79509 21:0 71740
71684 79508 0:0 71685
71739 79510 0:0 71751
71753 79540 21:0 71761
71760 79542 0:0 71761
71760 79541 0:0 71761
71761 79543 21:0 71827
71834 79574 21:0 71892
71836 79575 0:0 71837
71910 79607 21:0 71968
72079 78164 1:0 72349
72080 78133 1:0 72470
72089 78131 1:0 72480
72089 78101 1:0 72593
72095 78100 1:0 72601
72108 349 21:0 72122
72115 78099 1:0 72600
72128 78098 1:0 72611
72210 78067 1:0 72732
72211 78066 1:0 72731
72220 78035 1:0 72855
72220 78033 1:0 72862
72226 78032 1:0 72873
72231 78002 1:0 72986
72259 78000 1:0 72993
72341 78001 1:0 72994
72342 77999 1:0 73004
72351 77969 1:0 73117
72351 77967 1:0 73124
72357 77968 1:0 73125
72377 77966 1:0 73135
72390 77936 1:0 73248
72472 77934 1:0 73255
72473 77935 1:0 73256
72482 77933 1:0 73266
72482 77903 1:0 73379
72490 77901 1:0 73386
72508 77902 1:0 73387
72603 77900 1:0 73397
72604 77870 1:0 73510
72604 77869 1:0 73518
72613 77868 1:0 73517
72613 77867 1:0 73528
72621 77837 1:0 73641
72640 77836 1:0 73649
72734 77835 1:0 73648
72735 77834 1:0 73659
72744 77804 1:0 73772
72744 77802 1:0 73779
72750 77803 1:0 73780
72754 77801 1:0 73790
72771 77771 1:0 73903
72865 77769 1:0 73910
72866 77770 1:0 73911
72875 77768 1:0 73921
72875 77738 1:0 74034
72881 77736 1:0 74041
72885 77737 1:0 74042
72886 350 1:0 75382
72914 77735 1:0 74052
74232 80619 21:0 74240
74237 80621 0:0 74240
74237 80620 0:0 74240
74240 80622 21:0 74306
74308 80652 21:0 74316
74315 80654 0:0 74316
74315 80653 0:0 74316
74316 80655 21:0 74382
74384 80685 21:0 74392
74391 80686 0:0 74392
74391 80687 21:0 74458
74456 80688 0:0 74458
74460 80718 21:0 74468
74467 80719 0:0 74468
74467 80720 21:0 74534
74532 80721 0:0 74534
74536 80751 21:0 74544
74543 80752 0:0 74544
74543 80753 21:0 74610
74608 80754 0:0 74610
74612 80784 21:0 74620
74619 80786 0:0 74620
74619 80785 21:0 74686
74684 80787 0:0 74686
74688 80817 21:0 74696
74695 80818 0:0 74696
74695 80819 21:0 74762
74760 80820 0:0 74762
74764 80850 21:0 74772
74771 80852 0:0 74772
74771 80851 21:0 74838
74836 80853 0:0 74838
74840 80883 21:0 74848
74847 80885 0:0 74848
74847 80884 21:0 74914
74916 80916 21:0 74924
74923 80917 0:0 74924
74924 80919 21:0 74990
74992 80949 21:0 75000
74997 80951 0:0 75000
74997 80950 0:0 75000
75000 80952 21:0 75066
75068 80982 21:0 75076
75075 80984 21:0 75142
75149 81017 21:0 75207
75220 81048 21:0 75228
75227 81050 21:0 75294
75301 81083 21:0 75359
75394 79607 1:0 75653
75395 79574 1:0 75784
75404 79575 1:0 75785
75404 79543 1:0 75908
75410 79542 1:0 75916
75423 350 21:0 75437
75430 79541 1:0 75915
75443 79540 1:0 75926
75525 79510 1:0 76039
75526 79509 1:0 76047
75535 79508 1:0 76046
75535 79507 1:0 76057
75541 79477 1:0 76170
75546 79474 1:0 76188
75574 79444 1:0 76301
75656 79443 1:0 76309
75657 79442 1:0 76308
75666 79441 1:0 76319
75666 79411 1:0 76432
75672 79409 1:0 76439
75692 79410 1:0 76440
75705 79408 1:0 76450
75787 79378 1:0 76563
75788 79376 1:0 76570
75797 79377 1:0 76571
75797 79375 1:0 76581
75805 79345 1:0 76694
75823 79343 1:0 76701
75918 79344 1:0 76702
75919 79342 1:0 76712
75919 79312 1:0 76825
75928 79310 1:0 76832
75928 79311 1:0 76833
75936 79309 1:0 76843
75955 79279 1:0 76956
76049 79278 1:0 76964
76050 79277 1:0 76963
76059 79276 1:0 76974
76059 79246 1:0 77087
76065 79244 1:0 77094
76069 79245 1:0 77095
76086 79243 1:0 77105
76180 79213 1:0 77218
76181 79211 1:0 77225
76190 79212 1:0 77226
76190 79210 1:0 77236
76196 79180 1:0 77349
76200 79179 1:0 77357
76201 351 1:0 78697
76229 79178 1:0 77356
76311 79177 1:0 77367
76312 81083 1:0 78838
76321 81050 1:0 78969
76321 81048 1:0 78979
77547 82061 21:0 77555
77552 82063 0:0 77555
77552 82062 0:0 77555
77555 82064 21:0 77621
77623 82094 21:0 77631
77630 82095 0:0 77631
77630 82096 21:0 77697
77695 82097 0:0 77697
77699 82127 21:0 77707
77706 82128 0:0 77707
77706 82129 21:0 77773
77771 82130 0:0 77773
77775 82160 21:0 77783
77782 82162 0:0 77783
77782 82161 21:0 77849
77847 82163 0:0 77849
77851 82193 21:0 77859
77858 82195 0:0 77859
77858 82194 21:0 77925
77923 82196 0:0 77925
77927 82226 21:0 77935
77934 82227 0:0 77935
77934 82228 0:0 77935
77935 82229 21:0 78001
78003 82259 21:0 78011
78010 82260 0:0 78011
78010 82261 21:0 78077
78075 82262 0:0 78077
78079 82292 21:0 78087
78086 82294 0:0 78087
78086 82293 21:0 78153
78151 82295 0:0 78153
78155 82325 0:0 78158
78160 82326 21:0 78218
78162 82327 0:0 78163
78217 82328 0:0 78229
78231 82358 21:0 78239
78238 82360 0:0 78239
78238 82359 21:0 78305
78303 82361 0:0 78305
78307 82391 21:0 78315
78314 82392 0:0 78315
78314 82393 21:0 78381
78379 82394 0:0 78381
78383 82424 21:0 78391
78390 82426 0:0 78391
78390 82425 21:0 78457
78464 82458 0:0 78467
78464 82459 0:0 78467
78467 82460 21:0 78533
78543 82493 21:0 78609
78687 82556 21:0 78695
78709 81017 1:0 79100
78710 80984 1:0 79231
78719 80982 1:0 79241
78719 80952 1:0 79354
78725 80951 1:0 79362
78738 351 21:0 78752
78745 80950 1:0 79361
78758 80949 1:0 79372
78840 80919 1:0 79485
78841 80917 1:0 79492
78850 80916 1:0 79503
78850 80884 1:0 79623
78856 80885 1:0 79624
78861 80883 1:0 79634
78889 80853 1:0 79747
78971 80851 1:0 79754
78972 80852 1:0 79755
78981 80850 1:0 79765
78981 80820 1:0 79878
78987 80819 1:0 79886
79007 80818 1:0 79885
79020 80817 1:0 79896
79102 80787 1:0 80009
79103 80785 1:0 80016
79112 80786 1:0 80017
79112 80784 1:0 80027
79120 80754 1:0 80140
79138 80753 1:0 80148
79233 80752 1:0 80147
79234 80751 1:0 80158
79234 80721 1:0 80271
79243 80719 1:0 80278
79243 80720 1:0 80279
79251 80718 1:0 80289
79270 80688 1:0 80402
79364 80687 1:0 80410
79365 80686 1:0 80409
79374 80685 1:0 80420
79374 80655 1:0 80533
79380 80654 1:0 80541
79384 80653 1:0 80540
79401 80652 1:0 80551
79413 352 1:0 82012
79495 80622 1:0 80664
79496 80620 1:0 80671
79505 80621 1:0 80672
79505 80619 1:0 80682
80862 83503 21:0 80870
80869 83505 0:0 80870
80869 83504 0:0 80870
80870 83506 21:0 80936
80938 83536 21:0 80946
80945 83538 0:0 80946
80945 83537 0:0 80946
80946 83539 21:0 81012
81014 83569 21:0 81022
81021 83571 0:0 81022
81021 83570 21:0 81088
81086 83572 0:0 81088
81090 83602 21:0 81098
81097 83604 0:0 81098
81097 83603 21:0 81164
81162 83605 0:0 81164
81166 83635 21:0 81174
81173 83636 0:0 81174
81173 83637 21:0 81240
81238 83638 0:0 81240
81242 83668 21:0 81250
81249 83669 0:0 81250
81249 83670 21:0 81316
81314 83671 0:0 81316
81318 83701 21:0 81326
81325 83703 0:0 81326
81325 83702 21:0 81392
81390 83704 0:0 81392
81394 83734 21:0 81402
81401 83736 0:0 81402
81401 83735 0:0 81402
81402 83737 21:0 81468
81470 83767 21:0 81478
81475 83768 0:0 81478
81478 83770 21:0 81544
81546 83800 21:0 81554
81551 83802 0:0 81554
81554 83803 21:0 81620
81698 83866 21:0 81706
81705 83867 21:0 81772
81770 83869 0:0 81772
81779 83901 0:0 81782
81782 83902 21:0 81848
81926 83965 0:0 81929
81931 83967 21:0 81989
82024 82556 1:0 82032
82025 82493 1:0 82276
82034 82460 1:0 82407
82034 82458 1:0 82414
82040 82459 1:0 82415
82053 352 21:0 82067
82060 82425 1:0 82545
82073 82426 1:0 82546
82155 82424 1:0 82556
82156 82394 1:0 82669
82165 82392 1:0 82676
82165 82393 1:0 82677
82171 82391 1:0 82687
82176 82361 1:0 82800
82204 82359 1:0 82807
82286 82360 1:0 82808
82287 82358 1:0 82818
82296 82328 1:0 82931
82296 82326 1:0 82938
82302 82327 1:0 82939
82322 82325 1:0 82949
82335 82295 1:0 83062
82417 82293 1:0 83069
82418 82294 1:0 83070
82427 82292 1:0 83080
82427 82262 1:0 83193
82435 82261 1:0 83201
82453 82260 1:0 83200
82548 82259 1:0 83211
82549 82229 1:0 83324
82549 82227 1:0 83331
82558 82228 1:0 83332
82558 82226 1:0 83342
82566 82196 1:0 83455
82585 82194 1:0 83462
82679 82195 1:0 83463
82680 82193 1:0 83473
82689 82163 1:0 83586
82689 82161 1:0 83593
82695 82162 1:0 83594
82699 82160 1:0 83604
82716 82130 1:0 83717
82810 82129 1:0 83725
82811 82128 1:0 83724
82820 82127 1:0 83735
82820 82097 1:0 83848
82826 82096 1:0 83856
82830 82095 1:0 83855
82831 353 1:0 85327
82859 82094 1:0 83866
82941 82064 1:0 83979
82942 82063 1:0 83987
82951 82062 1:0 83986
82951 82061 1:0 83997
82957 83967 1:0 85468
82977 83965 1:0 85478
84177 84945 21:0 84185
84182 84947 0:0 84185
84184 84946 0:0 84185
84185 84948 21:0 84251
84253 84978 0:0 84256
84258 84980 21:0 84316
84260 84979 0:0 84261
84315 84981 0:0 84327
84329 85011 21:0 84337
84336 85012 0:0 84337
84336 85013 21:0 84403
84401 85014 0:0 84403
84405 85044 21:0 84413
84412 85045 0:0 84413
84412 85046 21:0 84479
84477 85047 0:0 84479
84481 85077 21:0 84489
84488 85078 0:0 84489
84488 85079 0:0 84489
84489 85080 21:0 84555
84557 85110 21:0 84565
84564 85112 0:0 84565
84564 85111 0:0 84565
84565 85113 21:0 84631
84633 85143 21:0 84641
84640 85144 0:0 84641
84640 85145 21:0 84707
84705 85146 0:0 84707
84709 85176 21:0 84717
84716 85178 0:0 84717
84716 85177 21:0 84783
84781 85179 0:0 84783
84785 85209 21:0 84793
84792 85210 0:0 84793
84792 85211 21:0 84859
84857 85212 0:0 84859
84861 85242 21:0 84869
84868 85243 0:0 84869
84868 85244 0:0 84869
84869 85245 21:0 84935
84937 85275 0:0 84940
84942 85277 21:0 85000
84944 85276 0:0 84945
84999 85278 0:0 85011
85013 85308 0:0 85016
85018 85309 21:0 85076
85020 85310 0:0 85021
85075 85311 0:0 85087
85089 85341 21:0 85097
85096 85343 0:0 85097
85096 85342 21:0 85163
85161 85344 0:0 85163
85173 85377 21:0 85239
85241 85407 21:0 85249
85339 83902 1:0 85722
85340 83901 1:0 85730
85349 83869 1:0 85853
85349 83867 1:0 85860
85355 83866 1:0 85871
85368 353 21:0 85382
85375 83803 1:0 86115
85388 83802 1:0 86123
85470 83800 1:0 86133
85471 83770 1:0 86246
85480 83768 1:0 86253
85480 83767 1:0 86264
85486 83737 1:0 86377
85491 83735 1:0 86384
85519 83736 1:0 86385
85601 83734 1:0 86395
85602 83704 1:0 86508
85611 83702 1:0 86515
85611 83703 1:0 86516
85617 83701 1:0 86526
85637 83671 1:0 86639
85650 83670 1:0 86647
85732 83669 1:0 86646
85733 83668 1:0 86657
85742 83638 1:0 86770
85742 83637 1:0 86778
85750 83636 1:0 86777
85768 83635 1:0 86788
85863 83605 1:0 86901
85864 83603 1:0 86908
85864 83604 1:0 86909
85873 83602 1:0 86919
85873 83572 1:0 87032
85881 83570 1:0 87039
85900 83571 1:0 87040
85994 83569 1:0 87050
85995 83539 1:0 87163
86004 83537 1:0 87170
86004 83538 1:0 87171
86010 83536 1:0 87181
86014 83506 1:0 87294
86031 83505 1:0 87302
86043 354 1:0 88642
86125 83504 1:0 87301
86126 83503 1:0 87312
87492 86387 21:0 87500
87497 86388 0:0 87500
87497 86389 0:0 87500
87500 86390 21:0 87566
87568 86420 21:0 87576
87575 86421 0:0 87576
87575 86422 21:0 87642
87640 86423 0:0 87642
87644 86453 21:0 87652
87651 86455 0:0 87652
87651 86454 21:0 87718
87716 86456 0:0 87718
87720 86486 21:0 87728
87727 86488 0:0 87728
87727 86487 21:0 87794
87792 86489 0:0 87794
87796 86519 21:0 87804
87803 86520 0:0 87804
87803 86521 21:0 87870
87868 86522 0:0 87870
87872 86552 21:0 87880
87879 86553 0:0 87880
87879 86554 21:0 87946
87944 86555 0:0 87946
87948 86585 21:0 87956
87955 86587 0:0 87956
87956 86588 21:0 88022
88024 86618 21:0 88032
88031 86620 0:0 88032
88031 86619 21:0 88098
88096 86621 0:0 88098
88105 86652 21:0 88163
88107 86653 0:0 88108
88181 86685 21:0 88239
88183 86686 0:0 88184
88257 86719 0:0 88260
88260 86720 21:0 88326
88333 86751 21:0 88391
88335 86752 0:0 88336
88409 86785 21:0 88467
88411 86784 0:0 88412
88485 86818 21:0 88543
88556 86849 21:0 88564
88654 85407 1:0 88793
88655 85377 1:0 88906
88664 85344 1:0 89037
88664 85342 1:0 89044
88670 85343 1:0 89045
88683 354 21:0 88697
88690 85341 1:0 89055
88703 85311 1:0 89168
88785 85309 1:0 89175
88786 85310 1:0 89176
88795 85308 1:0 89186
88795 85278 1:0 89299
88801 85277 1:0 89307
88806 85276 1:0 89306
88834 85275 1:0 89317
88916 85245 1:0 89430
88917 85243 1:0 89437
88926 85244 1:0 89438
88926 85242 1:0 89448
88932 85212 1:0 89561
88952 85211 1:0 89569
88965 85210 1:0 89568
89047 85209 1:0 89579
89048 85179 1:0 89692
89057 85177 1:0 89699
89057 85178 1:0 89700
89065 85176 1:0 89710
89083 85146 1:0 89823
89178 85145 1:0 89831
89179 85144 1:0 89830
89179 85143 1:0 89841
89188 85113 1:0 89954
89188 85112 1:0 89962
89196 85111 1:0 89961
89215 85110 1:0 89972
89309 85080 1:0 90085
89310 85079 1:0 90093
89319 85078 1:0 90092
89319 85077 1:0 90103
89325 85047 1:0 90216
89329 85046 1:0 90224
89346 85045 1:0 90223
89440 85044 1:0 90234
89441 85014 1:0 90347
89450 85012 1:0 90354
89450 85013 1:0 90355
89456 85011 1:0 90365
89460 84981 1:0 90478
89489 84980 1:0 90486
89571 84979 1:0 90485
89572 84978 1:0 90496
89581 84948 1:0 90609
89581 84947 1:0 90617
89587 84946 1:0 90616
89592 84945 1:0 90627
89607 355 1:0 91957
89620 86849 1:0 92108
89702 86818 1:0 92229
90807 87829 21:0 90815
90814 87831 0:0 90815
90814 87830 21:0 90881
90879 87832 0:0 90881
90883 87862 21:0 90891
90890 87864 0:0 90891
90890 87863 21:0 90957
90955 87865 0:0 90957
90959 87895 21:0 90967
90966 87897 0:0 90967
90966 87896 21:0 91033
91031 87898 0:0 91033
91035 87928 21:0 91043
91042 87930 0:0 91043
91042 87929 21:0 91109
91107 87931 0:0 91109
91111 87961 21:0 91119
91118 87963 0:0 91119
91118 87962 21:0 91185
91183 87964 0:0 91185
91187 87994 21:0 91195
91194 87995 0:0 91195
91194 87996 21:0 91261
91259 87997 0:0 91261
91263 88027 21:0 91271
91270 88028 0:0 91271
91270 88029 21:0 91337
91335 88030 0:0 91337
91339 88060 21:0 91347
91346 88062 0:0 91347
91346 88061 21:0 91413
91411 88063 0:0 91413
91415 88093 0:0 91418
91420 88094 21:0 91478
91422 88095 0:0 91423
91477 88096 0:0 91489
91491 88126 21:0 91499
91498 88127 0:0 91499
91498 88128 21:0 91565
91563 88129 0:0 91565
91567 88159 21:0 91575
91574 88161 0:0 91575
91574 88160 21:0 91641
91639 88162 0:0 91641
91643 88192 0:0 91646
91648 88193 21:0 91706
91650 88194 0:0 91651
91705 88195 0:0 91717
91719 88225 0:0 91722
91724 88226 21:0 91782
91726 88227 0:0 91727
91781 88228 0:0 91793
91795 88258 0:0 91798
91800 88260 21:0 91858
91857 88261 0:0 91869
91871 88291 21:0 91879
91969 86785 1:0 92360
91970 86784 1:0 92359
91979 86751 1:0 92490
91979 86752 1:0 92491
91985 86720 1:0 92614
91998 355 21:0 92012
92005 86719 1:0 92622
92018 86685 1:0 92752
92100 86686 1:0 92753
92101 86652 1:0 92883
92110 86653 1:0 92884
92110 86621 1:0 93007
92116 86619 1:0 93014
92121 86620 1:0 93015
92149 86618 1:0 93025
92231 86588 1:0 93138
92232 86587 1:0 93146
92241 86585 1:0 93156
92241 86555 1:0 93269
92247 86554 1:0 93277
92267 86553 1:0 93276
92280 86552 1:0 93287
92362 86522 1:0 93400
92363 86521 1:0 93408
92372 86520 1:0 93407
92372 86519 1:0 93418
92380 86489 1:0 93531
92398 86487 1:0 93538
92493 86488 1:0 93539
92494 86486 1:0 93549
92494 86456 1:0 93662
92503 86454 1:0 93669
92503 86455 1:0 93670
92511 86453 1:0 93680
92530 86423 1:0 93793
92624 86422 1:0 93801
92625 86421 1:0 93800
92634 86420 1:0 93811
92634 86390 1:0 93924
92640 86388 1:0 93931
92644 86389 1:0 93932
92661 86387 1:0 93942
92673 356 1:0 95272
94127 89272 0:0 94130
94130 89274 21:0 94196
94198 89304 21:0 94206
94205 89306 0:0 94206
94205 89305 21:0 94272
94274 89337 21:0 94282
94281 89339 0:0 94282
94281 89338 21:0 94348
94350 89370 21:0 94358
94357 89372 0:0 94358
94357 89371 21:0 94424
94422 89373 0:0 94424
94426 89403 21:0 94434
94433 89404 0:0 94434
94433 89405 0:0 94434
94434 89406 21:0 94500
94502 89436 21:0 94510
94509 89437 0:0 94510
94510 89439 21:0 94576
94578 89469 21:0 94586
94585 89471 0:0 94586
94586 89472 21:0 94652
94654 89502 21:0 94662
94661 89504 0:0 94662
94661 89503 21:0 94728
94726 89505 0:0 94728
94730 89535 21:0 94738
94735 89537 0:0 94738
94738 89538 21:0 94804
94811 89569 0:0 94814
94814 89571 21:0 94880
94958 89634 21:0 94966
94966 89637 21:0 95032
95034 89667 0:0 95037
95039 89668 21:0 95097
95041 89669 0:0 95042
95096 89670 0:0 95108
95110 89700 0:0 95113
95115 89701 21:0 95173
95117 89702 0:0 95118
95186 89733 21:0 95194
95284 88291 1:0 95423
95285 88261 1:0 95536
95294 88260 1:0 95544
95294 88258 1:0 95554
95300 88228 1:0 95667
95313 356 21:0 95327
95320 88226 1:0 95674
95333 88227 1:0 95675
95415 88225 1:0 95685
95416 88195 1:0 95798
95425 88193 1:0 95805
95425 88194 1:0 95806
95431 88192 1:0 95816
95436 88162 1:0 95929
95464 88160 1:0 95936
95546 88161 1:0 95937
95547 88159 1:0 95947
95556 88129 1:0 96060
95556 88128 1:0 96068
95562 88127 1:0 96067
95582 88126 1:0 96078
95595 88096 1:0 96191
95677 88094 1:0 96198
95678 88095 1:0 96199
95687 88093 1:0 96209
95687 88063 1:0 96322
95695 88061 1:0 96329
95713 88062 1:0 96330
95808 88060 1:0 96340
95809 88030 1:0 96453
95809 88029 1:0 96461
95818 88028 1:0 96460
95818 88027 1:0 96471
95826 87997 1:0 96584
95845 87996 1:0 96592
95939 87995 1:0 96591
95940 87994 1:0 96602
95949 87964 1:0 96715
95949 87962 1:0 96722
95955 87963 1:0 96723
95959 87961 1:0 96733
95976 87931 1:0 96846
96070 87929 1:0 96853
96071 87930 1:0 96854
96080 87928 1:0 96864
96080 87898 1:0 96977
96086 87896 1:0 96984
96090 87897 1:0 96985
96119 87895 1:0 96995
96201 87865 1:0 97108
96202 87863 1:0 97115
96211 87864 1:0 97116
96211 87862 1:0 97126
96217 87832 1:0 97239
96222 87830 1:0 97246
96237 357 1:0 98587
96250 87831 1:0 97247
96332 87829 1:0 97257
96333 89733 1:0 98738
96342 89701 1:0 98858
96342 89702 1:0 98859
97437 90713 21:0 97445
97444 90715 0:0 97445
97444 90714 21:0 97511
97509 90716 0:0 97511
97513 90746 21:0 97521
97520 90748 0:0 97521
97520 90747 21:0 97587
97585 90749 0:0 97587
97589 90779 21:0 97597
97596 90780 0:0 97597
97596 90781 21:0 97663
97661 90782 0:0 97663
97665 90812 21:0 97673
97672 90813 0:0 97673
97672 90814 21:0 97739
97737 90815 0:0 97739
97741 90845 21:0 97749
97748 90846 0:0 97749
97748 90847 21:0 97815
97813 90848 0:0 97815
97817 90878 21:0 97825
97824 90880 0:0 97825
97824 90879 21:0 97891
97889 90881 0:0 97891
97893 90911 21:0 97901
97900 90913 0:0 97901
97900 90912 21:0 97967
97965 90914 0:0 97967
97969 90944 21:0 97977
97976 90945 0:0 97977
97976 90946 0:0 97977
97977 90947 21:0 98043
98045 90977 21:0 98053
98052 90979 0:0 98053
98052 90978 21:0 98119
98117 90980 0:0 98119
98121 91010 21:0 98129
98128 91012 0:0 98129
98128 91011 21:0 98195
98193 91013 0:0 98195
98197 91043 21:0 98205
98204 91045 0:0 98205
98204 91044 21:0 98271
98269 91046 0:0 98271
98273 91076 21:0 98281
98280 91077 0:0 98281
98280 91078 21:0 98347
98345 91079 0:0 98347
98349 91109 21:0 98357
98356 91110 0:0 98357
98356 91111 21:0 98423
98421 91112 0:0 98423
98425 91142 21:0 98433
98432 91143 0:0 98433
98432 91144 21:0 98499
98497 91145 0:0 98499
98501 91175 21:0 98509
98508 91176 0:0 98509
98508 91177 21:0 98575
98599 89700 1:0 98869
98600 89670 1:0 98982
98609 89668 1:0 98989
98609 89669 1:0 98990
98615 89667 1:0 99000
98628 357 21:0 98642
98635 89637 1:0 99113
98648 89634 1:0 99131
98730 89571 1:0 99375
98731 89569 1:0 99382
98740 89538 1:0 99506
98740 89537 1:0 99514
98746 89535 1:0 99524
98751 89505 1:0 99637
98779 89503 1:0 99644
98861 89504 1:0 99645
98862 89502 1:0 99655
98871 89472 1:0 99768
98871 89471 1:0 99776
98877 89469 1:0 99786
98897 89439 1:0 99899
98910 89437 1:0 99906
98992 89436 1:0 99917
98993 89406 1:0 100030
99002 89404 1:0 100037
99002 89405 1:0 100038
99010 89403 1:0 100048
99028 89373 1:0 100161
99123 89371 1:0 100168
99124 89372 1:0 100169
99124 89370 1:0 100179
99133 89338 1:0 100299
99133 89339 1:0 100300
99141 89337 1:0 100310
99160 89305 1:0 100430
99172 358 1:0 101902
99254 89306 1:0 100431
99255 89304 1:0 100441
99264 89274 1:0 100554
99264 89272 1:0 100561
100752 92155 0:0 100755
100757 92157 21:0 100815
100828 92188 21:0 100836
100833 92189 0:0 100836
100835 92190 0:0 100836
100836 92191 21:0 100902
100904 92221 21:0 100912
100911 92222 0:0 100912
100912 92224 21:0 100978
100985 92255 0:0 100988
100985 92256 0:0 100988
100988 92257 21:0 101054
101056 92287 0:0 101059
101061 92288 21:0 101119
101132 92320 21:0 101140
101137 92322 0:0 101140
101140 92323 21:0 101206
101208 92353 0:0 101211
101213 92354 21:0 101271
101215 92355 0:0 101216
101270 92356 0:0 101282
101289 92387 21:0 101347
101291 92388 0:0 101292
101346 92389 0:0 101358
101365 92421 21:0 101423
101367 92420 0:0 101368
101422 92422 0:0 101434
101436 92452 21:0 101444
101443 92454 0:0 101444
101444 92455 21:0 101510
101512 92485 21:0 101520
101517 92487 0:0 101520
101519 92486 0:0 101520
101520 92488 21:0 101586
101588 92518 0:0 101591
101593 92519 21:0 101651
101740 92584 21:0 101748
101816 92617 21:0 101824
101914 91177 1:0 102043
101915 91176 1:0 102042
101924 91175 1:0 102053
101924 91145 1:0 102166
101930 91144 1:0 102174
101943 358 21:0 101957
101950 91143 1:0 102173
101963 91142 1:0 102184
102045 91112 1:0 102297
102046 91111 1:0 102305
102055 91110 1:0 102304
102055 91109 1:0 102315
102061 91079 1:0 102428
102066 91078 1:0 102436
102094 91077 1:0 102435
102176 91076 1:0 102446
102177 91046 1:0 102559
102186 91044 1:0 102566
102186 91045 1:0 102567
102192 91043 1:0 102577
102212 91013 1:0 102690
102225 91011 1:0 102697
102307 91012 1:0 102698
102308 91010 1:0 102708
102317 90980 1:0 102821
102317 90978 1:0 102828
102325 90979 1:0 102829
102343 90977 1:0 102839
102438 90947 1:0 102952
102439 90945 1:0 102959
102439 90946 1:0 102960
102448 90944 1:0 102970
102448 90914 1:0 103083
102456 90912 1:0 103090
102475 90913 1:0 103091
102569 90911 1:0 103101
102570 90881 1:0 103214
102579 90879 1:0 103221
102579 90880 1:0 103222
102585 90878 1:0 103232
102589 90848 1:0 103345
102606 90847 1:0 103353
102700 90846 1:0 103352
102701 90845 1:0 103363
102710 90815 1:0 103476
102710 90814 1:0 103484
102716 90813 1:0 103483
102720 90812 1:0 103494
102749 90782 1:0 103607
102831 90781 1:0 103615
102832 90780 1:0 103614
102841 90779 1:0 103625
102841 90749 1:0 103738
102847 90747 1:0 103745
102852 90748 1:0 103746
102867 359 1:0 104000
102880 90746 1:0 103756
102962 90716 1:0 103869
102963 90714 1:0 103876
102972 90715 1:0 103877
102972 90713 1:0 103887
102978 45966 1:0 104107
102978 45955 1:0 104134
102980 45962 1:0 104173
102983 45963 1:0 104174
102998 45954 1:0 104133
102999 45964 1:0 104183
103011 45965 1:0 104184
103093 45960 1:0 104163
103093 45961 1:0 104164
103093 45967 1:0 104194
103093 46101 1:0 104354
103094 92617 1:0 104241
103103 46102 1:0 104355
103103 46107 1:0 104384
103103 46109 1:0 104394
103103 46110 1:0 104395
103103 46111 1:0 104404
103103 46112 1:0 104405
103109 46108 1:0 104385
103109 46113 1:0 104414
103113 46114 1:0 104415
103130 92584 1:0 104462
103142 46254 1:0 104605
103224 46248 1:0 104575
103224 46249 1:0 104576
103224 46256 1:0 104615
103224 46257 1:0 104616
103225 46255 1:0 104606
103225 46258 1:0 104625
103225 46259 1:0 104626
103234 46260 1:0 104635
103234 46261 1:0 104636
103234 92519 1:0 104770
103240 46404 1:0 104805
103242 46408 1:0 104805
103242 46401 1:0 104826
103245 46405 1:0 104805
103260 46549 1:0 105048
103261 46403 1:0 104805
103273 46407 1:0 104805
103355 46395 1:0 104796
103355 46396 1:0 104797
103355 46402 1:0 104805
103355 46406 1:0 104805
103356 92518 1:0 104904
103365 92488 1:0 104991
103365 46542 1:0 105017
103365 46543 1:0 105018
103365 46550 1:0 105057
103365 46551 1:0 105058
103371 46552 1:0 105067
103373 46553 1:0 105068
103375 46548 1:0 105047
103391 46554 1:0 105077
103392 46555 1:0 105078
103404 46696 1:0 105269
103486 92486 1:0 105114
103487 92487 1:0 105115
103487 46697 1:0 105278
103496 92485 1:0 105125
103496 92455 1:0 105212
103502 46689 1:0 105238
103502 46690 1:0 105239
103502 46698 1:0 105279
103506 46699 1:0 105288
103522 46695 1:0 105268
103522 46700 1:0 105289
103535 46701 1:0 105298
103617 46702 1:0 105299
103618 92454 1:0 105336
103618 92452 1:0 105346
103627 92421 1:0 105433
103627 92422 1:0 105433
103633 46848 1:0 105465
103633 46843 1:0 105490
103637 46847 1:0 105465
103653 46849 1:0 105465
103654 46846 1:0 105465
103666 46845 1:0 105465
103748 46836 1:0 105459
103748 46837 1:0 105460
103748 46842 1:0 105465
103748 46844 1:0 105465
103748 46989 1:0 105710
103749 92420 1:0 105556
103758 92387 1:0 105654
103758 92389 1:0 105654
103764 46993 1:0 105686
103766 46991 1:0 105686
103769 46992 1:0 105686
103784 46994 1:0 105686
103785 46983 1:0 105680
103785 46984 1:0 105681
103797 46990 1:0 105686
103879 46995 1:0 105740
103879 46996 1:0 105741
103880 92388 1:0 105778
103880 47138 1:0 105907
103889 92356 1:0 105875
103889 92354 1:0 105875
103895 47139 1:0 105907
103897 47142 1:0 105907
103900 47143 1:0 105907
103916 47141 1:0 105907
103916 47136 1:0 105931
103928 47130 1:0 105901
103928 47140 1:0 105907
103969 47131 1:0 105902
103969 47137 1:0 105907
104012 92355 1:0 105999
104013 92353 1:0 106009
104013 47284 1:0 106153
104022 92323 1:0 106096
104022 47285 1:0 106162
104022 47286 1:0 106163
104028 47277 1:0 106122
104028 47278 1:0 106123
104028 47287 1:0 106172
104032 47288 1:0 106173
104041 359 21:0 104055
104048 47283 1:0 106152
104049 47289 1:0 106182
104061 47290 1:0 106183
104115 92322 1:0 106220
104131 92320 1:0 106230
104132 47577 1:0 106594
104140 45955 21:0 104197
104191 92288 1:0 106317
104196 45961 0:0 104206
104197 45960 0:0 104212
104197 45954 0:0 104212
104201 47433 1:0 106349
104203 45966 21:0 104225
104203 47435 1:0 106349
104203 47431 1:0 106374
104224 45964 0:0 104225
104224 45967 0:0 104225
104224 45963 0:0 104225
104224 45962 0:0 104225
104224 45965 0:0 104225
104226 47434 1:0 106349
104226 47432 1:0 106349
104226 47437 1:0 106349
104233 47424 1:0 106343
104233 47425 1:0 106344
104233 47430 1:0 106349
104233 47436 1:0 106349
104234 92287 1:0 106451
104243 92257 1:0 106538
104243 47571 1:0 106564
104243 47572 1:0 106565
104243 47579 1:0 106604
104243 47580 1:0 106605
104249 47581 1:0 106614
104251 47582 1:0 106615
104253 47578 1:0 106595
104269 47583 1:0 106624
104282 47584 1:0 106625
104331 92255 1:0 106661
104352 92256 1:0 106662
104364 46101 21:0 104420
104412 92224 1:0 106705
104419 46102 0:0 104434
104419 46108 0:0 104434
104419 46110 0:0 104446
104420 46107 0:0 104437
104421 47728 1:0 106759
104422 47719 1:0 106786
104422 47872 1:0 107037
104424 47726 1:0 106825
104425 46109 0:0 104446
104445 46114 0:0 104446
104445 46112 0:0 104446
104445 46113 0:0 104446
104445 46111 0:0 104446
104447 47718 1:0 106785
104447 47724 1:0 106815
104447 47725 1:0 106816
104447 47727 1:0 106826
104447 47729 1:0 106836
104454 47730 1:0 106845
104454 47731 1:0 106846
104455 92222 1:0 106882
104464 92221 1:0 106893
104464 92191 1:0 106980
104470 47865 1:0 107006
104470 47873 1:0 107046
104470 47874 1:0 107047
104472 47866 1:0 107007
104475 47875 1:0 107056
104491 47871 1:0 107036
104491 47876 1:0 107057
104503 47877 1:0 107066
104544 47878 1:0 107067
104573 92189 1:0 107103
104615 46254 21:0 104667
104623 92190 1:0 107104
104643 92188 1:0 107114
104665 46258 0:0 104667
104665 46261 0:0 104667
104666 46256 0:0 104667
104666 46255 0:0 104667
104666 46248 0:0 104667
104666 46249 0:0 104667
104666 46257 0:0 104667
104666 46260 0:0 104667
104666 46259 0:0 104667
104668 92157 1:0 107147
104668 48025 1:0 107201
104668 48012 1:0 107227
104668 48159 1:0 107419
104675 48013 1:0 107228
104675 48020 1:0 107267
104675 48021 1:0 107268
104676 48018 1:0 107257
104676 48019 1:0 107258
104676 48022 1:0 107277
104676 48023 1:0 107278
104685 48024 1:0 107287
104685 92155 1:0 107335
104685 48171 1:0 107508
104691 48172 1:0 107423
104693 48168 1:0 107423
104696 48167 1:0 107424
104712 48170 1:0 107423
104712 48160 1:0 107423
104724 48166 1:0 107423
104724 48165 1:0 107424
104765 48169 1:0 107424
104765 48259 1:0 107548
104765 48260 1:0 107549
104806 46395 0:0 104832
104815 46396 0:0 104836
104836 46401 21:0 104888
104886 46405 0:0 104888
104887 46403 0:0 104888
104887 46407 0:0 104888
104887 46404 0:0 104888
104887 46406 0:0 104888
104887 46408 0:0 104888
104887 46402 0:0 104888
105054 46549 21:0 105101
105101 46551 0:0 105109
105101 46554 0:0 105109
105101 46542 0:0 105109
105101 46543 0:0 105109
105101 46548 0:0 105109
105108 46550 0:0 105109
105108 46555 0:0 105109
105108 46552 0:0 105109
105108 46553 0:0 105109
105275 46696 21:0 105322
105321 46698 0:0 105330
105322 46689 0:0 105330
105322 46699 0:0 105330
105322 46695 0:0 105330
105322 46690 0:0 105330
105329 46697 0:0 105330
105329 46700 0:0 105330
105329 46702 0:0 105330
105329 46701 0:0 105330
105466 46837 0:0 105491
105469 46836 0:0 105495
105496 46843 21:0 105543
105542 46849 0:0 105551
105542 46847 0:0 105551
105542 46845 0:0 105551
105543 46842 0:0 105551
105550 46848 0:0 105551
105550 46846 0:0 105551
105550 46844 0:0 105551
105687 46984 0:0 105712
105720 46989 21:0 105772
105770 46995 0:0 105772
105770 46991 0:0 105772
105771 46990 0:0 105772
105771 46992 0:0 105772
105771 46996 0:0 105772
105771 46993 0:0 105772
105771 46983 0:0 105772
105771 46994 0:0 105772
105908 47131 0:0 105933
105923 47130 0:0 105942
105941 47136 21:0 105992
105991 47140 0:0 105993
105991 47138 0:0 105993
105992 47142 0:0 105993
105992 47141 0:0 105993
105992 47143 0:0 105993
105992 47139 0:0 105993
105992 47137 0:0 105993
106159 47284 21:0 106206
106205 47286 0:0 106214
106206 47283 0:0 106214
106206 47277 0:0 106214
106206 47288 0:0 106214
106206 47278 0:0 106214
106213 47290 0:0 106214
106213 47285 0:0 106214
106213 47289 0:0 106214
106213 47287 0:0 106214
106350 47425 0:0 106375
106353 47424 0:0 106379
106380 47431 21:0 106427
106426 47435 0:0 106435
106426 47437 0:0 106435
106427 47434 0:0 106435
106427 47430 0:0 106435
106434 47436 0:0 106435
106434 47432 0:0 106435
106434 47433 0:0 106435
106604 47577 21:0 106656
106654 47579 0:0 106656
106654 47571 0:0 106656
106654 47572 0:0 106656
106655 47578 0:0 106656
106655 47584 0:0 106656
106655 47580 0:0 106656
106655 47582 0:0 106656
106655 47581 0:0 106656
106655 47583 0:0 106656
106792 47719 21:0 106849
106848 47725 0:0 106857
106848 47728 21:0 106877
106849 47724 0:0 106864
106849 47718 0:0 106864
106876 47727 0:0 106877
106876 47729 0:0 106877
106876 47726 0:0 106877
106876 47730 0:0 106877
106876 47731 0:0 106877
107043 47872 21:0 107092
107092 47873 0:0 107098
107092 47876 0:0 107098
107092 47871 0:0 107098
107092 47866 0:0 107098
107092 47865 0:0 107098
107097 47877 0:0 107098
107097 47878 0:0 107098
107097 47874 0:0 107098
107097 47875 0:0 107098
107237 48012 21:0 107293
107294 48025 21:0 107319
107317 48018 0:0 107319
107317 48013 0:0 107319
107317 48022 0:0 107319
107317 48021 0:0 107319
107317 48019 0:0 107319
107318 48024 0:0 107319
107318 48023 0:0 107319
107318 48020 0:0 107319
107458 48159 21:0 107514
107518 48171 21:0 191
