118 25527 21:0 181
180 25531 21:0 211
210 25526 21:0 211
210 25529 21:0 216
215 25528 21:0 218
217 25621 21:0 221
220 25620 21:0 221
220 25530 21:0 221
1381 26233 21:0 1391
3358 298 21:0 3376
51671 23321 1:0 51763
51671 23314 1:0 51766
51671 23319 1:0 51768
51671 23320 1:0 51823
51672 23469 1:0 51905
51672 23473 1:0 51933
51672 23470 1:0 51933
51681 23471 1:0 51984
51681 23468 1:0 52053
51681 23619 1:0 52123
51681 23616 1:0 52126
51687 23608 1:0 52151
51687 23607 1:0 52151
51687 23617 1:0 52154
51689 23614 1:0 52154
51692 23618 1:0 52205
51708 23615 1:0 52274
51720 23763 1:0 52338
51761 23766 1:0 52344
51761 23761 1:0 52347
51769 23754 1:0 52347
51774 23755 1:0 52347
51774 23760 1:0 52347
51790 23767 1:0 52375
51791 23762 1:0 52375
51829 23320 21:0 51854
51840 23765 1:0 52426
51850 23764 1:0 52505
51853 23319 21:0 51884
51883 23321 21:0 51884
51883 23314 21:0 51884
51892 23910 1:0 52556
51892 23912 1:0 52559
51893 23911 1:0 52565
51893 23913 1:0 52568
51902 23914 1:0 52593
51902 23909 1:0 52631
51902 23908 1:0 52647
51902 23902 1:0 52650
51902 23901 1:0 52676
51902 23907 1:0 52706
51902 24058 1:0 52786
51908 24057 1:0 52789
51910 24049 1:0 52799
51910 24059 1:0 52799
51912 24055 1:0 52799
51928 24061 1:0 52826
51941 24060 1:0 52871
51941 24048 1:0 52897
51941 24054 1:0 52927
51982 24207 1:0 52998
51995 24208 1:0 53001
52011 24204 1:0 53007
52012 24203 1:0 53010
52061 24206 1:0 53035
52063 23468 21:0 52105
52071 24205 1:0 53073
52081 24196 1:0 53089
52081 24202 1:0 53092
52081 24195 1:0 53094
52081 24201 1:0 53148
52104 23471 21:0 52108
52107 23470 21:0 52108
52107 23473 21:0 52116
52113 24355 1:0 53219
52113 24350 1:0 53222
52114 24353 1:0 53228
52114 24352 1:0 53231
52114 24354 1:0 53256
52115 23469 21:0 52119
52120 24351 1:0 53294
52120 24349 1:0 53310
52123 24342 1:0 53313
52123 24343 1:0 53340
52123 24348 1:0 53369
52123 24500 1:0 53440
52123 24502 1:0 53443
52123 24499 1:0 53449
52129 24501 1:0 53452
52131 24497 1:0 53477
52131 24489 1:0 53480
52133 24490 1:0 53515
52134 24495 1:0 53515
52134 24496 1:0 53531
52150 24498 1:0 53601
52162 24649 1:0 53664
52203 24648 1:0 53670
52216 24644 1:0 53673
52232 24646 1:0 53698
52233 24647 1:0 53736
52282 24637 1:0 53752
52282 24636 1:0 53755
52282 24643 1:0 53757
52282 24642 1:0 53811
52284 23615 21:0 52326
52292 24794 1:0 53882
52302 24793 1:0 53885
52325 23618 21:0 52329
52328 23614 21:0 52329
52328 23617 21:0 52329
52328 23608 21:0 52337
52334 24791 1:0 53891
52334 24796 1:0 53894
52335 24792 1:0 53919
52335 24795 1:0 53957
52335 24790 1:0 53973
52335 24789 1:0 53976
52335 24783 1:0 54002
52335 24784 1:0 54003
52336 23607 21:0 52337
52336 23616 21:0 52340
52339 23619 21:0 52340
52341 24942 1:0 54112
52341 24939 1:0 54115
52344 24941 1:0 54140
52344 24940 1:0 54178
52344 24931 1:0 54194
52344 24936 1:0 54197
52344 24930 1:0 54200
52344 24937 1:0 54254
52344 25086 1:0 54327
52350 25087 1:0 54333
52352 25088 1:0 54336
52355 25085 1:0 54361
52371 25090 1:0 54399
52383 25078 1:0 54415
52383 25077 1:0 54418
52383 25084 1:0 54420
52383 25083 1:0 54474
52424 25235 1:0 54545
52452 25234 1:0 54548
52453 25233 1:0 54554
52462 23755 21:0 52508
52503 25236 1:0 54557
52505 25232 1:0 54582
52513 25237 1:0 54620
52515 23764 21:0 52547
52523 25231 1:0 54636
52523 25230 1:0 54639
52523 25224 1:0 54665
52523 25225 1:0 54666
52546 23765 21:0 52550
52549 23767 21:0 52550
52549 23762 21:0 52558
52555 25381 1:0 54766
52555 25379 1:0 54769
52556 25382 1:0 54775
52556 25380 1:0 54778
52556 25384 1:0 54803
52557 23760 21:0 52558
52557 23761 21:0 52558
52557 23766 21:0 52561
52559 25383 1:0 54841
52560 23754 21:0 52561
52560 23763 21:0 52567
52562 25371 1:0 54857
52562 25372 1:0 54860
52562 25377 1:0 54862
52562 25378 1:0 54917
52565 25530 1:0 54987
52565 25528 1:0 54990
52565 25529 1:0 54996
52565 25526 1:0 54999
52568 25531 1:0 55024
52571 25527 1:0 55062
52571 25525 1:0 55078
52571 25519 1:0 55081
52573 25518 1:0 55083
52573 25524 1:0 55137
52575 26233 1:0 55195
52576 298 1:0 147
52591 25620 1:0 55208
52591 25621 1:0 55209
52686 23901 21:0 52730
52729 23907 21:0 52768
52767 23902 21:0 52768
52767 23908 21:0 52768
52767 23909 21:0 52771
52770 23914 21:0 52771
52770 23913 21:0 52779
52778 23911 21:0 52782
52781 23912 21:0 52782
52781 23910 21:0 52788
52907 24048 21:0 52951
52967 24060 21:0 52989
52988 24061 21:0 52992
52991 24054 21:0 52992
52991 24049 21:0 52992
52991 24055 21:0 52992
52991 24059 21:0 53000
52999 24057 21:0 53003
53002 24058 21:0 53003
53158 24201 21:0 53182
53181 24195 21:0 53210
53209 24202 21:0 53210
53209 24196 21:0 53210
53209 24205 21:0 53213
53212 24206 21:0 53213
53212 24203 21:0 53221
53220 24204 21:0 53224
53223 24208 21:0 53224
53223 24207 21:0 53230
53346 24343 21:0 53392
53391 24348 21:0 53431
53430 24342 21:0 53431
53430 24349 21:0 53431
53430 24351 21:0 53434
53433 24354 21:0 53434
53433 24352 21:0 53442
53441 24353 21:0 53445
53444 24350 21:0 53445
53444 24355 21:0 53451
53607 24498 21:0 53652
53651 24495 21:0 53652
53651 24496 21:0 53652
53651 24490 21:0 53655
53654 24489 21:0 53655
53654 24497 21:0 53655
53654 24501 21:0 53663
53662 24499 21:0 53666
53665 24502 21:0 53666
53665 24500 21:0 53672
53821 24642 21:0 53845
53844 24643 21:0 53873
53872 24636 21:0 53873
53872 24637 21:0 53873
53872 24647 21:0 53876
53875 24646 21:0 53876
53875 24644 21:0 53884
53883 24648 21:0 53887
53886 24649 21:0 53887
54009 24784 21:0 54055
54054 24783 21:0 54094
54093 24789 21:0 54094
54093 24790 21:0 54094
54093 24795 21:0 54097
54096 24792 21:0 54097
54096 24796 21:0 54105
54104 24791 21:0 54108
54107 24793 21:0 54108
54107 24794 21:0 54114
54260 24937 21:0 54285
54284 24930 21:0 54315
54314 24936 21:0 54315
54314 24931 21:0 54315
54314 24940 21:0 54318
54317 24941 21:0 54318
54317 24939 21:0 54326
54325 24942 21:0 54329
54484 25083 21:0 54508
54507 25084 21:0 54536
54535 25078 21:0 54536
54535 25077 21:0 54536
54535 25090 21:0 54539
54538 25085 21:0 54539
54538 25088 21:0 54547
54546 25087 21:0 54550
54549 25086 21:0 54550
54672 25225 21:0 54718
54717 25224 21:0 54757
54756 25231 21:0 54757
54756 25230 21:0 54757
54756 25237 21:0 54760
54759 25232 21:0 54760
54759 25236 21:0 54768
54767 25233 21:0 54771
54770 25234 21:0 54771
54770 25235 21:0 54777
54923 25378 21:0 54948
54947 25377 21:0 54978
54977 25372 21:0 54978
54977 25371 21:0 54978
54977 25383 21:0 54981
54980 25384 21:0 54981
54980 25380 21:0 54989
54988 25382 21:0 54992
54991 25379 21:0 54992
54991 25381 21:0 54998
55147 25524 21:0 55171
55170 25518 21:0 55197
55196 25519 21:0 55201
55200 25525 21:0 119
