110 48165 0:0 129
110 48159 0:0 129
110 48169 0:0 168
110 48167 0:0 168
111 48171 0:0 168
111 48170 0:0 168
111 48172 0:0 168
167 48168 0:0 176
175 48259 0:0 176
175 48163 21:0 176
175 48162 21:0 176
175 48161 0:0 176
175 48260 0:0 176
175 48164 0:0 176
238 48369 21:0 314
314 48402 21:0 390
458 48465 21:0 532
542 48501 21:0 618
617 48531 21:0 689
694 48567 21:0 770
919 48665 21:0 993
995 48698 21:0 1069
1142 48762 21:0 1216
1149 48763 0:0 1150
1218 48795 21:0 1292
1293 48795 1:0 2859
1447 48895 21:0 1521
1454 48897 0:0 1455
1454 48896 0:0 1455
1455 48898 0:0 1473
1523 48928 0:0 1526
1528 48929 21:0 1602
1530 48930 0:0 1531
1595 48931 0:0 1597
1601 48961 0:0 1602
1604 48963 21:0 1678
1606 48962 0:0 1607
1671 48964 0:0 1673
1677 48994 21:0 1749
1682 48995 0:0 1683
1682 48996 0:0 1683
1747 48997 0:0 1749
1748 49025 21:0 1754
1751 49027 0:0 1754
1756 49029 21:0 1830
1758 49028 0:0 1759
1823 49030 0:0 1825
1829 49060 0:0 1830
1832 49062 21:0 1906
1834 49061 0:0 1835
1899 49063 0:0 1901
1905 49093 21:0 1977
1910 49094 0:0 1911
1910 49095 0:0 1911
1975 49096 0:0 1977
1979 49126 21:0 2053
1986 49128 0:0 1987
1986 49127 0:0 1987
2051 49129 0:0 2053
2055 49159 21:0 2129
2062 49160 0:0 2063
2062 49161 0:0 2063
2127 49162 0:0 2129
2131 49192 21:0 2205
2138 49194 0:0 2139
2138 49193 0:0 2139
2203 49195 0:0 2205
2204 49111 21:0 2210
2207 49225 0:0 2210
2212 49226 21:0 2286
2214 49227 0:0 2215
2279 49228 0:0 2281
2285 49258 21:0 2357
2290 49259 0:0 2291
2290 49260 0:0 2291
2355 49261 0:0 2357
2359 49291 21:0 2433
2366 49293 0:0 2367
2366 49292 0:0 2367
2431 49294 0:0 2433
2435 49324 21:0 2509
2508 49325 21:0 2569
2568 49327 21:0 2595
2594 49326 21:0 2614
2608 48762 1:0 2981
2609 48763 1:0 2969
2609 48698 1:0 3216
2613 49243 21:0 2619
2615 48665 1:0 3338
2617 48567 1:0 3697
2618 49164 21:0 2622
2623 48531 1:0 3835
2634 328 21:0 2696
2641 48501 1:0 3941
2642 329 1:0 5767
2695 49360 21:0 2733
2730 48465 1:0 4079
2731 48402 1:0 4307
2732 49358 21:0 2767
2734 48369 1:0 4429
2739 49360 1:0 5789
2766 49390 21:0 2855
2854 49359 21:0 2866
2867 49359 1:0 5611
2867 49390 1:0 5687
2867 49358 1:0 5763
3583 49852 21:0 3590
3959 50027 21:0 3964
3968 50030 21:0 4065
4552 3 21:0 4563
4562 50308 21:0 4595
4620 50336 21:0 4625
4625 50340 21:0 4701
4700 50371 0:0 4701
4700 50372 21:0 4772
4765 50373 0:0 4767
4771 50403 21:0 4843
4776 50404 0:0 4777
4776 50405 0:0 4777
4841 50406 0:0 4843
4845 50436 21:0 4919
4852 50437 0:0 4853
4852 50438 0:0 4853
4918 47 21:0 4919
4921 50469 21:0 4995
4928 50470 0:0 4929
4928 50471 0:0 4929
4993 50472 0:0 4995
4997 50502 21:0 5071
5004 50503 0:0 5005
5004 50504 0:0 5005
5073 50535 21:0 5147
5080 50536 0:0 5081
5080 50537 0:0 5081
5149 50568 21:0 5223
5156 50569 0:0 5157
5156 50570 0:0 5157
5221 50571 0:0 5223
5222 50339 21:0 5283
5282 50507 21:0 5299
5298 173 21:0 5299
5301 50634 21:0 5375
5374 50645 21:0 5380
5377 50667 0:0 5380
5382 50669 21:0 5456
5455 50700 21:0 5527
5526 50540 21:0 5532
5534 50735 21:0 5608
5607 50604 21:0 5679
5678 50636 21:0 5739
5738 50338 21:0 5771
5770 50505 21:0 5785
5779 49326 1:0 5900
5780 49327 1:0 5920
5786 49325 1:0 6031
5789 49324 1:0 6049
5789 49294 1:0 6162
5795 49291 1:0 6180
5808 329 21:0 5870
5816 49292 1:0 6167
5869 50337 21:0 5913
5869 49293 1:0 6166
5910 49261 1:0 6293
5911 49258 1:0 6311
5912 50733 21:0 5950
5914 49259 1:0 6298
5920 49260 1:0 6297
5920 49243 1:0 6341
5920 49228 1:0 6342
5928 49226 1:0 6431
5947 49227 1:0 6432
5949 50668 21:0 6044
5951 49225 1:0 6442
6041 49195 1:0 6555
6042 49194 1:0 6559
6042 49192 1:0 6573
6043 50767 21:0 6056
6051 49193 1:0 6560
6051 173 1:0 6605
6051 49164 1:0 6670
6051 49162 1:0 6686
6057 49160 1:0 6691
6057 49159 1:0 6704
6077 49161 1:0 6690
6078 49852 1:0 6817
6159 50637 21:0 6178
6172 49129 1:0 6817
6173 49126 1:0 6835
6177 50801 21:0 6256
6179 49128 1:0 6821
6182 49127 1:0 6822
6182 49111 1:0 6874
6182 49096 1:0 6948
6188 49093 1:0 6966
6193 49094 1:0 6953
6221 49095 1:0 6952
6257 49063 1:0 6997
6290 50766 21:0 6309
6303 49062 1:0 7087
6304 49061 1:0 7086
6310 49060 1:0 7097
6310 49025 1:0 7127
6313 49030 1:0 7128
6313 49029 1:0 7218
6321 49028 1:0 7217
6324 50027 1:0 7227
6352 49027 1:0 7228
6434 50030 1:0 7237
6435 48997 1:0 7341
6444 48996 1:0 7345
6444 48994 1:0 7359
6450 48995 1:0 7346
6454 48964 1:0 7390
6471 48963 1:0 7480
6565 48962 1:0 7479
6566 48961 1:0 7490
6575 47 1:0 7520
6575 48931 1:0 7521
6575 48929 1:0 7610
6581 48930 1:0 7611
6586 48928 1:0 7621
6601 330 1:0 9082
6614 48898 1:0 7734
6696 48895 1:0 7752
6697 48897 1:0 7738
6706 48896 1:0 7739
6706 50308 1:0 7839
6706 3 1:0 7865
6706 50766 1:0 9132
7932 51779 21:0 8006
7937 51781 0:0 7940
7937 51780 0:0 7940
7940 51782 0:0 7958
8008 51812 21:0 8082
8015 51814 0:0 8016
8015 51813 0:0 8016
8080 51815 0:0 8082
8084 51845 21:0 8158
8091 51847 0:0 8092
8091 51846 0:0 8092
8156 51848 0:0 8158
8160 51878 21:0 8234
8167 51880 0:0 8168
8167 51879 0:0 8168
8232 51881 0:0 8234
8236 51911 21:0 8310
8243 51912 0:0 8244
8243 51913 0:0 8244
8308 51914 0:0 8310
8312 51944 21:0 8386
8319 51946 0:0 8320
8319 51945 0:0 8320
8384 51947 0:0 8386
8388 51977 21:0 8462
8395 51979 0:0 8396
8395 51978 0:0 8396
8460 51980 0:0 8462
8464 52010 0:0 8467
8469 52012 21:0 8543
8471 52011 0:0 8472
8536 52013 0:0 8538
8542 52043 0:0 8543
8545 52044 21:0 8619
8547 52045 0:0 8548
8612 52046 0:0 8614
8618 52076 0:0 8619
8618 52041 21:0 8624
8621 52077 0:0 8624
8621 52078 0:0 8624
8624 52079 21:0 8700
8694 52109 0:0 8695
8699 52110 0:0 8700
8699 52111 21:0 8771
8764 52112 0:0 8766
8770 52142 0:0 8771
8773 52144 21:0 8847
8775 52143 0:0 8776
8840 52145 0:0 8842
8846 52009 21:0 8852
8852 52178 21:0 8928
8927 52175 21:0 8999
8998 52176 21:0 9070
9069 52177 21:0 9089
9088 52242 21:0 9106
9094 50801 1:0 9223
9095 50637 1:0 9263
9104 50767 1:0 9353
9104 50733 1:0 9394
9105 52219 21:0 9109
9107 50735 1:0 9485
9110 50668 1:0 9608
9112 50700 1:0 9626
9123 330 21:0 9185
9131 50669 1:0 9747
9184 52241 21:0 9228
9225 50667 1:0 9757
9225 50645 1:0 9759
9226 50636 1:0 9870
9226 50634 1:0 9888
9227 52210 21:0 9265
9235 50604 1:0 10001
9235 50571 1:0 10132
9241 50568 1:0 10150
9245 50569 1:0 10137
9262 50570 1:0 10136
9263 50540 1:0 10215
9264 52211 21:0 9357
9266 50507 1:0 10263
9356 50535 1:0 10281
9357 50537 1:0 10267
9357 50536 1:0 10268
9358 50505 1:0 10394
9366 50503 1:0 10399
9366 50502 1:0 10412
9374 50504 1:0 10398
9393 50472 1:0 10525
9487 50469 1:0 10543
9488 50470 1:0 10530
9497 50471 1:0 10529
9497 50338 1:0 10656
9503 50436 1:0 10674
9507 50437 1:0 10661
9524 50438 1:0 10660
9618 50339 1:0 10787
9619 50406 1:0 10787
9628 50405 1:0 10791
9628 50403 1:0 10805
9634 50404 1:0 10792
9638 50373 1:0 10836
9667 50372 1:0 10926
9749 50371 1:0 10925
9749 50336 1:0 10938
9750 50340 1:0 11049
9759 50337 1:0 11067
9759 52211 1:0 12317
9765 52210 1:0 12392
9767 331 1:0 12397
9899 49745 21:0 10003
10140 49852 21:0 10148
10161 49859 21:0 10265
11181 50308 21:0 11193
11247 53221 0:0 11250
11255 53224 21:0 11331
11330 53255 0:0 11331
11330 53254 21:0 11402
11395 53257 0:0 11397
11401 53287 21:0 11473
11406 53288 0:0 11407
11406 53289 0:0 11407
11471 53290 0:0 11473
11475 53320 21:0 11549
11482 53322 0:0 11483
11482 53321 0:0 11483
11547 53323 0:0 11549
11551 53353 21:0 11625
11558 53354 0:0 11559
11558 53355 0:0 11559
11627 53386 21:0 11701
11634 53388 0:0 11635
11634 53387 0:0 11635
11699 53389 0:0 11701
11703 53419 21:0 11777
11710 53421 0:0 11711
11710 53420 0:0 11711
11779 53452 21:0 11853
11786 53454 0:0 11787
11786 53453 0:0 11787
11852 87 21:0 11858
11855 53485 0:0 11858
11860 53486 21:0 11934
11927 53488 0:0 11929
11933 53518 0:0 11934
11936 53520 21:0 12010
12009 53551 21:0 12081
12080 53582 21:0 12086
12088 53586 21:0 12162
12161 53587 21:0 12233
12232 53356 21:0 12293
12292 53487 21:0 12333
12332 53422 21:0 12395
12394 53651 21:0 12412
12409 52241 1:0 12447
12410 52242 1:0 12537
12410 52219 1:0 12550
12413 52177 1:0 12661
12419 52176 1:0 12681
12419 52178 1:0 12792
12427 52175 1:0 12810
12438 331 21:0 12501
12458 52145 1:0 12841
12500 53652 21:0 12543
12540 52144 1:0 12931
12541 52143 1:0 12930
12541 52142 1:0 12941
12542 53554 21:0 12580
12544 52112 1:0 12972
12550 52110 1:0 13061
12550 52111 1:0 13062
12558 52109 1:0 13072
12577 52079 1:0 13185
12579 53618 21:0 12671
12581 52078 1:0 13193
12670 53256 21:0 12686
12671 52077 1:0 13192
12672 52076 1:0 13203
12672 49745 1:0 13212
12672 52046 1:0 13234
12681 52044 1:0 13323
12681 52045 1:0 13324
12681 52009 1:0 13330
12685 53619 21:0 12797
12687 52043 1:0 13334
12687 49852 1:0 13339
12692 52013 1:0 13365
12707 52041 1:0 13344
12761 52012 1:0 13455
12796 53620 21:0 12814
12802 52011 1:0 13454
12803 52010 1:0 13465
12803 49859 1:0 13474
12812 51980 1:0 13578
12812 51977 1:0 13596
12815 51979 1:0 13582
12818 51978 1:0 13583
12823 51947 1:0 13709
12851 51944 1:0 13727
12933 51946 1:0 13713
12934 51945 1:0 13714
12934 87 1:0 13840
12943 51914 1:0 13840
12943 51911 1:0 13858
12951 51912 1:0 13845
12970 51913 1:0 13844
13064 51881 1:0 13971
13065 51878 1:0 13989
13074 51880 1:0 13975
13074 51879 1:0 13976
13080 51848 1:0 14102
13084 51845 1:0 14120
13113 51847 1:0 14106
13195 51846 1:0 14107
13196 51815 1:0 14233
13205 51813 1:0 14238
13205 51812 1:0 14251
13211 51814 1:0 14237
13216 51782 1:0 14364
13231 332 1:0 15712
13244 51779 1:0 14382
13326 51780 1:0 14371
13327 51781 1:0 14372
13327 50308 1:0 14494
13336 53620 1:0 15856
14562 54663 0:0 14565
14567 54664 0:0 14570
14567 54665 0:0 14570
14570 54666 21:0 14646
14645 54697 0:0 14646
14645 54698 0:0 14646
14645 54696 21:0 14717
14710 54699 0:0 14712
14716 54729 21:0 14788
14721 54731 0:0 14722
14721 54730 0:0 14722
14786 54732 0:0 14788
14790 54762 21:0 14864
14797 54763 0:0 14798
14797 54764 0:0 14798
14862 54765 0:0 14864
14866 54795 21:0 14940
14873 54796 0:0 14874
14873 54797 0:0 14874
14938 54798 0:0 14940
14942 54828 21:0 15016
14949 54830 0:0 14950
14949 54829 0:0 14950
15014 54831 0:0 15016
15018 54861 21:0 15092
15025 54863 0:0 15026
15025 54862 0:0 15026
15090 54864 0:0 15092
15094 54894 21:0 15168
15101 54895 0:0 15102
15101 54896 0:0 15102
15166 54897 0:0 15168
15167 54872 21:0 15173
15170 54927 0:0 15173
15175 54928 21:0 15249
15177 54929 0:0 15178
15242 54930 0:0 15244
15248 54960 0:0 15249
15248 54846 21:0 15254
15251 54961 0:0 15254
15251 54962 0:0 15254
15254 54963 21:0 15330
15329 54995 0:0 15330
15329 54994 0:0 15330
15329 54993 21:0 15401
15394 54996 0:0 15396
15400 55026 0:0 15401
15403 55028 21:0 15477
15405 55027 0:0 15406
15479 55061 21:0 15553
15552 55029 21:0 15624
15623 55062 21:0 15684
15683 55059 21:0 15716
15715 55127 21:0 15730
15724 53652 1:0 15893
15725 53651 1:0 15983
15725 53619 1:0 16024
15729 54881 21:0 15736
15731 53618 1:0 16114
15734 53587 1:0 16155
15734 53586 1:0 16246
15735 54913 21:0 15739
15737 53582 1:0 16258
15740 53554 1:0 16369
15753 332 21:0 15815
15761 53551 1:0 16387
15814 55092 21:0 15858
15814 53520 1:0 16508
15855 53487 1:0 16548
15856 53518 1:0 16518
15857 55095 21:0 15895
15859 53488 1:0 16549
15865 53486 1:0 16638
15865 53485 1:0 16649
15873 53452 1:0 16780
15891 53454 1:0 16766
15894 55093 21:0 15986
15896 53453 1:0 16767
15986 53422 1:0 16893
15987 53421 1:0 16897
15987 53420 1:0 16898
15987 53419 1:0 16911
15996 53389 1:0 17024
15996 53386 1:0 17042
16004 53388 1:0 17028
16023 53387 1:0 17029
16117 53356 1:0 17155
16118 53353 1:0 17173
16127 53355 1:0 17159
16127 53354 1:0 17160
16133 53323 1:0 17286
16137 53320 1:0 17304
16154 53321 1:0 17291
16248 53322 1:0 17290
16249 53290 1:0 17417
16258 53289 1:0 17421
16258 53287 1:0 17435
16264 53288 1:0 17422
16268 53256 1:0 17548
16269 333 1:0 19027
16297 53257 1:0 17548
16379 53254 1:0 17566
16380 53255 1:0 17553
16389 53224 1:0 17679
16389 53221 1:0 17697
16395 55093 1:0 19023
17877 56105 0:0 17880
17882 56106 0:0 17885
17885 56108 21:0 17961
17960 56140 0:0 17961
17960 56138 21:0 18032
18025 56141 0:0 18027
18031 56171 21:0 18103
18036 56172 0:0 18037
18036 56173 0:0 18037
18105 56204 21:0 18179
18112 56206 0:0 18113
18112 56205 0:0 18113
18177 56207 0:0 18179
18181 56237 21:0 18255
18188 56238 0:0 18189
18188 56239 0:0 18189
18257 56270 21:0 18331
18264 56271 0:0 18265
18264 56272 0:0 18265
18333 56303 21:0 18407
18340 56305 0:0 18341
18340 56304 0:0 18341
18405 56306 0:0 18407
18409 56336 0:0 18412
18414 56337 21:0 18488
18416 56338 0:0 18417
18481 56339 0:0 18483
18487 56369 21:0 18559
18490 56371 0:0 18493
18490 56370 0:0 18493
18493 56372 0:0 18511
18561 56402 21:0 18635
18637 56435 21:0 18711
18713 56468 21:0 18787
18786 56471 21:0 18847
18846 56469 21:0 18873
18872 56403 21:0 18949
18948 56404 21:0 19020
19019 56535 21:0 19034
19033 56501 21:0 19054
19039 55095 1:0 19077
19040 55127 1:0 19168
19049 55092 1:0 19208
19049 55059 1:0 19302
19055 55062 1:0 19339
19055 55061 1:0 19430
19068 333 21:0 19130
19076 55029 1:0 19470
19129 56534 21:0 19173
19129 55028 1:0 19561
19170 55027 1:0 19560
19171 55026 1:0 19571
19172 56537 21:0 19210
19174 54996 1:0 19684
19180 54995 1:0 19688
19180 54993 1:0 19702
19188 54994 1:0 19689
19206 54963 1:0 19815
19209 56107 21:0 19301
19211 54961 1:0 19822
19300 56240 21:0 19316
19301 54962 1:0 19823
19302 54960 1:0 19833
19302 54930 1:0 19864
19302 54928 1:0 19953
19311 54929 1:0 19954
19311 54927 1:0 19964
19315 56174 21:0 19427
19317 54913 1:0 20003
19317 54897 1:0 20077
19321 54894 1:0 20095
19350 54896 1:0 20081
19399 54895 1:0 20082
19404 54881 1:0 20125
19426 56139 21:0 19444
19432 54872 1:0 20187
19433 54864 1:0 20208
19433 54861 1:0 20226
19442 54863 1:0 20212
19442 54862 1:0 20213
19445 54846 1:0 20265
19448 54831 1:0 20339
19452 54828 1:0 20357
19481 54830 1:0 20343
19563 54829 1:0 20344
19564 54798 1:0 20470
19573 54796 1:0 20475
19573 54795 1:0 20488
19579 54797 1:0 20474
19584 54765 1:0 20601
19612 54762 1:0 20619
19694 54763 1:0 20606
19695 54764 1:0 20605
19704 54732 1:0 20732
19704 54729 1:0 20750
19710 54730 1:0 20737
19715 54731 1:0 20736
19743 54699 1:0 20863
19825 54696 1:0 20881
19826 54698 1:0 20867
19835 54697 1:0 20868
19835 54666 1:0 20994
19841 54665 1:0 21002
19861 54664 1:0 21001
19874 54663 1:0 21012
19956 334 1:0 22342
19957 56537 1:0 22486
21192 57547 0:0 21195
21197 57548 0:0 21200
21197 57549 0:0 21200
21200 57550 21:0 21276
21275 57581 0:0 21276
21275 57582 0:0 21276
21275 57580 21:0 21347
21340 57583 0:0 21342
21346 57613 21:0 21418
21351 57614 0:0 21352
21351 57615 0:0 21352
21416 57616 0:0 21418
21420 57646 21:0 21494
21427 57647 0:0 21428
21427 57648 0:0 21428
21492 57649 0:0 21494
21496 57679 21:0 21570
21503 57681 0:0 21504
21503 57680 0:0 21504
21568 57682 0:0 21570
21572 57712 21:0 21646
21579 57714 0:0 21580
21579 57713 0:0 21580
21644 57715 0:0 21646
21648 57745 21:0 21722
21655 57747 0:0 21656
21655 57746 0:0 21656
21720 57748 0:0 21722
21721 57730 21:0 21727
21724 57778 0:0 21727
21729 57780 21:0 21803
21731 57779 0:0 21732
21796 57781 0:0 21798
21802 57811 21:0 21874
21807 57813 0:0 21808
21807 57812 0:0 21808
21872 57814 0:0 21874
21873 57829 21:0 21879
21876 57844 0:0 21879
21878 57629 21:0 21884
21881 57845 0:0 21884
21881 57846 0:0 21884
21884 57847 21:0 21960
21954 57877 0:0 21955
21959 57878 0:0 21960
21959 57879 21:0 22031
22024 57880 0:0 22026
22030 57910 21:0 22102
22109 57944 21:0 22183
22182 57943 21:0 22254
22253 57946 21:0 22314
22313 57945 21:0 22346
22345 57911 21:0 22360
22354 56534 1:0 22523
22355 56535 1:0 22613
22355 56501 1:0 22737
22361 56469 1:0 22757
22364 56471 1:0 22868
22364 56468 1:0 22886
22372 56404 1:0 22999
22383 334 21:0 22445
22403 56435 1:0 23017
22444 58009 21:0 22488
22485 56403 1:0 23130
22486 56402 1:0 23148
22486 56372 1:0 23261
22487 58011 21:0 22525
22495 56371 1:0 23269
22495 56369 1:0 23279
22501 56370 1:0 23268
22505 56339 1:0 23310
22522 56337 1:0 23399
22524 57913 21:0 22616
22526 56338 1:0 23400
22616 56336 1:0 23410
22617 56306 1:0 23523
22617 56303 1:0 23541
22626 56305 1:0 23527
22626 56304 1:0 23528
22632 56270 1:0 23672
22636 56272 1:0 23658
22665 56271 1:0 23659
22747 56240 1:0 23785
22748 56237 1:0 23803
22757 56239 1:0 23789
22757 56238 1:0 23790
22763 56139 1:0 23916
22766 49574 21:0 22870
22768 56207 1:0 23916
22796 56204 1:0 23934
22878 56206 1:0 23920
22879 56205 1:0 23921
22879 56174 1:0 24047
22888 56173 1:0 24051
22888 56171 1:0 24065
22896 56172 1:0 24052
22915 56107 1:0 24178
23009 56141 1:0 24178
23010 56138 1:0 24196
23019 56140 1:0 24182
23019 56108 1:0 24309
23025 56106 1:0 24316
23029 56105 1:0 24327
23030 335 1:0 25657
23058 57913 1:0 25653
24510 58988 21:0 24515
24512 58990 0:0 24515
24515 58992 21:0 24591
24590 59024 0:0 24591
24590 59023 0:0 24591
24590 59022 21:0 24662
24655 59025 0:0 24657
24661 59055 21:0 24733
24666 59056 0:0 24667
24666 59057 0:0 24667
24731 59058 0:0 24733
24735 59088 21:0 24809
24742 59090 0:0 24743
24742 59089 0:0 24743
24811 59121 21:0 24885
24818 59123 0:0 24819
24818 59122 0:0 24819
24883 59124 0:0 24885
24887 59154 21:0 24961
24894 59155 0:0 24895
24894 59156 0:0 24895
24959 59157 0:0 24961
24963 59187 21:0 25037
24970 59189 0:0 24971
24970 59188 0:0 24971
25035 59190 0:0 25037
25039 59220 21:0 25113
25046 59221 0:0 25047
25046 59222 0:0 25047
25111 59223 0:0 25113
25112 59027 21:0 25118
25115 59253 0:0 25118
25120 59254 21:0 25194
25187 59256 0:0 25189
25193 59286 21:0 25265
25264 59206 21:0 25270
25272 59320 21:0 25346
25343 59352 0:0 25346
25348 59353 21:0 25422
25421 59385 21:0 25493
25492 58991 21:0 25554
25553 59289 21:0 25593
25592 59388 21:0 25655
25654 58989 21:0 25672
25669 58011 1:0 25707
25670 58009 1:0 25801
25673 57945 1:0 25838
25679 57946 1:0 25932
25679 57943 1:0 25969
25685 57944 1:0 26059
25689 49574 1:0 26072
25698 335 21:0 25760
25718 57911 1:0 26183
25759 59420 21:0 25803
25800 57910 1:0 26201
25801 57880 1:0 26232
25801 57879 1:0 26322
25802 59453 21:0 25840
25810 57878 1:0 26321
25810 57877 1:0 26332
25816 57847 1:0 26445
25820 57846 1:0 26453
25837 57845 1:0 26452
25839 59354 21:0 25931
25849 57844 1:0 26463
25849 57829 1:0 26502
25930 59091 21:0 25946
25931 57814 1:0 26576
25932 57813 1:0 26580
25932 57811 1:0 26594
25941 57812 1:0 26581
25941 57781 1:0 26625
25947 57779 1:0 26714
25947 57780 1:0 26715
25967 57778 1:0 26725
25980 57748 1:0 26838
26062 57745 1:0 26856
26063 57746 1:0 26843
26072 57747 1:0 26842
26072 57730 1:0 26895
26078 57715 1:0 26969
26082 57712 1:0 26987
26099 57713 1:0 26974
26193 57714 1:0 26973
26194 57682 1:0 27100
26203 57680 1:0 27105
26203 57679 1:0 27118
26209 57681 1:0 27104
26213 57649 1:0 27231
26242 57646 1:0 27249
26324 57648 1:0 27235
26325 57647 1:0 27236
26325 57629 1:0 27288
26334 57616 1:0 27362
26334 57613 1:0 27380
26340 57614 1:0 27367
26360 57615 1:0 27366
26373 57583 1:0 27493
26455 57580 1:0 27511
26456 57581 1:0 27498
26465 57582 1:0 27497
26465 57550 1:0 27624
26473 57548 1:0 27631
26491 57549 1:0 27632
26492 336 1:0 28972
26586 57547 1:0 27642
27822 60431 0:0 27825
27827 60432 0:0 27830
27827 60433 0:0 27830
27830 60434 21:0 27906
27905 60465 0:0 27906
27905 60466 0:0 27906
27905 60464 21:0 27977
27970 60467 0:0 27972
27976 60497 21:0 28048
27981 60498 0:0 27982
27981 60499 0:0 27982
28046 60500 0:0 28048
28050 60530 21:0 28124
28057 60532 0:0 28058
28057 60531 0:0 28058
28122 60533 0:0 28124
28126 60563 21:0 28200
28133 60565 0:0 28134
28133 60564 0:0 28134
28198 60566 0:0 28200
28202 60596 21:0 28276
28209 60597 0:0 28210
28209 60598 0:0 28210
28274 60599 0:0 28276
28278 60629 21:0 28352
28285 60631 0:0 28286
28285 60630 0:0 28286
28350 60632 0:0 28352
28354 60662 0:0 28357
28359 60663 21:0 28433
28361 60664 0:0 28362
28426 60665 0:0 28428
28432 60695 21:0 28504
28437 60697 0:0 28438
28437 60696 0:0 28438
28502 60698 0:0 28504
28506 60728 21:0 28580
28513 60730 0:0 28514
28513 60729 0:0 28514
28578 60731 0:0 28580
28582 60761 0:0 28585
28587 60763 0:0 28590
28587 60762 0:0 28590
28590 60764 21:0 28666
28665 60794 21:0 28737
28739 60828 21:0 28813
28812 60829 21:0 28884
28883 60860 21:0 28949
28948 60830 21:0 28976
28975 60796 21:0 28990
28984 59453 1:0 29113
28985 59354 1:0 29153
28985 59420 1:0 29244
28989 60813 21:0 28996
28991 59388 1:0 29367
28994 59385 1:0 29385
28994 59353 1:0 29505
29000 59352 1:0 29516
29013 336 21:0 29075
29021 59320 1:0 29636
29074 60795 21:0 29118
29074 59289 1:0 29760
29115 59286 1:0 29778
29116 59256 1:0 29809
29117 60895 21:0 29155
29119 59254 1:0 29898
29125 59253 1:0 29909
29125 59223 1:0 30022
29133 59220 1:0 30040
29151 59221 1:0 30027
29154 60893 21:0 29246
29156 59222 1:0 30026
29156 59206 1:0 30079
29245 60863 21:0 29261
29246 59190 1:0 30153
29247 59188 1:0 30158
29247 59187 1:0 30171
29256 59189 1:0 30157
29256 59157 1:0 30284
29260 60894 21:0 29372
29262 59155 1:0 30289
29262 59154 1:0 30302
29266 59156 1:0 30288
29295 59124 1:0 30415
29344 59121 1:0 30433
29377 59123 1:0 30419
29378 59122 1:0 30420
29387 59091 1:0 30546
29387 59088 1:0 30564
29393 59089 1:0 30551
29398 59090 1:0 30550
29413 58988 1:0 30629
29414 59027 1:0 30677
29508 59058 1:0 30677
29509 59055 1:0 30695
29518 59057 1:0 30681
29518 59056 1:0 30682
29524 58991 1:0 30808
29528 59025 1:0 30808
29545 59022 1:0 30826
29609 49663 21:0 29631
29639 59024 1:0 30812
29640 59023 1:0 30813
29649 58992 1:0 30939
29649 58989 1:0 30957
29655 58990 1:0 30946
29659 60894 1:0 32131
29676 60863 1:0 32207
29688 337 1:0 32287
29770 60893 1:0 32283
31137 61873 0:0 31140
31142 61875 0:0 31145
31145 61876 21:0 31221
31215 61906 0:0 31216
31220 61908 0:0 31221
31220 61907 21:0 31292
31285 61909 0:0 31287
31291 61939 21:0 31363
31296 61941 0:0 31297
31296 61940 0:0 31297
31361 61942 0:0 31363
31365 61972 21:0 31439
31372 61974 0:0 31373
31372 61973 0:0 31373
31437 61975 0:0 31439
31441 62005 21:0 31515
31448 62006 0:0 31449
31448 62007 0:0 31449
31513 62008 0:0 31515
31514 61926 21:0 31520
31517 62038 0:0 31520
31522 62040 21:0 31596
31524 62039 0:0 31525
31589 62041 0:0 31591
31595 62071 21:0 31667
31600 62073 0:0 31601
31665 62074 0:0 31667
31666 62083 21:0 31672
31669 62104 0:0 31672
31674 62106 21:0 31748
31676 62105 0:0 31677
31741 62107 0:0 31743
31750 62139 21:0 31824
31752 62138 0:0 31753
31817 62140 0:0 31819
31826 62172 21:0 31900
31899 61874 21:0 31971
31973 62236 21:0 32047
32046 62205 21:0 32107
32106 62238 21:0 32133
32132 62170 21:0 32209
32208 62137 21:0 32280
32279 62171 21:0 32294
32293 62239 21:0 32314
32299 60895 1:0 32337
32300 60795 1:0 32431
32309 60830 1:0 32468
32309 60860 1:0 32562
32315 60829 1:0 32599
32317 60828 1:0 32689
32319 60813 1:0 32702
32328 337 21:0 32390
32348 60796 1:0 32813
32389 62270 21:0 32433
32430 60794 1:0 32831
32430 49663 1:0 32833
32431 60764 1:0 32944
32432 62203 21:0 32470
32434 60763 1:0 32952
32440 60762 1:0 32951
32440 60761 1:0 32962
32446 60731 1:0 33075
32451 60728 1:0 33093
32467 60730 1:0 33079
32469 62303 21:0 32564
32479 60729 1:0 33080
32561 60698 1:0 33206
32562 60695 1:0 33224
32563 62269 21:0 32576
32565 60697 1:0 33210
32571 60696 1:0 33211
32571 60665 1:0 33255
32575 62272 21:0 32687
32577 60663 1:0 33344
32577 60664 1:0 33345
32582 60662 1:0 33355
32610 60632 1:0 33468
32664 60629 1:0 33486
32686 62204 21:0 32704
32692 60631 1:0 33472
32693 60630 1:0 33473
32702 60599 1:0 33599
32702 60596 1:0 33617
32703 62337 21:0 32815
32705 60598 1:0 33603
32708 60597 1:0 33604
32728 60566 1:0 33730
32741 60563 1:0 33748
32810 60564 1:0 33735
32814 62072 21:0 32829
32823 60565 1:0 33734
32824 60533 1:0 33861
32828 62036 21:0 32835
32830 60530 1:0 33879
32833 60532 1:0 33865
32833 60531 1:0 33866
32834 61924 21:0 32838
32839 60500 1:0 33992
32843 60497 1:0 34010
32872 60498 1:0 33997
32954 60499 1:0 33996
32955 60467 1:0 34123
32964 60466 1:0 34127
32964 60464 1:0 34141
32970 60465 1:0 34128
32975 60434 1:0 34254
32990 338 1:0 35602
33003 60432 1:0 34261
33085 60433 1:0 34262
33086 60431 1:0 34272
33095 62337 1:0 35522
33095 62204 1:0 35597
33103 62272 1:0 35624
34452 63315 21:0 34526
34459 63317 0:0 34460
34459 63316 0:0 34460
34524 63318 0:0 34526
34528 63348 21:0 34602
34535 63350 0:0 34536
34535 63349 0:0 34536
34600 63351 0:0 34602
34604 63381 21:0 34678
34611 63383 0:0 34612
34611 63382 0:0 34612
34676 63384 0:0 34678
34680 63414 21:0 34754
34687 63415 0:0 34688
34687 63416 0:0 34688
34752 63417 0:0 34754
34756 63447 21:0 34830
34763 63449 0:0 34764
34763 63448 0:0 34764
34828 63450 0:0 34830
34832 63480 21:0 34906
34839 63482 0:0 34840
34839 63481 0:0 34840
34904 63483 0:0 34906
34908 63513 21:0 34982
34915 63515 0:0 34916
34915 63514 0:0 34916
34980 63516 0:0 34982
34984 63546 21:0 35058
34991 63547 0:0 34992
34991 63548 0:0 34992
35056 63549 0:0 35058
35060 63579 0:0 35063
35065 63580 0:0 35068
35068 63582 21:0 35144
35138 63612 0:0 35139
35143 63613 0:0 35144
35143 63614 21:0 35215
35214 63645 21:0 35286
35219 63647 0:0 35220
35284 63648 0:0 35286
35293 63679 21:0 35367
35366 63678 21:0 35438
35437 63714 21:0 35502
35501 63680 21:0 35538
35537 63615 21:0 35600
35599 63713 21:0 35617
35614 62269 1:0 35735
35615 62303 1:0 35755
35618 62203 1:0 35866
35624 62270 1:0 35886
35624 62239 1:0 35997
35630 62171 1:0 36017
35643 338 21:0 35706
35651 62238 1:0 36128
35704 62236 1:0 36146
35705 63746 21:0 35748
35745 62205 1:0 36267
35746 62170 1:0 36307
35747 63681 21:0 35785
35749 62172 1:0 36398
35755 62137 1:0 36438
35755 62140 1:0 36439
35763 62139 1:0 36529
35781 62138 1:0 36528
35784 63747 21:0 35876
35786 62107 1:0 36570
35875 63778 21:0 35891
35876 62106 1:0 36660
35877 62105 1:0 36659
35877 62104 1:0 36670
35877 62083 1:0 36672
35886 62074 1:0 36783
35886 62072 1:0 36783
35890 63745 21:0 36002
35892 62073 1:0 36787
35892 62071 1:0 36801
35896 62041 1:0 36832
35925 62040 1:0 36922
35974 62039 1:0 36921
36007 62038 1:0 36932
36007 62036 1:0 36942
36008 62008 1:0 37045
36017 62006 1:0 37050
36017 62005 1:0 37063
36023 62007 1:0 37049
36043 61975 1:0 37176
36056 61972 1:0 37194
36138 61973 1:0 37181
36139 61974 1:0 37180
36147 49628 21:0 36153
36148 61874 1:0 37307
36148 61942 1:0 37307
36154 61939 1:0 37325
36159 61940 1:0 37312
36187 61941 1:0 37311
36187 61924 1:0 37330
36269 61909 1:0 37356
36270 61926 1:0 37355
36270 61907 1:0 37445
36279 61908 1:0 37446
36279 61906 1:0 37456
36287 61876 1:0 37569
36306 61875 1:0 37577
36318 339 1:0 38917
36400 61873 1:0 37587
36401 63745 1:0 38837
36410 63778 1:0 38913
36410 63747 1:0 38939
36446 49763 21:0 36494
37363 50162 21:0 37411
37410 50144 21:0 37443
37767 64757 0:0 37770
37772 64758 0:0 37775
37772 64759 0:0 37775
37775 64760 21:0 37851
37850 64791 0:0 37851
37850 64792 0:0 37851
37850 64790 21:0 37922
37915 64793 0:0 37917
37921 64823 21:0 37993
37926 64825 0:0 37927
37926 64824 0:0 37927
37991 64826 0:0 37993
37995 64856 21:0 38069
38002 64858 0:0 38003
38002 64857 0:0 38003
38067 64859 0:0 38069
38071 64889 21:0 38145
38078 64890 0:0 38079
38078 64891 0:0 38079
38143 64892 0:0 38145
38147 64922 21:0 38221
38154 64924 0:0 38155
38154 64923 0:0 38155
38219 64925 0:0 38221
38220 119 21:0 38221
38223 64955 21:0 38297
38230 64957 0:0 38231
38230 64956 0:0 38231
38295 64958 0:0 38297
38299 64988 21:0 38373
38306 64989 0:0 38307
38306 64990 0:0 38307
38371 64991 0:0 38373
38375 65021 21:0 38449
38382 65022 0:0 38383
38382 65023 0:0 38383
38447 65024 0:0 38449
38456 65056 21:0 38530
38532 65089 21:0 38606
38605 65054 21:0 38677
38676 65121 21:0 38737
38736 65156 21:0 38777
38776 65055 21:0 38839
38838 65189 21:0 38910
38909 65123 21:0 38924
38923 65220 21:0 38944
38929 63681 1:0 39050
38930 63746 1:0 39070
38939 63713 1:0 39181
38939 63680 1:0 39201
38945 63714 1:0 39312
38945 63678 1:0 39360
38958 339 21:0 39018
38965 63679 1:0 39450
38978 49628 1:0 39460
39017 65154 21:0 39063
39060 63615 1:0 39574
39061 63648 1:0 39574
39061 63645 1:0 39592
39062 65222 21:0 39100
39064 63647 1:0 39578
39070 63613 1:0 39712
39070 63614 1:0 39713
39076 49763 1:0 39725
39080 63612 1:0 39723
39097 63582 1:0 39836
39099 65088 21:0 39190
39109 63580 1:0 39843
39189 65188 21:0 39206
39191 63579 1:0 39854
39191 63549 1:0 39967
39192 63546 1:0 39985
39201 63548 1:0 39971
39201 63547 1:0 39972
39205 65120 21:0 39317
39207 63516 1:0 40098
39207 63513 1:0 40116
39212 63514 1:0 40103
39240 63515 1:0 40102
39240 119 1:0 40148
39294 63483 1:0 40229
39322 63480 1:0 40247
39323 63482 1:0 40233
39332 63481 1:0 40234
39332 63450 1:0 40360
39338 63447 1:0 40378
39358 63449 1:0 40364
39371 63448 1:0 40365
39453 63417 1:0 40491
39454 63414 1:0 40509
39463 63416 1:0 40495
39463 63415 1:0 40496
39469 63384 1:0 40622
39489 63381 1:0 40640
39584 63382 1:0 40627
39585 63383 1:0 40626
39585 50144 1:0 40649
39585 50162 1:0 40676
39594 63351 1:0 40753
39594 63348 1:0 40771
39600 63349 1:0 40758
39605 63350 1:0 40757
39633 63318 1:0 40884
39715 63315 1:0 40902
39716 63316 1:0 40889
39725 63317 1:0 40888
39725 65120 1:0 42076
39731 65188 1:0 42152
39751 65088 1:0 42228
39752 340 1:0 42232
41082 66199 0:0 41085
41087 66200 0:0 41090
41087 66201 0:0 41090
41090 66202 21:0 41166
41165 66234 0:0 41166
41165 66233 0:0 41166
41165 66232 21:0 41237
41230 66235 0:0 41232
41236 66265 21:0 41308
41241 66267 0:0 41242
41241 66266 0:0 41242
41306 66268 0:0 41308
41310 66298 21:0 41384
41317 66300 0:0 41318
41317 66299 0:0 41318
41382 66301 0:0 41384
41386 66331 21:0 41460
41393 66332 0:0 41394
41393 66333 0:0 41394
41458 66334 0:0 41460
41462 66364 21:0 41536
41469 66365 0:0 41470
41469 66366 0:0 41470
41534 66367 0:0 41536
41538 66397 21:0 41612
41545 66398 0:0 41546
41545 66399 0:0 41546
41610 66400 0:0 41612
41619 66432 21:0 41693
41621 66431 0:0 41622
41686 66433 0:0 41688
41692 66463 21:0 41764
41697 66465 0:0 41698
41697 66464 0:0 41698
41771 66497 21:0 41845
41838 66499 0:0 41840
41844 66529 21:0 41916
41849 66531 0:0 41850
41849 66530 0:0 41850
41914 66532 0:0 41916
41918 66562 21:0 41992
41925 66564 0:0 41926
41991 66430 21:0 42052
42051 66565 21:0 42078
42077 66629 21:0 42154
42153 66595 21:0 42225
42224 66661 21:0 42239
42238 66631 21:0 42259
42244 65222 1:0 42282
42245 65220 1:0 42372
42254 65189 1:0 42496
42254 65154 1:0 42516
42260 65156 1:0 42627
42262 65123 1:0 42675
42273 340 21:0 42336
42281 65121 1:0 42765
42335 66496 21:0 42378
42375 65055 1:0 42806
42376 65089 1:0 42897
42376 65054 1:0 42937
42377 66597 21:0 42415
42379 65056 1:0 43028
42385 65024 1:0 43151
42385 65021 1:0 43169
42393 65023 1:0 43155
42412 65022 1:0 43156
42414 66596 21:0 42506
42416 64991 1:0 43282
42505 66498 21:0 42521
42506 64988 1:0 43300
42507 64990 1:0 43286
42507 64989 1:0 43287
42516 64958 1:0 43413
42516 64955 1:0 43431
42520 66466 21:0 42632
42522 64957 1:0 43417
42522 64956 1:0 43418
42526 64925 1:0 43544
42543 64922 1:0 43562
42596 64924 1:0 43548
42637 64923 1:0 43549
42638 64892 1:0 43675
42647 64890 1:0 43680
42647 64889 1:0 43693
42653 64891 1:0 43679
42657 64859 1:0 43806
42686 64856 1:0 43824
42768 64858 1:0 43810
42769 64857 1:0 43811
42778 64826 1:0 43937
42778 64823 1:0 43955
42784 64824 1:0 43942
42789 64825 1:0 43941
42817 64793 1:0 44068
42899 64790 1:0 44086
42900 64792 1:0 44072
42909 64791 1:0 44073
42909 64760 1:0 44199
42915 64759 1:0 44207
42920 64758 1:0 44206
42948 64757 1:0 44217
43030 66466 1:0 45467
43031 66498 1:0 45543
43031 341 1:0 45547
43040 66596 1:0 45569
43563 49970 21:0 43569
44397 67641 0:0 44400
44402 67642 0:0 44405
44402 67643 0:0 44405
44405 67644 21:0 44481
44475 67674 0:0 44476
44480 67676 0:0 44481
44480 67675 0:0 44481
44481 67677 21:0 44557
44556 67709 0:0 44557
44556 67708 0:0 44557
44556 67707 21:0 44628
44621 67710 0:0 44623
44627 67740 21:0 44699
44632 67741 0:0 44633
44632 67742 0:0 44633
44697 67743 0:0 44699
44701 67773 21:0 44775
44708 67775 0:0 44709
44708 67774 0:0 44709
44773 67776 0:0 44775
44774 67686 21:0 44780
44777 67806 0:0 44780
44782 67807 21:0 44856
44784 67808 0:0 44785
44849 67809 0:0 44851
44855 67839 21:0 44927
44860 67841 0:0 44861
44860 67840 0:0 44861
44925 67842 0:0 44927
44929 67872 21:0 45003
44936 67873 0:0 44937
44936 67874 0:0 44937
45001 67875 0:0 45003
45005 67905 21:0 45079
45010 67907 0:0 45013
45081 67938 21:0 45155
45088 67939 0:0 45089
45154 67908 21:0 45215
45214 67891 21:0 45231
45233 68004 21:0 45307
45306 68007 21:0 45367
45366 67973 21:0 45393
45392 67974 21:0 45469
45468 68040 21:0 45540
45539 67940 21:0 45554
45553 68006 21:0 45574
45559 66631 1:0 45680
45560 66661 1:0 45698
45569 66629 1:0 45818
45569 66597 1:0 45942
45575 66595 1:0 45960
45575 66565 1:0 46073
45588 341 21:0 45650
45596 66562 1:0 46091
45649 68104 21:0 45693
45690 66564 1:0 46077
45691 66532 1:0 46204
45691 66496 1:0 46204
45692 67941 21:0 45730
45694 66529 1:0 46222
45700 66531 1:0 46208
45700 66530 1:0 46209
45708 66499 1:0 46253
45727 66497 1:0 46342
45729 68073 21:0 45821
45731 66430 1:0 46466
45820 68106 21:0 45836
45821 66463 1:0 46484
45822 66465 1:0 46470
45822 66464 1:0 46471
45822 66433 1:0 46515
45831 66431 1:0 46604
45831 66432 1:0 46605
45837 66400 1:0 46728
45839 66397 1:0 46746
45858 66398 1:0 46733
45952 66399 1:0 46732
45952 49970 1:0 46859
45953 66367 1:0 46859
45962 66365 1:0 46864
45962 66364 1:0 46877
45968 66366 1:0 46863
45988 66334 1:0 46990
46001 66331 1:0 47008
46083 66333 1:0 46994
46084 66332 1:0 46995
46093 66301 1:0 47121
46093 66298 1:0 47139
46101 66300 1:0 47125
46119 66299 1:0 47126
46214 66268 1:0 47252
46215 66266 1:0 47257
46215 66265 1:0 47270
46224 66267 1:0 47256
46224 66235 1:0 47383
46232 66232 1:0 47401
46251 66234 1:0 47387
46345 66233 1:0 47388
46346 66202 1:0 47514
46355 66200 1:0 47521
46355 66201 1:0 47522
46361 66199 1:0 47532
46365 68106 1:0 48858
46366 342 1:0 48862
46394 68073 1:0 48912
47712 69083 0:0 47715
47717 69084 0:0 47720
47717 69085 0:0 47720
47720 69086 21:0 47796
47795 69118 0:0 47796
47795 69117 0:0 47796
47795 69116 21:0 47867
47860 69119 0:0 47862
47866 69149 21:0 47938
47871 69150 0:0 47872
47871 69151 0:0 47872
47936 69152 0:0 47938
47940 69182 21:0 48014
47947 69184 0:0 47948
47947 69183 0:0 47948
48012 69185 0:0 48014
48016 69215 21:0 48090
48023 69216 0:0 48024
48023 69217 0:0 48024
48088 69218 0:0 48090
48092 69248 21:0 48166
48099 69250 0:0 48100
48099 69249 0:0 48100
48164 69251 0:0 48166
48168 69281 21:0 48242
48175 69282 0:0 48176
48175 69283 0:0 48176
48240 69284 0:0 48242
48244 69314 21:0 48318
48251 69315 0:0 48252
48251 69316 0:0 48252
48316 69317 0:0 48318
48317 69200 21:0 48323
48320 69347 0:0 48323
48325 69349 21:0 48399
48327 69348 0:0 48328
48392 69350 0:0 48394
48398 69380 0:0 48399
48398 69213 21:0 48404
48404 69383 21:0 48480
48479 69414 21:0 48551
48544 69416 0:0 48546
48550 69446 21:0 48622
48555 69448 0:0 48556
48555 69447 0:0 48556
48621 69449 21:0 48687
48686 69479 21:0 48722
48721 69415 21:0 48784
48783 69382 21:0 48855
48854 69481 21:0 48877
48874 68104 1:0 49002
48875 67941 1:0 49126
48876 69547 21:0 48889
48878 68006 1:0 49146
48884 68040 1:0 49257
48884 67974 1:0 49277
48890 68007 1:0 49388
48890 68004 1:0 49406
48903 342 21:0 48965
48911 67973 1:0 49527
48964 69513 21:0 49008
48964 67940 1:0 49650
49005 67938 1:0 49668
49006 67939 1:0 49655
49007 69514 21:0 49045
49009 67908 1:0 49781
49015 67907 1:0 49789
49015 67905 1:0 49799
49021 67891 1:0 49838
49025 67875 1:0 49912
49042 67872 1:0 49930
49044 69445 21:0 49099
49046 67873 1:0 49917
49095 67874 1:0 49916
49098 69412 21:0 49128
49136 67842 1:0 50043
49137 67839 1:0 50061
49146 67841 1:0 50047
49146 67840 1:0 50048
49152 67809 1:0 50092
49172 67807 1:0 50181
49185 67808 1:0 50182
49267 67806 1:0 50192
49268 67776 1:0 50305
49277 67775 1:0 50309
49277 67773 1:0 50323
49285 67774 1:0 50310
49303 67743 1:0 50436
49398 67740 1:0 50454
49399 67742 1:0 50440
49399 67741 1:0 50441
49408 67710 1:0 50567
49408 67686 1:0 50567
49414 67707 1:0 50585
49418 67709 1:0 50571
49447 67708 1:0 50572
49529 67677 1:0 50698
49530 67676 1:0 50706
49539 67675 1:0 50705
49539 67674 1:0 50716
49545 67644 1:0 50829
49550 67642 1:0 50836
49565 343 1:0 52177
49578 67643 1:0 50837
49660 67641 1:0 50847
49661 69514 1:0 52173
50182 49966 21:0 50190
51027 70525 0:0 51030
51032 70526 0:0 51035
51032 70527 0:0 51035
51035 70528 21:0 51111
51110 70559 0:0 51111
51110 70558 21:0 51182
51175 70561 0:0 51177
51181 70591 21:0 51253
51186 70593 0:0 51187
51251 70594 0:0 51253
51255 70624 21:0 51329
51262 70625 0:0 51263
51262 70626 0:0 51263
51327 70627 0:0 51329
51331 70657 21:0 51405
51338 70658 0:0 51339
51338 70659 0:0 51339
51403 70660 0:0 51405
51407 70690 21:0 51481
51414 70692 0:0 51415
51414 70691 0:0 51415
51479 70693 0:0 51481
51483 70723 21:0 51557
51490 70724 0:0 51491
51490 70725 0:0 51491
51555 70726 0:0 51557
51556 70557 21:0 51562
51559 70756 0:0 51562
51564 70757 21:0 51638
51566 70758 0:0 51567
51631 70759 0:0 51633
51637 70789 21:0 51709
51642 70791 0:0 51643
51707 70792 0:0 51709
51708 70761 21:0 51714
51711 70822 0:0 51714
51716 70824 21:0 51790
51718 70823 0:0 51719
51792 70856 21:0 51866
51868 70889 21:0 51942
51944 70923 21:0 52018
52017 70592 21:0 52089
52088 70790 21:0 52154
52153 70924 21:0 52181
52180 70890 21:0 52195
52189 69513 1:0 52227
52190 69547 1:0 52318
52190 69445 1:0 52330
52194 70675 21:0 52201
52196 69481 1:0 52441
52199 69382 1:0 52461
52199 69415 1:0 52572
52205 69479 1:0 52590
52218 343 21:0 52280
52226 69449 1:0 52703
52279 70855 21:0 52323
52279 69446 1:0 52721
52320 69447 1:0 52708
52321 69448 1:0 52707
52321 69412 1:0 52751
52322 70858 21:0 52360
52324 69416 1:0 52752
52330 69414 1:0 52841
52330 69383 1:0 52965
52338 69380 1:0 52983
52357 69350 1:0 53014
52359 70922 21:0 52453
52361 69349 1:0 53104
52451 69348 1:0 53103
52452 70888 21:0 52466
52452 69347 1:0 53114
52452 69317 1:0 53227
52461 69316 1:0 53231
52461 69314 1:0 53245
52465 70955 21:0 52577
52467 69315 1:0 53232
52467 69284 1:0 53358
52471 69281 1:0 53376
52500 69283 1:0 53362
52549 69282 1:0 53363
52569 49966 1:0 53489
52576 70857 21:0 52594
52582 69251 1:0 53489
52583 69248 1:0 53507
52592 69250 1:0 53493
52592 69249 1:0 53494
52593 70989 21:0 52705
52595 69218 1:0 53620
52600 69215 1:0 53638
52618 69217 1:0 53624
52672 69216 1:0 53625
52672 69213 1:0 53643
52685 69200 1:0 53677
52704 70825 21:0 52719
52713 69185 1:0 53751
52714 69182 1:0 53769
52718 70560 21:0 52810
52720 69184 1:0 53755
52723 69183 1:0 53756
52723 69152 1:0 53882
52729 69149 1:0 53900
52734 69151 1:0 53886
52762 69150 1:0 53887
52811 69119 1:0 54013
52844 69116 1:0 54031
52845 69118 1:0 54017
52854 69117 1:0 54018
52854 69086 1:0 54144
52860 69085 1:0 54152
52880 69084 1:0 54151
52893 69083 1:0 54162
52975 70989 1:0 55412
52976 70857 1:0 55488
52985 344 1:0 55492
52985 70955 1:0 55542
54342 71967 0:0 54345
54347 71969 0:0 54350
54347 71968 0:0 54350
54350 71970 21:0 54426
54425 72001 0:0 54426
54425 72002 0:0 54426
54425 72000 21:0 54497
54490 72003 0:0 54492
54496 72033 21:0 54568
54501 72035 0:0 54502
54501 72034 0:0 54502
54566 72036 0:0 54568
54570 72066 0:0 54573
54575 72067 21:0 54649
54577 72068 0:0 54578
54642 72069 0:0 54644
54648 72099 21:0 54720
54653 72100 0:0 54654
54653 72101 0:0 54654
54718 72102 0:0 54720
54722 72132 21:0 54796
54729 72134 0:0 54730
54729 72133 0:0 54730
54794 72135 0:0 54796
54798 72165 21:0 54872
54805 72166 0:0 54806
54805 72167 0:0 54806
54870 72168 0:0 54872
54874 72198 21:0 54948
54881 72200 0:0 54882
54881 72199 0:0 54882
54955 72232 21:0 55029
54957 72233 0:0 54958
55022 72234 0:0 55024
55028 72231 21:0 55100
55034 72267 0:0 55052
55102 72297 21:0 55176
55109 72298 0:0 55110
55109 72299 0:0 55110
55178 72330 0:0 55181
55183 72331 21:0 55257
55256 72264 21:0 55328
55327 72201 21:0 55393
55392 72397 21:0 55428
55427 72363 21:0 55490
55489 72332 21:0 55507
55504 70888 1:0 55636
55505 70922 1:0 55673
55505 70858 1:0 55767
55508 70924 1:0 55804
55514 70923 1:0 55895
55514 70890 1:0 55935
55522 70889 1:0 56025
55533 344 21:0 55595
55553 70855 1:0 56066
55594 72364 21:0 55638
55635 70856 1:0 56156
55636 70825 1:0 56197
55636 70824 1:0 56288
55637 72300 21:0 55675
55645 70823 1:0 56287
55645 70822 1:0 56298
55651 70790 1:0 56411
55655 70792 1:0 56411
55672 70789 1:0 56429
55674 72432 21:0 55766
55676 70791 1:0 56415
55765 72265 21:0 55781
55766 70761 1:0 56459
55766 70759 1:0 56460
55767 70757 1:0 56549
55767 70758 1:0 56550
55776 70756 1:0 56560
55776 70726 1:0 56673
55780 72266 21:0 55892
55782 70724 1:0 56678
55782 70723 1:0 56691
55787 70725 1:0 56677
55815 70693 1:0 56804
55869 70690 1:0 56822
55897 70691 1:0 56809
55898 70692 1:0 56808
55898 70675 1:0 56861
55907 70660 1:0 56935
55907 70657 1:0 56953
55915 70658 1:0 56940
55934 70659 1:0 56939
55946 70557 1:0 57066
56028 70627 1:0 57066
56029 70624 1:0 57084
56038 70626 1:0 57070
56038 70625 1:0 57071
56044 70592 1:0 57197
56049 70594 1:0 57197
56077 70591 1:0 57215
56159 70593 1:0 57201
56160 70560 1:0 57328
56169 70561 1:0 57328
56169 70558 1:0 57346
56175 70559 1:0 57333
56180 70528 1:0 57459
56208 70526 1:0 57466
56290 70527 1:0 57467
56291 70525 1:0 57477
56291 345 1:0 58807
56300 72266 1:0 58803
56300 72265 1:0 58829
57657 73409 0:0 57660
57662 73411 0:0 57665
57662 73410 0:0 57665
57665 73412 21:0 57741
57735 73442 0:0 57736
57740 73443 0:0 57741
57740 73444 21:0 57812
57805 73445 0:0 57807
57811 73475 21:0 57883
57816 73477 0:0 57817
57816 73476 0:0 57817
57881 73478 0:0 57883
57885 73508 21:0 57959
57892 73509 0:0 57893
57892 73510 0:0 57893
57957 73511 0:0 57959
57961 73541 21:0 58035
57968 73543 0:0 57969
57968 73542 0:0 57969
58033 73544 0:0 58035
58037 73574 21:0 58111
58044 73576 0:0 58045
58044 73575 0:0 58045
58109 73577 0:0 58111
58113 73607 21:0 58187
58120 73609 0:0 58121
58120 73608 0:0 58121
58185 73610 0:0 58187
58189 73640 21:0 58263
58196 73641 0:0 58197
58196 73642 0:0 58197
58262 73612 21:0 58268
58270 73674 21:0 58344
58272 73675 0:0 58273
58337 73676 0:0 58339
58343 73706 0:0 58344
58346 73707 21:0 58420
58348 73708 0:0 58349
58413 73709 0:0 58415
58419 73673 21:0 58491
58493 73772 21:0 58567
58566 73774 21:0 58627
58626 73742 21:0 58653
58652 73807 21:0 58729
58728 73806 21:0 58800
58799 73643 21:0 58814
58813 73739 21:0 58834
58819 72432 1:0 58940
58820 72364 1:0 58988
58829 72397 1:0 59078
58829 72332 1:0 59202
58835 72363 1:0 59220
58835 72331 1:0 59340
58848 345 21:0 58910
58855 72330 1:0 59351
58909 73871 21:0 58953
58909 72300 1:0 59464
58950 72297 1:0 59482
58951 72299 1:0 59468
58952 73775 21:0 58990
58954 72298 1:0 59469
58960 72267 1:0 59595
58960 72264 1:0 59606
58966 72231 1:0 59643
58986 72234 1:0 59644
58989 73741 21:0 59081
58991 72232 1:0 59733
58999 72233 1:0 59734
59080 73841 21:0 59096
59081 72201 1:0 59857
59082 72199 1:0 59862
59082 72198 1:0 59875
59091 72200 1:0 59861
59091 72168 1:0 59988
59095 73810 21:0 59124
59097 72165 1:0 60006
59099 72167 1:0 59992
59117 72166 1:0 59993
59130 72135 1:0 60119
59212 72132 1:0 60137
59213 72134 1:0 60123
59222 72133 1:0 60124
59222 72102 1:0 60250
59228 72099 1:0 60268
59248 72101 1:0 60254
59261 72100 1:0 60255
59343 72069 1:0 60299
59344 72067 1:0 60388
59353 72068 1:0 60389
59353 72066 1:0 60399
59361 72036 1:0 60512
59379 72033 1:0 60530
59474 72034 1:0 60517
59475 72035 1:0 60516
59475 72003 1:0 60643
59484 72001 1:0 60648
59484 72000 1:0 60661
59492 72002 1:0 60647
59511 71970 1:0 60774
59523 346 1:0 62122
59605 71968 1:0 60781
59606 71969 1:0 60782
59615 71967 1:0 60792
59615 73841 1:0 62144
60247 50005 0:0 60252
60400 50084 21:0 60406
60410 50087 0:0 60431
60972 74851 21:0 61046
60977 74853 0:0 60980
60979 74852 0:0 60980
60980 74854 0:0 60998
61048 74884 21:0 61122
61055 74886 0:0 61056
61055 74885 0:0 61056
61120 74887 0:0 61122
61124 74917 21:0 61198
61131 74918 0:0 61132
61196 74920 0:0 61198
61200 74950 21:0 61274
61207 74952 0:0 61208
61207 74951 0:0 61208
61272 74953 0:0 61274
61276 74983 21:0 61350
61283 74985 0:0 61284
61283 74984 0:0 61284
61348 74986 0:0 61350
61357 75018 21:0 61431
61359 75017 0:0 61360
61424 75019 0:0 61426
61430 75049 21:0 61502
61435 75051 0:0 61436
61500 75052 0:0 61502
61504 75082 0:0 61507
61509 75083 21:0 61583
61511 75084 0:0 61512
61576 75085 0:0 61578
61582 75115 0:0 61583
61585 75117 21:0 61659
61587 75116 0:0 61588
61652 75118 0:0 61654
61658 75148 21:0 61730
61663 75150 0:0 61664
61728 75151 0:0 61730
61729 75102 21:0 61735
61737 75183 21:0 61811
61804 75184 0:0 61806
61810 75214 21:0 61882
61884 75247 21:0 61958
61957 75182 21:0 62018
62017 75217 21:0 62044
62043 75149 21:0 62120
62119 75281 21:0 62137
62134 73741 1:0 62255
62135 73871 1:0 62273
62135 73810 1:0 62303
62136 75016 21:0 62149
62144 73775 1:0 62397
62144 73806 1:0 62434
62150 73807 1:0 62525
62150 73774 1:0 62648
62154 73772 1:0 62666
62163 346 21:0 62225
62183 73742 1:0 62779
62224 75282 21:0 62268
62265 73739 1:0 62797
62266 73709 1:0 62828
62266 73707 1:0 62917
62267 75215 21:0 62305
62275 73708 1:0 62918
62275 73673 1:0 62958
62281 73706 1:0 62928
62285 73676 1:0 62959
62302 73674 1:0 63048
62314 73675 1:0 63049
62396 73643 1:0 63172
62397 73640 1:0 63190
62406 73642 1:0 63176
62406 73641 1:0 63177
62406 73612 1:0 63287
62412 73610 1:0 63303
62432 73607 1:0 63321
62445 73608 1:0 63308
62527 73609 1:0 63307
62528 73577 1:0 63434
62537 73576 1:0 63438
62537 73574 1:0 63452
62545 73575 1:0 63439
62563 73544 1:0 63565
62564 50005 1:0 63543
62658 73541 1:0 63583
62659 73543 1:0 63569
62668 73542 1:0 63570
62668 50084 1:0 63696
62668 73511 1:0 63696
62674 73508 1:0 63714
62694 73510 1:0 63700
62707 73509 1:0 63701
62789 50087 1:0 63723
62790 73478 1:0 63827
62799 73476 1:0 63832
62799 73475 1:0 63845
62805 73477 1:0 63831
62809 73445 1:0 63876
62838 73444 1:0 63966
62920 73443 1:0 63965
62921 73442 1:0 63976
62930 73412 1:0 64089
62930 73411 1:0 64097
62936 73410 1:0 64096
62941 73409 1:0 64107
62956 347 1:0 65437
64269 76278 21:0 64285
64284 76291 21:0 64290
64287 76293 0:0 64290
64290 76292 21:0 64295
64292 76295 0:0 64295
64292 76294 0:0 64295
64295 76296 21:0 64371
64370 76328 0:0 64371
64370 76327 0:0 64371
64370 76326 21:0 64442
64435 76329 0:0 64437
64441 76359 21:0 64513
64446 76360 0:0 64447
64446 76361 0:0 64447
64511 76362 0:0 64513
64515 76392 21:0 64589
64522 76393 0:0 64523
64522 76394 0:0 64523
64587 76395 0:0 64589
64591 76425 21:0 64665
64598 76427 0:0 64599
64598 76426 0:0 64599
64663 76428 0:0 64665
64667 76458 21:0 64741
64674 76459 0:0 64675
64674 76460 0:0 64675
64739 76461 0:0 64741
64743 76491 21:0 64817
64750 76492 0:0 64751
64750 76493 0:0 64751
64815 76494 0:0 64817
64819 76524 21:0 64893
64826 76525 0:0 64827
64826 76526 0:0 64827
64891 76527 0:0 64893
64892 76463 21:0 64898
64895 76557 0:0 64898
64897 76378 21:0 64903
64900 76559 0:0 64903
64903 76560 21:0 64979
64973 76590 0:0 64974
64978 76592 0:0 64979
64978 76591 21:0 65050
65043 76593 0:0 65045
65052 76624 21:0 65126
65125 76656 21:0 65197
65130 76658 0:0 65131
65196 76558 21:0 65262
65261 76626 21:0 65297
65296 76659 21:0 65359
65358 76623 21:0 65430
65429 76691 21:0 65448
65447 76725 21:0 65464
65449 75215 1:0 65581
65449 75282 1:0 65618
65450 75281 1:0 65708
65459 75217 1:0 65832
65459 75247 1:0 65850
65465 75182 1:0 65963
65465 75214 1:0 65981
65469 75184 1:0 66012
65478 347 21:0 65541
65498 75183 1:0 66102
65540 76689 21:0 65583
65580 75149 1:0 66225
65581 75151 1:0 66225
65581 75148 1:0 66243
65582 76690 21:0 65620
65590 75150 1:0 66229
65590 75118 1:0 66274
65596 75117 1:0 66364
65600 75116 1:0 66363
65617 75115 1:0 66374
65619 76756 21:0 65713
65629 75102 1:0 66404
65629 75085 1:0 66405
65711 75083 1:0 66494
65712 76724 21:0 65726
65712 75084 1:0 66495
65714 75082 1:0 66505
65721 75052 1:0 66618
65721 75016 1:0 66618
65725 76657 21:0 65837
65727 75051 1:0 66622
65727 75049 1:0 66636
65747 75019 1:0 66667
65760 75018 1:0 66757
65829 75017 1:0 66756
65836 76265 21:0 65845
65842 74986 1:0 66880
65843 74983 1:0 66898
65852 74985 1:0 66884
65852 74984 1:0 66885
65858 74953 1:0 67011
65863 74950 1:0 67029
65891 74952 1:0 67015
65973 74951 1:0 67016
65974 74920 1:0 67142
65983 74918 1:0 67147
65983 74917 1:0 67160
65989 74887 1:0 67273
66009 74884 1:0 67291
66022 74886 1:0 67277
66104 74885 1:0 67278
66105 74854 1:0 67404
66114 74852 1:0 67409
66114 74851 1:0 67422
66122 74853 1:0 67412
66140 76657 1:0 68672
66141 348 1:0 68752
66235 76724 1:0 68748
66236 76756 1:0 68774
67281 50194 21:0 67289
67545 77713 21:0 67589
67602 77735 0:0 67605
67607 77736 0:0 67610
67607 77737 0:0 67610
67610 77738 21:0 67686
67680 77768 0:0 67681
67685 77769 0:0 67686
67685 77770 21:0 67757
67702 41 0:0 67704
67750 77771 0:0 67752
67756 77801 21:0 67828
67761 77802 0:0 67762
67761 77803 0:0 67762
67826 77804 0:0 67828
67830 77834 21:0 67904
67837 77836 0:0 67838
67837 77835 0:0 67838
67902 77837 0:0 67904
67906 77867 21:0 67980
67913 77869 0:0 67914
67913 77868 0:0 67914
67978 77870 0:0 67980
67982 77900 21:0 68056
67989 77902 0:0 67990
67989 77901 0:0 67990
68058 77933 21:0 68132
68065 77934 0:0 68066
68065 77935 0:0 68066
68130 77936 0:0 68132
68134 77966 0:0 68137
68139 77967 21:0 68213
68141 77968 0:0 68142
68206 77969 0:0 68208
68215 78000 21:0 68289
68288 78032 21:0 68360
68293 78033 0:0 68294
68293 179 0:0 68294
68359 77903 21:0 68420
68419 78035 21:0 68460
68459 78066 21:0 68522
68521 78068 21:0 68593
68592 78132 21:0 68664
68663 78101 21:0 68729
68728 78065 21:0 68756
68755 78134 21:0 68770
68764 76690 1:0 68885
68765 76689 1:0 68905
68771 76725 1:0 69016
68774 76691 1:0 69036
68774 76623 1:0 69147
68780 76659 1:0 69167
68793 348 21:0 68855
68801 76626 1:0 69278
68854 78001 21:0 68898
68854 76656 1:0 69296
68895 76658 1:0 69282
68896 76624 1:0 69416
68897 78198 21:0 68935
68899 76558 1:0 69457
68905 76593 1:0 69458
68905 76591 1:0 69547
68913 76592 1:0 69548
68916 179 1:0 69553
68932 76590 1:0 69558
68934 78100 21:0 69027
68944 76560 1:0 69671
69026 78133 21:0 69041
69026 76559 1:0 69679
69027 76557 1:0 69689
69027 76527 1:0 69802
69036 76525 1:0 69807
69036 76524 1:0 69820
69042 76526 1:0 69806
69042 76494 1:0 69933
69047 76491 1:0 69951
69075 76492 1:0 69938
69157 76493 1:0 69937
69158 76463 1:0 70048
69158 76461 1:0 70064
69167 76460 1:0 70068
69167 76458 1:0 70082
69175 76459 1:0 70069
69194 76428 1:0 70195
69288 76425 1:0 70213
69289 76427 1:0 70199
69289 76426 1:0 70200
69298 76395 1:0 70326
69298 76392 1:0 70344
69306 76393 1:0 70331
69325 76394 1:0 70330
69337 76378 1:0 70383
69419 76362 1:0 70457
69420 76359 1:0 70475
69429 76361 1:0 70461
69429 76360 1:0 70462
69429 50194 1:0 70588
69435 41 1:0 70561
69439 76329 1:0 70588
69456 76326 1:0 70606
69550 76327 1:0 70593
69551 76328 1:0 70592
69560 76296 1:0 70719
69560 76295 1:0 70727
69560 76292 1:0 70730
69566 76294 1:0 70726
69571 76293 1:0 70737
69586 76291 1:0 70742
69587 76278 1:0 70776
69599 76265 1:0 70834
69599 349 1:0 72067
69681 78133 1:0 72063
70917 79177 21:0 70991
70922 79179 0:0 70925
70922 79178 0:0 70925
70925 79180 0:0 70943
70993 79210 21:0 71067
71000 79211 0:0 71001
71000 79212 0:0 71001
71065 79213 0:0 71067
71069 79243 21:0 71143
71076 79244 0:0 71077
71076 79245 0:0 71077
71141 79246 0:0 71143
71145 79276 21:0 71219
71152 79277 0:0 71153
71152 79278 0:0 71153
71217 79279 0:0 71219
71221 79309 21:0 71295
71228 79311 0:0 71229
71228 79310 0:0 71229
71293 79312 0:0 71295
71297 79342 21:0 71371
71304 79343 0:0 71305
71304 79344 0:0 71305
71369 79345 0:0 71371
71373 79375 21:0 71447
71380 79376 0:0 71381
71380 79377 0:0 71381
71445 79378 0:0 71447
71449 79408 0:0 71452
71454 79409 21:0 71528
71456 79410 0:0 71457
71521 79411 0:0 71523
71530 79443 21:0 71604
71532 79442 0:0 71533
71597 79444 0:0 71599
71603 79474 0:0 71604
71606 79475 0:0 71609
71609 79477 21:0 71685
71679 79507 0:0 71680
71684 79508 0:0 71685
71684 79509 21:0 71756
71749 79510 0:0 71751
71755 79540 21:0 71827
71760 79542 0:0 71761
71825 79543 0:0 71827
71834 79574 21:0 71908
71907 79541 21:0 71979
71978 79441 21:0 72040
72039 79576 21:0 72071
72070 79609 21:0 72085
72079 78100 1:0 72117
72080 78198 1:0 72207
72086 78001 1:0 72248
72089 78134 1:0 72342
72089 78065 1:0 72379
72095 78132 1:0 72469
72108 349 21:0 72170
72115 78101 1:0 72593
72169 79606 21:0 72213
72169 78068 1:0 72641
72210 78066 1:0 72731
72211 78035 1:0 72855
72212 79608 21:0 72250
72214 78032 1:0 72873
72220 78033 1:0 72860
72220 78000 1:0 72993
72226 77969 1:0 73035
72246 77967 1:0 73124
72249 79476 21:0 72341
72251 77968 1:0 73125
72259 77966 1:0 73135
72341 77936 1:0 73248
72342 77934 1:0 73253
72342 77933 1:0 73266
72351 77935 1:0 73252
72351 77903 1:0 73379
72359 77900 1:0 73397
72377 77902 1:0 73383
72472 77901 1:0 73384
72473 77870 1:0 73510
72473 77867 1:0 73528
72482 77869 1:0 73514
72482 77868 1:0 73515
72490 77837 1:0 73641
72509 77834 1:0 73659
72601 49624 21:0 72609
72603 77836 1:0 73645
72604 77835 1:0 73646
72610 77804 1:0 73772
72613 77802 1:0 73777
72613 77801 1:0 73790
72619 77803 1:0 73776
72622 49631 21:0 72726
72639 77771 1:0 73821
72652 77770 1:0 73911
72734 77769 1:0 73910
72735 77768 1:0 73921
72744 77738 1:0 74034
72744 77737 1:0 74042
72750 77736 1:0 74041
72754 77735 1:0 74052
72755 77713 1:0 74144
72770 350 1:0 75382
72865 79476 1:0 75404
73507 49973 21:0 73515
74232 80619 0:0 74235
74237 80620 0:0 74240
74237 80621 0:0 74240
74240 80622 21:0 74316
74315 80653 0:0 74316
74315 80652 21:0 74387
74380 80655 0:0 74382
74386 80685 21:0 74458
74391 80686 0:0 74392
74391 80687 0:0 74392
74456 80688 0:0 74458
74460 80718 21:0 74534
74467 80719 0:0 74468
74467 80720 0:0 74468
74532 80721 0:0 74534
74536 80751 21:0 74610
74543 80753 0:0 74544
74543 80752 0:0 74544
74608 80754 0:0 74610
74612 80784 21:0 74686
74619 80785 0:0 74620
74619 80786 0:0 74620
74688 80817 21:0 74762
74695 80819 0:0 74696
74695 80818 0:0 74696
74760 80820 0:0 74762
74764 80850 21:0 74838
74771 80852 0:0 74772
74771 80851 0:0 74772
74836 80853 0:0 74838
74840 80883 21:0 74914
74912 80886 0:0 74914
74913 105 21:0 74919
74916 80916 0:0 74919
74924 80919 21:0 75000
74999 80949 21:0 75071
75073 80984 21:0 75147
75146 80985 21:0 75218
75217 80951 21:0 75278
75277 81051 21:0 75318
75317 80950 21:0 75380
75379 81016 21:0 75397
75394 79608 1:0 75515
75395 79606 1:0 75535
75398 79609 1:0 75646
75404 79576 1:0 75694
75404 79574 1:0 75784
75410 49624 1:0 75797
75423 350 21:0 75485
75430 79541 1:0 75908
75443 79543 1:0 75908
75484 80918 21:0 75528
75525 79540 1:0 75926
75526 79542 1:0 75912
75526 49631 1:0 75935
75527 81018 21:0 75565
75529 79510 1:0 75957
75535 79508 1:0 76046
75535 79509 1:0 76047
75543 79507 1:0 76057
75562 79477 1:0 76170
75564 80787 21:0 75656
75566 79475 1:0 76177
75655 80884 21:0 75671
75656 79441 1:0 76218
75657 79474 1:0 76188
75657 79444 1:0 76219
75666 79442 1:0 76308
75666 79443 1:0 76309
75670 80885 21:0 75782
75672 79411 1:0 76350
75672 79409 1:0 76439
75676 79410 1:0 76440
75693 79408 1:0 76450
75746 79378 1:0 76563
75781 80654 21:0 75799
75787 79375 1:0 76581
75788 79376 1:0 76568
75797 79377 1:0 76567
75797 79345 1:0 76694
75797 105 1:0 76694
75800 79342 1:0 76712
75803 79343 1:0 76699
75823 79344 1:0 76698
75836 49973 1:0 76721
75918 79312 1:0 76825
75919 79309 1:0 76843
75928 79311 1:0 76829
75928 79310 1:0 76830
75934 79279 1:0 76956
75939 79276 1:0 76974
75967 79277 1:0 76961
76049 79278 1:0 76960
76050 79246 1:0 77087
76059 79244 1:0 77092
76059 79243 1:0 77105
76065 79245 1:0 77091
76070 79213 1:0 77218
76098 79210 1:0 77236
76180 79211 1:0 77223
76181 79212 1:0 77222
76190 79180 1:0 77349
76190 79177 1:0 77367
76196 79178 1:0 77356
76216 79179 1:0 77357
76217 351 1:0 78697
76311 81018 1:0 78830
76312 80918 1:0 78850
77547 82061 0:0 77550
77552 82063 0:0 77555
77552 82062 0:0 77555
77555 82064 21:0 77631
77630 82095 0:0 77631
77630 82096 0:0 77631
77630 82094 21:0 77702
77695 82097 0:0 77697
77701 82127 21:0 77773
77706 82129 0:0 77707
77706 82128 0:0 77707
77771 82130 0:0 77773
77775 82160 21:0 77849
77782 82162 0:0 77783
77782 82161 0:0 77783
77847 82163 0:0 77849
77851 82193 21:0 77925
77858 82194 0:0 77859
77858 82195 0:0 77859
77923 82196 0:0 77925
77927 82226 21:0 78001
77934 82228 0:0 77935
77934 82227 0:0 77935
77999 82229 0:0 78001
78003 82259 21:0 78077
78010 82261 0:0 78011
78010 82260 0:0 78011
78075 82262 0:0 78077
78076 82099 21:0 78082
78079 82292 0:0 78082
78084 82294 21:0 78158
78086 82293 0:0 78087
78151 82295 0:0 78153
78157 82325 0:0 78158
78160 82326 21:0 78234
78162 82327 0:0 78163
78227 82328 0:0 78229
78233 82358 21:0 78305
78238 82359 0:0 78239
78238 82360 0:0 78239
78307 82391 21:0 78381
78314 82392 0:0 78315
78314 82393 0:0 78315
78379 82394 0:0 78381
78380 82178 21:0 78386
78388 82425 21:0 78462
78390 82426 0:0 78391
78461 82457 21:0 78533
78532 82427 21:0 78593
78592 82459 21:0 78633
78632 82361 21:0 78695
78694 82458 21:0 78712
78709 81051 1:0 78961
78710 81016 1:0 79009
78710 80950 1:0 79103
78719 80985 1:0 79140
78719 80984 1:0 79231
78725 80951 1:0 79354
78729 80949 1:0 79372
78738 351 21:0 78800
78758 80919 1:0 79485
78799 82491 21:0 78843
78840 80885 1:0 79505
78841 80916 1:0 79503
78842 82493 21:0 78880
78844 80884 1:0 79616
78850 80886 1:0 79616
78850 80883 1:0 79634
78856 80853 1:0 79747
78861 80850 1:0 79765
78877 80852 1:0 79751
78879 82460 21:0 78971
78889 80851 1:0 79752
78971 80820 1:0 79878
78972 80819 1:0 79882
78972 80817 1:0 79896
78981 80818 1:0 79883
78981 80787 1:0 80009
78987 80784 1:0 80027
78992 80785 1:0 80014
79020 80786 1:0 80013
79102 80754 1:0 80140
79103 80751 1:0 80158
79112 80753 1:0 80144
79112 80752 1:0 80145
79118 80721 1:0 80271
79138 80718 1:0 80289
79151 80720 1:0 80275
79233 80719 1:0 80276
79234 80688 1:0 80402
79243 80686 1:0 80407
79243 80685 1:0 80420
79251 80687 1:0 80406
79269 80654 1:0 80533
79364 80655 1:0 80533
79365 80653 1:0 80538
79365 80652 1:0 80551
79374 80622 1:0 80664
79374 80621 1:0 80672
79382 80620 1:0 80671
79401 80619 1:0 80682
79413 352 1:0 82012
79495 82460 1:0 82034
79907 49916 21:0 80011
80562 50201 21:0 80666
80720 50276 21:0 80768
80844 83486 21:0 80860
80862 83503 0:0 80865
80867 83505 0:0 80870
80867 83504 0:0 80870
80870 83506 21:0 80946
80945 83537 0:0 80946
80945 83538 21:0 81017
81010 83539 0:0 81012
81016 83569 21:0 81088
81021 83570 0:0 81022
81021 83571 0:0 81022
81086 83572 0:0 81088
81090 83602 21:0 81164
81097 83603 0:0 81098
81097 83604 0:0 81098
81162 83605 0:0 81164
81166 83635 21:0 81240
81167 85 0:0 81169
81173 83637 0:0 81174
81173 83636 0:0 81174
81238 83638 0:0 81240
81242 83668 21:0 81316
81249 83670 0:0 81250
81314 83671 0:0 81316
81318 83701 21:0 81392
81325 83703 0:0 81326
81325 83702 0:0 81326
81390 83704 0:0 81392
81391 83688 21:0 81397
81394 83734 0:0 81397
81399 83736 21:0 81473
81401 83735 0:0 81402
81466 83737 0:0 81468
81475 83768 21:0 81549
81490 159 0:0 81492
81551 83802 21:0 81625
81627 83835 21:0 81701
81700 83866 21:0 81772
81771 83770 21:0 81832
81831 83867 21:0 81872
81857 251 0:0 81858
81871 83833 21:0 81934
81933 83767 21:0 82005
82004 83933 21:0 82022
82021 83868 21:0 82039
82024 82493 1:0 82145
82025 82491 1:0 82165
82025 82458 1:0 82276
82034 251 1:0 82289
82034 82459 1:0 82296
82040 82427 1:0 82407
82040 82457 1:0 82425
82053 352 21:0 82113
82060 82425 1:0 82545
82112 83967 21:0 82158
82114 82426 1:0 82546
82155 82394 1:0 82669
82156 82391 1:0 82687
82157 83769 21:0 82195
82159 82393 1:0 82673
82165 82392 1:0 82674
82165 82361 1:0 82800
82171 82358 1:0 82818
82191 82359 1:0 82805
82194 83585 21:0 82249
82196 82360 1:0 82804
82204 82328 1:0 82849
82286 82326 1:0 82938
82287 159 1:0 82933
82287 82327 1:0 82939
82296 82325 1:0 82949
82296 82295 1:0 82980
82304 82294 1:0 83070
82323 82293 1:0 83069
82417 82292 1:0 83080
82418 82262 1:0 83193
82427 82261 1:0 83197
82427 82259 1:0 83211
82433 82260 1:0 83198
82433 49916 1:0 83220
82453 82229 1:0 83324
82466 82226 1:0 83342
82548 82228 1:0 83328
82549 82227 1:0 83329
82558 82196 1:0 83455
82558 82193 1:0 83473
82566 82194 1:0 83460
82584 82195 1:0 83459
82597 85 1:0 83477
82597 82178 1:0 83512
82679 82163 1:0 83586
82680 82160 1:0 83604
82689 82162 1:0 83590
82689 82161 1:0 83591
82695 82130 1:0 83717
82715 82127 1:0 83735
82810 82129 1:0 83721
82811 82128 1:0 83722
82811 82099 1:0 83742
82811 50201 1:0 83848
82820 82097 1:0 83848
82820 82094 1:0 83866
82826 82095 1:0 83853
82846 82096 1:0 83852
82859 82064 1:0 83979
82941 82062 1:0 83986
82942 82063 1:0 83987
82951 82061 1:0 83997
82951 50276 1:0 84033
82951 353 1:0 85327
82957 83967 1:0 85468
84177 84945 21:0 84251
84184 84946 0:0 84185
84184 84947 0:0 84185
84249 84948 0:0 84251
84253 84978 21:0 84327
84260 84980 0:0 84261
84260 84979 0:0 84261
84325 84981 0:0 84327
84329 85011 21:0 84403
84336 85013 0:0 84337
84336 85012 0:0 84337
84401 85014 0:0 84403
84405 85044 21:0 84479
84412 85046 0:0 84413
84412 85045 0:0 84413
84477 85047 0:0 84479
84481 85077 21:0 84555
84488 85078 0:0 84489
84488 85079 0:0 84489
84553 85080 0:0 84555
84554 85062 21:0 84560
84557 85110 0:0 84560
84562 85112 21:0 84636
84564 85111 0:0 84565
84629 85113 0:0 84631
84635 85143 21:0 84707
84640 85144 0:0 84641
84640 85145 0:0 84641
84705 85146 0:0 84707
84706 85009 21:0 84712
84709 85176 0:0 84712
84714 85178 21:0 84788
84716 85177 0:0 84717
84781 85179 0:0 84783
84787 85209 0:0 84788
84790 85210 21:0 84864
84792 85211 0:0 84793
84857 85212 0:0 84859
84863 85242 21:0 84935
84868 85244 0:0 84869
84868 85243 0:0 84869
84933 85245 0:0 84935
84934 85241 21:0 84940
84937 85275 0:0 84940
84939 85022 21:0 84945
84942 85276 0:0 84945
84942 85277 0:0 84945
84945 85278 21:0 85021
85015 85308 0:0 85016
85020 85310 0:0 85021
85020 85309 21:0 85092
85094 85342 21:0 85168
85167 85341 21:0 85239
85238 85311 21:0 85302
85301 85376 21:0 85331
85330 85344 21:0 85345
85339 83769 1:0 85508
85340 83933 1:0 85598
85344 84983 21:0 85351
85346 83868 1:0 85722
85349 83833 1:0 85742
85349 83867 1:0 85853
85350 85141 21:0 85354
85355 83866 1:0 85871
85359 83835 1:0 85992
85368 353 21:0 85431
85388 83767 1:0 86032
85430 85375 21:0 85473
85470 83802 1:0 86123
85471 83770 1:0 86163
85472 85374 21:0 85510
85474 83768 1:0 86253
85480 83737 1:0 86295
85480 83736 1:0 86385
85486 83735 1:0 86384
85491 83734 1:0 86395
85507 83704 1:0 86508
85509 49421 21:0 85545
85519 83701 1:0 86526
85544 85273 21:0 85593
85601 83702 1:0 86513
85602 83703 1:0 86512
85602 83688 1:0 86556
85611 83671 1:0 86639
85611 83668 1:0 86657
85617 83670 1:0 86643
85622 83638 1:0 86770
85650 83635 1:0 86788
85732 83637 1:0 86774
85733 83636 1:0 86775
85742 83605 1:0 86901
85742 83602 1:0 86919
85748 83604 1:0 86905
85753 83603 1:0 86906
85768 83585 1:0 86958
85863 83572 1:0 87032
85864 83571 1:0 87036
85864 83569 1:0 87050
85873 83570 1:0 87037
85873 83539 1:0 87081
85881 83538 1:0 87171
85900 83537 1:0 87170
85912 354 1:0 88642
85994 83506 1:0 87294
85995 83505 1:0 87302
86004 83504 1:0 87301
86004 83503 1:0 87312
86004 83486 1:0 87351
86505 49891 0:0 86510
87497 86389 0:0 87500
87497 86388 0:0 87500
87500 86390 21:0 87576
87575 86422 0:0 87576
87575 86420 21:0 87647
87640 86423 0:0 87642
87646 86453 21:0 87718
87651 86455 0:0 87652
87651 86454 0:0 87652
87716 86456 0:0 87718
87720 86486 21:0 87794
87727 86487 0:0 87728
87727 86488 0:0 87728
87792 86489 0:0 87794
87796 86519 21:0 87870
87803 86521 0:0 87804
87803 86520 0:0 87804
87872 86552 21:0 87946
87879 86554 0:0 87880
87879 86553 0:0 87880
87944 86555 0:0 87946
87948 86585 21:0 88022
87955 86587 0:0 87956
87955 86586 0:0 87956
88020 86588 0:0 88022
88024 86618 21:0 88098
88031 86619 0:0 88032
88031 86620 0:0 88032
88096 86621 0:0 88098
88097 86421 21:0 88158
88157 86571 21:0 88174
88176 86684 21:0 88250
88249 86630 21:0 88255
88254 86497 21:0 88260
88260 86720 21:0 88336
88336 86753 21:0 88412
88411 86752 21:0 88483
88482 86687 21:0 88554
88553 86686 21:0 88619
88618 86685 21:0 88646
88645 86653 21:0 88660
88654 49421 1:0 88692
88654 85374 1:0 88692
88655 85375 1:0 88786
88661 85344 1:0 88823
88664 85376 1:0 88914
88664 85341 1:0 88954
88672 85342 1:0 89044
88683 354 21:0 88744
88691 85311 1:0 89085
88743 86717 21:0 88788
88785 85309 1:0 89175
88786 85310 1:0 89176
88786 85308 1:0 89186
88787 86816 21:0 88825
88789 85278 1:0 89299
88795 85276 1:0 89306
88795 85277 1:0 89307
88803 85275 1:0 89317
88805 85273 1:0 89327
88806 85241 1:0 89430
88823 85245 1:0 89430
88824 86817 21:0 88918
88834 85242 1:0 89448
88916 85243 1:0 89435
88917 85244 1:0 89434
88919 85212 1:0 89479
88926 85210 1:0 89568
88926 85211 1:0 89569
88932 85209 1:0 89579
88952 85179 1:0 89610
88965 85178 1:0 89700
89047 85177 1:0 89699
89048 85176 1:0 89710
89048 49891 1:0 89801
89057 85146 1:0 89823
89057 85143 1:0 89841
89065 85145 1:0 89827
89084 85144 1:0 89828
89178 85141 1:0 89851
89178 85113 1:0 89872
89179 85112 1:0 89962
89188 85111 1:0 89961
89188 85110 1:0 89972
89194 85080 1:0 90085
89199 85077 1:0 90103
89227 85078 1:0 90090
89309 85079 1:0 90089
89309 85062 1:0 90142
89310 85047 1:0 90216
89319 85046 1:0 90220
89319 85044 1:0 90234
89327 85045 1:0 90221
89329 85022 1:0 90326
89346 85014 1:0 90347
89440 85011 1:0 90365
89441 85013 1:0 90351
89450 85012 1:0 90352
89450 85009 1:0 90375
89450 84983 1:0 90462
89450 84981 1:0 90478
89458 84978 1:0 90496
89476 84979 1:0 90483
89571 84980 1:0 90482
89572 84948 1:0 90609
89572 84945 1:0 90627
89581 84947 1:0 90613
89581 84946 1:0 90614
89587 355 1:0 91957
89591 86817 1:0 92221
90750 87807 21:0 90794
90802 87827 21:0 90805
90804 87812 21:0 90810
90807 87829 0:0 90810
90810 87828 21:0 90815
90812 87831 0:0 90815
90812 87830 0:0 90815
90815 87832 21:0 90891
90890 87863 0:0 90891
90890 87864 0:0 90891
90890 87862 21:0 90962
90955 87865 0:0 90957
90961 87895 21:0 91033
90966 87897 0:0 90967
90966 87896 0:0 90967
91031 87898 0:0 91033
91035 87928 21:0 91109
91042 87929 0:0 91043
91042 87930 0:0 91043
91107 87931 0:0 91109
91111 87961 21:0 91185
91118 87962 0:0 91119
91118 87963 0:0 91119
91183 87964 0:0 91185
91187 87994 21:0 91261
91194 87996 0:0 91195
91194 87995 0:0 91195
91259 87997 0:0 91261
91263 88027 21:0 91337
91270 88028 0:0 91271
91270 88029 0:0 91271
91335 88030 0:0 91337
91336 87861 21:0 91342
91339 88060 0:0 91342
91344 88061 21:0 91418
91346 88062 0:0 91347
91411 88063 0:0 91413
91417 88093 0:0 91418
91420 88095 21:0 91494
91422 88094 0:0 91423
91487 88096 0:0 91489
91493 88126 21:0 91565
91498 88128 0:0 91499
91498 88127 0:0 91499
91563 88129 0:0 91565
91564 88072 21:0 91570
91567 88159 0:0 91570
91572 88161 21:0 91646
91574 88160 0:0 91575
91639 88162 0:0 91641
91645 88192 21:0 91717
91650 88193 0:0 91651
91650 88194 0:0 91651
91715 88195 0:0 91717
91716 88078 21:0 91722
91724 88227 21:0 91798
91797 88225 21:0 91869
91868 88226 21:0 91929
91928 88228 21:0 91961
91960 88292 21:0 91975
91969 86816 1:0 92239
91970 86717 1:0 92352
91970 86752 1:0 92372
91974 88111 21:0 91981
91976 86753 1:0 92483
91979 86685 1:0 92503
91979 86720 1:0 92614
91980 88131 21:0 91984
91985 86686 1:0 92634
91998 355 21:0 92058
92005 86687 1:0 92745
92057 88259 21:0 92103
92059 86684 1:0 92763
92100 86653 1:0 92884
92100 86630 1:0 92959
92101 86621 1:0 93007
92102 88291 21:0 92140
92104 86618 1:0 93025
92110 86620 1:0 93011
92110 86619 1:0 93012
92118 86588 1:0 93138
92136 86585 1:0 93156
92139 88293 21:0 92231
92141 86587 1:0 93142
92231 86586 1:0 93143
92231 86571 1:0 93195
92232 86555 1:0 93269
92232 86552 1:0 93287
92241 86554 1:0 93273
92241 86553 1:0 93274
92247 86519 1:0 93418
92251 86520 1:0 93405
92280 86521 1:0 93404
92280 86497 1:0 93510
92362 86489 1:0 93531
92363 86486 1:0 93549
92372 86488 1:0 93535
92372 86487 1:0 93536
92378 86456 1:0 93662
92398 86453 1:0 93680
92411 86454 1:0 93667
92463 49606 21:0 92485
92493 86455 1:0 93666
92494 86421 1:0 93793
92503 86423 1:0 93793
92503 86420 1:0 93811
92509 86422 1:0 93797
92529 86390 1:0 93924
92542 86389 1:0 93932
92624 86388 1:0 93931
92625 88293 1:0 95192
92634 88291 1:0 95268
92634 356 1:0 95272
93036 49859 0:0 93057
93670 50137 21:0 93678
93943 50255 21:0 93949
94122 89271 0:0 94125
94125 89270 21:0 94130
94130 89274 21:0 94206
94205 89306 0:0 94206
94205 89304 21:0 94277
94276 89337 21:0 94348
94281 89339 0:0 94282
94281 89338 0:0 94282
94350 89370 21:0 94424
94357 89371 0:0 94358
94357 89372 0:0 94358
94426 89403 21:0 94500
94433 89404 0:0 94434
94433 89405 0:0 94434
94498 89406 0:0 94500
94502 89436 21:0 94576
94509 89438 0:0 94510
94509 89437 0:0 94510
94574 89439 0:0 94576
94578 89469 21:0 94652
94585 89470 0:0 94586
94585 89471 0:0 94586
94654 89502 21:0 94728
94661 89504 0:0 94662
94661 89503 0:0 94662
94727 89305 21:0 94788
94787 89289 21:0 94804
94803 89422 21:0 94809
94811 89570 21:0 94885
94826 177 0:0 94828
94878 89571 0:0 94880
94887 89603 21:0 94961
94954 89604 0:0 94956
94960 89461 21:0 94966
94966 89637 21:0 95042
95041 89568 21:0 95113
95112 89634 21:0 95184
95183 89538 21:0 95249
95248 89505 21:0 95276
95259 281 0:0 95260
95275 89636 21:0 95290
95284 88259 1:0 95322
95285 281 1:0 95324
95285 88292 1:0 95412
95291 88228 1:0 95453
95294 88226 1:0 95547
95294 88225 1:0 95584
95302 88227 1:0 95675
95304 49606 1:0 95776
95313 356 21:0 95375
95333 88195 1:0 95798
95374 89272 21:0 95418
95415 88192 1:0 95816
95416 88194 1:0 95802
95416 88193 1:0 95803
95417 89373 21:0 95455
95425 88162 1:0 95847
95425 88161 1:0 95937
95431 88160 1:0 95936
95435 88159 1:0 95947
95436 88131 1:0 96044
95453 88129 1:0 96060
95454 89701 21:0 95546
95464 88126 1:0 96078
95545 89569 21:0 95561
95546 177 1:0 96062
95547 88128 1:0 96064
95547 88127 1:0 96065
95547 88111 1:0 96108
95556 88096 1:0 96109
95556 88095 1:0 96199
95562 88094 1:0 96198
95562 88093 1:0 96209
95562 88078 1:0 96214
95582 88063 1:0 96240
95583 88072 1:0 96239
95677 88061 1:0 96329
95678 88062 1:0 96330
95687 88060 1:0 96340
95687 49859 1:0 96349
95687 88030 1:0 96453
95693 88027 1:0 96471
95713 88028 1:0 96458
95726 88029 1:0 96457
95808 87997 1:0 96584
95809 87994 1:0 96602
95818 87996 1:0 96588
95818 87995 1:0 96589
95826 87964 1:0 96715
95844 87961 1:0 96733
95939 87962 1:0 96720
95940 87963 1:0 96719
95940 87931 1:0 96846
95949 87929 1:0 96851
95949 87928 1:0 96864
95957 87930 1:0 96850
95960 50137 1:0 96977
95988 87898 1:0 96977
96070 87895 1:0 96995
96071 87896 1:0 96982
96080 87897 1:0 96981
96080 87861 1:0 97108
96080 87865 1:0 97108
96088 87862 1:0 97126
96107 87863 1:0 97113
96201 87864 1:0 97112
96202 87832 1:0 97239
96202 87830 1:0 97246
96211 87831 1:0 97247
96211 87828 1:0 97250
96211 50255 1:0 97256
96219 87829 1:0 97257
96221 87812 1:0 97262
96222 87827 1:0 97267
96237 87807 1:0 97349
96238 357 1:0 98587
96332 89701 1:0 98858
97437 90713 0:0 97440
97442 90714 0:0 97445
97442 90715 0:0 97445
97445 90716 21:0 97521
97520 90747 0:0 97521
97520 90748 0:0 97521
97520 90746 21:0 97592
97585 90749 0:0 97587
97591 90779 21:0 97663
97596 90781 0:0 97597
97596 90780 0:0 97597
97661 90782 0:0 97663
97665 90812 21:0 97739
97672 90814 0:0 97673
97672 90813 0:0 97673
97737 90815 0:0 97739
97741 90845 21:0 97815
97748 90847 0:0 97749
97748 90846 0:0 97749
97813 90848 0:0 97815
97817 90878 21:0 97891
97824 90879 0:0 97825
97824 90880 0:0 97825
97889 90881 0:0 97891
97893 90911 21:0 97967
97900 90913 0:0 97901
97900 90912 0:0 97901
97965 90914 0:0 97967
97966 90738 21:0 97972
97969 90944 0:0 97972
97974 90946 21:0 98048
97976 90945 0:0 97977
98041 90947 0:0 98043
98047 90977 0:0 98048
98047 90732 21:0 98053
98050 90978 0:0 98053
98050 90979 0:0 98053
98053 90980 21:0 98129
98128 91012 0:0 98129
98128 91011 0:0 98129
98128 91010 21:0 98200
98193 91013 0:0 98195
98199 91043 21:0 98271
98204 91044 0:0 98205
98204 91045 0:0 98205
98269 91046 0:0 98271
98273 91076 21:0 98347
98280 91078 0:0 98281
98280 91077 0:0 98281
98345 91079 0:0 98347
98349 91109 21:0 98423
98356 91111 0:0 98357
98356 91110 0:0 98357
98421 91112 0:0 98423
98425 91142 21:0 98499
98498 91145 21:0 98559
98558 91143 21:0 98585
98584 91144 21:0 98605
98599 89569 1:0 98982
98600 89636 1:0 99002
98604 91140 21:0 98611
98606 89637 1:0 99113
98609 89634 1:0 99131
98609 89604 1:0 99162
98612 89603 1:0 99252
98617 89568 1:0 99292
98628 357 21:0 98690
98636 89571 1:0 99293
98689 91175 21:0 98733
98730 89570 1:0 99383
98731 89538 1:0 99506
98731 89505 1:0 99637
98734 89502 1:0 99655
98740 89504 1:0 99641
98740 89503 1:0 99642
98748 89469 1:0 99786
98767 89470 1:0 99773
98831 49492 21:0 98853
98861 89471 1:0 99772
98861 89461 1:0 99801
98862 89439 1:0 99899
98871 89438 1:0 99903
98871 89436 1:0 99917
98877 89437 1:0 99904
98877 89422 1:0 99956
98879 89289 1:0 100030
98897 89406 1:0 100030
98992 89403 1:0 100048
98993 89405 1:0 100034
98993 89404 1:0 100035
99002 89373 1:0 100161
99002 89370 1:0 100179
99010 89372 1:0 100165
99029 89371 1:0 100166
99123 89272 1:0 100292
99124 89337 1:0 100310
99133 89339 1:0 100296
99133 89338 1:0 100297
99139 89305 1:0 100423
99143 89304 1:0 100441
99160 89306 1:0 100427
99172 358 1:0 101902
99254 89274 1:0 100554
99254 89270 1:0 100565
99255 89271 1:0 100572
99264 91175 1:0 101924
99394 49742 21:0 99400
99656 49856 21:0 99662
100217 50105 21:0 100265
100442 50198 21:0 100448
100757 92156 0:0 100760
100760 92158 21:0 100836
100830 92188 0:0 100831
100835 92190 0:0 100836
100836 92191 21:0 100912
100906 92221 0:0 100907
100911 92223 0:0 100912
100911 92222 0:0 100912
100911 49 21:0 100967
100912 92224 0:0 100930
100966 92187 21:0 100978
100980 92254 21:0 101054
100987 92255 0:0 100988
100987 92256 0:0 100988
101053 83 21:0 101054
101056 92287 21:0 101130
101063 92289 0:0 101064
101063 92288 0:0 101064
101128 92290 0:0 101130
101129 92305 21:0 101135
101137 92321 21:0 101211
101204 92323 0:0 101206
101210 92353 21:0 101282
101213 92355 0:0 101216
101284 92386 21:0 101358
101291 92387 0:0 101292
101356 92389 0:0 101358
101357 139 21:0 101363
101362 92167 21:0 101368
101365 92421 0:0 101368
101368 92422 21:0 101444
101443 92454 21:0 101515
101517 92486 21:0 101591
101584 92488 0:0 101586
101590 92388 21:0 101662
101661 92419 21:0 101722
101721 92356 21:0 101762
101761 92520 21:0 101824
101823 92354 21:0 101895
101894 92617 21:0 101912
101911 92586 21:0 101929
101913 328 1:0 2597
101914 91144 1:0 102035
101915 49492 1:0 102055
101915 91143 1:0 102055
101924 91145 1:0 102166
101924 91142 1:0 102184
101924 91140 1:0 102194
101930 91112 1:0 102297
101932 91109 1:0 102315
101943 358 21:0 102005
101963 91111 1:0 102301
102004 92189 21:0 102048
102045 91110 1:0 102302
102046 91079 1:0 102428
102046 91076 1:0 102446
102047 92320 21:0 102085
102049 91078 1:0 102432
102055 91077 1:0 102433
102055 91046 1:0 102559
102063 91043 1:0 102577
102082 91044 1:0 102564
102086 91045 1:0 102563
102094 49742 1:0 102690
102176 91013 1:0 102690
102177 91010 1:0 102708
102186 91012 1:0 102694
102186 91011 1:0 102695
102192 90980 1:0 102821
102212 90979 1:0 102829
102225 90978 1:0 102828
102307 90977 1:0 102839
102308 49856 1:0 102869
102317 90947 1:0 102870
102317 90946 1:0 102960
102323 90945 1:0 102959
102328 90944 1:0 102970
102343 139 1:0 102974
102438 90914 1:0 103083
102439 90913 1:0 103087
102439 90911 1:0 103101
102448 90912 1:0 103088
102448 90732 1:0 103166
102448 90738 1:0 103214
102454 90881 1:0 103214
102459 90878 1:0 103232
102487 90879 1:0 103219
102569 90880 1:0 103218
102570 50198 1:0 103241
102570 49 1:0 103345
102579 90848 1:0 103345
102579 90845 1:0 103363
102585 90846 1:0 103350
102605 90847 1:0 103349
102605 83 1:0 103365
102700 92320 1:0 103476
102701 90815 1:0 103476
102701 90812 1:0 103494
102710 90814 1:0 103480
102710 90813 1:0 103481
102716 50105 1:0 103496
102720 92586 1:0 103607
102737 90782 1:0 103607
102831 90779 1:0 103625
102832 90781 1:0 103611
102841 90780 1:0 103612
102841 92617 1:0 103738
102847 90749 1:0 103738
102851 90746 1:0 103756
102880 90747 1:0 103743
102962 90748 1:0 103742
102963 90716 1:0 103869
102972 90714 1:0 103876
102972 90715 1:0 103877
102978 92354 1:0 103952
102983 90713 1:0 103887
102998 359 1:0 104000
103011 92520 1:0 104104
103052 46106 1:0 104325
103093 45954 1:0 104133
103093 45957 1:0 104144
103093 45962 1:0 104173
103093 46108 1:0 104385
103094 45955 1:0 104134
103094 45963 1:0 104174
103094 45964 1:0 104183
103103 45956 1:0 104143
103103 45958 1:0 104153
103103 45959 1:0 104154
103103 45960 1:0 104163
103103 45961 1:0 104164
103103 45965 1:0 104184
103103 45966 1:0 104193
103103 45967 1:0 104194
103109 92356 1:0 104325
103113 46110 1:0 104360
103129 46114 1:0 104360
103142 46112 1:0 104360
103183 46113 1:0 104360
103224 46111 1:0 104360
103224 46109 1:0 104360
103225 46101 1:0 104354
103225 46102 1:0 104355
103225 46107 1:0 104360
103225 46104 1:0 104360
103225 46105 1:0 104360
103225 46103 1:0 104360
103225 46253 1:0 104546
103225 46257 1:0 104581
103225 46254 1:0 104605
103234 92419 1:0 104546
103234 46260 1:0 104581
103234 46258 1:0 104581
103240 46259 1:0 104581
103242 46261 1:0 104581
103245 46256 1:0 104581
103260 46248 1:0 104575
103260 46251 1:0 104581
103260 46400 1:0 104767
103261 46249 1:0 104576
103261 46255 1:0 104581
103261 46252 1:0 104581
103261 46250 1:0 104581
103273 46398 1:0 104807
103273 46402 1:0 104827
103273 46545 1:0 104988
103273 46693 1:0 105209
103355 92388 1:0 104767
103356 46395 1:0 104796
103356 46396 1:0 104797
103356 46403 1:0 104836
103356 46404 1:0 104837
103365 46397 1:0 104806
103365 46399 1:0 104816
103365 46401 1:0 104826
103365 46405 1:0 104846
103365 46406 1:0 104847
103365 46407 1:0 104856
103365 46408 1:0 104857
103373 92486 1:0 104988
103375 46548 1:0 105047
103376 46695 1:0 105268
103391 46547 1:0 105038
103391 46550 1:0 105057
103392 46692 1:0 105249
103404 46542 1:0 105017
103404 46543 1:0 105018
103404 46551 1:0 105058
103445 46841 1:0 105430
103486 92488 1:0 105106
103487 46544 1:0 105027
103487 46546 1:0 105037
103487 46549 1:0 105048
103487 46552 1:0 105067
103487 46553 1:0 105068
103496 46554 1:0 105077
103496 46555 1:0 105078
103496 92454 1:0 105209
103502 46697 1:0 105278
103504 46698 1:0 105279
103506 46689 1:0 105238
103507 46690 1:0 105239
103522 46699 1:0 105288
103535 46691 1:0 105248
103535 46694 1:0 105259
103535 46696 1:0 105269
103535 46700 1:0 105289
103576 46843 1:0 105490
103617 46701 1:0 105298
103617 46702 1:0 105299
103618 92422 1:0 105430
103618 46986 1:0 105597
103618 46988 1:0 105597
103618 46987 1:0 105597
103618 46985 1:0 105597
103618 47134 1:0 105818
103627 46836 1:0 105459
103627 46837 1:0 105460
103627 46840 1:0 105479
103627 46844 1:0 105499
103627 46845 1:0 105500
103627 46846 1:0 105509
103633 46838 1:0 105469
103633 46839 1:0 105470
103633 46842 1:0 105489
103633 46847 1:0 105510
103635 46848 1:0 105519
103638 46849 1:0 105520
103666 92421 1:0 105557
103748 92386 1:0 105597
103749 92389 1:0 105598
103758 46990 1:0 105655
103758 46993 1:0 105656
103758 46995 1:0 105656
103758 46989 1:0 105656
103758 46996 1:0 105656
103758 46991 1:0 105720
103764 46994 1:0 105656
103766 46992 1:0 105656
103768 46984 1:0 105655
103768 46983 1:0 105656
103769 47135 1:0 105818
103769 47281 1:0 106083
103797 92387 1:0 105777
103879 92353 1:0 105818
103880 47143 1:0 105877
103880 47142 1:0 105877
103880 47133 1:0 105877
103880 47138 1:0 105941
103889 47131 1:0 105876
103889 47137 1:0 105876
103889 47136 1:0 105876
103889 47130 1:0 105877
103889 47141 1:0 105877
103889 47139 1:0 105877
103889 47132 1:0 105877
103895 47140 1:0 105877
103899 92355 1:0 105999
103916 92321 1:0 106093
103928 47280 1:0 106093
103928 47277 1:0 106122
103969 47285 1:0 106162
104012 47278 1:0 106123
104012 47282 1:0 106143
104012 47286 1:0 106163
104012 47287 1:0 106172
104013 92323 1:0 106211
104013 47426 1:0 106314
104022 47279 1:0 106132
104022 47283 1:0 106152
104022 47284 1:0 106153
104022 47288 1:0 106173
104022 47289 1:0 106182
104022 47290 1:0 106183
104022 92305 1:0 106226
104030 92287 1:0 106314
104032 47425 1:0 106344
104041 359 21:0 104103
104049 47428 1:0 106363
104049 47432 1:0 106383
104061 47424 1:0 106343
104061 47433 1:0 106384
104110 92290 1:0 106432
104130 47434 1:0 106393
104131 47435 1:0 106394
104132 47430 1:0 106373
104132 47431 1:0 106374
104143 45954 21:0 104225
104181 47427 1:0 106354
104181 47429 1:0 106364
104181 47577 1:0 106594
104191 47436 1:0 106403
104201 47437 1:0 106404
104223 45966 0:0 104225
104223 45962 0:0 104225
104223 45960 0:0 104225
104224 45967 0:0 104225
104224 45959 0:0 104225
104224 45958 0:0 104225
104224 45961 0:0 104225
104224 45965 0:0 104225
104224 45963 0:0 104225
104224 45964 0:0 104225
104224 45955 0:0 104225
104224 45956 0:0 104228
104226 92288 1:0 106440
104226 92289 1:0 106441
104226 47579 1:0 106604
104227 45957 21:0 104228
104233 92254 1:0 106535
104234 47571 1:0 106564
104234 47572 1:0 106565
104234 47580 1:0 106605
104234 47721 1:0 106702
104234 47720 1:0 106702
104243 47573 1:0 106574
104243 47574 1:0 106575
104243 47575 1:0 106584
104243 47576 1:0 106585
104243 47578 1:0 106595
104243 47581 1:0 106614
104243 47582 1:0 106615
104243 47583 1:0 106624
104243 47584 1:0 106625
104251 92256 1:0 106662
104270 92255 1:0 106661
104323 92189 1:0 106702
104352 92224 1:0 106703
104353 47731 1:0 106846
104361 46102 0:0 104386
104362 47718 1:0 106761
104362 47722 1:0 106761
104364 46101 0:0 104390
104364 47725 1:0 106760
104372 47867 1:0 106967
104391 46108 21:0 104446
104402 47726 1:0 106761
104412 47729 1:0 106761
104422 47723 1:0 106761
104422 47724 1:0 106761
104422 47870 1:0 106977
104422 47868 1:0 107017
104422 47872 1:0 107037
104422 48015 1:0 107179
104444 46109 0:0 104446
104444 46113 0:0 104446
104444 46107 0:0 104446
104444 46110 0:0 104446
104445 46104 0:0 104446
104445 46114 0:0 104446
104445 46106 21:0 104446
104445 46103 21:0 104446
104445 46112 0:0 104446
104445 46105 0:0 104446
104445 46111 0:0 104446
104447 47719 1:0 106760
104447 47730 1:0 106761
104447 47728 1:0 106761
104447 47727 1:0 106761
104454 92223 1:0 106883
104455 92222 1:0 106882
104455 47873 1:0 107046
104464 92221 1:0 106891
104464 92191 1:0 106977
104470 47865 1:0 107006
104470 47866 1:0 107007
104470 47874 1:0 107047
104474 47875 1:0 107056
104475 48016 1:0 107188
104490 47876 1:0 107057
104491 47869 1:0 107026
104491 47871 1:0 107036
104503 47877 1:0 107066
104544 47878 1:0 107067
104552 92187 1:0 107107
104573 92190 1:0 107104
104574 92167 1:0 107110
104582 46249 0:0 104607
104583 48017 1:0 107198
104585 46248 0:0 104611
104585 48012 1:0 107227
104585 48014 1:0 107237
104615 46254 21:0 104667
104633 92158 1:0 107198
104643 48020 1:0 107267
104665 46260 0:0 104667
104665 46256 0:0 104667
104665 46258 0:0 104667
104666 46253 21:0 104667
104666 46255 0:0 104667
104666 46257 0:0 104667
104666 46259 0:0 104667
104666 46261 0:0 104667
104666 46250 0:0 104667
104666 46252 0:0 104667
104666 46251 21:0 104667
104668 92188 1:0 107112
104668 48013 1:0 107228
104668 48021 1:0 107268
104675 48018 1:0 107257
104675 48019 1:0 107258
104675 48022 1:0 107277
104675 48023 1:0 107278
104676 48024 1:0 107287
104676 48025 1:0 107288
104685 92156 1:0 107324
104685 48163 1:0 107419
104685 48170 1:0 107454
104685 48168 1:0 107454
104685 48166 1:0 107479
104691 48169 1:0 107454
104693 48167 1:0 107454
104693 48162 1:0 107454
104695 48159 1:0 107448
104695 48160 1:0 107449
104696 48165 1:0 107454
104696 48164 1:0 107454
104696 48161 1:0 107454
104712 48171 1:0 107508
104724 48172 1:0 107509
104724 48259 1:0 107548
104724 48260 1:0 107549
104833 46402 21:0 104888
104886 46407 0:0 104888
104886 46396 0:0 104888
104886 46395 0:0 104888
104886 46401 0:0 104888
104887 46406 0:0 104888
104887 46408 0:0 104888
104887 46399 0:0 104888
104887 46405 0:0 104888
104887 46403 0:0 104888
104887 46404 0:0 104888
104887 46397 0:0 104888
104888 46398 21:0 104891
104890 46400 21:0 104891
105057 46548 21:0 105109
105107 46552 0:0 105109
105108 46555 0:0 105109
105108 46553 0:0 105109
105108 46554 0:0 105109
105108 46551 0:0 105109
105108 46550 0:0 105109
105108 46549 0:0 105109
105108 46543 0:0 105109
105108 46542 0:0 105109
105111 46545 21:0 105112
105111 46547 21:0 105112
105111 46546 0:0 105112
105111 46544 0:0 105112
105278 46695 21:0 105330
105329 46698 0:0 105330
105329 46689 0:0 105330
105329 46690 0:0 105330
105329 46691 0:0 105330
105329 46700 0:0 105330
105329 46694 0:0 105330
105329 46699 0:0 105330
105329 46701 0:0 105330
105329 46697 0:0 105330
105329 46696 0:0 105330
105329 46702 0:0 105330
105330 46692 21:0 105333
105332 46693 21:0 105333
105496 46843 21:0 105551
105549 46842 0:0 105551
105549 46844 0:0 105551
105549 46837 0:0 105551
105549 46836 0:0 105551
105550 46847 0:0 105551
105550 46845 0:0 105551
105550 46848 0:0 105551
105550 46849 0:0 105551
105550 46846 0:0 105551
105550 46838 0:0 105551
105550 46839 0:0 105551
105551 46840 21:0 105554
105553 46841 21:0 105554
105687 46984 0:0 105712
105690 46983 0:0 105716
105717 46990 0:0 105726
105720 46989 0:0 105728
105730 46991 21:0 105775
105770 46993 0:0 105772
105770 46992 0:0 105772
105770 46995 0:0 105772
105771 46994 0:0 105772
105771 46996 0:0 105772
105774 46985 21:0 105775
105774 46987 21:0 105775
105774 46986 21:0 105775
105774 46988 21:0 105783
105908 47131 0:0 105933
105911 47130 0:0 105937
105938 47137 0:0 105947
105941 47136 0:0 105949
105951 47138 21:0 105996
105992 47133 0:0 105993
105992 47132 0:0 105993
105992 47143 0:0 105993
105992 47141 0:0 105993
105992 47142 0:0 105993
105992 47140 0:0 105993
105992 47139 0:0 105993
105995 47134 21:0 105996
105995 47135 21:0 105996
106132 47277 21:0 106214
106212 47289 0:0 106214
106212 47283 0:0 106214
106213 47285 0:0 106214
106213 47288 0:0 106214
106213 47290 0:0 106214
106213 47278 0:0 106214
106213 47286 0:0 106214
106213 47279 0:0 106214
106213 47284 0:0 106214
106213 47287 0:0 106214
106216 47281 21:0 106217
106216 47280 21:0 106217
106216 47282 21:0 106217
106350 47425 21:0 106435
106433 47430 0:0 106435
106433 47434 0:0 106435
106433 47435 0:0 106435
106433 47424 0:0 106435
106434 47432 0:0 106435
106434 47436 0:0 106435
106434 47431 0:0 106435
106434 47437 0:0 106435
106434 47427 0:0 106435
106434 47433 0:0 106435
106445 47426 21:0 106446
106445 47428 21:0 106446
106445 47429 0:0 106446
106604 47577 21:0 106656
106654 47571 0:0 106656
106654 47581 0:0 106656
106655 47583 0:0 106656
106655 47580 0:0 106656
106655 47582 0:0 106656
106655 47584 0:0 106656
106655 47576 0:0 106656
106655 47572 0:0 106656
106655 47579 0:0 106656
106655 47575 0:0 106656
106655 47578 0:0 106656
106655 47573 0:0 106659
106658 47574 0:0 106659
106792 47719 0:0 106817
106795 47718 0:0 106821
106822 47725 0:0 106831
106825 47724 0:0 106833
106852 47731 21:0 106880
106875 47726 0:0 106877
106875 47727 0:0 106877
106875 47729 0:0 106877
106876 47723 0:0 106877
106876 47728 0:0 106877
106876 47730 0:0 106877
106876 47722 0:0 106877
106879 47720 21:0 106880
106879 47721 21:0 106880
107043 47872 21:0 107098
107096 47871 0:0 107098
107096 47866 0:0 107098
107096 47873 0:0 107098
107096 47865 0:0 107098
107097 47878 0:0 107098
107097 47877 0:0 107098
107097 47875 0:0 107098
107097 47874 0:0 107098
107097 47869 0:0 107098
107097 47876 0:0 107098
107098 47868 21:0 107101
107100 47867 21:0 107101
107100 47870 21:0 107101
107237 48012 21:0 107319
107317 48018 0:0 107319
107318 48020 0:0 107319
107318 48025 0:0 107319
107318 48023 0:0 107319
107318 48024 0:0 107319
107318 48021 0:0 107319
107318 48013 0:0 107319
107318 48022 0:0 107319
107318 48019 0:0 107319
107318 48014 21:0 107322
107321 48015 21:0 107322
107321 48016 21:0 107322
107321 48017 21:0 107322
107455 48160 0:0 107480
107485 48166 21:0 111
