0 25155 21:0 91
90 25156 21:0 130
129 25063 21:0 196
195 25067 21:0 212
211 25068 21:0 212
211 25064 21:0 217
216 25065 21:0 222
221 25056 21:0 222
221 25066 21:0 222
221 25062 21:0 236
235 25265 21:0 288
290 25295 21:0 298
298 25298 21:0 364
363 25262 21:0 369
371 25329 21:0 388
387 25330 21:0 440
439 25331 21:0 445
447 25362 21:0 464
463 25364 21:0 516
515 25328 21:0 521
523 25395 21:0 540
539 25396 21:0 592
591 25397 21:0 597
599 25428 21:0 616
615 25363 21:0 668
667 25427 21:0 673
675 25461 21:0 692
691 25462 21:0 744
743 25463 21:0 749
751 25494 21:0 768
827 25528 21:0 844
843 25526 21:0 896
903 25560 21:0 920
979 25594 21:0 996
995 25592 21:0 1048
1047 25593 21:0 1053
1055 25627 21:0 1072
1071 25625 21:0 1124
1123 25626 21:0 1129
1131 25660 21:0 1148
1147 25658 21:0 1200
1207 25693 21:0 1224
1431 25791 21:0 1439
1438 25793 21:0 1486
1485 25792 21:0 1505
1504 25794 21:0 1515
1514 25824 21:0 1533
1532 25826 21:0 1581
1583 25857 21:0 1591
1590 25825 21:0 1641
1640 25827 21:0 1657
1656 25860 21:0 1667
1667 25893 21:0 1733
1732 25891 21:0 1738
1740 25924 21:0 1757
1756 25926 21:0 1809
1811 25956 21:0 1819
1818 25958 21:0 1869
1868 25957 21:0 1885
1884 25959 21:0 1895
1894 25989 21:0 1913
1912 25990 21:0 1961
1960 25991 21:0 1966
1965 25992 21:0 1985
1984 26022 21:0 2037
2036 26023 21:0 2042
2041 26024 21:0 2047
2046 26025 21:0 2113
2112 26055 21:0 2118
2117 26056 21:0 2123
2122 26057 21:0 2187
2186 26058 21:0 2194
2193 26088 21:0 2199
2198 26090 21:0 2254
2253 26089 21:0 2270
2269 25858 21:0 2275
2274 25890 21:0 2325
2324 25892 21:0 2341
2340 25923 21:0 2351
2350 25859 21:0 2373
2372 25925 21:0 2417
2416 26123 21:0 2422
2421 26122 21:0 2441
2440 26124 21:0 2493
2492 26121 21:0 2498
2497 26091 21:0 2517
2516 26154 21:0 2569
2568 26155 21:0 2574
2573 26156 21:0 2579
2578 26190 21:0 2588
2587 26188 21:0 2595
2592 25693 1:0 2834
2593 25660 1:0 2956
2594 26220 21:0 2598
2596 25658 1:0 2965
2597 26221 21:0 2606
2599 25626 1:0 3071
2601 25627 1:0 3078
2607 25625 1:0 3087
2607 25593 1:0 3193
2618 312 21:0 2632
2626 25594 1:0 3200
2631 26189 21:0 2707
2677 25592 1:0 3209
2703 25560 1:0 3321
2706 26157 21:0 2710
2709 26223 21:0 2717
2714 25528 1:0 3444
2715 25526 1:0 3453
2716 26253 21:0 2720
2718 25494 1:0 3565
2719 26187 21:0 2728
2721 25463 1:0 3606
2723 25462 1:0 3681
2727 26256 21:0 2754
2729 25461 1:0 3687
2729 25428 1:0 3809
2747 25427 1:0 3819
2753 26254 21:0 2829
2755 25397 1:0 3850
2799 25396 1:0 3925
2825 25395 1:0 3931
2828 26286 21:0 2832
2831 26255 21:0 2839
2836 25363 1:0 3972
2837 25364 1:0 4047
2838 26222 21:0 2847
2840 25362 1:0 4053
2845 25331 1:0 4094
2848 25330 1:0 4169
2851 25329 1:0 4175
2869 25328 1:0 4185
2958 25298 1:0 4291
2959 25295 1:0 4307
2959 313 1:0 5751
2967 25265 1:0 4413
2973 25262 1:0 4429
3080 26286 1:0 5771
4601 27233 21:0 4609
4608 27234 21:0 4659
4658 27236 21:0 4675
4674 27235 21:0 4685
4684 27266 21:0 4703
4702 27267 21:0 4751
4750 27268 21:0 4756
4755 27269 21:0 4775
4774 27299 21:0 4827
4826 27300 21:0 4832
4831 27301 21:0 4837
4836 27302 21:0 4903
4902 27332 21:0 4908
4907 27335 21:0 4913
4912 27365 21:0 4974
4973 27366 21:0 4984
4983 27367 21:0 4989
4988 27368 21:0 5044
5043 27398 21:0 5060
5059 27399 21:0 5065
5064 27400 21:0 5115
5114 27401 21:0 5131
5130 27431 21:0 5141
5140 27434 21:0 5163
5162 27464 21:0 5207
5206 27465 21:0 5212
5211 27466 21:0 5231
5230 27467 21:0 5283
5282 27433 21:0 5288
5287 27333 21:0 5303
5302 27432 21:0 5359
5358 27334 21:0 5364
5363 27500 21:0 5369
5368 27498 21:0 5435
5434 27497 21:0 5440
5439 27530 21:0 5445
5444 27499 21:0 5500
5499 27566 21:0 5516
5515 27596 21:0 5521
5520 27565 21:0 5571
5570 27563 21:0 5587
5586 27599 21:0 5597
5596 27533 21:0 5621
5620 27598 21:0 5663
5662 27564 21:0 5670
5669 27531 21:0 5687
5686 27629 21:0 5739
5738 27632 21:0 5744
5743 27597 21:0 5755
5754 27663 21:0 5758
5757 27532 21:0 5766
5763 26255 1:0 5804
5764 26256 1:0 5884
5764 26254 1:0 5891
5765 27662 21:0 5769
5767 26253 1:0 5902
5768 27631 21:0 5778
5770 26222 1:0 5935
5773 26223 1:0 6015
5773 26221 1:0 6022
5779 26220 1:0 6033
5781 26189 1:0 6066
5792 313 21:0 5806
5805 27664 21:0 5886
5807 26190 1:0 6146
5853 26188 1:0 6153
5882 26187 1:0 6164
5885 27695 21:0 5889
5888 27697 21:0 5897
5894 26157 1:0 6197
5895 26156 1:0 6277
5895 26155 1:0 6284
5896 27665 21:0 5900
5899 27630 21:0 5909
5901 26154 1:0 6295
5904 26124 1:0 6328
5904 26122 1:0 6408
5908 27698 21:0 5937
5910 26123 1:0 6416
5910 26121 1:0 6426
5914 26091 1:0 6459
5931 26089 1:0 6539
5936 27696 21:0 6017
5943 26090 1:0 6547
5992 26088 1:0 6557
6025 26058 1:0 6590
6026 26057 1:0 6670
6035 26056 1:0 6677
6035 26055 1:0 6688
6041 26025 1:0 6721
6046 26024 1:0 6801
6074 26023 1:0 6808
6156 26022 1:0 6819
6157 25992 1:0 6852
6166 25991 1:0 6932
6166 25990 1:0 6939
6172 25989 1:0 6950
6177 25959 1:0 6983
6205 25957 1:0 7063
6287 25958 1:0 7071
6288 25956 1:0 7081
6297 25925 1:0 7114
6297 25926 1:0 7194
6303 25924 1:0 7201
6323 25923 1:0 7212
6336 25892 1:0 7245
6418 25893 1:0 7325
6419 25891 1:0 7332
6428 25890 1:0 7343
6428 25859 1:0 7376
6434 25860 1:0 7456
6454 25858 1:0 7463
6549 25857 1:0 7474
6550 25827 1:0 7507
6550 25825 1:0 7587
6559 25826 1:0 7595
6559 25824 1:0 7605
6567 25794 1:0 7638
6586 25792 1:0 7718
6598 314 1:0 9066
6680 25793 1:0 7726
6681 25791 1:0 7736
7916 28675 21:0 7924
7923 28676 21:0 7974
7973 28677 21:0 7990
7989 28678 21:0 8000
7999 28708 21:0 8018
8017 28710 21:0 8066
8065 28709 21:0 8071
8070 28711 21:0 8090
8089 28741 21:0 8142
8141 28743 21:0 8147
8146 28742 21:0 8152
8151 28744 21:0 8218
8217 28774 21:0 8223
8222 28777 21:0 8228
8227 28807 21:0 8286
8285 28809 21:0 8299
8298 28808 21:0 8304
8303 28810 21:0 8359
8358 28840 21:0 8375
8374 28841 21:0 8380
8379 28842 21:0 8430
8429 28843 21:0 8446
8445 28873 21:0 8456
8455 28876 21:0 8478
8477 28906 21:0 8522
8521 28908 21:0 8527
8526 28907 21:0 8546
8545 28776 21:0 8598
8597 28875 21:0 8603
8602 28874 21:0 8614
8613 28775 21:0 8674
8673 28941 21:0 8679
8678 28940 21:0 8684
8683 28909 21:0 8750
8749 28942 21:0 8755
8754 28972 21:0 8760
8759 28939 21:0 8815
8814 28974 21:0 8831
8830 28975 21:0 8836
8835 29006 21:0 8886
8885 29008 21:0 8902
8901 29005 21:0 8912
8911 28973 21:0 8934
8933 29040 21:0 8978
8977 29071 21:0 8983
8982 29007 21:0 9002
9001 29041 21:0 9054
9053 29106 21:0 9059
9058 29105 21:0 9070
9069 29107 21:0 9073
9072 29038 21:0 9081
9078 27696 1:0 9119
9079 27698 1:0 9199
9079 27697 1:0 9207
9080 29138 21:0 9084
9082 27695 1:0 9217
9083 29140 21:0 9093
9085 27665 1:0 9250
9088 27664 1:0 9330
9088 27663 1:0 9337
9094 27662 1:0 9348
9096 27630 1:0 9381
9107 314 21:0 9121
9120 29072 21:0 9201
9122 27632 1:0 9461
9168 27631 1:0 9469
9197 27629 1:0 9479
9200 29074 21:0 9204
9203 29104 21:0 9212
9209 27597 1:0 9512
9210 27599 1:0 9592
9210 27598 1:0 9600
9211 29137 21:0 9215
9214 29139 21:0 9224
9216 27596 1:0 9610
9219 27564 1:0 9643
9219 27566 1:0 9723
9223 29073 21:0 9252
9225 27565 1:0 9731
9225 27563 1:0 9741
9229 27532 1:0 9774
9246 27533 1:0 9854
9251 29170 21:0 9332
9258 27531 1:0 9861
9307 27530 1:0 9872
9328 27499 1:0 9905
9331 29039 21:0 9335
9340 27500 1:0 9985
9341 27498 1:0 9992
9350 27497 1:0 10003
9350 27467 1:0 10036
9356 27466 1:0 10116
9361 27465 1:0 10123
9389 27464 1:0 10134
9471 27432 1:0 10167
9472 27434 1:0 10247
9481 27433 1:0 10255
9481 27431 1:0 10265
9487 27401 1:0 10298
9492 27400 1:0 10378
9520 27399 1:0 10385
9602 27398 1:0 10396
9603 27368 1:0 10429
9612 27367 1:0 10509
9612 27366 1:0 10516
9618 27365 1:0 10527
9638 27334 1:0 10560
9651 27335 1:0 10640
9733 27333 1:0 10647
9734 27332 1:0 10658
9743 27302 1:0 10691
9743 27301 1:0 10771
9749 27300 1:0 10778
9769 27299 1:0 10789
9864 27269 1:0 10822
9865 27268 1:0 10902
9865 27267 1:0 10909
9874 27266 1:0 10920
9874 27235 1:0 10953
9882 27236 1:0 11033
9901 27234 1:0 11040
9913 315 1:0 12381
9995 27233 1:0 11051
9996 29170 1:0 12401
11231 30117 21:0 11239
11238 30119 21:0 11289
11288 30118 21:0 11305
11304 30120 21:0 11315
11314 30150 21:0 11333
11332 30152 21:0 11381
11380 30151 21:0 11386
11385 30153 21:0 11405
11404 30183 21:0 11457
11456 30184 21:0 11462
11461 30185 21:0 11467
11466 30186 21:0 11533
11532 30216 21:0 11538
11537 30219 21:0 11543
11542 30249 21:0 11606
11605 30251 21:0 11614
11613 30250 21:0 11619
11618 30252 21:0 11674
11673 30282 21:0 11690
11689 30284 21:0 11695
11694 30283 21:0 11745
11744 30285 21:0 11761
11760 30315 21:0 11771
11770 30318 21:0 11793
11792 30348 21:0 11837
11836 30349 21:0 11842
11841 30350 21:0 11861
11860 30217 21:0 11913
11912 30351 21:0 11918
11917 30218 21:0 11934
11933 30317 21:0 11989
11988 30381 21:0 11994
11993 30383 21:0 11999
11998 30382 21:0 12065
12064 30316 21:0 12070
12069 30414 21:0 12075
12074 30416 21:0 12130
12129 30415 21:0 12146
12145 30417 21:0 12151
12150 30448 21:0 12201
12200 30449 21:0 12217
12216 30450 21:0 12227
12226 30480 21:0 12264
12263 30483 21:0 12293
12292 30384 21:0 12303
12302 30447 21:0 12317
12316 30482 21:0 12369
12368 30516 21:0 12374
12373 30515 21:0 12385
12384 30481 21:0 12388
12387 30579 21:0 12396
12393 29139 1:0 12434
12394 29140 1:0 12514
12394 29138 1:0 12521
12395 30513 21:0 12399
12397 29137 1:0 12532
12398 30546 21:0 12408
12400 29107 1:0 12565
12403 29105 1:0 12645
12403 29106 1:0 12653
12409 29104 1:0 12663
12411 29073 1:0 12696
12422 315 21:0 12436
12435 30548 21:0 12516
12437 29074 1:0 12776
12483 29072 1:0 12783
12512 29071 1:0 12794
12515 30514 21:0 12519
12518 30582 21:0 12527
12524 29039 1:0 12827
12525 29041 1:0 12907
12525 29040 1:0 12915
12526 30580 21:0 12530
12529 30549 21:0 12539
12531 29038 1:0 12925
12534 29007 1:0 12958
12534 29008 1:0 13038
12538 30547 21:0 12567
12540 29006 1:0 13045
12540 29005 1:0 13056
12544 28973 1:0 13089
12561 28975 1:0 13169
12566 30612 21:0 12647
12573 28974 1:0 13177
12622 28972 1:0 13187
12643 28942 1:0 13220
12646 30581 21:0 12650
12655 28940 1:0 13300
12656 28941 1:0 13308
12665 28939 1:0 13318
12665 28909 1:0 13351
12671 28907 1:0 13431
12676 28908 1:0 13439
12704 28906 1:0 13449
12786 28874 1:0 13482
12787 28876 1:0 13562
12796 28875 1:0 13570
12796 28873 1:0 13580
12802 28843 1:0 13613
12807 28842 1:0 13693
12835 28841 1:0 13700
12917 28840 1:0 13711
12918 28810 1:0 13744
12927 28808 1:0 13824
12927 28809 1:0 13832
12933 28807 1:0 13842
12953 28775 1:0 13875
12966 28777 1:0 13955
13048 28776 1:0 13963
13049 28774 1:0 13973
13058 28744 1:0 14006
13058 28742 1:0 14086
13064 28743 1:0 14094
13084 28741 1:0 14104
13179 28711 1:0 14137
13180 28709 1:0 14217
13180 28710 1:0 14225
13189 28708 1:0 14235
13189 28678 1:0 14268
13197 28677 1:0 14348
13216 28676 1:0 14355
13228 316 1:0 15696
13310 28675 1:0 14366
13311 30612 1:0 15716
14546 31559 21:0 14554
14553 31560 21:0 14604
14603 31561 21:0 14620
14619 31562 21:0 14630
14629 31592 21:0 14648
14647 31593 21:0 14696
14695 31594 21:0 14701
14700 31595 21:0 14720
14719 31625 21:0 14772
14771 31626 21:0 14777
14776 31627 21:0 14782
14781 31628 21:0 14848
14847 31658 21:0 14853
14852 31661 21:0 14858
14857 31691 21:0 14921
14920 31693 21:0 14929
14928 31692 21:0 14934
14933 31694 21:0 14989
14988 31724 21:0 15005
15004 31725 21:0 15010
15009 31726 21:0 15060
15059 31727 21:0 15076
15075 31757 21:0 15086
15085 31760 21:0 15108
15107 31790 21:0 15152
15151 31791 21:0 15157
15156 31792 21:0 15176
15175 31758 21:0 15228
15227 31759 21:0 15233
15232 31659 21:0 15252
15251 31660 21:0 15304
15303 31823 21:0 15309
15308 31793 21:0 15314
15313 31824 21:0 15380
15379 31826 21:0 15385
15384 31856 21:0 15390
15389 31859 21:0 15445
15444 31858 21:0 15461
15460 31857 21:0 15466
15465 31891 21:0 15521
15520 31825 21:0 15532
15531 31890 21:0 15542
15541 31892 21:0 15592
15591 31889 21:0 15608
15607 31923 21:0 15618
15617 31925 21:0 15636
15635 31955 21:0 15684
15683 31990 21:0 15689
15688 31988 21:0 15700
15699 31922 21:0 15703
15702 31989 21:0 15711
15708 30581 1:0 15749
15709 30582 1:0 15829
15709 30580 1:0 15836
15710 32023 21:0 15720
15712 30579 1:0 15847
15718 30547 1:0 15880
15718 30549 1:0 15960
15719 31956 21:0 15723
15721 30548 1:0 15968
15724 30546 1:0 15978
15726 30514 1:0 16011
15737 316 21:0 15751
15750 32024 21:0 15831
15752 30516 1:0 16091
15798 30515 1:0 16099
15827 30513 1:0 16109
15830 32021 21:0 15834
15833 31957 21:0 15842
15839 30481 1:0 16142
15840 30483 1:0 16222
15840 30482 1:0 16230
15841 32022 21:0 15845
15844 31991 21:0 15854
15846 30480 1:0 16240
15849 30450 1:0 16273
15849 30449 1:0 16353
15853 31958 21:0 15882
15855 30448 1:0 16360
15855 30447 1:0 16371
15859 30417 1:0 16404
15876 30415 1:0 16484
15881 31924 21:0 15962
15888 30416 1:0 16492
15937 30414 1:0 16502
15958 30384 1:0 16535
15961 32054 21:0 15965
15970 30382 1:0 16615
15971 30383 1:0 16623
15980 30381 1:0 16633
15980 30351 1:0 16666
15986 30350 1:0 16746
15991 30349 1:0 16753
16019 30348 1:0 16764
16101 30316 1:0 16797
16102 30318 1:0 16877
16111 30317 1:0 16885
16111 30315 1:0 16895
16117 30285 1:0 16928
16122 30283 1:0 17008
16150 30284 1:0 17016
16232 30282 1:0 17026
16233 30252 1:0 17059
16242 30250 1:0 17139
16242 30251 1:0 17147
16248 30249 1:0 17157
16268 30218 1:0 17190
16281 30219 1:0 17270
16363 30217 1:0 17277
16364 30216 1:0 17288
16373 30186 1:0 17321
16373 30185 1:0 17401
16379 30184 1:0 17408
16399 30183 1:0 17419
16494 30153 1:0 17452
16495 30151 1:0 17532
16495 30152 1:0 17540
16504 30150 1:0 17550
16504 30120 1:0 17583
16512 30118 1:0 17663
16531 30119 1:0 17671
16543 317 1:0 19011
16625 30117 1:0 17681
16626 32054 1:0 19031
17861 33001 21:0 17869
17868 33003 21:0 17919
17918 33002 21:0 17935
17934 33004 21:0 17945
17944 33034 21:0 17963
17962 33035 21:0 18011
18010 33036 21:0 18016
18015 33037 21:0 18035
18034 33067 21:0 18087
18086 33069 21:0 18092
18091 33068 21:0 18097
18096 33070 21:0 18163
18162 33101 21:0 18168
18167 33102 21:0 18173
18172 33103 21:0 18239
18238 33133 21:0 18244
18243 33135 21:0 18249
18248 33134 21:0 18304
18303 33136 21:0 18320
18319 33166 21:0 18325
18324 33169 21:0 18375
18374 33199 21:0 18391
18390 33201 21:0 18401
18400 33202 21:0 18423
18422 33200 21:0 18467
18466 33235 21:0 18474
18473 33265 21:0 18491
18490 33234 21:0 18543
18542 33100 21:0 18548
18547 33167 21:0 18567
18566 33232 21:0 18619
18618 33233 21:0 18624
18623 33267 21:0 18629
18628 33268 21:0 18695
18694 33168 21:0 18700
18699 33266 21:0 18705
18704 33298 21:0 18760
18759 33331 21:0 18776
18775 33332 21:0 18781
18780 33333 21:0 18836
18835 33299 21:0 18850
18849 33300 21:0 18857
18856 33301 21:0 18907
18906 33366 21:0 18923
18922 33364 21:0 18933
18932 33398 21:0 18951
18950 33397 21:0 18999
18998 33334 21:0 19004
19003 33399 21:0 19015
19014 33365 21:0 19018
19017 33430 21:0 19026
19023 32022 1:0 19064
19024 32024 1:0 19144
19024 32023 1:0 19152
19025 33432 21:0 19035
19027 32021 1:0 19162
19033 31991 1:0 19195
19033 31989 1:0 19275
19034 33400 21:0 19038
19036 31990 1:0 19283
19039 31988 1:0 19293
19041 31958 1:0 19326
19052 317 21:0 19066
19065 33433 21:0 19146
19067 31957 1:0 19406
19113 31956 1:0 19413
19142 31955 1:0 19424
19145 33464 21:0 19149
19148 33466 21:0 19157
19154 31924 1:0 19457
19155 31925 1:0 19537
19155 31923 1:0 19544
19156 33465 21:0 19160
19159 33367 21:0 19169
19161 31922 1:0 19555
19164 31892 1:0 19588
19164 31890 1:0 19668
19168 33463 21:0 19197
19170 31891 1:0 19676
19170 31889 1:0 19686
19174 31857 1:0 19719
19191 31859 1:0 19799
19196 33431 21:0 19277
19203 31858 1:0 19807
19252 31856 1:0 19817
19285 31825 1:0 19850
19286 31826 1:0 19930
19295 31824 1:0 19937
19295 31823 1:0 19948
19301 31793 1:0 19981
19306 31792 1:0 20061
19334 31791 1:0 20068
19416 31790 1:0 20079
19417 31759 1:0 20112
19426 31760 1:0 20192
19426 31758 1:0 20199
19432 31757 1:0 20210
19437 31727 1:0 20243
19465 31726 1:0 20323
19547 31725 1:0 20330
19548 31724 1:0 20341
19557 31694 1:0 20374
19557 31692 1:0 20454
19563 31693 1:0 20462
19583 31691 1:0 20472
19596 31660 1:0 20505
19678 31661 1:0 20585
19679 31659 1:0 20592
19688 31658 1:0 20603
19688 31628 1:0 20636
19694 31627 1:0 20716
19714 31626 1:0 20723
19809 31625 1:0 20734
19810 31595 1:0 20767
19810 31594 1:0 20847
19819 31593 1:0 20854
19819 31592 1:0 20865
19827 31562 1:0 20898
19846 31561 1:0 20978
19858 318 1:0 22326
19940 31560 1:0 20985
19941 31559 1:0 20996
21176 34443 21:0 21184
21183 34445 21:0 21234
21233 34444 21:0 21250
21249 34446 21:0 21260
21259 34476 21:0 21278
21277 34477 21:0 21326
21325 34478 21:0 21331
21330 34479 21:0 21350
21349 34509 21:0 21402
21401 34511 21:0 21407
21406 34510 21:0 21412
21411 34512 21:0 21478
21477 34542 21:0 21483
21482 34545 21:0 21488
21487 34575 21:0 21554
21553 34577 21:0 21559
21558 34576 21:0 21564
21563 34578 21:0 21619
21618 34608 21:0 21635
21634 34610 21:0 21640
21639 34609 21:0 21690
21689 34611 21:0 21706
21705 34641 21:0 21716
21715 34644 21:0 21738
21737 34674 21:0 21782
21781 34676 21:0 21787
21786 34675 21:0 21806
21805 34642 21:0 21858
21857 34643 21:0 21863
21862 34544 21:0 21882
21881 34543 21:0 21934
21933 34677 21:0 21939
21938 34707 21:0 21944
21943 34709 21:0 22010
22009 34708 21:0 22015
22014 34710 21:0 22020
22019 34773 21:0 22075
22074 34742 21:0 22091
22090 34741 21:0 22096
22095 34775 21:0 22151
22150 34774 21:0 22164
22163 34806 21:0 22172
22171 34740 21:0 22222
22221 34807 21:0 22238
22237 34841 21:0 22248
22247 34743 21:0 22266
22265 34842 21:0 22314
22313 34808 21:0 22319
22318 34875 21:0 22330
22329 34839 21:0 22333
22332 34776 21:0 22341
22338 33465 1:0 22379
22339 33466 1:0 22459
22339 33464 1:0 22466
22340 34872 21:0 22350
22342 33463 1:0 22477
22348 33431 1:0 22510
22348 33433 1:0 22590
22349 34907 21:0 22353
22351 33432 1:0 22598
22354 33430 1:0 22608
22356 33400 1:0 22641
22367 318 21:0 22381
22380 34840 21:0 22461
22382 33399 1:0 22721
22428 33398 1:0 22728
22457 33397 1:0 22739
22460 34908 21:0 22464
22463 34905 21:0 22472
22469 33367 1:0 22772
22470 33365 1:0 22852
22470 33366 1:0 22860
22471 34874 21:0 22475
22474 34873 21:0 22484
22476 33364 1:0 22870
22479 33334 1:0 22903
22479 33333 1:0 22983
22483 34906 21:0 22512
22485 33332 1:0 22990
22485 33331 1:0 23001
22489 33301 1:0 23034
22506 33300 1:0 23114
22511 34809 21:0 22592
22518 33299 1:0 23121
22567 33298 1:0 23132
22600 33266 1:0 23165
22601 33268 1:0 23245
22610 33267 1:0 23253
22610 33265 1:0 23263
22616 33233 1:0 23296
22621 33235 1:0 23376
22649 33234 1:0 23384
22731 33232 1:0 23394
22732 33200 1:0 23427
22741 33202 1:0 23507
22741 33201 1:0 23515
22747 33199 1:0 23525
22752 33168 1:0 23558
22780 33169 1:0 23638
22862 33167 1:0 23645
22863 33166 1:0 23656
22872 33136 1:0 23689
22872 33134 1:0 23769
22878 33135 1:0 23777
22898 33133 1:0 23787
22911 33103 1:0 23820
22993 33102 1:0 23900
22994 33101 1:0 23907
23003 33100 1:0 23918
23003 33070 1:0 23951
23009 33068 1:0 24031
23029 33069 1:0 24039
23124 33067 1:0 24049
23125 33037 1:0 24082
23125 33036 1:0 24162
23134 33035 1:0 24169
23134 33034 1:0 24180
23142 33004 1:0 24213
23161 33002 1:0 24293
23173 319 1:0 25641
23255 33003 1:0 24301
23256 33001 1:0 24311
24491 35885 21:0 24499
24498 35887 21:0 24549
24548 35886 21:0 24565
24564 35888 21:0 24575
24574 35918 21:0 24593
24592 35919 21:0 24641
24640 35920 21:0 24646
24645 35921 21:0 24665
24664 35951 21:0 24717
24716 35953 21:0 24722
24721 35952 21:0 24727
24726 35954 21:0 24793
24792 35985 21:0 24798
24797 35986 21:0 24803
24802 35987 21:0 24869
24868 36017 21:0 24874
24873 36020 21:0 24879
24878 36050 21:0 24934
24933 36052 21:0 24950
24949 36051 21:0 24955
24954 36053 21:0 25005
25004 36083 21:0 25021
25020 36085 21:0 25031
25030 36084 21:0 25053
25052 36086 21:0 25097
25096 36119 21:0 25103
25102 36149 21:0 25121
25120 36150 21:0 25173
25172 36151 21:0 25178
25177 36116 21:0 25197
25196 36118 21:0 25249
25248 36018 21:0 25254
25253 36019 21:0 25259
25258 35984 21:0 25325
25324 36117 21:0 25330
25329 36182 21:0 25335
25334 36184 21:0 25390
25389 36183 21:0 25406
25405 36152 21:0 25411
25410 36218 21:0 25466
25465 36185 21:0 25480
25479 36217 21:0 25487
25486 36216 21:0 25537
25536 36251 21:0 25553
25552 36249 21:0 25563
25562 36250 21:0 25581
25580 36215 21:0 25629
25628 36284 21:0 25634
25633 36248 21:0 25645
25644 36281 21:0 25648
25647 36282 21:0 25656
25653 34906 1:0 25694
25654 34908 1:0 25774
25654 34907 1:0 25782
25655 36314 21:0 25665
25657 34905 1:0 25792
25663 34873 1:0 25825
25663 34875 1:0 25905
25664 36349 21:0 25668
25666 34874 1:0 25913
25669 34872 1:0 25923
25671 34840 1:0 25956
25682 319 21:0 25696
25695 36283 21:0 25776
25697 34842 1:0 26036
25743 34841 1:0 26044
25772 34839 1:0 26054
25775 36316 21:0 25779
25778 36317 21:0 25787
25784 34809 1:0 26087
25785 34808 1:0 26167
25785 34807 1:0 26174
25786 36350 21:0 25790
25789 36347 21:0 25799
25791 34806 1:0 26185
25794 34776 1:0 26218
25794 34774 1:0 26298
25798 36348 21:0 25827
25800 34775 1:0 26306
25800 34773 1:0 26316
25804 34743 1:0 26349
25821 34741 1:0 26429
25826 36315 21:0 25907
25833 34742 1:0 26437
25882 34740 1:0 26447
25903 34710 1:0 26480
25906 36380 21:0 25910
25915 34708 1:0 26560
25916 34709 1:0 26568
25925 34707 1:0 26578
25925 34677 1:0 26611
25931 34675 1:0 26691
25936 34676 1:0 26699
25964 34674 1:0 26709
26046 34643 1:0 26742
26047 34644 1:0 26822
26056 34642 1:0 26829
26056 34641 1:0 26840
26062 34611 1:0 26873
26067 34609 1:0 26953
26095 34610 1:0 26961
26177 34608 1:0 26971
26178 34578 1:0 27004
26187 34576 1:0 27084
26187 34577 1:0 27092
26193 34575 1:0 27102
26213 34543 1:0 27135
26226 34545 1:0 27215
26308 34544 1:0 27223
26309 34542 1:0 27233
26318 34512 1:0 27266
26318 34510 1:0 27346
26324 34511 1:0 27354
26344 34509 1:0 27364
26439 34479 1:0 27397
26440 34478 1:0 27477
26440 34477 1:0 27484
26449 34476 1:0 27495
26449 34446 1:0 27528
26457 34444 1:0 27608
26476 34445 1:0 27616
26488 320 1:0 28956
26570 34443 1:0 27626
26571 36380 1:0 28976
27806 37327 21:0 27814
27813 37328 21:0 27864
27863 37329 21:0 27880
27879 37330 21:0 27890
27889 37360 21:0 27908
27907 37362 21:0 27956
27955 37361 21:0 27961
27960 37363 21:0 27980
27979 37393 21:0 28032
28031 37395 21:0 28037
28036 37394 21:0 28042
28041 37396 21:0 28108
28107 37426 21:0 28113
28112 37429 21:0 28118
28117 37459 21:0 28184
28183 37460 21:0 28189
28188 37461 21:0 28194
28193 37462 21:0 28249
28248 37492 21:0 28265
28264 37493 21:0 28270
28269 37494 21:0 28320
28319 37495 21:0 28336
28335 37525 21:0 28346
28345 37528 21:0 28368
28367 37558 21:0 28412
28411 37561 21:0 28419
28418 37591 21:0 28436
28435 37428 21:0 28488
28487 37560 21:0 28493
28492 37427 21:0 28512
28511 37527 21:0 28564
28563 37559 21:0 28569
28568 37593 21:0 28574
28573 37592 21:0 28640
28639 37526 21:0 28645
28644 37594 21:0 28650
28649 37657 21:0 28705
28704 37625 21:0 28721
28720 37659 21:0 28726
28725 37660 21:0 28781
28780 37624 21:0 28797
28796 37626 21:0 28802
28801 37723 21:0 28852
28851 37691 21:0 28868
28867 37692 21:0 28878
28877 37627 21:0 28896
28895 37690 21:0 28944
28943 37725 21:0 28949
28948 37658 21:0 28960
28959 37756 21:0 28963
28962 37758 21:0 28971
28968 36348 1:0 29009
28969 36350 1:0 29089
28969 36349 1:0 29097
28970 37693 21:0 28980
28972 36347 1:0 29107
28978 36315 1:0 29140
28978 36317 1:0 29220
28979 37790 21:0 28983
28981 36316 1:0 29228
28984 36314 1:0 29238
28986 36283 1:0 29271
28997 320 21:0 29011
29010 37789 21:0 29091
29012 36284 1:0 29351
29058 36282 1:0 29358
29087 36281 1:0 29369
29090 37791 21:0 29094
29093 37757 21:0 29102
29099 36250 1:0 29402
29100 36251 1:0 29482
29100 36249 1:0 29489
29101 37759 21:0 29105
29104 37726 21:0 29114
29106 36248 1:0 29500
29109 36216 1:0 29533
29109 36218 1:0 29613
29113 37822 21:0 29142
29115 36217 1:0 29621
29115 36215 1:0 29631
29119 36185 1:0 29664
29136 36183 1:0 29744
29141 37724 21:0 29222
29148 36184 1:0 29752
29197 36182 1:0 29762
29218 36152 1:0 29795
29221 37792 21:0 29225
29230 36151 1:0 29875
29231 36150 1:0 29882
29240 36149 1:0 29893
29240 36117 1:0 29926
29246 36119 1:0 30006
29251 36118 1:0 30014
29279 36116 1:0 30024
29361 36086 1:0 30057
29362 36084 1:0 30137
29371 36085 1:0 30145
29371 36083 1:0 30155
29377 36053 1:0 30188
29382 36051 1:0 30268
29410 36052 1:0 30276
29492 36050 1:0 30286
29493 36019 1:0 30319
29502 36020 1:0 30399
29502 36018 1:0 30406
29508 36017 1:0 30417
29528 35987 1:0 30450
29541 35986 1:0 30530
29623 35985 1:0 30537
29624 35984 1:0 30548
29633 35954 1:0 30581
29633 35952 1:0 30661
29639 35953 1:0 30669
29659 35951 1:0 30679
29754 35921 1:0 30712
29755 35920 1:0 30792
29755 35919 1:0 30799
29764 35918 1:0 30810
29764 35888 1:0 30843
29772 35886 1:0 30923
29791 35887 1:0 30931
29803 321 1:0 32271
29885 35885 1:0 30941
29886 37822 1:0 32291
31121 38769 21:0 31129
31128 38770 21:0 31179
31178 38771 21:0 31195
31194 38772 21:0 31205
31204 38802 21:0 31223
31222 38804 21:0 31271
31270 38803 21:0 31276
31275 38805 21:0 31295
31294 38835 21:0 31347
31346 38836 21:0 31352
31351 38838 21:0 31357
31356 38837 21:0 31423
31422 38868 21:0 31428
31427 38871 21:0 31433
31432 38901 21:0 31495
31494 38903 21:0 31504
31503 38902 21:0 31509
31508 38904 21:0 31564
31563 38934 21:0 31580
31579 38936 21:0 31585
31584 38935 21:0 31635
31634 38937 21:0 31651
31650 38968 21:0 31661
31660 38969 21:0 31683
31682 38970 21:0 31727
31726 39002 21:0 31732
31731 39001 21:0 31751
31750 38870 21:0 31803
31802 38869 21:0 31808
31807 38967 21:0 31823
31822 39003 21:0 31879
31878 39033 21:0 31884
31883 39000 21:0 31889
31888 39034 21:0 31955
31954 39067 21:0 31960
31959 39066 21:0 31965
31964 39036 21:0 32020
32019 39068 21:0 32036
32035 39100 21:0 32041
32040 39101 21:0 32091
32090 39069 21:0 32107
32106 39099 21:0 32117
32116 39133 21:0 32154
32153 39134 21:0 32183
32182 39102 21:0 32193
32192 39132 21:0 32207
32206 39165 21:0 32259
32258 39135 21:0 32264
32263 39167 21:0 32275
32274 39166 21:0 32278
32277 39201 21:0 32286
32283 37792 1:0 32324
32284 37791 1:0 32404
32284 37790 1:0 32411
32285 39200 21:0 32289
32287 37789 1:0 32422
32288 39199 21:0 32298
32290 37759 1:0 32455
32293 37757 1:0 32535
32293 37758 1:0 32543
32299 37756 1:0 32553
32301 37724 1:0 32586
32312 321 21:0 32326
32325 39035 21:0 32406
32327 37726 1:0 32666
32373 37725 1:0 32674
32402 37723 1:0 32684
32405 39231 21:0 32409
32408 39232 21:0 32417
32414 37693 1:0 32717
32415 37692 1:0 32797
32415 37691 1:0 32804
32416 39233 21:0 32420
32419 39234 21:0 32429
32421 37690 1:0 32815
32424 37658 1:0 32848
32424 37660 1:0 32928
32428 39264 21:0 32457
32430 37659 1:0 32936
32430 37657 1:0 32946
32434 37627 1:0 32979
32451 37626 1:0 33059
32456 39198 21:0 32537
32463 37625 1:0 33066
32512 37624 1:0 33077
32533 37594 1:0 33110
32536 39168 21:0 32540
32545 37592 1:0 33190
32546 37593 1:0 33198
32555 37591 1:0 33208
32555 37559 1:0 33241
32561 37561 1:0 33321
32566 37560 1:0 33329
32594 37558 1:0 33339
32676 37526 1:0 33372
32677 37528 1:0 33452
32686 37527 1:0 33460
32686 37525 1:0 33470
32692 37495 1:0 33503
32697 37494 1:0 33583
32725 37493 1:0 33590
32807 37492 1:0 33601
32808 37462 1:0 33634
32817 37461 1:0 33714
32817 37460 1:0 33721
32823 37459 1:0 33732
32843 37427 1:0 33765
32856 37429 1:0 33845
32938 37428 1:0 33853
32939 37426 1:0 33863
32948 37396 1:0 33896
32948 37394 1:0 33976
32954 37395 1:0 33984
32974 37393 1:0 33994
33069 37363 1:0 34027
33070 37361 1:0 34107
33070 37362 1:0 34115
33079 37360 1:0 34125
33079 37330 1:0 34158
33087 37329 1:0 34238
33106 37328 1:0 34245
33118 322 1:0 35586
33200 37327 1:0 34256
33201 39264 1:0 35606
34436 40211 21:0 34444
34443 40212 21:0 34494
34493 40213 21:0 34510
34509 40214 21:0 34520
34519 40244 21:0 34538
34537 40245 21:0 34586
34585 40246 21:0 34591
34590 40247 21:0 34610
34609 40277 21:0 34662
34661 40279 21:0 34667
34666 40278 21:0 34672
34671 40280 21:0 34738
34737 40310 21:0 34743
34742 40313 21:0 34748
34747 40343 21:0 34814
34813 40344 21:0 34819
34818 40345 21:0 34824
34823 40346 21:0 34879
34878 40376 21:0 34895
34894 40379 21:0 34900
34899 40409 21:0 34950
34949 40410 21:0 34966
34965 40411 21:0 34976
34975 40412 21:0 34998
34997 40442 21:0 35042
35041 40443 21:0 35047
35046 40444 21:0 35066
35065 40311 21:0 35118
35117 40378 21:0 35123
35122 40377 21:0 35142
35141 40312 21:0 35194
35193 40475 21:0 35199
35198 40445 21:0 35204
35203 40477 21:0 35270
35269 40478 21:0 35275
35274 40509 21:0 35280
35279 40510 21:0 35335
35334 40511 21:0 35351
35350 40476 21:0 35356
35355 40576 21:0 35411
35410 40543 21:0 35424
35423 40575 21:0 35432
35431 40508 21:0 35482
35481 40542 21:0 35498
35497 40577 21:0 35508
35507 40574 21:0 35526
35525 40541 21:0 35574
35573 40607 21:0 35579
35578 40610 21:0 35590
35589 40608 21:0 35593
35592 40640 21:0 35601
35598 39234 1:0 35639
35599 39233 1:0 35719
35599 39232 1:0 35726
35600 40641 21:0 35610
35602 39231 1:0 35737
35608 39199 1:0 35770
35608 39201 1:0 35850
35609 40643 21:0 35613
35611 39200 1:0 35858
35614 39198 1:0 35868
35616 39168 1:0 35901
35627 322 21:0 35641
35640 40674 21:0 35721
35642 39166 1:0 35981
35688 39167 1:0 35989
35717 39165 1:0 35999
35720 40609 21:0 35724
35723 40642 21:0 35732
35729 39135 1:0 36032
35730 39134 1:0 36112
35730 39133 1:0 36119
35731 40675 21:0 35735
35734 40544 21:0 35744
35736 39132 1:0 36130
35739 39102 1:0 36163
35739 39101 1:0 36243
35743 40673 21:0 35772
35745 39100 1:0 36250
35745 39099 1:0 36261
35749 39069 1:0 36294
35766 39068 1:0 36374
35771 40706 21:0 35852
35778 39067 1:0 36381
35827 39066 1:0 36392
35848 39035 1:0 36425
35851 40676 21:0 35855
35860 39036 1:0 36505
35861 39034 1:0 36512
35870 39033 1:0 36523
35870 39003 1:0 36556
35876 39001 1:0 36636
35881 39002 1:0 36644
35909 39000 1:0 36654
35991 38970 1:0 36687
35992 38969 1:0 36767
36001 38968 1:0 36774
36001 38967 1:0 36785
36007 38937 1:0 36818
36012 38935 1:0 36898
36040 38936 1:0 36906
36122 38934 1:0 36916
36123 38904 1:0 36949
36132 38902 1:0 37029
36132 38903 1:0 37037
36138 38901 1:0 37047
36158 38869 1:0 37080
36171 38871 1:0 37160
36253 38870 1:0 37168
36254 38868 1:0 37178
36263 38837 1:0 37211
36263 38838 1:0 37291
36269 38836 1:0 37298
36289 38835 1:0 37309
36384 38805 1:0 37342
36385 38803 1:0 37422
36385 38804 1:0 37430
36394 38802 1:0 37440
36394 38772 1:0 37473
36402 38771 1:0 37553
36421 38770 1:0 37560
36433 323 1:0 38901
36515 38769 1:0 37571
36516 40706 1:0 38921
37751 41653 21:0 37759
37758 41654 21:0 37809
37808 41655 21:0 37825
37824 41656 21:0 37835
37834 41686 21:0 37853
37852 41687 21:0 37901
37900 41688 21:0 37906
37905 41689 21:0 37925
37924 41719 21:0 37977
37976 41721 21:0 37982
37981 41720 21:0 37987
37986 41722 21:0 38053
38052 41752 21:0 38058
38057 41755 21:0 38063
38062 41785 21:0 38127
38126 41786 21:0 38134
38133 41787 21:0 38139
38138 41788 21:0 38194
38193 41818 21:0 38210
38209 41820 21:0 38215
38214 41819 21:0 38265
38264 41821 21:0 38281
38280 41851 21:0 38291
38290 41852 21:0 38313
38312 41853 21:0 38357
38356 41854 21:0 38362
38361 41886 21:0 38381
38380 41885 21:0 38433
38432 41754 21:0 38438
38437 41753 21:0 38457
38456 41887 21:0 38509
38508 41884 21:0 38514
38513 41919 21:0 38519
38518 41917 21:0 38585
38584 41952 21:0 38590
38589 41920 21:0 38595
38594 41918 21:0 38650
38649 41953 21:0 38666
38665 41950 21:0 38671
38670 41951 21:0 38726
38725 41983 21:0 38737
38736 42016 21:0 38747
38746 41986 21:0 38792
38791 41985 21:0 38813
38812 42018 21:0 38823
38822 42051 21:0 38841
38840 42052 21:0 38889
38888 42049 21:0 38894
38893 42050 21:0 38905
38904 42083 21:0 38908
38907 42019 21:0 38916
38913 40676 1:0 38954
38914 40675 1:0 39034
38914 40674 1:0 39041
38915 42084 21:0 38925
38917 40673 1:0 39052
38923 40642 1:0 39085
38923 40643 1:0 39165
38924 42115 21:0 38928
38926 40641 1:0 39172
38929 40640 1:0 39183
38931 40609 1:0 39216
38942 323 21:0 38956
38955 42085 21:0 39036
38957 40610 1:0 39296
39003 40608 1:0 39303
39032 40607 1:0 39314
39035 42117 21:0 39039
39038 42017 21:0 39047
39044 40577 1:0 39347
39045 40575 1:0 39427
39045 40576 1:0 39435
39046 42082 21:0 39050
39049 42118 21:0 39059
39051 40574 1:0 39445
39054 40544 1:0 39478
39054 40542 1:0 39558
39058 41984 21:0 39087
39060 40543 1:0 39566
39060 40541 1:0 39576
39064 40511 1:0 39609
39081 40510 1:0 39689
39086 42116 21:0 39167
39093 40509 1:0 39696
39142 40508 1:0 39707
39163 40476 1:0 39740
39166 42148 21:0 39170
39175 40478 1:0 39820
39176 40477 1:0 39828
39185 40475 1:0 39838
39185 40445 1:0 39871
39191 40444 1:0 39951
39196 40443 1:0 39958
39224 40442 1:0 39969
39306 40412 1:0 40002
39307 40411 1:0 40082
39316 40410 1:0 40089
39316 40409 1:0 40100
39322 40377 1:0 40133
39327 40379 1:0 40213
39355 40378 1:0 40221
39437 40376 1:0 40231
39438 40346 1:0 40264
39447 40345 1:0 40344
39447 40344 1:0 40351
39453 40343 1:0 40362
39473 40312 1:0 40395
39486 40313 1:0 40475
39568 40311 1:0 40482
39569 40310 1:0 40493
39578 40280 1:0 40526
39578 40278 1:0 40606
39584 40279 1:0 40614
39604 40277 1:0 40624
39699 40247 1:0 40657
39700 40246 1:0 40737
39700 40245 1:0 40744
39709 40244 1:0 40755
39709 40214 1:0 40788
39717 40213 1:0 40868
39736 40212 1:0 40875
39748 324 1:0 42216
39830 40211 1:0 40886
41066 43095 21:0 41074
41073 43097 21:0 41124
41123 43096 21:0 41140
41139 43098 21:0 41150
41149 43128 21:0 41168
41167 43130 21:0 41216
41215 43129 21:0 41221
41220 43131 21:0 41240
41239 43161 21:0 41292
41291 43163 21:0 41297
41296 43162 21:0 41302
41301 43164 21:0 41368
41367 43194 21:0 41373
41372 43227 21:0 41378
41377 43228 21:0 41442
41441 43229 21:0 41449
41448 43230 21:0 41454
41453 43260 21:0 41509
41508 43261 21:0 41525
41524 43262 21:0 41530
41529 43263 21:0 41580
41579 43293 21:0 41596
41595 43296 21:0 41606
41605 43326 21:0 41628
41627 43329 21:0 41672
41674 43359 21:0 41682
41681 43295 21:0 41732
41731 43327 21:0 41748
41747 43195 21:0 41758
41757 43294 21:0 41776
41775 43196 21:0 41824
41823 43197 21:0 41829
41828 43394 21:0 41848
41847 43328 21:0 41900
41899 43392 21:0 41905
41904 43361 21:0 41910
41909 43426 21:0 41976
41975 43362 21:0 41981
41980 43427 21:0 41986
41985 43425 21:0 42049
42048 43458 21:0 42057
42056 43360 21:0 42062
42061 43393 21:0 42117
42116 43461 21:0 42133
42132 43494 21:0 42138
42137 43459 21:0 42188
42187 43493 21:0 42204
42203 43524 21:0 42214
42213 43395 21:0 42220
42215 42148 1:0 42236
42219 43428 21:0 42223
42222 43527 21:0 42234
42228 42116 1:0 42269
42229 42118 1:0 42349
42229 42117 1:0 42357
42233 43560 21:0 42240
42235 42115 1:0 42367
42238 42085 1:0 42400
42238 42084 1:0 42480
42239 43525 21:0 42243
42241 42083 1:0 42487
42244 42082 1:0 42498
42246 42050 1:0 42531
42257 324 21:0 42271
42270 43557 21:0 42351
42272 42052 1:0 42611
42318 42051 1:0 42619
42347 42049 1:0 42629
42350 43491 21:0 42354
42353 43558 21:0 42362
42359 42017 1:0 42662
42360 42019 1:0 42742
42360 42018 1:0 42750
42361 43559 21:0 42365
42364 43526 21:0 42374
42366 42016 1:0 42760
42369 41984 1:0 42793
42369 41986 1:0 42873
42373 43492 21:0 42402
42375 41985 1:0 42881
42375 41983 1:0 42891
42379 41951 1:0 42924
42396 41953 1:0 43004
42401 43591 21:0 42482
42408 41952 1:0 43012
42457 41950 1:0 43022
42490 41918 1:0 43055
42491 41920 1:0 43135
42500 41919 1:0 43143
42500 41917 1:0 43153
42506 41887 1:0 43186
42511 41885 1:0 43266
42539 41886 1:0 43274
42621 41884 1:0 43284
42622 41854 1:0 43317
42631 41853 1:0 43397
42631 41852 1:0 43404
42637 41851 1:0 43415
42642 41821 1:0 43448
42670 41819 1:0 43528
42752 41820 1:0 43536
42753 41818 1:0 43546
42762 41788 1:0 43579
42762 41787 1:0 43659
42768 41786 1:0 43666
42788 41785 1:0 43677
42801 41753 1:0 43710
42883 41755 1:0 43790
42884 41754 1:0 43798
42893 41752 1:0 43808
42893 41722 1:0 43841
42899 41720 1:0 43921
42919 41721 1:0 43929
43014 41719 1:0 43939
43015 41689 1:0 43972
43015 41688 1:0 44052
43024 41687 1:0 44059
43024 41686 1:0 44070
43032 41656 1:0 44103
43051 41655 1:0 44183
43063 325 1:0 45531
43145 41654 1:0 44190
43146 41653 1:0 44201
44335 44516 21:0 44368
44367 44523 21:0 44379
44378 44535 21:0 44379
44378 44522 21:0 44379
44381 44537 21:0 44389
44388 44539 21:0 44439
44438 44538 21:0 44455
44454 44540 21:0 44465
44464 44570 21:0 44483
44482 44571 21:0 44531
44530 44572 21:0 44536
44535 44573 21:0 44555
44554 44603 21:0 44607
44606 44604 21:0 44612
44611 44606 21:0 44617
44616 44605 21:0 44683
44682 44636 21:0 44688
44687 44638 21:0 44693
44692 44637 21:0 44757
44756 44639 21:0 44764
44763 44669 21:0 44769
44768 44670 21:0 44824
44823 44671 21:0 44840
44839 44672 21:0 44845
44844 44702 21:0 44895
44894 44703 21:0 44911
44910 44704 21:0 44921
44920 44705 21:0 44943
44942 44735 21:0 44987
44986 44736 21:0 44992
44991 44737 21:0 45011
45010 44804 21:0 45063
45062 44601 21:0 45063
45065 44834 21:0 45073
45072 44738 21:0 45123
45122 44768 21:0 45139
45138 44769 21:0 45149
45148 44770 21:0 45167
45166 44771 21:0 45215
45214 44801 21:0 45220
45219 44803 21:0 45239
45238 44802 21:0 45291
45290 44836 21:0 45296
45295 44835 21:0 45301
45300 44837 21:0 45367
45366 44867 21:0 45372
45371 44869 21:0 45377
45376 44868 21:0 45441
45440 44870 21:0 45448
45447 44900 21:0 45453
45452 44901 21:0 45508
45507 44902 21:0 45524
45523 44903 21:0 45529
45528 44933 21:0 45535
45530 43591 1:0 45540
45534 44934 21:0 45541
45540 44935 21:0 45549
45542 43559 1:0 45584
45543 43560 1:0 45664
45544 43558 1:0 45671
45548 44936 21:0 45555
45550 43557 1:0 45682
45553 43526 1:0 45715
45553 43527 1:0 45795
45554 44966 21:0 45558
45556 43525 1:0 45802
45559 43524 1:0 45813
45559 43492 1:0 45846
45572 325 21:0 45586
45580 43494 1:0 45926
45585 44968 21:0 45666
45592 43493 1:0 45934
45661 43491 1:0 45944
45665 44967 21:0 45669
45667 43461 1:0 46057
45668 45032 21:0 45677
45674 43459 1:0 46064
45675 43458 1:0 46075
45676 45002 21:0 45680
45678 43428 1:0 46108
45679 26299 21:0 45686
45681 43427 1:0 46188
45684 43426 1:0 46195
45684 43425 1:0 46206
45685 44595 21:0 45686
45685 44773 21:0 45689
45687 43395 1:0 46239
45688 45015 21:0 45689
45688 44542 21:0 45701
45690 43393 1:0 46319
45695 43394 1:0 46327
45711 43392 1:0 46337
45805 43360 1:0 46370
45806 43362 1:0 46450
45815 43361 1:0 46458
45815 43359 1:0 46468
45821 43328 1:0 46501
45825 43329 1:0 46581
45854 43327 1:0 46588
45936 43326 1:0 46599
45937 43294 1:0 46632
45946 43296 1:0 46712
45946 43295 1:0 46720
45952 43293 1:0 46730
45957 43263 1:0 46763
45985 43262 1:0 46843
46067 43261 1:0 46850
46068 43260 1:0 46861
46077 43230 1:0 46894
46077 43229 1:0 46974
46083 43228 1:0 46981
46088 43227 1:0 46992
46116 43197 1:0 47025
46196 26577 21:0 46201
46198 43196 1:0 47105
46199 43195 1:0 47112
46208 43194 1:0 47123
46208 43164 1:0 47153
46214 43162 1:0 47236
46218 43163 1:0 47244
46247 43161 1:0 47254
46329 43131 1:0 47287
46330 43129 1:0 47367
46339 43130 1:0 47375
46339 43128 1:0 47385
46345 43098 1:0 47418
46350 43096 1:0 47498
46378 43097 1:0 47506
46460 43095 1:0 47516
46460 44542 1:0 48780
46461 45015 1:0 48788
46461 26299 1:0 48832
46461 326 1:0 48846
46470 45002 1:0 48842
46470 44773 1:0 48848
46476 45032 1:0 48859
46506 26716 21:0 46538
46731 26809 21:0 46734
46741 26812 21:0 46765
46872 26869 21:0 46896
47124 26980 21:0 47127
47244 27033 21:0 47249
47386 27094 21:0 47389
47517 27151 21:0 47520
47527 27154 21:0 47551
47642 5 21:0 47664
47683 11 21:0 47694
47694 13 21:0 47699
47701 45981 21:0 47718
47717 45979 21:0 47770
47769 45980 21:0 47775
47777 46013 21:0 47794
47793 46015 21:0 47846
47845 45982 21:0 47851
47853 46046 21:0 47870
47869 46045 21:0 47922
47921 46047 21:0 47927
47929 46079 21:0 47946
47945 46048 21:0 47998
47997 46078 21:0 48003
48002 77 21:0 48005
48005 46113 21:0 48022
48021 46080 21:0 48074
48073 46081 21:0 48079
48081 46146 21:0 48098
48097 46145 21:0 48150
48149 46065 21:0 48150
48152 46177 21:0 48160
48159 85 21:0 48160
48160 46180 21:0 48226
48225 46114 21:0 48231
48230 46178 21:0 48236
48235 46212 21:0 48302
48301 46012 21:0 48307
48306 46112 21:0 48312
48311 46210 21:0 48367
48366 46147 21:0 48383
48382 46014 21:0 48388
48387 46276 21:0 48438
48437 46244 21:0 48454
48453 46279 21:0 48464
48463 46309 21:0 48486
48485 46111 21:0 48530
48529 46278 21:0 48535
48534 35 21:0 48540
48539 67 21:0 48554
48553 107 21:0 48595
48594 46345 21:0 48611
48610 71 21:0 48611
48610 17 21:0 48616
48615 46343 21:0 48666
48665 46342 21:0 48682
48681 46375 21:0 48692
48691 46243 21:0 48725
48724 46393 21:0 48747
48747 46428 21:0 48758
48757 46136 21:0 48758
48757 121 21:0 48763
48762 177 21:0 48763
48762 179 21:0 48768
48767 46089 21:0 48768
48767 46367 21:0 48786
48785 157 21:0 48823
48822 46004 21:0 48834
48824 157 1:0 48842
48833 46424 21:0 48834
48833 46011 21:0 48839
48838 46222 21:0 48839
48838 46195 21:0 48839
48838 46175 21:0 48844
48843 46407 21:0 48844
48843 46362 21:0 48844
48843 46169 21:0 48850
48845 26869 1:0 48859
48849 46242 21:0 48850
48849 46017 21:0 48853
48852 46320 21:0 48853
48853 285 21:0 48861
48858 312 1:0 2581
48858 26577 1:0 48862
48858 44595 1:0 48868
48859 179 1:0 48868
48859 46243 1:0 48881
48860 26292 21:0 48864
48865 177 1:0 48881
48867 26296 21:0 48870
48868 46375 1:0 48953
48868 46342 1:0 48982
48874 46343 1:0 48993
48874 121 1:0 48993
48887 326 21:0 48901
48895 46345 1:0 49002
48907 26292 1:0 49002
48989 44967 1:0 49030
48990 44968 1:0 49110
48999 44522 1:0 49121
48999 44966 1:0 49121
48999 44535 1:0 49130
48999 44936 1:0 49130
49007 44935 1:0 49143
49009 44523 1:0 49143
49038 44934 1:0 49215
49120 44933 1:0 49244
49121 44516 1:0 49255
49121 46278 1:0 49255
49130 17 1:0 49264
49130 46111 1:0 49264
49136 44903 1:0 49292
49140 44902 1:0 49372
49157 44901 1:0 49379
49169 71 1:0 49383
49251 44900 1:0 49390
49252 46309 1:0 49395
49261 44870 1:0 49423
49261 44868 1:0 49503
49267 44869 1:0 49511
49271 27033 1:0 49514
49300 44867 1:0 49521
49382 46279 1:0 49526
49383 44837 1:0 49554
49392 44835 1:0 49634
49392 44836 1:0 49642
49392 27094 1:0 49645
49400 44834 1:0 49652
49419 46244 1:0 49657
49513 44802 1:0 49685
49514 44804 1:0 49765
49514 44803 1:0 49773
49523 26980 1:0 49776
49523 44801 1:0 49783
49529 46276 1:0 49788
49529 26716 1:0 49788
49549 44771 1:0 49816
49562 44770 1:0 49896
49644 44769 1:0 49903
49645 26812 1:0 49907
49654 44768 1:0 49914
49654 46014 1:0 49919
49660 44738 1:0 49947
49665 44737 1:0 50027
49693 44736 1:0 50034
49775 26809 1:0 50038
49776 44735 1:0 50045
49776 46147 1:0 50050
49785 44705 1:0 50078
49785 44704 1:0 50158
49793 44703 1:0 50165
49796 107 1:0 50169
49824 44702 1:0 50176
49906 46210 1:0 50181
49907 44672 1:0 50209
49916 44671 1:0 50289
49916 44670 1:0 50296
49922 85 1:0 50300
49926 44669 1:0 50307
49943 46112 1:0 50312
49955 77 1:0 50312
50037 44639 1:0 50340
50038 44637 1:0 50420
50047 44638 1:0 50428
50047 67 1:0 50431
50047 44636 1:0 50438
50055 46012 1:0 50443
50074 44605 1:0 50471
50168 44606 1:0 50551
50169 44604 1:0 50558
50169 44601 1:0 50562
50178 44603 1:0 50569
50178 46212 1:0 50574
50178 11 1:0 50574
50184 44573 1:0 50602
50189 44572 1:0 50682
50217 44571 1:0 50689
50299 35 1:0 50693
50300 44570 1:0 50700
50309 45982 1:0 50705
50309 5 1:0 50705
50309 44540 1:0 50733
50315 44538 1:0 50813
50319 44539 1:0 50821
50335 13 1:0 50824
50430 27151 1:0 50830
50430 44537 1:0 50831
50431 27154 1:0 50840
50431 46178 1:0 50846
50440 46114 1:0 50918
50440 327 1:0 50944
50440 285 1:0 50948
50446 46015 1:0 50960
50450 26296 1:0 50960
50451 22851 1:0 50966
50466 22859 1:0 50966
50467 22850 1:0 50969
50479 22861 1:0 50969
50561 22860 1:0 50979
50561 22856 1:0 50979
50561 22853 1:0 50979
50561 22857 1:0 50979
50562 22858 1:0 51005
50562 22863 1:0 51051
50562 22862 1:0 51137
50571 46424 1:0 51170
50571 45980 1:0 51181
50571 46428 1:0 51181
50571 23008 1:0 51187
50577 22998 1:0 51187
50577 23004 1:0 51190
50577 23005 1:0 51190
50579 22997 1:0 51200
50582 23006 1:0 51200
50582 23003 1:0 51200
50597 23000 1:0 51200
50598 23007 1:0 51227
50610 23010 1:0 51272
50651 23144 1:0 51402
50692 23009 1:0 51358
50692 46393 1:0 51402
50692 23145 1:0 51408
50693 46180 1:0 51399
50693 46407 1:0 51399
50702 23153 1:0 51408
50702 23150 1:0 51408
50702 23151 1:0 51411
50702 23154 1:0 51411
50702 23157 1:0 51439
50708 23152 1:0 51439
50708 23149 1:0 51439
50708 23147 1:0 51439
50710 23156 1:0 51490
50713 23146 1:0 51529
50713 23155 1:0 51570
50728 23298 1:0 51623
50741 46177 1:0 51620
50823 46367 1:0 51623
50823 46362 1:0 51623
50823 23291 1:0 51629
50823 23292 1:0 51629
50823 23444 1:0 51844
50824 23301 1:0 51629
50824 23297 1:0 51632
50824 23300 1:0 51632
50833 23295 1:0 51660
50833 23304 1:0 51660
50833 23302 1:0 51660
50833 23303 1:0 51711
50833 23296 1:0 51761
50833 23299 1:0 51780
50841 46145 1:0 51841
50843 46320 1:0 51844
50844 23438 1:0 51850
50860 23447 1:0 51850
50860 23445 1:0 51850
50872 23439 1:0 51853
50872 23446 1:0 51853
50956 23448 1:0 51881
50956 23450 1:0 51881
50957 23451 1:0 51932
50957 23443 1:0 51968
50957 23449 1:0 52012
50957 23593 1:0 52071
50966 46081 1:0 52054
50966 46146 1:0 52065
50972 23592 1:0 52071
50972 23596 1:0 52074
50972 23589 1:0 52074
50974 23591 1:0 52074
50974 23586 1:0 52084
50976 23585 1:0 52084
50976 23587 1:0 52084
50985 327 21:0 50999
50993 23595 1:0 52084
51005 23594 1:0 52110
51046 23597 1:0 52156
51054 23598 1:0 52243
51075 46080 1:0 52286
51094 22853 21:0 51114
51117 22856 21:0 51141
51125 23740 1:0 52292
51125 23732 1:0 52292
51125 23733 1:0 52295
51135 23741 1:0 52295
51137 23737 1:0 52304
51137 23739 1:0 52304
51145 23738 1:0 52304
51145 23880 1:0 52507
51147 22862 21:0 51169
51168 22863 21:0 51172
51171 22858 21:0 51172
51171 22860 21:0 51180
51177 23743 1:0 52304
51177 23742 1:0 52331
51178 23745 1:0 52377
51178 23744 1:0 52463
51179 22861 21:0 51183
51181 46078 1:0 52504
51182 22859 21:0 51183
51182 22857 21:0 51189
51184 46242 1:0 52504
51184 46222 1:0 52507
51187 23891 1:0 52513
51187 23879 1:0 52513
51187 23886 1:0 52513
51187 23885 1:0 52516
51187 23889 1:0 52516
51187 23892 1:0 52544
51187 23888 1:0 52544
51188 22851 21:0 51189
51188 22850 21:0 51189
51193 23887 1:0 52595
51193 23882 1:0 52635
51193 23890 1:0 52675
51213 46048 1:0 52728
51214 46195 1:0 52728
51226 24034 1:0 52734
51226 24032 1:0 52734
51267 24036 1:0 52737
51275 24026 1:0 52737
51295 24037 1:0 52747
51296 24029 1:0 52747
51296 24033 1:0 52747
51296 24027 1:0 52747
51297 24039 1:0 52775
51308 22997 21:0 51352
51346 24035 1:0 52819
51348 24174 1:0 52949
51351 23000 21:0 51359
51356 24038 1:0 52905
51368 23009 21:0 51390
51389 23010 21:0 51393
51392 23007 21:0 51393
51392 23006 21:0 51401
51398 46047 1:0 52946
51398 46169 1:0 52949
51399 46175 1:0 52949
51399 24173 1:0 52955
51399 24179 1:0 52955
51399 24186 1:0 52955
51399 24184 1:0 52958
51399 24180 1:0 52958
51400 23005 21:0 51404
51402 24326 1:0 53170
51403 23008 21:0 51404
51403 23003 21:0 51410
51405 24181 1:0 52986
51405 24183 1:0 52986
51405 24175 1:0 52986
51408 24185 1:0 53037
51408 24176 1:0 53077
51408 24182 1:0 53107
51408 46045 1:0 53167
51409 22998 21:0 51410
51409 23004 21:0 51410
51411 46136 1:0 53170
51411 24320 1:0 53176
51414 24330 1:0 53176
51414 24321 1:0 53176
51416 24327 1:0 53179
51419 24328 1:0 53179
51434 24329 1:0 53207
51447 24333 1:0 53207
51447 24324 1:0 53207
51488 24332 1:0 53258
51501 24331 1:0 53338
51516 46089 1:0 53377
51526 23145 21:0 51572
51567 46113 1:0 53385
51576 23155 21:0 51611
51577 46013 1:0 53391
51587 24468 1:0 53397
51610 23156 21:0 51614
51613 23152 21:0 51614
51613 23157 21:0 51622
51619 24478 1:0 53397
51619 24474 1:0 53400
51619 24477 1:0 53400
51619 24472 1:0 53410
51619 24467 1:0 53410
51620 24473 1:0 53410
51620 24476 1:0 53410
51620 24479 1:0 53437
51620 24620 1:0 53612
51621 23154 21:0 51625
51623 24475 1:0 53482
51624 23153 21:0 51625
51624 23151 21:0 51625
51624 23150 21:0 51631
51626 24480 1:0 53569
51626 24614 1:0 53618
51626 24615 1:0 53618
51629 46079 1:0 53605
51629 46065 1:0 53612
51629 24627 1:0 53618
51629 24626 1:0 53621
51630 23147 21:0 51631
51630 23149 21:0 51631
51630 23146 21:0 51631
51630 23144 21:0 51631
51632 24621 1:0 53621
51635 24625 1:0 53649
51635 24623 1:0 53649
51639 24624 1:0 53700
51655 24618 1:0 53749
51655 24622 1:0 53769
51709 46046 1:0 53826
51709 46017 1:0 53833
51717 24767 1:0 53833
51737 24769 1:0 53839
51737 24768 1:0 53839
51738 24761 1:0 53839
51738 24762 1:0 53842
51748 24770 1:0 53842
51767 23296 21:0 51781
51780 23295 21:0 51787
51788 24774 1:0 53870
51790 23299 21:0 51832
51798 24764 1:0 53870
51798 24773 1:0 53870
51808 24771 1:0 53921
51831 23303 21:0 51835
51834 23302 21:0 51835
51834 23304 21:0 51843
51840 24766 1:0 53971
51840 24772 1:0 54001
51840 24914 1:0 54054
51840 46004 1:0 54054
51841 45979 1:0 54051
51841 46011 1:0 54051
51841 24915 1:0 54060
51842 23300 21:0 51846
51844 24908 1:0 54060
51845 23297 21:0 51846
51845 23301 21:0 51846
51845 23291 21:0 51852
51847 24920 1:0 54060
51847 24919 1:0 54063
51847 24909 1:0 54063
51850 24917 1:0 54091
51850 24921 1:0 54091
51850 24918 1:0 54142
51850 24912 1:0 54191
51850 24916 1:0 54211
51851 23292 21:0 51852
51851 23298 21:0 51852
51856 45981 1:0 54269
51856 25062 1:0 54275
51860 25056 1:0 54281
51860 25066 1:0 54281
51861 25061 1:0 54281
51861 25055 1:0 54284
51877 25065 1:0 54284
51889 25068 1:0 54312
51930 25064 1:0 54312
51943 25067 1:0 54363
51958 25059 1:0 54412
51958 25156 1:0 54459
51958 25155 1:0 54492
51959 25063 1:0 54432
51968 23439 21:0 52014
52018 23449 21:0 52053
52052 23451 21:0 52056
52055 23448 21:0 52056
52055 23450 21:0 52064
52063 23446 21:0 52067
52066 23438 21:0 52067
52066 23447 21:0 52067
52066 23445 21:0 52073
52072 23443 21:0 52073
52072 23444 21:0 52073
52189 23586 21:0 52235
52234 23587 21:0 52241
52240 23589 21:0 52248
52249 23598 21:0 52274
52273 23597 21:0 52277
52276 23594 21:0 52277
52276 23595 21:0 52285
52284 23596 21:0 52288
52287 23593 21:0 52288
52287 23585 21:0 52294
52293 23591 21:0 52294
52293 23592 21:0 52294
52443 23738 21:0 52467
52466 23737 21:0 52473
52473 23744 21:0 52495
52494 23745 21:0 52498
52497 23742 21:0 52498
52497 23743 21:0 52506
52505 23741 21:0 52509
52508 23740 21:0 52509
52508 23739 21:0 52515
52514 23732 21:0 52515
52514 23733 21:0 52515
52634 23879 21:0 52678
52681 23890 21:0 52716
52715 23887 21:0 52719
52718 23888 21:0 52719
52718 23892 21:0 52727
52726 23889 21:0 52730
52729 23891 21:0 52730
52729 23885 21:0 52730
52729 23886 21:0 52736
52735 23882 21:0 52736
52735 23880 21:0 52736
52852 24027 21:0 52898
52897 24029 21:0 52904
52915 24038 21:0 52937
52936 24035 21:0 52940
52939 24039 21:0 52940
52939 24037 21:0 52948
52947 24036 21:0 52951
52950 24034 21:0 52951
52950 24033 21:0 52957
52956 24026 21:0 52957
52956 24032 21:0 52957
53083 24176 21:0 53103
53102 24175 21:0 53110
53113 24182 21:0 53158
53157 24185 21:0 53161
53160 24181 21:0 53161
53160 24183 21:0 53169
53168 24184 21:0 53172
53171 24180 21:0 53172
53171 24186 21:0 53172
53171 24179 21:0 53178
53177 24173 21:0 53178
53177 24174 21:0 53178
53297 24320 21:0 53341
53344 24331 21:0 53379
53378 24332 21:0 53382
53381 24329 21:0 53382
53381 24333 21:0 53390
53389 24328 21:0 53393
53392 24327 21:0 53393
53392 24330 21:0 53393
53392 24321 21:0 53399
53398 24324 21:0 53399
53398 24326 21:0 53399
53548 24473 21:0 53572
53575 24480 21:0 53600
53599 24475 21:0 53603
53602 24479 21:0 53603
53602 24476 21:0 53611
53610 24477 21:0 53614
53613 24478 21:0 53614
53613 24467 21:0 53620
53619 24474 21:0 53620
53619 24472 21:0 53620
53619 24468 21:0 53620
53759 24618 21:0 53771
53779 24622 21:0 53821
53820 24624 21:0 53824
53823 24625 21:0 53824
53823 24623 21:0 53832
53831 24626 21:0 53835
53834 24621 21:0 53835
53834 24627 21:0 53835
53834 24614 21:0 53841
53840 24615 21:0 53841
53840 24620 21:0 53841
53957 24762 21:0 54003
54007 24772 21:0 54042
54041 24771 21:0 54045
54044 24773 21:0 54045
54044 24774 21:0 54053
54052 24770 21:0 54056
54055 24768 21:0 54056
54055 24769 21:0 54056
54055 24761 21:0 54062
54061 24767 21:0 54062
54061 24764 21:0 54062
54061 24766 21:0 54062
54201 24912 21:0 54213
54221 24916 21:0 54263
54262 24918 21:0 54266
54265 24917 21:0 54266
54265 24921 21:0 54274
54273 24919 21:0 54277
54276 24909 21:0 54277
54276 24920 21:0 54277
54276 24915 21:0 54283
54282 24914 21:0 54283
54282 24908 21:0 54283
54402 25055 21:0 54446
54445 25061 21:0 54484
54483 25059 21:0 54500
