151 13513 21:0 193
192 13512 21:0 204
203 13516 21:0 209
208 13514 21:0 209
208 13511 21:0 214
213 13603 21:0 214
213 13711 21:0 280
213 13604 21:0 214
282 13743 21:0 290
289 13713 21:0 340
363 13777 21:0 380
379 13778 21:0 432
431 13779 21:0 437
439 13811 21:0 456
455 13812 21:0 508
510 13842 21:0 518
518 13845 21:0 584
591 13876 21:0 608
607 13875 21:0 660
659 13877 21:0 665
667 13909 21:0 684
683 13908 21:0 736
738 13941 21:0 746
745 13942 21:0 796
795 13943 21:0 812
819 13975 21:0 836
835 13974 21:0 888
887 13977 21:0 893
898 14010 21:0 964
963 14008 21:0 969
968 13976 21:0 974
973 14040 21:0 1040
1042 14073 21:0 1050
1049 14043 21:0 1100
1123 14107 21:0 1140
1194 14139 21:0 1202
1275 14174 21:0 1292
1293 14174 1:0 2704
1423 14239 21:0 1431
1430 14240 21:0 1481
1480 14242 21:0 1497
1496 14241 21:0 1507
1507 14275 21:0 1573
1575 14305 21:0 1583
1582 14272 21:0 1633
1632 14306 21:0 1649
1648 14273 21:0 1659
1659 14341 21:0 1725
1727 14371 21:0 1735
1734 14274 21:0 1785
1784 14372 21:0 1801
1803 14404 21:0 1811
1810 14405 21:0 1861
1860 14406 21:0 1877
1876 14407 21:0 1887
1886 14437 21:0 1909
1908 14439 21:0 1953
1952 14440 21:0 1963
1962 14438 21:0 1979
1978 14470 21:0 2029
2028 14472 21:0 2034
2033 14473 21:0 2053
2052 14471 21:0 2105
2104 14503 21:0 2110
2109 14504 21:0 2129
2128 14505 21:0 2181
2180 14506 21:0 2186
2185 14536 21:0 2191
2190 14537 21:0 2257
2256 14538 21:0 2262
2261 14307 21:0 2267
2266 14373 21:0 2333
2332 14308 21:0 2338
2337 14340 21:0 2343
2342 14339 21:0 2409
2408 14374 21:0 2414
2413 14569 21:0 2419
2418 14338 21:0 2474
2473 14570 21:0 2490
2489 14603 21:0 2495
2494 14572 21:0 2550
2549 14605 21:0 2566
2565 14571 21:0 2571
2570 14539 21:0 2577
2574 14139 1:0 2835
2576 14638 21:0 2580
2579 14637 21:0 2590
2584 14107 1:0 2947
2585 14073 1:0 3079
2589 14635 21:0 2595
2591 14043 1:0 3185
2593 14040 1:0 3201
2594 14604 21:0 2598
2596 14010 1:0 3307
2599 14008 1:0 3313
2599 13976 1:0 3354
2610 304 21:0 2624
2618 13977 1:0 3429
2623 14669 21:0 2699
2669 13975 1:0 3435
2695 13974 1:0 3445
2698 14704 21:0 2702
2701 14670 21:0 2709
2706 13943 1:0 3551
2707 13942 1:0 3557
2708 14636 21:0 2712
2710 13941 1:0 3567
2711 14702 21:0 2720
2713 13909 1:0 3679
2715 13908 1:0 3689
2719 14701 21:0 2746
2721 13877 1:0 3795
2721 13876 1:0 3801
2739 13875 1:0 3811
2745 14602 21:0 2821
2747 13845 1:0 3917
2791 13842 1:0 3933
2828 13812 1:0 4039
2829 13811 1:0 4046
2837 13779 1:0 4086
2843 13778 1:0 4161
2861 13777 1:0 4167
2950 13743 1:0 4299
2951 13713 1:0 4405
2951 305 1:0 5743
2959 13711 1:0 4411
4593 15681 21:0 4601
4601 15684 21:0 4667
4666 15683 21:0 4672
4671 15682 21:0 4677
4676 15714 21:0 4743
4742 15717 21:0 4748
4747 15747 21:0 4753
4752 15749 21:0 4819
4818 15748 21:0 4824
4823 15750 21:0 4829
4828 15780 21:0 4884
4883 15782 21:0 4900
4899 15781 21:0 4905
4904 15783 21:0 4960
4959 15813 21:0 4976
4975 15815 21:0 4981
4980 15814 21:0 5034
5033 15816 21:0 5047
5046 15848 21:0 5057
5056 15849 21:0 5098
5097 15847 21:0 5123
5122 15879 21:0 5133
5132 15881 21:0 5151
5150 15880 21:0 5199
5198 15882 21:0 5204
5203 15912 21:0 5223
5222 15914 21:0 5275
5274 15913 21:0 5280
5279 15915 21:0 5299
5298 15945 21:0 5351
5350 15715 21:0 5356
5355 15846 21:0 5371
5370 15978 21:0 5427
5426 16011 21:0 5432
5431 15947 21:0 5437
5436 15979 21:0 5503
5502 15716 21:0 5508
5507 16014 21:0 5513
5512 16013 21:0 5579
5578 16044 21:0 5584
5583 16012 21:0 5589
5588 15980 21:0 5646
5645 16080 21:0 5660
5659 15948 21:0 5665
5664 16077 21:0 5720
5719 16079 21:0 5736
5735 15981 21:0 5741
5740 16110 21:0 5747
5746 16047 21:0 5754
5753 15946 21:0 5761
5755 14704 1:0 5876
5755 14702 1:0 5883
5756 14701 1:0 5894
5756 14670 1:0 6007
5760 16111 21:0 5767
5762 14669 1:0 6014
5765 14636 1:0 6058
5765 14638 1:0 6138
5766 16113 21:0 5770
5768 14637 1:0 6146
5771 14635 1:0 6156
5773 14604 1:0 6189
5784 305 21:0 5798
5792 14605 1:0 6269
5797 16146 21:0 5878
5845 14603 1:0 6276
5874 14602 1:0 6287
5877 16143 21:0 5881
5880 16046 21:0 5889
5886 14571 1:0 6320
5887 14572 1:0 6400
5887 14570 1:0 6407
5888 16144 21:0 5892
5890 14569 1:0 6418
5893 14539 1:0 6451
5896 14538 1:0 6531
5896 14537 1:0 6538
5904 14536 1:0 6549
5923 14506 1:0 6582
6017 14505 1:0 6662
6018 14504 1:0 6669
6027 14503 1:0 6680
6027 14471 1:0 6713
6033 14473 1:0 6793
6037 14472 1:0 6801
6066 14470 1:0 6811
6148 14438 1:0 6844
6149 14440 1:0 6924
6158 14439 1:0 6932
6158 14437 1:0 6942
6164 14407 1:0 6975
6169 14406 1:0 7055
6197 14405 1:0 7062
6279 14404 1:0 7073
6280 14374 1:0 7106
6289 14373 1:0 7186
6289 14372 1:0 7193
6295 14371 1:0 7204
6300 14339 1:0 7237
6328 14341 1:0 7317
6410 14340 1:0 7325
6411 14338 1:0 7335
6420 14308 1:0 7368
6420 14307 1:0 7448
6426 14306 1:0 7455
6446 14305 1:0 7466
6459 14274 1:0 7499
6541 14275 1:0 7579
6542 14273 1:0 7586
6551 14272 1:0 7597
6551 14241 1:0 7630
6557 14242 1:0 7710
6577 14240 1:0 7717
6672 14239 1:0 7728
7908 17123 21:0 7916
7915 17125 21:0 7966
7965 17124 21:0 7982
7981 17126 21:0 7992
7991 17156 21:0 8014
8013 17159 21:0 8058
8060 17189 21:0 8068
8067 17190 21:0 8118
8117 17191 21:0 8134
8133 17192 21:0 8144
8143 17222 21:0 8166
8165 17224 21:0 8210
8209 17223 21:0 8220
8219 17225 21:0 8238
8237 17255 21:0 8286
8285 17257 21:0 8291
8290 17256 21:0 8310
8309 17258 21:0 8362
8361 17288 21:0 8367
8366 17291 21:0 8386
8385 17321 21:0 8438
8437 17322 21:0 8443
8442 17323 21:0 8448
8447 17324 21:0 8514
8513 17357 21:0 8519
8518 17387 21:0 8524
8523 17389 21:0 8590
8589 17388 21:0 8595
8594 17290 21:0 8600
8599 17158 21:0 8666
8665 17356 21:0 8671
8670 17354 21:0 8676
8675 17420 21:0 8731
8730 17355 21:0 8747
8746 17289 21:0 8752
8751 17390 21:0 8807
8806 17423 21:0 8823
8822 17455 21:0 8828
8827 17454 21:0 8881
8880 17456 21:0 8894
8893 17488 21:0 8904
8903 17489 21:0 8947
8946 17486 21:0 8970
8969 17422 21:0 8980
8979 17520 21:0 9000
8999 17487 21:0 9046
9045 17453 21:0 9053
9052 17519 21:0 9062
9054 304 1:0 2573
9054 306 1:0 9058
9061 17553 21:0 9065
9064 17555 21:0 9073
9070 16146 1:0 9191
9071 16144 1:0 9198
9071 16143 1:0 9209
9072 17554 21:0 9082
9080 16113 1:0 9322
9080 16111 1:0 9329
9081 17421 21:0 9085
9083 16110 1:0 9340
9086 16080 1:0 9453
9086 16079 1:0 9461
9090 16077 1:0 9471
9099 306 21:0 9113
9112 17552 21:0 9193
9119 16047 1:0 9584
9168 16046 1:0 9592
9189 16044 1:0 9602
9192 17521 21:0 9196
9195 17522 21:0 9204
9201 16012 1:0 9635
9202 16014 1:0 9715
9202 16013 1:0 9723
9203 17588 21:0 9207
9206 17157 21:0 9216
9208 16011 1:0 9733
9211 15981 1:0 9766
9211 15980 1:0 9846
9217 15979 1:0 9853
9217 15978 1:0 9864
9222 15946 1:0 9897
9250 15948 1:0 9977
9332 15947 1:0 9985
9333 15945 1:0 9995
9342 15915 1:0 10028
9342 15913 1:0 10108
9348 15914 1:0 10116
9353 15912 1:0 10126
9381 15882 1:0 10159
9463 15880 1:0 10239
9464 15881 1:0 10247
9473 15879 1:0 10257
9473 15847 1:0 10290
9479 15849 1:0 10370
9499 15848 1:0 10378
9512 15846 1:0 10388
9594 15816 1:0 10421
9595 15814 1:0 10501
9604 15815 1:0 10509
9604 15813 1:0 10519
9610 15783 1:0 10552
9630 15781 1:0 10632
9725 15782 1:0 10640
9726 15780 1:0 10650
9726 15750 1:0 10683
9735 15748 1:0 10763
9735 15749 1:0 10771
9743 15747 1:0 10781
9762 15716 1:0 10814
9856 15717 1:0 10894
9857 15715 1:0 10901
9857 15714 1:0 10912
9866 15682 1:0 10945
9866 15684 1:0 11025
9874 15683 1:0 11033
9893 15681 1:0 11043
9905 307 1:0 12373
11223 18565 21:0 11231
11231 18568 21:0 11297
11299 18598 21:0 11307
11306 18600 21:0 11357
11356 18599 21:0 11373
11372 18601 21:0 11383
11382 18631 21:0 11405
11404 18632 21:0 11449
11448 18633 21:0 11459
11458 18634 21:0 11477
11476 18664 21:0 11525
11524 18667 21:0 11530
11529 18697 21:0 11549
11548 18699 21:0 11601
11600 18698 21:0 11606
11605 18700 21:0 11625
11624 18730 21:0 11677
11676 18731 21:0 11682
11681 18732 21:0 11687
11686 18733 21:0 11753
11752 18763 21:0 11758
11757 18765 21:0 11763
11762 18764 21:0 11829
11828 18766 21:0 11834
11833 18796 21:0 11839
11838 18798 21:0 11905
11904 18566 21:0 11910
11909 18567 21:0 11915
11914 18799 21:0 11970
11969 18797 21:0 11986
11985 18665 21:0 11991
11990 18666 21:0 12046
12045 18831 21:0 12062
12061 18863 21:0 12067
12066 18862 21:0 12122
12121 18829 21:0 12133
12132 18895 21:0 12143
12142 18898 21:0 12185
12184 18897 21:0 12209
12208 18832 21:0 12219
12218 18929 21:0 12241
12240 18928 21:0 12285
12284 18896 21:0 12292
12291 18930 21:0 12309
12308 18865 21:0 12361
12360 18963 21:0 12366
12365 18830 21:0 12377
12376 18864 21:0 12380
12379 19030 21:0 12388
12385 17588 1:0 12506
12386 17554 1:0 12557
12386 17555 1:0 12637
12387 18961 21:0 12397
12395 17553 1:0 12644
12395 17552 1:0 12655
12396 19027 21:0 12400
12398 17522 1:0 12688
12401 17521 1:0 12768
12401 17520 1:0 12775
12405 17519 1:0 12786
12414 307 21:0 12428
12427 18931 21:0 12508
12434 17487 1:0 12819
12483 17489 1:0 12899
12504 17488 1:0 12907
12507 18994 21:0 12511
12510 19029 21:0 12519
12516 17486 1:0 12917
12517 17456 1:0 12950
12517 17454 1:0 13030
12518 18996 21:0 12522
12521 19028 21:0 12531
12523 17455 1:0 13038
12526 17453 1:0 13048
12526 17421 1:0 13081
12532 17423 1:0 13161
12532 17422 1:0 13169
12537 17420 1:0 13179
12565 17390 1:0 13212
12647 17388 1:0 13292
12648 17389 1:0 13300
12657 17387 1:0 13310
12657 17355 1:0 13343
12663 17357 1:0 13423
12668 17356 1:0 13431
12696 17354 1:0 13441
12778 17324 1:0 13474
12779 17323 1:0 13554
12788 17322 1:0 13561
12788 17321 1:0 13572
12794 17289 1:0 13605
12814 17291 1:0 13685
12827 17290 1:0 13693
12909 17288 1:0 13703
12910 17258 1:0 13736
12919 17256 1:0 13816
12919 17257 1:0 13824
12925 17255 1:0 13834
12945 17225 1:0 13867
13040 17223 1:0 13947
13041 17224 1:0 13955
13041 17222 1:0 13965
13050 17192 1:0 13998
13050 17191 1:0 14078
13058 17190 1:0 14085
13077 17189 1:0 14096
13171 17157 1:0 14129
13172 17159 1:0 14209
13172 17158 1:0 14217
13181 17156 1:0 14227
13181 17126 1:0 14260
13189 17124 1:0 14340
13208 17125 1:0 14348
13220 308 1:0 15688
13302 17123 1:0 14358
14538 20007 21:0 14546
14545 20009 21:0 14596
14595 20008 21:0 14612
14611 20010 21:0 14622
14621 20042 21:0 14644
14643 20041 21:0 14688
14687 20043 21:0 14698
14697 20073 21:0 14716
14715 20074 21:0 14764
14763 20075 21:0 14769
14768 20076 21:0 14788
14787 20107 21:0 14840
14839 20108 21:0 14845
14844 20109 21:0 14864
14863 20139 21:0 14916
14915 20142 21:0 14921
14920 20172 21:0 14926
14925 20173 21:0 14992
14991 20174 21:0 14997
14996 20175 21:0 15002
15001 20206 21:0 15068
15067 20207 21:0 15073
15072 20208 21:0 15078
15077 20238 21:0 15144
15143 20239 21:0 15149
15148 20240 21:0 15154
15153 20140 21:0 15209
15208 20241 21:0 15225
15224 20271 21:0 15230
15229 20272 21:0 15285
15284 20040 21:0 15301
15300 20141 21:0 15306
15305 20306 21:0 15356
15355 20274 21:0 15372
15371 20338 21:0 15382
15381 20304 21:0 15404
15403 20337 21:0 15448
15447 20340 21:0 15458
15457 20106 21:0 15476
15475 20205 21:0 15524
15523 20339 21:0 15529
15528 20404 21:0 15548
15547 20307 21:0 15600
15599 20403 21:0 15605
15604 20273 21:0 15624
15623 20370 21:0 15676
15675 20469 21:0 15681
15680 20439 21:0 15686
15685 20371 21:0 15695
15694 20436 21:0 15703
15700 19028 1:0 15741
15701 19030 1:0 15821
15701 19029 1:0 15829
15702 20405 21:0 15706
15705 20373 21:0 15715
15707 19027 1:0 15839
15710 18996 1:0 15960
15710 18994 1:0 15970
15716 18963 1:0 16091
15716 18961 1:0 16101
15720 18931 1:0 16134
15729 308 21:0 15743
15742 20372 21:0 15823
15749 18930 1:0 16214
15798 18929 1:0 16221
15819 18928 1:0 16232
15822 20438 21:0 15826
15825 20305 21:0 15834
15831 18896 1:0 16265
15832 18898 1:0 16345
15832 18897 1:0 16353
15833 20406 21:0 15837
15836 20437 21:0 15846
15838 18895 1:0 16363
15841 18864 1:0 16396
15841 18865 1:0 16476
15847 18863 1:0 16483
15847 18862 1:0 16494
15852 18830 1:0 16527
15880 18832 1:0 16607
15962 18831 1:0 16615
15963 18829 1:0 16625
15972 18797 1:0 16658
15972 18799 1:0 16738
15978 18798 1:0 16746
15983 18796 1:0 16756
16011 18766 1:0 16789
16093 18764 1:0 16869
16094 18765 1:0 16877
16103 18763 1:0 16887
16103 18733 1:0 16920
16109 18732 1:0 17000
16129 18731 1:0 17007
16142 18730 1:0 17018
16224 18700 1:0 17051
16225 18698 1:0 17131
16234 18699 1:0 17139
16234 18697 1:0 17149
16240 18666 1:0 17182
16260 18667 1:0 17262
16355 18665 1:0 17269
16356 18664 1:0 17280
16356 18634 1:0 17313
16365 18633 1:0 17393
16365 18632 1:0 17400
16373 18631 1:0 17411
16392 18601 1:0 17444
16486 18599 1:0 17524
16487 18600 1:0 17532
16487 18598 1:0 17542
16496 18567 1:0 17575
16496 18568 1:0 17655
16504 18566 1:0 17662
16523 18565 1:0 17673
16535 309 1:0 19003
17853 21449 21:0 17861
17860 21450 21:0 17911
17910 21451 21:0 17927
17926 21452 21:0 17937
17936 21482 21:0 17959
17958 21484 21:0 18003
18002 21483 21:0 18013
18012 21485 21:0 18031
18030 21515 21:0 18079
18078 21516 21:0 18084
18083 21517 21:0 18103
18102 21518 21:0 18155
18154 21548 21:0 18160
18159 21550 21:0 18179
18178 21549 21:0 18231
18230 21551 21:0 18236
18235 21581 21:0 18241
18240 21583 21:0 18307
18306 21582 21:0 18312
18311 21584 21:0 18317
18316 21614 21:0 18383
18382 21616 21:0 18388
18387 21615 21:0 18393
18392 21617 21:0 18459
18458 21647 21:0 18464
18463 21680 21:0 18469
18468 21649 21:0 18524
18537 21746 21:0 18545
18544 21648 21:0 18595
18594 21650 21:0 18611
18610 21682 21:0 18621
18620 21681 21:0 18643
18642 21683 21:0 18687
18686 21713 21:0 18697
18696 21714 21:0 18713
18712 21715 21:0 18763
18762 21716 21:0 18768
18767 21747 21:0 18787
18786 21748 21:0 18839
18838 21749 21:0 18844
18843 21779 21:0 18863
18862 21780 21:0 18915
18914 21781 21:0 18920
18919 21782 21:0 18925
18924 21812 21:0 18991
18990 21813 21:0 18996
18995 21814 21:0 19001
19000 21815 21:0 19010
19009 21845 21:0 19018
19015 20469 1:0 19154
19016 20437 1:0 19187
19016 20439 1:0 19267
19017 21847 21:0 19021
19020 21846 21:0 19030
19022 20438 1:0 19275
19025 20436 1:0 19285
19025 20406 1:0 19318
19031 20405 1:0 19398
19031 20404 1:0 19405
19035 20403 1:0 19416
19044 309 21:0 19058
19057 21848 21:0 19138
19064 20372 1:0 19449
19113 20373 1:0 19529
19134 20371 1:0 19536
19137 21878 21:0 19141
19140 21879 21:0 19149
19146 20370 1:0 19547
19147 20339 1:0 19580
19147 20340 1:0 19660
19148 21880 21:0 19152
19151 21881 21:0 19161
19153 20338 1:0 19667
19156 20337 1:0 19678
19156 20305 1:0 19711
19160 21911 21:0 19189
19162 20307 1:0 19791
19162 20306 1:0 19799
19167 20304 1:0 19809
19188 21913 21:0 19269
19190 20273 1:0 19842
19195 20274 1:0 19922
19249 20272 1:0 19929
19268 21912 21:0 19272
19270 20271 1:0 19940
19271 21914 21:0 19280
19277 20241 1:0 19973
19278 20240 1:0 20053
19279 21944 21:0 19286
19281 20239 1:0 20060
19285 21946 21:0 19292
19287 20238 1:0 20071
19287 20208 1:0 20104
19287 20207 1:0 20184
19293 20206 1:0 20191
19293 20205 1:0 20202
19298 20175 1:0 20235
19326 20174 1:0 20315
19408 20173 1:0 20322
19409 20172 1:0 20333
19418 20141 1:0 20366
19418 20142 1:0 20446
19424 20140 1:0 20453
19444 20139 1:0 20464
19457 20109 1:0 20497
19539 20108 1:0 20577
19540 20107 1:0 20584
19548 14972 21:0 19551
19549 20106 1:0 20595
19549 20076 1:0 20628
19555 20075 1:0 20708
19559 20074 1:0 20715
19588 20073 1:0 20726
19670 20043 1:0 20759
19671 20041 1:0 20839
19680 20042 1:0 20847
19680 20040 1:0 20857
19686 20010 1:0 20890
19691 20008 1:0 20970
19719 20009 1:0 20978
19760 310 1:0 22318
19801 20007 1:0 20988
19802 21946 1:0 22314
19810 15086 21:0 19813
19811 21944 1:0 22323
20895 15563 21:0 20927
21150 22877 21:0 21166
21173 22893 21:0 21190
21189 22894 21:0 21242
21244 22924 21:0 21252
21251 22925 21:0 21302
21301 22891 21:0 21318
21317 22926 21:0 21328
21328 22960 21:0 21394
21396 22990 21:0 21404
21403 71 21:0 21404
21404 22993 21:0 21470
21469 22991 21:0 21475
21477 23025 21:0 21494
21493 23026 21:0 21546
21548 23056 21:0 21556
21555 69 21:0 21556
21556 23059 21:0 21622
21621 23057 21:0 21627
21626 23089 21:0 21632
21632 23092 21:0 21698
21700 23122 21:0 21708
21707 23123 21:0 21758
21757 23125 21:0 21774
21773 22957 21:0 21784
21783 23157 21:0 21806
21805 23156 21:0 21850
21857 23189 21:0 21874
21873 22959 21:0 21926
21925 23188 21:0 21931
21930 23091 21:0 21950
21949 23090 21:0 22002
22001 22892 21:0 22007
22006 23158 21:0 22026
22025 23221 21:0 22078
22077 22992 21:0 22083
22082 23254 21:0 22088
22087 23288 21:0 22154
22153 23255 21:0 22159
22158 23223 21:0 22164
22163 23290 21:0 22230
22229 23023 21:0 22235
22234 23155 21:0 22240
22239 23323 21:0 22300
22299 23356 21:0 22311
22310 23354 21:0 22316
22315 23191 21:0 22322
22323 23191 1:0 22334
22330 23354 1:0 22343
22331 21914 1:0 22371
22340 21912 1:0 22451
22340 21913 1:0 22459
22346 21911 1:0 22469
22359 310 21:0 22373
22367 23356 1:0 22474
22461 21881 1:0 22502
22462 21880 1:0 22582
22462 21879 1:0 22589
22471 21878 1:0 22600
22471 23323 1:0 22605
22479 21848 1:0 22633
22498 21846 1:0 22713
22592 21847 1:0 22721
22593 21845 1:0 22731
22593 23155 1:0 22736
22602 21815 1:0 22764
22602 21814 1:0 22844
22610 21813 1:0 22851
22613 14972 1:0 22855
22641 21812 1:0 22862
22723 23023 1:0 22867
22724 21782 1:0 22895
22733 21781 1:0 22975
22733 21780 1:0 22982
22739 21779 1:0 22993
22759 23290 1:0 22998
22813 21749 1:0 23026
22854 21748 1:0 23106
22855 21747 1:0 23113
22864 15086 1:0 23117
22864 21746 1:0 23124
22870 23223 1:0 23129
22875 21716 1:0 23157
22903 21715 1:0 23237
22985 21714 1:0 23244
22986 21713 1:0 23255
22995 23255 1:0 23260
22995 21683 1:0 23288
23001 21681 1:0 23368
23006 21682 1:0 23376
23034 21680 1:0 23386
23116 23288 1:0 23391
23117 21650 1:0 23419
23126 21648 1:0 23499
23126 21649 1:0 23507
23132 21647 1:0 23517
23152 23254 1:0 23522
23165 21617 1:0 23550
23247 21615 1:0 23630
23248 21616 1:0 23638
23257 21614 1:0 23648
23257 22992 1:0 23653
23263 21584 1:0 23681
23283 21582 1:0 23761
23378 21583 1:0 23769
23378 69 1:0 23772
23379 21581 1:0 23779
23388 23221 1:0 23784
23388 21551 1:0 23812
23394 21549 1:0 23892
23399 21550 1:0 23900
23415 71 1:0 23903
23509 21548 1:0 23910
23510 23158 1:0 23915
23510 21518 1:0 23943
23519 21517 1:0 24023
23519 21516 1:0 24030
23527 21515 1:0 24041
23546 22892 1:0 24046
23640 21485 1:0 24074
23641 21483 1:0 24154
23650 21484 1:0 24162
23650 21482 1:0 24172
23656 15563 1:0 24177
23656 23090 1:0 24177
23661 21452 1:0 24205
23676 311 1:0 24416
23689 21451 1:0 24285
23771 21450 1:0 24292
23772 21449 1:0 24303
23781 23091 1:0 24318
23781 23188 1:0 24390
23787 22959 1:0 24432
23791 11308 1:0 24438
23792 11304 1:0 24441
23808 11306 1:0 24441
23820 11307 1:0 24469
23902 11310 1:0 24469
23902 11311 1:0 24520
23903 11301 1:0 24560
23903 11309 1:0 24600
23903 23189 1:0 24653
23912 11457 1:0 24659
23912 11456 1:0 24662
23912 11454 1:0 24672
23912 11455 1:0 24699
23918 11453 1:0 24744
23920 11458 1:0 24831
23939 23156 1:0 24874
23951 11600 1:0 24880
24033 11603 1:0 24883
24033 11598 1:0 24883
24033 11602 1:0 24911
24034 11604 1:0 24911
24034 11605 1:0 24962
24043 11601 1:0 25032
24043 23157 1:0 25084
24049 22957 1:0 25095
24051 11748 1:0 25101
24051 11739 1:0 25104
24054 11747 1:0 25104
24070 11751 1:0 25132
24082 11752 1:0 25132
24164 11749 1:0 25183
24164 11750 1:0 25263
24165 22991 1:0 25305
24174 23089 1:0 25316
24174 11894 1:0 25322
24174 11898 1:0 25325
24180 11899 1:0 25353
24180 11897 1:0 25353
24184 11895 1:0 25404
24200 11896 1:0 25483
24213 23092 1:0 25526
24295 23125 1:0 25537
24296 12041 1:0 25543
24296 12040 1:0 25546
24296 12046 1:0 25546
24305 12044 1:0 25574
24305 12042 1:0 25574
24305 12045 1:0 25625
24305 12043 1:0 25704
24313 23056 1:0 25747
24332 23123 1:0 25758
24344 12193 1:0 25764
24385 12190 1:0 25767
24428 12191 1:0 25776
24428 12188 1:0 25803
24429 12189 1:0 25849
24429 12192 1:0 25935
24438 23122 1:0 25979
24438 12336 1:0 25985
24438 12339 1:0 25988
24444 12327 1:0 25998
24444 12338 1:0 25998
24446 12337 1:0 26025
24457 311 21:0 24471
24464 12335 1:0 26070
24465 12340 1:0 26157
24518 23026 1:0 26200
24531 12482 1:0 26206
24547 12483 1:0 26209
24547 12475 1:0 26219
24548 12485 1:0 26219
24566 11301 21:0 24586
24597 12486 1:0 26247
24606 11309 21:0 24641
24607 12484 1:0 26291
24617 12487 1:0 26378
24640 11311 21:0 24644
24643 11310 21:0 24644
24643 11307 21:0 24652
24649 23059 1:0 26421
24650 12631 1:0 26427
24650 12633 1:0 26430
24650 12630 1:0 26458
24651 11306 21:0 24655
24654 11308 21:0 24655
24654 11304 21:0 24655
24656 12634 1:0 26458
24656 12632 1:0 26509
24659 12629 1:0 26578
24659 23057 1:0 26635
24659 12780 1:0 26648
24665 22960 1:0 26642
24667 12768 1:0 26648
24667 12774 1:0 26651
24670 12779 1:0 26651
24686 12781 1:0 26679
24698 12778 1:0 26679
24739 12776 1:0 26730
24752 12777 1:0 26800
24769 23025 1:0 26857
24828 22993 1:0 26863
24837 11458 21:0 24862
24838 12928 1:0 26869
24861 11453 21:0 24865
24864 11455 21:0 24865
24864 11454 21:0 24873
24870 12924 1:0 26872
24870 12923 1:0 26882
24871 12925 1:0 26909
24871 12926 1:0 26954
24871 12927 1:0 27040
24872 11456 21:0 24876
24875 11457 21:0 24876
24877 22990 1:0 27084
24880 13072 1:0 27090
24880 13073 1:0 27093
24880 13075 1:0 27121
24880 13074 1:0 27121
24886 13071 1:0 27172
24886 13070 1:0 27241
24906 22926 1:0 27294
24960 22894 1:0 27305
24968 13222 1:0 27311
24988 13221 1:0 27314
24989 13218 1:0 27342
25038 11601 21:0 25083
25039 13220 1:0 27342
25049 13219 1:0 27393
25059 13217 1:0 27462
25082 11605 21:0 25086
25085 11604 21:0 25086
25085 11602 21:0 25094
25091 22925 1:0 27515
25092 22924 1:0 27526
25092 13367 1:0 27532
25093 11603 21:0 25097
25095 13364 1:0 27535
25096 11600 21:0 25097
25096 11598 21:0 25097
25098 13357 1:0 27544
25098 13369 1:0 27544
25098 13365 1:0 27571
25101 13366 1:0 27617
25101 13368 1:0 27703
25101 22893 1:0 27741
25109 22891 1:0 27747
25112 13511 1:0 27753
25127 22877 1:0 27753
25140 13514 1:0 27756
25140 13603 1:0 27765
25181 13516 1:0 27765
25194 13512 1:0 27792
25210 13513 1:0 27838
25210 13515 1:0 27924
25211 13604 1:0 27965
25222 11739 21:0 25266
25269 11750 21:0 25304
25303 11749 21:0 25307
25306 11752 21:0 25307
25306 11751 21:0 25315
25314 11747 21:0 25318
25317 11748 21:0 25318
25493 11896 21:0 25525
25524 11895 21:0 25528
25527 11899 21:0 25528
25527 11897 21:0 25536
25535 11898 21:0 25539
25538 11894 21:0 25539
25714 12043 21:0 25746
25745 12045 21:0 25749
25748 12042 21:0 25749
25748 12044 21:0 25757
25756 12046 21:0 25760
25759 12041 21:0 25760
25759 12040 21:0 25760
25945 12192 21:0 25967
25966 12189 21:0 25970
25969 12188 21:0 25970
25969 12191 21:0 25978
25977 12190 21:0 25981
25980 12193 21:0 25981
26106 12327 21:0 26150
26163 12340 21:0 26188
26187 12335 21:0 26191
26190 12337 21:0 26191
26190 12338 21:0 26199
26198 12339 21:0 26202
26201 12336 21:0 26202
26324 12475 21:0 26370
26384 12487 21:0 26409
26408 12484 21:0 26412
26411 12486 21:0 26412
26411 12485 21:0 26420
26419 12483 21:0 26423
26422 12482 21:0 26423
26588 12629 21:0 26630
26629 12632 21:0 26633
26632 12634 21:0 26633
26632 12630 21:0 26641
26640 12633 21:0 26644
26643 12631 21:0 26644
26806 12777 21:0 26851
26850 12776 21:0 26854
26853 12781 21:0 26854
26853 12778 21:0 26862
26861 12779 21:0 26865
26864 12774 21:0 26865
26864 12780 21:0 26865
26864 12768 21:0 26871
27050 12927 21:0 27072
27071 12926 21:0 27075
27074 12925 21:0 27075
27074 12923 21:0 27083
27082 12924 21:0 27086
27085 12928 21:0 27086
27251 13070 21:0 27293
27292 13071 21:0 27296
27295 13075 21:0 27296
27295 13074 21:0 27304
27303 13073 21:0 27307
27306 13072 21:0 27307
27472 13217 21:0 27514
27513 13219 21:0 27517
27516 13218 21:0 27517
27516 13220 21:0 27525
27524 13221 21:0 27528
27527 13222 21:0 27528
27650 13357 21:0 27696
27713 13368 21:0 27735
27734 13366 21:0 27738
27737 13365 21:0 27738
27737 13369 21:0 27746
27745 13364 21:0 27749
27748 13367 21:0 27749
27934 13515 21:0 152
