149 15438 0:0 151
150 341 0:0 151
150 15434 0:0 151
150 15439 0:0 151
150 15435 0:0 151
150 15436 0:0 151
150 15433 0:0 151
150 15427 0:0 151
150 15426 0:0 151
150 15432 0:0 151
205 15633 21:0 213
210 15634 0:0 213
210 15635 0:0 213
213 15636 21:0 284
283 15666 21:0 289
288 15668 0:0 289
288 15667 21:0 360
353 15669 0:0 355
359 15699 0:0 360
362 15700 21:0 431
364 15701 0:0 365
429 15702 0:0 431
433 15732 21:0 441
440 15733 0:0 441
440 15734 21:0 507
505 15735 0:0 507
509 15765 0:0 512
514 15767 21:0 572
516 15766 0:0 517
571 15768 0:0 583
585 15798 0:0 588
590 15799 21:0 651
592 15800 0:0 593
651 15801 0:0 659
661 15831 21:0 669
668 15832 0:0 669
668 15833 21:0 735
733 15834 0:0 735
737 15864 0:0 740
742 15865 21:0 811
744 15866 0:0 745
809 15867 0:0 811
813 15897 0:0 816
818 15898 21:0 887
820 15899 0:0 821
885 15900 0:0 887
889 15930 0:0 892
894 15932 21:0 963
896 15931 0:0 897
961 15933 0:0 963
965 15963 21:0 973
972 15964 21:0 1039
1037 15966 0:0 1039
1041 15996 0:0 1044
1046 15997 21:0 1111
1048 15998 0:0 1049
1111 15999 0:0 1115
1117 16029 21:0 1125
1124 16030 0:0 1125
1124 16031 21:0 1191
1189 16032 0:0 1191
1198 16063 21:0 1267
1200 16064 0:0 1201
1265 16065 0:0 1267
1266 15965 21:0 1272
1269 16095 0:0 1272
1274 16097 21:0 1343
1276 16096 0:0 1277
1341 16098 0:0 1343
1345 16128 0:0 1348
1350 16130 21:0 1419
1417 16131 0:0 1419
1525 16207 21:0 1535
1563 16131 1:0 1798
1564 16130 1:0 1805
1564 16128 1:0 1814
1572 16098 1:0 1920
1572 16097 1:0 1927
1582 16096 1:0 1926
1685 16095 1:0 1936
1686 16065 1:0 2042
1694 16063 1:0 2048
1694 16064 1:0 2049
1700 16032 1:0 2164
1703 16295 21:0 1725
1719 16031 1:0 2171
1807 16030 1:0 2170
1808 16029 1:0 2180
1816 15999 1:0 2286
1816 15997 1:0 2292
1822 15998 1:0 2293
1928 16402 21:0 1932
1929 15996 1:0 2302
1930 15966 1:0 2408
1930 15965 1:0 2408
1938 15964 1:0 2414
1938 15963 1:0 2424
1944 15933 1:0 2530
2050 16459 21:0 2054
2051 15932 1:0 2537
2052 15931 1:0 2536
2052 15930 1:0 2546
2060 16463 21:0 2062
2060 15900 1:0 2652
2060 15898 1:0 2658
2066 15899 1:0 2659
2172 16516 21:0 2176
2173 15897 1:0 2668
2174 15867 1:0 2774
2174 15865 1:0 2780
2182 15866 1:0 2781
2182 15864 1:0 2790
2188 15834 1:0 2896
2294 16573 21:0 2298
2295 15833 1:0 2903
2296 15832 1:0 2902
2296 15831 1:0 2912
2304 15801 1:0 3018
2304 15799 1:0 3024
2314 15800 1:0 3025
2417 15798 1:0 3034
2418 15768 1:0 3140
2418 15767 1:0 3147
2426 15766 1:0 3146
2432 15765 1:0 3156
2450 15735 1:0 3262
2539 15734 1:0 3269
2540 15733 1:0 3268
2548 15732 1:0 3278
2548 15702 1:0 3384
2554 15700 1:0 3390
2661 15701 1:0 3391
2662 15699 1:0 3400
2662 15669 1:0 3506
2670 15667 1:0 3512
2676 15668 1:0 3513
2694 15666 1:0 3522
2695 335 1:0 3748
2783 15636 1:0 3628
2784 15635 1:0 3635
2792 15634 1:0 3634
2792 15633 1:0 3644
2923 16865 21:0 2945
3167 16979 21:0 3189
3402 17090 21:0 3404
3411 17093 21:0 3433
3746 334 21:0 3796
3796 17269 21:0 3812
3814 17284 21:0 3822
3821 17286 0:0 3822
3821 17285 21:0 3888
3886 17287 0:0 3888
3887 17283 21:0 3893
3890 17317 0:0 3893
3892 13 21:0 3893
3895 17319 21:0 3964
3897 17318 0:0 3898
3946 17329 0:0 3948
3962 17320 0:0 3964
3963 11 21:0 3964
3966 17350 21:0 3974
3971 17351 0:0 3974
3973 17352 0:0 3974
3974 17353 21:0 4045
4044 49 21:0 4045
4044 17383 0:0 4045
4044 17366 21:0 4045
4047 17385 21:0 4105
4049 17384 0:0 4050
4104 17386 0:0 4116
4107 17388 21:0 4116
4115 69 21:0 4116
4115 67 21:0 4121
4118 17416 0:0 4121
4120 17402 21:0 4121
4123 17417 21:0 4181
4125 17418 0:0 4126
4180 17419 0:0 4192
4180 17427 21:0 4192
4191 17436 21:0 4192
4194 17449 21:0 4202
4201 17450 0:0 4202
4201 17451 0:0 4202
4202 17452 21:0 4273
4272 17482 21:0 4278
4277 17484 0:0 4278
4277 17483 21:0 4344
4290 17474 0:0 4292
4342 17485 0:0 4344
4346 17515 21:0 4354
4353 17517 0:0 4354
4353 141 0:0 4354
4353 17516 0:0 4354
4354 17518 21:0 4425
4424 17548 21:0 4430
4429 17550 0:0 4430
4429 17549 21:0 4496
4443 17559 0:0 4444
4494 17551 0:0 4496
4498 17581 21:0 4506
4505 17583 0:0 4506
4505 17582 21:0 4572
4570 17584 0:0 4572
4571 17481 21:0 4577
4574 17614 0:0 4577
4576 17535 21:0 4577
4579 17615 21:0 4641
4581 17616 0:0 4582
4640 17634 21:0 4648
4640 17617 0:0 4648
4647 17613 21:0 4648
4650 17647 21:0 4658
4657 17649 0:0 4658
4657 17648 21:0 4724
4722 17650 0:0 4724
4726 17680 21:0 4734
4733 17682 0:0 4734
4733 17681 21:0 4800
4798 17683 0:0 4800
4802 17713 21:0 4810
4809 17715 0:0 4810
4809 17714 21:0 4876
4874 17716 0:0 4876
4878 17746 21:0 4886
4885 17747 0:0 4886
4885 17748 21:0 4952
4950 17749 0:0 4952
4954 17779 21:0 4962
4961 17781 0:0 4962
4961 17780 21:0 5028
5026 17782 0:0 5028
5030 17812 21:0 5038
5037 17813 0:0 5038
5037 17814 21:0 5104
5102 17815 0:0 5104
5103 17733 21:0 5109
5108 17434 21:0 5109
5108 123 21:0 5114
5113 17700 21:0 5114
5134 17858 21:0 5144
5143 17600 21:0 5167
5166 101 21:0 5167
5166 249 21:0 5170
5169 17672 21:0 5170
5169 17777 21:0 5178
5175 17815 1:0 5296
5176 17813 1:0 5303
5176 17814 1:0 5304
5185 17812 1:0 5314
5185 16295 1:0 5323
5191 17782 1:0 5427
5194 16238 21:0 5218
5196 17780 1:0 5434
5224 17781 1:0 5435
5304 16288 21:0 5309
5306 17779 1:0 5445
5307 17777 1:0 5455
5307 16402 1:0 5558
5307 17749 1:0 5558
5316 17747 1:0 5565
5316 17748 1:0 5566
5322 17746 1:0 5576
5324 16463 1:0 5609
5325 16295 21:0 5349
5327 17733 1:0 5606
5342 249 1:0 5660
5437 16459 1:0 5689
5437 17716 1:0 5689
5438 17714 1:0 5696
5438 17715 1:0 5697
5447 17713 1:0 5707
5447 17700 1:0 5737
5447 16516 1:0 5820
5453 17683 1:0 5820
5456 16352 21:0 5480
5473 17681 1:0 5827
5568 17682 1:0 5828
5569 17680 1:0 5838
5569 17672 1:0 5853
5569 17650 1:0 5951
5578 16573 1:0 5951
5578 17648 1:0 5958
5584 17649 1:0 5959
5589 17647 1:0 5969
5604 17634 1:0 5999
5605 17613 1:0 6082
5697 16459 21:0 5702
5699 17617 1:0 6082
5700 17615 1:0 6089
5700 17616 1:0 6090
5709 17614 1:0 6100
5709 17600 1:0 6139
5715 17584 1:0 6213
5720 17582 1:0 6220
5830 17583 1:0 6221
5831 17581 1:0 6231
5831 17559 1:0 6323
5831 17551 1:0 6344
5840 17549 1:0 6351
5840 17550 1:0 6352
5848 17548 1:0 6362
5851 17535 1:0 6367
5961 17518 1:0 6475
5962 17516 1:0 6482
5962 17517 1:0 6483
5970 16577 21:0 5973
5971 141 1:0 6488
5971 17515 1:0 6493
5971 123 1:0 6577
5974 17485 1:0 6606
5977 17481 1:0 6606
5980 16580 21:0 6004
5982 17483 1:0 6613
6010 17484 1:0 6614
6092 17482 1:0 6624
6093 16865 1:0 6629
6093 17474 1:0 6631
6093 17452 1:0 6737
6102 17450 1:0 6744
6102 17451 1:0 6745
6110 17449 1:0 6755
6113 101 1:0 6759
6128 17436 1:0 6785
6129 17434 1:0 6794
6141 17427 1:0 6847
6223 17419 1:0 6868
6224 17417 1:0 6875
6233 17418 1:0 6876
6233 17416 1:0 6886
6233 16979 1:0 6895
6233 17402 1:0 6919
6239 67 1:0 6970
6239 17388 1:0 6983
6259 17386 1:0 6999
6352 16744 21:0 6357
6354 17385 1:0 7007
6355 17384 1:0 7006
6355 69 1:0 7012
6355 17383 1:0 7017
6364 17366 1:0 7022
6364 17353 1:0 7130
6364 49 1:0 7132
6364 17090 1:0 7141
6370 17352 1:0 7138
6391 17351 1:0 7137
6485 17350 1:0 7148
6485 17093 1:0 7157
6486 17329 1:0 7213
6486 17320 1:0 7261
6495 17318 1:0 7268
6495 17319 1:0 7269
6501 17317 1:0 7279
6503 13 1:0 7363
6534 17287 1:0 7392
6616 17283 1:0 7392
6616 336 1:0 7521
6617 17285 1:0 7399
6617 17286 1:0 7400
6626 17284 1:0 7410
6626 11 1:0 7414
6626 17269 1:0 7449
6766 16922 21:0 6790
6897 16979 21:0 6921
7028 17036 21:0 7052
7138 17086 21:0 7143
7400 17200 21:0 7405
7411 17204 21:0 7414
7519 335 21:0 7569
7569 18920 21:0 7585
7587 18935 21:0 7595
7594 18936 0:0 7595
7594 18937 21:0 7661
7659 18938 0:0 7661
7663 18968 21:0 7671
7670 18969 0:0 7671
7670 18970 21:0 7737
7735 18971 0:0 7737
7739 19001 21:0 7747
7746 19003 0:0 7747
7746 19002 21:0 7813
7811 19004 0:0 7813
7812 18986 21:0 7818
7815 19034 0:0 7818
7817 15 21:0 7818
7820 19036 21:0 7878
7822 19035 0:0 7823
7877 19013 21:0 7889
7877 19037 0:0 7889
7888 19050 21:0 7889
7891 19067 21:0 7899
7898 19069 0:0 7899
7898 19068 21:0 7965
7963 19070 0:0 7965
7964 19079 21:0 7970
7967 19100 0:0 7970
7969 19017 21:0 7970
7972 19101 21:0 8034
7974 19102 0:0 7975
8033 19092 21:0 8041
8033 19103 0:0 8041
8040 19112 21:0 8041
8040 19098 21:0 8046
8043 19133 0:0 8046
8045 18988 21:0 8046
8048 19134 21:0 8117
8050 19135 0:0 8051
8115 19136 0:0 8117
8116 19153 21:0 8117
8116 19151 21:0 8117
8116 19116 21:0 8122
8119 19166 0:0 8122
8121 19026 21:0 8122
8124 19168 21:0 8190
8126 19167 0:0 8127
8189 19169 0:0 8193
8189 18973 21:0 8193
8192 19186 21:0 8193
8192 18987 21:0 8198
8195 19199 0:0 8198
8200 19200 21:0 8258
8202 19201 0:0 8203
8257 19202 0:0 8269
8260 19204 21:0 8269
8271 19232 0:0 8274
8276 19234 21:0 8334
8278 19233 0:0 8279
8333 177 21:0 8345
8333 19235 0:0 8345
8344 19243 21:0 8345
8345 191 21:0 8350
8347 19265 0:0 8350
8349 19248 21:0 8350
8352 19266 21:0 8412
8354 19267 0:0 8355
8411 19268 0:0 8421
8411 19284 21:0 8421
8420 19264 21:0 8421
8423 19298 21:0 8431
8430 19300 0:0 8431
8430 19299 21:0 8497
8495 19301 0:0 8497
8499 19331 21:0 8507
8506 19333 0:0 8507
8506 19332 21:0 8573
8571 19334 0:0 8573
8575 19364 21:0 8583
8582 19365 0:0 8583
8582 19366 21:0 8649
8647 19367 0:0 8649
8651 19397 21:0 8659
8658 19398 0:0 8659
8658 19399 21:0 8725
8723 19400 0:0 8725
8727 19430 21:0 8735
8734 19431 0:0 8735
8734 19432 21:0 8801
8799 19433 0:0 8801
8803 19463 21:0 8811
8810 19465 21:0 8877
8876 19464 21:0 8887
8907 19509 21:0 8917
8916 19466 21:0 8943
8948 19466 1:0 8958
8948 16288 1:0 8961
8948 16238 1:0 8961
8949 19464 1:0 9069
8958 19465 1:0 9077
8958 19463 1:0 9087
8958 16295 1:0 9096
8964 19433 1:0 9200
8985 19432 1:0 9208
9079 19431 1:0 9207
9080 19430 1:0 9218
9080 16352 1:0 9227
9089 19400 1:0 9331
9089 19399 1:0 9339
9095 19398 1:0 9338
9115 19397 1:0 9349
9210 16459 1:0 9462
9210 19367 1:0 9462
9211 19366 1:0 9470
9220 19365 1:0 9469
9220 19364 1:0 9480
9226 19334 1:0 9593
9231 19332 1:0 9600
9341 19333 1:0 9601
9342 19331 1:0 9611
9342 19301 1:0 9724
9342 16577 1:0 9724
9350 16406 21:0 9353
9351 19299 1:0 9731
9351 19300 1:0 9732
9357 19298 1:0 9742
9359 16580 1:0 9751
9362 19284 1:0 9781
9377 19264 1:0 9855
9472 19268 1:0 9855
9473 19266 1:0 9862
9473 19267 1:0 9863
9482 19265 1:0 9873
9482 191 1:0 9877
9482 19248 1:0 9912
9482 19243 1:0 9965
9488 19235 1:0 9986
9509 19234 1:0 9994
9603 19233 1:0 9993
9603 177 1:0 9999
9604 19232 1:0 10004
9604 19204 1:0 10088
9613 16744 1:0 10117
9613 19202 1:0 10117
9613 19200 1:0 10124
9621 19201 1:0 10125
9652 19199 1:0 10135
9732 16573 21:0 9737
9734 19186 1:0 10165
9735 19169 1:0 10248
9735 19168 1:0 10256
9744 19167 1:0 10255
9744 19166 1:0 10266
9744 19153 1:0 10296
9744 19151 1:0 10305
9752 19136 1:0 10379
9783 19134 1:0 10386
9865 19135 1:0 10387
9866 19133 1:0 10397
9866 19116 1:0 10427
9866 19112 1:0 10462
9875 19103 1:0 10510
9875 19101 1:0 10517
9883 19102 1:0 10518
9914 19100 1:0 10528
9994 16687 21:0 9999
9996 19098 1:0 10533
9996 16922 1:0 10537
9996 19092 1:0 10543
9996 19079 1:0 10593
9997 19070 1:0 10641
10006 19068 1:0 10648
10006 19069 1:0 10649
10012 19067 1:0 10659
10012 16979 1:0 10668
10012 19050 1:0 10698
10015 16694 21:0 10039
10033 19037 1:0 10772
10127 19036 1:0 10780
10128 19035 1:0 10779
10128 19034 1:0 10790
10136 16748 21:0 10139
10137 19026 1:0 10795
10137 17036 1:0 10799
10137 19017 1:0 10820
10137 19013 1:0 10855
10137 19004 1:0 10903
10140 17086 1:0 10903
10145 19002 1:0 10910
10176 19003 1:0 10911
10256 16801 21:0 10261
10258 19001 1:0 10921
10259 18988 1:0 10951
10259 18987 1:0 10951
10259 18986 1:0 10960
10259 18973 1:0 11018
10268 18971 1:0 11034
10268 18970 1:0 11042
10274 18969 1:0 11041
10279 18968 1:0 11052
10294 17200 1:0 11085
10295 15 1:0 11136
10387 16858 21:0 10392
10389 18938 1:0 11165
10389 17204 1:0 11165
10390 18937 1:0 11173
10390 337 1:0 11294
10398 16862 21:0 10401
10399 18936 1:0 11172
10399 18935 1:0 11183
10399 18920 1:0 11222
10539 16922 21:0 10563
10791 17033 21:0 10794
11063 17150 21:0 11087
11292 336 21:0 11342
11341 20564 21:0 11358
11360 20586 21:0 11365
11365 20587 21:0 11434
11367 20588 0:0 11368
11432 20589 0:0 11434
11433 20617 21:0 11434
11433 20602 21:0 11439
11436 20619 0:0 11439
11441 20620 21:0 11510
11442 33 0:0 11444
11443 20621 0:0 11444
11508 20622 0:0 11510
11509 20650 21:0 11510
11512 20652 21:0 11520
11519 20653 0:0 11520
11519 20654 21:0 11586
11584 20655 0:0 11586
11585 20672 21:0 11591
11588 20685 0:0 11591
11590 47 21:0 11591
11593 20686 21:0 11662
11595 20687 0:0 11596
11660 20688 0:0 11662
11661 20705 21:0 11662
11664 20718 21:0 11672
11669 20719 0:0 11672
11669 20720 0:0 11672
11672 20721 21:0 11743
11742 20751 21:0 11748
11747 20752 0:0 11748
11747 20753 0:0 11748
11748 20754 21:0 11814
11816 20784 21:0 11824
11823 20785 0:0 11824
11823 20786 21:0 11890
11888 20787 0:0 11890
11889 20769 21:0 11895
11892 20817 0:0 11895
11894 20796 21:0 11895
11897 20818 21:0 11966
11899 20819 0:0 11900
11964 20820 0:0 11966
11965 49 21:0 11966
11965 20782 21:0 11966
11965 20803 21:0 11971
11968 20850 0:0 11971
11970 20630 21:0 11971
11973 20851 21:0 12042
11975 20852 0:0 11976
12030 20869 0:0 12031
12040 20853 0:0 12042
12041 20837 21:0 12042
12041 20868 21:0 12042
12044 20883 21:0 12052
12051 20884 0:0 12052
12051 177 0:0 12052
12051 20885 21:0 12118
12116 20886 0:0 12118
12120 20916 21:0 12128
12127 20917 0:0 12128
12127 20918 21:0 12194
12192 20919 0:0 12194
12196 20949 21:0 12204
12203 20951 0:0 12204
12203 20950 21:0 12270
12268 20952 0:0 12270
12272 20982 21:0 12280
12279 20983 0:0 12280
12279 20984 21:0 12346
12334 20998 0:0 12335
12344 20985 0:0 12346
12348 21015 21:0 12356
12355 21017 0:0 12356
12355 21016 21:0 12422
12420 21018 0:0 12422
12424 21048 21:0 12432
12431 21049 0:0 12432
12431 21050 21:0 12498
12496 21051 0:0 12498
12500 21081 21:0 12508
12507 21082 0:0 12508
12507 21083 21:0 12574
12572 21084 0:0 12574
12576 21114 21:0 12584
12583 21115 0:0 12584
12583 21116 21:0 12650
12648 21117 0:0 12650
12652 21147 21:0 12660
12680 21160 21:0 12690
12689 20849 21:0 12713
12712 20870 21:0 12713
12712 20836 21:0 12716
12721 21147 1:0 12729
12722 21117 1:0 12842
12731 21115 1:0 12849
12731 21116 1:0 12850
12737 21114 1:0 12860
12757 21084 1:0 12973
12852 21083 1:0 12981
12853 21082 1:0 12980
12853 21081 1:0 12991
12862 16406 1:0 13104
12862 21051 1:0 13104
12868 21050 1:0 13112
12873 21049 1:0 13111
12983 21048 1:0 13122
12984 21018 1:0 13235
12984 21016 1:0 13242
12993 21017 1:0 13243
12993 21015 1:0 13253
12993 20998 1:0 13292
13001 20985 1:0 13366
13032 20984 1:0 13374
13114 20983 1:0 13373
13115 20982 1:0 13384
13115 16573 1:0 13497
13124 20952 1:0 13497
13124 20950 1:0 13504
13130 20951 1:0 13505
13133 16409 21:0 13157
13151 20949 1:0 13515
13245 20919 1:0 13628
13246 20917 1:0 13635
13246 20918 1:0 13636
13255 20916 1:0 13646
13255 16687 1:0 13759
13261 20886 1:0 13759
13266 20885 1:0 13767
13376 20884 1:0 13766
13377 177 1:0 13772
13377 20883 1:0 13777
13377 16694 1:0 13786
13377 20870 1:0 13807
13377 20868 1:0 13816
13377 20869 1:0 13816
13386 20853 1:0 13890
13386 20849 1:0 13890
13392 20851 1:0 13897
13395 16523 21:0 13419
13397 20852 1:0 13898
13412 16748 1:0 13907
13507 20850 1:0 13908
13507 20837 1:0 13938
13507 20836 1:0 13947
13507 16801 1:0 14021
13508 20820 1:0 14021
13517 20818 1:0 14028
13517 20819 1:0 14029
13523 20817 1:0 14039
13523 20803 1:0 14044
13525 20782 1:0 14069
13528 16862 1:0 14069
13543 20796 1:0 14104
13544 16858 1:0 14152
13638 20787 1:0 14152
13639 20786 1:0 14160
13647 16634 21:0 13650
13648 20785 1:0 14159
13648 20784 1:0 14170
13648 20769 1:0 14175
13654 20754 1:0 14283
13659 20752 1:0 14290
13767 16687 21:0 13772
13769 20753 1:0 14291
13770 20751 1:0 14301
13770 16922 1:0 14306
13770 20721 1:0 14414
13779 20719 1:0 14421
13779 20720 1:0 14422
13785 20718 1:0 14432
13787 20705 1:0 14462
13818 20688 1:0 14545
13900 20686 1:0 14552
13901 20687 1:0 14553
13910 17033 1:0 14562
13910 20685 1:0 14563
13910 20672 1:0 14593
13910 49 1:0 14676
13916 20655 1:0 14676
13921 20654 1:0 14684
14029 16801 21:0 14034
14031 20653 1:0 14683
14032 20652 1:0 14694
14032 47 1:0 14698
14032 20650 1:0 14704
14032 20622 1:0 14807
14040 16805 21:0 14043
14041 20630 1:0 14786
14041 20620 1:0 14814
14044 20621 1:0 14815
14047 33 1:0 14820
14050 16808 21:0 14074
14052 20619 1:0 14825
14067 20617 1:0 14835
14068 17150 1:0 14834
14068 20602 1:0 14864
14080 338 1:0 15067
14162 20589 1:0 14938
14163 20587 1:0 14945
14172 20588 1:0 14946
14172 20586 1:0 14956
14172 20564 1:0 15040
14443 16979 21:0 14467
14553 17029 21:0 14558
14574 17036 21:0 14598
14815 17143 21:0 14820
14826 17147 21:0 14829
14967 17207 21:0 14991
15065 337 21:0 15115
15115 22220 21:0 15131
15133 22237 0:0 15136
15138 22238 21:0 15207
15140 22239 0:0 15141
15205 22240 0:0 15207
15206 22229 21:0 15207
15206 22253 21:0 15212
15209 22270 0:0 15212
15211 22255 21:0 15212
15214 22272 21:0 15283
15216 22271 0:0 15217
15271 22289 0:0 15272
15281 22273 0:0 15283
15282 22301 21:0 15283
15285 22303 21:0 15293
15292 22304 0:0 15293
15292 22305 21:0 15359
15357 22306 0:0 15359
15361 22336 21:0 15369
15368 22338 0:0 15369
15368 22337 0:0 15369
15369 22339 21:0 15437
15381 67 0:0 15383
15437 22369 21:0 15445
15442 22371 0:0 15445
15442 22370 0:0 15445
15445 22372 21:0 15513
15513 22402 21:0 15521
15520 22404 0:0 15521
15520 22403 0:0 15521
15521 22405 21:0 15592
15586 22433 0:0 15587
15591 22435 21:0 15597
15596 22437 0:0 15597
15596 22436 21:0 15663
15661 22438 0:0 15663
15662 22455 21:0 15668
15665 22468 0:0 15668
15667 22302 21:0 15668
15670 22470 21:0 15739
15672 22469 0:0 15673
15737 22471 0:0 15739
15738 22480 21:0 15739
15738 22486 21:0 15739
15741 22501 21:0 15749
15748 22503 0:0 15749
15748 22502 0:0 15749
15749 22504 21:0 15820
15803 22520 0:0 15804
15819 22534 21:0 15825
15824 22535 0:0 15825
15824 22536 0:0 15825
15825 22537 21:0 15893
15890 22554 0:0 15891
15893 22567 21:0 15901
15900 22569 0:0 15901
15900 22568 21:0 15967
15965 22570 0:0 15967
15969 22600 21:0 15977
15976 22599 0:0 15977
15976 22602 0:0 15977
15976 22601 21:0 16043
16041 22603 0:0 16043
16045 22633 21:0 16053
16052 22635 0:0 16053
16052 22634 21:0 16119
16117 22636 0:0 16119
16121 22666 21:0 16129
16128 22668 0:0 16129
16128 22667 21:0 16195
16141 22658 0:0 16143
16141 247 0:0 16143
16193 22669 0:0 16195
16197 22699 21:0 16205
16204 22701 0:0 16205
16204 22700 21:0 16271
16269 22702 0:0 16271
16273 22732 21:0 16281
16280 22733 0:0 16281
16280 22734 21:0 16347
16345 22735 0:0 16347
16349 22765 21:0 16357
16356 22767 0:0 16357
16356 22766 21:0 16423
16421 22768 0:0 16423
16422 22321 21:0 16428
16427 22368 21:0 16428
16427 47 21:0 16433
16432 22686 21:0 16433
16453 22811 21:0 16463
16462 22796 21:0 16486
16485 22620 21:0 16486
16485 22777 21:0 16489
16487 22796 1:0 16512
16488 22479 21:0 16489
16488 22434 21:0 16497
16494 22777 1:0 16567
16495 22768 1:0 16615
16496 22454 21:0 16497
16496 303 21:0 16500
16501 303 1:0 16615
16501 22766 1:0 16622
16504 22767 1:0 16623
16504 22765 1:0 16633
16510 22735 1:0 16746
16513 16238 21:0 16537
16515 22734 1:0 16754
16543 22733 1:0 16753
16625 22732 1:0 16764
16626 22702 1:0 16877
16635 22700 1:0 16884
16635 22701 1:0 16885
16641 22699 1:0 16895
16641 16409 1:0 16904
16643 22686 1:0 16925
16644 16295 21:0 16668
16662 22669 1:0 17008
16756 247 1:0 17010
16756 22667 1:0 17015
16757 22668 1:0 17016
16766 22666 1:0 17026
16766 22658 1:0 17041
16766 22636 1:0 17139
16772 22634 1:0 17146
16775 16352 21:0 16799
16793 22635 1:0 17147
16885 16402 21:0 16890
16887 22633 1:0 17157
16887 16523 1:0 17166
16887 22620 1:0 17187
16888 22603 1:0 17270
16897 22601 1:0 17277
16897 22602 1:0 17278
16897 22599 1:0 17281
16903 22600 1:0 17288
16903 16634 1:0 17401
16924 22570 1:0 17401
17018 22568 1:0 17408
17019 22569 1:0 17409
17028 22567 1:0 17419
17028 22554 1:0 17425
17028 22537 1:0 17532
17034 22536 1:0 17540
17054 22535 1:0 17539
17055 16687 1:0 17538
17149 22534 1:0 17550
17150 22520 1:0 17585
17150 22504 1:0 17663
17158 16520 21:0 17161
17159 22502 1:0 17670
17159 22503 1:0 17671
17165 22501 1:0 17681
17165 22479 1:0 17711
17165 22486 1:0 17711
17167 22480 1:0 17746
17170 16801 1:0 17794
17280 22471 1:0 17794
17281 22469 1:0 17801
17281 22470 1:0 17802
17281 16805 1:0 17811
17290 22468 1:0 17812
17290 16808 1:0 17821
17290 22455 1:0 17842
17290 22454 1:0 17851
17290 22434 1:0 17925
17298 22438 1:0 17925
17329 22436 1:0 17932
17411 22437 1:0 17933
17412 22435 1:0 17943
17412 22433 1:0 17949
17421 22405 1:0 18056
17421 22403 1:0 18063
17427 22404 1:0 18064
17430 16637 21:0 17454
17448 22402 1:0 18074
17542 22372 1:0 18187
17543 22370 1:0 18194
17543 22371 1:0 18195
17552 22368 1:0 18198
17552 22369 1:0 18205
17552 16979 1:0 18210
17558 22339 1:0 18318
17558 67 1:0 18320
17579 22338 1:0 18326
17591 17029 1:0 18324
17673 22337 1:0 18325
17674 22336 1:0 18336
17674 17036 1:0 18345
17674 22321 1:0 18375
17683 22302 1:0 18449
17683 22306 1:0 18449
17689 22305 1:0 18457
17694 22304 1:0 18456
17804 22303 1:0 18467
17804 47 1:0 18471
17804 22301 1:0 18477
17804 22289 1:0 18506
17805 17143 1:0 18580
17805 22273 1:0 18580
17813 16805 21:0 17816
17814 22271 1:0 18587
17814 22272 1:0 18588
17814 17147 1:0 18597
17820 22270 1:0 18598
17822 22255 1:0 18628
17823 16808 21:0 17847
17825 22253 1:0 18637
17853 22240 1:0 18711
17935 22238 1:0 18718
17936 22239 1:0 18719
17936 339 1:0 18840
17945 22237 1:0 18729
17945 17207 1:0 18738
17945 22229 1:0 18744
17945 22220 1:0 18768
18085 16922 21:0 18109
18326 17029 21:0 18331
18347 17036 21:0 18371
18478 17093 21:0 18502
18838 338 21:0 18888
18888 23873 21:0 18904
18906 23888 0:0 18909
18911 23890 21:0 18980
18913 23889 0:0 18914
18978 23891 0:0 18980
18979 15 21:0 18980
18982 23921 21:0 18990
18989 23922 0:0 18990
18989 23923 0:0 18990
18990 23924 21:0 19061
19060 47 21:0 19061
19060 23954 0:0 19061
19060 13 21:0 19063
19063 23955 21:0 19132
19065 23956 0:0 19066
19130 23957 0:0 19132
19131 51 21:0 19132
19131 23972 21:0 19132
19131 23887 21:0 19137
19134 23987 0:0 19137
19136 23973 21:0 19137
19139 23988 21:0 19197
19141 23989 0:0 19142
19196 23990 0:0 19208
19196 24005 21:0 19208
19207 24007 21:0 19208
19210 24020 21:0 19218
19217 24022 0:0 19218
19217 24021 21:0 19284
19282 24023 0:0 19284
19286 24053 21:0 19294
19293 24055 0:0 19294
19293 24054 0:0 19294
19294 24056 21:0 19365
19364 24086 21:0 19370
19369 24087 0:0 19370
19369 24088 21:0 19436
19434 24089 0:0 19436
19435 24039 21:0 19441
19438 24119 0:0 19441
19440 24019 21:0 19441
19443 24120 21:0 19512
19445 24121 0:0 19446
19510 24122 0:0 19512
19511 24052 21:0 19512
19511 24072 21:0 19512
19514 24152 21:0 19522
19521 24153 0:0 19522
19521 24154 21:0 19588
19586 24155 0:0 19588
19587 24172 21:0 19593
19590 24185 0:0 19593
19592 24164 21:0 19593
19595 24187 21:0 19653
19597 24186 0:0 19598
19652 24188 0:0 19664
19652 24197 21:0 19664
19663 155 21:0 19664
19663 24073 21:0 19669
19666 24218 0:0 19669
19668 24085 21:0 19669
19671 24219 21:0 19737
19673 24220 0:0 19674
19736 24237 21:0 19740
19736 24221 0:0 19740
19739 24230 21:0 19740
19742 24251 21:0 19750
19749 24253 0:0 19750
19749 24252 21:0 19816
19814 24254 0:0 19816
19818 24284 21:0 19826
19825 24286 0:0 19826
19825 24285 21:0 19892
19890 24287 0:0 19892
19894 24317 21:0 19902
19901 24319 0:0 19902
19901 24318 21:0 19968
19966 24320 0:0 19968
19970 24350 21:0 19978
19977 24352 0:0 19978
19977 24351 21:0 20044
20042 24353 0:0 20044
20046 24383 21:0 20054
20053 24384 0:0 20054
20053 24385 21:0 20120
20118 24386 0:0 20120
20122 24416 21:0 20130
20129 24417 0:0 20130
20129 24418 21:0 20196
20195 24419 21:0 20206
20226 24462 21:0 20236
20229 16238 1:0 20280
20235 24036 21:0 20259
20258 24104 21:0 20259
20258 23953 21:0 20262
20261 65 21:0 20262
20267 24419 1:0 20388
20268 24418 1:0 20396
20277 24417 1:0 20395
20277 24416 1:0 20406
20277 16295 1:0 20415
20283 24386 1:0 20519
20286 16238 21:0 20310
20304 24385 1:0 20527
20398 24384 1:0 20526
20399 24383 1:0 20537
20399 16352 1:0 20546
20399 16402 1:0 20650
20408 24353 1:0 20650
20408 24351 1:0 20657
20414 24352 1:0 20658
20434 24350 1:0 20668
20529 24320 1:0 20781
20530 24318 1:0 20788
20530 24319 1:0 20789
20539 24317 1:0 20799
20539 24287 1:0 20912
20545 16520 1:0 20912
20550 24285 1:0 20919
20660 24286 1:0 20920
20661 24284 1:0 20930
20661 24254 1:0 21043
20669 16406 21:0 20672
20670 24252 1:0 21050
20670 24253 1:0 21051
20676 24251 1:0 21061
20676 24230 1:0 21091
20678 24237 1:0 21100
20709 24221 1:0 21174
20791 24219 1:0 21181
20792 24220 1:0 21182
20800 16463 21:0 20803
20801 24218 1:0 21192
20801 16637 1:0 21201
20801 24197 1:0 21257
20801 24188 1:0 21305
20807 24187 1:0 21313
20828 24186 1:0 21312
20922 24185 1:0 21323
20922 24172 1:0 21353
20923 24164 1:0 21388
20923 24155 1:0 21436
20932 24153 1:0 21443
20932 24154 1:0 21444
20938 24152 1:0 21454
20940 155 1:0 21458
20971 24122 1:0 21567
21051 16573 21:0 21056
21053 24120 1:0 21574
21054 24121 1:0 21575
21062 16577 21:0 21065
21063 16805 1:0 21584
21063 24119 1:0 21585
21063 16808 1:0 21594
21063 24104 1:0 21618
21063 24085 1:0 21669
21066 24089 1:0 21698
21069 24073 1:0 21698
21072 16580 21:0 21096
21074 24088 1:0 21706
21102 24087 1:0 21705
21184 24086 1:0 21716
21185 24072 1:0 21721
21185 24056 1:0 21829
21194 24054 1:0 21836
21194 24055 1:0 21837
21194 24052 1:0 21840
21202 24053 1:0 21847
21203 16637 21:0 21227
21205 24036 1:0 21877
21220 16922 1:0 21856
21221 24039 1:0 21886
21221 24019 1:0 21960
21315 24023 1:0 21960
21316 24021 1:0 21967
21325 24022 1:0 21968
21325 24020 1:0 21978
21325 24007 1:0 22008
21325 24005 1:0 22017
21325 17029 1:0 22091
21333 23990 1:0 22091
21334 16694 21:0 21358
21352 23988 1:0 22098
21446 23989 1:0 22099
21447 23987 1:0 22109
21447 65 1:0 22113
21447 17036 1:0 22118
21447 23973 1:0 22139
21456 23972 1:0 22148
21456 23953 1:0 22222
21456 23957 1:0 22222
21462 23955 1:0 22229
21482 23956 1:0 22230
21483 51 1:0 22235
21577 23954 1:0 22240
21577 47 1:0 22242
21578 17093 1:0 22245
21578 23924 1:0 22353
21587 23922 1:0 22360
21587 23923 1:0 22361
21593 23921 1:0 22371
21595 23887 1:0 22455
21626 23891 1:0 22484
21708 13 1:0 22484
21709 23889 1:0 22491
21709 23890 1:0 22492
21709 15 1:0 22497
21718 23888 1:0 22502
21718 23873 1:0 22541
21718 340 1:0 22613
21727 16865 21:0 21751
21848 16919 21:0 21851
21858 16922 21:0 21882
21979 16976 21:0 21982
22361 17143 21:0 22366
22611 339 21:0 22661
22674 25537 21:0 22677
22679 25539 0:0 22682
22684 25541 21:0 22753
22686 25540 0:0 22687
22751 25542 0:0 22753
22752 25544 21:0 22753
22752 25555 21:0 22758
22755 25572 0:0 22758
22757 13 21:0 22758
22760 25573 21:0 22829
22762 25574 0:0 22763
22827 25575 0:0 22829
22828 25583 21:0 22829
22829 47 21:0 22834
22831 25605 0:0 22834
22833 33 21:0 22834
22836 25607 21:0 22905
22838 25606 0:0 22839
22903 25608 0:0 22905
22904 25590 21:0 22905
22904 51 21:0 22910
22907 25638 0:0 22910
22909 25577 21:0 22910
22909 25603 21:0 22910
22912 25639 21:0 22970
22914 25640 0:0 22915
22969 25641 0:0 22981
22969 25654 21:0 22981
22980 25625 21:0 22981
22983 25671 21:0 22991
22988 25672 0:0 22991
22990 25673 0:0 22991
22991 25674 21:0 23059
23058 25690 21:0 23062
23059 25704 0:0 23062
23061 83 21:0 23062
23064 25706 21:0 23129
23066 25705 0:0 23067
23128 85 21:0 23133
23129 25707 0:0 23133
23132 25691 21:0 23133
23135 25737 21:0 23143
23142 25739 0:0 23143
23142 25738 21:0 23209
23207 25740 0:0 23209
23208 119 21:0 23214
23211 25770 0:0 23214
23213 25768 21:0 23214
23216 25772 21:0 23285
23218 25771 0:0 23219
23283 25773 0:0 23285
23284 121 21:0 23285
23284 25782 21:0 23287
23287 25803 21:0 23295
23294 25805 0:0 23295
23294 25804 0:0 23295
23295 25806 21:0 23366
23365 25836 21:0 23371
23370 25837 0:0 23371
23370 25838 21:0 23437
23435 25839 0:0 23437
23439 25869 21:0 23447
23446 25870 0:0 23447
23446 25871 21:0 23513
23511 25872 0:0 23513
23515 25902 21:0 23523
23522 25903 0:0 23523
23522 25904 21:0 23589
23587 25905 0:0 23589
23591 25935 21:0 23599
23598 25936 0:0 23599
23598 25937 21:0 23665
23663 25938 0:0 23665
23667 25968 21:0 23675
23674 25969 0:0 23675
23674 25970 21:0 23741
23739 25971 0:0 23741
23743 26001 21:0 23751
23750 26002 0:0 23751
23750 26003 21:0 23817
23815 26004 0:0 23817
23819 26034 21:0 23827
23826 26035 0:0 23827
23826 26036 21:0 23893
23891 26037 0:0 23893
23895 26067 21:0 23903
23902 26069 0:0 23903
23902 26068 21:0 23969
23968 26070 21:0 23979
23999 26113 21:0 24009
24008 69 21:0 24032
24031 25669 21:0 24032
24031 25736 21:0 24035
24040 16238 1:0 24053
24041 26070 1:0 24161
24041 26068 1:0 24168
24050 26069 1:0 24169
24050 26067 1:0 24179
24056 26037 1:0 24292
24077 26036 1:0 24300
24171 26035 1:0 24299
24172 26034 1:0 24310
24172 16406 1:0 24423
24181 26004 1:0 24423
24181 26003 1:0 24431
24187 26002 1:0 24430
24207 26001 1:0 24441
24302 16463 1:0 24554
24302 25971 1:0 24554
24303 25970 1:0 24562
24312 25969 1:0 24561
24312 25968 1:0 24572
24318 25938 1:0 24685
24323 25937 1:0 24693
24431 16402 21:0 24436
24433 25936 1:0 24692
24434 25935 1:0 24703
24434 16573 1:0 24787
24434 16577 1:0 24816
24434 25905 1:0 24816
24443 25903 1:0 24823
24443 25904 1:0 24824
24451 25902 1:0 24834
24454 16580 1:0 24843
24562 16459 21:0 24567
24564 25872 1:0 24947
24565 25870 1:0 24954
24565 25871 1:0 24955
24574 25869 1:0 24965
24574 16637 1:0 24974
24574 25839 1:0 25078
24580 25838 1:0 25086
24601 25837 1:0 25085
24693 16516 21:0 24698
24695 25836 1:0 25096
24695 16694 1:0 25101
24696 25806 1:0 25209
24705 25804 1:0 25216
24705 25805 1:0 25217
24711 25803 1:0 25227
24711 25782 1:0 25292
24731 25773 1:0 25340
24826 25772 1:0 25348
24827 25771 1:0 25347
24827 25770 1:0 25358
24835 16577 21:0 24838
24836 25768 1:0 25368
24836 25736 1:0 25442
24836 121 1:0 25471
24836 25740 1:0 25471
24842 25738 1:0 25478
24862 25739 1:0 25479
24957 25737 1:0 25489
24957 119 1:0 25493
24957 16865 1:0 25498
24958 25707 1:0 25602
24966 16634 21:0 24969
24967 25705 1:0 25609
24967 25706 1:0 25610
24967 25691 1:0 25616
24967 16922 1:0 25622
24970 16919 1:0 25619
24975 25704 1:0 25620
24978 25690 1:0 25625
25088 25674 1:0 25733
25088 85 1:0 25735
25088 16976 1:0 25744
25089 25673 1:0 25741
25098 25672 1:0 25740
25098 25671 1:0 25751
25098 83 1:0 25755
25098 25669 1:0 25761
25098 25654 1:0 25790
25106 25641 1:0 25864
25137 25639 1:0 25871
25219 25640 1:0 25872
25220 69 1:0 25877
25220 25638 1:0 25882
25220 25625 1:0 25912
25229 25608 1:0 25995
25229 25607 1:0 26003
25237 25606 1:0 26002
25240 51 1:0 26008
25350 25605 1:0 26013
25350 25603 1:0 26015
25350 47 1:0 26017
25350 25577 1:0 26043
25351 17143 1:0 26043
25351 25590 1:0 26052
25351 25583 1:0 26105
25360 25575 1:0 26126
25360 25573 1:0 26133
25366 25574 1:0 26134
25366 33 1:0 26139
25369 16808 21:0 25393
25386 25572 1:0 26144
25387 13 1:0 26174
25387 25555 1:0 26183
25394 12927 1:0 27896
25399 25544 1:0 26241
25481 25542 1:0 26257
25482 25541 1:0 26265
25491 25540 1:0 26264
25491 25539 1:0 26275
25491 25537 1:0 26285
25491 341 1:0 26386
25497 12933 1:0 27896
25610 16915 21:0 25615
25621 16919 21:0 25624
25741 16972 21:0 25746
25872 17029 21:0 25877
26003 17086 21:0 26008
26024 17093 21:0 26048
26134 17143 21:0 26139
26286 17207 21:0 26310
26384 340 21:0 26434
26434 27176 21:0 26450
26450 11 21:0 26455
26452 27190 0:0 26455
26457 27191 21:0 26526
26459 27192 0:0 26460
26524 27193 0:0 26526
26525 27182 21:0 26526
26525 27206 21:0 26531
26528 27223 0:0 26531
26533 27225 21:0 26602
26535 27224 0:0 26536
26600 27226 0:0 26602
26601 27235 21:0 26602
26604 27256 21:0 26612
26611 27257 0:0 26612
26611 27258 21:0 26678
26676 27259 0:0 26678
26677 27287 21:0 26683
26680 27289 0:0 26683
26682 27248 21:0 26683
26685 27291 21:0 26743
26687 27290 0:0 26688
26742 27292 0:0 26754
26742 27305 21:0 26754
26753 69 21:0 26754
26753 27288 21:0 26759
26756 27322 0:0 26759
26758 27300 21:0 26759
26761 27324 21:0 26819
26763 27323 0:0 26764
26764 27325 0:0 26786
26818 27340 21:0 26830
26829 27338 21:0 26830
26832 27355 21:0 26840
26839 27356 0:0 26840
26839 27357 0:0 26840
26840 27358 21:0 26911
26910 27388 21:0 26916
26915 27390 0:0 26916
26915 27389 21:0 26982
26980 27391 0:0 26982
26984 27421 21:0 26992
26985 137 0:0 26987
26991 27423 0:0 26992
26991 27422 21:0 27058
27056 27424 0:0 27058
27060 27454 21:0 27068
27067 27456 0:0 27068
27067 27455 0:0 27068
27068 27457 21:0 27139
27138 27487 21:0 27144
27143 27489 0:0 27144
27143 27488 21:0 27210
27198 27505 0:0 27199
27208 27490 0:0 27210
27212 27520 21:0 27220
27219 27522 0:0 27220
27219 27521 0:0 27220
27220 27523 21:0 27291
27274 27538 0:0 27275
27290 27553 21:0 27296
27295 27554 0:0 27296
27295 27555 21:0 27362
27360 27556 0:0 27362
27364 27586 21:0 27372
27371 27588 0:0 27372
27371 27587 21:0 27438
27426 27602 0:0 27427
27436 27589 0:0 27438
27437 27617 0:0 27438
27440 27619 21:0 27448
27447 27621 0:0 27448
27447 27620 21:0 27514
27512 27622 0:0 27514
27516 27652 21:0 27524
27523 27653 0:0 27524
27523 27654 21:0 27590
27588 27655 0:0 27590
27592 27685 21:0 27600
27599 27686 0:0 27600
27599 27687 21:0 27666
27664 27688 0:0 27666
27668 27718 21:0 27676
27675 27719 0:0 27676
27675 27720 21:0 27742
27740 27721 0:0 27742
27741 27347 21:0 27747
27746 31 21:0 27747
27746 27751 21:0 27815
27823 27751 1:0 27831
27824 27721 1:0 27864
27824 12934 1:0 27905
27824 12928 1:0 27915
27824 12936 1:0 27985
27824 13075 1:0 28117
27824 13081 1:0 28117
27833 12935 1:0 27984
27833 12937 1:0 27994
27833 12938 1:0 27995
27833 12939 1:0 28004
27833 12940 1:0 28005
27839 27720 1:0 28042
27844 27719 1:0 28041
27872 27718 1:0 28052
27913 13074 1:0 28126
27913 13080 1:0 28136
27913 13085 1:0 28216
27913 13221 1:0 28347
27942 27688 1:0 28137
27943 13082 1:0 28205
27991 12936 21:0 28036
27992 13083 1:0 28206
28002 13084 1:0 28215
28012 13086 1:0 28225
28034 12939 0:0 28036
28035 12937 0:0 28036
28035 12940 0:0 28036
28035 12933 21:0 28036
28035 12935 0:0 28036
28035 12938 0:0 28036
28035 12927 21:0 28036
28035 12928 21:0 28036
28035 12934 21:0 28036
28044 13087 1:0 28226
28045 27686 1:0 28262
28045 27687 1:0 28263
28054 27685 1:0 28273
28054 16402 1:0 28338
28054 27655 1:0 28358
28060 13222 1:0 28357
28060 13230 1:0 28427
28060 13233 1:0 28446
28062 13229 1:0 28426
28065 13231 1:0 28436
28080 13227 1:0 28416
28080 13228 1:0 28417
28080 13232 1:0 28437
28081 13234 1:0 28447
28134 27654 1:0 28484
28142 13369 1:0 28578
28163 27653 1:0 28483
28213 13378 1:0 28657
28222 13085 21:0 28257
28223 13376 1:0 28647
28255 13084 0:0 28257
28255 13083 0:0 28257
28255 13082 0:0 28257
28256 13075 21:0 28257
28256 13086 0:0 28257
28256 13087 0:0 28257
28256 13080 21:0 28257
28256 13074 21:0 28257
28256 13081 21:0 28257
28265 27652 1:0 28494
28265 16459 1:0 28568
28266 27622 1:0 28579
28266 13368 1:0 28607
28266 13375 1:0 28638
28266 13377 1:0 28648
28266 13379 1:0 28658
28275 13374 1:0 28637
28275 13380 1:0 28667
28275 13381 1:0 28668
28275 27620 1:0 28704
28281 27621 1:0 28705
28302 27619 1:0 28715
28314 27617 1:0 28725
28314 16516 1:0 28799
28355 27602 1:0 28754
28383 27589 1:0 28800
28384 13528 1:0 28889
28385 13523 1:0 28868
28434 13524 1:0 28869
28444 13525 1:0 28878
28454 13515 1:0 28828
28454 13516 1:0 28829
28454 13526 1:0 28879
28456 13233 21:0 28478
28477 13234 0:0 28478
28477 13230 0:0 28478
28477 13229 0:0 28478
28477 13231 0:0 28478
28477 13232 0:0 28478
28477 13221 21:0 28478
28477 13228 0:0 28478
28477 13222 21:0 28478
28477 13227 0:0 28478
28486 13521 1:0 28858
28486 13522 1:0 28859
28486 13527 1:0 28888
28486 13663 1:0 29020
28487 27587 1:0 28925
28487 27588 1:0 28926
28496 27586 1:0 28936
28496 16577 1:0 29010
28496 13671 1:0 29090
28496 13673 1:0 29100
28502 27556 1:0 29021
28504 13670 1:0 29089
28507 13662 1:0 29049
28507 13672 1:0 29099
28522 13668 1:0 29079
28522 13669 1:0 29080
28523 13674 1:0 29109
28535 13675 1:0 29110
28589 27555 1:0 29147
28606 27554 1:0 29146
28655 13818 1:0 29311
28665 13817 1:0 29310
28667 13378 21:0 28699
28675 13819 1:0 29320
28697 13380 0:0 28699
28698 13379 0:0 28699
28698 13381 0:0 28699
28698 13369 21:0 28699
28698 13377 0:0 28699
28698 13376 0:0 28699
28698 13368 0:0 28699
28698 13374 0:0 28699
28698 13375 0:0 28699
28707 27553 1:0 29157
28708 27538 1:0 29196
28708 27523 1:0 29241
28708 13809 1:0 29270
28708 13820 1:0 29321
28717 13810 1:0 29271
28717 13815 1:0 29300
28717 13816 1:0 29301
28717 13821 1:0 29330
28717 13822 1:0 29331
28717 27521 1:0 29367
28723 27522 1:0 29368
28725 16634 1:0 29371
28756 27520 1:0 29378
28756 27505 1:0 29417
28797 13957 1:0 29452
28797 13956 1:0 29462
28797 13964 1:0 29531
28826 27490 1:0 29580
28827 13965 1:0 29532
28876 13966 1:0 29541
28886 13963 1:0 29522
28886 13967 1:0 29542
28895 13528 21:0 28920
28896 13962 1:0 29521
28918 13526 0:0 28920
28918 13525 0:0 28920
28918 13524 0:0 28920
28918 13523 0:0 28920
28919 13522 0:0 28920
28919 13515 0:0 28920
28919 13521 0:0 28920
28919 13516 0:0 28920
28919 13527 0:0 28920
28928 13968 1:0 29551
28928 13969 1:0 29552
28929 27488 1:0 29588
28929 27489 1:0 29589
28938 27487 1:0 29599
28938 27457 1:0 29683
28944 14111 1:0 29752
28944 14112 1:0 29753
28944 14113 1:0 29762
28946 14103 1:0 29712
28946 14104 1:0 29713
28946 14109 1:0 29742
28946 14114 1:0 29763
28949 14110 1:0 29743
28949 14256 1:0 29904
28949 14404 1:0 30125
28964 14115 1:0 29772
28965 14116 1:0 29773
29018 27456 1:0 29810
29047 27455 1:0 29809
29106 13673 21:0 29141
29117 27454 1:0 29820
29139 13674 0:0 29141
29140 13668 0:0 29141
29140 13672 0:0 29141
29140 13675 0:0 29141
29140 13671 0:0 29141
29140 13663 21:0 29141
29140 13670 0:0 29141
29140 13662 0:0 29141
29140 13669 0:0 29141
29149 27424 1:0 29905
29150 14250 1:0 29933
29150 14251 1:0 29934
29150 14257 1:0 29964
29150 14258 1:0 29973
29150 14259 1:0 29974
29150 14260 1:0 29983
29150 14261 1:0 29984
29150 14263 1:0 29994
29159 14262 1:0 29993
29159 27422 1:0 30030
29165 27423 1:0 30031
29170 27421 1:0 30041
29185 137 1:0 30045
29186 16808 1:0 30050
29239 27391 1:0 30126
29252 14408 1:0 30205
29267 14405 1:0 30194
29268 14397 1:0 30154
29268 14406 1:0 30195
29268 14407 1:0 30204
29269 14398 1:0 30155
29269 14403 1:0 30184
29317 13818 21:0 29362
29318 14409 1:0 30214
29328 14410 1:0 30215
29338 14550 1:0 30336
29338 14544 1:0 30346
29360 13819 0:0 29362
29360 13817 0:0 29362
29361 13820 0:0 29362
29361 13809 0:0 29362
29361 13815 0:0 29362
29361 13821 0:0 29362
29361 13810 0:0 29362
29361 13816 0:0 29362
29361 13822 0:0 29362
29370 27389 1:0 30251
29371 27390 1:0 30252
29371 14552 1:0 30415
29371 14553 1:0 30416
29380 27388 1:0 30262
29380 27358 1:0 30346
29386 14545 1:0 30376
29386 14551 1:0 30406
29386 14554 1:0 30425
29386 14555 1:0 30426
29386 14556 1:0 30435
29388 14557 1:0 30436
29391 16915 1:0 30471
29419 27356 1:0 30472
29488 27357 1:0 30473
29489 16919 1:0 30476
29541 13964 21:0 29583
29559 27355 1:0 30483
29581 13968 0:0 29583
29581 13965 0:0 29583
29581 13967 0:0 29583
29582 13963 0:0 29583
29582 13969 0:0 29583
29582 13966 0:0 29583
29582 13957 21:0 29583
29582 13962 0:0 29583
29582 13956 21:0 29583
29591 27338 1:0 30488
29591 27347 1:0 30498
29591 16972 1:0 30513
29591 27340 1:0 30522
29592 27325 1:0 30568
29592 14699 1:0 30636
29592 14701 1:0 30646
29601 14691 1:0 30596
29601 14692 1:0 30597
29601 14697 1:0 30626
29601 14698 1:0 30627
29601 14700 1:0 30637
29601 14702 1:0 30647
29601 14703 1:0 30656
29601 14704 1:0 30657
29607 27324 1:0 30694
29612 27323 1:0 30693
29640 27322 1:0 30704
29681 17029 1:0 30709
29681 27288 1:0 30734
29694 27300 1:0 30734
29709 27305 1:0 30743
29710 14846 1:0 30857
29762 14111 21:0 29804
29770 27292 1:0 30906
29780 14847 1:0 30858
29802 14115 0:0 29804
29802 14112 0:0 29804
29803 14116 0:0 29804
29803 14104 0:0 29804
29803 14114 0:0 29804
29803 14113 0:0 29804
29803 14103 0:0 29804
29803 14109 0:0 29804
29803 14110 0:0 29804
29812 14838 1:0 30817
29812 14839 1:0 30818
29812 14844 1:0 30847
29812 14845 1:0 30848
29812 14848 1:0 30867
29812 14849 1:0 30868
29812 14850 1:0 30877
29813 14851 1:0 30878
29813 27291 1:0 30915
29822 27290 1:0 30914
29822 69 1:0 30920
29822 27289 1:0 30925
29828 27287 1:0 30935
29828 17143 1:0 30958
29828 17086 1:0 31009
29849 27259 1:0 31010
29861 14993 1:0 31078
29861 14994 1:0 31079
29902 14995 1:0 31088
29902 14996 1:0 31089
29910 14985 1:0 31038
29915 14986 1:0 31039
29915 14991 1:0 31068
29915 14992 1:0 31069
29930 14997 1:0 31098
29931 14998 1:0 31099
29991 27258 1:0 31136
30000 14263 21:0 30025
30023 14260 0:0 30025
30023 14262 0:0 30025
30023 14258 0:0 30025
30024 14259 0:0 30025
30024 14257 0:0 30025
30024 14256 21:0 30025
30024 14261 0:0 30025
30024 14251 0:0 30025
30024 14250 0:0 30025
30033 27257 1:0 31135
30034 27256 1:0 31146
30034 31 1:0 31151
30034 17093 1:0 31155
30034 27248 1:0 31161
30043 27235 1:0 31211
30043 15132 1:0 31230
30043 27226 1:0 31231
30043 15140 1:0 31299
30043 15142 1:0 31309
30049 15133 1:0 31260
30049 15138 1:0 31289
30049 15139 1:0 31290
30049 15141 1:0 31300
30049 15143 1:0 31310
30049 15144 1:0 31319
30051 15145 1:0 31320
30082 27225 1:0 31357
30136 27224 1:0 31356
30151 15279 1:0 31451
30202 27223 1:0 31367
30211 14408 21:0 30246
30212 27206 1:0 31397
30222 27176 1:0 31441
30244 14409 0:0 30246
30245 14407 0:0 30246
30245 14410 0:0 30246
30245 14406 0:0 30246
30245 14405 0:0 30246
30245 14398 0:0 30246
30245 14403 0:0 30246
30245 14404 21:0 30246
30245 14397 0:0 30246
30254 27193 1:0 31452
30255 15280 1:0 31481
30255 15285 1:0 31510
30255 15286 1:0 31511
30255 15287 1:0 31520
30255 15288 1:0 31521
30255 15289 1:0 31530
30255 15290 1:0 31531
30255 15291 1:0 31540
30264 15292 1:0 31541
30264 27191 1:0 31577
30270 27192 1:0 31578
30270 27182 1:0 31584
30270 17207 1:0 31590
30272 11 1:0 31590
30303 27190 1:0 31588
30303 24462 1:0 31593
30303 26113 1:0 31593
30344 21160 1:0 31593
30344 17858 1:0 31618
30344 19509 1:0 31618
30344 22811 1:0 31618
30357 334 1:0 31643
30372 16207 1:0 31672
30373 15434 1:0 31741
30373 15437 1:0 31752
30374 15435 1:0 31742
30422 14553 21:0 30467
30423 15426 1:0 31701
30423 15436 1:0 31751
30433 15427 1:0 31702
30433 15432 1:0 31731
30433 15433 1:0 31732
30443 15438 1:0 31761
30465 14552 0:0 30467
30465 14556 0:0 30467
30466 14555 0:0 30467
30466 14557 0:0 30467
30466 14554 0:0 30467
30466 14551 0:0 30467
30466 14545 0:0 30467
30466 14544 21:0 30467
30466 14550 21:0 30467
30475 15439 1:0 31762
30656 14701 21:0 30688
30686 14703 0:0 30688
30687 14700 0:0 30688
30687 14702 0:0 30688
30687 14692 0:0 30688
30687 14698 0:0 30688
30687 14704 0:0 30688
30687 14691 0:0 30688
30687 14699 0:0 30688
30687 14697 0:0 30688
30867 14846 21:0 30909
30907 14850 0:0 30909
30908 14849 0:0 30909
30908 14838 0:0 30909
30908 14847 0:0 30909
30908 14848 0:0 30909
30908 14851 0:0 30909
30908 14845 0:0 30909
30908 14839 0:0 30909
30908 14844 0:0 30909
31088 14993 21:0 31130
31128 14997 0:0 31130
31129 14998 0:0 31130
31129 14986 0:0 31130
31129 14992 0:0 31130
31129 14985 0:0 31130
31129 14991 0:0 31130
31129 14994 0:0 31130
31129 14996 0:0 31130
31129 14995 0:0 31130
31319 15142 21:0 31351
31349 15144 0:0 31351
31350 15145 0:0 31351
31350 15143 0:0 31351
31350 15132 21:0 31351
31350 15140 0:0 31351
31350 15141 0:0 31351
31350 15133 0:0 31351
31350 15139 0:0 31351
31350 15138 0:0 31351
31527 15288 21:0 31572
31570 15291 0:0 31572
31570 15287 0:0 31572
31571 15292 0:0 31572
31571 15290 0:0 31572
31571 15289 0:0 31572
31571 15280 0:0 31572
31571 15286 0:0 31572
31571 15285 0:0 31572
31571 15279 21:0 31572
31758 15437 21:0 159
