0 13844 21:0 129
128 13755 0:0 151
129 13754 0:0 151
129 13750 0:0 151
150 13753 0:0 151
150 13752 0:0 159
158 13751 0:0 187
1373 14457 21:0 1383
3350 298 21:0 3390
10600 18563 21:0 10666
11345 18563 1:0 12514
14564 20297 21:0 14622
14704 20297 1:0 14833
16930 21337 21:0 16938
17391 21536 21:0 17449
17695 21668 21:0 17753
17847 21734 21:0 17905
17906 21734 1:0 18322
17906 21668 1:0 18584
17906 21536 1:0 19108
18063 21337 1:0 19905
20213 22775 21:0 20221
20220 22777 0:0 20221
20220 22776 21:0 20287
20449 22877 21:0 20515
20516 22877 1:0 22984
20516 22776 1:0 23384
20516 22777 1:0 23385
21422 22775 1:0 23395
21423 11548 1:0 24887
21423 11547 1:0 24888
21423 11549 1:0 24972
21432 11546 1:0 24887
21432 11550 1:0 24887
21432 11545 1:0 24888
23653 24280 21:0 23711
23805 24347 21:0 23863
23952 24411 21:0 23960
24188 24513 21:0 24254
24791 11697 1:0 25108
24791 11695 1:0 25184
24792 11696 1:0 25108
24792 11694 1:0 25108
24792 11692 1:0 25109
24801 11693 1:0 25108
24801 11843 1:0 25328
24801 11832 1:0 25355
24801 11839 1:0 25394
24807 11840 1:0 25395
24807 11841 1:0 25404
24811 11842 1:0 25405
24827 11844 1:0 25415
24840 11990 1:0 25550
24840 11988 1:0 25625
24889 11986 1:0 25551
24909 11989 1:0 25550
24910 11987 1:0 25550
24960 11991 1:0 25550
24970 12137 1:0 25770
24970 12125 1:0 25796
24980 12133 1:0 25836
24982 11549 21:0 25004
25003 11548 0:0 25004
25003 11547 0:0 25004
25003 11545 0:0 25004
25003 11546 0:0 25004
25003 11550 0:0 25004
25005 12126 1:0 25797
25005 12134 1:0 25837
25005 12135 1:0 25846
25005 12136 1:0 25847
25012 12131 1:0 25826
25012 12132 1:0 25827
25012 12138 1:0 25857
25012 12279 1:0 26048
25013 12272 1:0 26017
25013 12273 1:0 26018
25013 12280 1:0 26057
25013 12281 1:0 26058
25022 12278 1:0 26047
25022 12282 1:0 26067
25022 12283 1:0 26068
25022 12284 1:0 26077
25022 12426 1:0 26269
25028 12285 1:0 26078
25032 24513 1:0 26212
25048 12427 1:0 26278
25061 12419 1:0 26238
25061 12420 1:0 26239
25061 12428 1:0 26279
25102 12429 1:0 26288
25115 12430 1:0 26289
25130 12425 1:0 26268
25131 12431 1:0 26298
25181 12432 1:0 26299
25190 11695 21:0 25225
25191 12577 1:0 26465
25201 12575 1:0 26465
25223 11696 0:0 25225
25223 11694 0:0 25225
25223 11692 0:0 25225
25224 11697 0:0 25225
25224 11693 0:0 25225
25226 12574 1:0 26465
25226 12578 1:0 26465
25226 12579 1:0 26465
25233 12566 1:0 26459
25233 12567 1:0 26460
25233 12576 1:0 26465
25233 12572 1:0 26465
25233 12573 1:0 26490
25234 12721 1:0 26689
25234 12723 1:0 26689
25234 12724 1:0 26689
25243 12713 1:0 26680
25243 12714 1:0 26681
25243 12726 1:0 26689
25243 12725 1:0 26689
25243 12722 1:0 26689
25243 12719 1:0 26710
25249 12720 1:0 26689
25249 12867 1:0 26932
25249 12868 1:0 26941
25253 12869 1:0 26942
25254 12860 1:0 26901
25254 12861 1:0 26902
25270 12870 1:0 26951
25282 12866 1:0 26931
25282 12871 1:0 26952
25331 12872 1:0 26961
25351 12873 1:0 26962
25361 11832 21:0 25418
25402 24411 1:0 27009
25412 13020 1:0 27128
25414 13017 1:0 27128
25422 13013 1:0 27152
25424 11843 21:0 25446
25445 11839 0:0 25446
25445 11840 0:0 25446
25445 11841 0:0 25446
25445 11844 0:0 25446
25445 11842 0:0 25446
25447 13018 1:0 27128
25447 13015 1:0 27128
25447 13016 1:0 27128
25454 13007 1:0 27122
25454 13008 1:0 27123
25454 13014 1:0 27128
25454 13019 1:0 27128
25455 24347 1:0 27263
25455 13167 1:0 27317
25455 13154 1:0 27343
25464 13155 1:0 27344
25464 13162 1:0 27383
25464 13163 1:0 27384
25464 13164 1:0 27393
25470 13160 1:0 27373
25470 13161 1:0 27374
25470 13165 1:0 27394
25472 13166 1:0 27403
25475 13311 1:0 27538
25490 13302 1:0 27565
25491 13309 1:0 27604
25503 13310 1:0 27605
25544 13301 1:0 27564
25552 13312 1:0 27615
25557 13307 1:0 27594
25557 13308 1:0 27595
25573 13313 1:0 27624
25574 13314 1:0 27625
25633 24280 1:0 27705
25635 11988 21:0 25667
25643 13458 1:0 27759
25666 11991 0:0 25667
25666 11987 0:0 25667
25666 11990 0:0 25667
25666 11986 0:0 25667
25666 11989 0:0 25667
25668 13448 1:0 27785
25668 13449 1:0 27786
25668 13456 1:0 27825
25668 13457 1:0 27826
25675 13454 1:0 27815
25675 13455 1:0 27816
25675 13459 1:0 27836
25676 13460 1:0 27845
25676 13461 1:0 27846
25676 13605 1:0 27980
25676 13595 1:0 28006
25685 13596 1:0 28007
25685 13601 1:0 28036
25685 13602 1:0 28037
25685 13603 1:0 28046
25685 13604 1:0 28047
25685 13606 1:0 28057
25691 13607 1:0 28066
25693 13608 1:0 28067
25695 14457 1:0 28179
25695 13742 1:0 28227
25696 298 1:0 28201
25712 13750 1:0 28267
25724 13743 1:0 28228
25724 13751 1:0 28268
25773 13752 1:0 28271
25778 13748 1:0 28257
25793 13754 1:0 28271
25794 13753 1:0 28272
25794 13844 1:0 28291
25795 13749 1:0 28258
25806 12125 21:0 25862
25844 13755 1:0 28272
25861 12132 0:0 25876
25862 12126 0:0 25879
25862 12131 0:0 25879
25866 12137 21:0 25888
25886 12138 0:0 25888
25887 12133 0:0 25888
25887 12136 0:0 25888
25887 12134 0:0 25888
25887 12135 0:0 25888
26054 12279 21:0 26101
26101 12273 0:0 26109
26101 12272 0:0 26109
26101 12278 0:0 26109
26101 12283 0:0 26109
26101 12282 0:0 26109
26108 12280 0:0 26109
26108 12281 0:0 26109
26108 12284 0:0 26109
26108 12285 0:0 26109
26275 12426 21:0 26322
26321 12430 0:0 26330
26321 12429 0:0 26330
26322 12425 0:0 26330
26322 12420 0:0 26330
26322 12419 0:0 26330
26329 12427 0:0 26330
26329 12431 0:0 26330
26329 12432 0:0 26330
26329 12428 0:0 26330
26466 12567 0:0 26491
26469 12566 0:0 26495
26496 12573 21:0 26543
26542 12575 0:0 26551
26542 12579 0:0 26551
26543 12572 0:0 26551
26543 12574 0:0 26551
26550 12576 0:0 26551
26550 12578 0:0 26551
26550 12577 0:0 26551
26690 12713 0:0 26716
26699 12714 0:0 26721
26720 12719 21:0 26772
26770 12723 0:0 26772
26770 12725 0:0 26772
26771 12726 0:0 26772
26771 12720 0:0 26772
26771 12721 0:0 26772
26771 12722 0:0 26772
26771 12724 0:0 26772
26938 12867 21:0 26985
26985 12860 0:0 26993
26985 12866 0:0 26993
26985 12868 0:0 26993
26985 12873 0:0 26993
26985 12861 0:0 26993
26992 12872 0:0 26993
26992 12870 0:0 26993
26992 12871 0:0 26993
26992 12869 0:0 26993
27129 13008 0:0 27154
27132 13007 0:0 27158
27162 13013 21:0 27214
27212 13019 0:0 27214
27212 13015 0:0 27214
27213 13016 0:0 27214
27213 13018 0:0 27214
27213 13014 0:0 27214
27213 13020 0:0 27214
27213 13017 0:0 27214
27353 13154 21:0 27409
27408 13155 0:0 27422
27408 13161 0:0 27422
27409 13160 0:0 27426
27410 13167 21:0 27435
27433 13163 0:0 27435
27433 13165 0:0 27435
27434 13164 0:0 27435
27434 13162 0:0 27435
27434 13166 0:0 27435
27571 13302 21:0 27628
27627 13301 0:0 27637
27627 13308 0:0 27637
27627 13311 21:0 27656
27628 13307 0:0 27643
27654 13313 0:0 27656
27655 13314 0:0 27656
27655 13312 0:0 27656
27655 13309 0:0 27656
27655 13310 0:0 27656
27795 13448 21:0 27851
27850 13455 0:0 27865
27850 13458 21:0 27877
27851 13449 0:0 27868
27851 13454 0:0 27868
27876 13459 0:0 27877
27876 13456 0:0 27877
27876 13460 0:0 27877
27876 13461 0:0 27877
27876 13457 0:0 27877
28016 13595 21:0 28072
28071 13602 0:0 28086
28071 13605 21:0 28098
28072 13596 0:0 28089
28072 13601 0:0 28089
28097 13603 0:0 28098
28097 13604 0:0 28098
28097 13607 0:0 28098
28097 13606 0:0 28098
28097 13608 0:0 28098
28237 13742 21:0 28293
28292 13749 0:0 28307
28292 13743 0:0 28307
28293 13748 0:0 28310
