110 48160 0:0 129
110 48165 0:0 129
110 48171 0:0 168
111 48169 0:0 168
111 48168 0:0 168
111 48170 0:0 168
111 48172 0:0 168
167 48167 0:0 176
175 48259 0:0 176
175 48260 0:0 176
235 48368 0:0 238
306 48399 21:0 380
387 48434 21:0 461
539 48500 21:0 613
606 48501 0:0 608
615 48533 21:0 689
688 48564 21:0 760
693 48565 0:0 694
762 48597 21:0 836
834 48600 0:0 836
919 48665 21:0 993
1071 48731 21:0 1145
1447 48895 0:0 1450
1452 48897 21:0 1526
1454 48896 0:0 1455
1519 48898 0:0 1521
1525 48928 21:0 1597
1530 48930 0:0 1531
1530 48929 0:0 1531
1531 48931 0:0 1549
1599 48961 0:0 1602
1604 48963 21:0 1678
1606 48962 0:0 1607
1671 48964 0:0 1673
1677 48994 21:0 1749
1682 48995 0:0 1683
1682 48996 0:0 1683
1683 48997 0:0 1701
1751 49027 0:0 1754
1756 49029 21:0 1830
1758 49028 0:0 1759
1823 49030 0:0 1825
1829 49060 0:0 1830
1832 49061 21:0 1906
1834 49062 0:0 1835
1899 49063 0:0 1901
1905 49093 21:0 1977
1910 49094 0:0 1911
1910 49095 0:0 1911
1975 49096 0:0 1977
1979 49126 21:0 2053
1986 49127 0:0 1987
1986 49128 0:0 1987
2051 49129 0:0 2053
2055 49159 21:0 2129
2062 49161 0:0 2063
2062 49160 0:0 2063
2127 49162 0:0 2129
2131 49192 21:0 2205
2138 49194 0:0 2139
2138 49193 0:0 2139
2203 49195 0:0 2205
2207 49225 21:0 2281
2214 49227 0:0 2215
2214 49226 0:0 2215
2279 49228 0:0 2281
2283 49258 21:0 2357
2290 49259 0:0 2291
2290 49260 0:0 2291
2355 49261 0:0 2357
2359 49291 21:0 2433
2366 49293 0:0 2367
2366 49292 0:0 2367
2431 49294 0:0 2433
2435 49324 21:0 2509
2442 49325 0:0 2443
2442 49326 0:0 2443
2507 49327 0:0 2509
2511 49357 21:0 2585
2518 49358 0:0 2519
2518 49359 0:0 2519
2583 49360 0:0 2585
2634 328 21:0 2696
2697 328 1:0 2597
2697 48731 1:0 3094
2697 48665 1:0 3338
2697 48600 1:0 3575
2697 48597 1:0 3591
2697 48564 1:0 3713
2730 48565 1:0 3701
2731 48533 1:0 3826
2739 48501 1:0 3863
2739 48500 1:0 3948
2749 48434 1:0 4192
2763 329 1:0 5767
2852 48399 1:0 4323
2853 48368 1:0 4436
2861 49360 1:0 5900
2867 49357 1:0 5918
2885 49358 1:0 5905
2974 49359 1:0 5904
2975 49327 1:0 6031
2983 49324 1:0 6049
4617 50337 21:0 4691
4624 50338 0:0 4625
4624 50339 0:0 4625
4689 50340 0:0 4691
4693 50370 21:0 4767
4700 50372 0:0 4701
4700 50371 0:0 4701
4765 50373 0:0 4767
4769 50403 21:0 4843
4776 50405 0:0 4777
4776 50404 0:0 4777
4841 50406 0:0 4843
4845 50436 21:0 4919
4852 50438 0:0 4853
4852 50437 0:0 4853
4921 50469 21:0 4995
4928 50471 0:0 4929
4928 50470 0:0 4929
4993 50472 0:0 4995
4997 50502 21:0 5071
5004 50503 0:0 5005
5004 50504 0:0 5005
5069 50505 0:0 5071
5073 50535 21:0 5147
5080 50537 0:0 5081
5080 50536 0:0 5081
5145 50538 0:0 5147
5149 50568 21:0 5223
5156 50569 0:0 5157
5156 50570 0:0 5157
5221 50571 0:0 5223
5225 50601 21:0 5299
5297 50604 0:0 5299
5301 50634 0:0 5304
5306 50636 21:0 5380
5308 50635 0:0 5309
5382 50669 0:0 5385
5382 50668 0:0 5385
5385 50670 21:0 5461
5460 50701 0:0 5461
5461 50703 21:0 5537
5534 50734 0:0 5537
5537 50736 21:0 5613
5612 50767 0:0 5613
5612 50766 21:0 5684
5677 50769 0:0 5679
5689 50802 21:0 5765
5779 49326 1:0 6035
5780 49325 1:0 6036
5789 49294 1:0 6162
5789 49291 1:0 6180
5795 49293 1:0 6166
5808 329 21:0 5870
5816 49292 1:0 6167
5869 49261 1:0 6293
5910 49258 1:0 6311
5911 49260 1:0 6297
5920 49259 1:0 6298
5920 49228 1:0 6424
5928 49225 1:0 6442
5946 49227 1:0 6428
6041 49226 1:0 6429
6042 49195 1:0 6555
6042 49192 1:0 6573
6051 49194 1:0 6559
6051 49193 1:0 6560
6059 49162 1:0 6686
6078 49159 1:0 6704
6172 49161 1:0 6690
6173 49160 1:0 6691
6182 49129 1:0 6817
6182 49126 1:0 6835
6188 49127 1:0 6822
6192 49128 1:0 6821
6209 49096 1:0 6948
6303 49093 1:0 6966
6304 49094 1:0 6953
6313 49095 1:0 6952
6313 49063 1:0 6997
6319 49061 1:0 7086
6323 49062 1:0 7087
6352 49060 1:0 7097
6434 49030 1:0 7128
6435 49029 1:0 7218
6444 49028 1:0 7217
6444 49027 1:0 7228
6450 48997 1:0 7341
6455 48994 1:0 7359
6483 48995 1:0 7346
6565 48996 1:0 7345
6566 48964 1:0 7390
6575 48962 1:0 7479
6575 48963 1:0 7480
6581 48961 1:0 7490
6586 48931 1:0 7603
6614 48928 1:0 7621
6696 48930 1:0 7607
6697 48929 1:0 7608
6706 48898 1:0 7652
6706 48897 1:0 7742
6712 48896 1:0 7741
6732 48895 1:0 7752
6733 330 1:0 9082
7932 51779 21:0 8006
7939 51780 0:0 7940
7939 51781 0:0 7940
8004 51782 0:0 8006
8008 51812 21:0 8082
8015 51813 0:0 8016
8015 51814 0:0 8016
8080 51815 0:0 8082
8084 51845 21:0 8158
8091 51847 0:0 8092
8091 51846 0:0 8092
8156 51848 0:0 8158
8160 51878 21:0 8234
8167 51880 0:0 8168
8167 51879 0:0 8168
8232 51881 0:0 8234
8236 51911 21:0 8310
8243 51912 0:0 8244
8243 51913 0:0 8244
8308 51914 0:0 8310
8312 51944 21:0 8386
8319 51945 0:0 8320
8319 51946 0:0 8320
8384 51947 0:0 8386
8388 51977 21:0 8462
8395 51978 0:0 8396
8395 51979 0:0 8396
8460 51980 0:0 8462
8464 52010 0:0 8467
8469 52012 21:0 8543
8471 52011 0:0 8472
8536 52013 0:0 8538
8542 52043 0:0 8543
8545 52045 21:0 8619
8547 52044 0:0 8548
8612 52046 0:0 8614
8618 52076 0:0 8619
8621 52077 21:0 8695
8623 52078 0:0 8624
8688 52079 0:0 8690
8694 52109 21:0 8766
8699 52111 0:0 8700
8699 52110 0:0 8700
8764 52112 0:0 8766
8768 52142 21:0 8842
8775 52144 0:0 8776
8775 52143 0:0 8776
8840 52145 0:0 8842
8844 52175 0:0 8847
8849 52176 21:0 8923
8851 52177 0:0 8852
8916 52178 0:0 8918
8922 52208 21:0 8994
8927 52210 0:0 8928
9094 50802 1:0 9215
9095 50769 1:0 9346
9104 50767 1:0 9351
9104 50766 1:0 9364
9110 50736 1:0 9477
9123 330 21:0 9185
9131 50734 1:0 9484
9184 50703 1:0 9608
9225 50701 1:0 9615
9226 50670 1:0 9739
9235 50668 1:0 9746
9235 50669 1:0 9747
9243 50636 1:0 9878
9261 50635 1:0 9877
9356 50634 1:0 9888
9357 50604 1:0 10001
9357 50601 1:0 10019
9366 50571 1:0 10132
9366 50568 1:0 10150
9374 50569 1:0 10137
9393 50570 1:0 10136
9487 50538 1:0 10263
9488 50535 1:0 10281
9497 50537 1:0 10267
9497 50536 1:0 10268
9503 50505 1:0 10394
9507 50502 1:0 10412
9524 50503 1:0 10399
9618 50504 1:0 10398
9619 50472 1:0 10525
9628 50470 1:0 10530
9628 50469 1:0 10543
9634 50471 1:0 10529
9638 50436 1:0 10674
9667 50438 1:0 10660
9749 50437 1:0 10661
9750 50406 1:0 10787
9759 50405 1:0 10791
9759 50403 1:0 10805
9765 50404 1:0 10792
9770 50373 1:0 10918
9798 50370 1:0 10936
9880 50371 1:0 10923
9881 50372 1:0 10922
9890 50340 1:0 11049
9890 50337 1:0 11067
9896 50338 1:0 11054
9901 50339 1:0 11053
9916 331 1:0 12397
11247 53221 21:0 11321
11254 53223 0:0 11255
11254 53222 0:0 11255
11319 53224 0:0 11321
11323 53254 21:0 11397
11330 53255 0:0 11331
11330 53256 0:0 11331
11395 53257 0:0 11397
11399 53287 21:0 11473
11406 53288 0:0 11407
11406 53289 0:0 11407
11471 53290 0:0 11473
11475 53320 21:0 11549
11482 53321 0:0 11483
11482 53322 0:0 11483
11547 53323 0:0 11549
11551 53353 21:0 11625
11558 53355 0:0 11559
11558 53354 0:0 11559
11623 53356 0:0 11625
11627 53386 21:0 11701
11634 53387 0:0 11635
11634 53388 0:0 11635
11703 53419 21:0 11777
11710 53421 0:0 11711
11710 53420 0:0 11711
11775 53422 0:0 11777
11779 53452 21:0 11853
11786 53453 0:0 11787
11786 53454 0:0 11787
11851 53455 0:0 11853
11855 53485 21:0 11929
11862 53486 0:0 11863
11862 53487 0:0 11863
11927 53488 0:0 11929
11931 53518 0:0 11934
11936 53520 21:0 12010
11938 53519 0:0 11939
12003 53521 0:0 12005
12009 53551 21:0 12081
12014 53553 0:0 12015
12079 53554 0:0 12081
12083 53584 21:0 12157
12090 53586 0:0 12091
12159 53617 0:0 12162
12164 53619 0:0 12167
12167 53620 21:0 12243
12409 52208 1:0 12679
12410 52210 1:0 12665
12419 52178 1:0 12710
12419 52176 1:0 12799
12425 52177 1:0 12800
12438 331 21:0 12501
12446 52175 1:0 12810
12499 52145 1:0 12923
12540 52142 1:0 12941
12541 52143 1:0 12928
12550 52144 1:0 12927
12550 52112 1:0 13054
12558 52109 1:0 13072
12576 52110 1:0 13059
12671 52111 1:0 13058
12672 52079 1:0 13103
12672 52077 1:0 13192
12681 52078 1:0 13193
12681 52076 1:0 13203
12689 52046 1:0 13234
12708 52045 1:0 13324
12802 52044 1:0 13323
12803 52043 1:0 13334
12812 52013 1:0 13365
12812 52012 1:0 13455
12818 52011 1:0 13454
12822 52010 1:0 13465
12839 51980 1:0 13578
12933 51977 1:0 13596
12934 51978 1:0 13583
12943 51979 1:0 13582
12943 51947 1:0 13709
12949 51944 1:0 13727
12953 51946 1:0 13713
12982 51945 1:0 13714
13064 51914 1:0 13840
13065 51911 1:0 13858
13074 51913 1:0 13844
13074 51912 1:0 13845
13080 51881 1:0 13971
13085 51878 1:0 13989
13113 51880 1:0 13975
13195 51879 1:0 13976
13196 51848 1:0 14102
13205 51847 1:0 14106
13205 51845 1:0 14120
13211 51846 1:0 14107
13216 51815 1:0 14233
13244 51812 1:0 14251
13326 51813 1:0 14238
13327 51814 1:0 14237
13336 51782 1:0 14364
13336 51779 1:0 14382
13342 51780 1:0 14369
13362 51781 1:0 14368
13363 332 1:0 15712
14562 54663 21:0 14636
14569 54665 0:0 14570
14569 54664 0:0 14570
14634 54666 0:0 14636
14638 54696 21:0 14712
14645 54697 0:0 14646
14645 54698 0:0 14646
14710 54699 0:0 14712
14714 54729 21:0 14788
14721 54730 0:0 14722
14721 54731 0:0 14722
14786 54732 0:0 14788
14790 54762 21:0 14864
14797 54764 0:0 14798
14797 54763 0:0 14798
14862 54765 0:0 14864
14866 54795 21:0 14940
14873 54797 0:0 14874
14873 54796 0:0 14874
14938 54798 0:0 14940
14942 54828 21:0 15016
14949 54829 0:0 14950
14949 54830 0:0 14950
15014 54831 0:0 15016
15018 54861 21:0 15092
15025 54862 0:0 15026
15025 54863 0:0 15026
15090 54864 0:0 15092
15094 54894 21:0 15168
15101 54896 0:0 15102
15101 54895 0:0 15102
15166 54897 0:0 15168
15170 54927 21:0 15244
15177 54928 0:0 15178
15177 54929 0:0 15178
15242 54930 0:0 15244
15246 54960 0:0 15249
15251 54961 21:0 15325
15253 54962 0:0 15254
15318 54963 0:0 15320
15324 54993 0:0 15325
15327 54994 21:0 15401
15329 54995 0:0 15330
15394 54996 0:0 15396
15400 55026 0:0 15401
15403 55027 21:0 15477
15405 55028 0:0 15406
15476 55059 0:0 15477
15482 55062 21:0 15558
15557 55094 0:0 15558
15557 55092 21:0 15629
15622 55095 0:0 15624
15631 55127 21:0 15705
15633 55126 0:0 15634
15724 53620 1:0 16107
15725 53619 1:0 16115
15734 53617 1:0 16125
15734 53584 1:0 16256
15740 53586 1:0 16242
15753 332 21:0 15815
15761 53554 1:0 16369
15814 53551 1:0 16387
15855 53553 1:0 16373
15856 53521 1:0 16418
15865 53519 1:0 16507
15865 53520 1:0 16508
15873 53518 1:0 16518
15891 53488 1:0 16631
15986 53485 1:0 16649
15987 53487 1:0 16635
15987 53486 1:0 16636
15996 53455 1:0 16762
15996 53452 1:0 16780
16004 53453 1:0 16767
16023 53454 1:0 16766
16117 53422 1:0 16893
16118 53419 1:0 16911
16127 53421 1:0 16897
16127 53420 1:0 16898
16133 53386 1:0 17042
16137 53387 1:0 17029
16154 53388 1:0 17028
16248 53356 1:0 17155
16249 53353 1:0 17173
16258 53355 1:0 17159
16258 53354 1:0 17160
16264 53323 1:0 17286
16268 53320 1:0 17304
16297 53321 1:0 17291
16379 53322 1:0 17290
16380 53290 1:0 17417
16389 53289 1:0 17421
16389 53287 1:0 17435
16395 53288 1:0 17422
16400 53257 1:0 17548
16428 53254 1:0 17566
16510 53256 1:0 17552
16511 53255 1:0 17553
16520 53224 1:0 17679
16520 53221 1:0 17697
16526 53223 1:0 17683
16531 53222 1:0 17684
16546 333 1:0 19027
16641 55127 1:0 19168
17877 56105 21:0 17951
17884 56106 0:0 17885
17884 56107 0:0 17885
17949 56108 0:0 17951
17953 56138 21:0 18027
17960 56139 0:0 17961
17960 56140 0:0 17961
18029 56171 21:0 18103
18036 56173 0:0 18037
18036 56172 0:0 18037
18101 56174 0:0 18103
18105 56204 21:0 18179
18112 56205 0:0 18113
18112 56206 0:0 18113
18177 56207 0:0 18179
18181 56237 21:0 18255
18188 56238 0:0 18189
18188 56239 0:0 18189
18253 56240 0:0 18255
18257 56270 21:0 18331
18264 56271 0:0 18265
18264 56272 0:0 18265
18329 56273 0:0 18331
18333 56303 21:0 18407
18340 56304 0:0 18341
18340 56305 0:0 18341
18405 56306 0:0 18407
18409 56336 21:0 18483
18416 56338 0:0 18417
18416 56337 0:0 18417
18481 56339 0:0 18483
18485 56369 0:0 18488
18490 56370 21:0 18564
18492 56371 0:0 18493
18557 56372 0:0 18559
18563 56402 0:0 18564
18566 56403 0:0 18569
18569 56405 21:0 18645
18639 56435 0:0 18640
18644 56436 0:0 18645
18644 56437 21:0 18716
18709 56438 0:0 18711
18715 56468 0:0 18716
18718 56470 21:0 18792
18720 56469 0:0 18721
18791 56501 0:0 18792
18794 56503 21:0 18868
18861 56504 0:0 18863
19039 55126 1:0 19167
19040 55095 1:0 19291
19049 55094 1:0 19295
19049 55092 1:0 19309
19055 55062 1:0 19422
19068 333 21:0 19130
19076 55059 1:0 19440
19129 55027 1:0 19560
19170 55028 1:0 19561
19171 55026 1:0 19571
19180 54996 1:0 19602
19180 54994 1:0 19691
19188 54995 1:0 19692
19206 54993 1:0 19702
19301 54963 1:0 19733
19302 54961 1:0 19822
19302 54962 1:0 19823
19311 54960 1:0 19833
19311 54930 1:0 19946
19319 54927 1:0 19964
19338 54928 1:0 19951
19432 54929 1:0 19950
19433 54897 1:0 20077
19442 54895 1:0 20082
19442 54894 1:0 20095
19448 54896 1:0 20081
19452 54864 1:0 20208
19469 54861 1:0 20226
19563 54863 1:0 20212
19564 54862 1:0 20213
19573 54831 1:0 20339
19573 54828 1:0 20357
19579 54829 1:0 20344
19583 54830 1:0 20343
19612 54798 1:0 20470
19694 54795 1:0 20488
19695 54796 1:0 20475
19704 54797 1:0 20474
19704 54765 1:0 20601
19710 54762 1:0 20619
19715 54763 1:0 20606
19743 54764 1:0 20605
19825 54732 1:0 20732
19826 54729 1:0 20750
19835 54731 1:0 20736
19835 54730 1:0 20737
19841 54699 1:0 20863
19846 54696 1:0 20881
19874 54698 1:0 20867
19956 54697 1:0 20868
19957 54666 1:0 20994
19966 54664 1:0 20999
19966 54663 1:0 21012
19972 54665 1:0 20998
19974 334 1:0 22342
21192 57547 21:0 21266
21199 57548 0:0 21200
21199 57549 0:0 21200
21264 57550 0:0 21266
21268 57580 21:0 21342
21275 57582 0:0 21276
21275 57581 0:0 21276
21340 57583 0:0 21342
21344 57613 21:0 21418
21351 57614 0:0 21352
21351 57615 0:0 21352
21416 57616 0:0 21418
21420 57646 21:0 21494
21427 57648 0:0 21428
21427 57647 0:0 21428
21492 57649 0:0 21494
21496 57679 21:0 21570
21503 57681 0:0 21504
21503 57680 0:0 21504
21568 57682 0:0 21570
21572 57712 21:0 21646
21579 57713 0:0 21580
21579 57714 0:0 21580
21644 57715 0:0 21646
21648 57745 21:0 21722
21655 57746 0:0 21656
21655 57747 0:0 21656
21720 57748 0:0 21722
21724 57778 21:0 21798
21731 57780 0:0 21732
21731 57779 0:0 21732
21796 57781 0:0 21798
21800 57811 21:0 21874
21807 57812 0:0 21808
21807 57813 0:0 21808
21872 57814 0:0 21874
21876 57844 21:0 21950
21883 57845 0:0 21884
21883 57846 0:0 21884
21948 57847 0:0 21950
21952 57877 21:0 22026
21959 57878 0:0 21960
21959 57879 0:0 21960
22024 57880 0:0 22026
22028 57910 21:0 22102
22035 57911 0:0 22036
22035 57912 0:0 22036
22100 57913 0:0 22102
22109 57945 21:0 22183
22112 57946 0:0 22130
22185 57977 21:0 22259
22252 57979 0:0 22254
22264 58012 21:0 22340
22354 56504 1:0 22655
22355 56503 1:0 22745
22364 56501 1:0 22755
22364 56470 1:0 22876
22370 56469 1:0 22875
22383 334 21:0 22445
22391 56468 1:0 22886
22444 56438 1:0 22917
22485 56437 1:0 23007
22486 56436 1:0 23006
22495 56435 1:0 23017
22495 56405 1:0 23130
22503 56403 1:0 23137
22521 56402 1:0 23148
22616 56372 1:0 23179
22617 56370 1:0 23268
22617 56371 1:0 23269
22626 56369 1:0 23279
22626 56339 1:0 23392
22634 56336 1:0 23410
22653 56337 1:0 23397
22747 56338 1:0 23396
22748 56306 1:0 23523
22757 56305 1:0 23527
22757 56303 1:0 23541
22763 56304 1:0 23528
22767 56273 1:0 23654
22784 56270 1:0 23672
22878 56272 1:0 23658
22879 56271 1:0 23659
22888 56240 1:0 23785
22888 56237 1:0 23803
22894 56238 1:0 23790
22898 56239 1:0 23789
22927 56207 1:0 23916
23009 56204 1:0 23934
23010 56205 1:0 23921
23019 56206 1:0 23920
23019 56174 1:0 24047
23025 56171 1:0 24065
23030 56172 1:0 24052
23058 56173 1:0 24051
23140 56138 1:0 24196
23141 56139 1:0 24183
23150 56140 1:0 24182
23150 56108 1:0 24309
23156 56105 1:0 24327
23161 56107 1:0 24313
23189 56106 1:0 24314
23271 335 1:0 25657
23272 58012 1:0 25790
23272 57979 1:0 25839
24507 58989 21:0 24581
24514 58991 0:0 24515
24514 58990 0:0 24515
24579 58992 0:0 24581
24583 59022 21:0 24657
24590 59024 0:0 24591
24590 59023 0:0 24591
24655 59025 0:0 24657
24659 59055 21:0 24733
24666 59056 0:0 24667
24666 59057 0:0 24667
24731 59058 0:0 24733
24735 59088 21:0 24809
24742 59089 0:0 24743
24742 59090 0:0 24743
24807 59091 0:0 24809
24811 59121 21:0 24885
24818 59122 0:0 24819
24818 59123 0:0 24819
24883 59124 0:0 24885
24887 59154 21:0 24961
24894 59155 0:0 24895
24894 59156 0:0 24895
24959 59157 0:0 24961
24963 59187 21:0 25037
24970 59188 0:0 24971
24970 59189 0:0 24971
25035 59190 0:0 25037
25039 59220 21:0 25113
25046 59221 0:0 25047
25046 59222 0:0 25047
25111 59223 0:0 25113
25115 59253 21:0 25189
25122 59254 0:0 25123
25122 59255 0:0 25123
25187 59256 0:0 25189
25191 59286 21:0 25265
25198 59287 0:0 25199
25198 59288 0:0 25199
25263 59289 0:0 25265
25267 59319 21:0 25341
25272 59321 0:0 25275
25274 59320 0:0 25275
25275 59322 0:0 25293
25343 59352 21:0 25417
25350 59353 0:0 25351
25415 59355 0:0 25417
25419 59385 0:0 25422
25424 59386 0:0 25427
25427 59388 21:0 25503
25669 57977 1:0 25928
25670 57945 1:0 26060
25679 57946 1:0 26052
25679 57913 1:0 26183
25685 57910 1:0 26201
25698 335 21:0 25760
25706 57911 1:0 26188
25759 57912 1:0 26187
25800 57880 1:0 26314
25801 57877 1:0 26332
25810 57879 1:0 26318
25810 57878 1:0 26319
25818 57847 1:0 26445
25836 57844 1:0 26463
25931 57845 1:0 26450
25932 57846 1:0 26449
25932 57814 1:0 26576
25941 57813 1:0 26580
25941 57811 1:0 26594
25949 57812 1:0 26581
25968 57781 1:0 26707
26062 57778 1:0 26725
26063 57779 1:0 26712
26072 57780 1:0 26711
26072 57748 1:0 26838
26078 57745 1:0 26856
26082 57746 1:0 26843
26099 57747 1:0 26842
26193 57715 1:0 26969
26194 57712 1:0 26987
26203 57714 1:0 26973
26203 57713 1:0 26974
26209 57682 1:0 27100
26213 57679 1:0 27118
26242 57680 1:0 27105
26324 57681 1:0 27104
26325 57649 1:0 27231
26334 57648 1:0 27235
26334 57646 1:0 27249
26340 57647 1:0 27236
26345 57616 1:0 27362
26373 57613 1:0 27380
26455 57615 1:0 27366
26456 57614 1:0 27367
26465 57583 1:0 27493
26465 57580 1:0 27511
26471 57581 1:0 27498
26476 57582 1:0 27497
26504 57550 1:0 27624
26586 57547 1:0 27642
26587 57549 1:0 27628
26587 336 1:0 28972
26596 57548 1:0 27629
27822 60431 21:0 27896
27829 60433 0:0 27830
27829 60432 0:0 27830
27894 60434 0:0 27896
27898 60464 21:0 27972
27905 60466 0:0 27906
27905 60465 0:0 27906
27970 60467 0:0 27972
27974 60497 21:0 28048
27981 60498 0:0 27982
27981 60499 0:0 27982
28046 60500 0:0 28048
28050 60530 21:0 28124
28057 60531 0:0 28058
28057 60532 0:0 28058
28122 60533 0:0 28124
28126 60563 21:0 28200
28133 60564 0:0 28134
28133 60565 0:0 28134
28198 60566 0:0 28200
28202 60596 21:0 28276
28209 60598 0:0 28210
28209 60597 0:0 28210
28274 60599 0:0 28276
28278 60629 21:0 28352
28285 60630 0:0 28286
28285 60631 0:0 28286
28350 60632 0:0 28352
28354 60662 21:0 28428
28361 60663 0:0 28362
28361 60664 0:0 28362
28426 60665 0:0 28428
28430 60695 0:0 28433
28435 60696 21:0 28509
28437 60697 0:0 28438
28502 60698 0:0 28504
28508 60728 21:0 28580
28511 60729 0:0 28514
28511 60730 0:0 28514
28514 60731 0:0 28532
28582 60761 21:0 28656
28589 60763 0:0 28590
28589 60762 0:0 28590
28654 60764 0:0 28656
28658 60794 21:0 28732
28730 60797 0:0 28732
28734 60827 0:0 28737
28739 60829 21:0 28813
28815 60861 21:0 28889
28817 60862 0:0 28818
28882 60863 0:0 28884
28984 59388 1:0 29367
28985 59386 1:0 29374
28994 59385 1:0 29385
28994 59355 1:0 29498
29000 59352 1:0 29516
29013 336 21:0 29075
29021 59353 1:0 29503
29074 59322 1:0 29629
29115 59319 1:0 29647
29116 59320 1:0 29634
29125 59321 1:0 29637
29125 59289 1:0 29760
29133 59286 1:0 29778
29151 59287 1:0 29765
29246 59288 1:0 29764
29247 59256 1:0 29891
29247 59253 1:0 29909
29256 59255 1:0 29895
29256 59254 1:0 29896
29264 59223 1:0 30022
29283 59220 1:0 30040
29377 59222 1:0 30026
29378 59221 1:0 30027
29387 59190 1:0 30153
29387 59187 1:0 30171
29393 59188 1:0 30158
29397 59189 1:0 30157
29414 59157 1:0 30284
29508 59154 1:0 30302
29509 59155 1:0 30289
29518 59156 1:0 30288
29518 59124 1:0 30415
29524 59121 1:0 30433
29528 59123 1:0 30419
29557 59122 1:0 30420
29639 59091 1:0 30546
29640 59088 1:0 30564
29649 59090 1:0 30550
29649 59089 1:0 30551
29655 59058 1:0 30677
29660 59055 1:0 30695
29688 59057 1:0 30681
29770 59056 1:0 30682
29771 59025 1:0 30808
29780 59024 1:0 30812
29780 59022 1:0 30826
29786 59023 1:0 30813
29791 58992 1:0 30939
29819 58989 1:0 30957
29901 58991 1:0 30943
29902 58990 1:0 30944
29902 337 1:0 32287
31137 61873 21:0 31211
31144 61875 0:0 31145
31144 61874 0:0 31145
31209 61876 0:0 31211
31213 61906 21:0 31287
31220 61907 0:0 31221
31220 61908 0:0 31221
31285 61909 0:0 31287
31289 61939 21:0 31363
31296 61940 0:0 31297
31361 61942 0:0 31363
31365 61972 21:0 31439
31372 61973 0:0 31373
31372 61974 0:0 31373
31437 61975 0:0 31439
31441 62005 21:0 31515
31448 62007 0:0 31449
31448 62006 0:0 31449
31513 62008 0:0 31515
31517 62038 21:0 31591
31524 62040 0:0 31525
31524 62039 0:0 31525
31589 62041 0:0 31591
31593 62071 21:0 31667
31600 62072 0:0 31601
31600 62073 0:0 31601
31665 62074 0:0 31667
31669 62104 0:0 31672
31674 62105 21:0 31748
31676 62106 0:0 31677
31741 62107 0:0 31743
31747 62137 21:0 31819
31752 62139 0:0 31753
31752 62138 0:0 31753
31821 62170 21:0 31895
31826 62172 0:0 31829
31826 62171 0:0 31829
31829 62173 0:0 31847
31897 62203 21:0 31971
31904 62205 0:0 31905
31969 62206 0:0 31971
31973 62236 0:0 31976
31978 62238 0:0 31981
31978 62237 0:0 31981
31981 62239 21:0 32057
32056 62270 21:0 32128
32121 62272 0:0 32123
32127 62302 0:0 32128
32130 62303 21:0 32204
32132 62304 0:0 32133
32299 60863 1:0 32469
32300 60861 1:0 32558
32309 60862 1:0 32559
32309 60829 1:0 32690
32315 60827 1:0 32700
32328 337 21:0 32390
32336 60797 1:0 32813
32389 60794 1:0 32831
32430 60764 1:0 32944
32431 60761 1:0 32962
32440 60763 1:0 32948
32440 60762 1:0 32949
32448 60731 1:0 33075
32466 60728 1:0 33093
32561 60730 1:0 33083
32562 60729 1:0 33082
32562 60698 1:0 33124
32571 60696 1:0 33213
32571 60697 1:0 33214
32579 60695 1:0 33224
32598 60665 1:0 33337
32692 60662 1:0 33355
32693 60663 1:0 33342
32702 60664 1:0 33341
32702 60632 1:0 33468
32708 60629 1:0 33486
32712 60630 1:0 33473
32729 60631 1:0 33472
32823 60599 1:0 33599
32824 60596 1:0 33617
32833 60598 1:0 33603
32833 60597 1:0 33604
32839 60566 1:0 33730
32843 60563 1:0 33748
32872 60564 1:0 33735
32954 60565 1:0 33734
32955 60533 1:0 33861
32964 60532 1:0 33865
32964 60530 1:0 33879
32970 60531 1:0 33866
32975 60500 1:0 33992
33003 60497 1:0 34010
33085 60499 1:0 33996
33086 60498 1:0 33997
33095 60467 1:0 34123
33095 60464 1:0 34141
33101 60465 1:0 34128
33106 60466 1:0 34127
33134 60434 1:0 34254
33216 60431 1:0 34272
33217 60432 1:0 34259
33217 338 1:0 35602
33226 60433 1:0 34258
34452 63315 0:0 34455
34457 63317 21:0 34531
34459 63316 0:0 34460
34524 63318 0:0 34526
34530 63348 0:0 34531
34533 63350 21:0 34607
34535 63349 0:0 34536
34600 63351 0:0 34602
34606 63381 0:0 34607
34609 63383 21:0 34683
34611 63382 0:0 34612
34676 63384 0:0 34678
34682 63414 21:0 34754
34687 63415 0:0 34688
34687 63416 0:0 34688
34752 63417 0:0 34754
34756 63447 21:0 34830
34763 63448 0:0 34764
34763 63449 0:0 34764
34828 63450 0:0 34830
34832 63480 21:0 34906
34839 63481 0:0 34840
34839 63482 0:0 34840
34904 63483 0:0 34906
34908 63513 21:0 34982
34915 63514 0:0 34916
34915 63515 0:0 34916
34980 63516 0:0 34982
34984 63546 21:0 35058
34991 63548 0:0 34992
34991 63547 0:0 34992
35056 63549 0:0 35058
35060 63579 0:0 35063
35065 63580 21:0 35139
35067 63581 0:0 35068
35132 63582 0:0 35134
35138 63612 21:0 35210
35143 63613 0:0 35144
35143 63614 0:0 35144
35208 63615 0:0 35210
35212 63645 0:0 35215
35217 63646 21:0 35291
35219 63647 0:0 35220
35284 63648 0:0 35286
35290 63678 21:0 35362
35295 63679 0:0 35296
35369 63713 21:0 35443
35371 63712 0:0 35372
35436 63714 0:0 35438
35445 63746 21:0 35519
35447 63745 0:0 35448
35614 62303 1:0 35873
35615 62304 1:0 35874
35624 62302 1:0 35884
35624 62272 1:0 35915
35630 62270 1:0 36004
35643 338 21:0 35706
35651 62239 1:0 36128
35704 62238 1:0 36136
35745 62237 1:0 36135
35746 62236 1:0 36146
35755 62206 1:0 36259
35755 62203 1:0 36277
35763 62205 1:0 36263
35781 62173 1:0 36390
35876 62170 1:0 36408
35877 62171 1:0 36397
35877 62172 1:0 36398
35886 62138 1:0 36526
35886 62137 1:0 36539
35894 62139 1:0 36525
35913 62107 1:0 36570
36007 62105 1:0 36659
36008 62106 1:0 36660
36017 62104 1:0 36670
36017 62074 1:0 36783
36023 62071 1:0 36801
36027 62072 1:0 36788
36044 62073 1:0 36787
36138 62041 1:0 36914
36139 62038 1:0 36932
36148 62040 1:0 36918
36148 62039 1:0 36919
36154 62008 1:0 37045
36158 62005 1:0 37063
36187 62006 1:0 37050
36269 62007 1:0 37049
36270 61975 1:0 37176
36279 61973 1:0 37181
36279 61972 1:0 37194
36285 61974 1:0 37180
36290 61942 1:0 37307
36318 61939 1:0 37325
36400 61940 1:0 37312
36401 61909 1:0 37438
36410 61907 1:0 37443
36410 61906 1:0 37456
36416 61908 1:0 37442
36421 61876 1:0 37569
36449 61873 1:0 37587
36531 61874 1:0 37574
36532 61875 1:0 37573
36532 339 1:0 38917
36541 63745 1:0 39188
36541 63746 1:0 39189
36549 63714 1:0 39230
37767 64757 21:0 37841
37774 64759 0:0 37775
37774 64758 0:0 37775
37839 64760 0:0 37841
37843 64790 21:0 37917
37850 64791 0:0 37851
37850 64792 0:0 37851
37915 64793 0:0 37917
37919 64823 21:0 37993
37926 64824 0:0 37927
37926 64825 0:0 37927
37991 64826 0:0 37993
37995 64856 21:0 38069
38002 64858 0:0 38003
38002 64857 0:0 38003
38067 64859 0:0 38069
38071 64889 21:0 38145
38078 64891 0:0 38079
38078 64890 0:0 38079
38143 64892 0:0 38145
38147 64922 21:0 38221
38154 64924 0:0 38155
38154 64923 0:0 38155
38219 64925 0:0 38221
38223 64955 21:0 38297
38230 64956 0:0 38231
38230 64957 0:0 38231
38295 64958 0:0 38297
38299 64988 21:0 38373
38306 64990 0:0 38307
38306 64989 0:0 38307
38371 64991 0:0 38373
38375 65021 0:0 38378
38380 65022 21:0 38454
38382 65023 0:0 38383
38447 65024 0:0 38449
38453 65054 0:0 38454
38456 65055 21:0 38530
38458 65056 0:0 38459
38523 65057 0:0 38525
38529 65087 0:0 38530
38532 65089 21:0 38606
38534 65088 0:0 38535
38599 65090 0:0 38601
38605 65120 21:0 38677
38610 65122 0:0 38611
38610 65121 0:0 38611
38675 65123 0:0 38677
38679 65153 0:0 38682
38684 65155 0:0 38687
38687 65156 21:0 38763
38757 65186 0:0 38758
38762 65188 21:0 38834
38929 63713 1:0 39320
38930 63712 1:0 39319
38939 63679 1:0 39448
38939 63678 1:0 39461
38945 63648 1:0 39492
38958 339 21:0 39018
38966 63646 1:0 39581
39019 63647 1:0 39582
39060 63645 1:0 39592
39061 63615 1:0 39705
39070 63614 1:0 39709
39070 63612 1:0 39723
39078 63613 1:0 39710
39096 63582 1:0 39754
39191 63580 1:0 39843
39192 63581 1:0 39844
39192 63579 1:0 39854
39201 63549 1:0 39967
39201 63546 1:0 39985
39209 63547 1:0 39972
39228 63548 1:0 39971
39322 63516 1:0 40098
39323 63513 1:0 40116
39332 63515 1:0 40102
39332 63514 1:0 40103
39338 63483 1:0 40229
39342 63480 1:0 40247
39359 63481 1:0 40234
39453 63482 1:0 40233
39454 63450 1:0 40360
39463 63449 1:0 40364
39463 63447 1:0 40378
39469 63448 1:0 40365
39473 63417 1:0 40491
39502 63414 1:0 40509
39584 63416 1:0 40495
39585 63415 1:0 40496
39594 63384 1:0 40540
39594 63383 1:0 40630
39600 63382 1:0 40629
39605 63381 1:0 40640
39633 63351 1:0 40671
39715 63350 1:0 40761
39716 63349 1:0 40760
39725 63348 1:0 40771
39725 63318 1:0 40802
39731 63317 1:0 40892
39736 63316 1:0 40891
39764 63315 1:0 40902
39846 340 1:0 42232
41082 66199 21:0 41156
41089 66201 0:0 41090
41089 66200 0:0 41090
41154 66202 0:0 41156
41158 66232 21:0 41232
41165 66233 0:0 41166
41165 66234 0:0 41166
41230 66235 0:0 41232
41234 66265 21:0 41308
41241 66267 0:0 41242
41241 66266 0:0 41242
41306 66268 0:0 41308
41310 66298 21:0 41384
41317 66299 0:0 41318
41317 66300 0:0 41318
41382 66301 0:0 41384
41386 66331 21:0 41460
41393 66333 0:0 41394
41393 66332 0:0 41394
41458 66334 0:0 41460
41462 66364 21:0 41536
41469 66366 0:0 41470
41469 66365 0:0 41470
41534 66367 0:0 41536
41538 66397 21:0 41612
41545 66399 0:0 41546
41545 66398 0:0 41546
41610 66400 0:0 41612
41614 66430 0:0 41617
41619 66431 21:0 41693
41621 66432 0:0 41622
41686 66433 0:0 41688
41692 66463 0:0 41693
41695 66465 21:0 41769
41697 66464 0:0 41698
41762 66466 0:0 41764
41768 66496 0:0 41769
41771 66498 0:0 41774
41771 66497 0:0 41774
41774 66499 21:0 41850
41849 66529 21:0 41921
41920 66562 21:0 41992
41925 66564 0:0 41926
41925 66563 0:0 41926
41926 66565 0:0 41944
41994 66595 21:0 42068
42001 66596 0:0 42002
42001 66597 0:0 42002
42244 65188 1:0 42504
42245 65186 1:0 42514
42254 65156 1:0 42627
42254 65155 1:0 42635
42260 65153 1:0 42645
42273 340 21:0 42336
42281 65123 1:0 42758
42334 65120 1:0 42776
42375 65122 1:0 42762
42376 65121 1:0 42763
42385 65090 1:0 42807
42385 65089 1:0 42897
42393 65088 1:0 42896
42411 65087 1:0 42907
42506 65057 1:0 42938
42507 65055 1:0 43027
42507 65056 1:0 43028
42516 65054 1:0 43038
42516 65024 1:0 43069
42524 65022 1:0 43158
42543 65023 1:0 43159
42637 65021 1:0 43169
42638 64991 1:0 43282
42647 64989 1:0 43287
42647 64988 1:0 43300
42653 64990 1:0 43286
42657 64958 1:0 43413
42674 64955 1:0 43431
42768 64956 1:0 43418
42769 64957 1:0 43417
42778 64925 1:0 43544
42778 64922 1:0 43562
42784 64923 1:0 43549
42788 64924 1:0 43548
42817 64892 1:0 43675
42899 64889 1:0 43693
42900 64890 1:0 43680
42909 64891 1:0 43679
42909 64859 1:0 43806
42915 64856 1:0 43824
42920 64858 1:0 43810
42948 64857 1:0 43811
43030 64826 1:0 43937
43031 64823 1:0 43955
43040 64825 1:0 43941
43040 64824 1:0 43942
43046 64793 1:0 44068
43051 64790 1:0 44086
43079 64791 1:0 44073
43161 64792 1:0 44072
43162 64760 1:0 44199
43171 64758 1:0 44204
43171 64757 1:0 44217
43177 64759 1:0 44203
43179 341 1:0 45547
44397 67641 0:0 44400
44402 67642 21:0 44476
44404 67643 0:0 44405
44469 67644 0:0 44471
44475 67674 21:0 44547
44480 67676 0:0 44481
44480 67675 0:0 44481
44545 67677 0:0 44547
44549 67707 21:0 44623
44556 67708 0:0 44557
44556 67709 0:0 44557
44621 67710 0:0 44623
44625 67740 21:0 44699
44632 67742 0:0 44633
44632 67741 0:0 44633
44697 67743 0:0 44699
44701 67773 21:0 44775
44708 67774 0:0 44709
44708 67775 0:0 44709
44773 67776 0:0 44775
44777 67806 21:0 44851
44784 67808 0:0 44785
44784 67807 0:0 44785
44849 67809 0:0 44851
44853 67839 21:0 44927
44860 67840 0:0 44861
44860 67841 0:0 44861
44925 67842 0:0 44927
44929 67872 21:0 45003
44936 67874 0:0 44937
44936 67873 0:0 44937
45001 67875 0:0 45003
45005 67905 0:0 45008
45010 67906 21:0 45084
45012 67907 0:0 45013
45077 67908 0:0 45079
45083 67938 0:0 45084
45086 67940 21:0 45160
45088 67939 0:0 45089
45153 67941 0:0 45155
45159 67971 0:0 45160
45162 67972 21:0 45236
45164 67973 0:0 45165
45229 67974 0:0 45231
45235 68004 0:0 45236
45238 68005 21:0 45312
45240 68006 0:0 45241
45305 68007 0:0 45307
45311 68037 21:0 45383
45316 68039 0:0 45317
45390 68071 21:0 45464
45392 68072 0:0 45393
45466 68105 21:0 45540
45559 66595 1:0 45960
45560 66596 1:0 45947
45569 66597 1:0 45946
45569 66565 1:0 46073
45575 66562 1:0 46091
45588 341 21:0 45650
45596 66563 1:0 46078
45649 66564 1:0 46077
45690 66529 1:0 46222
45691 66499 1:0 46335
45700 66497 1:0 46342
45700 66498 1:0 46343
45708 66496 1:0 46353
45726 66466 1:0 46384
45821 66465 1:0 46474
45822 66464 1:0 46473
45822 66463 1:0 46484
45831 66433 1:0 46515
45831 66431 1:0 46604
45839 66432 1:0 46605
45858 66430 1:0 46615
45952 66400 1:0 46728
45953 66397 1:0 46746
45962 66399 1:0 46732
45962 66398 1:0 46733
45968 66367 1:0 46859
45972 66364 1:0 46877
45989 66365 1:0 46864
46083 66366 1:0 46863
46084 66334 1:0 46990
46093 66332 1:0 46995
46093 66331 1:0 47008
46099 66333 1:0 46994
46103 66301 1:0 47121
46132 66298 1:0 47139
46214 66299 1:0 47126
46215 66300 1:0 47125
46224 66268 1:0 47252
46224 66265 1:0 47270
46230 66267 1:0 47256
46235 66266 1:0 47257
46263 66235 1:0 47383
46345 66232 1:0 47401
46346 66234 1:0 47387
46355 66233 1:0 47388
46355 66202 1:0 47514
46361 66199 1:0 47532
46366 66201 1:0 47518
46394 66200 1:0 47519
46476 342 1:0 48862
47712 69083 21:0 47786
47719 69085 0:0 47720
47719 69084 0:0 47720
47784 69086 0:0 47786
47788 69116 21:0 47862
47795 69117 0:0 47796
47795 69118 0:0 47796
47860 69119 0:0 47862
47864 69149 21:0 47938
47871 69150 0:0 47872
47871 69151 0:0 47872
47936 69152 0:0 47938
47940 69182 21:0 48014
47947 69183 0:0 47948
47947 69184 0:0 47948
48012 69185 0:0 48014
48016 69215 21:0 48090
48023 69217 0:0 48024
48023 69216 0:0 48024
48088 69218 0:0 48090
48092 69248 21:0 48166
48099 69249 0:0 48100
48099 69250 0:0 48100
48164 69251 0:0 48166
48168 69281 21:0 48242
48175 69283 0:0 48176
48175 69282 0:0 48176
48240 69284 0:0 48242
48244 69314 21:0 48318
48251 69315 0:0 48252
48251 69316 0:0 48252
48316 69317 0:0 48318
48320 69347 0:0 48323
48325 69349 21:0 48399
48327 69348 0:0 48328
48392 69350 0:0 48394
48398 69380 0:0 48399
48401 69381 21:0 48475
48403 69382 0:0 48404
48468 69383 0:0 48470
48477 69414 0:0 48480
48480 69416 21:0 48556
48553 69448 0:0 48556
48553 69447 0:0 48556
48556 69449 21:0 48632
48631 69480 0:0 48632
48631 69481 21:0 48703
48702 69512 21:0 48774
48874 68105 1:0 49003
48875 68071 1:0 49133
48884 68072 1:0 49134
48884 68037 1:0 49275
48890 68039 1:0 49261
48903 342 21:0 48965
48911 68007 1:0 49306
48964 68005 1:0 49395
49005 68006 1:0 49396
49006 68004 1:0 49406
49015 67974 1:0 49437
49015 67972 1:0 49526
49023 67973 1:0 49527
49041 67971 1:0 49537
49136 67941 1:0 49568
49137 67939 1:0 49657
49137 67940 1:0 49658
49146 67938 1:0 49668
49146 67908 1:0 49699
49154 67906 1:0 49788
49173 67907 1:0 49789
49267 67905 1:0 49799
49268 67875 1:0 49912
49277 67874 1:0 49916
49277 67872 1:0 49930
49283 67873 1:0 49917
49287 67842 1:0 50043
49304 67839 1:0 50061
49398 67840 1:0 50048
49399 67841 1:0 50047
49408 67809 1:0 50174
49408 67806 1:0 50192
49414 67808 1:0 50178
49418 67807 1:0 50179
49447 67776 1:0 50305
49529 67773 1:0 50323
49530 67774 1:0 50310
49539 67775 1:0 50309
49539 67743 1:0 50436
49545 67740 1:0 50454
49550 67741 1:0 50441
49578 67742 1:0 50440
49660 67710 1:0 50567
49661 67707 1:0 50585
49670 67709 1:0 50571
49670 67708 1:0 50572
49676 67677 1:0 50698
49681 67674 1:0 50716
49709 67675 1:0 50703
49791 67676 1:0 50702
49792 67644 1:0 50747
49801 67642 1:0 50836
49801 67643 1:0 50837
49807 67641 1:0 50847
49809 343 1:0 52177
49828 69512 1:0 52459
51027 70525 21:0 51101
51034 70527 0:0 51035
51034 70526 0:0 51035
51099 70528 0:0 51101
51103 70558 21:0 51177
51110 70559 0:0 51111
51110 70560 0:0 51111
51175 70561 0:0 51177
51179 70591 21:0 51253
51186 70592 0:0 51187
51186 70593 0:0 51187
51251 70594 0:0 51253
51255 70624 21:0 51329
51262 70626 0:0 51263
51262 70625 0:0 51263
51327 70627 0:0 51329
51331 70657 21:0 51405
51338 70659 0:0 51339
51338 70658 0:0 51339
51403 70660 0:0 51405
51407 70690 21:0 51481
51414 70692 0:0 51415
51414 70691 0:0 51415
51479 70693 0:0 51481
51483 70723 21:0 51557
51490 70724 0:0 51491
51490 70725 0:0 51491
51555 70726 0:0 51557
51559 70756 0:0 51562
51564 70757 21:0 51638
51566 70758 0:0 51567
51631 70759 0:0 51633
51637 70789 21:0 51709
51642 70791 0:0 51643
51642 70790 0:0 51643
51707 70792 0:0 51709
51711 70822 0:0 51714
51716 70824 0:0 51719
51716 70823 0:0 51719
51719 70825 21:0 51795
51794 70857 0:0 51795
51794 70856 0:0 51795
51794 70855 21:0 51866
51859 70858 0:0 51861
51865 70888 21:0 51937
51870 70889 0:0 51871
51870 70890 0:0 51871
51935 70891 0:0 51937
51944 70923 21:0 52018
51946 70922 0:0 51947
52011 70924 0:0 52013
52020 70955 0:0 52023
52023 70957 21:0 52099
52099 70990 21:0 52175
52189 69481 1:0 52580
52190 69480 1:0 52579
52199 69449 1:0 52703
52199 69448 1:0 52711
52205 69447 1:0 52710
52218 343 21:0 52280
52226 69416 1:0 52834
52279 69414 1:0 52841
52320 69383 1:0 52883
52321 69381 1:0 52972
52330 69382 1:0 52973
52330 69380 1:0 52983
52338 69350 1:0 53014
52356 69349 1:0 53104
52451 69348 1:0 53103
52452 69347 1:0 53114
52452 69317 1:0 53227
52461 69315 1:0 53232
52461 69314 1:0 53245
52469 69316 1:0 53231
52488 69284 1:0 53358
52582 69281 1:0 53376
52583 69282 1:0 53363
52592 69283 1:0 53362
52592 69251 1:0 53489
52598 69248 1:0 53507
52602 69249 1:0 53494
52619 69250 1:0 53493
52713 69218 1:0 53620
52714 69215 1:0 53638
52723 69217 1:0 53624
52723 69216 1:0 53625
52729 69185 1:0 53751
52733 69182 1:0 53769
52762 69183 1:0 53756
52844 69184 1:0 53755
52845 69152 1:0 53882
52854 69150 1:0 53887
52854 69149 1:0 53900
52860 69151 1:0 53886
52865 69119 1:0 54013
52893 69116 1:0 54031
52975 69118 1:0 54017
52976 69117 1:0 54018
52985 69086 1:0 54144
52985 69083 1:0 54162
52991 69084 1:0 54149
52996 69085 1:0 54148
53011 344 1:0 55492
54342 71967 21:0 54416
54349 71968 0:0 54350
54349 71969 0:0 54350
54414 71970 0:0 54416
54418 72000 21:0 54492
54425 72001 0:0 54426
54425 72002 0:0 54426
54490 72003 0:0 54492
54494 72033 21:0 54568
54501 72034 0:0 54502
54501 72035 0:0 54502
54566 72036 0:0 54568
54570 72066 21:0 54644
54577 72067 0:0 54578
54577 72068 0:0 54578
54642 72069 0:0 54644
54646 72099 21:0 54720
54653 72101 0:0 54654
54653 72100 0:0 54654
54718 72102 0:0 54720
54722 72132 21:0 54796
54729 72133 0:0 54730
54729 72134 0:0 54730
54794 72135 0:0 54796
54798 72165 21:0 54872
54805 72166 0:0 54806
54805 72167 0:0 54806
54870 72168 0:0 54872
54874 72198 21:0 54948
54881 72199 0:0 54882
54881 72200 0:0 54882
54946 72201 0:0 54948
54950 72231 0:0 54953
54955 72233 21:0 55029
54957 72232 0:0 54958
55022 72234 0:0 55024
55028 72264 0:0 55029
55031 72265 21:0 55105
55033 72266 0:0 55034
55098 72267 0:0 55100
55107 72299 21:0 55181
55109 72298 0:0 55110
55180 72330 0:0 55181
55183 72332 0:0 55186
55186 72333 21:0 55262
55261 72364 0:0 55262
55262 72366 21:0 55338
55504 70990 1:0 55625
55505 70957 1:0 55756
55514 70955 1:0 55763
55514 70924 1:0 55805
55520 70923 1:0 55895
55533 344 21:0 55595
55541 70922 1:0 55894
55594 70891 1:0 56018
55635 70888 1:0 56036
55636 70890 1:0 56022
55645 70889 1:0 56023
55645 70858 1:0 56149
55653 70855 1:0 56167
55671 70856 1:0 56154
55766 70857 1:0 56153
55767 70825 1:0 56280
55767 70823 1:0 56287
55776 70824 1:0 56288
55776 70822 1:0 56298
55784 70792 1:0 56411
55803 70789 1:0 56429
55897 70791 1:0 56415
55898 70790 1:0 56416
55907 70759 1:0 56460
55907 70757 1:0 56549
55913 70758 1:0 56550
55917 70756 1:0 56560
55934 70726 1:0 56673
56028 70723 1:0 56691
56029 70725 1:0 56677
56038 70724 1:0 56678
56038 70693 1:0 56804
56044 70690 1:0 56822
56048 70691 1:0 56809
56077 70692 1:0 56808
56159 70660 1:0 56935
56160 70657 1:0 56953
56169 70659 1:0 56939
56169 70658 1:0 56940
56175 70627 1:0 57066
56180 70624 1:0 57084
56208 70625 1:0 57071
56290 70626 1:0 57070
56291 70594 1:0 57197
56300 70593 1:0 57201
56300 70591 1:0 57215
56306 70592 1:0 57202
56311 70561 1:0 57328
56339 70558 1:0 57346
56421 70560 1:0 57332
56422 70559 1:0 57333
56431 70528 1:0 57459
56431 70525 1:0 57477
56437 70527 1:0 57463
56457 70526 1:0 57464
56458 345 1:0 58807
56552 72366 1:0 59202
57657 73409 21:0 57731
57664 73411 0:0 57665
57664 73410 0:0 57665
57729 73412 0:0 57731
57733 73442 21:0 57807
57740 73444 0:0 57741
57740 73443 0:0 57741
57805 73445 0:0 57807
57809 73475 21:0 57883
57816 73477 0:0 57817
57816 73476 0:0 57817
57881 73478 0:0 57883
57885 73508 21:0 57959
57892 73509 0:0 57893
57892 73510 0:0 57893
57957 73511 0:0 57959
57961 73541 21:0 58035
57968 73542 0:0 57969
57968 73543 0:0 57969
58033 73544 0:0 58035
58037 73574 21:0 58111
58044 73575 0:0 58045
58044 73576 0:0 58045
58109 73577 0:0 58111
58113 73607 21:0 58187
58120 73609 0:0 58121
58120 73608 0:0 58121
58185 73610 0:0 58187
58189 73640 21:0 58263
58196 73642 0:0 58197
58196 73641 0:0 58197
58261 73643 0:0 58263
58265 73673 21:0 58339
58272 73674 0:0 58273
58272 73675 0:0 58273
58337 73676 0:0 58339
58341 73706 21:0 58415
58348 73708 0:0 58349
58348 73707 0:0 58349
58413 73709 0:0 58415
58417 73739 0:0 58420
58422 73741 21:0 58496
58424 73740 0:0 58425
58489 73742 0:0 58491
58495 73772 21:0 58567
58500 73774 0:0 58501
58500 73773 0:0 58501
58565 73775 0:0 58567
58569 73805 0:0 58572
58574 73807 21:0 58648
58647 73838 0:0 58648
58650 73839 21:0 58724
58652 73840 0:0 58653
58717 73841 0:0 58719
58723 73871 21:0 58795
58819 72364 1:0 59209
58820 72333 1:0 59333
58829 72332 1:0 59341
58829 72330 1:0 59351
58835 72299 1:0 59472
58848 345 21:0 58910
58856 72298 1:0 59471
58909 72267 1:0 59513
58950 72265 1:0 59602
58951 72266 1:0 59603
58960 72264 1:0 59613
58960 72234 1:0 59644
58968 72233 1:0 59734
58986 72232 1:0 59733
59081 72231 1:0 59744
59082 72201 1:0 59857
59082 72198 1:0 59875
59091 72200 1:0 59861
59091 72199 1:0 59862
59099 72168 1:0 59988
59118 72165 1:0 60006
59212 72166 1:0 59993
59213 72167 1:0 59992
59222 72135 1:0 60119
59222 72132 1:0 60137
59228 72134 1:0 60123
59232 72133 1:0 60124
59249 72102 1:0 60250
59343 72099 1:0 60268
59344 72100 1:0 60255
59353 72101 1:0 60254
59353 72069 1:0 60381
59359 72066 1:0 60399
59363 72067 1:0 60386
59392 72068 1:0 60385
59474 72036 1:0 60512
59475 72033 1:0 60530
59484 72035 1:0 60516
59484 72034 1:0 60517
59490 72003 1:0 60643
59495 72000 1:0 60661
59523 72001 1:0 60648
59605 72002 1:0 60647
59606 71970 1:0 60774
59615 71968 1:0 60779
59615 71967 1:0 60792
59621 71969 1:0 60778
59623 346 1:0 62122
60972 74851 21:0 61046
60979 74852 0:0 60980
60979 74853 0:0 60980
61044 74854 0:0 61046
61048 74884 21:0 61122
61055 74885 0:0 61056
61055 74886 0:0 61056
61120 74887 0:0 61122
61124 74917 21:0 61198
61131 74919 0:0 61132
61131 74918 0:0 61132
61196 74920 0:0 61198
61200 74950 21:0 61274
61207 74951 0:0 61208
61207 74952 0:0 61208
61272 74953 0:0 61274
61276 74983 21:0 61350
61283 74985 0:0 61284
61283 74984 0:0 61284
61348 74986 0:0 61350
61352 75016 21:0 61426
61359 75017 0:0 61360
61359 75018 0:0 61360
61424 75019 0:0 61426
61428 75049 21:0 61502
61435 75051 0:0 61436
61435 75050 0:0 61436
61500 75052 0:0 61502
61504 75082 21:0 61578
61511 75084 0:0 61512
61511 75083 0:0 61512
61576 75085 0:0 61578
61580 75115 0:0 61583
61585 75117 21:0 61659
61587 75116 0:0 61588
61652 75118 0:0 61654
61658 75148 0:0 61659
61661 75149 21:0 61735
61663 75150 0:0 61664
61728 75151 0:0 61730
61734 75181 21:0 61806
61739 75183 0:0 61740
61813 75215 21:0 61887
61815 75216 0:0 61816
61889 75249 21:0 61963
62041 75315 21:0 62115
62134 73871 1:0 62273
62135 73841 1:0 62304
62144 73839 1:0 62393
62144 73840 1:0 62394
62150 73838 1:0 62404
62163 346 21:0 62225
62171 73807 1:0 62525
62224 73805 1:0 62535
62265 73775 1:0 62648
62266 73772 1:0 62666
62275 73774 1:0 62652
62275 73773 1:0 62653
62283 73742 1:0 62697
62301 73741 1:0 62787
62396 73740 1:0 62786
62397 73739 1:0 62797
62397 73709 1:0 62910
62406 73708 1:0 62914
62406 73706 1:0 62928
62414 73707 1:0 62915
62433 73676 1:0 63041
62527 73673 1:0 63059
62528 73674 1:0 63046
62537 73675 1:0 63045
62537 73643 1:0 63172
62543 73640 1:0 63190
62547 73642 1:0 63176
62564 73641 1:0 63177
62658 73610 1:0 63303
62659 73607 1:0 63321
62668 73609 1:0 63307
62668 73608 1:0 63308
62674 73577 1:0 63434
62678 73574 1:0 63452
62707 73575 1:0 63439
62789 73576 1:0 63438
62790 73544 1:0 63565
62799 73542 1:0 63570
62799 73541 1:0 63583
62805 73543 1:0 63569
62810 73511 1:0 63696
62838 73508 1:0 63714
62920 73509 1:0 63701
62921 73510 1:0 63700
62930 73478 1:0 63827
62930 73475 1:0 63845
62936 73476 1:0 63832
62941 73477 1:0 63831
62969 73445 1:0 63958
63051 73442 1:0 63976
63052 73443 1:0 63963
63061 73444 1:0 63962
63061 73412 1:0 64089
63067 73409 1:0 64107
63087 73411 1:0 64093
63100 73410 1:0 64094
63182 347 1:0 65437
63183 75315 1:0 65578
63192 75249 1:0 65840
64287 76293 21:0 64361
64294 76295 0:0 64295
64294 76294 0:0 64295
64359 76296 0:0 64361
64363 76326 21:0 64437
64370 76328 0:0 64371
64370 76327 0:0 64371
64435 76329 0:0 64437
64439 76359 21:0 64513
64446 76361 0:0 64447
64446 76360 0:0 64447
64511 76362 0:0 64513
64515 76392 21:0 64589
64522 76393 0:0 64523
64522 76394 0:0 64523
64587 76395 0:0 64589
64591 76425 21:0 64665
64598 76426 0:0 64599
64598 76427 0:0 64599
64663 76428 0:0 64665
64667 76458 21:0 64741
64674 76460 0:0 64675
64674 76459 0:0 64675
64739 76461 0:0 64741
64743 76491 21:0 64817
64750 76493 0:0 64751
64750 76492 0:0 64751
64815 76494 0:0 64817
64819 76524 21:0 64893
64826 76526 0:0 64827
64826 76525 0:0 64827
64891 76527 0:0 64893
64895 76557 21:0 64969
64902 76558 0:0 64903
64902 76559 0:0 64903
64967 76560 0:0 64969
64971 76590 0:0 64974
64976 76591 21:0 65050
64978 76592 0:0 64979
65043 76593 0:0 65045
65049 76623 0:0 65050
65052 76624 21:0 65126
65054 76625 0:0 65055
65119 76626 0:0 65121
65125 76656 0:0 65126
65128 76657 21:0 65202
65130 76658 0:0 65131
65195 76659 0:0 65197
65201 76689 0:0 65202
65204 76690 0:0 65207
65204 76691 0:0 65207
65207 76692 21:0 65283
65277 76722 0:0 65278
65282 76724 0:0 65283
65282 76723 21:0 65354
65347 76725 0:0 65349
65353 76755 21:0 65425
65449 75215 1:0 65970
65450 75216 1:0 65971
65459 75183 1:0 66098
65459 75181 1:0 66112
65465 75151 1:0 66143
65478 347 21:0 65541
65486 75149 1:0 66232
65539 75150 1:0 66233
65580 75148 1:0 66243
65581 75118 1:0 66274
65590 75116 1:0 66363
65590 75117 1:0 66364
65598 75115 1:0 66374
65616 75085 1:0 66487
65711 75082 1:0 66505
65712 75084 1:0 66491
65712 75083 1:0 66492
65721 75052 1:0 66618
65721 75049 1:0 66636
65729 75050 1:0 66623
65748 75051 1:0 66622
65842 75019 1:0 66749
65843 75016 1:0 66767
65852 75018 1:0 66753
65852 75017 1:0 66754
65858 74986 1:0 66880
65862 74983 1:0 66898
65879 74985 1:0 66884
65973 74984 1:0 66885
65974 74953 1:0 67011
65983 74951 1:0 67016
65983 74950 1:0 67029
65989 74952 1:0 67015
65993 74920 1:0 67142
66022 74917 1:0 67160
66104 74919 1:0 67146
66105 74918 1:0 67147
66114 74887 1:0 67273
66114 74884 1:0 67291
66120 74886 1:0 67277
66125 74885 1:0 67278
66140 348 1:0 68752
66153 74854 1:0 67404
66235 74851 1:0 67422
66236 74852 1:0 67409
66245 74853 1:0 67408
67602 77735 21:0 67676
67609 77737 0:0 67610
67609 77736 0:0 67610
67674 77738 0:0 67676
67678 77768 21:0 67752
67685 77769 0:0 67686
67685 77770 0:0 67686
67750 77771 0:0 67752
67754 77801 21:0 67828
67761 77802 0:0 67762
67761 77803 0:0 67762
67826 77804 0:0 67828
67830 77834 21:0 67904
67837 77835 0:0 67838
67837 77836 0:0 67838
67902 77837 0:0 67904
67906 77867 21:0 67980
67913 77868 0:0 67914
67913 77869 0:0 67914
67978 77870 0:0 67980
67982 77900 21:0 68056
67989 77902 0:0 67990
67989 77901 0:0 67990
68054 77903 0:0 68056
68058 77933 21:0 68132
68065 77934 0:0 68066
68065 77935 0:0 68066
68130 77936 0:0 68132
68134 77966 0:0 68137
68139 77968 21:0 68213
68141 77967 0:0 68142
68206 77969 0:0 68208
68212 77999 0:0 68213
68215 78001 21:0 68289
68217 78000 0:0 68218
68282 78002 0:0 68284
68288 78032 0:0 68289
68291 78034 21:0 68365
68293 78033 0:0 68294
68364 78065 0:0 68365
68367 78066 21:0 68441
68369 78067 0:0 68370
68590 78164 21:0 68664
68597 78165 0:0 68598
68764 76755 1:0 68903
68765 76725 1:0 68934
68774 76723 1:0 69023
68774 76724 1:0 69024
68780 76722 1:0 69034
68793 348 21:0 68855
68801 76692 1:0 69147
68854 76690 1:0 69154
68895 76691 1:0 69155
68896 76689 1:0 69165
68905 76659 1:0 69196
68905 76657 1:0 69285
68913 76658 1:0 69286
68931 76656 1:0 69296
69026 76626 1:0 69327
69027 76624 1:0 69416
69027 76625 1:0 69417
69036 76623 1:0 69427
69036 76593 1:0 69458
69044 76591 1:0 69547
69063 76592 1:0 69548
69157 76590 1:0 69558
69158 76560 1:0 69671
69167 76558 1:0 69676
69167 76557 1:0 69689
69173 76559 1:0 69675
69177 76527 1:0 69802
69194 76524 1:0 69820
69288 76525 1:0 69807
69289 76526 1:0 69806
69298 76494 1:0 69933
69298 76491 1:0 69951
69304 76492 1:0 69938
69308 76493 1:0 69937
69337 76461 1:0 70064
69419 76458 1:0 70082
69420 76459 1:0 70069
69429 76460 1:0 70068
69429 76428 1:0 70195
69435 76425 1:0 70213
69440 76426 1:0 70200
69468 76427 1:0 70199
69550 76395 1:0 70326
69551 76392 1:0 70344
69560 76394 1:0 70330
69560 76393 1:0 70331
69566 76362 1:0 70457
69571 76359 1:0 70475
69599 76360 1:0 70462
69681 76361 1:0 70461
69682 76329 1:0 70588
69691 76328 1:0 70592
69691 76326 1:0 70606
69697 76327 1:0 70593
69717 76296 1:0 70719
69730 76293 1:0 70737
69812 76294 1:0 70724
69813 76295 1:0 70723
69822 349 1:0 72067
69822 78164 1:0 72349
70917 79177 0:0 70920
70922 79179 21:0 70996
70924 79178 0:0 70925
70989 79180 0:0 70991
70995 79210 0:0 70996
70998 79212 21:0 71072
71000 79211 0:0 71001
71065 79213 0:0 71067
71071 79243 21:0 71143
71076 79245 0:0 71077
71076 79244 0:0 71077
71141 79246 0:0 71143
71145 79276 21:0 71219
71152 79278 0:0 71153
71152 79277 0:0 71153
71217 79279 0:0 71219
71221 79309 21:0 71295
71228 79310 0:0 71229
71228 79311 0:0 71229
71293 79312 0:0 71295
71297 79342 21:0 71371
71304 79343 0:0 71305
71304 79344 0:0 71305
71369 79345 0:0 71371
71373 79375 21:0 71447
71380 79376 0:0 71381
71380 79377 0:0 71381
71445 79378 0:0 71447
71449 79408 21:0 71523
71456 79409 0:0 71457
71456 79410 0:0 71457
71521 79411 0:0 71523
71525 79441 21:0 71599
71532 79443 0:0 71533
71532 79442 0:0 71533
71597 79444 0:0 71599
71601 79474 0:0 71604
71606 79476 0:0 71609
71606 79475 0:0 71609
71609 79477 21:0 71685
71679 79507 0:0 71680
71684 79509 0:0 71685
71684 79508 21:0 71756
71749 79510 0:0 71751
71755 79540 0:0 71756
71758 79541 21:0 71832
71760 79542 0:0 71761
71825 79543 0:0 71827
71831 79573 0:0 71832
71834 79575 21:0 71908
71836 79574 0:0 71837
71901 79576 0:0 71903
71907 79606 21:0 71979
71912 79607 0:0 71913
71912 79608 0:0 71913
71977 79609 0:0 71979
71986 79640 0:0 71989
71989 79642 21:0 72065
72079 78165 1:0 72336
72080 78066 1:0 72731
72089 78067 1:0 72732
72089 78065 1:0 72742
72095 78034 1:0 72863
72108 349 21:0 72170
72116 78033 1:0 72862
72169 78032 1:0 72873
72210 78002 1:0 72904
72211 78001 1:0 72994
72220 78000 1:0 72993
72220 77999 1:0 73004
72228 77969 1:0 73035
72246 77968 1:0 73125
72341 77967 1:0 73124
72342 77966 1:0 73135
72342 77936 1:0 73248
72351 77935 1:0 73252
72351 77933 1:0 73266
72359 77934 1:0 73253
72378 77903 1:0 73379
72472 77900 1:0 73397
72473 77901 1:0 73384
72482 77902 1:0 73383
72482 77870 1:0 73510
72488 77867 1:0 73528
72492 77869 1:0 73514
72509 77868 1:0 73515
72603 77837 1:0 73641
72604 77834 1:0 73659
72613 77836 1:0 73645
72613 77835 1:0 73646
72619 77804 1:0 73772
72623 77801 1:0 73790
72652 77803 1:0 73776
72734 77802 1:0 73777
72735 77771 1:0 73903
72744 77769 1:0 73908
72744 77768 1:0 73921
72750 77770 1:0 73907
72755 77738 1:0 74034
72770 350 1:0 75382
72783 77735 1:0 74052
72865 77736 1:0 74039
72866 77737 1:0 74038
72875 79642 1:0 75515
72875 79640 1:0 75522
74232 80619 21:0 74306
74239 80621 0:0 74240
74239 80620 0:0 74240
74304 80622 0:0 74306
74308 80652 21:0 74382
74315 80653 0:0 74316
74315 80654 0:0 74316
74380 80655 0:0 74382
74384 80685 21:0 74458
74391 80686 0:0 74392
74391 80687 0:0 74392
74456 80688 0:0 74458
74460 80718 21:0 74534
74467 80720 0:0 74468
74467 80719 0:0 74468
74532 80721 0:0 74534
74536 80751 21:0 74610
74543 80753 0:0 74544
74543 80752 0:0 74544
74608 80754 0:0 74610
74612 80784 21:0 74686
74619 80786 0:0 74620
74619 80785 0:0 74620
74684 80787 0:0 74686
74688 80817 21:0 74762
74695 80819 0:0 74696
74695 80818 0:0 74696
74760 80820 0:0 74762
74764 80850 21:0 74838
74771 80852 0:0 74772
74771 80851 0:0 74772
74836 80853 0:0 74838
74840 80883 0:0 74843
74845 80885 21:0 74919
74847 80884 0:0 74848
74912 80886 0:0 74914
74918 80916 21:0 74990
74923 80918 0:0 74924
74992 80949 21:0 75066
74999 80951 0:0 75000
75073 80983 21:0 75147
75149 81016 21:0 75223
75216 81018 0:0 75218
75225 81049 21:0 75299
75292 81051 0:0 75294
75394 79609 1:0 75646
75395 79606 1:0 75664
75404 79608 1:0 75650
75404 79607 1:0 75651
75410 79576 1:0 75695
75423 350 21:0 75485
75431 79575 1:0 75785
75484 79574 1:0 75784
75525 79573 1:0 75795
75526 79543 1:0 75826
75535 79541 1:0 75915
75535 79542 1:0 75916
75543 79540 1:0 75926
75561 79510 1:0 75957
75656 79508 1:0 76046
75657 79509 1:0 76047
75657 79507 1:0 76057
75666 79477 1:0 76170
75666 79475 1:0 76177
75674 79476 1:0 76178
75693 79474 1:0 76188
75787 79444 1:0 76301
75788 79441 1:0 76319
75797 79443 1:0 76305
75797 79442 1:0 76306
75803 79411 1:0 76432
75807 79408 1:0 76450
75824 79409 1:0 76437
75918 79410 1:0 76436
75919 79378 1:0 76563
75928 79376 1:0 76568
75928 79375 1:0 76581
75934 79377 1:0 76567
75938 79345 1:0 76694
75967 79342 1:0 76712
76049 79344 1:0 76698
76050 79343 1:0 76699
76059 79312 1:0 76825
76059 79309 1:0 76843
76065 79310 1:0 76830
76070 79311 1:0 76829
76098 79279 1:0 76956
76180 79276 1:0 76974
76181 79278 1:0 76960
76190 79277 1:0 76961
76190 79246 1:0 77087
76196 79243 1:0 77105
76201 79245 1:0 77091
76229 79244 1:0 77092
76311 79213 1:0 77136
76312 79212 1:0 77226
76321 79211 1:0 77225
76321 79210 1:0 77236
76327 79180 1:0 77267
76347 79179 1:0 77357
76360 79178 1:0 77356
76442 79177 1:0 77367
76443 351 1:0 78697
77547 82061 21:0 77621
77554 82063 0:0 77555
77554 82062 0:0 77555
77619 82064 0:0 77621
77623 82094 21:0 77697
77630 82095 0:0 77631
77630 82096 0:0 77631
77695 82097 0:0 77697
77699 82127 21:0 77773
77706 82129 0:0 77707
77706 82128 0:0 77707
77771 82130 0:0 77773
77775 82160 21:0 77849
77782 82162 0:0 77783
77782 82161 0:0 77783
77847 82163 0:0 77849
77851 82193 21:0 77925
77858 82195 0:0 77859
77858 82194 0:0 77859
77923 82196 0:0 77925
77927 82226 21:0 78001
77934 82227 0:0 77935
77934 82228 0:0 77935
77999 82229 0:0 78001
78003 82259 21:0 78077
78010 82260 0:0 78011
78010 82261 0:0 78011
78075 82262 0:0 78077
78079 82292 21:0 78153
78086 82294 0:0 78087
78086 82293 0:0 78087
78151 82295 0:0 78153
78155 82325 21:0 78229
78162 82326 0:0 78163
78162 82327 0:0 78163
78227 82328 0:0 78229
78231 82358 0:0 78234
78236 82360 21:0 78310
78238 82359 0:0 78239
78303 82361 0:0 78305
78309 82391 21:0 78381
78314 82393 0:0 78315
78314 82392 0:0 78315
78379 82394 0:0 78381
78383 82424 21:0 78457
78390 82426 0:0 78391
78390 82425 0:0 78391
78455 82427 0:0 78457
78459 82457 0:0 78462
78464 82458 0:0 78467
78464 82459 0:0 78467
78467 82460 21:0 78543
78542 82491 0:0 78543
78542 82492 0:0 78543
78542 82490 21:0 78614
78607 82493 0:0 78609
78709 81051 1:0 78879
78710 81049 1:0 78968
78719 81018 1:0 79010
78719 81016 1:0 79099
78725 80983 1:0 79230
78738 351 21:0 78800
78746 80949 1:0 79372
78799 80951 1:0 79358
78840 80916 1:0 79503
78841 80918 1:0 79489
78850 80886 1:0 79534
78850 80885 1:0 79624
78858 80884 1:0 79623
78876 80883 1:0 79634
78971 80853 1:0 79747
78972 80851 1:0 79752
78972 80850 1:0 79765
78981 80852 1:0 79751
78981 80820 1:0 79878
78989 80817 1:0 79896
79008 80818 1:0 79883
79102 80819 1:0 79882
79103 80787 1:0 80009
79112 80785 1:0 80014
79112 80784 1:0 80027
79118 80786 1:0 80013
79122 80754 1:0 80140
79139 80751 1:0 80158
79233 80752 1:0 80145
79234 80753 1:0 80144
79243 80721 1:0 80271
79243 80718 1:0 80289
79249 80719 1:0 80276
79253 80720 1:0 80275
79282 80688 1:0 80402
79364 80685 1:0 80420
79365 80687 1:0 80406
79374 80686 1:0 80407
79374 80655 1:0 80533
79380 80652 1:0 80551
79385 80654 1:0 80537
79400 352 1:0 82012
79413 80653 1:0 80538
79495 80622 1:0 80664
79496 80619 1:0 80682
79505 80621 1:0 80668
79505 80620 1:0 80669
80862 83503 21:0 80936
80869 83504 0:0 80870
80869 83505 0:0 80870
80934 83506 0:0 80936
80938 83536 21:0 81012
80945 83537 0:0 80946
80945 83538 0:0 80946
81010 83539 0:0 81012
81014 83569 21:0 81088
81021 83571 0:0 81022
81021 83570 0:0 81022
81086 83572 0:0 81088
81090 83602 21:0 81164
81097 83603 0:0 81098
81097 83604 0:0 81098
81162 83605 0:0 81164
81166 83635 21:0 81240
81173 83636 0:0 81174
81173 83637 0:0 81174
81238 83638 0:0 81240
81242 83668 21:0 81316
81249 83670 0:0 81250
81249 83669 0:0 81250
81314 83671 0:0 81316
81318 83701 21:0 81392
81325 83703 0:0 81326
81325 83702 0:0 81326
81390 83704 0:0 81392
81394 83734 0:0 81397
81399 83736 21:0 81473
81401 83735 0:0 81402
81466 83737 0:0 81468
81472 83767 0:0 81473
81475 83768 21:0 81549
81477 83769 0:0 81478
81542 83770 0:0 81544
81551 83802 0:0 81554
81551 83801 0:0 81554
81554 83803 21:0 81630
81629 83834 21:0 81701
81700 83866 0:0 81701
81703 83868 21:0 81777
81770 83869 0:0 81772
81779 83900 0:0 81782
81850 83932 21:0 81924
82024 82493 1:0 82276
82025 82490 1:0 82294
82034 82492 1:0 82280
82034 82491 1:0 82281
82040 82460 1:0 82407
82053 352 21:0 82113
82061 82458 1:0 82414
82114 82459 1:0 82415
82155 82457 1:0 82425
82156 82427 1:0 82538
82165 82425 1:0 82543
82165 82424 1:0 82556
82173 82426 1:0 82542
82191 82394 1:0 82669
82286 82391 1:0 82687
82287 82393 1:0 82673
82287 82392 1:0 82674
82296 82361 1:0 82718
82296 82360 1:0 82808
82304 82359 1:0 82807
82323 82358 1:0 82818
82417 82328 1:0 82931
82418 82325 1:0 82949
82427 82327 1:0 82935
82427 82326 1:0 82936
82433 82295 1:0 83062
82437 82292 1:0 83080
82454 82293 1:0 83067
82548 82294 1:0 83066
82549 82262 1:0 83193
82558 82261 1:0 83197
82558 82259 1:0 83211
82564 82260 1:0 83198
82568 82229 1:0 83324
82597 82226 1:0 83342
82679 82228 1:0 83328
82680 82227 1:0 83329
82689 82196 1:0 83455
82689 82193 1:0 83473
82695 82194 1:0 83460
82700 82195 1:0 83459
82728 82163 1:0 83586
82810 82160 1:0 83604
82811 82162 1:0 83590
82820 82161 1:0 83591
82820 82130 1:0 83717
82826 82127 1:0 83735
82831 82129 1:0 83721
82859 82128 1:0 83722
82941 82097 1:0 83848
82942 82094 1:0 83866
82951 82096 1:0 83852
82951 82095 1:0 83853
82957 82064 1:0 83979
82977 82061 1:0 83997
82990 82063 1:0 83983
83072 82062 1:0 83984
83073 353 1:0 85327
83082 83932 1:0 85609
83082 83900 1:0 85729
84177 84945 0:0 84180
84182 84946 21:0 84256
84184 84947 0:0 84185
84249 84948 0:0 84251
84255 84978 0:0 84256
84258 84980 21:0 84332
84260 84979 0:0 84261
84325 84981 0:0 84327
84331 85011 21:0 84403
84336 85012 0:0 84337
84336 85013 0:0 84337
84401 85014 0:0 84403
84405 85044 21:0 84479
84412 85045 0:0 84413
84412 85046 0:0 84413
84477 85047 0:0 84479
84481 85077 21:0 84555
84488 85079 0:0 84489
84488 85078 0:0 84489
84553 85080 0:0 84555
84557 85110 21:0 84631
84564 85112 0:0 84565
84564 85111 0:0 84565
84629 85113 0:0 84631
84633 85143 21:0 84707
84640 85145 0:0 84641
84640 85144 0:0 84641
84705 85146 0:0 84707
84709 85176 21:0 84783
84716 85177 0:0 84717
84716 85178 0:0 84717
84781 85179 0:0 84783
84785 85209 21:0 84859
84792 85211 0:0 84793
84792 85210 0:0 84793
84857 85212 0:0 84859
84861 85242 0:0 84864
84866 85243 21:0 84940
84868 85244 0:0 84869
84933 85245 0:0 84935
84939 85275 0:0 84940
84942 85277 0:0 84945
84942 85276 0:0 84945
84945 85278 21:0 85021
85015 85308 0:0 85016
85020 85310 0:0 85021
85020 85309 21:0 85092
85085 85311 0:0 85087
85091 85341 21:0 85163
85096 85342 0:0 85097
85096 85343 0:0 85097
85161 85344 0:0 85163
85165 85374 21:0 85239
85172 85376 0:0 85173
85172 85375 0:0 85173
85237 85377 0:0 85239
85241 85407 21:0 85315
85313 85410 0:0 85315
85339 83869 1:0 85771
85340 83868 1:0 85861
85349 83866 1:0 85871
85349 83834 1:0 85991
85355 83803 1:0 86115
85368 353 21:0 85431
85376 83801 1:0 86122
85429 83802 1:0 86123
85470 83770 1:0 86164
85471 83768 1:0 86253
85480 83769 1:0 86254
85480 83767 1:0 86264
85488 83737 1:0 86295
85506 83736 1:0 86385
85601 83735 1:0 86384
85602 83734 1:0 86395
85602 83704 1:0 86508
85611 83703 1:0 86512
85611 83701 1:0 86526
85619 83702 1:0 86513
85638 83671 1:0 86639
85732 83668 1:0 86657
85733 83670 1:0 86643
85742 83669 1:0 86644
85742 83638 1:0 86770
85748 83635 1:0 86788
85752 83636 1:0 86775
85769 83637 1:0 86774
85863 83605 1:0 86901
85864 83602 1:0 86919
85873 83604 1:0 86905
85873 83603 1:0 86906
85879 83572 1:0 87032
85883 83569 1:0 87050
85912 83571 1:0 87036
85994 83570 1:0 87037
85995 83539 1:0 87163
86004 83538 1:0 87167
86004 83536 1:0 87181
86010 83537 1:0 87168
86015 83506 1:0 87294
86030 354 1:0 88642
86043 83503 1:0 87312
86125 83505 1:0 87298
86126 83504 1:0 87299
87492 86387 21:0 87566
87499 86389 0:0 87500
87499 86388 0:0 87500
87564 86390 0:0 87566
87568 86420 21:0 87642
87575 86421 0:0 87576
87575 86422 0:0 87576
87640 86423 0:0 87642
87644 86453 21:0 87718
87651 86455 0:0 87652
87651 86454 0:0 87652
87716 86456 0:0 87718
87720 86486 21:0 87794
87727 86488 0:0 87728
87727 86487 0:0 87728
87792 86489 0:0 87794
87796 86519 21:0 87870
87803 86521 0:0 87804
87803 86520 0:0 87804
87868 86522 0:0 87870
87872 86552 21:0 87946
87879 86554 0:0 87880
87879 86553 0:0 87880
87944 86555 0:0 87946
87948 86585 21:0 88022
87955 86587 0:0 87956
87955 86586 0:0 87956
88024 86618 21:0 88098
88031 86620 0:0 88032
88031 86619 0:0 88032
88096 86621 0:0 88098
88100 86651 0:0 88103
88105 86652 21:0 88179
88107 86653 0:0 88108
88172 86654 0:0 88174
88252 86717 0:0 88255
88257 86718 21:0 88331
88259 86719 0:0 88260
88330 86750 0:0 88331
88333 86752 21:0 88407
88409 86784 0:0 88412
88480 86816 21:0 88554
88561 86851 21:0 88635
88654 85410 1:0 88775
88655 85407 1:0 88793
88664 85377 1:0 88906
88664 85374 1:0 88924
88670 85376 1:0 88910
88683 354 21:0 88744
88691 85375 1:0 88911
88744 85344 1:0 89037
88785 85341 1:0 89055
88786 85343 1:0 89041
88795 85342 1:0 89042
88795 85311 1:0 89086
88803 85309 1:0 89175
88821 85310 1:0 89176
88916 85308 1:0 89186
88917 85278 1:0 89299
88917 85276 1:0 89306
88926 85277 1:0 89307
88926 85275 1:0 89317
88934 85245 1:0 89348
88953 85243 1:0 89437
89047 85244 1:0 89438
89048 85242 1:0 89448
89057 85212 1:0 89561
89057 85209 1:0 89579
89063 85211 1:0 89565
89067 85210 1:0 89566
89084 85179 1:0 89692
89178 85176 1:0 89710
89179 85177 1:0 89697
89188 85178 1:0 89696
89188 85146 1:0 89823
89194 85143 1:0 89841
89198 85145 1:0 89827
89227 85144 1:0 89828
89309 85113 1:0 89954
89310 85110 1:0 89972
89319 85112 1:0 89958
89319 85111 1:0 89959
89325 85080 1:0 90085
89330 85077 1:0 90103
89358 85079 1:0 90089
89440 85078 1:0 90090
89441 85047 1:0 90216
89450 85046 1:0 90220
89450 85044 1:0 90234
89456 85045 1:0 90221
89461 85014 1:0 90347
89489 85011 1:0 90365
89571 85012 1:0 90352
89572 85013 1:0 90351
89581 84981 1:0 90396
89581 84980 1:0 90486
89587 84979 1:0 90485
89607 84978 1:0 90496
89620 84948 1:0 90527
89702 84946 1:0 90616
89703 84947 1:0 90617
89712 84945 1:0 90627
89712 355 1:0 91957
89718 86851 1:0 92098
89722 86816 1:0 92239
90807 87829 21:0 90881
90814 87831 0:0 90815
90814 87830 0:0 90815
90879 87832 0:0 90881
90883 87862 21:0 90957
90890 87863 0:0 90891
90890 87864 0:0 90891
90955 87865 0:0 90957
90959 87895 21:0 91033
90966 87896 0:0 90967
90966 87897 0:0 90967
91031 87898 0:0 91033
91035 87928 21:0 91109
91042 87930 0:0 91043
91042 87929 0:0 91043
91107 87931 0:0 91109
91111 87961 21:0 91185
91118 87963 0:0 91119
91118 87962 0:0 91119
91183 87964 0:0 91185
91187 87994 21:0 91261
91194 87996 0:0 91195
91194 87995 0:0 91195
91259 87997 0:0 91261
91263 88027 21:0 91337
91270 88029 0:0 91271
91270 88028 0:0 91271
91335 88030 0:0 91337
91339 88060 0:0 91342
91344 88061 21:0 91418
91346 88062 0:0 91347
91411 88063 0:0 91413
91417 88093 21:0 91489
91422 88094 0:0 91423
91422 88095 0:0 91423
91487 88096 0:0 91489
91491 88126 0:0 91494
91496 88127 0:0 91499
91496 88128 0:0 91499
91499 88129 21:0 91575
91569 88159 0:0 91570
91574 88160 0:0 91575
91574 88161 21:0 91646
91639 88162 0:0 91641
91645 88192 0:0 91646
91648 88193 0:0 91651
91648 88194 0:0 91651
91651 88195 21:0 91727
91721 88225 0:0 91722
91726 88226 0:0 91727
91726 88227 21:0 91798
91791 88228 0:0 91793
91797 88258 21:0 91869
91802 88259 0:0 91803
91802 88260 0:0 91803
91867 88261 0:0 91869
91871 88291 21:0 91945
91878 88293 0:0 91879
91878 88292 0:0 91879
91943 88294 0:0 91945
91969 86784 1:0 92359
91970 86752 1:0 92491
91979 86750 1:0 92501
91979 86718 1:0 92621
91985 86719 1:0 92622
91998 355 21:0 92058
92006 86717 1:0 92632
92059 86654 1:0 92794
92100 86652 1:0 92883
92101 86653 1:0 92884
92110 86651 1:0 92894
92110 86621 1:0 93007
92118 86618 1:0 93025
92136 86620 1:0 93011
92231 86619 1:0 93012
92232 86586 1:0 93143
92232 86585 1:0 93156
92241 86587 1:0 93142
92241 86555 1:0 93269
92249 86552 1:0 93287
92268 86553 1:0 93274
92362 86554 1:0 93273
92363 86522 1:0 93400
92372 86521 1:0 93404
92372 86519 1:0 93418
92378 86520 1:0 93405
92382 86489 1:0 93531
92399 86486 1:0 93549
92493 86488 1:0 93535
92494 86487 1:0 93536
92503 86456 1:0 93662
92503 86453 1:0 93680
92509 86454 1:0 93667
92513 86455 1:0 93666
92542 86423 1:0 93793
92624 86420 1:0 93811
92625 86421 1:0 93798
92634 86422 1:0 93797
92634 86390 1:0 93924
92640 86387 1:0 93942
92645 86388 1:0 93929
92660 356 1:0 95272
92673 86389 1:0 93928
94122 89271 21:0 94196
94129 89272 0:0 94130
94129 89273 0:0 94130
94198 89304 21:0 94272
94205 89305 0:0 94206
94205 89306 0:0 94206
94270 89307 0:0 94272
94274 89337 21:0 94348
94281 89339 0:0 94282
94281 89338 0:0 94282
94350 89370 21:0 94424
94357 89371 0:0 94358
94357 89372 0:0 94358
94422 89373 0:0 94424
94426 89403 21:0 94500
94433 89404 0:0 94434
94433 89405 0:0 94434
94498 89406 0:0 94500
94502 89436 21:0 94576
94509 89438 0:0 94510
94509 89437 0:0 94510
94574 89439 0:0 94576
94578 89469 21:0 94652
94585 89471 0:0 94586
94585 89470 0:0 94586
94650 89472 0:0 94652
94654 89502 21:0 94728
94661 89503 0:0 94662
94661 89504 0:0 94662
94726 89505 0:0 94728
94730 89535 0:0 94733
94735 89536 21:0 94809
94737 89537 0:0 94738
94802 89538 0:0 94804
94808 89568 0:0 94809
94811 89569 21:0 94885
94878 89571 0:0 94880
94887 89603 21:0 94961
94963 89636 0:0 94966
95034 89667 21:0 95108
95041 89668 0:0 95042
95284 88294 1:0 95405
95285 88291 1:0 95423
95294 88293 1:0 95409
95294 88292 1:0 95410
95300 88261 1:0 95536
95313 356 21:0 95375
95321 88258 1:0 95554
95374 88259 1:0 95541
95415 88260 1:0 95540
95416 88228 1:0 95585
95425 88226 1:0 95674
95425 88227 1:0 95675
95433 88225 1:0 95685
95451 88195 1:0 95798
95546 88194 1:0 95806
95547 88193 1:0 95805
95547 88192 1:0 95816
95556 88162 1:0 95847
95556 88161 1:0 95937
95564 88160 1:0 95936
95583 88159 1:0 95947
95677 88129 1:0 96060
95678 88128 1:0 96068
95687 88127 1:0 96067
95687 88126 1:0 96078
95693 88096 1:0 96191
95697 88093 1:0 96209
95714 88095 1:0 96195
95808 88094 1:0 96196
95809 88063 1:0 96240
95818 88061 1:0 96329
95818 88062 1:0 96330
95824 88060 1:0 96340
95828 88030 1:0 96453
95857 88027 1:0 96471
95939 88028 1:0 96458
95940 88029 1:0 96457
95949 87997 1:0 96584
95949 87994 1:0 96602
95955 87996 1:0 96588
95960 87995 1:0 96589
95988 87964 1:0 96715
96070 87961 1:0 96733
96071 87963 1:0 96719
96080 87962 1:0 96720
96080 87931 1:0 96846
96086 87928 1:0 96864
96091 87929 1:0 96851
96119 87930 1:0 96850
96201 87898 1:0 96977
96202 87895 1:0 96995
96211 87897 1:0 96981
96211 87896 1:0 96982
96217 87865 1:0 97108
96237 87862 1:0 97126
96250 87864 1:0 97112
96332 87863 1:0 97113
96333 87832 1:0 97239
96342 87830 1:0 97244
96342 87829 1:0 97257
96350 87831 1:0 97243
96352 357 1:0 98587
97437 90713 21:0 97511
97444 90714 0:0 97445
97444 90715 0:0 97445
97509 90716 0:0 97511
97513 90746 21:0 97587
97520 90747 0:0 97521
97520 90748 0:0 97521
97585 90749 0:0 97587
97589 90779 21:0 97663
97596 90780 0:0 97597
97596 90781 0:0 97597
97661 90782 0:0 97663
97665 90812 21:0 97739
97672 90813 0:0 97673
97672 90814 0:0 97673
97737 90815 0:0 97739
97741 90845 21:0 97815
97748 90847 0:0 97749
97748 90846 0:0 97749
97813 90848 0:0 97815
97817 90878 21:0 97891
97824 90880 0:0 97825
97824 90879 0:0 97825
97889 90881 0:0 97891
97893 90911 21:0 97967
97900 90913 0:0 97901
97900 90912 0:0 97901
97965 90914 0:0 97967
97969 90944 0:0 97972
97974 90945 21:0 98048
97976 90946 0:0 97977
98041 90947 0:0 98043
98047 90977 0:0 98048
98050 90978 0:0 98053
98050 90979 0:0 98053
98053 90980 21:0 98129
98128 91012 0:0 98129
98128 91011 0:0 98129
98128 91010 21:0 98200
98193 91013 0:0 98195
98199 91043 21:0 98271
98204 91044 0:0 98205
98204 91045 0:0 98205
98269 91046 0:0 98271
98273 91076 21:0 98347
98280 91077 0:0 98281
98280 91078 0:0 98281
98345 91079 0:0 98347
98349 91109 21:0 98423
98356 91111 0:0 98357
98356 91110 0:0 98357
98421 91112 0:0 98423
98425 91142 21:0 98499
98432 91144 0:0 98433
98432 91143 0:0 98433
98497 91145 0:0 98499
98501 91175 21:0 98575
98508 91177 0:0 98509
98508 91176 0:0 98509
98573 91178 0:0 98575
98599 89667 1:0 99000
98600 89668 1:0 98987
98609 89636 1:0 99121
98609 89603 1:0 99252
98615 89571 1:0 99293
98628 357 21:0 98690
98636 89569 1:0 99382
98689 89568 1:0 99393
98730 89538 1:0 99424
98731 89536 1:0 99513
98740 89537 1:0 99514
98740 89535 1:0 99524
98748 89505 1:0 99637
98766 89502 1:0 99655
98861 89503 1:0 99642
98862 89504 1:0 99641
98862 89472 1:0 99768
98871 89471 1:0 99772
98871 89469 1:0 99786
98879 89470 1:0 99773
98898 89439 1:0 99899
98992 89436 1:0 99917
98993 89438 1:0 99903
99002 89437 1:0 99904
99002 89406 1:0 100030
99008 89403 1:0 100048
99012 89404 1:0 100035
99029 89405 1:0 100034
99123 89373 1:0 100161
99124 89370 1:0 100179
99133 89372 1:0 100165
99133 89371 1:0 100166
99139 89337 1:0 100310
99143 89338 1:0 100297
99172 89339 1:0 100296
99254 89307 1:0 100423
99255 89304 1:0 100441
99264 89306 1:0 100427
99264 89305 1:0 100428
99270 89271 1:0 100572
99275 89272 1:0 100559
99290 358 1:0 101902
99303 89273 1:0 100558
100752 92155 21:0 100826
100757 92157 0:0 100760
100757 92156 0:0 100760
100760 92158 0:0 100778
100828 92188 21:0 100902
100835 92190 0:0 100836
100835 92189 0:0 100836
100900 92191 0:0 100902
100904 92221 21:0 100978
100911 92222 0:0 100912
100976 92224 0:0 100978
100985 92255 21:0 101059
100987 92256 0:0 100988
101052 92257 0:0 101054
101058 92287 0:0 101059
101061 92289 21:0 101135
101063 92288 0:0 101064
101128 92290 0:0 101130
101134 92320 0:0 101135
101137 92322 0:0 101140
101137 92321 0:0 101140
101140 92323 21:0 101216
101215 92355 0:0 101216
101215 92354 0:0 101216
101215 92353 21:0 101287
101280 92356 0:0 101282
101289 92387 0:0 101292
101292 92389 21:0 101368
101367 92421 0:0 101368
101367 92420 0:0 101368
101367 92419 21:0 101439
101441 92453 0:0 101444
101441 92454 0:0 101444
101444 92455 21:0 101520
101519 92487 0:0 101520
101519 92486 0:0 101520
101519 92485 21:0 101591
101593 92519 21:0 101667
101666 92551 0:0 101667
101672 92554 21:0 101748
101747 92585 21:0 101819
101914 91178 1:0 102035
101915 91175 1:0 102053
101924 91177 1:0 102039
101924 91176 1:0 102040
101930 91145 1:0 102166
101943 358 21:0 102005
101951 91142 1:0 102184
102004 91144 1:0 102170
102045 91143 1:0 102171
102046 91112 1:0 102297
102055 91111 1:0 102301
102055 91109 1:0 102315
102063 91110 1:0 102302
102081 91079 1:0 102428
102176 91076 1:0 102446
102177 91078 1:0 102432
102177 91077 1:0 102433
102186 91046 1:0 102559
102186 91043 1:0 102577
102194 91045 1:0 102563
102213 91044 1:0 102564
102307 91013 1:0 102690
102308 91010 1:0 102708
102317 91012 1:0 102694
102317 91011 1:0 102695
102323 90980 1:0 102821
102327 90979 1:0 102829
102344 90978 1:0 102828
102438 90977 1:0 102839
102439 90947 1:0 102870
102448 90945 1:0 102959
102448 90946 1:0 102960
102454 90944 1:0 102970
102458 90914 1:0 103083
102487 90911 1:0 103101
102569 90913 1:0 103087
102570 90912 1:0 103088
102579 90881 1:0 103214
102579 90878 1:0 103232
102585 90880 1:0 103218
102590 90879 1:0 103219
102618 90848 1:0 103345
102700 90845 1:0 103363
102701 90847 1:0 103349
102710 90846 1:0 103350
102710 90815 1:0 103476
102716 90812 1:0 103494
102721 90814 1:0 103480
102749 90813 1:0 103481
102831 90782 1:0 103607
102832 90779 1:0 103625
102841 90781 1:0 103611
102841 90780 1:0 103612
102847 90749 1:0 103738
102867 90746 1:0 103756
102880 90748 1:0 103742
102962 90747 1:0 103743
102963 90716 1:0 103869
102972 90714 1:0 103874
102972 90713 1:0 103887
102980 90715 1:0 103873
102982 359 1:0 104000
102982 45955 1:0 104134
102998 45962 1:0 104173
103011 45954 1:0 104133
103011 45963 1:0 104174
103093 45957 1:0 104144
103093 45960 1:0 104163
103093 45961 1:0 104164
103093 45964 1:0 104183
103093 45965 1:0 104184
103094 45959 1:0 104154
103094 45966 1:0 104193
103094 45967 1:0 104194
103094 46102 1:0 104355
103103 92585 1:0 104325
103103 46109 1:0 104394
103103 46110 1:0 104395
103109 46101 1:0 104354
103109 46111 1:0 104404
103113 46112 1:0 104405
103114 46106 1:0 104375
103114 46107 1:0 104384
103114 46108 1:0 104385
103129 46254 1:0 104605
103130 46113 1:0 104414
103142 46114 1:0 104415
103224 92554 1:0 104546
103225 46256 1:0 104584
103225 46260 1:0 104584
103234 46248 1:0 104575
103234 46249 1:0 104576
103234 46257 1:0 104584
103234 46259 1:0 104584
103234 46261 1:0 104584
103234 46258 1:0 104584
103240 46255 1:0 104584
103244 92519 1:0 104767
103245 46401 1:0 104826
103273 92551 1:0 104681
103355 46395 1:0 104796
103355 46396 1:0 104797
103355 46403 1:0 104836
103355 46404 1:0 104837
103356 46400 1:0 104817
103356 46402 1:0 104827
103356 46405 1:0 104846
103356 46406 1:0 104847
103365 46407 1:0 104856
103365 46408 1:0 104857
103365 92485 1:0 104988
103371 46542 1:0 105017
103371 46550 1:0 105057
103375 46543 1:0 105018
103375 46551 1:0 105058
103391 46552 1:0 105067
103392 46690 1:0 105239
103404 46548 1:0 105047
103404 46549 1:0 105048
103404 46553 1:0 105068
103486 46554 1:0 105077
103486 46555 1:0 105078
103487 92486 1:0 105114
103496 92487 1:0 105115
103496 92455 1:0 105209
103502 46697 1:0 105278
103504 46689 1:0 105238
103504 46698 1:0 105279
103507 46699 1:0 105288
103523 46695 1:0 105268
103523 46700 1:0 105289
103535 46696 1:0 105269
103535 46843 1:0 105490
103617 46701 1:0 105298
103617 46702 1:0 105299
103618 92454 1:0 105336
103618 46846 1:0 105465
103627 92453 1:0 105335
103627 92419 1:0 105430
103633 46845 1:0 105465
103635 46847 1:0 105465
103638 46844 1:0 105465
103653 46836 1:0 105459
103653 46837 1:0 105460
103654 46842 1:0 105465
103654 46984 1:0 105681
103666 46848 1:0 105519
103748 46849 1:0 105520
103748 46991 1:0 105720
103749 92421 1:0 105557
103758 92420 1:0 105556
103758 92389 1:0 105651
103764 46983 1:0 105680
103764 46992 1:0 105721
103766 46993 1:0 105730
103769 46989 1:0 105710
103769 46994 1:0 105731
103784 46990 1:0 105711
103797 46995 1:0 105740
103797 46996 1:0 105741
103879 92387 1:0 105777
103880 92353 1:0 105872
103880 47136 1:0 105931
103889 47140 1:0 105907
103889 47143 1:0 105907
103889 47139 1:0 105907
103889 47142 1:0 105907
103895 47138 1:0 105907
103900 92356 1:0 105907
103916 47130 1:0 105901
103916 47141 1:0 105907
103928 47131 1:0 105902
103928 47137 1:0 105907
103928 47283 1:0 106152
104012 92354 1:0 105998
104013 92355 1:0 105999
104013 47286 1:0 106128
104022 92323 1:0 106093
104022 47288 1:0 106128
104022 47287 1:0 106128
104028 47277 1:0 106122
104028 47278 1:0 106123
104028 47285 1:0 106128
104030 47284 1:0 106128
104041 359 21:0 104103
104048 47289 1:0 106182
104049 47290 1:0 106183
104102 92322 1:0 106220
104130 92321 1:0 106219
104131 47430 1:0 106373
104140 45955 21:0 104225
104181 92320 1:0 106228
104201 92289 1:0 106314
104223 45964 0:0 104225
104223 45960 0:0 104225
104223 45954 0:0 104225
104223 45965 0:0 104225
104224 45962 0:0 104225
104224 45966 0:0 104225
104224 45963 0:0 104225
104224 45961 0:0 104225
104224 45957 0:0 104225
104224 45959 0:0 104225
104224 45967 0:0 104225
104226 92290 1:0 106349
104226 47437 1:0 106349
104226 47436 1:0 106349
104233 47432 1:0 106349
104233 47434 1:0 106349
104234 47424 1:0 106343
104234 47425 1:0 106344
104234 47431 1:0 106349
104234 47435 1:0 106349
104234 47433 1:0 106349
104243 92288 1:0 106440
104243 92255 1:0 106535
104251 92287 1:0 106449
104253 47577 1:0 106594
104269 47580 1:0 106570
104270 47582 1:0 106570
104282 47581 1:0 106570
104323 47584 1:0 106570
104351 47583 1:0 106570
104361 46102 21:0 104446
104402 92257 1:0 106570
104412 47571 1:0 106564
104412 47572 1:0 106565
104412 47579 1:0 106570
104412 47578 1:0 106570
104422 47574 1:0 106570
104422 47724 1:0 106815
104422 47872 1:0 107037
104444 46113 0:0 104446
104444 46107 0:0 104446
104445 46112 0:0 104446
104445 46110 0:0 104446
104445 46106 0:0 104446
104445 46101 0:0 104446
104445 46111 0:0 104446
104445 46114 0:0 104446
104445 46109 0:0 104446
104445 46108 0:0 104446
104447 92256 1:0 106662
104447 92221 1:0 106756
104454 47718 1:0 106785
104454 47719 1:0 106786
104454 47726 1:0 106825
104454 47727 1:0 106826
104455 92224 1:0 106874
104464 47723 1:0 106806
104464 47725 1:0 106816
104464 47728 1:0 106835
104464 47729 1:0 106836
104464 47730 1:0 106845
104464 47731 1:0 106846
104472 92222 1:0 106882
104491 92188 1:0 106977
104503 47873 1:0 107046
104544 47874 1:0 107047
104552 47865 1:0 107006
104557 47866 1:0 107007
104573 92191 1:0 107095
104585 46248 0:0 104611
104594 46249 0:0 104615
104612 47875 1:0 107056
104615 46254 21:0 104667
104623 47876 1:0 107057
104633 47867 1:0 107016
104633 47869 1:0 107026
104633 47871 1:0 107036
104633 48012 1:0 107227
104643 47877 1:0 107066
104665 46256 0:0 104667
104665 46260 0:0 104667
104666 46261 0:0 104667
104666 46255 0:0 104667
104666 46259 0:0 104667
104666 46257 0:0 104667
104666 46258 0:0 104667
104668 47878 1:0 107067
104668 92189 1:0 107103
104675 92190 1:0 107104
104676 92155 1:0 107198
104676 48020 1:0 107267
104685 48013 1:0 107228
104685 48021 1:0 107268
104685 48022 1:0 107277
104685 92158 1:0 107316
104691 48018 1:0 107257
104691 48023 1:0 107278
104693 48019 1:0 107258
104696 48024 1:0 107287
104711 48025 1:0 107288
104765 92156 1:0 107324
104793 92157 1:0 107325
104794 48166 1:0 107479
104795 48170 1:0 107457
104836 46401 21:0 104888
104844 48172 1:0 107457
104854 48171 1:0 107457
104864 48168 1:0 107457
104887 46402 0:0 104888
104887 46407 0:0 104888
104887 46406 0:0 104888
104887 46405 0:0 104888
104887 46403 0:0 104888
104887 46404 0:0 104888
104887 46408 0:0 104888
104887 46395 0:0 104888
104887 46396 0:0 104888
104887 46400 0:0 104888
104889 48159 1:0 107448
104889 48160 1:0 107449
104889 48169 1:0 107457
104889 48167 1:0 107457
104889 48165 1:0 107457
104889 48259 1:0 107548
104889 48260 1:0 107549
105027 46542 21:0 105109
105107 46553 0:0 105109
105107 46550 0:0 105109
105107 46548 0:0 105109
105108 46552 0:0 105109
105108 46551 0:0 105109
105108 46555 0:0 105109
105108 46543 0:0 105109
105108 46549 0:0 105109
105108 46554 0:0 105109
105245 46690 21:0 105330
105328 46695 0:0 105330
105328 46689 0:0 105330
105329 46697 0:0 105330
105329 46700 0:0 105330
105329 46701 0:0 105330
105329 46696 0:0 105330
105329 46699 0:0 105330
105329 46702 0:0 105330
105329 46698 0:0 105330
105466 46837 0:0 105491
105496 46843 21:0 105551
105549 46842 0:0 105551
105549 46847 0:0 105551
105549 46846 0:0 105551
105549 46836 0:0 105551
105549 46844 0:0 105551
105550 46849 0:0 105551
105550 46845 0:0 105551
105550 46848 0:0 105551
105687 46984 21:0 105772
105770 46991 0:0 105772
105770 46993 0:0 105772
105770 46989 0:0 105772
105770 46990 0:0 105772
105770 46983 0:0 105772
105771 46994 0:0 105772
105771 46992 0:0 105772
105771 46996 0:0 105772
105771 46995 0:0 105772
105908 47131 0:0 105933
105911 47130 0:0 105937
105941 47136 21:0 105993
105991 47138 0:0 105993
105991 47142 0:0 105993
105992 47139 0:0 105993
105992 47141 0:0 105993
105992 47137 0:0 105993
105992 47140 0:0 105993
105992 47143 0:0 105993
106129 47278 0:0 106154
106162 47283 21:0 106214
106212 47287 0:0 106214
106212 47289 0:0 106214
106212 47290 0:0 106214
106213 47277 0:0 106214
106213 47284 0:0 106214
106213 47286 0:0 106214
106213 47288 0:0 106214
106213 47285 0:0 106214
106350 47425 0:0 106375
106353 47424 0:0 106379
106383 47430 21:0 106435
106433 47433 0:0 106435
106433 47436 0:0 106435
106433 47432 0:0 106435
106434 47437 0:0 106435
106434 47431 0:0 106435
106434 47434 0:0 106435
106434 47435 0:0 106435
106571 47572 0:0 106596
106574 47571 0:0 106600
106604 47577 21:0 106656
106654 47581 0:0 106656
106654 47583 0:0 106656
106655 47578 0:0 106656
106655 47584 0:0 106656
106655 47580 0:0 106656
106655 47579 0:0 106656
106655 47574 0:0 106656
106655 47582 0:0 106656
106825 47724 21:0 106877
106875 47728 0:0 106877
106876 47727 0:0 106877
106876 47723 0:0 106877
106876 47731 0:0 106877
106876 47725 0:0 106877
106876 47730 0:0 106877
106876 47719 0:0 106877
106876 47726 0:0 106877
106876 47718 0:0 106877
106876 47729 0:0 106877
107043 47872 21:0 107098
107096 47871 0:0 107098
107096 47873 0:0 107098
107096 47866 0:0 107098
107097 47869 0:0 107098
107097 47877 0:0 107098
107097 47867 0:0 107098
107097 47876 0:0 107098
107097 47875 0:0 107098
107097 47874 0:0 107098
107097 47865 0:0 107098
107097 47878 0:0 107098
107237 48012 21:0 107319
107317 48020 0:0 107319
107317 48013 0:0 107319
107317 48018 0:0 107319
107318 48019 0:0 107319
107318 48025 0:0 107319
107318 48021 0:0 107319
107318 48022 0:0 107319
107318 48023 0:0 107319
107318 48024 0:0 107319
107458 48159 0:0 107484
107485 48166 21:0 111
