150 15437 21:0 192
191 15436 21:0 203
202 15435 21:0 203
202 15434 21:0 203
202 15439 21:0 208
207 15633 21:0 213
207 341 21:0 208
210 15634 21:0 210
212 15528 21:0 213
212 15621 21:0 213
212 15426 21:0 213
212 15427 21:0 213
212 15432 21:0 213
213 15636 21:0 279
278 15635 21:0 284
283 9 21:0 286
283 15430 21:0 284
283 15429 21:0 284
283 15428 21:0 284
283 15529 21:0 284
283 15431 21:0 284
285 15654 21:0 286
286 15668 21:0 307
306 15667 21:0 355
354 15687 21:0 355
354 23 21:0 355
354 41 21:0 355
354 43 21:0 355
354 45 21:0 355
354 5 21:0 355
354 25 21:0 355
354 7 21:0 357
357 15699 21:0 365
364 15671 21:0 365
364 15652 21:0 365
365 15702 21:0 431
430 15649 21:0 431
430 59 21:0 431
430 57 21:0 431
430 63 21:0 432
431 15720 21:0 433
433 15732 21:0 441
440 61 21:0 441
440 15618 21:0 441
440 15698 21:0 441
441 15735 21:0 507
506 15733 21:0 512
511 77 21:0 512
511 81 21:0 512
511 75 21:0 512
511 3 21:0 514
514 15766 21:0 531
530 15765 21:0 583
582 15700 21:0 588
587 15798 21:0 607
593 15801 21:0 593
606 15799 21:0 659
658 95 21:0 659
658 113 21:0 659
658 79 21:0 659
658 15748 21:0 659
658 15753 21:0 659
658 15819 21:0 661
660 15786 21:0 661
661 15831 21:0 669
668 15833 21:0 719
718 15768 21:0 735
734 15752 21:0 740
739 15852 21:0 740
739 15850 21:0 740
739 137 21:0 740
739 131 21:0 740
739 133 21:0 742
742 15865 21:0 763
762 15734 21:0 811
810 15856 21:0 816
815 15882 21:0 816
815 135 21:0 816
815 15776 21:0 816
815 129 21:0 816
815 151 21:0 816
815 93 21:0 818
817 15885 21:0 818
818 15898 21:0 839
838 15666 21:0 887
886 15757 21:0 892
891 15918 21:0 892
891 167 21:0 892
891 169 21:0 892
891 171 21:0 892
891 97 21:0 892
891 15818 21:0 892
891 15810 21:0 892
891 111 21:0 892
891 149 21:0 894
894 15931 21:0 915
914 15930 21:0 963
962 15767 21:0 973
972 15963 21:0 991
973 15966 21:0 973
990 15900 21:0 1039
1038 15897 21:0 1049
1046 15998 21:0 1046
1048 15933 21:0 1063
1062 15866 21:0 1115
1114 15669 21:0 1122
1121 16029 21:0 1139
1125 16032 21:0 1125
1138 15999 21:0 1191
1190 15965 21:0 1201
1193 16062 21:0 1193
1200 15800 21:0 1219
1218 15997 21:0 1267
1266 15996 21:0 1277
1269 16095 21:0 1269
1274 16097 21:0 1274
1274 16096 21:0 1274
1276 15701 21:0 1295
1277 16098 21:0 1277
1294 15864 21:0 1343
1342 15867 21:0 1353
1345 16128 21:0 1345
1350 16129 21:0 1350
1350 16130 21:0 1350
1352 15832 21:0 1371
1353 16131 21:0 1353
1370 16030 21:0 1419
1418 16063 21:0 1429
1421 16161 21:0 1421
1426 16163 21:0 1426
1426 16162 21:0 1426
1428 15834 21:0 1447
1429 16164 21:0 1429
1446 15932 21:0 1495
1494 15964 21:0 1505
1497 16194 21:0 1497
1504 15645 21:0 1505
1504 15884 21:0 1505
1504 15764 21:0 1505
1504 39 21:0 1520
1519 115 21:0 1520
1519 16149 21:0 1520
1519 16083 21:0 1520
1519 353 21:0 1520
1519 99 21:0 1520
1519 16182 21:0 1525
1524 16017 21:0 1525
1525 16207 21:0 1535
1534 16064 21:0 1559
1558 16031 21:0 1566
1564 16182 1:0 1606
1564 353 1:0 1617
1564 16149 1:0 1728
1565 16065 21:0 1569
1568 15899 21:0 1577
1571 16194 1:0 1571
1576 16215 21:0 1577
1576 15984 21:0 1577
1576 15951 21:0 1577
1576 16050 21:0 1577
1576 16116 21:0 1577
1576 334 21:0 1577
1576 16235 21:0 1577
1578 16116 1:0 1850
1578 16083 1:0 1964
1578 16065 1:0 1964
1578 16064 1:0 2042
1578 16063 1:0 2048
1578 16050 1:0 2086
1578 16031 1:0 2164
1578 16030 1:0 2170
1578 16029 1:0 2180
1578 16017 1:0 2208
1578 15999 1:0 2286
1581 16238 21:0 1603
1597 15997 1:0 2292
1602 15803 21:0 1637
1636 69 21:0 1651
1648 15996 1:0 2302
1648 15984 1:0 2330
1650 15665 21:0 1656
1655 16231 21:0 1678
1677 16164 1:0 1677
1677 16270 21:0 1678
1677 319 21:0 1678
1677 16256 21:0 1678
1677 16267 21:0 1678
1683 16162 1:0 1683
1684 16163 1:0 1684
1684 16288 21:0 1688
1685 15964 1:0 2408
1686 15965 1:0 2415
1686 15963 1:0 2424
1693 16161 1:0 1693
1694 16292 21:0 1696
1694 15951 1:0 2452
1694 15932 1:0 2452
1694 15933 1:0 2530
1700 15931 1:0 2536
1703 16295 21:0 1725
1728 16313 21:0 1759
1730 15930 1:0 2546
1762 16322 21:0 1764
1771 16324 21:0 1773
1780 16327 21:0 1800
1799 16131 1:0 1799
1805 16129 1:0 1805
1806 16130 1:0 1806
1806 16345 21:0 1810
1807 15899 1:0 2574
1808 167 1:0 2562
1808 171 1:0 2567
1808 15918 1:0 2567
1808 169 1:0 2574
1808 15900 1:0 2652
1815 16128 1:0 1815
1816 16349 21:0 1818
1816 15898 1:0 2658
1816 15897 1:0 2668
1816 151 1:0 2670
1816 149 1:0 2670
1822 15867 1:0 2696
1822 15882 1:0 2696
1825 16352 21:0 1847
1826 15884 1:0 2696
1826 15885 1:0 2696
1850 16370 21:0 1881
1884 16379 21:0 1886
1893 16381 21:0 1895
1902 16384 21:0 1922
1921 16098 1:0 1921
1927 16096 1:0 1927
1928 16097 1:0 1928
1928 16402 21:0 1932
1929 15866 1:0 2774
1930 15865 1:0 2780
1930 15864 1:0 2790
1930 133 1:0 2792
1930 129 1:0 2792
1930 135 1:0 2792
1930 137 1:0 2792
1930 131 1:0 2792
1937 16095 1:0 1937
1938 16406 21:0 1940
1938 15856 1:0 2803
1938 15852 1:0 2818
1938 15850 1:0 2818
1938 15834 1:0 2818
1944 15832 1:0 2896
1947 16409 21:0 1969
1962 15833 1:0 2903
1972 16427 21:0 2003
2006 16436 21:0 2008
2015 16438 21:0 2017
2050 16459 21:0 2054
2051 15831 1:0 2912
2051 111 1:0 2917
2051 15810 1:0 2940
2052 115 1:0 2928
2052 15819 1:0 2933
2052 113 1:0 2940
2052 15803 1:0 2940
2052 15818 1:0 2940
2052 15800 1:0 3018
2059 16062 1:0 2059
2060 16463 21:0 2062
2060 15799 1:0 3024
2060 15798 1:0 3034
2066 15767 1:0 3062
2066 93 1:0 3062
2069 16466 21:0 2091
2070 99 1:0 3062
2084 97 1:0 3050
2084 15786 1:0 3055
2084 15776 1:0 3062
2084 95 1:0 3062
2094 16484 21:0 2125
2128 16493 21:0 2130
2137 16495 21:0 2139
2146 16498 21:0 2166
2165 16032 1:0 2165
2172 16516 21:0 2176
2173 15768 1:0 3140
2174 15766 1:0 3146
2174 15764 1:0 3150
2174 15765 1:0 3156
2174 77 1:0 3158
2182 16520 21:0 2184
2182 15757 1:0 3158
2182 79 1:0 3158
2182 75 1:0 3158
2182 81 1:0 3158
2182 15752 1:0 3184
2182 15753 1:0 3184
2182 15748 1:0 3184
2182 15734 1:0 3184
2188 15735 1:0 3262
2191 16523 21:0 2213
2216 16541 21:0 2247
2218 15733 1:0 3268
2250 16550 21:0 2252
2259 16552 21:0 2261
2268 16555 21:0 2288
2294 15998 1:0 2294
2294 16573 21:0 2298
2295 69 1:0 3272
2296 15732 1:0 3278
2296 61 1:0 3294
2296 63 1:0 3299
2296 15720 1:0 3299
2296 15701 1:0 3306
2296 57 1:0 3306
2296 59 1:0 3306
2304 16577 21:0 2306
2304 15702 1:0 3384
2304 15700 1:0 3390
2307 15698 1:0 3394
2313 16580 21:0 2335
2314 15699 1:0 3400
2338 16598 21:0 2369
2372 16607 21:0 2374
2381 16609 21:0 2383
2390 16612 21:0 2410
2409 15966 1:0 2409
2416 16630 21:0 2420
2417 39 1:0 3409
2417 43 1:0 3416
2417 41 1:0 3425
2417 15671 1:0 3428
2417 45 1:0 3428
2417 15669 1:0 3428
2417 15687 1:0 3428
2418 15667 1:0 3506
2418 15668 1:0 3513
2426 16634 21:0 2428
2426 15665 1:0 3516
2426 15666 1:0 3522
2426 15645 1:0 3550
2426 15649 1:0 3550
2429 25 1:0 3543
2429 15654 1:0 3543
2429 15652 1:0 3550
2429 23 1:0 3550
2435 16637 21:0 2457
2436 15636 1:0 3628
2450 335 1:0 3748
2451 319 1:0 5110
2460 16655 21:0 2491
2494 16664 21:0 2496
2512 16669 21:0 2532
2538 16687 21:0 2542
2539 15635 1:0 3635
2540 15633 1:0 3644
2540 7 1:0 3660
2540 5 1:0 3669
2540 9 1:0 3672
2540 15621 1:0 3672
2540 15618 1:0 3680
2540 3 1:0 3723
2540 334 1:0 3723
2548 16691 21:0 2550
2557 16694 21:0 2579
2582 16712 21:0 2613
2616 16721 21:0 2618
2625 16723 21:0 2627
2660 16744 21:0 2664
2670 16748 21:0 2672
2679 16751 21:0 2701
2704 16769 21:0 2735
2738 16778 21:0 2740
2747 16780 21:0 2749
2756 16783 21:0 2776
2782 16801 21:0 2786
2792 16805 21:0 2794
2801 16808 21:0 2823
2860 16835 21:0 2862
2869 16837 21:0 2871
2878 16840 21:0 2898
2904 16858 21:0 2908
2914 16862 21:0 2916
2923 16865 21:0 2945
2948 16883 21:0 2979
2982 16892 21:0 2984
2991 16894 21:0 2993
3000 16897 21:0 3020
3019 15801 1:0 3019
3026 16915 21:0 3030
3036 16919 21:0 3038
3045 16922 21:0 3067
3070 16940 21:0 3101
3104 16949 21:0 3106
3113 16951 21:0 3115
3122 16954 21:0 3142
3148 16972 21:0 3152
3158 16976 21:0 3160
3167 16979 21:0 3189
3192 16997 21:0 3223
3226 17006 21:0 3228
3235 17008 21:0 3237
3244 17011 21:0 3264
3270 17029 21:0 3274
3280 17033 21:0 3282
3289 17036 21:0 3311
3314 17054 21:0 3345
3348 17063 21:0 3350
3357 17065 21:0 3359
3366 17068 21:0 3386
3392 17086 21:0 3396
3402 17090 21:0 3404
3411 17093 21:0 3433
3436 17111 21:0 3467
3470 17120 21:0 3472
3479 17122 21:0 3481
3488 17125 21:0 3508
3514 17143 21:0 3518
3524 17147 21:0 3526
3533 17150 21:0 3555
3558 17168 21:0 3589
3592 17177 21:0 3594
3601 17179 21:0 3603
3610 17182 21:0 3630
3635 15634 1:0 3635
3636 17200 21:0 3640
3646 17204 21:0 3648
3655 17207 21:0 3677
3680 17225 21:0 3711
3714 17234 21:0 3716
3723 17236 21:0 3725
3746 334 21:0 3764
3764 5 21:0 3768
3768 17263 21:0 3801
3800 17272 21:0 3801
3800 7 21:0 3801
3801 17271 21:0 3812
3811 335 21:0 3812
3811 17270 21:0 3812
3814 17284 21:0 3822
3821 15 21:0 3822
3821 17283 21:0 3822
3822 17287 21:0 3888
3887 23 21:0 3888
3887 17296 21:0 3888
3887 17239 21:0 3888
3887 17305 21:0 3888
3887 25 21:0 3888
3890 17317 21:0 3898
3897 29 21:0 3898
3897 13 21:0 3898
3898 17320 21:0 3964
3963 17318 21:0 3969
3968 17338 21:0 3969
3968 45 21:0 3969
3968 41 21:0 3969
3968 39 21:0 3969
3968 43 21:0 3971
3971 17352 21:0 3992
3991 17353 21:0 4040
4039 17350 21:0 4050
4049 17385 21:0 4068
4067 17384 21:0 4116
4115 17386 21:0 4121
4120 61 21:0 4121
4120 17371 21:0 4121
4120 79 21:0 4121
4120 77 21:0 4123
4123 17417 21:0 4140
4139 17416 21:0 4192
4191 17415 21:0 4194
4193 17437 21:0 4194
4194 17449 21:0 4202
4201 17450 21:0 4252
4251 17419 21:0 4268
4267 17336 21:0 4273
4272 17395 21:0 4273
4272 115 21:0 4273
4272 97 21:0 4273
4272 17348 21:0 4273
4272 17470 21:0 4273
4272 113 21:0 4275
4275 17484 21:0 4296
4295 17485 21:0 4344
4343 17418 21:0 4354
4353 17383 21:0 4372
4371 17286 21:0 4420
4419 141 21:0 4425
4424 17502 21:0 4425
4424 17534 21:0 4425
4424 151 21:0 4425
4424 75 21:0 4425
4424 17536 21:0 4425
4424 17503 21:0 4425
4424 147 21:0 4425
4424 133 21:0 4425
4424 95 21:0 4427
4427 17550 21:0 4444
4443 17285 21:0 4496
4495 17517 21:0 4501
4500 17482 21:0 4520
4519 17452 21:0 4572
4571 17451 21:0 4577
4576 17551 21:0 4596
4595 17351 21:0 4648
4647 17516 21:0 4653
4652 17483 21:0 4672
4671 17614 21:0 4724
4723 17584 21:0 4729
4728 17581 21:0 4748
4747 17515 21:0 4800
4799 17548 21:0 4805
4804 17616 21:0 4824
4823 17582 21:0 4876
4875 17319 21:0 4881
4880 17583 21:0 4900
4899 17615 21:0 4952
4951 17617 21:0 4957
4956 17649 21:0 4973
4972 17647 21:0 5028
5027 17650 21:0 5033
5032 17680 21:0 5048
5047 17518 21:0 5104
5103 17648 21:0 5109
5108 17549 21:0 5129
5128 27 21:0 5129
5130 16215 1:0 5145
5130 16231 1:0 5171
5134 17858 21:0 5144
5137 16235 1:0 5182
5143 17682 21:0 5170
5169 17681 21:0 5178
5175 16238 1:0 5192
5175 16256 1:0 5219
5175 16267 1:0 5264
5175 16270 1:0 5274
5175 16288 1:0 5302
5175 16292 1:0 5313
5175 16295 1:0 5323
5176 16313 1:0 5350
5176 16322 1:0 5385
5176 16324 1:0 5395
5176 16327 1:0 5405
5176 16345 1:0 5433
5176 16349 1:0 5444
5177 17683 21:0 5181
5180 17746 21:0 5190
5189 17716 21:0 5218
5217 17748 21:0 5298
5297 17715 21:0 5301
5300 17749 21:0 5312
5311 17714 21:0 5318
5317 17747 21:0 5321
5320 17713 21:0 5403
5322 16352 1:0 5454
5322 16384 1:0 5468
5322 16381 1:0 5468
5322 17747 1:0 5475
5322 16379 1:0 5475
5322 16370 1:0 5475
5322 17749 1:0 5558
5322 16402 1:0 5564
5322 17748 1:0 5566
5322 16406 1:0 5575
5322 17746 1:0 5576
5322 16409 1:0 5585
5322 16438 1:0 5599
5322 17714 1:0 5606
5322 16427 1:0 5606
5322 16436 1:0 5606
5322 17716 1:0 5689
5322 16459 1:0 5695
5322 17715 1:0 5697
5402 17394 21:0 5429
5404 16463 1:0 5706
5404 17713 1:0 5707
5404 16466 1:0 5716
5404 16493 1:0 5730
5404 16495 1:0 5737
5404 16498 1:0 5737
5404 16484 1:0 5737
5404 17683 1:0 5737
5404 17681 1:0 5820
5404 16516 1:0 5826
5404 17682 1:0 5828
5404 16520 1:0 5837
5404 17680 1:0 5838
5404 16523 1:0 5847
5404 16555 1:0 5861
5404 16541 1:0 5861
5404 16552 1:0 5861
5404 17648 1:0 5868
5404 16550 1:0 5868
5404 17650 1:0 5951
5404 16573 1:0 5957
5404 17649 1:0 5959
5404 16577 1:0 5968
5404 17647 1:0 5969
5404 16580 1:0 5978
5404 16598 1:0 5980
5404 16612 1:0 5980
5404 16607 1:0 5992
5404 17617 1:0 5999
5404 16609 1:0 5999
5404 17615 1:0 6082
5425 17616 1:0 6090
5428 17335 21:0 5429
5428 85 21:0 5429
5428 17388 21:0 5432
5431 16295 21:0 5432
5431 16327 21:0 5432
5431 16267 21:0 5432
5431 16265 21:0 5432
5431 16292 21:0 5432
5431 16324 21:0 5432
5435 16345 21:0 5440
5437 16630 1:0 6088
5438 16634 1:0 6099
5438 17614 1:0 6100
5438 16637 1:0 6109
5438 17583 1:0 6130
5439 17282 21:0 5440
5439 17262 21:0 5440
5439 16288 21:0 5443
5441 16655 1:0 6130
5441 16669 1:0 6130
5441 16664 1:0 6130
5442 16238 21:0 5443
5442 16235 21:0 5446
5446 16349 21:0 5449
5447 17584 1:0 6213
5447 16687 1:0 6219
5447 17582 1:0 6220
5448 16231 21:0 5449
5450 16691 1:0 6230
5450 17581 1:0 6231
5450 16712 1:0 6233
5450 16721 1:0 6233
5455 17549 1:0 6261
5456 16352 21:0 5480
5458 16694 1:0 6240
5473 16744 1:0 6261
5473 16723 1:0 6261
5483 16370 21:0 5515
5518 16379 21:0 5521
5538 16384 21:0 5560
5566 16402 21:0 5571
5568 17551 1:0 6344
5569 17550 1:0 6352
5569 16751 1:0 6355
5569 16748 1:0 6361
5569 17548 1:0 6362
5569 16783 1:0 6364
5569 147 1:0 6364
5577 16406 21:0 5580
5578 16769 1:0 6361
5578 16778 1:0 6361
5578 151 1:0 6361
5578 17536 1:0 6364
5578 16780 1:0 6392
5578 16801 1:0 6392
5578 17534 1:0 6392
5578 17518 1:0 6392
5584 17516 1:0 6475
5587 16409 21:0 5611
5604 17517 1:0 6483
5605 16805 1:0 6486
5605 141 1:0 6486
5614 16427 21:0 5646
5669 16441 21:0 5691
5697 16459 21:0 5702
5699 17515 1:0 6493
5699 16808 1:0 6495
5700 133 1:0 6503
5700 17111 1:0 6503
5700 16840 1:0 6511
5700 16837 1:0 6511
5700 16835 1:0 6520
5700 17483 1:0 6523
5700 17502 1:0 6523
5700 17503 1:0 6523
5708 16463 21:0 5711
5709 17485 1:0 6606
5709 16858 1:0 6612
5709 17484 1:0 6614
5709 17093 1:0 6617
5715 17482 1:0 6624
5717 16894 1:0 6623
5717 16897 1:0 6623
5717 16862 1:0 6623
5717 115 1:0 6623
5717 113 1:0 6623
5718 16466 21:0 5742
5720 17470 1:0 6626
5720 16883 1:0 6626
5745 16484 21:0 5777
5748 16915 1:0 6654
5748 17451 1:0 6654
5780 16493 21:0 5783
5790 16495 21:0 5793
5828 16516 21:0 5833
5830 16865 1:0 6633
5830 16892 1:0 6654
5831 17452 1:0 6737
5831 17450 1:0 6744
5831 16922 1:0 6748
5831 16976 1:0 6748
5839 16520 21:0 5842
5840 16949 1:0 6754
5840 16919 1:0 6754
5840 97 1:0 6754
5840 95 1:0 6754
5840 16940 1:0 6754
5840 16954 1:0 6754
5840 77 1:0 6754
5840 17449 1:0 6755
5840 17437 1:0 6757
5846 17418 1:0 6785
5846 16972 1:0 6785
5846 85 1:0 6785
5846 16951 1:0 6785
5849 16523 21:0 5873
5867 17419 1:0 6868
5876 16541 21:0 5908
5931 16555 21:0 5953
5959 16573 21:0 5964
5961 17417 1:0 6875
5961 17388 1:0 6879
5961 17415 1:0 6879
5962 17416 1:0 6886
5962 79 1:0 6888
5962 16997 1:0 6888
5962 75 1:0 6888
5962 17006 1:0 6888
5962 17394 1:0 6888
5962 17011 1:0 6888
5970 16577 21:0 5973
5971 16979 1:0 6895
5971 17386 1:0 6916
5971 17395 1:0 6916
5971 17008 1:0 6916
5974 17384 1:0 6999
5979 17385 1:0 7007
5980 16580 21:0 6004
5982 17036 1:0 7010
5997 17029 1:0 7005
6007 16598 21:0 6039
6010 17383 1:0 7017
6010 17122 1:0 7019
6010 17065 1:0 7019
6010 17063 1:0 7019
6010 17054 1:0 7019
6010 61 1:0 7019
6010 17177 1:0 7019
6042 16607 21:0 6045
6052 16609 21:0 6055
6062 16612 21:0 6084
6090 16630 21:0 6095
6092 17033 1:0 7016
6092 17068 1:0 7019
6093 17351 1:0 7047
6093 17371 1:0 7047
6093 17090 1:0 7047
6093 17086 1:0 7047
6101 16634 21:0 6104
6102 17353 1:0 7130
6102 17352 1:0 7138
6102 17143 1:0 7141
6102 17147 1:0 7141
6108 17120 1:0 7147
6108 43 1:0 7147
6108 17350 1:0 7148
6108 39 1:0 7150
6108 45 1:0 7150
6108 17125 1:0 7150
6110 17338 1:0 7150
6110 17348 1:0 7150
6111 16637 21:0 6135
6129 17319 1:0 7178
6141 41 1:0 7178
6141 17335 1:0 7178
6141 17336 1:0 7178
6183 16666 21:0 6186
6193 16669 21:0 6215
6221 16687 21:0 6226
6223 17320 1:0 7261
6224 17318 1:0 7268
6224 17200 1:0 7272
6224 29 1:0 7272
6232 16691 21:0 6235
6233 27 1:0 7278
6233 17317 1:0 7279
6233 13 1:0 7281
6233 25 1:0 7281
6233 17182 1:0 7281
6233 23 1:0 7281
6233 17168 1:0 7281
6233 17305 1:0 7281
6236 17285 1:0 7309
6239 17150 1:0 7288
6239 17296 1:0 7309
6239 17179 1:0 7309
6242 16694 21:0 6266
6259 17287 1:0 7392
6260 17239 1:0 7501
6304 16721 21:0 6307
6314 16723 21:0 6317
6324 16726 21:0 6346
6352 16744 21:0 6357
6354 17286 1:0 7400
6354 17283 1:0 7403
6354 15 1:0 7403
6355 17204 1:0 7409
6355 17284 1:0 7410
6355 17225 1:0 7415
6355 17262 1:0 7415
6355 17282 1:0 7415
6355 17271 1:0 7440
6363 16748 21:0 6366
6364 17207 1:0 7419
6364 17234 1:0 7428
6364 17272 1:0 7433
6364 17263 1:0 7440
6364 7 1:0 7440
6364 17270 1:0 7449
6364 5 1:0 7486
6364 17236 1:0 7491
6364 335 1:0 7494
6364 336 1:0 7521
6373 16751 21:0 6397
6435 16778 21:0 6438
6445 16780 21:0 6448
6455 16783 21:0 6477
6483 16801 21:0 6488
6494 16805 21:0 6497
6504 16808 21:0 6528
6531 16826 21:0 6563
6566 16835 21:0 6569
6576 16837 21:0 6579
6614 16858 21:0 6619
6625 16862 21:0 6628
6635 16865 21:0 6659
6662 16883 21:0 6694
6697 16892 21:0 6700
6717 16897 21:0 6739
6745 16915 21:0 6750
6756 16919 21:0 6759
6766 16922 21:0 6790
6793 16940 21:0 6825
6848 16954 21:0 6870
6876 16972 21:0 6881
6887 16976 21:0 6890
6897 16979 21:0 6921
6969 17008 21:0 6972
6979 17011 21:0 7001
7007 17029 21:0 7012
7018 17033 21:0 7021
7028 17036 21:0 7052
7055 17054 21:0 7087
7090 17063 21:0 7093
7110 17068 21:0 7132
7138 17086 21:0 7143
7149 17090 21:0 7152
7159 17093 21:0 7183
7186 17111 21:0 7218
7221 17120 21:0 7224
7231 17122 21:0 7234
7241 17125 21:0 7263
7269 17143 21:0 7274
7280 17147 21:0 7283
7290 17150 21:0 7314
7352 17177 21:0 7355
7362 17179 21:0 7365
7400 17200 21:0 7405
7411 17204 21:0 7414
7421 17207 21:0 7445
7483 17234 21:0 7486
7493 17236 21:0 7496
7519 335 21:0 7537
7541 18914 21:0 7574
7573 18923 21:0 7574
7573 7 21:0 7574
7574 18922 21:0 7585
7584 18920 21:0 7585
7584 18921 21:0 7585
7587 18935 21:0 7595
7594 11 21:0 7595
7594 18934 21:0 7595
7595 18938 21:0 7661
7660 18937 21:0 7666
7665 18927 21:0 7671
7670 27 21:0 7671
7670 18954 21:0 7671
7670 25 21:0 7671
7670 21 21:0 7671
7670 18956 21:0 7671
7670 18967 21:0 7671
7670 3 21:0 7671
7671 18971 21:0 7737
7736 18970 21:0 7742
7741 9 21:0 7742
7741 17239 21:0 7742
7741 45 21:0 7744
7744 19003 21:0 7761
7760 19002 21:0 7813
7812 19004 21:0 7818
7817 18987 21:0 7823
7822 59 21:0 7823
7822 18986 21:0 7823
7822 19020 21:0 7823
7822 57 21:0 7823
7822 43 21:0 7823
7822 19022 21:0 7823
7822 61 21:0 7823
7823 19037 21:0 7889
7888 18969 21:0 7894
7893 19034 21:0 7899
7898 19036 21:0 7965
7964 18968 21:0 7970
7969 19088 21:0 7970
7969 19085 21:0 7970
7969 75 21:0 7970
7969 77 21:0 7970
7969 95 21:0 7970
7969 79 21:0 7970
7969 97 21:0 7970
7969 19055 21:0 7970
7969 81 21:0 7970
7972 19101 21:0 7989
7988 19067 21:0 8041
8040 115 21:0 8041
8040 19121 21:0 8041
8040 113 21:0 8041
8040 93 21:0 8041
8040 111 21:0 8041
8040 63 21:0 8041
8043 19133 21:0 8051
8050 19052 21:0 8051
8050 19032 21:0 8051
8051 19136 21:0 8117
8116 19035 21:0 8122
8121 19154 21:0 8122
8121 133 21:0 8122
8124 19168 21:0 8141
8140 19134 21:0 8193
8192 19135 21:0 8198
8197 19001 21:0 8217
8216 19069 21:0 8269
8268 19102 21:0 8274
8273 19070 21:0 8279
8278 19202 21:0 8345
8344 19169 21:0 8350
8349 19166 21:0 8355
8354 18936 21:0 8421
8420 19233 21:0 8426
8425 19068 21:0 8431
8430 19100 21:0 8497
8496 19234 21:0 8502
8501 19199 21:0 8507
8506 19267 21:0 8573
8572 19268 21:0 8578
8577 19103 21:0 8583
8582 19232 21:0 8649
8648 19200 21:0 8654
8653 19266 21:0 8659
8658 19167 21:0 8714
8713 19265 21:0 8730
8729 19201 21:0 8735
8734 19298 21:0 8790
8789 19301 21:0 8806
8805 19300 21:0 8811
8810 19235 21:0 8866
8865 19299 21:0 8882
8881 19331 21:0 8887
8886 19066 21:0 8887
8886 18960 21:0 8887
8888 16231 1:0 8944
8907 19509 21:0 8917
8911 16235 1:0 8955
8916 19333 21:0 8943
8942 19332 21:0 8951
8948 16238 1:0 8965
8948 16265 1:0 9027
8948 16267 1:0 9037
8948 16288 1:0 9075
8948 16292 1:0 9086
8949 16295 1:0 9096
8949 16324 1:0 9168
8949 16327 1:0 9178
8949 16345 1:0 9206
8949 16349 1:0 9217
8949 16352 1:0 9227
8949 16384 1:0 9241
8949 16370 1:0 9248
8949 16379 1:0 9248
8950 19334 21:0 8954
8953 19364 21:0 8963
8962 19397 21:0 8991
8990 19400 21:0 9071
9070 65 21:0 9071
9070 19046 21:0 9074
9072 19400 1:0 9331
9072 16402 1:0 9337
9072 16406 1:0 9348
9072 19397 1:0 9349
9072 16409 1:0 9358
9072 16427 1:0 9385
9072 16441 1:0 9440
9072 16459 1:0 9468
9072 16463 1:0 9479
9072 19364 1:0 9480
9072 16466 1:0 9489
9072 16495 1:0 9503
9072 16493 1:0 9510
9072 16484 1:0 9510
9072 19334 1:0 9510
9072 19332 1:0 9593
9072 16516 1:0 9599
9072 19333 1:0 9601
9072 16520 1:0 9610
9072 19331 1:0 9611
9072 16523 1:0 9620
9072 19299 1:0 9641
9072 16541 1:0 9641
9072 16555 1:0 9641
9073 16238 21:0 9074
9073 16267 21:0 9074
9073 16265 21:0 9074
9073 16256 21:0 9074
9073 336 21:0 9074
9077 16288 21:0 9082
9079 19301 1:0 9724
9080 16573 1:0 9730
9080 19300 1:0 9732
9081 16235 21:0 9082
9081 16231 21:0 9082
9081 16270 21:0 9085
9083 19298 1:0 9742
9088 16292 21:0 9091
9089 16577 1:0 9741
9089 16580 1:0 9751
9089 16607 1:0 9765
9089 16598 1:0 9765
9089 16609 1:0 9772
9089 16612 1:0 9772
9089 19266 1:0 9772
9095 19268 1:0 9855
9098 16295 21:0 9122
9115 19267 1:0 9863
9116 16630 1:0 9861
9180 16327 21:0 9202
9208 16345 21:0 9213
9210 16634 1:0 9872
9210 19265 1:0 9873
9211 16637 1:0 9882
9211 16669 1:0 9896
9211 19235 1:0 9903
9211 16666 1:0 9903
9219 16349 21:0 9222
9220 19234 1:0 9986
9220 16687 1:0 9992
9220 19233 1:0 9993
9226 16691 1:0 10003
9226 19232 1:0 10004
9229 16352 21:0 9253
9246 19201 1:0 10034
9246 16726 1:0 10034
9247 16694 1:0 10013
9247 16721 1:0 10027
9247 16723 1:0 10034
9256 16370 21:0 9288
9339 16402 21:0 9344
9341 19202 1:0 10117
9342 16744 1:0 10123
9342 19200 1:0 10124
9342 19199 1:0 10135
9350 16406 21:0 9353
9351 16748 1:0 10134
9351 16751 1:0 10144
9351 16778 1:0 10158
9351 16783 1:0 10158
9351 16780 1:0 10165
9351 19167 1:0 10165
9357 19169 1:0 10248
9360 16409 21:0 9384
9362 19168 1:0 10256
9377 16801 1:0 10254
9387 16427 21:0 9419
9442 16441 21:0 9464
9470 16459 21:0 9475
9472 16805 1:0 10265
9472 19166 1:0 10266
9472 16837 1:0 10268
9472 133 1:0 10268
9472 16835 1:0 10268
9472 16826 1:0 10268
9472 17054 1:0 10268
9473 16808 1:0 10275
9473 17147 1:0 10296
9473 19154 1:0 10296
9473 19135 1:0 10296
9481 16463 21:0 9484
9482 19136 1:0 10379
9482 16858 1:0 10385
9482 19134 1:0 10386
9482 16915 1:0 10390
9488 111 1:0 10396
9488 19133 1:0 10397
9490 16862 1:0 10396
9490 113 1:0 10399
9490 115 1:0 10399
9490 16897 1:0 10399
9490 16883 1:0 10399
9490 19121 1:0 10399
9491 16466 21:0 9515
9516 19103 1:0 10427
9518 16484 21:0 9550
9521 16865 1:0 10406
9553 16493 21:0 9556
9563 16495 21:0 9566
9573 16498 21:0 9595
9601 16516 21:0 9606
9603 16979 1:0 10427
9603 16892 1:0 10427
9604 19102 1:0 10510
9604 19101 1:0 10517
9604 17033 1:0 10521
9604 16919 1:0 10521
9612 16520 21:0 9615
9613 16940 1:0 10527
9613 93 1:0 10527
9613 19100 1:0 10528
9613 97 1:0 10530
9613 19088 1:0 10530
9613 16922 1:0 10530
9613 16954 1:0 10530
9619 19068 1:0 10558
9619 16972 1:0 10558
9619 19085 1:0 10558
9619 95 1:0 10558
9622 16523 21:0 9646
9640 19070 1:0 10641
9684 16550 21:0 9687
9732 16573 21:0 9737
9734 19069 1:0 10649
9734 17029 1:0 10652
9734 19066 1:0 10652
9735 16976 1:0 10658
9735 81 1:0 10658
9735 17011 1:0 10658
9735 17008 1:0 10658
9735 75 1:0 10658
9735 19067 1:0 10659
9735 19055 1:0 10661
9735 77 1:0 10661
9743 16577 21:0 9746
9744 19046 1:0 10689
9744 19035 1:0 10689
9744 19052 1:0 10689
9744 79 1:0 10689
9747 19037 1:0 10772
9752 19036 1:0 10780
9753 16580 21:0 9777
9755 17036 1:0 10783
9770 65 1:0 10783
9780 16598 21:0 9812
9783 59 1:0 10789
9783 19034 1:0 10790
9835 16612 21:0 9857
9863 16630 21:0 9868
9865 63 1:0 10789
9865 17068 1:0 10792
9865 57 1:0 10792
9865 19032 1:0 10792
9865 17063 1:0 10792
9865 19022 1:0 10792
9866 19004 1:0 10820
9866 19020 1:0 10820
9866 17093 1:0 10820
9866 61 1:0 10820
9874 16634 21:0 9877
9875 19002 1:0 10903
9875 17086 1:0 10909
9875 19003 1:0 10911
9875 17090 1:0 10914
9881 19001 1:0 10921
9881 17125 1:0 10923
9881 17143 1:0 10923
9881 45 1:0 10923
9883 17122 1:0 10923
9883 17111 1:0 10923
9883 17120 1:0 10923
9884 16637 21:0 9908
9902 18969 1:0 10951
9914 18986 1:0 10951
9914 18987 1:0 10951
9946 16664 21:0 9949
9956 16666 21:0 9959
9966 16669 21:0 9988
9994 16687 21:0 9999
9996 43 1:0 10951
9996 17239 1:0 11274
9997 18971 1:0 11034
9997 18970 1:0 11042
9997 17150 1:0 11045
9997 18967 1:0 11045
10005 16691 21:0 10008
10006 18968 1:0 11052
10006 18960 1:0 11054
10006 27 1:0 11054
10006 17177 1:0 11054
10006 25 1:0 11054
10006 21 1:0 11054
10006 17179 1:0 11054
10009 18936 1:0 11082
10012 18954 1:0 11082
10012 17200 1:0 11082
10012 18956 1:0 11082
10015 16694 21:0 10039
10032 18938 1:0 11165
10042 16712 21:0 10074
10087 16723 21:0 10090
10125 16744 21:0 10130
10127 18937 1:0 11173
10127 18921 1:0 11176
10127 18934 1:0 11176
10128 17204 1:0 11182
10128 18935 1:0 11183
10128 11 1:0 11187
10128 9 1:0 11188
10128 17207 1:0 11188
10128 18927 1:0 11198
10136 16748 21:0 10139
10137 18923 1:0 11195
10137 17234 1:0 11206
10137 7 1:0 11213
10137 18922 1:0 11213
10137 18914 1:0 11213
10137 18920 1:0 11222
10137 17236 1:0 11264
10137 3 1:0 11267
10137 336 1:0 11267
10137 337 1:0 11294
10146 16751 21:0 10170
10208 16778 21:0 10211
10256 16801 21:0 10261
10267 16805 21:0 10270
10277 16808 21:0 10301
10387 16858 21:0 10392
10398 16862 21:0 10401
10408 16865 21:0 10432
10518 16915 21:0 10523
10529 16919 21:0 10532
10539 16922 21:0 10563
10601 16949 21:0 10604
10621 16954 21:0 10643
10649 16972 21:0 10654
10660 16976 21:0 10663
10670 16979 21:0 10694
10697 16997 21:0 10729
10780 17029 21:0 10785
10791 17033 21:0 10794
10801 17036 21:0 10825
10863 17063 21:0 10866
10911 17086 21:0 10916
10922 17090 21:0 10925
10932 17093 21:0 10956
10994 17120 21:0 10997
11004 17122 21:0 11007
11014 17125 21:0 11036
11042 17143 21:0 11047
11053 17147 21:0 11056
11063 17150 21:0 11087
11090 17168 21:0 11122
11145 17182 21:0 11167
11173 17200 21:0 11178
11184 17204 21:0 11187
11194 17207 21:0 11218
11221 17225 21:0 11253
11266 17236 21:0 11269
11292 336 21:0 11310
11314 7 21:0 11342
11341 3 21:0 11342
11342 20572 21:0 11358
11357 20565 21:0 11358
11357 20574 21:0 11358
11357 20584 21:0 11358
11360 20586 21:0 11365
11364 337 21:0 11365
11364 20564 21:0 11365
11364 20573 21:0 11365
11364 11 21:0 11365
11364 20569 21:0 11365
11364 20585 21:0 11365
11365 20588 21:0 11386
11385 20587 21:0 11434
11433 20597 21:0 11439
11438 20578 21:0 11439
11438 13 21:0 11439
11438 20607 21:0 11439
11441 20621 21:0 11462
11461 20620 21:0 11510
11509 20638 21:0 11515
11514 41 21:0 11515
11514 43 21:0 11515
11514 20631 21:0 11515
11514 20630 21:0 11515
11517 20653 21:0 11538
11537 20655 21:0 11586
11585 20652 21:0 11596
11595 20685 21:0 11618
11617 20622 21:0 11662
11661 20657 21:0 11667
11666 77 21:0 11667
11666 57 21:0 11667
11666 59 21:0 11667
11666 83 21:0 11667
11666 20704 21:0 11667
11666 20673 21:0 11667
11669 20720 21:0 11690
11689 20719 21:0 11738
11737 20739 21:0 11738
11737 99 21:0 11738
11737 93 21:0 11738
11740 20751 21:0 11748
11747 20734 21:0 11748
11747 87 21:0 11748
11748 20754 21:0 11814
11813 20753 21:0 11819
11818 113 21:0 11819
11818 20772 21:0 11819
11818 20771 21:0 11819
11821 20786 21:0 11838
11837 20752 21:0 11890
11889 20688 21:0 11895
11894 20589 21:0 11914
11913 20619 21:0 11966
11965 20817 21:0 11971
11970 20837 21:0 11976
11975 20789 21:0 11976
11975 20822 21:0 11976
11975 151 21:0 11976
11975 20838 21:0 11976
11975 20805 21:0 11976
11976 20853 21:0 12042
12041 20818 21:0 12047
12046 20819 21:0 12066
12065 20785 21:0 12118
12117 20718 21:0 12123
12122 20787 21:0 12128
12127 20784 21:0 12194
12193 20721 21:0 12199
12198 20820 21:0 12204
12203 20686 21:0 12270
12269 20687 21:0 12275
12274 20884 21:0 12280
12279 20885 21:0 12346
12345 20654 21:0 12351
12350 20851 21:0 12356
12355 20852 21:0 12422
12421 20850 21:0 12427
12426 20883 21:0 12432
12431 20949 21:0 12498
12497 20951 21:0 12503
12502 20917 21:0 12508
12507 20916 21:0 12574
12573 20952 21:0 12579
12578 20950 21:0 12584
12583 20918 21:0 12650
12649 20886 21:0 12655
12654 20919 21:0 12660
12659 20984 21:0 12713
12709 16231 1:0 12717
12710 16235 1:0 12728
12710 16238 1:0 12738
12710 16256 1:0 12765
12710 16265 1:0 12800
12712 20985 21:0 12716
12714 16267 1:0 12810
12714 16270 1:0 12820
12715 20982 21:0 12727
12721 16288 1:0 12848
12721 16292 1:0 12859
12721 16295 1:0 12869
12721 16327 1:0 12951
12721 16345 1:0 12979
12722 16349 1:0 12990
12722 16352 1:0 13000
12722 16370 1:0 13021
12726 21160 21:0 12727
12726 21016 21:0 12733
12732 21048 21:0 12736
12735 20983 21:0 12818
12817 21017 21:0 12847
12846 21015 21:0 12855
12854 21018 21:0 12858
12857 21050 21:0 12867
12866 21049 21:0 12927
12926 20756 21:0 12946
12928 21049 1:0 13104
12928 16402 1:0 13110
12928 21050 1:0 13112
12928 16406 1:0 13121
12928 21048 1:0 13122
12928 16409 1:0 13131
12928 16441 1:0 13152
12928 16427 1:0 13152
12928 21018 1:0 13152
12928 21017 1:0 13235
12928 16459 1:0 13241
12928 21016 1:0 13242
12928 17086 1:0 13246
12928 16463 1:0 13252
12928 21015 1:0 13253
12928 16495 1:0 13255
12928 16484 1:0 13255
12928 16498 1:0 13255
12928 16466 1:0 13262
12928 20983 1:0 13283
12928 16976 1:0 13283
12928 16493 1:0 13283
12928 20985 1:0 13366
12928 16516 1:0 13372
12928 20984 1:0 13374
12928 16577 1:0 13377
12928 16520 1:0 13383
12928 20982 1:0 13384
12928 16523 1:0 13393
12928 16550 1:0 13414
12928 20950 1:0 13414
12928 17090 1:0 13414
12928 20952 1:0 13497
12928 16573 1:0 13503
12928 20951 1:0 13505
12928 16972 1:0 13508
12928 20949 1:0 13515
12928 17150 1:0 13517
12928 16612 1:0 13517
12928 16598 1:0 13517
12928 16580 1:0 13524
12928 20919 1:0 13545
12928 16694 1:0 13545
12945 20750 21:0 12949
12948 51 21:0 12975
12950 20918 1:0 13628
12974 49 21:0 12975
12974 20690 21:0 12975
12974 20677 21:0 12978
12977 16322 21:0 12978
12977 16267 21:0 12978
12977 20618 21:0 12978
12977 20635 21:0 12978
12977 16265 21:0 12978
12977 16324 21:0 12978
12981 16345 21:0 12986
12983 16630 1:0 13634
12983 20917 1:0 13635
12983 16687 1:0 13639
12984 16634 1:0 13645
12984 20916 1:0 13646
12984 16669 1:0 13648
12984 16664 1:0 13648
12985 16288 21:0 12986
12985 20571 21:0 12986
12985 16292 21:0 12989
12987 16858 1:0 13676
12987 20886 1:0 13676
12988 16295 21:0 12989
12988 16238 21:0 12992
12990 16637 1:0 13655
12990 16666 1:0 13676
12992 16349 21:0 12995
12993 20885 1:0 13759
12993 20884 1:0 13766
12993 16805 1:0 13770
12994 16235 21:0 12995
12994 16231 21:0 12998
12996 17147 1:0 13770
12997 319 21:0 12998
12997 16215 21:0 12998
12997 16256 21:0 12998
12997 16327 21:0 12998
12997 16270 21:0 12998
12997 16313 21:0 12998
12999 16691 1:0 13776
12999 20883 1:0 13777
12999 16712 1:0 13779
13002 16352 21:0 13026
13004 20852 1:0 13807
13019 17143 1:0 13807
13020 16723 1:0 13807
13020 16744 1:0 13807
13029 16370 21:0 13061
13064 16379 21:0 13067
13074 16381 21:0 13077
13084 16384 21:0 13106
13112 16402 21:0 13117
13114 20853 1:0 13890
13115 20851 1:0 13897
13115 16751 1:0 13901
13115 20571 1:0 13901
13115 20850 1:0 13908
13115 151 1:0 13910
13115 16778 1:0 13910
13123 16406 21:0 13126
13124 16748 1:0 13907
13124 20837 1:0 13938
13124 20838 1:0 13938
13124 20822 1:0 13938
13124 20820 1:0 13938
13130 20819 1:0 14021
13133 16409 21:0 13157
13150 20818 1:0 14028
13151 16801 1:0 14027
13151 17200 1:0 14032
13160 16427 21:0 13192
13195 16436 21:0 13198
13205 16438 21:0 13208
13215 16441 21:0 13237
13243 16459 21:0 13248
13245 20817 1:0 14039
13245 16808 1:0 14041
13246 20805 1:0 14069
13246 16919 1:0 14069
13246 20789 1:0 14069
13246 20787 1:0 14069
13254 16463 21:0 13257
13255 20785 1:0 14152
13255 20786 1:0 14160
13255 16915 1:0 14163
13258 16862 1:0 14163
13263 20784 1:0 14170
13264 16466 21:0 13288
13266 16865 1:0 14172
13266 20772 1:0 14172
13291 16484 21:0 13323
13294 20771 1:0 14200
13294 20752 1:0 14200
13326 16493 21:0 13329
13336 16495 21:0 13339
13346 16498 21:0 13368
13374 16516 21:0 13379
13376 113 1:0 14200
13376 20756 1:0 14200
13377 20754 1:0 14283
13377 20753 1:0 14291
13377 16922 1:0 14294
13377 20750 1:0 14294
13385 16520 21:0 13388
13386 16954 1:0 14300
13386 20751 1:0 14301
13386 20739 1:0 14303
13386 99 1:0 14303
13386 16979 1:0 14303
13386 93 1:0 14303
13392 17033 1:0 14331
13392 16949 1:0 14331
13392 20734 1:0 14331
13392 20721 1:0 14331
13395 16523 21:0 13419
13413 20719 1:0 14414
13422 16541 21:0 13454
13457 16550 21:0 13460
13467 16552 21:0 13470
13477 16555 21:0 13499
13505 16573 21:0 13510
13507 20720 1:0 14422
13507 87 1:0 14425
13507 20635 1:0 14425
13508 20718 1:0 14432
13508 16997 1:0 14434
13508 83 1:0 14434
13516 16577 21:0 13519
13517 20687 1:0 14462
13517 20704 1:0 14462
13517 20690 1:0 14462
13517 77 1:0 14462
13517 20688 1:0 14545
13523 17029 1:0 14551
13523 20686 1:0 14552
13525 20677 1:0 14556
13526 16580 21:0 13550
13551 20685 1:0 14563
13553 16598 21:0 13585
13556 17036 1:0 14565
13556 59 1:0 14565
13556 57 1:0 14565
13556 17063 1:0 14565
13588 16607 21:0 13591
13598 16609 21:0 13601
13608 16612 21:0 13630
13636 16630 21:0 13641
13638 20654 1:0 14593
13639 20673 1:0 14593
13639 20657 1:0 14593
13639 49 1:0 14593
13639 20655 1:0 14676
13647 16634 21:0 13650
13648 20653 1:0 14683
13648 51 1:0 14687
13648 20630 1:0 14687
13651 20652 1:0 14694
13651 41 1:0 14696
13654 43 1:0 14696
13654 17122 1:0 14696
13654 20631 1:0 14696
13654 17125 1:0 14696
13657 16637 21:0 13681
13674 20622 1:0 14724
13675 17093 1:0 14703
13675 20638 1:0 14724
13675 17120 1:0 14724
13684 16655 21:0 13716
13719 16664 21:0 13722
13729 16666 21:0 13732
13739 16669 21:0 13761
13767 16687 21:0 13772
13769 20620 1:0 14807
13770 20621 1:0 14815
13770 20564 1:0 14818
13770 20618 1:0 14818
13778 16691 21:0 13781
13779 20619 1:0 14825
13779 17182 1:0 14827
13779 17168 1:0 14827
13779 17204 1:0 14827
13779 20589 1:0 14855
13779 20597 1:0 14855
13782 13 1:0 14855
13782 20607 1:0 14855
13787 20587 1:0 14938
13788 16694 21:0 13812
13806 20588 1:0 14946
13815 16712 21:0 13847
13818 20578 1:0 14949
13818 20585 1:0 14949
13850 16721 21:0 13853
13860 16723 21:0 13863
13870 16726 21:0 13892
13898 16744 21:0 13903
13900 20586 1:0 14956
13901 20569 1:0 14958
13901 11 1:0 14960
13901 17207 1:0 14961
13901 17225 1:0 14961
13901 20584 1:0 14966
13901 20574 1:0 14979
13901 20565 1:0 14986
13901 20573 1:0 14986
13901 7 1:0 14986
13901 20572 1:0 14995
13909 16748 21:0 13912
13910 17236 1:0 15037
13910 337 1:0 15040
13910 3 1:0 15040
13910 338 1:0 15067
13910 319 1:0 16429
13919 16751 21:0 13943
13946 16769 21:0 13978
13981 16778 21:0 13984
13991 16780 21:0 13994
14001 16783 21:0 14023
14029 16801 21:0 14034
14040 16805 21:0 14043
14050 16808 21:0 14074
14077 16826 21:0 14109
14112 16835 21:0 14115
14122 16837 21:0 14125
14132 16840 21:0 14154
14160 16858 21:0 14165
14171 16862 21:0 14174
14181 16865 21:0 14205
14208 16883 21:0 14240
14243 16892 21:0 14246
14253 16894 21:0 14256
14263 16897 21:0 14285
14291 16915 21:0 14296
14302 16919 21:0 14305
14312 16922 21:0 14336
14339 16940 21:0 14371
14374 16949 21:0 14377
14384 16951 21:0 14387
14394 16954 21:0 14416
14422 16972 21:0 14427
14433 16976 21:0 14436
14443 16979 21:0 14467
14470 16997 21:0 14502
14505 17006 21:0 14508
14515 17008 21:0 14518
14525 17011 21:0 14547
14553 17029 21:0 14558
14564 17033 21:0 14567
14574 17036 21:0 14598
14601 17054 21:0 14633
14636 17063 21:0 14639
14646 17065 21:0 14649
14656 17068 21:0 14678
14684 17086 21:0 14689
14695 17090 21:0 14698
14705 17093 21:0 14729
14732 17111 21:0 14764
14767 17120 21:0 14770
14777 17122 21:0 14780
14787 17125 21:0 14809
14815 17143 21:0 14820
14826 17147 21:0 14829
14836 17150 21:0 14860
14863 17168 21:0 14895
14898 17177 21:0 14901
14908 17179 21:0 14911
14918 17182 21:0 14940
14946 17200 21:0 14951
14957 17204 21:0 14960
14967 17207 21:0 14991
14994 17225 21:0 15026
15029 17234 21:0 15032
15039 17236 21:0 15042
15065 337 21:0 15083
15082 17239 21:0 15098
15097 3 21:0 15115
15114 5 21:0 15115
15114 7 21:0 15115
15115 22220 21:0 15131
15130 22215 21:0 15131
15130 22222 21:0 15131
15130 9 21:0 15131
15130 22225 21:0 15131
15131 11 21:0 15136
15135 22235 21:0 15136
15135 22216 21:0 15136
15138 22239 21:0 15159
15158 22238 21:0 15207
15206 22237 21:0 15217
15216 23 21:0 15217
15216 22255 21:0 15217
15216 15 21:0 15217
15216 22258 21:0 15217
15216 25 21:0 15217
15216 27 21:0 15217
15216 21 21:0 15217
15217 22273 21:0 15283
15282 39 21:0 15283
15282 41 21:0 15283
15282 22291 21:0 15283
15282 22282 21:0 15283
15282 43 21:0 15283
15282 45 21:0 15285
15285 22303 21:0 15293
15292 22268 21:0 15293
15292 22289 21:0 15293
15293 22306 21:0 15359
15358 22315 21:0 15359
15358 63 21:0 15359
15358 22324 21:0 15359
15358 57 21:0 15359
15358 61 21:0 15359
15358 59 21:0 15359
15361 22336 21:0 15369
15368 22338 21:0 15419
15418 22304 21:0 15435
15434 22334 21:0 15440
15439 65 21:0 15440
15439 22357 21:0 15440
15439 22341 21:0 15440
15439 77 21:0 15440
15439 79 21:0 15440
15439 81 21:0 15440
15439 75 21:0 15442
15442 22370 21:0 15459
15458 22339 21:0 15511
15510 22372 21:0 15516
15515 22390 21:0 15516
15515 93 21:0 15516
15515 97 21:0 15518
15518 22404 21:0 15535
15534 22402 21:0 15587
15586 111 21:0 15587
15586 95 21:0 15587
15586 22423 21:0 15587
15586 117 21:0 15587
15586 113 21:0 15587
15586 99 21:0 15587
15589 22435 21:0 15597
15596 22437 21:0 15652
15651 22240 21:0 15668
15667 22438 21:0 15673
15672 22369 21:0 15728
15727 22403 21:0 15744
15743 22305 21:0 15749
15748 22471 21:0 15804
15803 22468 21:0 15820
15819 22405 21:0 15825
15824 22271 21:0 15875
15874 22504 21:0 15891
15890 22436 21:0 15901
15900 22469 21:0 15923
15922 22337 21:0 15967
15966 22503 21:0 15977
15976 22270 21:0 15999
15998 22272 21:0 16043
16042 22567 21:0 16053
16052 22470 21:0 16075
16074 22501 21:0 16119
16118 22536 21:0 16129
16128 22534 21:0 16151
16150 22371 21:0 16195
16194 22537 21:0 16205
16204 22535 21:0 16223
16222 22601 21:0 16271
16270 22633 21:0 16276
16275 22602 21:0 16295
16294 22569 21:0 16347
16346 22570 21:0 16352
16351 22600 21:0 16371
16370 22603 21:0 16423
16422 22502 21:0 16428
16427 22568 21:0 16456
16455 22635 21:0 16489
16456 16215 1:0 16464
16457 16231 1:0 16490
16457 16235 1:0 16501
16457 16238 1:0 16511
16457 16256 1:0 16538
16457 16265 1:0 16573
16457 16267 1:0 16583
16457 16270 1:0 16593
16488 22634 21:0 16497
16494 16288 1:0 16621
16494 16292 1:0 16632
16494 16295 1:0 16642
16494 16313 1:0 16669
16494 16322 1:0 16704
16494 16324 1:0 16714
16494 16327 1:0 16724
16495 16345 1:0 16752
16495 16349 1:0 16763
16495 16352 1:0 16773
16495 16370 1:0 16787
16495 16379 1:0 16787
16495 16384 1:0 16787
16495 16381 1:0 16794
16496 22811 21:0 16497
16496 22668 21:0 16500
16499 22666 21:0 16509
16508 22669 21:0 16537
16536 22636 21:0 16617
16616 22667 21:0 16620
16619 22699 21:0 16631
16630 22700 21:0 16637
16636 22701 21:0 16640
16639 22236 21:0 16665
16641 22701 1:0 16877
16641 16402 1:0 16883
16641 22700 1:0 16884
16641 16406 1:0 16894
16641 22699 1:0 16895
16641 16409 1:0 16904
16641 16441 1:0 16906
16641 16427 1:0 16906
16641 16438 1:0 16918
16641 22667 1:0 16925
16641 16436 1:0 16925
16641 22669 1:0 17008
16641 16459 1:0 17014
16641 22668 1:0 17016
16641 16463 1:0 17025
16641 22666 1:0 17026
16641 16466 1:0 17035
16641 16495 1:0 17049
16641 16484 1:0 17049
16641 16498 1:0 17056
16641 22636 1:0 17056
16641 16493 1:0 17056
16641 22634 1:0 17139
16641 16516 1:0 17145
16641 22635 1:0 17147
16641 16520 1:0 17156
16641 22633 1:0 17157
16641 16523 1:0 17166
16641 16550 1:0 17180
16641 16541 1:0 17180
16641 16555 1:0 17180
16641 16552 1:0 17187
16641 22603 1:0 17187
16641 22602 1:0 17270
16641 16573 1:0 17276
16641 22601 1:0 17277
16641 16577 1:0 17287
16641 22600 1:0 17288
16643 16598 1:0 17318
16643 22568 1:0 17318
16643 16612 1:0 17318
16646 16580 1:0 17297
16646 16607 1:0 17311
16646 16609 1:0 17318
16663 22570 1:0 17401
16664 16292 21:0 16668
16667 338 21:0 16719
16715 22569 1:0 17409
16718 22223 21:0 16722
16720 16630 1:0 17407
16721 22224 21:0 16748
16744 22567 1:0 17419
16747 16238 21:0 16748
16747 16288 21:0 16748
16747 16295 21:0 16751
16750 16235 21:0 16751
16750 16231 21:0 16751
16750 16267 21:0 16751
16750 16270 21:0 16751
16750 16327 21:0 16754
16754 16345 21:0 16759
16756 16634 1:0 17418
16757 16637 1:0 17428
16757 16669 1:0 17430
16757 16666 1:0 17442
16757 16655 1:0 17449
16757 22535 1:0 17449
16757 16664 1:0 17449
16757 22537 1:0 17532
16758 115 21:0 16759
16758 16256 21:0 16759
16758 16265 21:0 16759
16758 16322 21:0 16759
16758 16313 21:0 16759
16758 319 21:0 16759
16758 16324 21:0 16759
16765 16349 21:0 16768
16766 16687 1:0 17538
16766 22536 1:0 17540
16766 16691 1:0 17549
16766 22534 1:0 17550
16772 22502 1:0 17580
16772 16712 1:0 17580
16772 16726 1:0 17580
16774 16694 1:0 17559
16774 16721 1:0 17573
16774 16723 1:0 17580
16775 16352 21:0 16799
16793 22504 1:0 17663
16802 16370 21:0 16834
16847 16381 21:0 16850
16885 16402 21:0 16890
16887 16744 1:0 17669
16887 22503 1:0 17671
16888 16748 1:0 17680
16888 22501 1:0 17681
16896 16406 21:0 16899
16897 16751 1:0 17690
16897 16778 1:0 17704
16897 16783 1:0 17704
16897 16780 1:0 17711
16897 16769 1:0 17711
16897 22470 1:0 17711
16897 22471 1:0 17794
16903 22469 1:0 17801
16903 57 1:0 17805
16903 75 1:0 17805
16903 27 1:0 17805
16905 16801 1:0 17800
16906 16409 21:0 16930
16924 22468 1:0 17812
16931 17068 1:0 17814
16933 16427 21:0 16965
16936 16805 1:0 17811
16936 45 1:0 17814
16936 16835 1:0 17814
16936 16837 1:0 17814
16936 16954 1:0 17814
16968 16436 21:0 16971
16978 16438 21:0 16981
16988 16441 21:0 17010
17016 16459 21:0 17021
17018 22436 1:0 17842
17019 16808 1:0 17821
17019 115 1:0 17842
17019 99 1:0 17842
17019 16840 1:0 17842
17019 111 1:0 17842
17019 16826 1:0 17842
17019 22438 1:0 17925
17027 16463 21:0 17030
17028 16858 1:0 17931
17028 22437 1:0 17933
17028 16915 1:0 17936
17031 22435 1:0 17943
17034 16862 1:0 17942
17034 16883 1:0 17945
17034 16897 1:0 17945
17034 16894 1:0 17945
17034 16892 1:0 17945
17034 22423 1:0 17945
17034 117 1:0 17945
17037 16466 21:0 17061
17054 22405 1:0 17973
17055 17093 1:0 17973
17062 16865 1:0 17952
17062 113 1:0 17973
17064 16484 21:0 17096
17099 16493 21:0 17102
17109 16495 21:0 17112
17119 16498 21:0 17141
17147 16516 21:0 17152
17149 22403 1:0 18056
17150 22404 1:0 18064
17150 16972 1:0 18067
17150 17200 1:0 18067
17158 16520 21:0 17161
17159 16940 1:0 18073
17159 95 1:0 18073
17159 17008 1:0 18073
17159 97 1:0 18073
17159 16951 1:0 18073
17159 16919 1:0 18073
17159 22402 1:0 18074
17159 93 1:0 18076
17159 22390 1:0 18076
17159 22371 1:0 18104
17162 22224 1:0 18104
17165 16922 1:0 18083
17165 16949 1:0 18104
17168 16523 21:0 17192
17170 22372 1:0 18187
17195 16541 21:0 17227
17198 22370 1:0 18194
17198 16976 1:0 18198
17230 16550 21:0 17233
17240 16552 21:0 17243
17250 16555 21:0 17272
17278 16573 21:0 17283
17280 17036 1:0 18198
17281 22369 1:0 18205
17281 16997 1:0 18207
17281 22357 1:0 18207
17281 79 1:0 18207
17281 81 1:0 18207
17281 16979 1:0 18207
17281 17006 1:0 18207
17281 17011 1:0 18207
17281 22337 1:0 18235
17289 16577 21:0 17292
17290 22341 1:0 18235
17290 17029 1:0 18235
17290 77 1:0 18235
17290 22339 1:0 18318
17296 22338 1:0 18326
17296 65 1:0 18329
17296 17033 1:0 18329
17299 16580 21:0 17323
17317 59 1:0 18335
17317 17122 1:0 18335
17317 17177 1:0 18335
17317 22336 1:0 18336
17317 17054 1:0 18338
17317 63 1:0 18338
17326 16598 21:0 17358
17329 61 1:0 18335
17329 22324 1:0 18338
17329 17065 1:0 18338
17329 22334 1:0 18338
17371 16609 21:0 17374
17381 16612 21:0 17403
17409 16630 21:0 17414
17411 17086 1:0 18366
17411 22305 1:0 18366
17412 17063 1:0 18366
17412 22315 1:0 18366
17412 22306 1:0 18449
17420 16634 21:0 17423
17421 22304 1:0 18456
17421 17143 1:0 18460
17421 22223 1:0 18460
17421 22303 1:0 18467
17421 39 1:0 18469
17424 43 1:0 18466
17424 17125 1:0 18469
17424 17111 1:0 18469
17424 17239 1:0 18820
17427 17090 1:0 18466
17427 22291 1:0 18469
17427 41 1:0 18469
17430 16637 21:0 17454
17432 22272 1:0 18497
17447 22282 1:0 18497
17448 17120 1:0 18497
17448 22289 1:0 18497
17492 16664 21:0 17495
17502 16666 21:0 17505
17512 16669 21:0 17534
17540 16687 21:0 17545
17542 22273 1:0 18580
17543 22271 1:0 18587
17543 22268 1:0 18591
17543 17147 1:0 18591
17551 16691 21:0 17554
17552 17168 1:0 18597
17552 17179 1:0 18597
17552 22270 1:0 18598
17552 22258 1:0 18600
17552 21 1:0 18600
17552 17182 1:0 18600
17552 17150 1:0 18600
17552 23 1:0 18600
17552 338 1:0 18628
17552 22240 1:0 18628
17555 25 1:0 18628
17555 22255 1:0 18628
17560 22238 1:0 18711
17561 16694 21:0 17585
17579 22239 1:0 18719
17588 16712 21:0 17620
17591 22236 1:0 18722
17591 15 1:0 18722
17623 16721 21:0 17626
17633 16723 21:0 17636
17643 16726 21:0 17665
17671 16744 21:0 17676
17673 22237 1:0 18729
17674 17204 1:0 18728
17674 11 1:0 18733
17674 22216 1:0 18734
17674 7 1:0 18734
17674 17225 1:0 18734
17674 9 1:0 18734
17674 17207 1:0 18738
17674 22235 1:0 18739
17674 5 1:0 18747
17674 17234 1:0 18756
17674 22225 1:0 18759
17674 22222 1:0 18759
17682 16748 21:0 17685
17683 22220 1:0 18768
17683 17236 1:0 18810
17683 22215 1:0 18813
17683 3 1:0 18813
17683 339 1:0 18840
17683 319 1:0 20202
17692 16751 21:0 17716
17719 16769 21:0 17751
17754 16778 21:0 17757
17774 16783 21:0 17796
17802 16801 21:0 17807
17813 16805 21:0 17816
17823 16808 21:0 17847
17850 16826 21:0 17882
17885 16835 21:0 17888
17905 16840 21:0 17927
17933 16858 21:0 17938
17944 16862 21:0 17947
17954 16865 21:0 17978
17981 16883 21:0 18013
18016 16892 21:0 18019
18026 16894 21:0 18029
18064 16915 21:0 18069
18075 16919 21:0 18078
18085 16922 21:0 18109
18112 16940 21:0 18144
18147 16949 21:0 18150
18157 16951 21:0 18160
18167 16954 21:0 18189
18195 16972 21:0 18200
18206 16976 21:0 18209
18216 16979 21:0 18240
18243 16997 21:0 18275
18278 17006 21:0 18281
18298 17011 21:0 18320
18326 17029 21:0 18331
18337 17033 21:0 18340
18347 17036 21:0 18371
18409 17063 21:0 18412
18419 17065 21:0 18422
18429 17068 21:0 18451
18457 17086 21:0 18462
18468 17090 21:0 18471
18478 17093 21:0 18502
18505 17111 21:0 18537
18540 17120 21:0 18543
18550 17122 21:0 18553
18560 17125 21:0 18582
18588 17143 21:0 18593
18599 17147 21:0 18602
18609 17150 21:0 18633
18636 17168 21:0 18668
18671 17177 21:0 18674
18681 17179 21:0 18684
18719 17200 21:0 18724
18730 17204 21:0 18733
18740 17207 21:0 18764
18767 17225 21:0 18799
18812 17236 21:0 18815
18838 338 21:0 18856
18856 5 21:0 18860
18859 17239 21:0 18888
18887 3 21:0 18888
18888 23873 21:0 18904
18903 23876 21:0 18904
18903 339 21:0 18904
18903 9 21:0 18904
18903 23871 21:0 18904
18906 23888 21:0 18914
18913 23886 21:0 18914
18913 23866 21:0 18914
18914 23891 21:0 18980
18979 23889 21:0 18985
18984 13 21:0 18990
18989 27 21:0 18990
18989 23893 21:0 18990
18989 21 21:0 18990
18989 23 21:0 18990
18989 29 21:0 18990
18989 25 21:0 18990
18990 23924 21:0 19056
19055 23921 21:0 19061
19060 41 21:0 19061
19060 45 21:0 19061
19060 23942 21:0 19061
19060 43 21:0 19061
19060 39 21:0 19061
19063 23956 21:0 19080
19079 23955 21:0 19132
19131 23922 21:0 19137
19136 23974 21:0 19142
19141 23975 21:0 19142
19141 63 21:0 19142
19141 49 21:0 19142
19141 23933 21:0 19142
19141 59 21:0 19142
19142 23990 21:0 19208
19207 75 21:0 19208
19207 24008 21:0 19208
19207 81 21:0 19208
19207 23992 21:0 19208
19207 57 21:0 19208
19210 24020 21:0 19218
19217 24022 21:0 19268
19267 23923 21:0 19284
19283 24019 21:0 19289
19288 24041 21:0 19289
19288 93 21:0 19289
19288 95 21:0 19289
19288 99 21:0 19289
19288 24038 21:0 19289
19288 24039 21:0 19289
19291 24054 21:0 19312
19311 23954 21:0 19360
19359 117 21:0 19360
19359 97 21:0 19360
19359 111 21:0 19360
19359 24074 21:0 19360
19362 24086 21:0 19370
19369 23957 21:0 19425
19424 23989 21:0 19441
19440 24023 21:0 19446
19445 23987 21:0 19501
19500 23890 21:0 19517
19516 24121 21:0 19522
19521 151 21:0 19522
19521 149 21:0 19522
19521 131 21:0 19522
19521 24107 21:0 19522
19521 24137 21:0 19522
19521 24124 21:0 19522
19521 24140 21:0 19522
19521 133 21:0 19522
19522 24155 21:0 19588
19587 24119 21:0 19593
19592 24056 21:0 19598
19597 24088 21:0 19664
19663 24053 21:0 19669
19668 24089 21:0 19674
19673 24021 21:0 19740
19739 23988 21:0 19745
19744 24120 21:0 19750
19749 24153 21:0 19816
19815 24186 21:0 19821
19820 24152 21:0 19826
19825 24055 21:0 19892
19891 24087 21:0 19897
19896 24218 21:0 19902
19901 24187 21:0 19968
19967 24185 21:0 19973
19972 24122 21:0 19978
19977 24188 21:0 20044
20043 24251 21:0 20049
20048 24219 21:0 20054
20053 24254 21:0 20120
20119 24221 21:0 20125
20124 24253 21:0 20130
20129 24252 21:0 20196
20195 24154 21:0 20201
20200 24220 21:0 20206
20205 24284 21:0 20259
20255 16231 1:0 20263
20256 16235 1:0 20274
20256 16238 1:0 20284
20256 16256 1:0 20311
20256 16265 1:0 20346
20256 16267 1:0 20356
20258 24320 21:0 20262
20260 16270 1:0 20366
20261 24318 21:0 20273
20267 16288 1:0 20394
20267 16292 1:0 20405
20267 16295 1:0 20415
20267 16313 1:0 20442
20267 16322 1:0 20477
20267 16324 1:0 20487
20267 16327 1:0 20497
20267 16345 1:0 20525
20268 16349 1:0 20536
20268 16352 1:0 20546
20268 16370 1:0 20573
20268 16381 1:0 20618
20268 16402 1:0 20656
20268 16406 1:0 20667
20272 24285 21:0 20279
20278 24287 21:0 20282
20281 24319 21:0 20364
20363 24286 21:0 20393
20365 16409 1:0 20677
20365 16436 1:0 20691
20365 16441 1:0 20691
20365 24319 1:0 20698
20365 16427 1:0 20698
20365 16438 1:0 20698
20365 24320 1:0 20781
20365 16459 1:0 20787
20365 24318 1:0 20788
20392 24317 21:0 20401
20400 24462 21:0 20401
20400 24065 21:0 20401
20400 23946 21:0 20404
20402 16463 1:0 20798
20402 24317 1:0 20799
20402 16466 1:0 20808
20402 16498 1:0 20822
20402 16484 1:0 20822
20402 16493 1:0 20822
20402 24286 1:0 20829
20402 16495 1:0 20829
20402 24287 1:0 20912
20402 16516 1:0 20918
20402 24285 1:0 20919
20402 16520 1:0 20929
20402 24284 1:0 20930
20402 16523 1:0 20939
20402 16550 1:0 20953
20402 16541 1:0 20953
20402 16552 1:0 20960
20402 24252 1:0 20960
20402 16555 1:0 20960
20402 24254 1:0 21043
20402 24253 1:0 21051
20403 24012 21:0 20404
20403 23913 21:0 20404
20403 11 21:0 20410
20405 16573 1:0 21049
20408 16577 1:0 21060
20408 24251 1:0 21061
20408 16580 1:0 21070
20408 16612 1:0 21084
20408 24220 1:0 21091
20408 16598 1:0 21091
20409 16288 21:0 20410
20409 16238 21:0 20410
20409 16292 21:0 20413
20411 16609 1:0 21091
20412 16231 21:0 20413
20412 16265 21:0 20413
20412 16235 21:0 20413
20414 24221 1:0 21174
20414 16630 1:0 21180
20414 24219 1:0 21181
20417 16295 21:0 20441
20435 24218 1:0 21192
20440 135 21:0 20441
20440 319 21:0 20482
20442 16634 1:0 21191
20481 16313 21:0 20489
20488 16270 21:0 20492
20499 16327 21:0 20521
20527 16345 21:0 20532
20529 16637 1:0 21201
20529 16664 1:0 21215
20529 24188 1:0 21222
20529 16669 1:0 21222
20529 16666 1:0 21222
20530 24187 1:0 21305
20530 24186 1:0 21312
20538 16349 21:0 20541
20539 16687 1:0 21311
20539 16691 1:0 21322
20539 24185 1:0 21323
20539 21 1:0 21325
20539 81 1:0 21325
20545 16694 1:0 21332
20545 16783 1:0 21335
20545 16712 1:0 21335
20545 16723 1:0 21346
20545 16721 1:0 21353
20545 24154 1:0 21353
20545 16726 1:0 21353
20548 16352 21:0 20572
20566 24155 1:0 21436
20575 16370 21:0 20607
20610 16379 21:0 20613
20630 16384 21:0 20652
20658 16402 21:0 20663
20660 16744 1:0 21442
20660 24153 1:0 21443
20660 16748 1:0 21447
20661 16769 1:0 21453
20661 151 1:0 21453
20661 16778 1:0 21453
20661 117 1:0 21453
20661 24152 1:0 21454
20661 24140 1:0 21456
20661 16751 1:0 21456
20661 17125 1:0 21456
20669 16406 21:0 20672
20670 24122 1:0 21484
20670 24124 1:0 21484
20670 24137 1:0 21484
20670 149 1:0 21484
20673 24120 1:0 21567
20678 24121 1:0 21575
20679 16409 21:0 20703
20681 16922 1:0 21578
20696 16801 1:0 21573
20706 16427 21:0 20738
20709 24119 1:0 21585
20709 135 1:0 21587
20741 16436 21:0 20744
20751 16438 21:0 20754
20789 16459 21:0 20794
20791 16840 1:0 21584
20791 16835 1:0 21584
20791 16805 1:0 21584
20791 16826 1:0 21584
20791 24107 1:0 21587
20791 131 1:0 21587
20792 16808 1:0 21594
20792 24087 1:0 21615
20792 16858 1:0 21615
20792 133 1:0 21615
20800 16463 21:0 20803
20801 24089 1:0 21698
20801 24088 1:0 21706
20801 16862 1:0 21709
20801 17093 1:0 21709
20807 16883 1:0 21715
20807 24086 1:0 21716
20807 16892 1:0 21718
20807 16865 1:0 21718
20809 97 1:0 21715
20809 16954 1:0 21715
20809 111 1:0 21718
20809 24074 1:0 21718
20810 16466 21:0 20834
20828 24055 1:0 21746
20840 24065 1:0 21746
20872 16493 21:0 20875
20882 16495 21:0 20885
20920 16516 21:0 20925
20922 16972 1:0 21746
20922 16894 1:0 21746
20923 24056 1:0 21829
20923 16915 1:0 21835
20923 24054 1:0 21836
20923 16919 1:0 21840
20931 16520 21:0 20934
20932 95 1:0 21846
20932 24053 1:0 21847
20932 99 1:0 21849
20932 93 1:0 21849
20932 16949 1:0 21849
20932 16940 1:0 21849
20932 16979 1:0 21849
20932 24041 1:0 21849
20938 24021 1:0 21877
20938 24039 1:0 21877
20938 24038 1:0 21877
20938 16951 1:0 21877
20941 16523 21:0 20965
20959 24023 1:0 21960
20968 16541 21:0 21000
21023 16555 21:0 21045
21051 16573 21:0 21056
21053 24022 1:0 21968
21053 16976 1:0 21971
21053 24019 1:0 21971
21054 24020 1:0 21978
21054 75 1:0 21980
21054 17122 1:0 21980
21054 17011 1:0 21980
21054 24012 1:0 21980
21054 16997 1:0 21980
21054 17006 1:0 21980
21062 16577 21:0 21065
21063 23988 1:0 22008
21063 23992 1:0 22008
21063 17029 1:0 22008
21063 24008 1:0 22008
21063 23990 1:0 22091
21069 23989 1:0 22099
21071 17033 1:0 22102
21072 16580 21:0 21096
21074 17147 1:0 22102
21099 16598 21:0 21131
21102 23987 1:0 22109
21134 16607 21:0 21137
21144 16609 21:0 21147
21154 16612 21:0 21176
21182 16630 21:0 21187
21184 17065 1:0 22108
21184 23975 1:0 22111
21184 17068 1:0 22111
21184 63 1:0 22111
21184 59 1:0 22111
21184 57 1:0 22111
21184 17036 1:0 22111
21185 49 1:0 22139
21185 23957 1:0 22139
21185 23974 1:0 22139
21185 17063 1:0 22139
21193 16634 21:0 21196
21194 23955 1:0 22222
21194 17086 1:0 22228
21194 23956 1:0 22230
21194 17090 1:0 22233
21200 41 1:0 22239
21200 17120 1:0 22239
21200 23954 1:0 22240
21200 23942 1:0 22242
21200 23946 1:0 22242
21200 45 1:0 22242
21200 39 1:0 22242
21200 17111 1:0 22242
21203 16637 21:0 21227
21221 23923 1:0 22270
21228 17143 1:0 22270
21230 16655 21:0 21262
21233 23933 1:0 22270
21233 43 1:0 22270
21233 17239 1:0 22593
21265 16664 21:0 21268
21275 16666 21:0 21278
21285 16669 21:0 21307
21313 16687 21:0 21318
21315 23924 1:0 22353
21316 23922 1:0 22360
21316 23913 1:0 22364
21316 17150 1:0 22364
21324 16691 21:0 21327
21325 23921 1:0 22371
21325 27 1:0 22373
21325 17177 1:0 22373
21325 17179 1:0 22373
21325 17168 1:0 22373
21325 23 1:0 22373
21325 29 1:0 22373
21325 25 1:0 22373
21328 23890 1:0 22401
21331 13 1:0 22401
21331 23893 1:0 22401
21334 16694 21:0 21358
21351 23891 1:0 22484
21361 16712 21:0 21393
21364 23889 1:0 22491
21396 16721 21:0 21399
21406 16723 21:0 21409
21416 16726 21:0 21438
21444 16744 21:0 21449
21446 17200 1:0 22490
21447 17204 1:0 22501
21447 23888 1:0 22502
21447 11 1:0 22506
21447 9 1:0 22507
21447 17207 1:0 22507
21447 3 1:0 22507
21447 17225 1:0 22507
21447 23871 1:0 22532
21447 23866 1:0 22532
21455 16748 21:0 21458
21456 23886 1:0 22512
21456 23876 1:0 22532
21456 23873 1:0 22541
21456 5 1:0 22578
21456 17236 1:0 22583
21456 339 1:0 22586
21456 340 1:0 22613
21456 319 1:0 23975
21465 16751 21:0 21489
21492 16769 21:0 21524
21527 16778 21:0 21530
21537 16780 21:0 21540
21547 16783 21:0 21569
21575 16801 21:0 21580
21586 16805 21:0 21589
21596 16808 21:0 21620
21623 16826 21:0 21655
21658 16835 21:0 21661
21668 16837 21:0 21671
21678 16840 21:0 21700
21706 16858 21:0 21711
21717 16862 21:0 21720
21727 16865 21:0 21751
21754 16883 21:0 21786
21789 16892 21:0 21792
21837 16915 21:0 21842
21848 16919 21:0 21851
21858 16922 21:0 21882
21885 16940 21:0 21917
21920 16949 21:0 21923
21940 16954 21:0 21962
21968 16972 21:0 21973
21979 16976 21:0 21982
21989 16979 21:0 22013
22016 16997 21:0 22048
22061 17008 21:0 22064
22071 17011 21:0 22093
22099 17029 21:0 22104
22110 17033 21:0 22113
22120 17036 21:0 22144
22147 17054 21:0 22179
22182 17063 21:0 22185
22192 17065 21:0 22195
22202 17068 21:0 22224
22230 17086 21:0 22235
22241 17090 21:0 22244
22251 17093 21:0 22275
22278 17111 21:0 22310
22333 17125 21:0 22355
22361 17143 21:0 22366
22372 17147 21:0 22375
22382 17150 21:0 22406
22444 17177 21:0 22447
22464 17182 21:0 22486
22492 17200 21:0 22497
22503 17204 21:0 22506
22513 17207 21:0 22537
22575 17234 21:0 22578
22585 17236 21:0 22588
22611 339 21:0 22629
22628 25517 21:0 22666
22665 7 21:0 22666
22665 17239 21:0 22666
22665 25527 21:0 22666
22668 340 21:0 22677
22676 25537 21:0 22677
22676 25525 21:0 22677
22679 25539 21:0 22687
22686 25522 21:0 22687
22686 25518 21:0 22687
22687 25542 21:0 22753
22752 25540 21:0 22758
22757 21 21:0 22758
22757 25560 21:0 22758
22757 25 21:0 22758
22757 9 21:0 22758
22760 25574 21:0 22781
22780 25541 21:0 22829
22828 13 21:0 22834
22833 27 21:0 22834
22833 25564 21:0 22834
22833 39 21:0 22834
22833 43 21:0 22834
22833 41 21:0 22834
22833 25570 21:0 22834
22836 25607 21:0 22857
22856 25605 21:0 22905
22904 25575 21:0 22915
22914 25639 21:0 22929
22928 25638 21:0 22981
22980 25641 21:0 22986
22985 81 21:0 22986
22985 79 21:0 22986
22985 25659 21:0 22986
22985 61 21:0 22988
22988 25672 21:0 23005
23004 25671 21:0 23057
23056 25673 21:0 23062
23061 95 21:0 23062
23061 97 21:0 23062
23061 25692 21:0 23062
23061 77 21:0 23062
23064 25705 21:0 23081
23080 25707 21:0 23133
23132 25704 21:0 23140
23139 25687 21:0 23143
23142 25689 21:0 23143
23142 25597 21:0 23143
23142 113 21:0 23143
23142 115 21:0 23143
23143 25740 21:0 23209
23208 25706 21:0 23214
23213 25737 21:0 23233
23232 25770 21:0 23285
23284 25738 21:0 23290
23289 25803 21:0 23295
23294 25791 21:0 23295
23295 25806 21:0 23361
23360 25805 21:0 23366
23365 25739 21:0 23371
23370 25674 21:0 23437
23436 25608 21:0 23442
23441 25572 21:0 23447
23446 25573 21:0 23513
23512 25772 21:0 23518
23517 25837 21:0 23523
23522 25838 21:0 23589
23588 25839 21:0 23594
23593 25773 21:0 23599
23598 25804 21:0 23665
23664 25836 21:0 23670
23669 25771 21:0 23675
23674 25640 21:0 23741
23740 25905 21:0 23746
23745 25869 21:0 23751
23750 25606 21:0 23817
23816 25871 21:0 23822
23821 25902 21:0 23827
23826 25870 21:0 23893
23892 25904 21:0 23898
23897 25903 21:0 23903
23902 25872 21:0 23969
23968 25968 21:0 23974
23973 25937 21:0 23979
23978 25935 21:0 24032
24028 16231 1:0 24036
24029 16235 1:0 24047
24029 16238 1:0 24057
24029 16265 1:0 24119
24031 25938 21:0 24035
24033 16270 1:0 24139
24034 25936 21:0 24046
24040 16288 1:0 24167
24040 16292 1:0 24178
24040 16295 1:0 24188
24040 16313 1:0 24215
24040 16327 1:0 24270
24040 16345 1:0 24298
24041 16349 1:0 24309
24045 25969 21:0 24052
24051 25970 21:0 24055
24054 26113 21:0 24055
24054 26002 21:0 24137
24136 26004 21:0 24166
24165 26003 21:0 24174
24173 26001 21:0 24177
24175 16352 1:0 24319
24175 26003 1:0 24340
24175 16370 1:0 24340
24175 16384 1:0 24340
24175 16379 1:0 24340
24175 26004 1:0 24423
24175 16402 1:0 24429
24175 26002 1:0 24430
24176 25971 21:0 24186
24178 16406 1:0 24440
24178 26001 1:0 24441
24185 25524 21:0 24186
24185 16265 21:0 24186
24185 87 21:0 24186
24185 16267 21:0 24190
24187 16409 1:0 24450
24187 16438 1:0 24464
24187 16436 1:0 24471
24187 16427 1:0 24471
24187 25971 1:0 24471
24187 25970 1:0 24554
24187 16459 1:0 24560
24187 25969 1:0 24561
24187 16463 1:0 24571
24187 25968 1:0 24572
24187 16466 1:0 24581
24187 16493 1:0 24595
24187 16495 1:0 24602
24187 25936 1:0 24602
24187 25938 1:0 24685
24187 16516 1:0 24691
24187 25937 1:0 24693
24187 16520 1:0 24702
24187 25935 1:0 24703
24187 16523 1:0 24712
24187 25903 1:0 24733
24187 16541 1:0 24733
24187 16555 1:0 24733
24187 25905 1:0 24816
24187 16573 1:0 24822
24187 25904 1:0 24824
24187 25902 1:0 24834
24189 16256 21:0 24211
24189 16577 1:0 24833
24208 16612 1:0 24864
24208 25872 1:0 24864
24210 329 21:0 24211
24210 16270 21:0 24211
24210 16215 21:0 24211
24217 16313 21:0 24249
24220 16580 1:0 24843
24220 16609 1:0 24857
24220 16607 1:0 24864
24220 16598 1:0 24864
24252 16322 21:0 24255
24262 16324 21:0 24265
24272 16327 21:0 24294
24300 16345 21:0 24305
24302 25870 1:0 24947
24303 16630 1:0 24953
24303 25871 1:0 24955
24311 16349 21:0 24314
24312 16634 1:0 24964
24312 25869 1:0 24965
24312 16655 1:0 24977
24312 16669 1:0 24995
24312 25839 1:0 24995
24315 16637 1:0 24974
24315 16664 1:0 24988
24315 16666 1:0 24995
24320 25838 1:0 25078
24348 16370 21:0 24380
24351 16687 1:0 25084
24351 25837 1:0 25085
24383 16379 21:0 24386
24393 16381 21:0 24396
24403 16384 21:0 24425
24431 16402 21:0 24436
24433 25836 1:0 25096
24434 16691 1:0 25095
24434 16694 1:0 25105
24434 16712 1:0 25119
24434 16723 1:0 25119
24434 16721 1:0 25126
24434 16726 1:0 25126
24434 25804 1:0 25126
24442 16406 21:0 24445
24443 25806 1:0 25209
24443 25805 1:0 25217
24446 16744 1:0 25215
24451 25803 1:0 25227
24452 16409 21:0 24476
24454 16748 1:0 25226
24479 16427 21:0 24511
24482 16751 1:0 25236
24482 16769 1:0 25254
24482 25771 1:0 25257
24514 16436 21:0 24517
24524 16438 21:0 24527
24534 16441 21:0 24556
24562 16459 21:0 24567
24564 16783 1:0 25237
24564 16780 1:0 25245
24564 16778 1:0 25254
24564 25791 1:0 25257
24565 25773 1:0 25340
24565 16801 1:0 25346
24565 25772 1:0 25348
24573 16463 21:0 24576
24574 16805 1:0 25357
24574 25770 1:0 25358
24574 25739 1:0 25388
24577 16808 1:0 25367
24577 16840 1:0 25369
24577 16826 1:0 25369
24577 16837 1:0 25381
24577 16835 1:0 25388
24582 25740 1:0 25471
24583 16466 21:0 24607
24608 25738 1:0 25478
24610 16484 21:0 24642
24613 16858 1:0 25477
24645 16493 21:0 24648
24655 16495 21:0 24658
24665 16498 21:0 24687
24693 16516 21:0 24698
24695 25737 1:0 25489
24695 113 1:0 25491
24695 115 1:0 25491
24696 16862 1:0 25488
24696 16883 1:0 25491
24696 16865 1:0 25498
24696 25706 1:0 25519
24696 16972 1:0 25519
24696 16892 1:0 25519
24704 16520 21:0 24707
24705 25707 1:0 25602
24705 25705 1:0 25609
24708 16915 1:0 25608
24711 16919 1:0 25613
24714 16523 21:0 24738
24716 25704 1:0 25620
24716 16940 1:0 25622
24731 16922 1:0 25622
24732 16949 1:0 25619
24732 25692 1:0 25622
24732 16954 1:0 25622
24732 97 1:0 25622
24741 16541 21:0 24773
24776 16550 21:0 24779
24786 16552 21:0 24789
24796 16555 21:0 24818
24824 16573 21:0 24829
24826 95 1:0 25650
24826 25687 1:0 25650
24826 25689 1:0 25650
24826 25674 1:0 25650
24827 25673 1:0 25733
24827 25672 1:0 25740
24835 16577 21:0 24838
24836 87 1:0 25744
24836 16976 1:0 25750
24836 25671 1:0 25751
24842 16979 1:0 25760
24842 77 1:0 25761
24842 17011 1:0 25761
24842 79 1:0 25769
24842 25659 1:0 25774
24842 81 1:0 25774
24842 25640 1:0 25781
24842 16997 1:0 25781
24842 17008 1:0 25781
24845 16580 21:0 24869
24863 25641 1:0 25864
24872 16598 21:0 24904
24907 16607 21:0 24910
24917 16609 21:0 24920
24927 16612 21:0 24949
24955 16630 21:0 24960
24957 17029 1:0 25870
24957 25639 1:0 25871
24958 17033 1:0 25881
24958 25638 1:0 25882
24958 17065 1:0 25884
24958 17068 1:0 25884
24958 61 1:0 25884
24958 17054 1:0 25884
24966 16634 21:0 24969
24967 17036 1:0 25891
24967 17086 1:0 25912
24967 25606 1:0 25912
24967 17063 1:0 25912
24967 25608 1:0 25995
24973 25607 1:0 26003
24973 17143 1:0 26006
24975 17093 1:0 26006
24976 16637 21:0 25000
25001 25605 1:0 26013
25003 16655 21:0 25035
25006 17090 1:0 26012
25006 39 1:0 26015
25006 41 1:0 26015
25006 17125 1:0 26015
25006 17111 1:0 26015
25038 16664 21:0 25041
25048 16666 21:0 25051
25058 16669 21:0 25080
25086 16687 21:0 25091
25088 25573 1:0 26043
25089 25597 1:0 26028
25089 17147 1:0 26043
25089 43 1:0 26043
25089 25575 1:0 26126
25097 16691 21:0 25100
25098 25574 1:0 26134
25098 25570 1:0 26137
25098 17150 1:0 26137
25104 25572 1:0 26144
25104 25564 1:0 26146
25104 25560 1:0 26146
25104 17177 1:0 26146
25104 21 1:0 26146
25104 17182 1:0 26146
25104 27 1:0 26146
25107 16694 21:0 25131
25124 25541 1:0 26174
25125 13 1:0 26174
25132 25 1:0 26174
25132 17204 1:0 26174
25134 16712 21:0 25166
25169 16721 21:0 25172
25179 16723 21:0 25182
25189 16726 21:0 25211
25217 16744 21:0 25222
25219 25542 1:0 26257
25220 17200 1:0 26263
25220 25540 1:0 26264
25220 17207 1:0 26268
25228 16748 21:0 25231
25229 25539 1:0 26275
25229 25524 1:0 26277
25229 25518 1:0 26280
25229 25522 1:0 26280
25229 25537 1:0 26285
25229 9 1:0 26307
25229 25525 1:0 26308
25229 25517 1:0 26308
25229 7 1:0 26308
25229 25527 1:0 26308
25232 17234 1:0 26346
25232 17236 1:0 26356
25232 340 1:0 26359
25235 17239 1:0 26366
25235 341 1:0 26386
25238 16751 21:0 25262
25265 16769 21:0 25297
25300 16778 21:0 25303
25310 16780 21:0 25313
25320 16783 21:0 25342
25348 16801 21:0 25353
25359 16805 21:0 25362
25369 16808 21:0 25393
25396 16826 21:0 25428
25431 16835 21:0 25434
25441 16837 21:0 25444
25451 16840 21:0 25473
25479 16858 21:0 25484
25490 16862 21:0 25493
25500 16865 21:0 25524
25527 16883 21:0 25559
25562 16892 21:0 25565
25572 16894 21:0 25575
25582 16897 21:0 25604
25610 16915 21:0 25615
25621 16919 21:0 25624
25631 16922 21:0 25655
25658 16940 21:0 25690
25693 16949 21:0 25696
25703 16951 21:0 25706
25713 16954 21:0 25735
25741 16972 21:0 25746
25752 16976 21:0 25755
25762 16979 21:0 25786
25789 16997 21:0 25821
25824 17006 21:0 25827
25834 17008 21:0 25837
25844 17011 21:0 25866
25872 17029 21:0 25877
25883 17033 21:0 25886
25893 17036 21:0 25917
25920 17054 21:0 25952
25955 17063 21:0 25958
25965 17065 21:0 25968
25975 17068 21:0 25997
26014 17090 21:0 26017
26024 17093 21:0 26048
26049 16748 1:0 27688
26049 17093 1:0 27688
26049 16345 1:0 27688
26049 16459 1:0 27724
26051 17111 21:0 26083
26086 17120 21:0 26089
26096 17122 21:0 26099
26106 17125 21:0 26128
26134 17143 21:0 26139
26145 17147 21:0 26148
26155 17150 21:0 26179
26182 17168 21:0 26214
26217 17177 21:0 26220
26227 17179 21:0 26230
26237 17182 21:0 26259
26265 17200 21:0 26270
26276 17204 21:0 26279
26286 17207 21:0 26310
26313 17225 21:0 26345
26348 17234 21:0 26351
26358 17236 21:0 26361
26384 340 21:0 26402
26401 3 21:0 26417
26416 17239 21:0 26434
26433 7 21:0 26434
26433 5 21:0 26434
26434 27176 21:0 26450
26449 27178 21:0 26450
26449 9 21:0 26450
26449 27188 21:0 26450
26449 27177 21:0 26450
26450 11 21:0 26455
26454 27173 21:0 26455
26454 27168 21:0 26455
26457 27191 21:0 26478
26477 27193 21:0 26526
26525 27190 21:0 26536
26535 27211 21:0 26536
26535 27208 21:0 26536
26535 25 21:0 26536
26535 27195 21:0 26536
26535 27 21:0 26536
26535 21 21:0 26536
26535 23 21:0 26536
26536 27226 21:0 26602
26599 27254 21:0 26599
26601 27224 21:0 26607
26606 43 21:0 26607
26606 39 21:0 26607
26606 41 21:0 26607
26606 45 21:0 26607
26606 27244 21:0 26607
26609 27257 21:0 26630
26629 27259 21:0 26678
26677 27256 21:0 26685
26684 27277 21:0 26685
26685 27291 21:0 26702
26701 27289 21:0 26754
26753 27290 21:0 26759
26756 27322 21:0 26756
26758 77 21:0 26759
26758 27310 21:0 26759
26758 81 21:0 26759
26758 61 21:0 26759
26759 87 21:0 26764
26763 13 21:0 26764
26763 79 21:0 26764
26763 27234 21:0 26764
26763 75 21:0 26764
26764 27325 21:0 26830
26829 27292 21:0 26835
26834 27327 21:0 26837
26836 27343 21:0 26837
26837 27357 21:0 26854
26853 27358 21:0 26906
26862 27367 21:0 26862
26905 27366 21:0 26911
26910 57 21:0 26911
26910 113 21:0 26911
26910 95 21:0 26911
26910 93 21:0 26911
26910 27206 21:0 26911
26910 63 21:0 26911
26910 103 21:0 26911
26910 97 21:0 26913
26912 27376 21:0 26913
26913 27390 21:0 26930
26929 27356 21:0 26982
26981 27258 21:0 26992
26991 27389 21:0 27010
27009 27421 21:0 27058
27057 27424 21:0 27068
27060 27454 21:0 27060
27067 27324 21:0 27082
27081 27225 21:0 27134
27133 27391 21:0 27139
27138 27223 21:0 27158
27141 27488 21:0 27141
27157 27422 21:0 27210
27209 27388 21:0 27215
27214 27355 21:0 27234
27231 27531 21:0 27231
27233 27192 21:0 27286
27285 27455 21:0 27291
27290 27456 21:0 27310
27293 27555 21:0 27293
27293 27554 21:0 27293
27296 27556 21:0 27296
27309 27490 21:0 27362
27361 27520 21:0 27367
27364 27586 21:0 27364
27366 27523 21:0 27386
27369 27587 21:0 27369
27369 27588 21:0 27369
27372 27589 21:0 27372
27385 27323 21:0 27438
27437 27521 21:0 27443
27440 27619 21:0 27440
27442 27489 21:0 27462
27445 27620 21:0 27445
27445 27621 21:0 27445
27461 27457 21:0 27514
27505 27624 21:0 27505
27511 27650 21:0 27511
27513 27522 21:0 27519
27516 27652 21:0 27516
27518 27553 21:0 27534
27521 27654 21:0 27521
27521 27653 21:0 27521
27533 27222 21:0 27542
27541 27243 21:0 27579
27578 27347 21:0 27590
27589 27255 21:0 27590
27589 69 21:0 27590
27589 27189 21:0 27595
27592 27685 21:0 27592
27594 83 21:0 27595
27594 27294 21:0 27595
27594 27622 21:0 27600
27597 27687 21:0 27597
27597 27686 21:0 27597
27599 27423 21:0 27666
27600 283 21:0 27600
27600 27688 21:0 27600
27665 27487 21:0 27671
27668 27718 21:0 27668
27670 27655 21:0 27676
27673 27719 21:0 27673
27673 27720 21:0 27673
27675 27175 21:0 27690
27676 27721 21:0 27676
27677 27655 1:0 27745
27689 27169 21:0 27726
27725 221 21:0 27726
27725 115 21:0 27731
27730 225 21:0 27731
27730 203 21:0 27731
27730 201 21:0 27731
27730 185 21:0 27731
27730 27640 21:0 27731
27730 223 21:0 27731
27730 169 21:0 27731
27730 59 21:0 27738
27737 111 21:0 27742
27741 207 21:0 27742
27741 183 21:0 27742
27741 241 21:0 27742
27741 205 21:0 27742
27741 27475 21:0 27742
27741 259 21:0 27742
27741 27541 21:0 27742
27741 257 21:0 27742
27741 237 21:0 27742
27741 133 21:0 27742
27741 275 21:0 27742
27741 151 21:0 27742
27741 129 21:0 27742
27741 135 21:0 27742
27741 167 21:0 27742
27741 147 21:0 27742
27741 27409 21:0 27742
27741 27442 21:0 27742
27741 27607 21:0 27742
27741 255 21:0 27742
27741 149 21:0 27742
27741 27574 21:0 27742
27741 165 21:0 27742
27741 187 21:0 27742
27741 131 21:0 27742
27741 239 21:0 27744
27743 261 21:0 27747
27744 27751 21:0 27744
27746 277 21:0 27747
27746 99 21:0 27747
27746 291 21:0 27747
27746 27706 21:0 27747
27746 293 21:0 27747
27746 295 21:0 27747
27746 279 21:0 27747
27746 273 21:0 27747
27746 27508 21:0 27747
27746 171 21:0 27747
27746 219 21:0 27747
27746 189 21:0 27747
27746 243 21:0 27747
27746 117 21:0 27747
27746 153 21:0 27747
27746 27673 21:0 27747
27746 297 21:0 27752
27746 27487 1:0 27771
27751 313 21:0 27752
27751 353 21:0 27752
27751 27739 21:0 27752
27751 311 21:0 27752
27751 329 1:0 27763
27751 16349 1:0 27771
27751 16694 1:0 27771
27766 16270 1:0 27771
27766 16215 1:0 27771
27772 27764 21:0 27782
27772 27423 1:0 27816
27785 16215 21:0 27802
27801 329 21:0 27815
27817 27622 1:0 27827
27825 16637 1:0 27827
27825 16402 1:0 27827
27828 27553 1:0 27836
27832 27751 1:0 27832
27834 12934 1:0 27836
27834 12928 1:0 27836
27834 16256 1:0 27836
27834 16406 1:0 27836
27837 12935 1:0 27864
27837 12938 1:0 27864
27837 12937 1:0 27864
27862 16267 1:0 27864
27862 311 1:0 27864
27862 353 1:0 27864
27862 12933 1:0 27864
27862 12927 1:0 27864
27862 313 1:0 27864
27862 27739 1:0 27864
27865 12939 1:0 27905
27888 353 21:0 27898
27900 16265 1:0 27902
27900 12929 1:0 27905
27900 12932 1:0 27905
27906 12940 1:0 27918
27916 12930 1:0 27918
27916 12931 1:0 27918
27919 12936 1:0 27985
27961 12930 21:0 27986
27991 12936 21:0 28036
28035 27721 1:0 28035
28035 12939 21:0 28036
28035 12940 21:0 28036
28035 16972 1:0 28037
28035 16577 1:0 28037
28035 16313 1:0 28037
28035 291 1:0 28037
28035 297 1:0 28037
28035 12937 21:0 28039
28038 12935 21:0 28039
28038 12938 21:0 28039
28038 12933 21:0 28044
28038 27522 1:0 28048
28042 27719 1:0 28042
28043 27720 1:0 28043
28043 12927 21:0 28047
28046 12934 21:0 28047
28046 12928 21:0 28047
28046 321 21:0 28047
28046 319 21:0 28047
28046 16463 1:0 28048
28046 27169 1:0 28048
28046 317 21:0 28050
28049 315 21:0 28050
28049 12931 21:0 28050
28049 12932 21:0 28050
28049 12929 21:0 28050
28049 313 21:0 28050
28049 311 21:0 28050
28049 309 21:0 28050
28049 27457 1:0 28057
28053 27718 1:0 28053
28055 13074 1:0 28057
28055 16327 1:0 28057
28055 27175 1:0 28057
28055 13075 1:0 28057
28058 13084 1:0 28085
28058 13087 1:0 28085
28058 13086 1:0 28085
28081 295 1:0 28085
28081 13080 1:0 28085
28081 13081 1:0 28085
28081 353 1:0 28085
28081 27706 1:0 28085
28081 293 1:0 28085
28081 16324 1:0 28085
28082 13082 1:0 28126
28093 16322 1:0 28123
28093 13076 1:0 28126
28093 13079 1:0 28126
28093 13085 1:0 28139
28109 353 21:0 28119
28134 13078 1:0 28139
28134 13077 1:0 28139
28134 13083 1:0 28206
28134 275 1:0 28306
28134 277 1:0 28306
28134 27673 1:0 28306
28134 353 1:0 28306
28134 27574 1:0 28969
28134 27541 1:0 29190
28142 279 1:0 28258
28147 273 1:0 28258
28147 16384 1:0 28258
28147 13221 1:0 28278
28162 27173 1:0 28258
28163 16409 1:0 28258
28182 13077 21:0 28207
28212 13083 21:0 28257
28223 27489 1:0 28269
28256 27688 1:0 28256
28256 13082 21:0 28257
28256 13085 21:0 28257
28256 13084 21:0 28260
28258 283 1:0 28258
28259 13087 21:0 28260
28259 13086 21:0 28260
28259 13081 21:0 28265
28263 27686 1:0 28263
28264 27687 1:0 28264
28264 13080 21:0 28268
28265 16979 1:0 28269
28265 16919 1:0 28269
28265 13228 1:0 28278
28266 27521 1:0 28278
28266 16370 1:0 28278
28266 16744 1:0 28278
28267 301 21:0 28268
28267 13075 21:0 28268
28267 13076 21:0 28268
28267 13078 21:0 28268
28267 13074 21:0 28268
28267 303 21:0 28268
28267 13079 21:0 28271
28269 303 1:0 1420
28269 301 1:0 1425
28269 309 1:0 1439
28269 311 1:0 1443
28269 313 1:0 1447
28269 315 1:0 1477
28269 317 1:0 1491
28269 321 1:0 1496
28269 319 1:0 1501
28272 16381 1:0 28306
28274 27685 1:0 28274
28275 13222 1:0 28306
28275 13234 1:0 28306
28275 13233 1:0 28306
28275 13230 1:0 28306
28275 13227 1:0 28306
28275 16379 1:0 28344
28275 13223 1:0 28347
28275 13225 1:0 28347
28275 13229 1:0 28347
28275 13224 1:0 28360
28275 13226 1:0 28360
28275 13231 1:0 28360
28275 13232 1:0 28437
28275 261 1:0 28479
28275 13375 1:0 28499
28275 257 1:0 28527
28275 259 1:0 28527
28281 255 1:0 28479
28281 16441 1:0 28479
28281 17143 1:0 28479
28281 16922 1:0 28479
28301 27323 1:0 28490
28302 16858 1:0 28490
28314 16976 1:0 28490
28368 27523 1:0 28499
28383 27168 1:0 28499
28384 16427 1:0 28499
28384 13368 1:0 28499
28384 13380 1:0 28527
28385 13381 1:0 28527
28413 13226 21:0 28429
28428 13224 21:0 28435
28434 13223 21:0 28442
28434 13379 1:0 28527
28434 13369 1:0 28527
28436 27640 1:0 28527
28436 16438 1:0 28527
28443 13232 21:0 28478
28443 16436 1:0 28565
28444 13374 1:0 28527
28444 16484 1:0 28700
28444 237 1:0 28700
28477 13231 21:0 28478
28477 13229 21:0 28478
28477 13230 21:0 28481
28480 13234 21:0 28481
28480 13233 21:0 28481
28480 13227 21:0 28489
28484 27653 1:0 28484
28485 27654 1:0 28485
28486 13372 1:0 28568
28486 13371 1:0 28568
28486 13376 1:0 28568
28486 13373 1:0 28581
28486 13370 1:0 28581
28486 13377 1:0 28581
28486 13378 1:0 28657
28486 17029 1:0 28700
28487 16630 1:0 28700
28487 243 1:0 28700
28487 27520 1:0 28711
28487 16862 1:0 28711
28487 13521 1:0 28720
28487 16498 1:0 28720
28487 13522 1:0 28720
28488 13225 21:0 28489
28488 13228 21:0 28489
28488 13221 21:0 28489
28488 13222 21:0 28489
28490 16493 1:0 28748
28495 27652 1:0 28495
28496 16915 1:0 28711
28496 16466 1:0 28720
28496 27490 1:0 28720
28496 13528 1:0 28748
28496 13523 1:0 28748
28502 13525 1:0 28748
28502 13516 1:0 28748
28502 239 1:0 28748
28502 27607 1:0 28748
28502 241 1:0 28748
28502 13515 1:0 28748
28502 16495 1:0 28789
28502 13526 1:0 28789
28502 13520 1:0 28789
28502 13519 1:0 28789
28502 221 1:0 28969
28504 13524 1:0 28802
28504 13517 1:0 28802
28504 13518 1:0 28802
28505 27650 1:0 28505
28507 13527 1:0 28888
28522 225 1:0 28921
28522 16550 1:0 28969
28522 223 1:0 28969
28522 27508 1:0 29411
28523 16808 1:0 28921
28535 219 1:0 28921
28535 16541 1:0 28921
28535 16516 1:0 28921
28589 27456 1:0 28932
28592 27624 1:0 28592
28604 16520 1:0 28932
28605 17200 1:0 28932
28614 13369 21:0 28666
28667 13378 21:0 28699
28667 27455 1:0 28941
28698 13376 21:0 28699
28698 13377 21:0 28699
28698 13380 21:0 28702
28701 13381 21:0 28702
28701 13379 21:0 28702
28701 13374 21:0 28710
28705 27620 1:0 28705
28706 27621 1:0 28706
28707 16555 1:0 28941
28707 16523 1:0 28941
28707 13668 1:0 28941
28707 13662 1:0 28941
28707 13671 1:0 28969
28707 13674 1:0 28969
28707 13669 1:0 28969
28708 13663 1:0 28969
28708 13670 1:0 28969
28708 13666 1:0 29010
28708 13665 1:0 29010
28708 16552 1:0 29010
28708 13673 1:0 29010
28708 13675 1:0 29023
28708 13664 1:0 29023
28708 13667 1:0 29023
28708 13672 1:0 29099
28708 201 1:0 29142
28708 17036 1:0 29142
28708 16573 1:0 29142
28708 203 1:0 29190
28708 16607 1:0 29190
28708 205 1:0 29190
28709 13370 21:0 28710
28709 13373 21:0 28710
28709 13375 21:0 28710
28709 13371 21:0 28710
28709 13372 21:0 28710
28709 13368 21:0 28710
28716 27619 1:0 28716
28717 207 1:0 29142
28717 16598 1:0 29142
28717 16805 1:0 29153
28717 17090 1:0 29153
28717 27192 1:0 29153
28717 13816 1:0 29162
28717 13809 1:0 29162
28723 27355 1:0 29162
28725 16580 1:0 29162
28728 16612 1:0 29162
28728 13810 1:0 29190
28728 16609 1:0 29231
28743 13820 1:0 29190
28744 13822 1:0 29190
28756 13817 1:0 29190
28756 13815 1:0 29190
28756 13818 1:0 29231
28756 13814 1:0 29231
28756 13812 1:0 29231
28797 13813 1:0 29244
28797 13821 1:0 29244
28797 13811 1:0 29244
28797 16669 1:0 29363
28797 189 1:0 29363
28797 187 1:0 29411
28805 13963 1:0 29383
28810 13819 1:0 29320
28825 16865 1:0 29363
28826 16634 1:0 29363
28826 183 1:0 29363
28826 13957 1:0 29383
28835 13516 21:0 28887
28886 13518 21:0 28895
28898 13527 21:0 28920
28919 27589 1:0 28919
28919 13524 21:0 28920
28919 13526 21:0 28923
28922 13528 21:0 28923
28922 13523 21:0 28923
28922 13525 21:0 28928
28926 27587 1:0 28926
28927 27588 1:0 28927
28927 13515 21:0 28931
28928 27388 1:0 29374
28928 17207 1:0 29374
28928 16801 1:0 29374
28929 27422 1:0 29383
28929 83 1:0 29383
28929 16655 1:0 29383
28929 13965 1:0 29411
28929 13966 1:0 29411
28929 13967 1:0 29411
28929 13956 1:0 29411
28930 13521 21:0 28931
28930 13520 21:0 28931
28930 13519 21:0 28931
28930 13522 21:0 28931
28930 13517 21:0 28931
28937 27586 1:0 28937
28938 185 1:0 29411
28938 16664 1:0 29411
28938 13962 1:0 29411
28938 13960 1:0 29452
28938 16666 1:0 29452
28938 13961 1:0 29452
28938 13968 1:0 29452
28938 13964 1:0 29465
28938 13959 1:0 29465
28938 13958 1:0 29465
28938 13969 1:0 29552
28938 27294 1:0 29584
28938 16712 1:0 29584
28938 16687 1:0 29584
28938 165 1:0 29584
28938 171 1:0 29584
28938 14109 1:0 29604
28938 14103 1:0 29604
28944 27391 1:0 29595
28946 16691 1:0 29595
28949 27189 1:0 29595
28977 27225 1:0 29604
29018 27255 1:0 29604
29018 16726 1:0 29604
29018 27475 1:0 29632
29018 16723 1:0 29632
29018 169 1:0 29632
29018 14110 1:0 29632
29018 167 1:0 29632
29018 16721 1:0 29670
29018 14107 1:0 29673
29026 14104 1:0 29632
29031 14114 1:0 29632
29046 14115 1:0 29632
29047 14116 1:0 29632
29047 14112 1:0 29673
29048 14105 1:0 29673
29048 14250 1:0 29825
29048 27442 1:0 29853
29048 16778 1:0 29853
29048 149 1:0 29853
29048 151 1:0 29853
29056 13663 21:0 29108
29097 14111 1:0 29686
29097 14106 1:0 29686
29097 14108 1:0 29686
29107 14113 1:0 29762
29109 13672 21:0 29141
29109 14251 1:0 29825
29140 27556 1:0 29140
29140 13675 21:0 29141
29140 13673 21:0 29141
29140 13670 21:0 29144
29143 13671 21:0 29144
29143 13674 21:0 29144
29143 13669 21:0 29152
29147 27554 1:0 29147
29148 27555 1:0 29148
29149 69 1:0 29805
29149 27347 1:0 29805
29149 147 1:0 29805
29149 153 1:0 29805
29149 16783 1:0 29805
29149 16769 1:0 29825
29149 14261 1:0 29853
29150 27243 1:0 29816
29150 27222 1:0 29816
29150 27324 1:0 29816
29150 14259 1:0 29853
29151 13666 21:0 29152
29151 13662 21:0 29152
29151 13668 21:0 29152
29151 13664 21:0 29152
29151 13667 21:0 29152
29151 13665 21:0 29152
29159 16751 1:0 29825
29159 27424 1:0 29825
29159 14257 1:0 29853
29159 14256 1:0 29853
29159 14263 1:0 29853
29159 14253 1:0 29894
29159 14262 1:0 29894
29159 16780 1:0 29894
29159 14252 1:0 29894
29159 117 1:0 30023
29159 131 1:0 30074
29165 14255 1:0 29907
29165 14254 1:0 29907
29165 14260 1:0 29907
29165 14258 1:0 29973
29167 27234 1:0 30026
29170 27206 1:0 30026
29170 129 1:0 30026
29170 16840 1:0 30026
29170 135 1:0 30026
29198 27421 1:0 30037
29239 11 1:0 30037
29247 27188 1:0 30037
29250 27531 1:0 29250
29268 27389 1:0 30046
29269 14398 1:0 30046
29269 16826 1:0 30046
29269 14403 1:0 30046
29277 13810 21:0 29329
29318 103 1:0 30046
29328 14409 1:0 30074
29330 13819 21:0 29362
29330 16837 1:0 30074
29330 27409 1:0 30074
29330 133 1:0 30074
29330 16835 1:0 30112
29330 14401 1:0 30115
29361 13821 21:0 29362
29361 13818 21:0 29362
29361 13822 21:0 29365
29364 13817 21:0 29365
29364 13820 21:0 29365
29364 13815 21:0 29373
29370 14404 1:0 30074
29370 14397 1:0 30074
29370 14407 1:0 30074
29370 14408 1:0 30074
29370 14410 1:0 30115
29370 14402 1:0 30115
29370 99 1:0 30244
29370 16892 1:0 30295
29371 14399 1:0 30128
29371 14400 1:0 30128
29371 14406 1:0 30128
29371 14405 1:0 30194
29371 27390 1:0 30252
29371 14550 1:0 30267
29372 13813 21:0 29373
29372 13809 21:0 29373
29372 13816 21:0 29373
29372 13811 21:0 29373
29372 13812 21:0 29373
29372 13814 21:0 29373
29380 21 1:0 30258
29380 16883 1:0 30258
29380 111 1:0 30258
29380 27356 1:0 30258
29380 27358 1:0 30267
29386 16897 1:0 30267
29386 14551 1:0 30267
29386 27366 1:0 30267
29386 14554 1:0 30295
29386 27376 1:0 30295
29386 16894 1:0 30295
29386 115 1:0 30295
29386 113 1:0 30336
29388 14556 1:0 30295
29391 14544 1:0 30295
29391 14553 1:0 30295
29406 14545 1:0 30295
29406 17068 1:0 30465
29406 27343 1:0 30516
29406 95 1:0 30516
29406 16949 1:0 30516
29406 97 1:0 30516
29407 14555 1:0 30336
29407 14548 1:0 30336
29407 14546 1:0 30336
29419 14557 1:0 30349
29419 14547 1:0 30349
29419 14549 1:0 30349
29419 14552 1:0 30415
29488 27357 1:0 30473
29531 13962 21:0 29557
29549 27258 1:0 30479
29558 13969 21:0 29583
29582 13964 21:0 29583
29582 13968 21:0 29586
29585 13967 21:0 29586
29585 13965 21:0 29586
29585 13966 21:0 29590
29589 27488 1:0 29589
29589 13956 21:0 29594
29591 17125 1:0 30479
29591 93 1:0 30479
29591 16940 1:0 30479
29591 27325 1:0 30488
29591 14698 1:0 30488
29592 27327 1:0 30488
29592 16954 1:0 30488
29592 14697 1:0 30488
29592 14692 1:0 30516
29592 14701 1:0 30516
29592 14700 1:0 30516
29592 14702 1:0 30516
29592 14691 1:0 30516
29592 16951 1:0 30557
29592 14693 1:0 30557
29592 14703 1:0 30557
29592 14695 1:0 30557
29592 17011 1:0 30686
29592 14839 1:0 30709
29592 17008 1:0 30737
29592 27310 1:0 30737
29592 77 1:0 30737
29593 13963 21:0 29594
29593 13961 21:0 29594
29593 13957 21:0 29594
29593 13960 21:0 29594
29593 13959 21:0 29594
29593 13958 21:0 29594
29601 14704 1:0 30570
29601 14696 1:0 30570
29601 14694 1:0 30570
29601 14699 1:0 30636
29601 75 1:0 30689
29601 13 1:0 30689
29601 63 1:0 30689
29601 27195 1:0 30689
29601 16997 1:0 30689
29607 87 1:0 30699
29607 27292 1:0 30700
29607 27208 1:0 30700
29628 27290 1:0 30709
29628 81 1:0 30709
29640 27177 1:0 30709
29640 14838 1:0 30709
29640 14845 1:0 30737
29640 79 1:0 30737
29640 14844 1:0 30737
29681 14846 1:0 30737
29681 14851 1:0 30737
29689 17006 1:0 30775
29689 14840 1:0 30778
29689 14843 1:0 30778
29689 17063 1:0 30958
29694 14847 1:0 30737
29709 14850 1:0 30778
29710 14849 1:0 30791
29710 14841 1:0 30791
29710 14842 1:0 30791
29710 57 1:0 30907
29710 14992 1:0 30930
29711 14848 1:0 30867
29719 14104 21:0 29771
29760 14986 1:0 30930
29772 14113 21:0 29804
29803 14112 21:0 29804
29803 14111 21:0 29804
29803 14116 21:0 29807
29806 14114 21:0 29807
29806 14115 21:0 29807
29806 14110 21:0 29815
29812 27291 1:0 30915
29812 27176 1:0 30918
29812 17033 1:0 30918
29813 27289 1:0 30925
29813 17054 1:0 30930
29813 27277 1:0 30958
29813 14985 1:0 30958
29813 14997 1:0 30958
29813 14996 1:0 30958
29813 59 1:0 30958
29813 61 1:0 30958
29813 14991 1:0 30958
29813 17065 1:0 30999
29814 14107 21:0 29815
29814 14105 21:0 29815
29814 14109 21:0 29815
29814 14103 21:0 29815
29814 14108 21:0 29815
29814 14106 21:0 29815
29821 27454 1:0 29821
29822 27259 1:0 30930
29822 14995 1:0 30958
29822 14990 1:0 30999
29822 14998 1:0 30999
29822 14989 1:0 30999
29822 14994 1:0 31012
29822 14987 1:0 31012
29822 14988 1:0 31012
29822 45 1:0 31128
29822 15132 1:0 31151
29828 14993 1:0 31078
29833 27257 1:0 31135
29861 17111 1:0 31142
29861 27256 1:0 31142
29902 27764 1:0 31142
29902 17147 1:0 31151
29902 15133 1:0 31151
29910 39 1:0 31151
29931 27226 1:0 31151
29932 15139 1:0 31179
29932 41 1:0 31179
29932 17122 1:0 31179
29932 27244 1:0 31179
29932 43 1:0 31179
29932 15138 1:0 31179
29963 14254 21:0 29977
29976 14255 21:0 29982
29981 15144 1:0 31179
29983 14258 21:0 30025
29983 17120 1:0 31217
29991 15143 1:0 31179
30024 14262 21:0 30025
30024 14260 21:0 30025
30024 14263 21:0 30028
30027 14261 21:0 30028
30027 14259 21:0 30028
30027 14256 21:0 30033
30032 14257 21:0 30036
30033 15142 1:0 31179
30033 15137 1:0 31220
30033 15136 1:0 31220
30033 15140 1:0 31220
30033 15141 1:0 31233
30033 15134 1:0 31233
30033 15135 1:0 31233
30033 17182 1:0 31349
30033 15286 1:0 31372
30033 15285 1:0 31372
30034 15145 1:0 31320
30034 27224 1:0 31356
30034 17168 1:0 31372
30034 17150 1:0 31372
30034 27211 1:0 31400
30034 25 1:0 31400
30035 14250 21:0 30036
30035 14251 21:0 30036
30035 14252 21:0 30036
30035 14253 21:0 30036
30043 27223 1:0 31363
30043 27 1:0 31363
30043 26113 1:0 31363
30043 27193 1:0 31372
30049 15287 1:0 31400
30049 15289 1:0 31400
30049 15290 1:0 31400
30051 329 1:0 31397
30051 15280 1:0 31400
30051 15279 1:0 31400
30051 17177 1:0 31400
30051 17179 1:0 31400
30051 15282 1:0 31441
30051 23 1:0 31441
30054 15288 1:0 31441
30054 15281 1:0 31441
30069 15292 1:0 31454
30070 15283 1:0 31454
30070 15284 1:0 31454
30070 17225 1:0 31570
30082 15291 1:0 31540
30136 27191 1:0 31577
30136 16215 1:0 31581
30136 9 1:0 31581
30151 17204 1:0 31581
30152 24462 1:0 31581
30174 14399 21:0 30197
30196 14400 21:0 30203
30204 14405 21:0 30246
30212 27190 1:0 31588
30212 17239 1:0 31590
30212 3 1:0 31590
30245 14410 21:0 30246
30245 14406 21:0 30246
30245 14409 21:0 30249
30248 14408 21:0 30249
30248 14407 21:0 30249
30248 14397 21:0 30254
30253 14404 21:0 30257
30254 22811 1:0 31590
30254 21160 1:0 31590
30254 15432 1:0 31590
30254 15433 1:0 31593
30254 19509 1:0 31593
30254 15426 1:0 31593
30254 15427 1:0 31593
30254 334 1:0 31593
30255 17858 1:0 31593
30255 7 1:0 31618
30255 16207 1:0 31621
30255 17236 1:0 31621
30255 27178 1:0 31621
30255 5 1:0 31621
30255 15439 1:0 31621
30255 15434 1:0 31621
30255 15435 1:0 31621
30255 17234 1:0 31659
30255 15431 1:0 31662
30255 15429 1:0 31662
30255 15436 1:0 31662
30255 15437 1:0 31675
30255 15428 1:0 31675
30255 15430 1:0 31675
30256 14401 21:0 30257
30256 14398 21:0 30257
30256 14403 21:0 30257
30256 14402 21:0 30257
30264 15438 1:0 31761
30264 15529 1:0 31763
30264 15528 1:0 31802
30328 27367 1:0 30328
30392 14547 21:0 30417
30416 14549 21:0 30424
30425 14552 21:0 30467
30466 14555 21:0 30467
30466 14557 21:0 30467
30466 14554 21:0 30470
30469 14556 21:0 30470
30469 14553 21:0 30470
30469 14544 21:0 30475
30474 14545 21:0 30478
30477 14548 21:0 30478
30477 14551 21:0 30478
30477 14546 21:0 30478
30477 14550 21:0 30478
30623 14696 21:0 30639
30638 14694 21:0 30645
30646 14699 21:0 30688
30687 14704 21:0 30688
30687 14703 21:0 30688
30687 14701 21:0 30691
30690 14700 21:0 30691
30690 14702 21:0 30691
30690 14692 21:0 30696
30695 14691 21:0 30699
30698 14695 21:0 30699
30698 14698 21:0 30699
30698 14693 21:0 30699
30698 14697 21:0 30699
30705 27322 1:0 30705
30824 14839 21:0 30876
30877 14848 21:0 30909
30908 14850 21:0 30909
30908 14849 21:0 30909
30908 14846 21:0 30912
30911 14851 21:0 30912
30911 14847 21:0 30912
30911 14844 21:0 30920
30919 14840 21:0 30920
30919 14845 21:0 30920
30919 14842 21:0 30920
30919 14841 21:0 30920
30919 14838 21:0 30920
30919 14843 21:0 30920
31055 14988 21:0 31080
31079 14987 21:0 31087
31088 14993 21:0 31130
31129 14998 21:0 31130
31129 14994 21:0 31130
31129 14997 21:0 31133
31132 14996 21:0 31133
31132 14995 21:0 31133
31132 14991 21:0 31138
31137 14985 21:0 31141
31140 14990 21:0 31141
31140 14986 21:0 31141
31140 14992 21:0 31141
31140 14989 21:0 31141
31157 27254 1:0 31157
31299 15138 21:0 31325
31326 15145 21:0 31351
31350 15141 21:0 31351
31350 15140 21:0 31354
31353 15142 21:0 31354
31353 15143 21:0 31354
31353 15144 21:0 31358
31357 15139 21:0 31362
31361 15133 21:0 31362
31361 15132 21:0 31362
31361 15134 21:0 31362
31361 15135 21:0 31362
31361 15136 21:0 31362
31361 15137 21:0 31362
31487 15280 21:0 31539
31538 15283 21:0 31546
31550 15291 21:0 31572
31571 15292 21:0 31572
31571 15288 21:0 31575
31574 15287 21:0 31575
31574 15290 21:0 31575
31574 15289 21:0 31580
31579 15279 21:0 31583
31582 15281 21:0 31583
31582 15285 21:0 31583
31582 15282 21:0 31583
31582 15286 21:0 31583
31582 15284 21:0 31583
31738 15433 21:0 31765
31771 15438 21:0 151
