128 49172 0:0 129
130 49081 0:0 175
130 49070 21:0 183
182 49077 21:0 216
215 49071 21:0 227
226 49076 21:0 227
226 329 21:0 232
1397 49785 21:0 1428
3374 298 21:0 3424
4610 51256 21:0 4643
4651 302 1:0 13453
6733 299 21:0 6783
7969 52727 21:0 8002
8010 303 1:0 16812
10092 300 21:0 10142
11328 54198 21:0 11361
11369 304 1:0 20171
13451 301 21:0 13506
14687 55669 21:0 14720
14728 305 1:0 23530
16810 302 21:0 16865
18046 57140 21:0 18079
18087 306 1:0 26889
20169 303 21:0 20224
21405 58611 21:0 21438
21446 307 1:0 30248
23528 304 21:0 23583
24764 60082 21:0 24797
24805 308 1:0 33607
26887 305 21:0 26942
28123 61553 21:0 28156
28164 309 1:0 36966
30246 306 21:0 30301
31482 63024 21:0 31515
31523 310 1:0 40325
33605 307 21:0 33660
34841 64495 21:0 34874
34882 311 1:0 43684
36964 308 21:0 37019
38200 65966 21:0 38233
38241 312 1:0 47043
40323 309 21:0 40378
41559 67437 21:0 41592
41600 313 1:0 50402
43682 310 21:0 43737
44918 68908 21:0 44951
44959 314 1:0 53761
47041 311 21:0 47096
48277 70379 21:0 48310
48318 315 1:0 57120
50400 312 21:0 50455
51636 71850 21:0 51669
51677 316 1:0 60479
53759 313 21:0 53814
54995 73321 21:0 55028
55036 317 1:0 63838
57118 314 21:0 57173
58354 74792 21:0 58387
58395 318 1:0 67197
60477 315 21:0 60532
61754 319 1:0 70556
63836 316 21:0 63891
65072 77734 21:0 65105
65113 320 1:0 73915
67195 317 21:0 67250
68431 79205 21:0 68464
68472 321 1:0 77274
70554 318 21:0 70609
71790 80676 21:0 71823
73913 319 21:0 73968
75190 322 1:0 80633
77272 320 21:0 77327
80631 321 21:0 80686
81908 323 1:0 83992
81908 324 1:0 87351
81908 325 1:0 90710
81908 326 1:0 94069
83990 322 21:0 84045
84598 86286 21:0 84674
85267 86286 1:0 86305
87349 323 21:0 87404
88329 87919 21:0 88403
88626 87919 1:0 89027
88627 327 1:0 97428
90708 324 21:0 90763
91313 89227 21:0 91387
91985 89227 1:0 93031
94067 325 21:0 94122
94295 90534 21:0 94371
95344 90534 1:0 97037
95345 328 1:0 100787
97426 326 21:0 97481
97575 91970 21:0 97649
98703 91970 1:0 100534
100785 327 21:0 100840
101385 93638 21:0 101459
102062 93638 1:0 103118
102063 329 1:0 104146
102063 46875 1:0 105014
102063 47021 1:0 105049
102072 47170 1:0 105090
102072 46873 1:0 105125
102072 47024 1:0 105166
102072 47020 1:0 105201
102078 47019 1:0 105206
102078 47022 1:0 105272
102082 47025 1:0 105282
102098 47169 1:0 105348
102098 47313 1:0 105353
102099 47160 1:0 105353
102099 46872 1:0 105358
102111 46871 1:0 105358
102111 46876 1:0 105424
102193 46866 1:0 105424
102193 46878 1:0 105435
102405 49957 21:0 102411
102536 50014 21:0 102542
102687 50076 21:0 102709
102867 50158 21:0 102971
102970 50185 21:0 102971
102970 50176 21:0 102971
102970 50187 21:0 102971
103725 50529 21:0 103728
103735 50532 21:0 103757
103856 50586 21:0 103859
103858 50575 21:0 103873
103942 50632 21:0 103990
104073 50689 21:0 104121
104144 328 21:0 104199
104198 5 21:0 104199
104198 50703 21:0 104210
104217 94879 21:0 104291
104292 94879 1:0 104973
104362 47 21:0 104372
104440 94977 21:0 104514
104521 95011 21:0 104595
104594 95 21:0 104595
104597 95045 21:0 104671
104670 119 21:0 104676
104675 83 21:0 104742
104741 95054 21:0 104747
104823 159 21:0 104878
104877 167 21:0 104878
104883 171 21:0 104894
104895 171 1:0 105206
104926 187 21:0 104954
104959 189 21:0 104970
105078 223 21:0 105106
105431 299 1:0 3376
105431 300 1:0 6735
105431 301 1:0 10094
105432 46877 1:0 105444
105432 46870 1:0 105523
105432 46874 1:0 105532
105432 46865 1:0 105532
105432 46867 1:0 105562
105432 47166 1:0 105645
105441 47172 1:0 105656
105441 47167 1:0 105665
105441 47013 1:0 105690
105441 47012 1:0 105690
105441 47014 1:0 105690
105441 47023 1:0 105824
105441 49957 1:0 105886
105447 47168 1:0 105874
105449 47171 1:0 105883
105449 47159 1:0 105886
105451 47162 1:0 105886
105451 47161 1:0 105886
105451 47312 1:0 105911
105452 47164 1:0 105911
105452 47165 1:0 105911
105452 223 1:0 106107
105468 47318 1:0 106084
105480 47317 1:0 106095
105480 47307 1:0 106098
105521 47315 1:0 106107
105529 50014 1:0 106107
105549 47309 1:0 106176
105549 47311 1:0 106186
105549 47314 1:0 106186
105550 47306 1:0 106215
105550 47310 1:0 106235
105550 47316 1:0 106265
105551 47456 1:0 106328
105572 46867 21:0 105601
105600 46874 21:0 105647
105600 47319 1:0 106276
105646 46877 21:0 105658
105652 94977 1:0 106325
105652 50076 1:0 106325
105653 47457 1:0 106328
105653 47454 1:0 106328
105653 47455 1:0 106328
105653 47458 1:0 106353
105653 47460 1:0 106353
105653 47453 1:0 106353
105653 47462 1:0 106477
105653 47604 1:0 106549
105657 46878 21:0 105667
105659 47465 1:0 106412
105659 47459 1:0 106412
105662 47463 1:0 106412
105662 47466 1:0 106412
105662 47461 1:0 106412
105662 47464 1:0 106412
105666 46876 21:0 105727
105668 189 1:0 106537
105668 79205 1:0 106537
105668 159 1:0 106546
105668 77734 1:0 106549
105668 187 1:0 106549
105668 47600 1:0 106574
105670 47606 1:0 106574
105670 47603 1:0 106574
105673 47602 1:0 106633
105673 47612 1:0 106717
105689 47611 1:0 106632
105701 47609 1:0 106632
105701 47610 1:0 106632
105706 47607 1:0 106632
105726 46865 21:0 105746
105742 47601 1:0 106632
105745 46866 21:0 105771
105747 47613 1:0 106632
105755 47608 1:0 106632
105770 46870 21:0 105814
105770 50176 1:0 106758
105770 74792 1:0 106758
105771 50158 1:0 106767
105771 167 1:0 106767
105771 47749 1:0 106767
105772 47748 1:0 106770
105772 47750 1:0 106770
105772 50185 1:0 106770
105772 50187 1:0 106770
105772 47752 1:0 106795
105813 47014 21:0 105830
105821 47747 1:0 106795
105821 47754 1:0 106795
105821 47901 1:0 107016
105830 47023 21:0 105868
105867 47012 21:0 105876
105873 47756 1:0 106854
105873 47758 1:0 106929
105874 47753 1:0 106854
105874 47755 1:0 106854
105874 47760 1:0 106854
105874 47757 1:0 106854
105875 47013 21:0 105876
105875 46871 21:0 105879
105878 46872 21:0 105879
105878 47025 21:0 105888
105880 47900 1:0 107016
105883 47759 1:0 106854
105883 95011 1:0 106991
105883 47895 1:0 107074
105883 47905 1:0 107150
105887 47022 21:0 105962
105889 47899 1:0 107074
105889 47894 1:0 107075
105889 47907 1:0 107075
105889 47906 1:0 107075
105893 47903 1:0 107075
105909 47902 1:0 107075
105910 95054 1:0 107200
105922 47904 1:0 107075
105922 48047 1:0 107212
105961 47019 21:0 105970
105963 119 1:0 107209
105963 48046 1:0 107237
105963 48042 1:0 107237
105963 48041 1:0 107237
105976 48052 1:0 107371
105991 48054 1:0 107296
105992 48053 1:0 107296
106034 47165 21:0 106086
106042 48049 1:0 107296
106085 47159 21:0 106086
106085 47171 21:0 106097
106094 48051 1:0 107296
106094 48050 1:0 107296
106095 48048 1:0 107295
106095 95045 1:0 107433
106095 48193 1:0 107458
106095 48189 1:0 107458
106095 48195 1:0 107458
106095 95 1:0 107679
106096 47168 21:0 106106
106104 48194 1:0 107517
106104 48198 1:0 107517
106104 48188 1:0 107517
106104 48200 1:0 107517
106104 48201 1:0 107602
106105 47167 21:0 106109
106107 48197 1:0 107517
106108 47172 21:0 106198
106110 48199 1:0 107517
106110 48196 1:0 107517
106110 83 1:0 107645
106110 80676 1:0 107651
106112 48341 1:0 107651
106112 48342 1:0 107654
106114 48336 1:0 107679
106114 48340 1:0 107679
106114 48339 1:0 107679
106130 48337 1:0 107738
106130 48348 1:0 107823
106131 48335 1:0 107738
106143 48344 1:0 107737
106184 48346 1:0 107737
106197 48345 1:0 107737
106199 48347 1:0 107737
106213 48343 1:0 107737
106214 47 1:0 107866
106225 47306 21:0 106307
106263 73321 1:0 107872
106263 48488 1:0 107875
106263 48483 1:0 107900
106263 48489 1:0 107900
106273 48487 1:0 107900
106283 48490 1:0 108023
106305 47316 0:0 106307
106306 47319 0:0 106307
106306 47314 21:0 106310
106308 48494 1:0 107959
106309 47315 21:0 106321
106315 48482 1:0 107959
106315 48491 1:0 107959
106315 71850 1:0 108084
106316 48492 1:0 107959
106316 48493 1:0 107959
106316 48495 1:0 107959
106320 47310 21:0 106321
106320 47307 21:0 106327
106322 70379 1:0 108087
106322 68908 1:0 108093
106322 50532 1:0 108093
106325 50529 1:0 108096
106325 67437 1:0 108096
106325 48634 1:0 108121
106325 48635 1:0 108121
106325 48629 1:0 108121
106325 48642 1:0 108180
106325 48637 1:0 108180
106325 48640 1:0 108255
106326 47317 21:0 106330
106329 47312 21:0 106358
106331 48638 1:0 108180
106331 48641 1:0 108180
106333 48630 1:0 108179
106333 48639 1:0 108180
106333 48633 1:0 108180
106335 48636 1:0 108179
106336 65966 1:0 108305
106336 64495 1:0 108308
106351 50575 1:0 108314
106351 63024 1:0 108314
106352 61553 1:0 108317
106352 50586 1:0 108342
106352 48783 1:0 108342
106352 48777 1:0 108342
106357 47166 21:0 106401
106364 48784 1:0 108465
106400 47311 21:0 106409
106405 48789 1:0 108401
106408 47164 21:0 106409
106418 48785 1:0 108401
106434 48787 1:0 108401
106434 48788 1:0 108401
106483 47462 21:0 106531
106484 48781 1:0 108400
106484 48780 1:0 108401
106484 48786 1:0 108401
106494 48776 1:0 108401
106494 48782 1:0 108401
106494 60082 1:0 108526
106494 50703 1:0 108526
106504 58611 1:0 108529
106504 50632 1:0 108535
106504 57140 1:0 108535
106504 49173 1:0 108969
106526 47461 0:0 106528
106526 47463 0:0 106528
106526 47465 0:0 106528
106527 47464 0:0 106528
106527 47459 0:0 106528
106527 47466 0:0 106528
106529 55669 1:0 108538
106529 48929 1:0 108563
106529 48930 1:0 108563
106529 48927 1:0 108563
106529 48933 1:0 108622
106529 48936 1:0 108707
106530 47453 21:0 106539
106536 48924 1:0 108621
106536 48932 1:0 108622
106536 48935 1:0 108622
106537 48928 1:0 108621
106537 48931 1:0 108622
106537 48923 1:0 108622
106537 48934 1:0 108622
106537 54198 1:0 108747
106537 50689 1:0 108747
106538 47460 21:0 106539
106538 47454 21:0 106542
106541 47458 21:0 106542
106541 47318 21:0 106548
106543 52727 1:0 108750
106546 298 1:0 108759
106546 51256 1:0 108759
106546 49076 1:0 108784
106546 49071 1:0 108784
106546 49077 1:0 108822
106546 5 1:0 108822
106546 49070 1:0 108841
106546 49078 1:0 108907
106546 49785 1:0 108926
106546 49172 1:0 108968
106547 47456 21:0 106551
106549 49079 1:0 108908
106550 47160 21:0 106551
106550 47457 21:0 106551
106550 47313 21:0 106573
106552 49080 1:0 108917
106552 49081 1:0 108918
106554 49083 1:0 108926
106557 49082 1:0 108926
106572 47309 21:0 106576
106575 47455 21:0 106576
106575 47162 21:0 106579
106578 47161 21:0 106579
106727 47612 21:0 106752
106747 47613 0:0 106749
106748 47608 0:0 106749
106748 47607 0:0 106749
106748 47611 0:0 106749
106748 47609 0:0 106749
106748 47601 0:0 106749
106748 47610 0:0 106749
106748 47602 0:0 106749
106751 47600 21:0 106760
106759 47604 21:0 106760
106759 47606 21:0 106760
106759 47603 21:0 106760
106759 47169 21:0 106769
106768 47020 21:0 106800
106935 47758 21:0 106973
106968 47759 0:0 106970
106968 47757 0:0 106970
106968 47756 0:0 106970
106969 47755 0:0 106970
106969 47760 0:0 106970
106969 47753 0:0 106970
106972 47747 21:0 106981
106980 47750 21:0 106981
106980 47754 21:0 106981
106980 47752 21:0 106981
106980 47748 21:0 106984
106983 47024 21:0 106993
106992 46873 21:0 107053
107052 47749 21:0 107062
107156 47905 21:0 107194
107189 47904 0:0 107191
107189 47902 0:0 107191
107189 47906 0:0 107191
107189 47903 0:0 107191
107190 47894 0:0 107191
107190 47907 0:0 107191
107190 47899 0:0 107191
107190 47895 0:0 107191
107193 47900 21:0 107202
107201 47901 21:0 107202
107201 47170 21:0 107211
107210 47021 21:0 107228
107377 48052 21:0 107415
107410 48051 0:0 107412
107410 48049 0:0 107412
107410 48053 0:0 107412
107410 48050 0:0 107412
107411 48048 0:0 107412
107411 48054 0:0 107412
107414 48042 21:0 107423
107422 48041 21:0 107423
107422 48047 21:0 107426
107425 48046 21:0 107426
107425 46875 21:0 107432
107608 48201 21:0 107636
107631 48196 0:0 107633
107631 48200 0:0 107633
107631 48199 0:0 107633
107631 48198 0:0 107633
107632 48197 0:0 107633
107632 48188 0:0 107633
107632 48194 0:0 107633
107635 48189 21:0 107644
107643 48193 21:0 107644
107643 48195 21:0 107644
107829 48348 21:0 107857
107852 48345 0:0 107854
107852 48346 0:0 107854
107852 48343 0:0 107854
107852 48344 0:0 107854
107852 48347 0:0 107854
107853 48335 0:0 107854
107853 48337 0:0 107854
107856 48336 21:0 107865
107864 48342 21:0 107865
107864 48340 21:0 107865
107864 48339 21:0 107865
107864 48341 21:0 107868
108033 48490 21:0 108078
108073 48492 0:0 108075
108074 48494 0:0 108075
108074 48491 0:0 108075
108074 48493 0:0 108075
108074 48482 0:0 108075
108074 48495 0:0 108075
108077 48487 21:0 108078
108077 48489 21:0 108086
108085 48483 21:0 108086
108085 48488 21:0 108089
108261 48640 21:0 108299
108294 48641 0:0 108296
108294 48637 0:0 108296
108294 48638 0:0 108296
108295 48642 0:0 108296
108295 48639 0:0 108296
108295 48633 0:0 108296
108295 48636 0:0 108296
108295 48630 0:0 108296
108298 48635 21:0 108307
108306 48629 21:0 108307
108306 48634 21:0 108307
108475 48784 21:0 108520
108515 48788 0:0 108517
108516 48787 0:0 108517
108516 48782 0:0 108517
108516 48776 0:0 108517
108516 48780 0:0 108517
108516 48785 0:0 108517
108516 48781 0:0 108517
108516 48789 0:0 108517
108516 48786 0:0 108517
108519 48783 21:0 108528
108527 48777 21:0 108528
108713 48936 21:0 108741
108736 48934 0:0 108738
108736 48932 0:0 108738
108736 48935 0:0 108738
108736 48933 0:0 108738
108736 48931 0:0 108738
108737 48928 0:0 108738
108737 48923 0:0 108738
108737 48924 0:0 108738
108740 48927 21:0 108741
108740 48929 21:0 108749
108748 48930 21:0 108749
108927 49080 0:0 108957
108937 49082 0:0 108957
108956 49083 0:0 108957
108956 49079 0:0 108957
108956 49078 0:0 108957
108975 49173 21:0 131
