86 15167 0:0 88
87 15163 0:0 88
87 15164 0:0 88
87 15165 0:0 88
87 15168 0:0 88
87 15161 0:0 88
87 15162 0:0 88
87 15155 0:0 88
87 15156 0:0 88
142 15330 21:0 150
149 15332 0:0 150
149 15331 21:0 216
163 15341 0:0 164
198 15342 0:0 200
204 15349 0:0 205
214 15333 0:0 216
218 15363 21:0 226
225 15364 0:0 226
225 15365 21:0 292
280 15382 0:0 281
290 15366 0:0 292
291 15383 0:0 292
291 15394 0:0 292
294 15396 21:0 302
301 15398 0:0 302
301 15395 0:0 302
301 15397 21:0 368
366 15399 0:0 368
367 15416 0:0 368
370 15429 21:0 378
377 15430 0:0 378
377 15431 21:0 444
442 15432 0:0 444
446 15462 21:0 454
453 15463 0:0 454
453 15464 21:0 520
466 15454 0:0 468
508 15480 0:0 509
518 15465 0:0 520
522 15495 21:0 530
529 15496 0:0 530
529 15497 21:0 596
584 15511 0:0 585
594 15498 0:0 596
595 15515 0:0 596
598 15528 21:0 606
605 15530 0:0 606
605 15529 21:0 672
654 15540 0:0 656
660 15547 0:0 661
670 15531 0:0 672
674 15561 21:0 682
681 15562 0:0 682
681 15563 21:0 748
694 15553 0:0 696
736 15579 0:0 737
746 15564 0:0 748
750 15594 21:0 758
757 15595 0:0 758
757 15596 21:0 824
822 15597 0:0 824
826 15627 21:0 834
833 15626 0:0 834
833 15628 0:0 834
833 15629 21:0 900
888 15645 0:0 889
898 15630 0:0 900
899 15632 0:0 900
902 15660 21:0 910
909 15662 0:0 910
909 15661 21:0 976
922 15652 0:0 924
923 15671 0:0 924
958 15672 0:0 960
964 15679 0:0 965
974 15663 0:0 976
975 15680 0:0 976
978 15693 21:0 986
985 15694 0:0 986
985 15695 21:0 1052
1034 15705 0:0 1036
1040 15712 0:0 1041
1050 15696 0:0 1052
1051 15713 0:0 1052
1054 15726 21:0 1062
1061 15728 0:0 1062
1061 15727 21:0 1128
1110 15738 0:0 1112
1116 15742 0:0 1117
1126 15729 0:0 1128
1127 15746 0:0 1128
1130 15759 21:0 1138
1137 15758 0:0 1138
1137 15761 0:0 1138
1137 15760 21:0 1204
1151 15770 0:0 1152
1192 15777 0:0 1193
1202 15762 0:0 1204
1203 15779 0:0 1204
1203 15790 0:0 1204
1206 15792 21:0 1214
1213 15794 0:0 1214
1213 15793 21:0 1280
1262 15804 0:0 1264
1268 15811 0:0 1269
1278 15795 0:0 1280
1282 15825 21:0 1290
1289 15827 0:0 1290
1289 15826 21:0 1356
1302 15817 0:0 1304
1354 15828 0:0 1356
1355 15845 0:0 1356
1358 15858 21:0 1366
1365 15860 0:0 1366
1365 15859 21:0 1432
1430 15861 0:0 1432
1434 15891 21:0 1442
1441 15893 0:0 1442
1441 15892 0:0 1442
1454 15903 21:0 1493
1491 15904 0:0 1493
1493 15910 0:0 1498
1493 15911 0:0 1498
1493 15908 0:0 1498
1500 15897 21:0 1509
1507 15894 0:0 1509
1507 15912 0:0 1509
1508 15923 21:0 1509
1510 15894 1:0 2815
1511 15925 21:0 1519
1518 15924 0:0 1519
1518 15927 0:0 1519
1518 15926 21:0 1585
1531 15917 0:0 1533
1532 15936 0:0 1533
1567 15937 0:0 1569
1573 15943 0:0 1574
1573 15944 0:0 1574
1573 15941 0:0 1574
1583 15928 0:0 1585
1584 15956 0:0 1585
1584 15930 0:0 1585
1584 15945 0:0 1585
1587 15958 21:0 1595
1594 15959 0:0 1595
1594 15957 0:0 1595
1594 15960 21:0 1661
1607 15950 0:0 1609
1608 15969 0:0 1609
1643 15970 0:0 1645
1649 15976 0:0 1650
1649 15974 0:0 1650
1649 15977 0:0 1650
1659 15961 0:0 1661
1660 15963 0:0 1661
1660 15989 0:0 1661
1660 15978 0:0 1661
1663 15991 21:0 1671
1670 15992 0:0 1671
1670 15990 0:0 1671
1670 15993 21:0 1737
1683 15983 0:0 1685
1683 51 0:0 1685
1684 16002 0:0 1685
1719 16003 0:0 1721
1725 16009 0:0 1726
1725 16010 0:0 1726
1725 16007 0:0 1726
1735 15994 0:0 1737
1736 15996 0:0 1737
1736 16011 0:0 1737
1736 16022 0:0 1737
1739 16024 21:0 1747
1740 67 0:0 1742
1746 16025 0:0 1747
1746 71 0:0 1747
1746 16023 0:0 1747
1746 16026 21:0 1813
1759 16016 0:0 1761
1760 16035 0:0 1761
1795 16036 0:0 1797
1801 16043 0:0 1802
1801 16042 0:0 1802
1801 16040 0:0 1802
1811 16027 0:0 1813
1812 16029 0:0 1813
1812 16044 0:0 1813
1812 16055 0:0 1813
1815 16057 21:0 1823
1816 85 0:0 1818
1822 16056 0:0 1823
1822 16058 0:0 1823
1822 16059 21:0 1889
1835 16049 0:0 1837
1836 16068 0:0 1837
1871 16069 0:0 1873
1877 16075 0:0 1878
1877 16076 0:0 1878
1877 16073 0:0 1878
1887 16060 0:0 1889
1888 16077 0:0 1889
1888 16062 0:0 1889
1888 16088 0:0 1889
1891 16090 21:0 1899
1892 103 0:0 1894
1898 16089 0:0 1899
1898 16091 0:0 1899
1898 16092 21:0 1965
1911 16082 0:0 1913
1912 16101 0:0 1913
1947 16102 0:0 1949
1953 16106 0:0 1954
1953 16108 0:0 1954
1953 16109 0:0 1954
1963 16093 0:0 1965
1964 16121 0:0 1965
1964 16110 0:0 1965
1964 16095 0:0 1965
1967 16123 21:0 1975
1974 16122 0:0 1975
1974 16125 0:0 1975
1974 16124 21:0 2041
1987 16115 0:0 1989
2029 16139 0:0 2030
2039 16126 0:0 2041
2040 16143 0:0 2041
2040 16154 0:0 2041
2043 16156 21:0 2051
2044 139 0:0 2046
2050 16157 0:0 2051
2050 143 0:0 2051
2050 16158 21:0 2117
2063 16148 0:0 2065
2064 16167 0:0 2065
2099 16168 0:0 2101
2105 16175 0:0 2106
2115 16159 0:0 2117
2116 16176 0:0 2117
2119 16189 21:0 2127
2126 16191 0:0 2127
2126 16190 21:0 2193
2140 16200 0:0 2141
2175 16201 0:0 2177
2181 16207 0:0 2182
2181 16205 0:0 2182
2191 16192 0:0 2193
2192 16220 0:0 2193
2192 16209 0:0 2193
2195 16222 21:0 2203
2202 16221 0:0 2203
2202 16224 0:0 2203
2202 16223 21:0 2269
2215 16214 0:0 2217
2216 16233 0:0 2217
2257 16240 0:0 2258
2257 16241 0:0 2258
2267 16225 0:0 2269
2268 16242 0:0 2269
2268 16227 0:0 2269
2268 16253 0:0 2269
2271 16255 21:0 2279
2278 16257 0:0 2279
2278 16256 21:0 2345
2327 16267 0:0 2329
2333 16273 0:0 2334
2343 16258 0:0 2345
2344 16286 0:0 2345
2347 16288 21:0 2355
2348 211 0:0 2350
2354 16290 0:0 2355
2354 16289 21:0 2421
2409 16306 0:0 2410
2419 16291 0:0 2421
2423 16321 21:0 2431
2430 16322 0:0 2431
2430 16323 21:0 2497
2495 16324 0:0 2497
2499 16354 21:0 2507
2506 16356 0:0 2507
2506 251 0:0 2507
2506 16355 21:0 2573
2571 16357 0:0 2573
2575 16387 21:0 2583
2582 16388 0:0 2583
2582 16389 21:0 2649
2647 16390 0:0 2649
2651 16420 21:0 2659
2658 16421 0:0 2659
2658 16422 21:0 2725
2671 285 0:0 2673
2723 16423 0:0 2725
2727 16453 21:0 2735
2734 16455 0:0 2735
2734 16454 21:0 2801
2799 16456 0:0 2801
2803 16486 21:0 2811
2810 16487 0:0 2811
2810 16488 21:0 2820
2812 15892 1:0 2821
2812 15893 1:0 2822
2819 16489 21:0 2830
2824 15891 1:0 2831
2825 15861 1:0 2937
2829 16274 21:0 2835
2831 15859 1:0 2943
2833 15860 1:0 2944
2833 15858 1:0 2953
2833 15845 1:0 2981
2834 16299 21:0 2835
2834 16307 21:0 2838
2837 16418 21:0 2838
2839 15828 1:0 3059
2850 340 21:0 2864
2857 15826 1:0 3065
2858 285 1:0 3061
2909 15827 1:0 3066
2914 16161 21:0 2939
2938 16372 21:0 2939
2938 16359 21:0 2942
2941 16260 21:0 2942
2941 16135 21:0 2949
2946 15825 1:0 3075
2947 15817 1:0 3088
2947 15811 1:0 3111
2947 15804 1:0 3137
2947 15795 1:0 3181
2948 16365 21:0 2949
2948 16340 21:0 2952
2951 16155 21:0 2952
2951 16326 21:0 2957
2955 15793 1:0 3187
2955 15794 1:0 3188
2956 16412 21:0 2957
2956 16373 21:0 2960
2958 15792 1:0 3197
2959 16346 21:0 2960
2959 16332 21:0 2983
2961 15790 1:0 3206
2961 15779 1:0 3225
2961 15777 1:0 3233
2979 15762 1:0 3303
2980 15770 1:0 3283
2982 16339 21:0 2986
2991 15760 1:0 3309
3031 15758 1:0 3313
3036 16471 21:0 3061
3060 16472 21:0 3061
3060 16464 21:0 3064
3063 16247 21:0 3064
3063 16385 21:0 3071
3068 15761 1:0 3310
3069 251 1:0 3315
3069 15759 1:0 3319
3069 15746 1:0 3347
3069 15742 1:0 3355
3069 15738 1:0 3381
3070 16320 21:0 3071
3070 16432 21:0 3074
3073 16280 21:0 3074
3077 15729 1:0 3425
3077 15727 1:0 3431
3083 15728 1:0 3432
3190 15726 1:0 3441
3190 15713 1:0 3469
3190 15712 1:0 3477
3190 15705 1:0 3503
3191 15696 1:0 3547
3199 16667 21:0 3201
3199 15694 1:0 3553
3199 15695 1:0 3554
3205 15693 1:0 3563
3205 211 1:0 3567
3209 15680 1:0 3591
3223 15679 1:0 3599
3224 15672 1:0 3625
3312 15663 1:0 3669
3313 15671 1:0 3649
3313 15661 1:0 3675
3321 15662 1:0 3676
3321 15660 1:0 3685
3327 15652 1:0 3698
3327 15645 1:0 3721
3433 16777 21:0 3437
3434 15632 1:0 3775
3434 15630 1:0 3791
3435 15628 1:0 3797
3435 15629 1:0 3798
3435 15626 1:0 3801
3443 15627 1:0 3807
3449 15597 1:0 3913
3467 15596 1:0 3920
3556 15595 1:0 3919
3557 15594 1:0 3929
3557 15579 1:0 3965
3565 15564 1:0 4035
3565 15563 1:0 4042
3575 15562 1:0 4041
3678 143 1:0 4047
3678 15561 1:0 4051
3678 139 1:0 4055
3679 15553 1:0 4064
3679 15547 1:0 4087
3679 15540 1:0 4113
3687 16895 21:0 3689
3687 15531 1:0 4157
3687 15529 1:0 4163
3693 15530 1:0 4164
3711 15528 1:0 4173
3800 15515 1:0 4201
3800 15511 1:0 4209
3801 15498 1:0 4279
3801 15497 1:0 4286
3809 16952 21:0 3811
3809 15496 1:0 4285
3812 15495 1:0 4295
3815 103 1:0 4299
3815 15480 1:0 4331
3818 16955 21:0 3840
3834 15465 1:0 4401
3921 17005 21:0 3925
3922 15464 1:0 4408
3923 15463 1:0 4407
3931 15462 1:0 4417
3931 85 1:0 4421
3931 15454 1:0 4430
3931 15432 1:0 4523
3940 17012 21:0 3962
3941 15431 1:0 4530
4044 15430 1:0 4529
4044 71 1:0 4535
4045 15429 1:0 4539
4045 67 1:0 4543
4045 15416 1:0 4567
4053 15399 1:0 4645
4053 51 1:0 4647
4053 15397 1:0 4651
4063 15398 1:0 4652
4077 15395 1:0 4655
4166 15396 1:0 4661
4167 15394 1:0 4670
4167 15383 1:0 4689
4167 15382 1:0 4697
4175 17123 21:0 4177
4175 15366 1:0 4767
4175 15365 1:0 4774
4181 15364 1:0 4773
4199 15363 1:0 4783
4200 15349 1:0 4819
4288 15342 1:0 4845
4289 15341 1:0 4869
4289 15333 1:0 4889
4289 15331 1:0 4895
4297 15332 1:0 4896
4297 341 1:0 6370
4303 15330 1:0 4905
4409 17233 21:0 4413
4410 16489 1:0 6381
4428 17240 21:0 4450
4663 17351 21:0 4665
5020 17525 21:0 5059
5057 17526 0:0 5059
5059 17533 0:0 5064
5059 17530 0:0 5064
5059 17532 0:0 5064
5066 17519 21:0 5075
5073 17534 0:0 5075
5074 17545 21:0 5075
5077 17547 21:0 5085
5084 17549 0:0 5085
5084 17546 0:0 5085
5084 17548 21:0 5151
5097 17539 0:0 5099
5098 17558 0:0 5099
5133 17559 0:0 5135
5139 17565 0:0 5140
5139 17566 0:0 5140
5139 17563 0:0 5140
5149 17550 0:0 5151
5150 17552 0:0 5151
5150 17578 0:0 5151
5150 17567 0:0 5151
5153 17580 21:0 5161
5160 17582 0:0 5161
5160 17579 0:0 5161
5160 17581 21:0 5227
5173 17572 0:0 5175
5174 17591 0:0 5175
5209 17592 0:0 5211
5215 17596 0:0 5216
5215 17599 0:0 5216
5215 17598 0:0 5216
5225 17583 0:0 5227
5226 17585 0:0 5227
5226 17611 0:0 5227
5226 17600 0:0 5227
5229 17613 21:0 5237
5236 17614 0:0 5237
5236 17612 0:0 5237
5236 17615 21:0 5303
5249 17605 0:0 5251
5250 17624 0:0 5251
5285 17625 0:0 5287
5291 17631 0:0 5292
5291 17632 0:0 5292
5291 17629 0:0 5292
5301 17616 0:0 5303
5302 17633 0:0 5303
5302 17644 0:0 5303
5302 17618 0:0 5303
5305 17646 21:0 5313
5312 17648 0:0 5313
5312 17645 0:0 5313
5312 17647 21:0 5379
5325 17638 0:0 5327
5326 17657 0:0 5327
5361 17658 0:0 5363
5367 17662 0:0 5368
5367 17664 0:0 5368
5367 17665 0:0 5368
5377 17649 0:0 5379
5378 17651 0:0 5379
5381 17679 21:0 5389
5388 17681 0:0 5389
5388 17680 21:0 5455
5453 17682 0:0 5455
5454 17710 0:0 5455
5454 17699 0:0 5455
5457 17712 21:0 5465
5464 17713 0:0 5465
5464 17714 21:0 5531
5477 17704 0:0 5479
5478 17723 0:0 5479
5513 17724 0:0 5515
5519 17731 0:0 5520
5519 17730 0:0 5520
5529 17715 0:0 5531
5530 17717 0:0 5531
5530 17743 0:0 5531
5530 17732 0:0 5531
5533 17745 21:0 5541
5540 17744 0:0 5541
5540 17746 0:0 5541
5540 17747 21:0 5607
5553 17737 0:0 5555
5554 17756 0:0 5555
5589 17757 0:0 5591
5605 17748 0:0 5607
5606 17765 0:0 5607
5606 17750 0:0 5607
5606 17776 0:0 5607
5609 17778 21:0 5617
5616 17779 0:0 5617
5616 17777 0:0 5617
5616 17780 21:0 5683
5629 17770 0:0 5631
5630 17789 0:0 5631
5665 17790 0:0 5667
5671 17797 0:0 5672
5671 17796 0:0 5672
5671 17794 0:0 5672
5681 17781 0:0 5683
5682 17783 0:0 5683
5685 17811 21:0 5693
5692 17813 0:0 5693
5692 17812 21:0 5759
5705 17803 0:0 5707
5741 17823 0:0 5743
5747 17827 0:0 5748
5747 17830 0:0 5748
5747 17829 0:0 5748
5757 17814 0:0 5759
5761 17844 21:0 5769
5768 17846 0:0 5769
5768 17845 21:0 5835
5833 17847 0:0 5835
5837 17877 21:0 5845
5844 17879 0:0 5845
5844 17878 21:0 5911
5909 17880 0:0 5911
5913 17910 21:0 5921
5920 17912 0:0 5921
5920 17911 21:0 5987
5985 17913 0:0 5987
5989 17943 21:0 5997
5996 17944 0:0 5997
5996 17945 21:0 6063
6061 17946 0:0 6063
6065 17976 21:0 6073
6072 17978 0:0 6073
6072 17977 21:0 6139
6137 17979 0:0 6139
6141 18009 21:0 6149
6148 18010 0:0 6149
6148 18011 21:0 6215
6213 18012 0:0 6215
6217 18042 21:0 6225
6224 18043 0:0 6225
6224 18044 21:0 6291
6289 18045 0:0 6291
6293 18075 21:0 6301
6300 18076 0:0 6301
6300 18077 21:0 6367
6365 18078 0:0 6367
6369 18108 21:0 6377
6376 18110 0:0 6377
6376 18109 21:0 6386
6378 16487 1:0 6388
6378 16488 1:0 6389
6385 18111 21:0 6397
6391 16486 1:0 6399
6392 16472 1:0 6429
6392 16471 1:0 6438
6392 16464 1:0 6491
6396 17941 21:0 6403
6398 16456 1:0 6512
6401 16454 1:0 6519
6401 16455 1:0 6520
6402 17798 21:0 6403
6402 17961 21:0 6406
6404 16453 1:0 6530
6404 16432 1:0 6595
6405 17955 21:0 6406
6407 16423 1:0 6643
6420 341 21:0 6434
6428 16422 1:0 6651
6481 16421 1:0 6650
6487 17678 21:0 6514
6513 17728 21:0 6514
6513 17902 21:0 6517
6516 17864 21:0 6517
6516 17698 21:0 6525
6522 16420 1:0 6661
6522 16320 1:0 6666
6522 16412 1:0 6676
6523 16418 1:0 6671
6523 16385 1:0 6745
6523 16390 1:0 6774
6523 16667 1:0 6774
6524 16549 0:0 6525
6524 17959 21:0 6525
6524 17889 21:0 6528
6527 17842 21:0 6528
6527 17843 21:0 6534
6529 16389 1:0 6782
6532 16388 1:0 6781
6532 16387 1:0 6792
6533 17896 21:0 6534
6533 17810 21:0 6537
6535 16339 1:0 6797
6535 16373 1:0 6822
6536 17974 21:0 6537
6536 18029 21:0 6557
6538 16365 1:0 6822
6538 16372 1:0 6831
6538 16359 1:0 6889
6543 16357 1:0 6905
6556 18027 21:0 6565
6566 16355 1:0 6912
6618 17987 21:0 6645
6620 16356 1:0 6913
6644 17882 21:0 6645
6644 18001 21:0 6648
6647 17855 21:0 6648
6647 17764 21:0 6656
6653 16354 1:0 6923
6653 16332 1:0 6928
6654 16346 1:0 6938
6654 16777 1:0 6953
6654 16340 1:0 6962
6654 16326 1:0 7020
6655 18020 21:0 6656
6655 17690 21:0 6659
6657 16324 1:0 7036
6658 17948 21:0 6659
6658 17897 21:0 6665
6663 16322 1:0 7043
6663 16323 1:0 7044
6664 16610 0:0 6665
6664 18100 21:0 6665
6664 17860 21:0 6668
6666 16321 1:0 7054
6666 16307 1:0 7093
6667 17671 21:0 6668
6669 16306 1:0 7093
6669 16291 1:0 7167
6671 16299 1:0 7146
6672 16613 21:0 6696
6697 16289 1:0 7174
6749 17876 21:0 6776
6751 16290 1:0 7175
6775 17856 21:0 6776
6775 17930 21:0 6779
6778 17888 21:0 6779
6784 16288 1:0 7185
6784 16286 1:0 7195
6785 16280 1:0 7200
6785 16895 1:0 7215
6785 16274 1:0 7224
6785 16273 1:0 7224
6785 16267 1:0 7250
6785 16260 1:0 7282
6793 16667 21:0 6796
6794 16258 1:0 7298
6794 16256 1:0 7305
6800 16257 1:0 7306
6821 16255 1:0 7316
6833 16242 1:0 7346
6915 16253 1:0 7326
6915 16247 1:0 7331
6915 16241 1:0 7355
6915 16240 1:0 7355
6916 16233 1:0 7408
6916 16952 1:0 7429
6916 16225 1:0 7429
6925 16227 1:0 7413
6925 16223 1:0 7436
6931 16224 1:0 7437
6931 16221 1:0 7440
6951 16222 1:0 7447
6952 16955 1:0 7456
6964 16209 1:0 7477
7046 16220 1:0 7457
7046 16214 1:0 7462
7046 16207 1:0 7486
7046 16201 1:0 7512
7047 16205 1:0 7486
7047 17005 1:0 7560
7047 16192 1:0 7560
7056 16200 1:0 7539
7056 16190 1:0 7567
7062 16191 1:0 7568
7067 16189 1:0 7578
7082 17012 1:0 7587
7083 16176 1:0 7608
7095 16155 1:0 7662
7177 16175 1:0 7617
7177 16168 1:0 7643
7178 16167 1:0 7670
7178 16161 1:0 7675
7178 16159 1:0 7691
7187 16157 1:0 7698
7187 16158 1:0 7699
7193 16156 1:0 7709
7193 16154 1:0 7719
7195 16143 1:0 7739
7198 16148 1:0 7724
7213 16135 1:0 7774
7214 16139 1:0 7748
7308 17123 1:0 7822
7308 16126 1:0 7822
7309 16124 1:0 7829
7318 16125 1:0 7830
7318 16122 1:0 7833
7318 16123 1:0 7840
7318 16115 1:0 7855
7324 16121 1:0 7850
7324 16110 1:0 7870
7324 16106 1:0 7879
7326 16109 1:0 7879
7329 16108 1:0 7879
7344 16102 1:0 7905
7439 16101 1:0 7932
7439 16095 1:0 7937
7439 16093 1:0 7953
7440 16092 1:0 7961
7448 16952 21:0 7451
7449 16091 1:0 7960
7449 16089 1:0 7964
7449 16090 1:0 7971
7449 16082 1:0 7986
7452 16077 1:0 8001
7455 16088 1:0 7981
7455 16076 1:0 8010
7455 16075 1:0 8010
7457 16073 1:0 8010
7458 16955 0:0 7479
7460 16069 1:0 8036
7475 17233 1:0 8084
7568 17005 21:0 7573
7570 16068 1:0 8063
7570 16062 1:0 8068
7570 16060 1:0 8084
7571 16058 1:0 8091
7571 16059 1:0 8092
7580 16056 1:0 8095
7580 16057 1:0 8102
7580 16055 1:0 8112
7580 16049 1:0 8117
7580 16044 1:0 8132
7586 17240 1:0 8111
7586 16040 1:0 8141
7586 16042 1:0 8141
7588 16043 1:0 8141
7591 16036 1:0 8167
7701 16035 1:0 8194
7701 16029 1:0 8199
7701 16027 1:0 8215
7702 16026 1:0 8223
7711 16025 1:0 8222
7711 16023 1:0 8226
7711 16024 1:0 8233
7711 16016 1:0 8248
7711 16011 1:0 8263
7717 16022 1:0 8243
7717 16010 1:0 8272
7717 16007 1:0 8272
7719 16009 1:0 8272
7722 16003 1:0 8298
7737 17351 1:0 8346
7832 16002 1:0 8325
7832 15996 1:0 8330
7832 15994 1:0 8346
7833 15993 1:0 8354
7833 15990 1:0 8357
7842 15992 1:0 8353
7842 15991 1:0 8364
7842 15983 1:0 8379
7848 15989 1:0 8374
7848 15978 1:0 8394
7848 15970 1:0 8429
7850 15976 1:0 8403
7853 15977 1:0 8403
7868 15974 1:0 8403
7963 15969 1:0 8456
7963 15963 1:0 8461
7963 15961 1:0 8477
7964 15960 1:0 8485
7973 15959 1:0 8484
7973 15957 1:0 8488
7973 15958 1:0 8495
7973 15956 1:0 8505
7979 15950 1:0 8510
7979 15945 1:0 8525
7979 15943 1:0 8534
7981 15937 1:0 8560
7984 15941 1:0 8534
7999 15944 1:0 8534
8094 15936 1:0 8587
8094 15930 1:0 8592
8094 15928 1:0 8608
8095 15926 1:0 8615
8104 15927 1:0 8616
8104 15924 1:0 8619
8104 15925 1:0 8626
8104 15917 1:0 8641
8110 15923 1:0 8636
8110 15912 1:0 8656
8110 15904 1:0 8691
8112 15897 1:0 8710
8115 15908 1:0 8661
8130 15910 1:0 8661
8131 15911 1:0 8661
8143 15903 1:0 8718
8223 17290 21:0 8228
8225 18111 1:0 10104
8226 342 1:0 10108
8354 17347 21:0 8359
8365 17351 21:0 8368
8375 17354 0:0 8396
8627 17465 21:0 8630
8749 19147 21:0 8788
8786 19148 0:0 8788
8788 19155 0:0 8793
8788 19152 0:0 8793
8788 19154 0:0 8793
8795 19141 21:0 8804
8802 19156 0:0 8804
8803 19167 21:0 8804
8806 19169 21:0 8814
8813 19168 0:0 8814
8813 19170 0:0 8814
8813 17 0:0 8814
8813 19171 21:0 8880
8826 19161 0:0 8828
8827 19180 0:0 8828
8862 19181 0:0 8864
8868 19185 0:0 8869
8868 19188 0:0 8869
8868 19187 0:0 8869
8878 19172 0:0 8880
8879 19174 0:0 8880
8879 19200 0:0 8880
8879 19189 0:0 8880
8882 19202 21:0 8890
8889 19203 0:0 8890
8889 19201 0:0 8890
8889 19204 21:0 8956
8902 19194 0:0 8904
8903 19213 0:0 8904
8938 19214 0:0 8940
8944 19221 0:0 8945
8944 19220 0:0 8945
8944 19218 0:0 8945
8954 19205 0:0 8956
8955 19233 0:0 8956
8955 19222 0:0 8956
8955 19207 0:0 8956
8958 19235 21:0 8966
8959 49 0:0 8961
8965 19237 0:0 8966
8965 19234 0:0 8966
8965 19236 21:0 9032
8978 19227 0:0 8980
8979 19246 0:0 8980
9014 19247 0:0 9016
9020 19253 0:0 9021
9020 19251 0:0 9021
9020 19254 0:0 9021
9030 19238 0:0 9032
9031 19266 0:0 9032
9031 19255 0:0 9032
9031 19240 0:0 9032
9034 19268 21:0 9042
9041 19267 0:0 9042
9041 19269 0:0 9042
9041 19270 21:0 9108
9054 19260 0:0 9056
9055 19279 0:0 9056
9090 19280 0:0 9092
9096 19287 0:0 9097
9096 19286 0:0 9097
9096 19284 0:0 9097
9106 19271 0:0 9108
9107 19299 0:0 9108
9107 19288 0:0 9108
9107 19273 0:0 9108
9110 19301 21:0 9118
9117 19303 0:0 9118
9117 19300 0:0 9118
9117 19302 21:0 9184
9130 19293 0:0 9132
9166 19313 0:0 9168
9172 19319 0:0 9173
9172 19317 0:0 9173
9172 19320 0:0 9173
9182 19304 0:0 9184
9183 19306 0:0 9184
9183 19332 0:0 9184
9183 19321 0:0 9184
9186 19334 21:0 9194
9193 19336 0:0 9194
9193 19335 21:0 9260
9206 19326 0:0 9208
9242 19346 0:0 9244
9258 19337 0:0 9260
9259 19339 0:0 9260
9262 19367 21:0 9270
9269 19368 0:0 9270
9269 19369 21:0 9336
9282 19359 0:0 9284
9283 19378 0:0 9284
9318 19379 0:0 9320
9324 19383 0:0 9325
9324 19385 0:0 9325
9334 19370 0:0 9336
9335 19387 0:0 9336
9338 19400 21:0 9346
9339 139 0:0 9341
9345 19401 0:0 9346
9345 19402 21:0 9412
9400 19419 0:0 9401
9400 19418 0:0 9401
9410 19403 0:0 9412
9411 19431 0:0 9412
9411 19405 0:0 9412
9411 19420 0:0 9412
9414 19433 21:0 9422
9415 157 0:0 9417
9421 19432 0:0 9422
9421 19434 0:0 9422
9421 19435 21:0 9488
9434 19425 0:0 9436
9476 19452 0:0 9477
9486 19436 0:0 9488
9487 19438 0:0 9488
9490 19466 21:0 9498
9497 19467 0:0 9498
9497 19468 21:0 9564
9510 19458 0:0 9512
9546 19478 0:0 9548
9562 19469 0:0 9564
9566 19499 21:0 9574
9573 19500 0:0 9574
9573 19501 21:0 9640
9628 19515 0:0 9629
9638 19502 0:0 9640
9639 19530 0:0 9640
9642 19532 21:0 9650
9649 19534 0:0 9650
9649 19533 21:0 9716
9662 19524 0:0 9664
9714 19535 0:0 9716
9718 19565 21:0 9726
9719 229 0:0 9721
9725 19567 0:0 9726
9725 19566 21:0 9792
9790 19568 0:0 9792
9794 19598 21:0 9802
9801 251 0:0 9802
9801 19599 0:0 9802
9801 19600 21:0 9868
9866 19601 0:0 9868
9870 19631 21:0 9878
9877 19632 0:0 9878
9877 19633 21:0 9944
9942 19634 0:0 9944
9946 19664 21:0 9954
9947 283 0:0 9949
9953 19665 0:0 9954
9953 19666 21:0 10020
10018 19667 0:0 10020
10022 19697 21:0 10030
10029 19698 0:0 10030
10029 19699 21:0 10096
10094 19700 0:0 10096
10098 19730 21:0 10106
10105 19731 0:0 10106
10105 19732 21:0 10115
10107 18109 1:0 10117
10107 18110 1:0 10118
10114 19733 21:0 10126
10120 18108 1:0 10128
10121 18100 1:0 10143
10121 18078 1:0 10241
10125 19482 21:0 10132
10127 18077 1:0 10249
10130 16549 1:0 10247
10130 18076 1:0 10248
10130 18075 1:0 10259
10131 19411 21:0 10132
10131 19471 21:0 10135
10134 19656 21:0 10135
10136 18045 1:0 10372
10138 18044 1:0 10380
10149 342 21:0 10163
10169 18043 1:0 10379
10216 19412 21:0 10243
10223 18042 1:0 10390
10242 19551 21:0 10243
10242 19517 21:0 10246
10245 19398 21:0 10246
10245 19577 21:0 10254
10251 16610 1:0 10389
10251 283 1:0 10394
10251 16613 1:0 10395
10251 18020 1:0 10420
10252 18029 1:0 10420
10252 18027 1:0 10429
10252 18012 1:0 10503
10252 16667 1:0 10503
10253 19453 21:0 10254
10253 19584 21:0 10257
10256 19689 21:0 10257
10256 19616 21:0 10263
10261 18010 1:0 10510
10261 18011 1:0 10511
10262 19669 21:0 10263
10262 19614 21:0 10266
10264 18009 1:0 10521
10264 18001 1:0 10536
10265 19477 21:0 10266
10265 19557 21:0 10287
10267 17987 1:0 10613
10267 17979 1:0 10634
10286 19386 21:0 10294
10288 17977 1:0 10641
10300 17978 1:0 10642
10341 251 1:0 10647
10347 19498 21:0 10374
10373 19682 21:0 10374
10373 19504 21:0 10377
10376 19647 21:0 10377
10376 19630 21:0 10385
10382 17976 1:0 10652
10382 17974 1:0 10657
10382 17959 1:0 10682
10383 17955 1:0 10682
10383 17961 1:0 10691
10383 17948 1:0 10749
10383 17946 1:0 10765
10384 19709 21:0 10385
10384 19352 21:0 10388
10387 19576 21:0 10388
10387 19663 21:0 10394
10392 17944 1:0 10772
10392 17945 1:0 10773
10393 19708 21:0 10394
10393 19399 21:0 10397
10395 17943 1:0 10783
10395 17888 1:0 10788
10396 19597 21:0 10397
10398 229 1:0 10787
10398 17941 1:0 10793
10398 17930 1:0 10813
10398 17856 1:0 10867
10398 17876 1:0 10896
10401 16613 21:0 10425
10419 17913 1:0 10896
10472 17911 1:0 10903
10478 19717 21:0 10505
10504 19702 21:0 10505
10504 19662 21:0 10508
10513 17912 1:0 10904
10514 17910 1:0 10914
10514 17897 1:0 10919
10514 17902 1:0 10929
10514 17896 1:0 10944
10523 17889 1:0 10979
10523 17882 1:0 11011
10523 17880 1:0 11027
10529 17878 1:0 11034
10549 17879 1:0 11035
10644 17877 1:0 11045
10644 17860 1:0 11050
10644 17855 1:0 11078
10645 17864 1:0 11075
10645 16952 1:0 11129
10645 17847 1:0 11158
10654 17843 1:0 11158
10654 17845 1:0 11165
10660 17846 1:0 11166
10665 17844 1:0 11176
10680 17842 1:0 11186
10681 16955 1:0 11185
10693 17823 1:0 11241
10775 17827 1:0 11215
10775 17830 1:0 11215
10775 17829 1:0 11215
10775 17810 1:0 11260
10776 17814 1:0 11289
10776 17005 1:0 11289
10785 17812 1:0 11296
10785 17813 1:0 11297
10791 17811 1:0 11307
10793 157 1:0 11311
10796 17803 1:0 11322
10811 17798 1:0 11337
10812 17796 1:0 11346
10824 17797 1:0 11346
10906 17794 1:0 11346
10906 17790 1:0 11372
10907 17789 1:0 11399
10907 17783 1:0 11404
10907 17781 1:0 11420
10916 17779 1:0 11427
10916 17780 1:0 11428
10916 17777 1:0 11431
10922 17778 1:0 11438
10924 139 1:0 11442
10927 17776 1:0 11448
10942 17765 1:0 11468
10943 17770 1:0 11453
10955 17764 1:0 11477
11037 17757 1:0 11503
11038 17756 1:0 11530
11038 17750 1:0 11535
11038 17748 1:0 11551
11047 17746 1:0 11558
11047 17747 1:0 11559
11047 17744 1:0 11562
11053 17745 1:0 11569
11053 17737 1:0 11584
11055 17732 1:0 11599
11056 16898 21:0 11080
11058 17743 1:0 11579
11073 17728 1:0 11608
11074 17731 1:0 11608
11081 17730 1:0 11608
11086 17724 1:0 11634
11168 17715 1:0 11682
11169 17723 1:0 11661
11169 17717 1:0 11666
11169 17714 1:0 11690
11178 17713 1:0 11689
11178 17712 1:0 11700
11184 17710 1:0 11710
11184 17699 1:0 11730
11184 17690 1:0 11730
11186 17704 1:0 11715
11189 17698 1:0 11739
11204 17678 1:0 11813
11299 17682 1:0 11813
11300 17680 1:0 11820
11300 17681 1:0 11821
11309 17679 1:0 11831
11309 17671 1:0 11846
11309 17662 1:0 11870
11309 17665 1:0 11870
11309 17664 1:0 11870
11315 17658 1:0 11896
11315 17290 1:0 11944
11335 17649 1:0 11944
11336 17651 1:0 11928
11348 17657 1:0 11923
11430 17647 1:0 11951
11431 17648 1:0 11952
11431 17645 1:0 11955
11440 17646 1:0 11962
11440 17644 1:0 11972
11440 17638 1:0 11977
11440 17633 1:0 11992
11440 17629 1:0 12001
11440 17632 1:0 12001
11446 17631 1:0 12001
11446 17625 1:0 12027
11446 17351 1:0 12046
11467 17616 1:0 12075
11479 17347 1:0 12075
11561 17624 1:0 12054
11561 17618 1:0 12059
11562 17614 1:0 12082
11562 17615 1:0 12083
11571 17612 1:0 12086
11571 17613 1:0 12093
11571 49 1:0 12097
11571 17354 1:0 12102
11571 17605 1:0 12108
11577 17611 1:0 12103
11577 17600 1:0 12123
11577 17592 1:0 12158
11579 17596 1:0 12132
11582 17599 1:0 12132
11597 17598 1:0 12132
11690 17176 21:0 11695
11692 17591 1:0 12185
11692 17585 1:0 12190
11692 17583 1:0 12206
11693 17581 1:0 12213
11702 17582 1:0 12214
11702 17579 1:0 12217
11702 17580 1:0 12224
11702 17572 1:0 12239
11702 17567 1:0 12254
11708 17578 1:0 12234
11708 17563 1:0 12263
11708 17559 1:0 12289
11710 17566 1:0 12263
11713 17565 1:0 12263
11728 17465 1:0 12337
11821 17233 21:0 11826
11823 17558 1:0 12316
11823 17552 1:0 12321
11823 17550 1:0 12337
11824 17548 1:0 12344
11824 17546 1:0 12348
11833 17549 1:0 12345
11833 17 1:0 12350
11833 17547 1:0 12355
11833 17539 1:0 12370
11839 17545 1:0 12365
11839 17534 1:0 12385
11839 17519 1:0 12439
11841 17526 1:0 12420
11844 17532 1:0 12390
11859 17530 1:0 12390
11860 17533 1:0 12390
11872 17525 1:0 12447
11872 343 1:0 13828
11945 17240 21:0 11946
11954 19733 1:0 13839
11955 19732 1:0 13847
12094 17351 21:0 12097
12345 17461 21:0 12350
12478 20769 21:0 12517
12515 20770 0:0 12517
12517 20777 0:0 12522
12517 20776 0:0 12522
12517 20774 0:0 12522
12524 20763 21:0 12533
12531 20778 0:0 12533
12532 20789 21:0 12533
12535 20791 21:0 12543
12542 20792 0:0 12543
12542 20790 0:0 12543
12542 20793 21:0 12609
12555 20783 0:0 12557
12556 20802 0:0 12557
12591 20803 0:0 12593
12597 20810 0:0 12598
12597 20807 0:0 12598
12597 20809 0:0 12598
12607 20794 0:0 12609
12608 20811 0:0 12609
12608 20822 0:0 12609
12608 20796 0:0 12609
12611 20824 21:0 12619
12618 20823 0:0 12619
12618 20826 0:0 12619
12618 20825 21:0 12685
12631 20816 0:0 12633
12632 20835 0:0 12633
12667 20836 0:0 12669
12673 20842 0:0 12674
12673 20840 0:0 12674
12673 20843 0:0 12674
12683 20827 0:0 12685
12684 20829 0:0 12685
12684 20844 0:0 12685
12684 20855 0:0 12685
12687 20857 21:0 12695
12694 20858 0:0 12695
12694 20856 0:0 12695
12694 20859 21:0 12761
12707 20849 0:0 12709
12708 20868 0:0 12709
12743 20869 0:0 12745
12749 20876 0:0 12750
12749 20873 0:0 12750
12749 20875 0:0 12750
12759 20860 0:0 12761
12760 20877 0:0 12761
12760 20862 0:0 12761
12760 20888 0:0 12761
12763 20890 21:0 12771
12770 20892 0:0 12771
12770 20889 0:0 12771
12770 20891 21:0 12837
12783 20882 0:0 12785
12784 20901 0:0 12785
12819 20902 0:0 12821
12825 20906 0:0 12826
12825 20909 0:0 12826
12825 20908 0:0 12826
12835 20893 0:0 12837
12836 20921 0:0 12837
12836 20910 0:0 12837
12836 20895 0:0 12837
12839 20923 21:0 12847
12846 20924 0:0 12847
12846 20922 0:0 12847
12846 20925 21:0 12913
12859 20915 0:0 12861
12860 20934 0:0 12861
12901 20942 0:0 12902
12911 20926 0:0 12913
12912 20954 0:0 12913
12912 20943 0:0 12913
12915 20956 21:0 12923
12922 20957 0:0 12923
12922 20955 0:0 12923
12922 20958 21:0 12989
12935 20948 0:0 12937
12936 20967 0:0 12937
12971 20968 0:0 12973
12977 20972 0:0 12978
12977 20974 0:0 12978
12977 20975 0:0 12978
12987 20959 0:0 12989
12988 20961 0:0 12989
12988 20976 0:0 12989
12988 20987 0:0 12989
12991 20989 21:0 12999
12998 20991 0:0 12999
12998 20988 0:0 12999
12998 20990 21:0 13065
13011 20981 0:0 13013
13012 21000 0:0 13013
13047 21001 0:0 13049
13053 21008 0:0 13054
13053 21005 0:0 13054
13053 21007 0:0 13054
13063 20992 0:0 13065
13064 21009 0:0 13065
13064 20994 0:0 13065
13064 21020 0:0 13065
13067 21022 21:0 13075
13074 21021 0:0 13075
13074 21024 0:0 13075
13074 21023 21:0 13141
13087 21014 0:0 13089
13088 21033 0:0 13089
13129 21040 0:0 13130
13139 21025 0:0 13141
13140 21027 0:0 13141
13140 21042 0:0 13141
13140 21053 0:0 13141
13143 21055 21:0 13151
13150 21057 0:0 13151
13150 21056 21:0 13217
13163 21047 0:0 13165
13199 21067 0:0 13201
13205 21073 0:0 13206
13205 21074 0:0 13206
13205 21071 0:0 13206
13215 21058 0:0 13217
13216 21075 0:0 13217
13219 21088 21:0 13227
13226 21090 0:0 13227
13226 21089 21:0 13293
13240 21099 0:0 13241
13275 21100 0:0 13277
13281 21104 0:0 13282
13281 21106 0:0 13282
13291 21091 0:0 13293
13292 21093 0:0 13293
13295 21121 21:0 13303
13302 21122 0:0 13303
13302 21123 21:0 13369
13367 21124 0:0 13369
13371 21154 21:0 13379
13378 21156 0:0 13379
13378 21155 21:0 13445
13443 21157 0:0 13445
13447 21187 21:0 13455
13454 21188 0:0 13455
13454 21189 21:0 13521
13519 21190 0:0 13521
13523 21220 21:0 13531
13530 21222 0:0 13531
13530 21221 21:0 13597
13595 21223 0:0 13597
13599 21253 21:0 13607
13606 21255 0:0 13607
13606 21254 21:0 13673
13671 21256 0:0 13673
13675 21286 21:0 13683
13682 21287 0:0 13683
13682 21288 21:0 13749
13747 21289 0:0 13749
13751 21319 21:0 13759
13758 21321 0:0 13759
13758 21320 21:0 13825
13823 21322 0:0 13825
13827 21352 21:0 13835
13834 21354 0:0 13835
13834 21353 21:0 13844
13836 19731 1:0 13846
13843 21355 21:0 13855
13849 19730 1:0 13857
13849 19702 1:0 13887
13849 19717 1:0 13887
13849 19709 1:0 13922
13850 19708 1:0 13949
13850 19700 1:0 13970
13854 21172 21:0 13861
13856 19699 1:0 13978
13859 19698 1:0 13977
13859 19697 1:0 13988
13859 19663 1:0 14018
13860 21041 21:0 13861
13860 21137 21:0 13864
13862 19689 1:0 14003
13862 19682 1:0 14027
13863 21140 21:0 13864
13865 19669 1:0 14085
13865 19667 1:0 14101
13878 343 21:0 13892
13893 19666 1:0 14109
13945 21165 21:0 13972
13947 19665 1:0 14108
13971 20935 21:0 13972
13971 21153 21:0 13975
13974 21060 21:0 13975
13974 21133 21:0 13983
13980 19664 1:0 14119
13980 19662 1:0 14124
13981 16613 1:0 14128
13981 19656 1:0 14134
13981 19647 1:0 14158
13981 19630 1:0 14232
13982 21179 21:0 13983
13982 21173 21:0 13986
13984 19634 1:0 14232
13985 21107 21:0 13986
13985 21113 21:0 13992
13990 19632 1:0 14239
13990 19633 1:0 14240
13991 21166 21:0 13992
13991 21087 21:0 13995
13993 19631 1:0 14250
13994 21038 21:0 13995
13994 21212 21:0 14020
13996 19614 1:0 14280
13996 19616 1:0 14289
13998 19601 1:0 14363
14001 19597 1:0 14363
14019 21285 21:0 14023
14024 19600 1:0 14371
14076 21066 21:0 14103
14078 19599 1:0 14370
14102 21245 21:0 14103
14102 21199 21:0 14106
14105 21034 21:0 14106
14105 21126 21:0 14114
14111 19598 1:0 14381
14111 19584 1:0 14411
14112 19577 1:0 14446
14112 19576 1:0 14473
14112 19568 1:0 14494
14113 21269 21:0 14114
14113 21132 21:0 14117
14116 21205 21:0 14117
14116 21284 21:0 14123
14118 19566 1:0 14501
14121 19567 1:0 14502
14121 19565 1:0 14512
14122 21159 21:0 14123
14122 21291 21:0 14126
14124 19557 1:0 14527
14124 19551 1:0 14551
14125 21344 21:0 14126
14127 19535 1:0 14625
14147 19533 1:0 14632
14242 19534 1:0 14633
14243 19532 1:0 14643
14243 19530 1:0 14653
14243 19524 1:0 14658
14243 19504 1:0 14673
14243 19517 1:0 14682
14252 19515 1:0 14682
14252 19502 1:0 14756
14252 19498 1:0 14756
14258 19501 1:0 14764
14278 19500 1:0 14763
14373 19499 1:0 14774
14373 16898 1:0 14783
14373 19477 1:0 14804
14374 19482 1:0 14813
14374 19478 1:0 14839
14374 19471 1:0 14871
14383 19469 1:0 14887
14383 19468 1:0 14895
14389 19467 1:0 14894
14392 16727 21:0 14416
14394 19466 1:0 14905
14409 19458 1:0 14920
14410 19453 1:0 14935
14417 19452 1:0 14944
14502 16777 21:0 14507
14504 19438 1:0 15002
14504 19436 1:0 15018
14505 19435 1:0 15026
14514 19434 1:0 15025
14514 19432 1:0 15029
14514 19433 1:0 15036
14514 19425 1:0 15051
14514 19420 1:0 15066
14520 19431 1:0 15046
14520 19399 1:0 15066
14520 19412 1:0 15101
14522 19419 1:0 15075
14525 19418 1:0 15075
14635 19411 1:0 15128
14635 19405 1:0 15133
14635 19403 1:0 15149
14636 19402 1:0 15157
14645 19401 1:0 15156
14645 19400 1:0 15167
14645 19398 1:0 15177
14645 19387 1:0 15197
14645 19386 1:0 15206
14651 19383 1:0 15206
14651 19385 1:0 15206
14651 19379 1:0 15232
14672 19370 1:0 15280
14684 19378 1:0 15259
14766 19369 1:0 15288
14767 19368 1:0 15287
14776 19367 1:0 15298
14776 19359 1:0 15313
14776 19352 1:0 15337
14776 19346 1:0 15363
14782 19339 1:0 15395
14782 17176 1:0 15411
14782 19337 1:0 15411
14803 19335 1:0 15418
14897 19336 1:0 15419
14898 19334 1:0 15429
14898 19332 1:0 15439
14898 19326 1:0 15444
14898 19321 1:0 15459
14907 19319 1:0 15468
14907 19320 1:0 15468
14907 19317 1:0 15468
14907 19313 1:0 15494
14907 17233 1:0 15542
14913 19306 1:0 15526
14913 19304 1:0 15542
14933 19302 1:0 15549
14934 19300 1:0 15553
15026 17005 21:0 15031
15028 19303 1:0 15550
15029 19301 1:0 15560
15029 17240 1:0 15569
15029 19299 1:0 15570
15029 19293 1:0 15575
15029 19288 1:0 15590
15037 17009 21:0 15040
15038 19287 1:0 15599
15038 19284 1:0 15599
15038 19286 1:0 15599
15038 19280 1:0 15625
15038 19271 1:0 15673
15041 19273 1:0 15657
15044 19279 1:0 15652
15049 19270 1:0 15681
15064 19267 1:0 15684
15159 19269 1:0 15680
15160 19268 1:0 15691
15160 19266 1:0 15701
15160 19260 1:0 15706
15160 19255 1:0 15721
15160 19254 1:0 15730
15169 19251 1:0 15730
15169 19253 1:0 15730
15169 19247 1:0 15756
15169 19238 1:0 15804
15169 17351 1:0 15804
15175 19246 1:0 15783
15175 19240 1:0 15788
15195 19236 1:0 15811
15288 17119 21:0 15293
15290 19237 1:0 15812
15290 19234 1:0 15815
15291 19235 1:0 15822
15291 19233 1:0 15832
15291 19227 1:0 15837
15291 19222 1:0 15852
15291 19214 1:0 15887
15300 19221 1:0 15861
15300 19218 1:0 15861
15300 19220 1:0 15861
15300 19213 1:0 15914
15300 19205 1:0 15935
15306 19207 1:0 15919
15311 19204 1:0 15943
15419 17176 21:0 15424
15421 19203 1:0 15942
15421 19201 1:0 15946
15422 19202 1:0 15953
15422 19200 1:0 15963
15422 19194 1:0 15968
15422 19189 1:0 15983
15422 19188 1:0 15992
15422 19187 1:0 15992
15431 19185 1:0 15992
15431 19181 1:0 16018
15431 19174 1:0 16050
15431 19172 1:0 16066
15431 17461 1:0 16066
15437 19180 1:0 16045
15442 19171 1:0 16074
15550 17233 21:0 15555
15552 19170 1:0 16073
15552 19168 1:0 16077
15553 19169 1:0 16084
15553 19167 1:0 16094
15553 19161 1:0 16099
15553 19156 1:0 16114
15553 19152 1:0 16119
15553 19148 1:0 16149
15561 17237 21:0 15564
15562 19155 1:0 16119
15562 19154 1:0 16119
15562 19141 1:0 16168
15562 19147 1:0 16176
15562 344 1:0 17557
15565 21355 1:0 17568
15570 21353 1:0 17575
15571 17240 0:0 15592
15812 17347 21:0 15817
16085 17465 21:0 16088
16095 17468 0:0 16116
16207 22391 21:0 16246
16244 22392 0:0 16246
16246 22396 0:0 16251
16246 22398 0:0 16251
16246 22399 0:0 16251
16253 22385 21:0 16262
16260 22400 0:0 16262
16261 22411 21:0 16262
16264 22413 21:0 16272
16271 22412 0:0 16272
16271 22414 0:0 16272
16271 22415 21:0 16338
16284 22405 0:0 16286
16284 15 0:0 16286
16285 22424 0:0 16286
16320 22425 0:0 16322
16326 22429 0:0 16327
16326 22432 0:0 16327
16326 22431 0:0 16327
16336 22416 0:0 16338
16337 22418 0:0 16338
16337 22433 0:0 16338
16337 22444 0:0 16338
16340 22446 21:0 16348
16341 31 0:0 16343
16347 35 0:0 16348
16347 22445 0:0 16348
16347 22447 0:0 16348
16347 22448 21:0 16414
16360 22438 0:0 16362
16361 22457 0:0 16362
16396 22458 0:0 16398
16402 22464 0:0 16403
16402 22465 0:0 16403
16402 22462 0:0 16403
16412 22449 0:0 16414
16413 22477 0:0 16414
16413 22466 0:0 16414
16413 22451 0:0 16414
16416 22479 21:0 16424
16423 53 0:0 16424
16423 22478 0:0 16424
16423 22481 0:0 16424
16423 22480 21:0 16490
16436 22471 0:0 16438
16437 22490 0:0 16438
16472 22491 0:0 16474
16478 22498 0:0 16479
16478 22497 0:0 16479
16478 22495 0:0 16479
16488 22482 0:0 16490
16489 22510 0:0 16490
16489 22484 0:0 16490
16489 22499 0:0 16490
16492 22512 21:0 16500
16493 67 0:0 16495
16499 22511 0:0 16500
16499 22513 0:0 16500
16499 22514 21:0 16566
16512 69 0:0 16514
16512 22504 0:0 16514
16513 22523 0:0 16514
16548 22524 0:0 16550
16554 22528 0:0 16555
16564 22515 0:0 16566
16565 22532 0:0 16566
16565 22543 0:0 16566
16565 22517 0:0 16566
16568 22545 21:0 16576
16575 22544 0:0 16576
16575 22546 0:0 16576
16575 22547 21:0 16642
16630 22563 0:0 16631
16640 22548 0:0 16642
16641 22576 0:0 16642
16641 22565 0:0 16642
16641 22550 0:0 16642
16644 22578 21:0 16652
16651 107 0:0 16652
16651 22579 0:0 16652
16651 22580 21:0 16718
16706 22596 0:0 16707
16706 22594 0:0 16707
16706 22597 0:0 16707
16716 22581 0:0 16718
16717 22598 0:0 16718
16720 22611 21:0 16728
16721 121 0:0 16723
16727 22613 0:0 16728
16727 22612 21:0 16794
16776 22623 0:0 16778
16792 22614 0:0 16794
16793 22631 0:0 16794
16796 22644 21:0 16804
16803 22646 0:0 16804
16803 22645 21:0 16870
16816 141 0:0 16818
16868 22647 0:0 16870
16872 22677 21:0 16880
16873 157 0:0 16875
16879 161 0:0 16880
16879 22678 0:0 16880
16879 22679 21:0 16946
16944 22680 0:0 16946
16948 22710 21:0 16956
16949 175 0:0 16951
16955 22711 0:0 16956
16955 179 0:0 16956
16955 22712 21:0 17022
17020 22713 0:0 17022
17024 22743 21:0 17032
17031 197 0:0 17032
17031 22744 0:0 17032
17031 22745 21:0 17098
17044 195 0:0 17046
17096 22746 0:0 17098
17100 22776 21:0 17108
17101 211 0:0 17103
17107 22777 0:0 17108
17107 215 0:0 17108
17107 22778 21:0 17174
17172 22779 0:0 17174
17176 22809 21:0 17184
17183 22810 0:0 17184
17183 233 0:0 17184
17183 22811 21:0 17250
17248 22812 0:0 17250
17252 22842 21:0 17260
17259 22843 0:0 17260
17259 22844 21:0 17326
17324 22845 0:0 17326
17328 22875 21:0 17336
17335 22876 0:0 17336
17335 22877 21:0 17402
17400 22878 0:0 17402
17404 22908 21:0 17412
17405 283 0:0 17407
17411 22910 0:0 17412
17411 22909 21:0 17478
17476 22911 0:0 17478
17480 22941 21:0 17488
17487 22943 0:0 17488
17487 22942 21:0 17554
17552 22944 0:0 17554
17556 22974 21:0 17564
17563 22976 0:0 17564
17563 22975 21:0 17573
17565 21354 1:0 17576
17572 22977 21:0 17584
17578 21352 1:0 17586
17578 21344 1:0 17601
17579 21322 1:0 17699
17583 22669 21:0 17590
17585 21320 1:0 17706
17588 21321 1:0 17707
17588 21319 1:0 17717
17588 21291 1:0 17801
17588 21285 1:0 17830
17589 22834 21:0 17590
17589 22708 21:0 17593
17592 22788 21:0 17593
17594 21289 1:0 17830
17596 21288 1:0 17838
17607 344 21:0 17621
17627 21287 1:0 17837
17674 22907 21:0 17701
17681 21286 1:0 17848
17700 22828 21:0 17701
17700 22697 21:0 17704
17703 22715 21:0 17704
17703 22537 21:0 17712
17709 283 1:0 17852
17709 21284 1:0 17858
17709 21269 1:0 17887
17710 21256 1:0 17961
17710 21254 1:0 17968
17711 22900 21:0 17712
17711 22688 21:0 17715
17714 22629 21:0 17715
17714 22642 21:0 17721
17719 21255 1:0 17969
17719 21253 1:0 17979
17719 21245 1:0 17994
17719 21159 1:0 18063
17720 22689 21:0 17721
17720 22655 21:0 17724
17723 22792 21:0 17724
17723 22531 21:0 17744
17725 21205 1:0 18092
17725 21223 1:0 18092
17727 21221 1:0 18099
17743 22814 21:0 17752
17746 21222 1:0 18100
17799 21220 1:0 18110
17805 22959 21:0 17832
17807 21199 1:0 18115
17812 16727 1:0 18119
17831 22840 21:0 17832
17831 22702 21:0 17835
17834 22590 21:0 17835
17834 22957 21:0 17843
17840 21212 1:0 18125
17840 16777 1:0 18194
17840 21166 1:0 18223
17841 21190 1:0 18223
17841 21189 1:0 18231
17842 22726 21:0 17843
17842 22774 21:0 17846
17845 22953 21:0 17846
17845 22583 21:0 17852
17850 21188 1:0 18230
17850 233 1:0 18236
17850 21187 1:0 18241
17850 21173 1:0 18246
17850 21153 1:0 18271
17851 22939 21:0 17852
17853 21179 1:0 18256
17853 21172 1:0 18280
17856 21165 1:0 18333
17861 21157 1:0 18354
17969 16663 21:0 17974
17971 21155 1:0 18361
17972 21156 1:0 18362
17972 215 1:0 18367
17972 21154 1:0 18372
17972 21132 1:0 18377
17981 211 1:0 18376
17981 21133 1:0 18402
17981 21140 1:0 18402
17981 21137 1:0 18411
17981 21124 1:0 18485
17987 21126 1:0 18469
17987 195 1:0 18487
18007 21123 1:0 18493
18102 21122 1:0 18492
18102 197 1:0 18498
18103 21121 1:0 18503
18103 21113 1:0 18518
18103 21106 1:0 18542
18103 21107 1:0 18542
18112 21104 1:0 18542
18112 21100 1:0 18568
18112 21093 1:0 18600
18112 21087 1:0 18616
18112 21091 1:0 18616
18118 21099 1:0 18595
18123 21089 1:0 18623
18231 16777 21:0 18236
18233 21090 1:0 18624
18233 179 1:0 18629
18234 21088 1:0 18634
18234 175 1:0 18638
18234 21075 1:0 18664
18234 17009 1:0 18667
18234 21066 1:0 18667
18234 21071 1:0 18673
18243 21073 1:0 18673
18243 21074 1:0 18673
18243 21067 1:0 18699
18243 17005 1:0 18718
18243 21058 1:0 18747
18249 21060 1:0 18731
18254 21056 1:0 18754
18364 21057 1:0 18755
18365 161 1:0 18760
18365 21055 1:0 18765
18365 157 1:0 18769
18365 21042 1:0 18795
18365 21038 1:0 18795
18365 21034 1:0 18795
18374 21053 1:0 18775
18374 21047 1:0 18780
18374 21040 1:0 18804
18374 21041 1:0 18804
18374 21025 1:0 18878
18380 21033 1:0 18857
18380 21027 1:0 18862
18380 141 1:0 18880
18401 21023 1:0 18885
18413 21021 1:0 18889
18493 16891 21:0 18498
18495 21024 1:0 18886
18496 21022 1:0 18896
18496 21020 1:0 18906
18496 21014 1:0 18911
18496 21009 1:0 18926
18505 21008 1:0 18935
18505 21005 1:0 18935
18505 21007 1:0 18935
18505 21001 1:0 18961
18505 20992 1:0 19009
18511 21000 1:0 18988
18511 20994 1:0 18993
18511 17119 1:0 19009
18532 20990 1:0 19016
18624 16948 21:0 18629
18626 20991 1:0 19017
18626 20988 1:0 19020
18627 20989 1:0 19027
18627 121 1:0 19031
18627 20981 1:0 19042
18627 20976 1:0 19057
18636 20987 1:0 19037
18636 20975 1:0 19066
18636 20972 1:0 19066
18636 20974 1:0 19066
18636 20968 1:0 19092
18636 17176 1:0 19140
18642 20961 1:0 19124
18642 20959 1:0 19140
18644 20967 1:0 19119
18675 20958 1:0 19148
18755 17005 21:0 18760
18757 20955 1:0 19151
18758 20957 1:0 19147
18758 107 1:0 19153
18758 20956 1:0 19158
18758 20954 1:0 19168
18767 20948 1:0 19173
18767 20943 1:0 19188
18767 17233 1:0 19188
18767 20942 1:0 19197
18767 20935 1:0 19223
18773 20934 1:0 19250
18773 17237 1:0 19271
18773 20926 1:0 19271
18794 20925 1:0 19279
18886 17062 21:0 18891
18888 20924 1:0 19278
18888 20922 1:0 19282
18889 20923 1:0 19289
18889 17240 1:0 19298
18889 20921 1:0 19299
18889 20910 1:0 19319
18898 20915 1:0 19304
18898 20908 1:0 19328
18898 20906 1:0 19328
18898 20909 1:0 19328
18898 20902 1:0 19354
18904 20901 1:0 19381
18904 20895 1:0 19386
18904 20893 1:0 19402
18906 69 1:0 19404
18937 20891 1:0 19409
19019 20892 1:0 19410
19020 20889 1:0 19413
19020 20890 1:0 19420
19020 67 1:0 19424
19029 20888 1:0 19430
19029 20882 1:0 19435
19029 20877 1:0 19450
19029 20875 1:0 19459
19029 20876 1:0 19459
19029 20873 1:0 19459
19029 20869 1:0 19485
19029 17347 1:0 19533
19037 20860 1:0 19533
19040 20862 1:0 19517
19055 20868 1:0 19512
19141 17126 21:0 19142
19150 20859 1:0 19541
19150 20856 1:0 19544
19151 20858 1:0 19540
19151 20857 1:0 19551
19160 53 1:0 19546
19160 20855 1:0 19561
19160 20849 1:0 19566
19160 20844 1:0 19581
19160 20840 1:0 19590
19160 20843 1:0 19590
19160 20842 1:0 19590
19160 20836 1:0 19616
19168 20827 1:0 19664
19171 20829 1:0 19648
19186 20835 1:0 19643
19281 20825 1:0 19671
19282 20826 1:0 19672
19282 20823 1:0 19675
19282 35 1:0 19677
19291 20824 1:0 19682
19291 31 1:0 19686
19291 20822 1:0 19692
19291 20816 1:0 19697
19291 20811 1:0 19712
19291 20809 1:0 19721
19291 20803 1:0 19747
19297 20807 1:0 19721
19297 20810 1:0 19721
19317 20794 1:0 19795
19318 17465 1:0 19795
19330 20802 1:0 19774
19412 20796 1:0 19779
19413 15 1:0 19797
19413 20792 1:0 19802
19413 20793 1:0 19803
19421 17294 21:0 19424
19422 20790 1:0 19806
19422 20791 1:0 19813
19422 17468 1:0 19822
19422 20783 1:0 19828
19422 20778 1:0 19843
19425 20789 1:0 19823
19428 20776 1:0 19848
19428 20777 1:0 19848
19428 20770 1:0 19878
19430 20763 1:0 19897
19433 20774 1:0 19848
19448 20769 1:0 19905
19449 345 1:0 21295
19541 17347 21:0 19546
19543 22977 1:0 21291
19544 22975 1:0 21304
19683 17408 21:0 19686
19882 17468 21:0 19902
19936 24013 21:0 19975
19973 24014 0:0 19975
19975 24020 0:0 19980
19975 24018 0:0 19980
19975 24021 0:0 19980
19980 24022 21:0 19991
19990 24033 21:0 19991
19990 24007 0:0 19991
19993 24035 21:0 20001
20000 24037 0:0 20001
20000 24034 0:0 20001
20000 24036 21:0 20067
20013 24027 0:0 20015
20014 24046 0:0 20015
20049 24047 0:0 20051
20055 24051 0:0 20056
20055 24054 0:0 20056
20055 24053 0:0 20056
20065 24038 0:0 20067
20066 24066 0:0 20067
20066 24055 0:0 20067
20066 24040 0:0 20067
20069 24068 21:0 20077
20076 24067 0:0 20077
20076 24070 0:0 20077
20076 24069 21:0 20143
20089 24060 0:0 20091
20090 24079 0:0 20091
20125 24080 0:0 20127
20131 24087 0:0 20132
20131 24084 0:0 20132
20131 24086 0:0 20132
20141 24071 0:0 20143
20142 24088 0:0 20143
20142 24073 0:0 20143
20142 24099 0:0 20143
20145 24101 21:0 20153
20152 24100 0:0 20153
20152 24103 0:0 20153
20152 24102 21:0 20219
20165 24093 0:0 20167
20166 24112 0:0 20167
20201 24113 0:0 20203
20207 24120 0:0 20208
20207 24119 0:0 20208
20207 24117 0:0 20208
20217 24104 0:0 20219
20218 24121 0:0 20219
20218 24132 0:0 20219
20218 24106 0:0 20219
20221 24134 21:0 20229
20228 24133 0:0 20229
20228 24136 0:0 20229
20228 24135 21:0 20295
20241 24126 0:0 20243
20242 24145 0:0 20243
20277 24146 0:0 20279
20283 24150 0:0 20284
20283 24153 0:0 20284
20283 24152 0:0 20284
20293 24137 0:0 20295
20294 24154 0:0 20295
20294 24165 0:0 20295
20294 24139 0:0 20295
20297 24167 21:0 20305
20304 24168 0:0 20305
20304 24166 0:0 20305
20304 24169 21:0 20371
20317 24159 0:0 20319
20318 24178 0:0 20319
20353 24179 0:0 20355
20359 24185 0:0 20360
20359 24186 0:0 20360
20359 24183 0:0 20360
20369 24170 0:0 20371
20370 24172 0:0 20371
20370 24198 0:0 20371
20370 24187 0:0 20371
20373 24200 21:0 20381
20380 24202 0:0 20381
20380 24199 0:0 20381
20380 24201 21:0 20447
20393 24192 0:0 20395
20394 24211 0:0 20395
20429 24212 0:0 20431
20435 24218 0:0 20436
20435 24216 0:0 20436
20435 24219 0:0 20436
20445 24203 0:0 20447
20446 24205 0:0 20447
20446 24231 0:0 20447
20446 24220 0:0 20447
20449 24233 21:0 20457
20456 24235 0:0 20457
20456 24232 0:0 20457
20456 24234 21:0 20523
20469 24225 0:0 20471
20470 24244 0:0 20471
20505 24245 0:0 20507
20511 24251 0:0 20512
20511 24252 0:0 20512
20511 24249 0:0 20512
20521 24236 0:0 20523
20522 24238 0:0 20523
20522 24264 0:0 20523
20522 24253 0:0 20523
20525 24266 21:0 20533
20532 24265 0:0 20533
20532 24267 0:0 20533
20532 24268 21:0 20599
20545 24258 0:0 20547
20546 24277 0:0 20547
20581 24278 0:0 20583
20587 24284 0:0 20588
20587 24285 0:0 20588
20587 24282 0:0 20588
20597 24269 0:0 20599
20598 24271 0:0 20599
20598 24297 0:0 20599
20598 24286 0:0 20599
20601 24299 21:0 20609
20608 24298 0:0 20609
20608 24300 0:0 20609
20608 24301 21:0 20675
20621 24291 0:0 20623
20622 24310 0:0 20623
20657 24311 0:0 20659
20663 24318 0:0 20664
20663 24315 0:0 20664
20663 24317 0:0 20664
20673 24302 0:0 20675
20674 24304 0:0 20675
20674 24330 0:0 20675
20674 24319 0:0 20675
20677 24332 21:0 20685
20684 24333 0:0 20685
20684 24331 0:0 20685
20684 24334 21:0 20751
20697 24324 0:0 20699
20698 24343 0:0 20699
20733 24344 0:0 20735
20739 24351 0:0 20740
20739 24348 0:0 20740
20739 24350 0:0 20740
20749 24335 0:0 20751
20750 24337 0:0 20751
20750 24352 0:0 20751
20750 24363 0:0 20751
20753 24365 21:0 20761
20760 24364 0:0 20761
20760 24367 0:0 20761
20760 24366 21:0 20827
20773 24357 0:0 20775
20774 24376 0:0 20775
20809 24377 0:0 20811
20815 24384 0:0 20816
20815 24381 0:0 20816
20825 24368 0:0 20827
20826 24370 0:0 20827
20829 24398 21:0 20837
20836 24399 0:0 20837
20836 24400 21:0 20903
20901 24401 0:0 20903
20905 24431 21:0 20913
20912 24433 0:0 20913
20912 24432 21:0 20979
20977 24434 0:0 20979
20981 24464 21:0 20989
20988 24465 0:0 20989
20988 24466 21:0 21055
21053 24467 0:0 21055
21057 24497 21:0 21065
21064 24498 0:0 21065
21064 24499 21:0 21131
21129 24500 0:0 21131
21133 24530 21:0 21141
21140 24532 0:0 21141
21140 24531 21:0 21207
21205 24533 0:0 21207
21209 24563 21:0 21217
21216 24564 0:0 21217
21216 24565 21:0 21283
21281 24566 0:0 21283
21285 24596 21:0 21293
21292 24598 0:0 21293
21292 24597 21:0 21302
21294 22976 1:0 21305
21301 24599 21:0 21313
21307 22974 1:0 21315
21307 22957 1:0 21345
21307 22953 1:0 21345
21308 22959 1:0 21354
21308 22944 1:0 21428
21312 24383 21:0 21319
21314 22942 1:0 21435
21317 22943 1:0 21436
21317 22941 1:0 21446
21317 22939 1:0 21456
21318 24390 21:0 21319
21318 24396 21:0 21322
21321 24385 21:0 21322
21323 22911 1:0 21559
21323 22907 1:0 21559
21336 345 21:0 21350
21343 22909 1:0 21566
21356 22910 1:0 21567
21403 24417 21:0 21430
21429 24410 21:0 21430
21429 24418 21:0 21433
21432 24414 21:0 21433
21432 24397 21:0 21441
21438 22908 1:0 21577
21438 22900 1:0 21592
21438 16663 1:0 21690
21439 22878 1:0 21690
21439 22877 1:0 21698
21440 24403 21:0 21441
21440 24423 21:0 21444
21443 24409 21:0 21444
21443 24429 21:0 21450
21448 22876 1:0 21697
21448 22875 1:0 21708
21449 24416 21:0 21450
21449 24480 21:0 21453
21451 22845 1:0 21821
21452 24456 21:0 21453
21452 24447 21:0 21474
21454 22844 1:0 21829
21459 22843 1:0 21828
21473 24475 21:0 21481
21482 22842 1:0 21839
21487 22840 1:0 21844
21487 22834 1:0 21854
21528 22814 1:0 21869
21534 24449 21:0 21561
21536 22828 1:0 21878
21560 24529 21:0 21561
21560 24528 21:0 21564
21563 24462 21:0 21564
21563 24546 21:0 21572
21569 16777 1:0 21952
21569 22812 1:0 21952
21570 22811 1:0 21960
21571 24483 21:0 21572
21571 24496 21:0 21575
21573 22810 1:0 21959
21578 16610 21:0 21581
21579 22809 1:0 21970
21579 22792 1:0 22000
21579 22788 1:0 22035
21582 22779 1:0 22083
21587 22778 1:0 22091
21618 22777 1:0 22090
21700 22776 1:0 22101
21701 22774 1:0 22111
21701 16891 1:0 22214
21701 22746 1:0 22214
21710 22744 1:0 22221
21710 22745 1:0 22222
21718 22743 1:0 22232
21721 22702 1:0 22265
21736 22726 1:0 22265
21737 16948 1:0 22316
21831 22715 1:0 22329
21831 22713 1:0 22345
21832 22712 1:0 22353
21841 22711 1:0 22352
21841 22710 1:0 22363
21841 22689 1:0 22368
21841 22697 1:0 22393
21847 22708 1:0 22373
21847 17005 1:0 22447
21850 16727 21:0 21874
21867 22680 1:0 22476
21868 22688 1:0 22455
21960 16777 21:0 21965
21962 22679 1:0 22484
21963 22678 1:0 22483
21963 22677 1:0 22494
21963 22669 1:0 22509
21972 22655 1:0 22578
21972 17062 1:0 22607
21972 22647 1:0 22607
21978 22645 1:0 22614
21981 16784 21:0 22005
21998 22646 1:0 22615
22091 16834 21:0 22096
22093 22644 1:0 22625
22093 22642 1:0 22635
22093 22631 1:0 22655
22093 22629 1:0 22664
22094 22623 1:0 22690
22094 22614 1:0 22738
22102 16838 21:0 22105
22103 22612 1:0 22745
22103 22613 1:0 22746
22109 22611 1:0 22756
22109 17126 1:0 22765
22109 22598 1:0 22786
22111 22590 1:0 22821
22114 22596 1:0 22795
22129 22597 1:0 22795
22130 22594 1:0 22795
22142 22583 1:0 22853
22224 22581 1:0 22869
22225 22580 1:0 22877
22233 16895 21:0 22236
22234 22579 1:0 22876
22234 22578 1:0 22887
22234 22576 1:0 22897
22234 22565 1:0 22917
22237 22563 1:0 22926
22242 22548 1:0 23000
22245 22550 1:0 22984
22355 22547 1:0 23008
22356 22546 1:0 23007
22356 22544 1:0 23011
22356 22545 1:0 23018
22364 16952 21:0 22367
22365 22543 1:0 23028
22365 22537 1:0 23033
22365 22532 1:0 23048
22365 22528 1:0 23057
22365 22531 1:0 23057
22365 22524 1:0 23083
22371 22517 1:0 23115
22371 17294 1:0 23131
22371 22515 1:0 23131
22373 22523 1:0 23110
22404 22514 1:0 23139
22486 22513 1:0 23138
22487 22511 1:0 23142
22487 22512 1:0 23149
22487 22504 1:0 23164
22496 22510 1:0 23159
22496 22499 1:0 23179
22496 22497 1:0 23188
22496 22495 1:0 23188
22496 22498 1:0 23188
22496 22491 1:0 23214
22502 22482 1:0 23262
22502 17347 1:0 23262
22504 22490 1:0 23241
22507 22484 1:0 23246
22617 22480 1:0 23269
22618 22481 1:0 23270
22618 22478 1:0 23273
22618 22479 1:0 23280
22627 22477 1:0 23290
22627 22471 1:0 23295
22627 22466 1:0 23310
22627 22465 1:0 23319
22627 22462 1:0 23319
22627 22464 1:0 23319
22627 22458 1:0 23345
22633 22449 1:0 23393
22635 17408 1:0 23393
22638 22451 1:0 23377
22653 22457 1:0 23372
22748 22448 1:0 23401
22748 22445 1:0 23404
22749 22447 1:0 23400
22758 22446 1:0 23411
22758 22444 1:0 23421
22758 22438 1:0 23426
22758 22433 1:0 23441
22758 22429 1:0 23450
22758 22432 1:0 23450
22758 22431 1:0 23450
22758 22425 1:0 23476
22766 22416 1:0 23524
22769 22424 1:0 23503
22784 22418 1:0 23508
22879 22415 1:0 23532
22879 22412 1:0 23535
22880 22414 1:0 23531
22889 22413 1:0 23542
22889 17468 1:0 23551
22889 22411 1:0 23552
22889 22405 1:0 23557
22889 22400 1:0 23572
22889 22396 1:0 23577
22889 22392 1:0 23607
22889 22385 1:0 23626
22895 22398 1:0 23577
22895 22399 1:0 23577
22895 22391 1:0 23634
22897 346 1:0 25015
22928 24599 1:0 25026
23019 17237 21:0 23022
23270 17347 21:0 23275
23532 17461 21:0 23537
23611 17468 21:0 23631
23665 25635 21:0 23704
23704 25642 21:0 23720
23708 25640 0:0 23709
23719 25629 21:0 23720
23722 25657 21:0 23730
23723 13 0:0 23725
23729 25659 0:0 23730
23729 25658 21:0 23796
23742 25649 0:0 23744
23743 25668 0:0 23744
23784 25673 0:0 23785
23794 25660 0:0 23796
23795 25688 0:0 23796
23798 25690 21:0 23806
23799 31 0:0 23801
23805 25689 0:0 23806
23805 25691 0:0 23806
23805 35 0:0 23806
23805 25692 21:0 23872
23819 25701 0:0 23820
23860 25709 0:0 23861
23860 25708 0:0 23861
23870 25693 0:0 23872
23871 25695 0:0 23872
23874 25723 21:0 23882
23881 25722 0:0 23882
23881 53 0:0 23882
23881 25725 0:0 23882
23881 25724 21:0 23948
23895 25734 0:0 23896
23936 25741 0:0 23937
23946 25726 0:0 23948
23947 25754 0:0 23948
23947 25728 0:0 23948
23950 25756 21:0 23958
23951 67 0:0 23953
23957 25755 0:0 23958
23957 25757 0:0 23958
23957 25758 21:0 24024
24022 25759 0:0 24024
24023 25787 0:0 24024
24023 25776 0:0 24024
24023 25761 0:0 24024
24026 25789 21:0 24034
24033 25788 0:0 24034
24033 25791 0:0 24034
24033 25790 21:0 24100
24046 25781 0:0 24048
24047 25800 0:0 24048
24088 25808 0:0 24089
24088 25807 0:0 24089
24098 25792 0:0 24100
24099 25820 0:0 24100
24099 25794 0:0 24100
24102 25822 21:0 24110
24109 25823 0:0 24110
24109 25824 21:0 24176
24122 25814 0:0 24124
24158 25834 0:0 24160
24164 25838 0:0 24165
24174 25825 0:0 24176
24175 25827 0:0 24176
24175 25853 0:0 24176
24178 25855 21:0 24186
24185 25854 0:0 24186
24185 25856 0:0 24186
24185 25857 21:0 24252
24250 25858 0:0 24252
24254 25888 21:0 24262
24261 25889 0:0 24262
24261 25890 0:0 24262
24262 25891 21:0 24328
24275 25899 0:0 24276
24316 25904 0:0 24317
24327 25893 0:0 24328
24330 25921 21:0 24338
24337 25922 0:0 24338
24337 25923 0:0 24338
24338 25924 21:0 24404
24392 25937 0:0 24393
24406 25954 21:0 24414
24413 25956 0:0 24414
24413 25955 21:0 24480
24426 25946 0:0 24428
24427 25965 0:0 24428
24478 25957 0:0 24480
24479 25985 0:0 24480
24482 25987 21:0 24490
24489 25989 0:0 24490
24489 25988 21:0 24556
24544 26003 0:0 24545
24554 25990 0:0 24556
24555 26018 0:0 24556
24558 26020 21:0 24566
24565 26021 0:0 24566
24565 26022 21:0 24632
24578 213 0:0 24580
24630 26023 0:0 24632
24634 26053 21:0 24642
24641 233 0:0 24642
24641 26054 0:0 24642
24641 26055 21:0 24708
24696 26071 0:0 24697
24706 26056 0:0 24708
24710 26086 21:0 24718
24717 26087 0:0 24718
24717 26088 21:0 24784
24730 26078 0:0 24732
24772 26105 0:0 24773
24782 26089 0:0 24784
24786 26119 21:0 24794
24793 26121 0:0 24794
24793 26120 21:0 24860
24848 26137 0:0 24849
24858 26122 0:0 24860
24862 26152 21:0 24870
24869 287 0:0 24870
24869 26153 0:0 24870
24869 26154 21:0 24936
24924 26170 0:0 24925
24934 26155 0:0 24936
24938 26185 21:0 24946
24945 26187 0:0 24946
24945 26186 21:0 25012
25010 26188 0:0 25012
25014 26218 21:0 25022
25021 26220 0:0 25022
25021 26219 21:0 25031
25023 24597 1:0 25033
25023 24598 1:0 25034
25030 26221 21:0 25042
25036 340 1:0 2813
25037 24596 1:0 25044
25037 24496 1:0 25128
25037 24566 1:0 25157
25041 26006 21:0 25048
25043 24483 1:0 25157
25046 24564 1:0 25164
25046 24565 1:0 25165
25047 25880 21:0 25048
25047 25702 21:0 25051
25049 24563 1:0 25175
25049 24546 1:0 25180
25052 24462 1:0 25208
25052 16784 1:0 25208
25052 16610 1:0 25259
25052 24529 1:0 25288
25065 346 21:0 25079
25080 24533 1:0 25288
25167 24531 1:0 25295
25168 24532 1:0 25296
25177 287 1:0 25301
25177 24530 1:0 25306
25177 16834 1:0 25311
25177 24528 1:0 25316
25177 16838 1:0 25339
25177 24449 1:0 25390
25177 24475 1:0 25419
25183 24500 1:0 25419
25204 24499 1:0 25427
25298 24498 1:0 25426
25299 24497 1:0 25437
25299 16777 1:0 25442
25299 24456 1:0 25467
25299 24447 1:0 25467
25308 24480 1:0 25476
25308 24467 1:0 25550
25308 16727 1:0 25550
25314 24466 1:0 25558
25334 24465 1:0 25557
25429 24464 1:0 25568
25429 24416 1:0 25573
25429 24429 1:0 25601
25430 24409 1:0 25601
25430 24423 1:0 25652
25430 24434 1:0 25681
25439 24403 1:0 25681
25439 24432 1:0 25688
25445 24433 1:0 25689
25450 24431 1:0 25699
25465 233 1:0 25694
25466 24414 1:0 25704
25478 24410 1:0 25729
25560 24418 1:0 25729
25560 24417 1:0 25738
25561 24401 1:0 25812
25561 24397 1:0 25812
25570 213 1:0 25814
25570 24399 1:0 25819
25570 24400 1:0 25820
25576 24398 1:0 25830
25576 24385 1:0 25835
25578 24396 1:0 25840
25581 24390 1:0 25845
25596 24383 1:0 25869
25597 24381 1:0 25869
25609 24377 1:0 25895
25691 24384 1:0 25869
25691 16895 1:0 25943
25692 24376 1:0 25922
25692 24370 1:0 25927
25692 24368 1:0 25943
25701 24366 1:0 25950
25701 24367 1:0 25951
25701 24364 1:0 25954
25707 24365 1:0 25961
25709 24352 1:0 25991
25712 24363 1:0 25971
25727 24357 1:0 25976
25728 24351 1:0 26000
25740 24348 1:0 26000
25822 24350 1:0 26000
25822 24344 1:0 26026
25822 16952 1:0 26074
25823 24343 1:0 26053
25823 24337 1:0 26058
25823 24335 1:0 26074
25832 24333 1:0 26081
25832 24334 1:0 26082
25832 24331 1:0 26085
25840 24332 1:0 26092
25843 24319 1:0 26122
25858 24330 1:0 26102
25859 24324 1:0 26107
25871 24317 1:0 26131
25953 24318 1:0 26131
25953 24315 1:0 26131
25953 24311 1:0 26157
25954 24310 1:0 26184
25954 24304 1:0 26189
25954 24302 1:0 26205
25963 24300 1:0 26212
25963 24301 1:0 26213
25963 24298 1:0 26216
25971 24299 1:0 26223
25974 24297 1:0 26233
25989 24286 1:0 26253
25990 24291 1:0 26238
26002 24278 1:0 26288
26084 24284 1:0 26262
26084 24285 1:0 26262
26084 24282 1:0 26262
26085 24277 1:0 26315
26085 24271 1:0 26320
26085 24269 1:0 26336
26094 24267 1:0 26343
26094 24268 1:0 26344
26094 24265 1:0 26347
26102 24266 1:0 26354
26105 24258 1:0 26369
26120 24264 1:0 26364
26121 24253 1:0 26384
26133 24251 1:0 26393
26215 24249 1:0 26393
26215 24252 1:0 26393
26215 24245 1:0 26419
26216 24244 1:0 26446
26216 24238 1:0 26451
26216 24236 1:0 26467
26225 24234 1:0 26474
26225 24235 1:0 26475
26225 24232 1:0 26478
26233 24233 1:0 26485
26236 24231 1:0 26495
26251 24225 1:0 26500
26252 24220 1:0 26515
26264 24216 1:0 26524
26346 24219 1:0 26524
26346 24218 1:0 26524
26346 24212 1:0 26550
26347 24211 1:0 26577
26347 24205 1:0 26582
26347 24203 1:0 26598
26356 24201 1:0 26605
26356 24202 1:0 26606
26356 24199 1:0 26609
26364 24200 1:0 26616
26367 24192 1:0 26631
26382 24187 1:0 26646
26383 24198 1:0 26626
26395 24179 1:0 26681
26477 24185 1:0 26655
26477 24186 1:0 26655
26477 24183 1:0 26655
26477 17237 1:0 26729
26478 24178 1:0 26708
26478 24172 1:0 26713
26478 24170 1:0 26729
26487 24168 1:0 26736
26487 24169 1:0 26737
26493 24166 1:0 26740
26498 24167 1:0 26747
26513 24159 1:0 26762
26514 24165 1:0 26757
26526 24154 1:0 26777
26608 24153 1:0 26786
26608 24152 1:0 26786
26608 24150 1:0 26786
26608 24146 1:0 26812
26609 24145 1:0 26839
26609 24139 1:0 26844
26609 24137 1:0 26860
26618 24135 1:0 26867
26618 24136 1:0 26868
26624 24133 1:0 26871
26629 24134 1:0 26878
26644 67 1:0 26882
26645 24126 1:0 26893
26657 24121 1:0 26908
26739 24132 1:0 26888
26739 24119 1:0 26917
26739 24120 1:0 26917
26739 24113 1:0 26943
26740 24117 1:0 26917
26740 24104 1:0 26991
26740 17347 1:0 26991
26749 24112 1:0 26970
26749 24106 1:0 26975
26749 24102 1:0 26998
26749 24100 1:0 27002
26755 24103 1:0 26999
26757 53 1:0 27004
26788 24101 1:0 27009
26870 24099 1:0 27019
26870 24093 1:0 27024
26870 24088 1:0 27039
26870 24080 1:0 27074
26871 24084 1:0 27048
26871 24086 1:0 27048
26871 24087 1:0 27048
26880 24079 1:0 27101
26880 24073 1:0 27106
26880 24071 1:0 27122
26880 24069 1:0 27129
26886 24070 1:0 27130
26888 24067 1:0 27133
26891 35 1:0 27135
27001 24068 1:0 27140
27001 31 1:0 27144
27001 17468 1:0 27145
27001 24055 1:0 27170
27002 24066 1:0 27150
27002 24060 1:0 27155
27002 17461 1:0 27173
27002 347 1:0 27173
27002 24051 1:0 27175
27002 24054 1:0 27175
27011 24053 1:0 27175
27011 24047 1:0 27175
27011 24033 1:0 27224
27011 24038 1:0 27253
27011 24022 1:0 27253
27017 24046 1:0 27232
27017 24040 1:0 27237
27037 24036 1:0 27260
27038 24034 1:0 27264
27050 12657 1:0 27469
27132 24037 1:0 27261
27133 24035 1:0 27271
27133 13 1:0 27275
27133 24013 1:0 27276
27142 24027 1:0 27278
27142 24018 1:0 27306
27142 24021 1:0 27306
27142 24020 1:0 27306
27142 24014 1:0 27306
27142 26221 1:0 27386
27148 24007 1:0 27368
27153 26219 1:0 27393
27168 12662 1:0 27469
27168 12656 1:0 27478
27168 12663 1:0 27488
27168 12804 1:0 27690
27169 12664 1:0 27557
27181 12665 1:0 27558
27263 26220 1:0 27394
27264 26218 1:0 27404
27264 12666 1:0 27567
27264 12667 1:0 27568
27273 12668 1:0 27577
27273 12669 1:0 27578
27273 26188 1:0 27607
27279 26186 1:0 27614
27299 26187 1:0 27615
27300 26170 1:0 27664
27312 12809 1:0 27690
27312 12810 1:0 27699
27312 12803 1:0 27709
27312 12813 1:0 27788
27396 26185 1:0 27625
27397 12811 1:0 27778
27397 12812 1:0 27779
27397 26155 1:0 27828
27406 12814 1:0 27789
27406 12815 1:0 27798
27406 12816 1:0 27799
27406 26154 1:0 27836
27412 26153 1:0 27835
27425 347 21:0 27439
27433 26152 1:0 27846
27440 12950 1:0 27911
27445 26137 1:0 27885
27445 12956 1:0 27911
27445 12951 1:0 27920
27445 12957 1:0 27930
27486 12958 1:0 27999
27486 12962 1:0 28019
27515 26122 1:0 28049
27565 12959 1:0 28000
27573 12664 21:0 27609
27575 12960 1:0 28009
27585 12961 1:0 28010
27608 12656 21:0 27609
27608 12657 21:0 27609
27608 12663 21:0 27609
27608 12667 0:0 27609
27608 12662 21:0 27609
27608 12668 0:0 27609
27608 12665 0:0 27609
27608 12666 0:0 27609
27608 12669 0:0 27609
27617 12963 1:0 28020
27617 13107 1:0 28230
27618 26120 1:0 28056
27618 26121 1:0 28057
27627 26119 1:0 28067
27627 26105 1:0 28106
27627 13105 1:0 28220
27627 13106 1:0 28221
27633 26089 1:0 28270
27635 13097 1:0 28180
27635 13098 1:0 28181
27635 13103 1:0 28210
27635 13108 1:0 28231
27638 13104 1:0 28211
27638 13251 1:0 28372
27638 13392 1:0 28593
27653 13109 1:0 28240
27654 13110 1:0 28241
27707 26088 1:0 28278
27736 26087 1:0 28277
27798 12813 21:0 27830
27806 26086 1:0 28288
27828 12815 0:0 27830
27829 12809 21:0 27830
27829 12803 21:0 27830
27829 12810 21:0 27830
27829 12812 0:0 27830
27829 12816 0:0 27830
27829 12811 0:0 27830
27829 12814 0:0 27830
27829 12804 21:0 27830
27838 26078 1:0 28303
27838 26071 1:0 28327
27838 13252 1:0 28441
27838 13256 1:0 28461
27839 13253 1:0 28442
27839 13254 1:0 28451
27839 26056 1:0 28491
27848 13244 1:0 28401
27848 13245 1:0 28402
27848 13250 1:0 28431
27848 13255 1:0 28452
27848 13257 1:0 28462
27848 26055 1:0 28499
27854 26054 1:0 28498
27875 26053 1:0 28509
27928 26023 1:0 28594
27941 13403 1:0 28682
27956 13400 1:0 28663
27957 13399 1:0 28662
27957 13401 1:0 28672
28007 13391 1:0 28622
28007 13397 1:0 28652
28007 13398 1:0 28653
28007 13402 1:0 28673
28017 13404 1:0 28683
28029 12962 21:0 28051
28050 12957 21:0 28051
28050 12961 0:0 28051
28050 12960 0:0 28051
28050 12959 0:0 28051
28050 12963 0:0 28051
28050 12958 0:0 28051
28050 12956 21:0 28051
28050 12951 21:0 28051
28050 12950 21:0 28054
28059 26022 1:0 28720
28060 26021 1:0 28719
28069 26020 1:0 28730
28069 26018 1:0 28740
28069 26006 1:0 28769
28069 26003 1:0 28769
28069 25990 1:0 28815
28075 13546 1:0 28883
28075 13547 1:0 28884
28075 13551 1:0 28904
28077 13548 1:0 28893
28080 13549 1:0 28894
28095 13538 1:0 28843
28095 13539 1:0 28844
28095 13544 1:0 28873
28095 13545 1:0 28874
28096 13550 1:0 28903
28157 25988 1:0 28940
28178 25989 1:0 28941
28179 13833 1:0 29256
28228 13694 1:0 29105
28238 13693 1:0 29104
28240 13107 21:0 28272
28270 13109 0:0 28272
28271 13104 0:0 28272
28271 13097 0:0 28272
28271 13105 0:0 28272
28271 13108 0:0 28272
28271 13106 0:0 28272
28271 13110 0:0 28272
28271 13098 0:0 28272
28271 13103 0:0 28272
28280 25987 1:0 28951
28280 25985 1:0 28961
28281 25965 1:0 29043
28281 13695 1:0 29114
28281 25957 1:0 29153
28290 13685 1:0 29064
28290 13686 1:0 29065
28290 13691 1:0 29094
28290 13692 1:0 29095
28290 13696 1:0 29115
28290 13697 1:0 29124
28290 13698 1:0 29125
28290 25955 1:0 29161
28298 25956 1:0 29162
28329 25954 1:0 29172
28383 25924 1:0 29256
28398 25946 1:0 29187
28399 25937 1:0 29211
28399 13845 1:0 29346
28400 13840 1:0 29325
28449 13841 1:0 29326
28459 13842 1:0 29335
28469 13843 1:0 29336
28471 13256 21:0 28493
28492 13257 0:0 28493
28492 13250 0:0 28493
28492 13255 0:0 28493
28492 13254 0:0 28493
28492 13244 0:0 28493
28492 13245 0:0 28493
28492 13253 0:0 28493
28492 13252 0:0 28493
28492 13251 21:0 28493
28501 13832 1:0 29285
28501 13838 1:0 29315
28501 13839 1:0 29316
28501 13844 1:0 29345
28501 13979 1:0 29477
28502 25922 1:0 29382
28502 25923 1:0 29383
28511 25921 1:0 29393
28511 25891 1:0 29477
28517 25904 1:0 29432
28517 13988 1:0 29547
28517 13989 1:0 29556
28519 13987 1:0 29546
28522 25899 1:0 29485
28537 25893 1:0 29490
28538 13990 1:0 29557
28550 13980 1:0 29507
28550 13985 1:0 29536
28550 13986 1:0 29537
28550 13991 1:0 29566
28591 13992 1:0 29567
28620 25889 1:0 29603
28680 25890 1:0 29604
28692 13403 21:0 28714
28713 13404 0:0 28714
28713 13399 0:0 28714
28713 13397 0:0 28714
28713 13391 0:0 28714
28713 13392 21:0 28714
28713 13398 0:0 28714
28713 13400 0:0 28714
28713 13401 0:0 28714
28713 13402 0:0 28714
28722 25888 1:0 29614
28722 25880 1:0 29629
28723 14126 1:0 29698
28723 14127 1:0 29728
28723 14132 1:0 29757
28723 14133 1:0 29758
28723 14134 1:0 29767
28723 14135 1:0 29768
28723 14136 1:0 29777
28723 14137 1:0 29778
28723 14138 1:0 29787
28732 14139 1:0 29788
28732 25858 1:0 29816
28738 25857 1:0 29825
28738 25854 1:0 29828
28758 25856 1:0 29824
28812 25855 1:0 29835
28820 25853 1:0 29845
28825 25834 1:0 29900
28840 25838 1:0 29874
28841 14279 1:0 29919
28901 25825 1:0 29920
28910 13551 21:0 28935
28911 14281 1:0 29988
28933 13549 0:0 28935
28933 13550 0:0 28935
28933 13547 0:0 28935
28934 13538 0:0 28935
28934 13548 0:0 28935
28934 13545 0:0 28935
28934 13546 0:0 28935
28934 13544 0:0 28935
28934 13539 0:0 28935
28943 25827 1:0 29932
28943 14273 1:0 29948
28943 14282 1:0 29989
28943 14283 1:0 29998
28943 14284 1:0 29999
28944 14274 1:0 29949
28944 14280 1:0 29979
28944 14285 1:0 30008
28944 14286 1:0 30009
28944 14427 1:0 30121
28944 14420 1:0 30130
28953 25823 1:0 30045
28953 25824 1:0 30046
28959 25822 1:0 30056
28959 25820 1:0 30066
28959 25814 1:0 30071
28961 25808 1:0 30095
28964 25807 1:0 30095
28992 25792 1:0 30141
29033 14426 1:0 30140
29033 14432 1:0 30229
29033 14574 1:0 30361
29046 14428 1:0 30209
29061 25800 1:0 30148
29062 25794 1:0 30153
29062 14429 1:0 30210
29063 14430 1:0 30219
29111 13694 21:0 29156
29112 14421 1:0 30170
29112 14431 1:0 30220
29122 14433 1:0 30230
29154 13695 0:0 29156
29154 13693 0:0 29156
29154 13697 0:0 29156
29155 13691 0:0 29156
29155 13685 0:0 29156
29155 13686 0:0 29156
29155 13692 0:0 29156
29155 13698 0:0 29156
29155 13696 0:0 29156
29164 25790 1:0 30266
29164 25788 1:0 30270
29165 25791 1:0 30267
29165 25761 1:0 30374
29165 14578 1:0 30441
29174 25789 1:0 30277
29174 25787 1:0 30287
29174 25781 1:0 30292
29174 25776 1:0 30307
29180 25759 1:0 30362
29182 14576 1:0 30431
29185 14575 1:0 30430
29200 14577 1:0 30440
29201 14567 1:0 30390
29201 14568 1:0 30391
29201 14573 1:0 30420
29201 14715 1:0 30582
29213 14579 1:0 30450
29213 14580 1:0 30451
29282 25758 1:0 30488
29283 14868 1:0 30803
29343 25757 1:0 30487
29352 13845 21:0 29377
29353 25755 1:0 30491
29375 13843 0:0 29377
29375 13844 0:0 29377
29376 13833 21:0 29377
29376 13832 0:0 29377
29376 13839 0:0 29377
29376 13838 0:0 29377
29376 13841 0:0 29377
29376 13840 0:0 29377
29376 13842 0:0 29377
29385 25756 1:0 30498
29386 25754 1:0 30508
29386 25741 1:0 30537
29386 25726 1:0 30583
29395 25734 1:0 30590
29395 25728 1:0 30595
29395 14714 1:0 30611
29395 14720 1:0 30641
29395 14721 1:0 30642
29395 14722 1:0 30651
29395 14723 1:0 30652
29395 14724 1:0 30661
29395 14725 1:0 30662
29395 14726 1:0 30671
29401 14727 1:0 30672
29406 25724 1:0 30708
29421 25722 1:0 30712
29475 25725 1:0 30709
29504 25723 1:0 30719
29504 25702 1:0 30784
29505 25708 1:0 30758
29554 25709 1:0 30758
29564 14874 1:0 30893
29566 13989 21:0 29598
29574 25695 1:0 30816
29596 13991 0:0 29598
29597 13988 0:0 29598
29597 13990 0:0 29598
29597 13985 0:0 29598
29597 13987 0:0 29598
29597 13979 21:0 29598
29597 13992 0:0 29598
29597 13980 0:0 29598
29597 13986 0:0 29598
29606 25693 1:0 30921
29607 25701 1:0 30811
29607 14861 1:0 30832
29607 14862 1:0 30833
29607 14867 1:0 30862
29607 14869 1:0 30872
29607 14870 1:0 30873
29607 14871 1:0 30882
29607 14872 1:0 30883
29616 14873 1:0 30892
29616 25692 1:0 30930
29616 25689 1:0 30933
29622 25691 1:0 30929
29642 25690 1:0 30940
29643 25688 1:0 30950
29655 25673 1:0 30979
29709 25660 1:0 31025
29724 15019 1:0 31104
29725 25668 1:0 31032
29725 15016 1:0 31093
29726 15017 1:0 31094
29775 15018 1:0 31103
29777 14134 21:0 29819
29785 15008 1:0 31053
29785 15009 1:0 31054
29785 15014 1:0 31083
29785 15015 1:0 31084
29795 15020 1:0 31113
29817 14138 0:0 29819
29818 14139 0:0 29819
29818 14137 0:0 29819
29818 14136 0:0 29819
29818 14135 0:0 29819
29818 14132 0:0 29819
29818 14127 0:0 29819
29818 14133 0:0 29819
29818 14126 21:0 29819
29827 15021 1:0 31114
29828 25658 1:0 31150
29828 25659 1:0 31151
29837 25657 1:0 31161
29837 25649 1:0 31176
29837 25642 1:0 31194
29837 25629 1:0 31194
29837 25640 1:0 31196
29837 25635 1:0 31245
29843 15163 1:0 31314
29843 15164 1:0 31315
29843 15166 1:0 31325
29845 15165 1:0 31324
29848 15155 1:0 31274
29848 15156 1:0 31275
29848 15161 1:0 31304
29848 15162 1:0 31305
29863 15167 1:0 31334
29864 15168 1:0 31335
29998 14281 21:0 30040
30038 14282 0:0 30040
30038 14283 0:0 30040
30039 14279 21:0 30040
30039 14286 0:0 30040
30039 14284 0:0 30040
30039 14285 0:0 30040
30039 14280 0:0 30040
30039 14274 0:0 30040
30039 14273 0:0 30040
30239 14432 21:0 30261
30260 14427 21:0 30261
30260 14428 0:0 30261
30260 14429 0:0 30261
30260 14431 0:0 30261
30260 14421 0:0 30261
30260 14430 0:0 30261
30260 14433 0:0 30261
30260 14426 21:0 30261
30260 14420 21:0 30261
30447 14578 21:0 30482
30480 14579 0:0 30482
30481 14573 0:0 30482
30481 14576 0:0 30482
30481 14580 0:0 30482
30481 14577 0:0 30482
30481 14575 0:0 30482
30481 14567 0:0 30482
30481 14574 21:0 30482
30481 14568 0:0 30482
30661 14722 21:0 30703
30701 14724 0:0 30703
30702 14720 0:0 30703
30702 14726 0:0 30703
30702 14715 21:0 30703
30702 14723 0:0 30703
30702 14721 0:0 30703
30702 14725 0:0 30703
30702 14727 0:0 30703
30702 14714 0:0 30703
30899 14874 21:0 30924
30922 14873 0:0 30924
30922 14872 0:0 30924
30923 14868 21:0 30924
30923 14870 0:0 30924
30923 14867 0:0 30924
30923 14862 0:0 30924
30923 14871 0:0 30924
30923 14861 0:0 30924
30923 14869 0:0 30924
31110 15019 21:0 31145
31143 15017 0:0 31145
31143 15018 0:0 31145
31143 15016 0:0 31145
31144 15015 0:0 31145
31144 15008 0:0 31145
31144 15021 0:0 31145
31144 15014 0:0 31145
31144 15009 0:0 31145
31144 15020 0:0 31145
31331 15166 21:0 96
