128 49172 0:0 129
174 48931 21:0 237
236 49078 21:0 308
307 49081 21:0 379
378 47900 21:0 384
383 49077 21:0 389
388 48483 21:0 439
438 48923 21:0 455
454 49076 21:0 460
459 49071 21:0 465
464 48777 21:0 487
486 47609 21:0 541
540 47461 21:0 612
611 47020 21:0 688
687 47023 21:0 759
758 47317 21:0 819
818 47171 21:0 845
844 47315 21:0 921
920 47462 21:0 992
991 47318 21:0 1063
1062 47169 21:0 1128
1127 47906 21:0 1163
1162 46878 21:0 1225
1224 48493 21:0 1296
1295 47904 21:0 1367
1366 48486 21:0 1367
1366 48339 21:0 1372
1371 48340 21:0 1372
1371 49072 21:0 1372
1371 48043 21:0 1372
1371 48191 21:0 1377
1376 49074 21:0 1377
1376 48928 21:0 1377
1376 48633 21:0 1377
1376 47311 21:0 1392
1397 49785 21:0 1428
1427 47170 21:0 1446
1445 47466 21:0 1526
1525 47316 21:0 1563
1562 48642 21:0 1631
1630 47172 21:0 1682
1681 47464 21:0 1713
1712 48494 21:0 1797
1796 47463 21:0 1815
1814 47465 21:0 1919
1918 47608 21:0 1934
1933 46874 21:0 2038
2037 47314 21:0 2051
2050 47021 21:0 2133
2132 329 21:0 2163
2162 49075 21:0 2163
2162 47605 21:0 2170
2169 47310 21:0 2170
2169 47899 21:0 2170
3374 298 21:0 3440
4610 51256 21:0 4643
4651 311 1:0 43684
6733 299 21:0 6799
10092 300 21:0 10158
11369 312 1:0 47043
13451 301 21:0 13517
14687 55669 21:0 14720
14728 313 1:0 50402
16810 302 21:0 16876
20169 303 21:0 20235
21446 314 1:0 53761
23528 304 21:0 23594
24764 60082 21:0 24797
24805 315 1:0 57120
26887 305 21:0 26953
30246 306 21:0 30312
31523 316 1:0 60479
33605 307 21:0 33671
34841 64495 21:0 34874
34882 317 1:0 63838
36964 308 21:0 37030
40323 309 21:0 40389
41600 318 1:0 67197
43682 310 21:0 43748
44918 68908 21:0 44951
47041 311 21:0 47107
48318 319 1:0 70556
50400 312 21:0 50466
51677 320 1:0 73915
53759 313 21:0 53825
54995 73321 21:0 55028
57118 314 21:0 57184
58395 321 1:0 77274
60477 315 21:0 60543
61754 322 1:0 80633
63836 316 21:0 63902
65072 77734 21:0 65105
67195 317 21:0 67261
68472 323 1:0 83992
70554 318 21:0 70620
71831 324 1:0 87351
73913 319 21:0 73979
75149 82147 21:0 75182
77272 320 21:0 77338
78549 325 1:0 90710
80631 321 21:0 80697
83990 322 21:0 84056
87349 323 21:0 87415
88626 326 1:0 94069
90708 324 21:0 90774
94067 325 21:0 94133
95344 327 1:0 97428
97426 326 21:0 97492
98703 328 1:0 100787
100785 327 21:0 100851
101089 93509 21:0 101236
102023 49249 21:0 102028
102062 93509 1:0 102861
102062 329 1:0 102940
102062 47021 1:0 102983
102063 298 1:0 102992
102063 47314 1:0 103103
102063 46874 1:0 103123
102072 47608 1:0 103234
102072 47465 1:0 103254
102072 47463 1:0 103365
102072 48494 1:0 103385
102078 47464 1:0 103496
102080 47172 1:0 103516
102083 48642 1:0 103627
102099 47316 1:0 103647
102111 47466 1:0 103758
102193 47170 1:0 103778
102193 47904 1:0 103889
102194 48493 1:0 103909
102194 46878 1:0 104020
102203 47906 1:0 104040
102203 47169 1:0 104208
102203 47318 1:0 104284
102203 47462 1:0 104360
102209 47315 1:0 104436
102209 47171 1:0 104512
102213 47317 1:0 104588
102229 47023 1:0 104664
102230 47020 1:0 104740
102242 47461 1:0 104816
102324 47319 1:0 104892
102324 47167 1:0 104968
102325 47609 1:0 105044
102325 47168 1:0 105120
102334 47022 1:0 105196
102334 47024 1:0 105272
102546 50016 21:0 102549
103332 50358 21:0 103335
103584 50470 21:0 103597
104118 50700 21:0 104121
104120 50698 21:0 104124
104144 328 21:0 104210
104209 5 21:0 104210
104209 7 21:0 104215
104217 94879 21:0 104217
104220 94881 21:0 104220
104293 94912 21:0 104293
104296 94914 21:0 104296
104314 41 21:0 104346
104364 94944 21:0 104364
104369 94945 21:0 104369
104448 94980 21:0 104448
104516 95010 21:0 104516
104546 97 21:0 104574
104592 95043 21:0 104592
104597 95045 21:0 104597
104668 95076 21:0 104668
104676 95079 21:0 104676
104749 95110 21:0 104749
104752 95112 21:0 104752
104828 95145 21:0 104828
104904 95178 21:0 104904
105124 95274 21:0 105124
105129 95276 21:0 105129
105200 95307 21:0 105200
105205 95309 21:0 105205
105213 341 21:0 105222
105229 341 1:0 105237
105244 341 21:0 105258
105257 46868 1:0 105261
105262 47015 1:0 105272
105262 341 1:0 105272
105273 46873 1:0 105348
105289 341 21:0 105298
105305 341 1:0 105313
105333 46867 1:0 105337
105338 50698 1:0 105348
105342 49249 1:0 105348
105349 46876 1:0 105421
105389 7 1:0 105421
105422 46875 1:0 105441
105436 5 1:0 105441
105436 46870 1:0 105441
105442 46877 1:0 105612
105496 341 21:0 105506
105527 47025 1:0 105656
105579 46870 21:0 105619
105622 46877 21:0 105658
105654 341 1:0 105656
105657 47160 1:0 105665
105657 47012 1:0 105665
105657 46875 21:0 105736
105666 82147 1:0 105729
105691 50016 1:0 105693
105694 41 1:0 105729
105694 47016 1:0 105729
105725 341 0:0 105727
105730 77734 1:0 105829
105735 46876 21:0 105876
105830 73321 1:0 105866
105841 68908 1:0 105877
105872 95309 1:0 105872
105874 299 1:0 3376
105874 300 1:0 6735
105874 301 1:0 10094
105874 97 1:0 105877
105874 50470 1:0 105877
105874 50358 1:0 105877
105874 47164 1:0 105886
105875 46873 21:0 105888
105877 64495 1:0 105886
105877 47899 1:0 105886
105877 47310 1:0 105886
105882 95307 1:0 105882
105883 302 1:0 13453
105883 303 1:0 16812
105883 304 1:0 20171
105883 305 1:0 23530
105883 306 1:0 26889
105883 307 1:0 30248
105883 47161 1:0 105914
105883 341 1:0 105931
105883 47163 1:0 105936
105883 60082 1:0 105958
105883 47162 1:0 105958
105887 47016 21:0 105888
105887 47012 21:0 105957
105889 308 1:0 33607
105889 309 1:0 36966
105889 310 1:0 40325
105889 55669 1:0 106084
105889 51256 1:0 106091
105889 47311 1:0 106091
105889 47605 1:0 106091
105891 47308 1:0 106091
105891 48777 1:0 106098
105891 47309 1:0 106226
105891 47458 1:0 106305
105891 48191 1:0 106526
105893 47900 1:0 106104
105909 49081 1:0 106305
105922 47457 1:0 106325
105922 47456 1:0 106325
105922 48492 1:0 106325
105922 47455 1:0 106446
105922 47612 1:0 106526
105956 46867 21:0 105967
105966 47015 21:0 105970
105968 47613 1:0 106546
105969 46868 21:0 105989
105971 47603 1:0 106546
105971 47752 1:0 106546
105991 47604 1:0 106677
105991 47611 1:0 106708
105992 47602 1:0 106667
105992 47610 1:0 106707
106001 47160 21:0 106086
106042 47755 1:0 106767
106085 47025 21:0 106106
106093 95276 1:0 106093
106094 47749 1:0 106767
106094 47750 1:0 106767
106094 47751 1:0 106898
106094 47758 1:0 106929
106094 48043 1:0 106967
106094 48340 1:0 107188
106095 47756 1:0 106919
106095 47757 1:0 106928
106095 47759 1:0 106938
106103 95274 1:0 106103
106104 47760 1:0 106939
106104 48054 1:0 106988
106104 47897 1:0 106988
106104 47896 1:0 106988
106104 47898 1:0 107119
106104 47902 1:0 107139
106105 47024 21:0 106191
106107 47895 1:0 107100
106107 47903 1:0 107140
106110 47905 1:0 107150
106110 47907 1:0 107160
106114 48050 1:0 107209
106115 48045 1:0 107209
106115 48046 1:0 107209
106130 48049 1:0 107360
106131 48044 1:0 107331
106131 48339 1:0 107409
106131 48486 1:0 107630
106143 48051 1:0 107370
106184 48052 1:0 107371
106192 48053 1:0 107380
106197 48196 1:0 107430
106197 48193 1:0 107430
106197 48192 1:0 107430
106213 48190 1:0 107551
106213 48199 1:0 107592
106214 48197 1:0 107582
106232 47309 21:0 106279
106278 47022 21:0 106321
106315 48198 1:0 107591
106315 48200 1:0 107601
106316 48201 1:0 107602
106316 48487 1:0 107651
106316 48338 1:0 107651
106316 48638 1:0 107651
106316 49071 1:0 107859
106320 47168 21:0 106393
106322 48337 1:0 107772
106322 48347 1:0 107822
106325 48343 1:0 107802
106325 48344 1:0 107803
106325 48345 1:0 107812
106325 48346 1:0 107813
106331 48348 1:0 107823
106331 48485 1:0 107852
106331 48923 1:0 107866
106331 48633 1:0 108073
106333 48483 1:0 107872
106336 48484 1:0 107993
106336 48490 1:0 108023
106352 48491 1:0 108024
106364 48495 1:0 108044
106369 48634 1:0 108093
106369 48785 1:0 108093
106369 48632 1:0 108093
106392 47167 21:0 106539
106405 48631 1:0 108214
106405 48639 1:0 108254
106418 48637 1:0 108244
106434 48640 1:0 108255
106435 48641 1:0 108264
106536 48779 1:0 108293
106536 48787 1:0 108314
106536 48778 1:0 108314
106536 48780 1:0 108314
106536 48928 1:0 108514
106536 48927 1:0 108535
106537 48781 1:0 108446
106537 48784 1:0 108465
106537 48786 1:0 108475
106537 48788 1:0 108485
106538 47319 21:0 106551
106540 48789 1:0 108486
106546 48931 1:0 108535
106546 48926 1:0 108535
106546 48925 1:0 108656
106546 48932 1:0 108687
106546 48933 1:0 108696
106546 50700 1:0 108735
106546 49072 1:0 108739
106546 49074 1:0 108739
106546 49075 1:0 108739
106546 49073 1:0 108828
106550 47162 21:0 106551
106550 47163 21:0 106576
106552 48934 1:0 108697
106552 48935 1:0 108706
106552 48936 1:0 108707
106554 49076 1:0 108743
106554 49077 1:0 108750
106557 49078 1:0 108828
106572 49785 1:0 108926
106573 49079 1:0 108908
106575 47455 21:0 106579
106578 47456 21:0 106579
106578 47161 21:0 106620
106585 49080 1:0 108917
106585 49173 1:0 108969
106619 47457 21:0 106630
106626 49083 1:0 108926
106629 47308 21:0 106633
106632 47458 21:0 106640
106639 49082 1:0 108927
106654 49172 1:0 108968
106707 47602 0:0 106709
106714 47611 21:0 106763
106747 47610 0:0 106749
106748 95178 1:0 106748
106762 47613 21:0 106832
106831 47604 21:0 106846
106845 47603 21:0 106851
106850 47164 21:0 106854
106935 47758 21:0 106984
106968 47757 0:0 106970
106969 95145 1:0 106969
106969 47759 0:0 106970
106969 47756 0:0 106970
106969 47760 0:0 106970
106983 47612 21:0 107053
107052 47751 21:0 107067
107066 47749 21:0 107072
107071 47750 21:0 107075
107149 47902 21:0 107205
107189 47905 0:0 107191
107190 95112 1:0 107190
107190 47895 0:0 107191
107190 47903 0:0 107191
107190 47907 0:0 107191
107197 95110 1:0 107197
107204 47755 21:0 107274
107273 47898 21:0 107286
107285 47896 21:0 107293
107292 47897 21:0 107296
107370 48049 21:0 107426
107410 48053 0:0 107412
107411 95079 1:0 107411
107411 48052 0:0 107412
107411 48051 0:0 107412
107425 48050 21:0 107495
107429 95076 1:0 107429
107494 48044 21:0 107507
107506 48046 21:0 107514
107513 48045 21:0 107517
107598 48199 21:0 107647
107631 48197 0:0 107633
107631 48198 0:0 107633
107632 48200 0:0 107633
107632 48201 0:0 107633
107640 95045 1:0 107640
107646 48196 21:0 107716
107650 95043 1:0 107650
107715 48190 21:0 107730
107729 47752 21:0 107735
107734 48192 21:0 107738
107832 48347 21:0 107868
107853 48343 0:0 107854
107853 48344 0:0 107854
107853 48346 0:0 107854
107853 48345 0:0 107854
107853 48348 0:0 107854
107867 48054 21:0 107946
107871 95010 1:0 107871
107945 48337 21:0 107956
107955 48338 21:0 107959
107958 48193 21:0 107964
108033 48490 21:0 108089
108074 94980 1:0 108074
108074 48491 0:0 108075
108074 48495 0:0 108075
108088 48492 21:0 108158
108157 48484 21:0 108170
108169 48485 21:0 108177
108176 48487 21:0 108180
108264 48639 21:0 108310
108294 48641 0:0 108296
108295 48640 0:0 108296
108295 48637 0:0 108296
108302 94945 1:0 108302
108309 48638 21:0 108382
108313 94944 1:0 108313
108381 48631 21:0 108398
108397 48634 21:0 108398
108397 48632 21:0 108401
108485 48786 21:0 108531
108515 48788 0:0 108517
108516 94914 1:0 108516
108516 48784 0:0 108517
108516 48789 0:0 108517
108523 94912 1:0 108523
108530 48787 21:0 108603
108602 48781 21:0 108619
108618 48780 21:0 108619
108618 48778 21:0 108622
108693 48932 21:0 108752
108736 48933 0:0 108738
108737 94881 1:0 108737
108737 48935 0:0 108738
108737 48934 0:0 108738
108737 48936 0:0 108738
108744 94879 1:0 108744
108751 48785 21:0 108811
108810 48925 21:0 108833
108832 48926 21:0 108840
108839 48927 21:0 108843
108927 49080 0:0 108957
108937 49082 0:0 108957
108956 49083 0:0 108957
108956 49079 0:0 108957
108956 49073 21:0 108957
108956 48779 21:0 108957
108975 49173 21:0 175
