2 48160 21:0 129
128 48165 21:0 176
175 48168 21:0 212
211 48170 21:0 228
227 48172 21:0 228
227 48171 21:0 233
232 48169 21:0 238
237 48259 21:0 238
237 48366 21:0 304
237 48167 21:0 238
237 48163 21:0 238
237 48260 21:0 238
303 48368 21:0 309
311 48401 21:0 328
387 48433 21:0 404
403 48435 21:0 456
458 48465 21:0 466
466 48468 21:0 532
615 48532 21:0 632
631 48533 21:0 684
686 48564 21:0 694
693 48566 21:0 744
762 48597 21:0 770
769 48598 21:0 820
838 48630 21:0 846
845 48632 21:0 896
895 48633 21:0 912
922 48666 21:0 988
987 48665 21:0 993
995 48697 21:0 1012
1011 48698 21:0 1064
1063 48696 21:0 1069
1071 48730 21:0 1088
1147 48763 21:0 1164
1447 48895 21:0 1455
1455 48898 21:0 1521
1520 48897 21:0 1526
1528 48930 21:0 1545
1544 48929 21:0 1597
1599 48961 21:0 1607
1606 48931 21:0 1657
1656 48964 21:0 1673
1672 48963 21:0 1678
1677 48994 21:0 1697
1696 48996 21:0 1749
1748 48962 21:0 1754
1756 49029 21:0 1773
1772 49028 21:0 1825
1827 49060 21:0 1835
1835 49063 21:0 1901
1900 49061 21:0 1906
1905 49062 21:0 1911
1910 49093 21:0 1966
1965 49094 21:0 1979
1978 49095 21:0 1987
1986 49096 21:0 2037
2036 49126 21:0 2053
2052 49127 21:0 2058
2057 49129 21:0 2077
2076 49128 21:0 2129
2128 49159 21:0 2134
2133 49161 21:0 2139
2138 49160 21:0 2194
2193 49162 21:0 2210
2209 49192 21:0 2215
2214 49027 21:0 2265
2264 48995 21:0 2281
2280 48997 21:0 2291
2290 49194 21:0 2313
2312 49195 21:0 2357
2356 48896 21:0 2362
2361 49030 21:0 2381
2380 49228 21:0 2433
2432 48928 21:0 2438
2437 49225 21:0 2443
2442 49226 21:0 2498
2497 49259 21:0 2514
2513 49291 21:0 2519
2518 49258 21:0 2569
2568 49227 21:0 2585
2584 49260 21:0 2592
2591 49327 21:0 2601
2600 49325 21:0 2604
2603 49293 21:0 2611
2608 48763 1:0 2971
2609 48730 1:0 3093
2609 48698 1:0 3209
2610 49292 21:0 2619
2612 48697 1:0 3215
2617 48696 1:0 3225
2618 49261 21:0 2622
2620 48666 1:0 3331
2623 48665 1:0 3338
2623 48633 1:0 3453
2634 328 21:0 2648
2730 48632 1:0 3460
2731 48630 1:0 3469
2731 48598 1:0 3581
2739 48597 1:0 3591
2745 48566 1:0 3704
2852 48564 1:0 3713
2853 48533 1:0 3819
2853 48532 1:0 3825
2861 48468 1:0 4063
2867 48465 1:0 4079
2974 48435 1:0 4185
2975 48433 1:0 4191
2975 48401 1:0 4314
2983 48368 1:0 4436
2989 48366 1:0 4445
2993 329 1:0 5767
4617 50337 21:0 4625
4625 50340 21:0 4691
4693 50370 21:0 4701
4700 50372 21:0 4751
4750 50371 21:0 4767
4766 50373 21:0 4772
4771 50403 21:0 4791
4790 50406 21:0 4843
4845 50436 21:0 4853
4852 50437 21:0 4903
4902 50438 21:0 4919
4918 50439 21:0 4924
4923 50469 21:0 4943
4942 50470 21:0 4995
4994 50472 21:0 5000
4999 50471 21:0 5005
5004 50502 21:0 5060
5059 50505 21:0 5076
5075 50535 21:0 5081
5080 50536 21:0 5131
5130 50537 21:0 5147
5146 50538 21:0 5157
5156 50568 21:0 5179
5178 50339 21:0 5223
5222 50570 21:0 5228
5227 50569 21:0 5247
5246 50338 21:0 5299
5298 50404 21:0 5304
5303 50601 21:0 5309
5308 50636 21:0 5364
5363 50503 21:0 5380
5379 50571 21:0 5385
5384 50405 21:0 5435
5434 50670 21:0 5451
5450 50602 21:0 5456
5455 50634 21:0 5475
5474 50703 21:0 5527
5526 50702 21:0 5532
5531 50604 21:0 5537
5536 50667 21:0 5595
5594 50635 21:0 5608
5607 50734 21:0 5613
5612 50700 21:0 5663
5662 50669 21:0 5679
5678 50668 21:0 5689
5688 50504 21:0 5711
5710 50735 21:0 5755
5754 50768 21:0 5760
5759 50766 21:0 5771
5768 49327 1:0 6031
5770 50603 21:0 5774
5773 50799 21:0 5782
5779 49325 1:0 6038
5780 49292 1:0 6162
5780 49293 1:0 6170
5781 50769 21:0 5785
5786 49291 1:0 6180
5789 49261 1:0 6213
5789 49260 1:0 6293
5795 49259 1:0 6300
5808 329 21:0 5822
5815 49258 1:0 6311
5828 49227 1:0 6344
5910 49228 1:0 6424
5911 49226 1:0 6431
5920 49225 1:0 6442
5920 49195 1:0 6555
5926 49194 1:0 6563
5931 49192 1:0 6573
5959 49162 1:0 6606
6041 49160 1:0 6686
6042 49161 1:0 6694
6051 49159 1:0 6704
6051 49128 1:0 6737
6057 49129 1:0 6817
6077 49127 1:0 6824
6090 49126 1:0 6835
6172 49096 1:0 6868
6173 49095 1:0 6948
6182 49094 1:0 6955
6182 49093 1:0 6966
6188 49062 1:0 6999
6208 49063 1:0 7079
6303 49061 1:0 7086
6304 49060 1:0 7097
6304 49030 1:0 7130
6313 49028 1:0 7210
6313 49029 1:0 7218
6321 49027 1:0 7228
6340 48997 1:0 7261
6434 48995 1:0 7341
6435 48996 1:0 7349
6435 48994 1:0 7359
6444 48962 1:0 7392
6444 48964 1:0 7472
6452 48963 1:0 7480
6471 48961 1:0 7490
6565 48931 1:0 7523
6566 48929 1:0 7603
6575 48930 1:0 7611
6575 48928 1:0 7621
6581 48896 1:0 7654
6585 48898 1:0 7734
6586 330 1:0 9082
6614 48897 1:0 7742
6696 48895 1:0 7752
7937 51780 21:0 7954
7953 51781 21:0 8006
8005 51782 21:0 8011
8010 51812 21:0 8016
8016 51815 21:0 8082
8084 51845 21:0 8092
8091 51847 21:0 8142
8141 51846 21:0 8158
8157 51848 21:0 8163
8162 51878 21:0 8182
8181 51879 21:0 8234
8233 51880 21:0 8239
8238 51881 21:0 8244
8243 51911 21:0 8299
8298 51914 21:0 8315
8314 51944 21:0 8320
8319 51946 21:0 8370
8369 51945 21:0 8386
8385 51947 21:0 8396
8395 51977 21:0 8418
8417 51980 21:0 8462
8464 52010 21:0 8472
8471 52012 21:0 8522
8521 52011 21:0 8538
8537 51978 21:0 8543
8542 51979 21:0 8562
8561 51814 21:0 8614
8613 52013 21:0 8619
8618 52044 21:0 8624
8623 52043 21:0 8679
8678 51913 21:0 8695
8694 51912 21:0 8700
8699 52078 21:0 8750
8749 51779 21:0 8766
8765 52109 21:0 8776
8775 52079 21:0 8798
8797 52045 21:0 8842
8841 52144 21:0 8847
8846 52142 21:0 8866
8865 52112 21:0 8918
8917 52046 21:0 8923
8922 52178 21:0 8928
8927 52176 21:0 8983
8982 52111 21:0 8999
8998 52076 21:0 9004
9003 52208 21:0 9054
9053 51813 21:0 9070
9069 52209 21:0 9077
9076 52243 21:0 9086
9083 50799 1:0 9233
9085 52175 21:0 9089
9088 52143 21:0 9097
9094 50769 1:0 9346
9095 50768 1:0 9354
9095 50766 1:0 9364
9104 50735 1:0 9477
9104 50734 1:0 9484
9110 50703 1:0 9608
9123 330 21:0 9137
9130 50702 1:0 9616
9143 50700 1:0 9626
9225 50668 1:0 9659
9226 50670 1:0 9739
9235 50669 1:0 9747
9235 50667 1:0 9757
9241 50635 1:0 9870
9246 50636 1:0 9878
9274 50634 1:0 9888
9356 50603 1:0 9921
9357 50604 1:0 10001
9366 50602 1:0 10008
9366 50601 1:0 10019
9372 50571 1:0 10052
9392 50569 1:0 10132
9405 50570 1:0 10140
9487 50568 1:0 10150
9488 50538 1:0 10183
9497 50537 1:0 10263
9497 50536 1:0 10270
9503 50535 1:0 10281
9523 50504 1:0 10314
9618 50505 1:0 10394
9619 50503 1:0 10401
9619 50502 1:0 10412
9628 50471 1:0 10445
9628 50472 1:0 10525
9636 50470 1:0 10532
9655 50469 1:0 10543
9749 50439 1:0 10576
9750 50438 1:0 10656
9750 50437 1:0 10663
9759 50436 1:0 10674
9759 50405 1:0 10707
9767 50406 1:0 10787
9786 50404 1:0 10794
9880 50403 1:0 10805
9881 50373 1:0 10838
9890 50371 1:0 10918
9890 50372 1:0 10926
9896 50370 1:0 10936
9900 50338 1:0 10969
9901 331 1:0 12397
9929 50340 1:0 11049
10011 50339 1:0 11057
10012 50337 1:0 11067
11247 53221 21:0 11255
11255 53224 21:0 11321
11323 53254 21:0 11331
11330 53256 21:0 11381
11380 53255 21:0 11397
11396 53257 21:0 11402
11401 53287 21:0 11421
11420 53289 21:0 11473
11472 53288 21:0 11478
11477 53290 21:0 11483
11482 53320 21:0 11538
11537 53323 21:0 11554
11553 53353 21:0 11559
11558 53355 21:0 11609
11608 53354 21:0 11625
11624 53356 21:0 11635
11634 53386 21:0 11657
11656 53387 21:0 11701
11700 53388 21:0 11706
11705 53389 21:0 11725
11724 53419 21:0 11777
11776 53422 21:0 11782
11781 53452 21:0 11787
11786 53222 21:0 11842
11841 53322 21:0 11858
11857 53420 21:0 11863
11862 53223 21:0 11913
11912 53488 21:0 11929
11928 53421 21:0 11936
11935 53453 21:0 11953
11952 53454 21:0 12005
12004 53519 21:0 12010
12009 53518 21:0 12015
12014 53520 21:0 12081
12080 53521 21:0 12086
12085 53321 21:0 12091
12090 53553 21:0 12141
12140 53485 21:0 12157
12156 53486 21:0 12167
12166 53554 21:0 12202
12201 53587 21:0 12233
12232 53585 21:0 12238
12237 53552 21:0 12257
12256 53650 21:0 12309
12308 53620 21:0 12314
12313 53551 21:0 12319
12318 53586 21:0 12374
12373 53455 21:0 12390
12389 53584 21:0 12395
12394 53619 21:0 12401
12400 53651 21:0 12409
12409 52243 1:0 12538
12410 52209 1:0 12668
12410 52208 1:0 12679
12419 52178 1:0 12792
12419 52176 1:0 12799
12425 52175 1:0 12810
12438 331 21:0 12452
12445 52143 1:0 12923
12458 52144 1:0 12931
12540 52142 1:0 12941
12541 52112 1:0 13054
12550 52111 1:0 13062
12550 52109 1:0 13072
12556 52079 1:0 13185
12561 52078 1:0 13193
12589 52076 1:0 13203
12671 52046 1:0 13236
12672 52045 1:0 13316
12681 52044 1:0 13323
12681 52043 1:0 13334
12687 52013 1:0 13367
12707 52011 1:0 13447
12720 52012 1:0 13455
12802 52010 1:0 13465
12803 51979 1:0 13498
12812 51980 1:0 13578
12812 51978 1:0 13585
12818 51977 1:0 13596
12838 51947 1:0 13629
12933 51945 1:0 13709
12934 51946 1:0 13717
12934 51944 1:0 13727
12943 51912 1:0 13760
12943 51914 1:0 13840
12951 51913 1:0 13848
12970 51911 1:0 13858
13064 51881 1:0 13891
13065 51880 1:0 13971
13065 51879 1:0 13978
13074 51878 1:0 13989
13074 51848 1:0 14022
13082 51846 1:0 14102
13101 51847 1:0 14110
13195 51845 1:0 14120
13196 51813 1:0 14153
13205 51815 1:0 14233
13205 51814 1:0 14241
13211 51812 1:0 14251
13215 51782 1:0 14284
13216 332 1:0 15712
13244 51781 1:0 14364
13326 51780 1:0 14371
13327 51779 1:0 14382
14562 54663 21:0 14570
14570 54666 21:0 14636
14638 54696 21:0 14646
14645 54697 21:0 14696
14695 54698 21:0 14712
14711 54699 21:0 14717
14716 54729 21:0 14736
14735 54731 21:0 14788
14787 54730 21:0 14793
14792 54732 21:0 14798
14797 54762 21:0 14853
14852 54765 21:0 14869
14868 54795 21:0 14874
14873 54797 21:0 14924
14923 54796 21:0 14940
14939 54798 21:0 14950
14949 54828 21:0 14972
14971 54829 21:0 15016
15018 54861 21:0 15026
15025 54862 21:0 15076
15075 54863 21:0 15092
15091 54864 21:0 15097
15096 54894 21:0 15116
15115 54830 21:0 15168
15167 54896 21:0 15173
15172 54763 21:0 15178
15177 54664 21:0 15233
15232 54665 21:0 15249
15248 54897 21:0 15254
15253 54928 21:0 15304
15303 54895 21:0 15320
15319 54963 21:0 15330
15329 54929 21:0 15352
15351 54960 21:0 15396
15395 54930 21:0 15401
15400 54962 21:0 15420
15419 55028 21:0 15472
15471 54927 21:0 15477
15476 54961 21:0 15482
15481 54764 21:0 15537
15536 55059 21:0 15553
15552 55026 21:0 15558
15557 55062 21:0 15608
15607 55094 21:0 15624
15623 54995 21:0 15629
15628 55027 21:0 15648
15647 54996 21:0 15700
15699 55061 21:0 15705
15704 55095 21:0 15710
15709 55127 21:0 15719
15718 54994 21:0 15727
15724 53651 1:0 15983
15725 53650 1:0 15994
15725 53620 1:0 16107
15734 53619 1:0 16115
15734 53586 1:0 16158
15740 53587 1:0 16238
15753 332 21:0 15767
15760 53585 1:0 16245
15773 53584 1:0 16256
15855 53552 1:0 16289
15856 53554 1:0 16369
15865 53553 1:0 16377
15865 53551 1:0 16387
15871 53521 1:0 16420
15876 53520 1:0 16500
15904 53519 1:0 16507
15986 53518 1:0 16518
15987 53488 1:0 16631
15996 53486 1:0 16638
15996 53485 1:0 16649
16002 53455 1:0 16682
16022 53454 1:0 16762
16035 53453 1:0 16769
16117 53452 1:0 16780
16118 53421 1:0 16813
16127 53422 1:0 16893
16127 53420 1:0 16900
16133 53419 1:0 16911
16153 53389 1:0 16944
16248 53388 1:0 17024
16249 53387 1:0 17031
16249 53386 1:0 17042
16258 53356 1:0 17075
16258 53354 1:0 17155
16266 53355 1:0 17163
16285 53353 1:0 17173
16379 53321 1:0 17206
16380 53323 1:0 17286
16380 53322 1:0 17294
16389 53320 1:0 17304
16389 53290 1:0 17337
16397 53288 1:0 17417
16416 53289 1:0 17425
16510 53287 1:0 17435
16511 53257 1:0 17468
16520 53255 1:0 17548
16520 53256 1:0 17556
16526 53254 1:0 17566
16530 53223 1:0 17599
16531 333 1:0 19027
16559 53224 1:0 17679
16641 53222 1:0 17686
16642 53221 1:0 17697
17877 56105 21:0 17885
17885 56108 21:0 17951
17953 56138 21:0 17961
17960 56140 21:0 18011
18010 56139 21:0 18027
18026 56141 21:0 18032
18031 56171 21:0 18051
18050 56172 21:0 18103
18102 56173 21:0 18108
18107 56174 21:0 18113
18112 56204 21:0 18168
18167 56207 21:0 18184
18183 56237 21:0 18189
18188 56239 21:0 18239
18238 56238 21:0 18255
18254 56240 21:0 18265
18264 56270 21:0 18287
18286 56271 21:0 18331
18330 56272 21:0 18336
18335 56273 21:0 18355
18354 56303 21:0 18407
18406 56306 21:0 18412
18411 56336 21:0 18417
18416 56206 21:0 18472
18471 56304 21:0 18488
18487 56305 21:0 18493
18492 56106 21:0 18543
18542 56370 21:0 18559
18558 56107 21:0 18564
18563 56371 21:0 18583
18582 56338 21:0 18635
18634 56403 21:0 18640
18639 56369 21:0 18645
18644 56405 21:0 18704
18703 56404 21:0 18716
18715 56339 21:0 18721
18720 56436 21:0 18771
18770 56337 21:0 18787
18786 56435 21:0 18797
18796 56470 21:0 18819
18818 56372 21:0 18863
18862 56501 21:0 18868
18867 56468 21:0 18887
18886 56402 21:0 18939
18938 56469 21:0 18944
18943 56503 21:0 18949
18948 56534 21:0 19004
19003 56570 21:0 19020
19019 56536 21:0 19025
19024 56568 21:0 19031
19030 56205 21:0 19038
19039 55127 1:0 19168
19039 55095 1:0 19291
19040 55094 1:0 19299
19049 55062 1:0 19422
19049 55061 1:0 19430
19055 55059 1:0 19440
19068 333 21:0 19082
19075 55027 1:0 19553
19088 55028 1:0 19561
19170 55026 1:0 19571
19171 54994 1:0 19604
19180 54996 1:0 19684
19180 54995 1:0 19692
19186 54961 1:0 19735
19191 54963 1:0 19815
19219 54962 1:0 19823
19301 54960 1:0 19833
19302 54930 1:0 19866
19311 54929 1:0 19946
19311 54928 1:0 19953
19317 54927 1:0 19964
19337 54895 1:0 19997
19350 54897 1:0 20077
19432 54896 1:0 20085
19433 54894 1:0 20095
19442 54864 1:0 20128
19442 54863 1:0 20208
19448 54862 1:0 20215
19468 54861 1:0 20226
19563 54830 1:0 20339
19564 54829 1:0 20346
19564 54828 1:0 20357
19573 54798 1:0 20390
19573 54796 1:0 20470
19581 54797 1:0 20478
19600 54795 1:0 20488
19694 54764 1:0 20521
19695 54765 1:0 20601
19695 54763 1:0 20608
19704 54762 1:0 20619
19704 54732 1:0 20652
19712 54730 1:0 20732
19731 54731 1:0 20740
19825 54729 1:0 20750
19826 54699 1:0 20783
19835 54698 1:0 20863
19835 54697 1:0 20870
19841 54696 1:0 20881
19845 54665 1:0 20914
19846 334 1:0 22342
19874 54666 1:0 20994
19956 54664 1:0 21001
19957 54663 1:0 21012
21192 57547 21:0 21200
21200 57550 21:0 21266
21268 57580 21:0 21276
21275 57582 21:0 21326
21325 57581 21:0 21342
21341 57583 21:0 21347
21346 57613 21:0 21366
21365 57614 21:0 21418
21417 57615 21:0 21423
21422 57616 21:0 21428
21427 57646 21:0 21483
21482 57649 21:0 21499
21498 57679 21:0 21504
21503 57681 21:0 21554
21553 57680 21:0 21570
21569 57682 21:0 21580
21579 57712 21:0 21602
21601 57713 21:0 21646
21648 57745 21:0 21656
21655 57747 21:0 21706
21705 57746 21:0 21722
21721 57748 21:0 21727
21726 57778 21:0 21746
21745 57549 21:0 21798
21797 57548 21:0 21803
21802 57647 21:0 21808
21807 57812 21:0 21863
21862 57811 21:0 21879
21878 57714 21:0 21884
21883 57813 21:0 21934
21933 57814 21:0 21950
21949 57648 21:0 21960
21959 57779 21:0 21982
21981 57846 21:0 22026
22025 57780 21:0 22031
22030 57781 21:0 22050
22049 57879 21:0 22102
22101 57844 21:0 22107
22106 57912 21:0 22112
22111 57944 21:0 22167
22166 57945 21:0 22183
22182 57845 21:0 22188
22187 57911 21:0 22238
22237 57910 21:0 22254
22253 57913 21:0 22261
22260 57715 21:0 22278
22277 57880 21:0 22330
22329 57977 21:0 22335
22334 58009 21:0 22340
22339 57877 21:0 22349
22348 58010 21:0 22357
22354 56570 1:0 22475
22355 56568 1:0 22482
22355 56536 1:0 22614
22356 57978 21:0 22360
22361 56534 1:0 22624
22364 56503 1:0 22745
22364 56501 1:0 22755
22370 56469 1:0 22868
22383 334 21:0 22397
22390 56470 1:0 22876
22403 56468 1:0 22886
22485 56436 1:0 23006
22486 56435 1:0 23017
22495 56404 1:0 23050
22495 56405 1:0 23130
22501 56403 1:0 23137
22506 56402 1:0 23148
22534 56372 1:0 23181
22616 56371 1:0 23261
22617 56370 1:0 23268
22626 56369 1:0 23279
22626 56337 1:0 23312
22632 56339 1:0 23392
22652 56338 1:0 23400
22665 56336 1:0 23410
22747 56305 1:0 23443
22748 56306 1:0 23523
22757 56304 1:0 23530
22757 56303 1:0 23541
22763 56273 1:0 23574
22783 56272 1:0 23654
22878 56271 1:0 23661
22879 56270 1:0 23672
22879 56240 1:0 23705
22888 56238 1:0 23785
22888 56239 1:0 23793
22896 56237 1:0 23803
22915 56205 1:0 23836
23009 56207 1:0 23916
23010 56206 1:0 23924
23010 56204 1:0 23934
23019 56174 1:0 23967
23019 56173 1:0 24047
23027 56172 1:0 24054
23046 56171 1:0 24065
23140 56141 1:0 24098
23141 56139 1:0 24178
23150 56140 1:0 24186
23150 56138 1:0 24196
23156 56107 1:0 24229
23160 56108 1:0 24309
23161 335 1:0 25657
23189 56106 1:0 24316
23271 56105 1:0 24327
24507 58989 21:0 24515
24515 58992 21:0 24581
24583 59022 21:0 24591
24590 59023 21:0 24641
24640 59024 21:0 24657
24656 59025 21:0 24662
24661 59055 21:0 24681
24680 59057 21:0 24733
24732 59056 21:0 24738
24737 59058 21:0 24743
24742 59088 21:0 24798
24797 59091 21:0 24814
24813 59121 21:0 24819
24818 59123 21:0 24869
24868 59122 21:0 24885
24884 59124 21:0 24895
24894 59154 21:0 24917
24916 59155 21:0 24961
24960 59156 21:0 24966
24965 59187 21:0 24985
24984 59190 21:0 25037
25039 59220 21:0 25047
25046 59221 21:0 25097
25096 58991 21:0 25113
25112 59089 21:0 25118
25117 59157 21:0 25137
25136 59223 21:0 25189
25188 58990 21:0 25194
25193 59253 21:0 25199
25198 59222 21:0 25254
25253 59256 21:0 25270
25269 59286 21:0 25275
25274 59188 21:0 25325
25324 59189 21:0 25341
25340 59287 21:0 25351
25350 59319 21:0 25373
25372 59090 21:0 25417
25416 59288 21:0 25422
25421 59255 21:0 25441
25440 59355 21:0 25493
25492 59322 21:0 25498
25497 59353 21:0 25503
25502 59289 21:0 25558
25557 59420 21:0 25574
25573 59386 21:0 25579
25578 59254 21:0 25629
25628 59320 21:0 25645
25644 59454 21:0 25655
25654 59419 21:0 25661
25658 58010 1:0 25797
25660 59354 21:0 25664
25663 59388 21:0 25672
25669 58009 1:0 25808
25670 57978 1:0 25921
25670 57977 1:0 25928
25679 57945 1:0 26052
25679 57944 1:0 26059
25685 57913 1:0 26103
25698 335 21:0 25712
25705 57911 1:0 26183
25718 57912 1:0 26191
25800 57910 1:0 26201
25801 57880 1:0 26314
25810 57879 1:0 26322
25810 57877 1:0 26332
25816 57845 1:0 26445
25821 57846 1:0 26453
25849 57844 1:0 26463
25931 57814 1:0 26496
25932 57813 1:0 26576
25941 57812 1:0 26583
25941 57811 1:0 26594
25947 57781 1:0 26627
25967 57780 1:0 26707
25980 57779 1:0 26714
26062 57778 1:0 26725
26063 57748 1:0 26758
26072 57746 1:0 26838
26072 57747 1:0 26846
26078 57745 1:0 26856
26098 57715 1:0 26889
26193 57714 1:0 26969
26194 57713 1:0 26976
26194 57712 1:0 26987
26203 57682 1:0 27020
26203 57680 1:0 27100
26211 57681 1:0 27108
26230 57679 1:0 27118
26324 57648 1:0 27151
26325 57649 1:0 27231
26325 57647 1:0 27238
26334 57646 1:0 27249
26334 57616 1:0 27282
26342 57615 1:0 27362
26361 57614 1:0 27369
26455 57613 1:0 27380
26456 57583 1:0 27413
26465 57581 1:0 27493
26465 57582 1:0 27501
26471 57580 1:0 27511
26475 57548 1:0 27544
26476 336 1:0 28972
26504 57550 1:0 27624
26586 57549 1:0 27632
26587 57547 1:0 27642
27822 60431 21:0 27830
27830 60434 21:0 27896
27898 60464 21:0 27906
27905 60466 21:0 27956
27955 60465 21:0 27972
27971 60467 21:0 27977
27976 60497 21:0 27996
27995 60498 21:0 28048
28047 60499 21:0 28053
28052 60500 21:0 28058
28057 60530 21:0 28113
28112 60533 21:0 28129
28128 60563 21:0 28134
28133 60564 21:0 28184
28183 60565 21:0 28200
28199 60566 21:0 28210
28209 60596 21:0 28232
28231 60597 21:0 28276
28275 60598 21:0 28281
28280 60599 21:0 28300
28299 60629 21:0 28352
28351 60632 21:0 28357
28356 60662 21:0 28362
28361 60531 21:0 28417
28416 60630 21:0 28433
28432 60532 21:0 28438
28437 60631 21:0 28488
28487 60696 21:0 28504
28503 60433 21:0 28512
28511 60697 21:0 28528
28527 60698 21:0 28580
28579 60663 21:0 28585
28584 60664 21:0 28590
28589 60730 21:0 28656
28655 60729 21:0 28661
28660 60731 21:0 28666
28665 60728 21:0 28720
28719 60761 21:0 28732
28731 60763 21:0 28742
28741 60797 21:0 28783
28782 60794 21:0 28808
28807 60764 21:0 28813
28812 60665 21:0 28832
28831 60829 21:0 28884
28883 60762 21:0 28889
28888 60432 21:0 28894
28893 60863 21:0 28949
28948 60893 21:0 28965
28964 60830 21:0 28970
28969 60896 21:0 28976
28975 60795 21:0 28987
28984 59454 1:0 29105
28985 59419 1:0 29236
28985 59420 1:0 29244
28986 60861 21:0 28990
28991 59388 1:0 29367
28994 59386 1:0 29374
28994 59354 1:0 29418
29000 59355 1:0 29498
29013 336 21:0 29027
29020 59353 1:0 29505
29033 59322 1:0 29629
29115 59320 1:0 29636
29116 59319 1:0 29647
29125 59289 1:0 29680
29125 59288 1:0 29760
29131 59287 1:0 29767
29136 59286 1:0 29778
29164 59254 1:0 29811
29246 59256 1:0 29891
29247 59255 1:0 29899
29256 59253 1:0 29909
29256 59222 1:0 29942
29262 59223 1:0 30022
29282 59221 1:0 30029
29295 59220 1:0 30040
29377 59189 1:0 30073
29378 59190 1:0 30153
29387 59188 1:0 30160
29387 59187 1:0 30171
29393 59157 1:0 30204
29413 59156 1:0 30284
29508 59155 1:0 30291
29509 59154 1:0 30302
29509 59124 1:0 30335
29518 59122 1:0 30415
29518 59123 1:0 30423
29526 59121 1:0 30433
29545 59090 1:0 30466
29639 59091 1:0 30546
29640 59089 1:0 30553
29640 59088 1:0 30564
29649 59058 1:0 30597
29649 59056 1:0 30677
29657 59057 1:0 30685
29676 59055 1:0 30695
29770 59025 1:0 30728
29771 59024 1:0 30808
29780 59023 1:0 30815
29780 59022 1:0 30826
29786 58990 1:0 30859
29790 58992 1:0 30939
29791 337 1:0 32287
29819 58991 1:0 30947
29901 58989 1:0 30957
31137 61873 21:0 31145
31145 61876 21:0 31211
31213 61906 21:0 31221
31220 61907 21:0 31271
31270 61908 21:0 31287
31286 61909 21:0 31292
31291 61939 21:0 31311
31310 61942 21:0 31363
31365 61972 21:0 31373
31372 61973 21:0 31423
31422 61974 21:0 31439
31438 61975 21:0 31444
31443 62005 21:0 31463
31462 62006 21:0 31515
31514 62007 21:0 31520
31519 62008 21:0 31525
31524 62038 21:0 31580
31579 62041 21:0 31596
31595 62071 21:0 31601
31600 62072 21:0 31651
31650 62073 21:0 31667
31666 62074 21:0 31677
31676 62104 21:0 31699
31698 61875 21:0 31743
31742 62105 21:0 31748
31747 62106 21:0 31767
31766 61874 21:0 31819
31818 61941 21:0 31824
31823 62040 21:0 31829
31828 61940 21:0 31884
31883 62139 21:0 31900
31899 62138 21:0 31905
31904 62170 21:0 31955
31954 62137 21:0 31971
31970 62107 21:0 31981
31980 62205 21:0 31995
31994 62203 21:0 32047
32046 62173 21:0 32052
32051 62238 21:0 32057
32056 62039 21:0 32123
32122 62140 21:0 32128
32127 62206 21:0 32133
32132 62271 21:0 32188
32187 62171 21:0 32199
32198 62237 21:0 32209
32208 62172 21:0 32254
32253 62204 21:0 32275
32274 62270 21:0 32280
32279 62302 21:0 32291
32288 60896 1:0 32420
32290 62335 21:0 32294
32293 62368 21:0 32302
32299 60893 1:0 32438
32300 60863 1:0 32551
32300 60861 1:0 32558
32301 62272 21:0 32311
32309 60830 1:0 32682
32309 60829 1:0 32690
32310 62236 21:0 32314
32312 60797 1:0 32813
32315 60795 1:0 32820
32315 60794 1:0 32831
32328 337 21:0 32342
32335 60762 1:0 32864
32341 62303 21:0 32422
32348 60764 1:0 32944
32402 60763 1:0 32952
32430 60761 1:0 32962
32431 60731 1:0 32995
32440 60729 1:0 33075
32440 60730 1:0 33083
32446 60728 1:0 33093
32451 60698 1:0 33126
32479 60697 1:0 33206
32561 60696 1:0 33213
32562 60665 1:0 33257
32571 60664 1:0 33337
32571 60663 1:0 33344
32577 60662 1:0 33355
32597 60631 1:0 33388
32610 60632 1:0 33468
32692 60630 1:0 33475
32693 60629 1:0 33486
32702 60599 1:0 33519
32702 60598 1:0 33599
32708 60597 1:0 33606
32728 60596 1:0 33617
32823 60566 1:0 33650
32824 60565 1:0 33730
32824 60564 1:0 33737
32833 60563 1:0 33748
32833 60532 1:0 33781
32841 60533 1:0 33861
32860 60531 1:0 33868
32954 60530 1:0 33879
32955 60500 1:0 33912
32955 60499 1:0 33992
32964 60498 1:0 33999
32964 60497 1:0 34010
32972 60467 1:0 34043
32991 60465 1:0 34123
33085 60466 1:0 34131
33086 60464 1:0 34141
33095 60432 1:0 34174
33095 60434 1:0 34254
33101 60433 1:0 34262
33105 60431 1:0 34272
33106 338 1:0 35602
33134 62368 1:0 35622
33216 62335 1:0 35753
34457 63316 21:0 34474
34473 63317 21:0 34526
34525 63318 21:0 34531
34530 63348 21:0 34536
34536 63351 21:0 34602
34604 63381 21:0 34612
34611 63382 21:0 34662
34661 63383 21:0 34678
34677 63384 21:0 34683
34682 63414 21:0 34702
34701 63415 21:0 34754
34753 63416 21:0 34759
34758 63417 21:0 34764
34763 63447 21:0 34819
34818 63450 21:0 34835
34834 63480 21:0 34840
34839 63481 21:0 34890
34889 63482 21:0 34906
34905 63483 21:0 34916
34915 63513 21:0 34938
34937 63516 21:0 34982
34984 63546 21:0 34992
34991 63548 21:0 35042
35041 63547 21:0 35058
35057 63515 21:0 35063
35062 63315 21:0 35082
35081 63549 21:0 35134
35133 63514 21:0 35139
35138 63579 21:0 35144
35143 63582 21:0 35199
35198 63449 21:0 35215
35214 63580 21:0 35220
35219 63581 21:0 35270
35269 63349 21:0 35286
35285 63612 21:0 35296
35295 63614 21:0 35318
35317 63647 21:0 35362
35361 63350 21:0 35367
35366 63613 21:0 35386
35385 63648 21:0 35438
35437 63681 21:0 35443
35442 63646 21:0 35448
35447 63680 21:0 35503
35502 63747 21:0 35519
35518 63713 21:0 35524
35523 63745 21:0 35574
35573 63645 21:0 35590
35589 63780 21:0 35600
35599 63448 21:0 35606
35603 62303 1:0 35873
35605 63678 21:0 35609
35608 63714 21:0 35617
35614 62302 1:0 35884
35615 62272 1:0 35917
35615 62270 1:0 35997
35624 62271 1:0 36005
35624 62237 1:0 36128
35630 62238 1:0 36136
35643 338 21:0 35657
35650 62236 1:0 36146
35663 62204 1:0 36179
35745 62206 1:0 36259
35746 62205 1:0 36267
35755 62203 1:0 36277
35755 62172 1:0 36310
35761 62173 1:0 36390
35766 62171 1:0 36397
35794 62170 1:0 36408
35876 62140 1:0 36441
35877 62138 1:0 36521
35886 62139 1:0 36529
35886 62137 1:0 36539
35892 62107 1:0 36572
35912 62106 1:0 36652
35925 62105 1:0 36659
36007 62104 1:0 36670
36008 62074 1:0 36703
36017 62073 1:0 36783
36017 62072 1:0 36790
36023 62071 1:0 36801
36043 62039 1:0 36834
36138 62041 1:0 36914
36139 62040 1:0 36922
36139 62038 1:0 36932
36148 62008 1:0 36965
36148 62007 1:0 37045
36156 62006 1:0 37052
36175 62005 1:0 37063
36269 61975 1:0 37096
36270 61974 1:0 37176
36270 61973 1:0 37183
36279 61972 1:0 37194
36279 61940 1:0 37227
36287 61942 1:0 37307
36306 61941 1:0 37315
36400 61939 1:0 37325
36401 61909 1:0 37358
36410 61908 1:0 37438
36410 61907 1:0 37445
36416 61906 1:0 37456
36420 61874 1:0 37489
36421 339 1:0 38917
36449 61876 1:0 37569
36531 61875 1:0 37577
36532 61873 1:0 37587
37767 64757 21:0 37775
37775 64760 21:0 37841
37843 64790 21:0 37851
37850 64792 21:0 37901
37900 64791 21:0 37917
37916 64793 21:0 37922
37921 64823 21:0 37941
37940 64824 21:0 37993
37992 64825 21:0 37998
37997 64826 21:0 38003
38002 64856 21:0 38058
38057 64859 21:0 38074
38073 64889 21:0 38079
38078 64890 21:0 38129
38128 64891 21:0 38145
38144 64892 21:0 38155
38154 64922 21:0 38177
38176 64924 21:0 38221
38220 64923 21:0 38226
38225 64925 21:0 38245
38244 64955 21:0 38297
38296 64958 21:0 38302
38301 64988 21:0 38307
38306 64956 21:0 38362
38361 64759 21:0 38378
38377 64989 21:0 38383
38382 64758 21:0 38433
38432 64991 21:0 38449
38448 64990 21:0 38459
38458 65054 21:0 38473
38472 64857 21:0 38525
38524 65024 21:0 38530
38529 65055 21:0 38535
38534 65022 21:0 38601
38600 65089 21:0 38606
38605 65090 21:0 38611
38610 65088 21:0 38661
38660 65122 21:0 38677
38676 65021 21:0 38687
38686 65057 21:0 38717
38716 65087 21:0 38753
38752 65121 21:0 38758
38757 65154 21:0 38777
38776 65153 21:0 38829
38828 65156 21:0 38834
38833 65155 21:0 38839
38838 65186 21:0 38894
38893 65188 21:0 38910
38909 65120 21:0 38915
38914 64957 21:0 38921
38920 65023 21:0 38928
38927 64858 21:0 38935
38929 63780 1:0 39050
38929 63747 1:0 39181
38930 63745 1:0 39188
38936 63714 1:0 39312
38939 63713 1:0 39320
38939 63681 1:0 39443
38945 63680 1:0 39451
38958 339 21:0 38972
38965 63678 1:0 39461
38978 63646 1:0 39494
39060 63648 1:0 39574
39061 63647 1:0 39582
39070 63645 1:0 39592
39070 63613 1:0 39705
39076 63614 1:0 39713
39081 63612 1:0 39723
39109 63581 1:0 39756
39191 63582 1:0 39836
39192 63580 1:0 39843
39201 63579 1:0 39854
39201 63549 1:0 39887
39207 63547 1:0 39967
39227 63548 1:0 39975
39240 63546 1:0 39985
39322 63514 1:0 40018
39323 63516 1:0 40098
39332 63515 1:0 40106
39332 63513 1:0 40116
39338 63483 1:0 40149
39358 63482 1:0 40229
39453 63481 1:0 40236
39454 63480 1:0 40247
39454 63448 1:0 40280
39463 63450 1:0 40360
39463 63449 1:0 40368
39471 63447 1:0 40378
39490 63417 1:0 40411
39584 63416 1:0 40491
39585 63415 1:0 40498
39585 63414 1:0 40509
39594 63384 1:0 40542
39594 63383 1:0 40622
39602 63382 1:0 40629
39621 63381 1:0 40640
39715 63350 1:0 40673
39716 63351 1:0 40753
39725 63349 1:0 40760
39725 63348 1:0 40771
39731 63318 1:0 40804
39735 63317 1:0 40884
39736 340 1:0 42232
39764 63316 1:0 40891
39846 63315 1:0 40902
41082 66199 21:0 41090
41090 66202 21:0 41156
41158 66232 21:0 41166
41165 66234 21:0 41216
41215 66233 21:0 41232
41231 66235 21:0 41237
41236 66265 21:0 41256
41255 66268 21:0 41308
41310 66298 21:0 41318
41317 66300 21:0 41368
41367 66299 21:0 41384
41383 66301 21:0 41389
41388 66331 21:0 41408
41407 66333 21:0 41460
41459 66332 21:0 41465
41464 66334 21:0 41470
41469 66364 21:0 41525
41524 66367 21:0 41541
41540 66397 21:0 41546
41545 66399 21:0 41596
41595 66398 21:0 41612
41611 66400 21:0 41622
41621 66430 21:0 41644
41643 66433 21:0 41688
41687 66267 21:0 41693
41692 66431 21:0 41712
41711 66200 21:0 41764
41763 66201 21:0 41769
41768 66463 21:0 41774
41773 66466 21:0 41829
41828 66465 21:0 41845
41844 66266 21:0 41850
41849 66497 21:0 41900
41899 66464 21:0 41916
41915 66366 21:0 41923
41922 66496 21:0 41940
41939 66499 21:0 41992
41991 66532 21:0 41997
41996 66365 21:0 42002
42001 66531 21:0 42068
42067 66563 21:0 42073
42072 66529 21:0 42078
42077 66598 21:0 42128
42127 66562 21:0 42144
42143 66565 21:0 42154
42153 66498 21:0 42187
42186 66432 21:0 42220
42219 66530 21:0 42225
42224 66595 21:0 42236
42233 65188 1:0 42504
42235 66628 21:0 42239
42238 66664 21:0 42247
42244 65186 1:0 42514
42245 65155 1:0 42547
42245 65156 1:0 42627
42246 66597 21:0 42256
42254 65154 1:0 42634
42254 65153 1:0 42645
42257 65121 1:0 42758
42260 65122 1:0 42766
42273 340 21:0 42287
42280 65120 1:0 42776
42293 65088 1:0 42809
42375 65090 1:0 42889
42376 65089 1:0 42897
42385 65087 1:0 42907
42385 65057 1:0 43020
42391 65055 1:0 43027
42396 65054 1:0 43038
42424 65023 1:0 43071
42506 65024 1:0 43151
42507 65022 1:0 43158
42516 65021 1:0 43169
42516 64990 1:0 43202
42522 64991 1:0 43282
42542 64989 1:0 43289
42555 64988 1:0 43300
42637 64957 1:0 43333
42638 64958 1:0 43413
42647 64956 1:0 43420
42647 64955 1:0 43431
42653 64925 1:0 43464
42673 64923 1:0 43544
42768 64924 1:0 43552
42769 64922 1:0 43562
42769 64892 1:0 43595
42778 64891 1:0 43675
42778 64890 1:0 43682
42786 64889 1:0 43693
42805 64858 1:0 43726
42899 64859 1:0 43806
42900 64857 1:0 43813
42900 64856 1:0 43824
42909 64826 1:0 43857
42909 64825 1:0 43937
42917 64824 1:0 43944
42936 64823 1:0 43955
43030 64793 1:0 43988
43031 64791 1:0 44068
43040 64792 1:0 44076
43040 64790 1:0 44086
43046 64758 1:0 44119
43050 64760 1:0 44199
43051 341 1:0 45547
43079 64759 1:0 44207
43161 64757 1:0 44217
44402 67642 21:0 44419
44418 67643 21:0 44471
44470 67644 21:0 44476
44475 67674 21:0 44481
44481 67677 21:0 44547
44549 67707 21:0 44557
44556 67709 21:0 44607
44606 67708 21:0 44623
44622 67710 21:0 44628
44627 67740 21:0 44647
44646 67742 21:0 44699
44698 67741 21:0 44704
44703 67743 21:0 44709
44708 67773 21:0 44764
44763 67776 21:0 44780
44779 67806 21:0 44785
44784 67808 21:0 44835
44834 67807 21:0 44851
44850 67809 21:0 44861
44860 67839 21:0 44883
44882 67842 21:0 44927
44929 67872 21:0 44937
44936 67873 21:0 44987
44986 67874 21:0 45003
45002 67675 21:0 45008
45007 67905 21:0 45027
45026 67840 21:0 45079
45078 67676 21:0 45084
45083 67641 21:0 45089
45088 67875 21:0 45144
45143 67841 21:0 45160
45159 67906 21:0 45165
45164 67908 21:0 45215
45214 67939 21:0 45231
45230 67974 21:0 45241
45240 67775 21:0 45263
45262 67940 21:0 45307
45306 67971 21:0 45312
45311 67774 21:0 45331
45330 67907 21:0 45383
45382 68006 21:0 45388
45387 68005 21:0 45393
45392 68037 21:0 45448
45447 67973 21:0 45464
45463 67941 21:0 45469
45468 68038 21:0 45519
45518 68103 21:0 45535
45534 68072 21:0 45545
45544 68070 21:0 45551
45548 66664 1:0 45680
45550 68039 21:0 45554
45553 68071 21:0 45562
45559 66628 1:0 45829
45560 66598 1:0 45942
45560 66597 1:0 45950
45561 68104 21:0 45571
45569 66595 1:0 45960
45569 66565 1:0 46073
45570 68136 21:0 45574
45572 66563 1:0 46080
45575 66562 1:0 46091
45575 66530 1:0 46124
45588 341 21:0 45602
45595 66532 1:0 46204
45601 67972 21:0 45682
45608 66531 1:0 46212
45662 66529 1:0 46222
45690 66498 1:0 46255
45691 66499 1:0 46335
45700 66497 1:0 46342
45700 66496 1:0 46353
45706 66464 1:0 46386
45711 66466 1:0 46466
45739 66465 1:0 46474
45821 66463 1:0 46484
45822 66432 1:0 46517
45831 66433 1:0 46597
45831 66431 1:0 46604
45837 66430 1:0 46615
45857 66400 1:0 46648
45870 66398 1:0 46728
45952 66399 1:0 46736
45953 66397 1:0 46746
45962 66365 1:0 46779
45962 66367 1:0 46859
45968 66366 1:0 46867
45988 66364 1:0 46877
46083 66334 1:0 46910
46084 66332 1:0 46990
46084 66333 1:0 46998
46093 66331 1:0 47008
46093 66301 1:0 47041
46101 66299 1:0 47121
46120 66300 1:0 47129
46214 66298 1:0 47139
46215 66266 1:0 47169
46215 66268 1:0 47252
46224 66267 1:0 47260
46224 66265 1:0 47270
46232 66235 1:0 47303
46251 66233 1:0 47383
46345 66234 1:0 47391
46346 66232 1:0 47401
46355 66201 1:0 47434
46355 66202 1:0 47514
46361 66200 1:0 47521
46365 66199 1:0 47532
46366 342 1:0 48862
46394 68136 1:0 48882
46476 68104 1:0 49002
46477 68103 1:0 49013
47712 69083 21:0 47720
47720 69086 21:0 47786
47788 69116 21:0 47796
47795 69117 21:0 47846
47845 69118 21:0 47862
47861 69119 21:0 47867
47866 69149 21:0 47886
47885 69150 21:0 47938
47937 69151 21:0 47943
47942 69152 21:0 47948
47947 69182 21:0 48003
48002 69185 21:0 48019
48018 69215 21:0 48024
48023 69216 21:0 48074
48073 69217 21:0 48090
48089 69218 21:0 48100
48099 69248 21:0 48122
48121 69251 21:0 48166
48168 69281 21:0 48176
48175 69282 21:0 48226
48225 69283 21:0 48242
48241 69284 21:0 48247
48246 69314 21:0 48266
48265 69184 21:0 48318
48317 69249 21:0 48323
48322 69085 21:0 48328
48327 69183 21:0 48383
48382 69084 21:0 48399
48398 69315 21:0 48404
48403 69348 21:0 48454
48453 69349 21:0 48470
48469 69316 21:0 48480
48479 69347 21:0 48502
48501 69413 21:0 48546
48545 69317 21:0 48551
48550 69381 21:0 48570
48569 69350 21:0 48622
48621 69414 21:0 48627
48626 69380 21:0 48632
48631 69449 21:0 48687
48686 69382 21:0 48703
48702 69479 21:0 48708
48707 69250 21:0 48758
48757 69383 21:0 48774
48773 69512 21:0 48784
48783 69481 21:0 48800
48799 69416 21:0 48850
48849 69547 21:0 48855
48854 69447 21:0 48860
48859 69545 21:0 48869
48868 69546 21:0 48877
48874 68071 1:0 49126
48875 68072 1:0 49134
48875 68070 1:0 49144
48876 69578 21:0 48880
48881 68039 1:0 49257
48884 68038 1:0 49264
48884 68037 1:0 49275
48890 68005 1:0 49388
48903 342 21:0 48917
48910 68006 1:0 49396
48923 67972 1:0 49439
49005 67974 1:0 49519
49006 67973 1:0 49527
49015 67971 1:0 49537
49015 67941 1:0 49570
49021 67940 1:0 49650
49026 67939 1:0 49657
49054 67907 1:0 49701
49136 67908 1:0 49781
49137 67906 1:0 49788
49146 67905 1:0 49799
49146 67875 1:0 49832
49152 67874 1:0 49912
49172 67873 1:0 49919
49185 67872 1:0 49930
49267 67841 1:0 49963
49268 67842 1:0 50043
49277 67840 1:0 50050
49277 67839 1:0 50061
49283 67809 1:0 50094
49303 67807 1:0 50174
49398 67808 1:0 50182
49399 67806 1:0 50192
49399 67774 1:0 50225
49408 67776 1:0 50305
49408 67775 1:0 50313
49416 67773 1:0 50323
49435 67743 1:0 50356
49529 67741 1:0 50436
49530 67742 1:0 50444
49530 67740 1:0 50454
49539 67710 1:0 50487
49539 67708 1:0 50567
49547 67709 1:0 50575
49566 67707 1:0 50585
49660 67676 1:0 50618
49661 67677 1:0 50698
49670 67675 1:0 50705
49670 67674 1:0 50716
49676 67644 1:0 50749
49680 67643 1:0 50829
49681 343 1:0 52177
49709 67642 1:0 50836
49791 67641 1:0 50847
51027 70525 21:0 51035
51035 70528 21:0 51101
51103 70558 21:0 51111
51110 70560 21:0 51161
51160 70559 21:0 51177
51176 70561 21:0 51182
51181 70591 21:0 51201
51200 70594 21:0 51253
51255 70624 21:0 51263
51262 70626 21:0 51313
51312 70625 21:0 51329
51328 70627 21:0 51334
51333 70657 21:0 51353
51352 70659 21:0 51405
51404 70658 21:0 51410
51409 70660 21:0 51415
51414 70690 21:0 51470
51469 70693 21:0 51486
51485 70723 21:0 51491
51490 70724 21:0 51541
51540 70725 21:0 51557
51556 70726 21:0 51567
51566 70756 21:0 51589
51588 70758 21:0 51633
51632 70759 21:0 51638
51637 70691 21:0 51657
51656 70692 21:0 51709
51708 70526 21:0 51714
51713 70790 21:0 51719
51718 70792 21:0 51774
51773 70592 21:0 51790
51789 70527 21:0 51795
51794 70822 21:0 51845
51844 70789 21:0 51861
51860 70823 21:0 51871
51870 70858 21:0 51885
51884 70593 21:0 51937
51936 70825 21:0 51942
51941 70757 21:0 51947
51946 70857 21:0 52013
52012 70824 21:0 52018
52017 70921 21:0 52023
52022 70891 21:0 52078
52077 70924 21:0 52089
52088 70922 21:0 52099
52098 70955 21:0 52144
52143 70890 21:0 52165
52164 70956 21:0 52170
52169 70856 21:0 52181
52178 69578 1:0 52197
52180 70791 21:0 52184
52183 70888 21:0 52192
52189 69546 1:0 52310
52190 69547 1:0 52318
52190 69545 1:0 52328
52191 70855 21:0 52201
52199 69512 1:0 52459
52199 69481 1:0 52580
52200 70988 21:0 52204
52202 69479 1:0 52590
52205 69449 1:0 52703
52205 69447 1:0 52710
52218 343 21:0 52232
52225 69416 1:0 52834
52238 69414 1:0 52841
52320 69413 1:0 52852
52321 69383 1:0 52885
52330 69382 1:0 52965
52330 69381 1:0 52972
52336 69380 1:0 52983
52341 69350 1:0 53016
52369 69349 1:0 53096
52451 69348 1:0 53103
52452 69347 1:0 53114
52461 69317 1:0 53147
52461 69316 1:0 53227
52467 69315 1:0 53234
52487 69314 1:0 53245
52500 69284 1:0 53278
52582 69283 1:0 53358
52583 69282 1:0 53365
52592 69281 1:0 53376
52592 69250 1:0 53409
52598 69251 1:0 53489
52618 69249 1:0 53496
52713 69248 1:0 53507
52714 69218 1:0 53540
52714 69217 1:0 53620
52723 69216 1:0 53627
52723 69215 1:0 53638
52731 69183 1:0 53671
52750 69185 1:0 53751
52844 69184 1:0 53759
52845 69182 1:0 53769
52845 69152 1:0 53802
52854 69151 1:0 53882
52854 69150 1:0 53889
52862 69149 1:0 53900
52881 69119 1:0 53933
52975 69118 1:0 54013
52976 69117 1:0 54020
52985 69116 1:0 54031
52985 69084 1:0 54064
52991 69086 1:0 54144
52995 69085 1:0 54152
52996 344 1:0 55492
53024 69083 1:0 54162
53106 70988 1:0 55632
54347 71968 21:0 54364
54363 71969 21:0 54416
54415 71970 21:0 54421
54420 72000 21:0 54426
54426 72003 21:0 54492
54494 72033 21:0 54502
54501 72034 21:0 54552
54551 72035 21:0 54568
54567 72036 21:0 54573
54572 72066 21:0 54592
54591 72067 21:0 54644
54643 72068 21:0 54649
54648 72069 21:0 54654
54653 72099 21:0 54709
54708 72102 21:0 54725
54724 72132 21:0 54730
54729 72134 21:0 54780
54779 72133 21:0 54796
54795 72135 21:0 54806
54805 72165 21:0 54828
54827 72168 21:0 54872
54874 72198 21:0 54882
54881 72200 21:0 54932
54931 72199 21:0 54948
54947 72167 21:0 54953
54952 72100 21:0 54972
54971 72201 21:0 55024
55023 72166 21:0 55029
55028 72233 21:0 55034
55033 72234 21:0 55089
55088 72001 21:0 55105
55104 72264 21:0 55110
55109 72265 21:0 55160
55159 72232 21:0 55176
55175 72299 21:0 55186
55185 72267 21:0 55208
55207 72332 21:0 55252
55251 72330 21:0 55257
55256 72331 21:0 55276
55275 72300 21:0 55328
55327 72002 21:0 55333
55332 72298 21:0 55338
55337 72297 21:0 55393
55392 72363 21:0 55409
55408 72398 21:0 55414
55413 71967 21:0 55464
55463 72365 21:0 55480
55479 72396 21:0 55490
55489 72431 21:0 55496
55493 70956 1:0 55756
55495 72366 21:0 55499
55498 72432 21:0 55507
55504 70955 1:0 55763
55505 70924 1:0 55887
55505 70922 1:0 55894
55506 72333 21:0 55516
55514 70921 1:0 55905
55514 70891 1:0 56018
55517 70890 1:0 56026
55520 70888 1:0 56036
55533 344 21:0 55547
55540 70856 1:0 56069
55553 70858 1:0 56149
55635 70857 1:0 56157
55636 70855 1:0 56167
55645 70824 1:0 56200
55645 70825 1:0 56280
55651 70823 1:0 56287
55656 70822 1:0 56298
55684 70791 1:0 56331
55766 70792 1:0 56411
55767 70790 1:0 56418
55776 70789 1:0 56429
55776 70757 1:0 56462
55782 70759 1:0 56542
55802 70758 1:0 56550
55815 70756 1:0 56560
55897 70726 1:0 56593
55898 70725 1:0 56673
55907 70724 1:0 56680
55907 70723 1:0 56691
55913 70692 1:0 56724
55933 70693 1:0 56804
56028 70691 1:0 56811
56029 70690 1:0 56822
56029 70660 1:0 56855
56038 70658 1:0 56935
56038 70659 1:0 56943
56046 70657 1:0 56953
56065 70627 1:0 56986
56159 70625 1:0 57066
56160 70626 1:0 57074
56160 70624 1:0 57084
56169 70593 1:0 57117
56169 70594 1:0 57197
56177 70592 1:0 57204
56196 70591 1:0 57215
56290 70561 1:0 57248
56291 70559 1:0 57328
56300 70560 1:0 57336
56300 70558 1:0 57346
56306 70527 1:0 57379
56310 70528 1:0 57459
56311 345 1:0 58807
56339 70526 1:0 57466
56421 70525 1:0 57477
57657 73409 21:0 57665
57665 73412 21:0 57731
57733 73442 21:0 57741
57740 73444 21:0 57791
57790 73443 21:0 57807
57806 73445 21:0 57812
57811 73475 21:0 57831
57830 73476 21:0 57883
57882 73477 21:0 57888
57887 73478 21:0 57893
57892 73508 21:0 57948
57947 73511 21:0 57964
57963 73541 21:0 57969
57968 73543 21:0 58019
58018 73542 21:0 58035
58034 73544 21:0 58045
58044 73574 21:0 58067
58066 73577 21:0 58111
58113 73607 21:0 58121
58120 73609 21:0 58171
58170 73608 21:0 58187
58186 73610 21:0 58192
58191 73640 21:0 58211
58210 73509 21:0 58263
58262 73576 21:0 58268
58267 73411 21:0 58273
58272 73410 21:0 58328
58327 73674 21:0 58344
58343 73510 21:0 58349
58348 73642 21:0 58399
58398 73575 21:0 58415
58417 73739 21:0 58425
58424 73643 21:0 58475
58474 73673 21:0 58491
58490 73641 21:0 58496
58495 73675 21:0 58515
58514 73741 21:0 58567
58566 73772 21:0 58572
58571 73774 21:0 58577
58576 73708 21:0 58632
58631 73676 21:0 58648
58647 73740 21:0 58653
58652 73706 21:0 58703
58702 73807 21:0 58719
58718 73773 21:0 58729
58728 73841 21:0 58751
58750 73742 21:0 58795
58794 73838 21:0 58800
58799 73709 21:0 58811
58808 72432 1:0 58940
58810 73839 21:0 58814
58813 73806 21:0 58822
58819 72431 1:0 58948
58820 72398 1:0 59079
58820 72396 1:0 59089
58821 73873 21:0 58825
58826 72366 1:0 59202
58829 72365 1:0 59210
58829 72363 1:0 59220
58835 72333 1:0 59253
58848 345 21:0 58862
58855 72331 1:0 59333
58868 72332 1:0 59341
58950 72330 1:0 59351
58951 72298 1:0 59384
58960 72300 1:0 59464
58960 72299 1:0 59472
58966 72297 1:0 59482
58971 72267 1:0 59595
58999 72265 1:0 59602
59081 72264 1:0 59613
59082 72232 1:0 59646
59091 72234 1:0 59726
59091 72233 1:0 59734
59097 72201 1:0 59777
59117 72199 1:0 59857
59130 72200 1:0 59865
59212 72198 1:0 59875
59213 72166 1:0 59908
59222 72168 1:0 59988
59222 72167 1:0 59996
59228 72165 1:0 60006
59248 72135 1:0 60039
59343 72133 1:0 60119
59344 72134 1:0 60127
59344 72132 1:0 60137
59353 72102 1:0 60250
59353 72100 1:0 60257
59361 72099 1:0 60268
59380 72069 1:0 60301
59474 72068 1:0 60381
59475 72067 1:0 60388
59475 72066 1:0 60399
59484 72036 1:0 60432
59484 72035 1:0 60512
59492 72034 1:0 60519
59511 72033 1:0 60530
59605 72002 1:0 60563
59606 72003 1:0 60643
59615 72001 1:0 60650
59615 72000 1:0 60661
59621 71970 1:0 60694
59625 71969 1:0 60774
59626 346 1:0 62122
59654 71968 1:0 60781
59736 71967 1:0 60792
60972 74851 21:0 60980
60980 74854 21:0 61046
61048 74884 21:0 61056
61055 74885 21:0 61106
61105 74886 21:0 61122
61121 74887 21:0 61127
61126 74917 21:0 61146
61145 74920 21:0 61198
61200 74950 21:0 61208
61207 74951 21:0 61258
61257 74952 21:0 61274
61273 74953 21:0 61279
61278 74983 21:0 61298
61297 74984 21:0 61350
61349 74985 21:0 61355
61354 74986 21:0 61360
61359 75016 21:0 61415
61414 75019 21:0 61431
61430 75049 21:0 61436
61435 75050 21:0 61486
61485 75051 21:0 61502
61501 75052 21:0 61512
61511 75082 21:0 61534
61533 75085 21:0 61578
61577 75018 21:0 61583
61582 75017 21:0 61602
61601 74852 21:0 61654
61653 75117 21:0 61659
61658 75083 21:0 61664
61663 75116 21:0 61719
61718 74853 21:0 61735
61734 74919 21:0 61740
61739 75115 21:0 61790
61789 75084 21:0 61806
61805 74918 21:0 61816
61815 75148 21:0 61830
61829 75184 21:0 61882
61881 75150 21:0 61887
61886 75151 21:0 61892
61891 75247 21:0 61958
61957 75216 21:0 61963
61962 75215 21:0 61968
61967 75183 21:0 62023
62022 75182 21:0 62034
62033 75149 21:0 62044
62043 75249 21:0 62094
62093 75214 21:0 62110
62109 75280 21:0 62115
62114 75181 21:0 62126
62123 73873 1:0 62263
62125 75313 21:0 62129
62128 75217 21:0 62137
62134 73841 1:0 62386
62135 73839 1:0 62393
62135 73838 1:0 62404
62136 75316 21:0 62146
62144 73806 1:0 62517
62144 73807 1:0 62525
62145 75283 21:0 62149
62147 73773 1:0 62648
62150 73774 1:0 62656
62150 73772 1:0 62666
62163 346 21:0 62177
62170 73742 1:0 62699
62176 75250 21:0 62257
62183 73740 1:0 62779
62237 73741 1:0 62787
62256 75118 21:0 62260
62258 73739 1:0 62797
62265 73709 1:0 62910
62266 73708 1:0 62918
62275 73706 1:0 62928
62275 73676 1:0 62961
62281 73675 1:0 63041
62286 73674 1:0 63048
62314 73673 1:0 63059
62396 73641 1:0 63092
62397 73643 1:0 63172
62406 73642 1:0 63180
62406 73640 1:0 63190
62412 73610 1:0 63223
62432 73608 1:0 63303
62445 73609 1:0 63311
62527 73607 1:0 63321
62528 73575 1:0 63354
62537 73577 1:0 63434
62537 73576 1:0 63442
62543 73574 1:0 63452
62563 73544 1:0 63485
62658 73542 1:0 63565
62659 73543 1:0 63573
62659 73541 1:0 63583
62668 73510 1:0 63616
62668 73511 1:0 63696
62676 73509 1:0 63703
62695 73508 1:0 63714
62789 73478 1:0 63747
62790 73477 1:0 63827
62790 73476 1:0 63834
62799 73475 1:0 63845
62799 73445 1:0 63878
62807 73443 1:0 63958
62826 73444 1:0 63966
62838 347 1:0 65437
62920 73442 1:0 63976
62921 73410 1:0 64009
62930 73412 1:0 64089
62930 73411 1:0 64097
62936 73409 1:0 64107
62941 75316 1:0 65570
62969 75313 1:0 65588
63051 75283 1:0 65701
64292 76295 21:0 64309
64308 76294 21:0 64361
64360 76296 21:0 64366
64365 76326 21:0 64371
64371 76329 21:0 64437
64439 76359 21:0 64447
64446 76360 21:0 64497
64496 76361 21:0 64513
64512 76362 21:0 64518
64517 76392 21:0 64537
64536 76393 21:0 64589
64588 76394 21:0 64594
64593 76395 21:0 64599
64598 76425 21:0 64654
64653 76428 21:0 64670
64669 76458 21:0 64675
64674 76460 21:0 64725
64724 76459 21:0 64741
64740 76461 21:0 64751
64750 76491 21:0 64773
64772 76494 21:0 64817
64819 76524 21:0 64827
64826 76526 21:0 64877
64876 76525 21:0 64893
64892 76527 21:0 64898
64897 76293 21:0 64917
64916 76328 21:0 64969
64968 76427 21:0 64974
64973 76493 21:0 64979
64978 76426 21:0 65034
65033 76557 21:0 65050
65049 76590 21:0 65055
65054 76558 21:0 65105
65104 76492 21:0 65121
65120 76327 21:0 65131
65130 76591 21:0 65153
65152 76560 21:0 65197
65196 76559 21:0 65202
65201 76593 21:0 65221
65220 76656 21:0 65273
65272 76658 21:0 65278
65277 76657 21:0 65283
65282 76690 21:0 65338
65337 76689 21:0 65354
65353 76623 21:0 65359
65358 76723 21:0 65409
65408 76692 21:0 65425
65424 76724 21:0 65435
65434 76758 21:0 65441
65438 75280 1:0 65719
65440 76722 21:0 65444
65443 76756 21:0 65452
65449 75250 1:0 65832
65450 75249 1:0 65840
65450 75247 1:0 65850
65459 75217 1:0 65883
65459 75215 1:0 65963
65465 75216 1:0 65971
65478 347 21:0 65492
65485 75214 1:0 65981
65498 75182 1:0 66014
65580 75184 1:0 66094
65581 75183 1:0 66102
65590 75181 1:0 66112
65590 75149 1:0 66145
65596 75151 1:0 66225
65601 75150 1:0 66233
65629 75148 1:0 66243
65711 75118 1:0 66276
65712 75116 1:0 66356
65721 75117 1:0 66364
65721 75115 1:0 66374
65727 75084 1:0 66407
65747 75085 1:0 66487
65760 75083 1:0 66494
65842 75082 1:0 66505
65843 75052 1:0 66538
65852 75051 1:0 66618
65852 75050 1:0 66625
65858 75049 1:0 66636
65878 75017 1:0 66669
65973 75019 1:0 66749
65974 75018 1:0 66757
65974 75016 1:0 66767
65983 74986 1:0 66800
65983 74985 1:0 66880
65991 74984 1:0 66887
66010 74983 1:0 66898
66104 74953 1:0 66931
66105 74952 1:0 67011
66105 74951 1:0 67018
66114 74950 1:0 67029
66114 74918 1:0 67062
66122 74920 1:0 67142
66141 74919 1:0 67150
66235 74917 1:0 67160
66236 74887 1:0 67193
66245 74886 1:0 67273
66245 74885 1:0 67280
66251 74884 1:0 67291
66255 74853 1:0 67324
66256 348 1:0 68752
66284 74854 1:0 67404
66366 74852 1:0 67411
66367 74851 1:0 67422
67602 77735 21:0 67610
67610 77738 21:0 67676
67678 77768 21:0 67686
67685 77770 21:0 67736
67735 77769 21:0 67752
67751 77771 21:0 67757
67756 77801 21:0 67776
67775 77802 21:0 67828
67827 77803 21:0 67833
67832 77804 21:0 67838
67837 77834 21:0 67893
67892 77835 21:0 67909
67908 77836 21:0 67914
67913 77837 21:0 67964
67963 77867 21:0 67980
67979 77870 21:0 67990
67989 77900 21:0 68012
68011 77901 21:0 68056
68055 77902 21:0 68061
68060 77903 21:0 68080
68079 77933 21:0 68132
68131 77936 21:0 68137
68136 77966 21:0 68142
68141 77935 21:0 68197
68196 77869 21:0 68213
68212 77737 21:0 68218
68217 77868 21:0 68268
68267 77967 21:0 68284
68283 78000 21:0 68289
68288 78001 21:0 68308
68307 77934 21:0 68360
68359 78034 21:0 68365
68364 78035 21:0 68370
68369 78002 21:0 68433
68432 78068 21:0 68441
68440 77736 21:0 68446
68445 77968 21:0 68496
68495 77999 21:0 68512
68511 78098 21:0 68522
68521 78066 21:0 68550
68549 78131 21:0 68588
68587 78033 21:0 68593
68592 78032 21:0 68612
68611 78133 21:0 68664
68663 78164 21:0 68669
68668 78100 21:0 68674
68673 78101 21:0 68729
68728 78134 21:0 68745
68744 78199 21:0 68750
68749 78198 21:0 68756
68755 78200 21:0 68763
68762 78132 21:0 68770
68764 76758 1:0 68885
68764 76756 1:0 68892
68765 76724 1:0 69016
68771 76723 1:0 69023
68774 76722 1:0 69034
68774 76692 1:0 69147
68780 76690 1:0 69154
68793 348 21:0 68807
68800 76689 1:0 69165
68813 76657 1:0 69278
68895 76658 1:0 69286
68896 76656 1:0 69296
68905 76623 1:0 69427
68905 76593 1:0 69540
68911 76591 1:0 69547
68916 76590 1:0 69558
68944 76559 1:0 69591
69026 76560 1:0 69671
69027 76558 1:0 69678
69036 76557 1:0 69689
69036 76527 1:0 69722
69042 76525 1:0 69802
69062 76526 1:0 69810
69075 76524 1:0 69820
69157 76492 1:0 69853
69158 76494 1:0 69933
69167 76493 1:0 69941
69167 76491 1:0 69951
69173 76461 1:0 69984
69193 76459 1:0 70064
69288 76460 1:0 70072
69289 76458 1:0 70082
69289 76426 1:0 70115
69298 76428 1:0 70195
69298 76427 1:0 70203
69306 76425 1:0 70213
69325 76395 1:0 70246
69419 76394 1:0 70326
69420 76393 1:0 70333
69420 76392 1:0 70344
69429 76362 1:0 70377
69429 76361 1:0 70457
69437 76360 1:0 70464
69456 76359 1:0 70475
69550 76327 1:0 70508
69551 76329 1:0 70588
69560 76328 1:0 70596
69560 76326 1:0 70606
69566 76296 1:0 70639
69570 76294 1:0 70719
69571 349 1:0 72067
69599 76295 1:0 70727
69681 76293 1:0 70737
70917 79177 21:0 70925
70925 79180 21:0 70991
70993 79210 21:0 71001
71000 79211 21:0 71051
71050 79212 21:0 71067
71066 79213 21:0 71072
71071 79243 21:0 71091
71090 79246 21:0 71143
71145 79276 21:0 71153
71152 79278 21:0 71203
71202 79279 21:0 71219
71218 79277 21:0 71224
71223 79309 21:0 71243
71242 79311 21:0 71295
71294 79310 21:0 71300
71299 79312 21:0 71305
71304 79342 21:0 71360
71359 79345 21:0 71376
71375 79375 21:0 71381
71380 79376 21:0 71431
71430 79377 21:0 71447
71446 79378 21:0 71457
71456 79408 21:0 71479
71478 79411 21:0 71523
71522 79343 21:0 71528
71527 79409 21:0 71547
71546 79344 21:0 71599
71598 79244 21:0 71604
71603 79444 21:0 71609
71608 79245 21:0 71664
71663 79474 21:0 71680
71679 79443 21:0 71685
71684 79178 21:0 71735
71734 79441 21:0 71751
71750 79476 21:0 71761
71760 79477 21:0 71775
71774 79541 21:0 71827
71826 79542 21:0 71832
71831 79540 21:0 71837
71836 79410 21:0 71903
71902 79179 21:0 71908
71907 79475 21:0 71913
71912 79510 21:0 71968
71967 79442 21:0 71979
71978 79508 21:0 71989
71988 79543 21:0 72034
72033 79607 21:0 72055
72054 79573 21:0 72060
72059 79507 21:0 72071
72068 78200 1:0 72120
72070 79639 21:0 72074
72073 79575 21:0 72082
72079 78198 1:0 72200
72080 78199 1:0 72208
72080 78164 1:0 72349
72081 79576 21:0 72091
72089 78132 1:0 72382
72089 78134 1:0 72462
72090 79672 21:0 72094
72092 78133 1:0 72470
72095 78131 1:0 72480
72095 78101 1:0 72593
72108 349 21:0 72122
72115 78100 1:0 72601
72121 79608 21:0 72202
72128 78098 1:0 72611
72182 78068 1:0 72724
72201 79574 21:0 72205
72203 78066 1:0 72731
72210 78033 1:0 72775
72211 78035 1:0 72855
72220 78034 1:0 72863
72220 78032 1:0 72873
72226 78002 1:0 72906
72231 78001 1:0 72986
72259 78000 1:0 72993
72341 77999 1:0 73004
72342 77968 1:0 73117
72351 77967 1:0 73124
72351 77966 1:0 73135
72357 77934 1:0 73168
72377 77936 1:0 73248
72390 77935 1:0 73256
72472 77933 1:0 73266
72473 77903 1:0 73299
72482 77902 1:0 73379
72482 77901 1:0 73386
72488 77900 1:0 73397
72508 77868 1:0 73430
72603 77870 1:0 73510
72604 77869 1:0 73518
72604 77867 1:0 73528
72613 77837 1:0 73561
72613 77836 1:0 73641
72621 77835 1:0 73648
72640 77834 1:0 73659
72734 77804 1:0 73692
72735 77803 1:0 73772
72735 77802 1:0 73779
72744 77801 1:0 73790
72744 77771 1:0 73823
72752 77769 1:0 73903
72771 77770 1:0 73911
72783 350 1:0 75382
72865 77768 1:0 73921
72866 77736 1:0 73954
72875 77738 1:0 74034
72875 77737 1:0 74042
72881 77735 1:0 74052
72886 79672 1:0 75402
72914 79639 1:0 75533
72996 79608 1:0 75646
74237 80620 21:0 74254
74253 80622 21:0 74306
74305 80621 21:0 74311
74310 80652 21:0 74316
74316 80655 21:0 74382
74384 80685 21:0 74392
74391 80687 21:0 74442
74441 80686 21:0 74458
74457 80688 21:0 74463
74462 80718 21:0 74482
74481 80720 21:0 74534
74533 80719 21:0 74539
74538 80721 21:0 74544
74543 80751 21:0 74599
74598 80754 21:0 74615
74614 80784 21:0 74620
74619 80785 21:0 74670
74669 80753 21:0 74686
74688 80817 21:0 74696
74695 80819 21:0 74746
74745 80818 21:0 74762
74761 80820 21:0 74767
74766 80850 21:0 74786
74785 80752 21:0 74838
74837 80653 21:0 74843
74845 80884 21:0 74862
74861 80851 21:0 74914
74913 80853 21:0 74919
74918 80852 21:0 74924
74923 80886 21:0 74990
74989 80619 21:0 74995
74994 80787 21:0 75000
74999 80918 21:0 75053
75052 80786 21:0 75066
75065 80916 21:0 75076
75075 80949 21:0 75117
75116 80654 21:0 75142
75141 80917 21:0 75147
75146 80883 21:0 75166
75165 80919 21:0 75218
75217 80983 21:0 75223
75222 81017 21:0 75228
75227 81018 21:0 75283
75282 80885 21:0 75299
75298 80984 21:0 75304
75303 80985 21:0 75354
75353 81049 21:0 75370
75369 81050 21:0 75380
75379 81081 21:0 75386
75383 79607 1:0 75653
75385 80952 21:0 75389
75388 81083 21:0 75397
75394 79574 1:0 75697
75395 79576 1:0 75777
75395 79575 1:0 75785
75396 81051 21:0 75406
75404 79573 1:0 75795
75404 79543 1:0 75828
75407 79542 1:0 75908
75410 79541 1:0 75915
75423 350 21:0 75437
75430 79540 1:0 75926
75443 79510 1:0 76039
75525 79508 1:0 76046
75526 79507 1:0 76057
75535 79475 1:0 76090
75535 79477 1:0 76170
75541 79476 1:0 76178
75546 79474 1:0 76188
75574 79442 1:0 76221
75656 79444 1:0 76301
75657 79443 1:0 76309
75666 79441 1:0 76319
75666 79410 1:0 76352
75672 79411 1:0 76432
75692 79409 1:0 76439
75705 79408 1:0 76450
75787 79378 1:0 76483
75788 79377 1:0 76563
75797 79376 1:0 76570
75797 79375 1:0 76581
75803 79344 1:0 76614
75823 79345 1:0 76694
75918 79343 1:0 76701
75919 79342 1:0 76712
75919 79312 1:0 76745
75928 79310 1:0 76825
75928 79311 1:0 76833
75936 79309 1:0 76843
75955 79277 1:0 76876
76049 79279 1:0 76956
76050 79278 1:0 76964
76050 79276 1:0 76974
76059 79245 1:0 77007
76059 79246 1:0 77087
76067 79244 1:0 77094
76086 79243 1:0 77105
76180 79213 1:0 77138
76181 79212 1:0 77218
76190 79211 1:0 77225
76190 79210 1:0 77236
76196 79179 1:0 77269
76200 79180 1:0 77349
76201 351 1:0 78697
76229 79178 1:0 77356
76311 79177 1:0 77367
76312 81083 1:0 78838
77547 82061 21:0 77555
77555 82064 21:0 77621
77623 82094 21:0 77631
77630 82095 21:0 77681
77680 82096 21:0 77697
77696 82097 21:0 77702
77701 82127 21:0 77721
77720 82129 21:0 77773
77772 82128 21:0 77778
77777 82130 21:0 77783
77782 82160 21:0 77838
77837 82163 21:0 77854
77853 82193 21:0 77859
77858 82195 21:0 77909
77908 82194 21:0 77925
77924 82196 21:0 77935
77934 82226 21:0 77957
77956 82227 21:0 78001
78000 82228 21:0 78006
78005 82229 21:0 78025
78024 82259 21:0 78077
78076 82262 21:0 78082
78081 82292 21:0 78087
78086 82294 21:0 78142
78141 82293 21:0 78158
78157 82161 21:0 78163
78162 82162 21:0 78213
78212 82260 21:0 78229
78228 82063 21:0 78236
78235 82295 21:0 78253
78252 82328 21:0 78305
78304 82062 21:0 78310
78309 82358 21:0 78315
78314 82261 21:0 78381
78380 82361 21:0 78386
78385 82360 21:0 78391
78390 82326 21:0 78441
78440 82425 21:0 78457
78456 82427 21:0 78467
78466 82393 21:0 78506
78505 82325 21:0 78533
78532 82458 21:0 78538
78537 82392 21:0 78557
78556 82460 21:0 78609
78608 82426 21:0 78614
78613 82490 21:0 78619
78618 82459 21:0 78674
78673 82493 21:0 78690
78689 82394 21:0 78695
78694 82524 21:0 78701
78700 82391 21:0 78709
78708 82457 21:0 78715
78709 81081 1:0 78848
78710 81051 1:0 78881
78710 81050 1:0 78961
78716 81049 1:0 78968
78719 81018 1:0 79092
78719 81017 1:0 79100
78725 80985 1:0 79143
78738 351 21:0 78752
78745 80984 1:0 79223
78758 80983 1:0 79230
78840 80952 1:0 79354
78841 80949 1:0 79372
78850 80919 1:0 79405
78850 80917 1:0 79485
78856 80918 1:0 79493
78861 80916 1:0 79503
78889 80885 1:0 79536
78971 80886 1:0 79616
78972 80884 1:0 79623
78981 80883 1:0 79634
78981 80852 1:0 79667
78987 80853 1:0 79747
79007 80851 1:0 79754
79020 80850 1:0 79765
79102 80820 1:0 79798
79103 80818 1:0 79878
79112 80819 1:0 79886
79112 80817 1:0 79896
79118 80786 1:0 79929
79138 80787 1:0 80009
79233 80785 1:0 80016
79234 80784 1:0 80027
79234 80752 1:0 80060
79243 80754 1:0 80140
79243 80753 1:0 80148
79251 80751 1:0 80158
79270 80721 1:0 80191
79364 80719 1:0 80271
79365 80720 1:0 80279
79365 80718 1:0 80289
79374 80688 1:0 80322
79374 80686 1:0 80402
79382 80687 1:0 80410
79401 80685 1:0 80420
79495 80654 1:0 80453
79496 80655 1:0 80533
79505 80653 1:0 80540
79505 80652 1:0 80551
79511 80621 1:0 80584
79515 80622 1:0 80664
79516 352 1:0 82012
79544 80620 1:0 80671
79626 80619 1:0 80682
80862 83503 21:0 80870
80870 83506 21:0 80936
80938 83536 21:0 80946
80945 83538 21:0 80996
80995 83537 21:0 81012
81011 83539 21:0 81017
81016 83569 21:0 81036
81035 83572 21:0 81088
81090 83602 21:0 81098
81097 83603 21:0 81148
81147 83604 21:0 81164
81163 83605 21:0 81169
81168 83635 21:0 81188
81187 83637 21:0 81240
81239 83636 21:0 81245
81244 83638 21:0 81250
81249 83668 21:0 81305
81304 83671 21:0 81321
81320 83701 21:0 81326
81325 83702 21:0 81376
81375 83703 21:0 81392
81391 83704 21:0 81402
81401 83734 21:0 81424
81423 83571 21:0 81468
81467 83669 21:0 81473
81472 83504 21:0 81492
81491 83570 21:0 81544
81543 83769 21:0 81549
81548 83767 21:0 81554
81553 83670 21:0 81609
81608 83505 21:0 81625
81624 83800 21:0 81630
81629 83735 21:0 81680
81679 83768 21:0 81696
81695 83833 21:0 81705
81704 83803 21:0 81720
81719 83770 21:0 81772
81771 83736 21:0 81777
81776 83899 21:0 81782
81781 83801 21:0 81848
81847 83868 21:0 81853
81852 83866 21:0 81858
81857 83902 21:0 81909
81908 83900 21:0 81924
81923 83835 21:0 81934
81933 83867 21:0 81974
81973 83834 21:0 82000
81999 83932 21:0 82005
82004 83737 21:0 82016
82013 82524 1:0 82152
82015 83901 21:0 82019
82018 83966 21:0 82027
82024 82493 1:0 82276
82025 82490 1:0 82294
82025 82459 1:0 82327
82026 83933 21:0 82036
82034 82460 1:0 82407
82034 82458 1:0 82414
82037 82457 1:0 82425
82040 82426 1:0 82458
82053 352 21:0 82067
82060 82427 1:0 82538
82073 82425 1:0 82545
82155 82394 1:0 82589
82156 82392 1:0 82669
82165 82393 1:0 82677
82165 82391 1:0 82687
82171 82361 1:0 82800
82176 82360 1:0 82808
82204 82358 1:0 82818
82286 82328 1:0 82931
82287 82326 1:0 82938
82296 82325 1:0 82949
82296 82295 1:0 82982
82302 82293 1:0 83062
82322 82294 1:0 83070
82335 82292 1:0 83080
82417 82261 1:0 83113
82418 82262 1:0 83193
82427 82260 1:0 83200
82427 82259 1:0 83211
82433 82229 1:0 83244
82453 82228 1:0 83324
82548 82227 1:0 83331
82549 82226 1:0 83342
82549 82196 1:0 83375
82558 82194 1:0 83455
82558 82195 1:0 83463
82566 82193 1:0 83473
82585 82162 1:0 83506
82679 82163 1:0 83586
82680 82161 1:0 83593
82680 82160 1:0 83604
82689 82130 1:0 83637
82689 82128 1:0 83717
82697 82129 1:0 83725
82716 82127 1:0 83735
82810 82097 1:0 83768
82811 82096 1:0 83848
82820 82095 1:0 83855
82820 82094 1:0 83866
82826 82062 1:0 83899
82830 82064 1:0 83979
82831 353 1:0 85327
82859 82063 1:0 83987
82941 82061 1:0 83997
84182 84947 21:0 84199
84198 84946 21:0 84251
84250 84948 21:0 84256
84255 84978 21:0 84261
84261 84981 21:0 84327
84329 85011 21:0 84337
84336 85012 21:0 84387
84386 85013 21:0 84403
84402 85014 21:0 84408
84407 85044 21:0 84427
84426 85045 21:0 84479
84478 85046 21:0 84484
84483 85047 21:0 84489
84488 85077 21:0 84544
84543 85078 21:0 84560
84559 85079 21:0 84565
84564 85080 21:0 84615
84614 85110 21:0 84631
84633 85143 21:0 84641
84640 85145 21:0 84691
84690 85144 21:0 84707
84706 85146 21:0 84712
84711 85176 21:0 84731
84730 85113 21:0 84783
84782 85179 21:0 84788
84787 85177 21:0 84793
84792 84980 21:0 84859
84858 85112 21:0 84864
84863 85111 21:0 84869
84868 85211 21:0 84924
84923 85178 21:0 84940
84939 84979 21:0 84945
84944 85245 21:0 84995
84994 85244 21:0 85011
85010 85278 21:0 85021
85020 85209 21:0 85039
85038 85276 21:0 85087
85086 85243 21:0 85092
85091 85310 21:0 85111
85110 85242 21:0 85163
85162 85210 21:0 85168
85167 85212 21:0 85173
85172 85308 21:0 85228
85227 85342 21:0 85244
85243 85343 21:0 85249
85248 85277 21:0 85299
85298 85275 21:0 85315
85314 85375 21:0 85320
85319 85311 21:0 85331
85328 83966 1:0 85467
85330 85407 21:0 85334
85333 85440 21:0 85342
85339 83933 1:0 85598
85340 83932 1:0 85609
85340 83901 1:0 85642
85341 85309 21:0 85351
85349 83902 1:0 85722
85349 83900 1:0 85729
85352 83899 1:0 85740
85355 83867 1:0 85853
85368 353 21:0 85382
85375 83868 1:0 85861
85388 83866 1:0 85871
85470 83834 1:0 85984
85471 83835 1:0 85992
85480 83833 1:0 86002
85480 83803 1:0 86115
85486 83801 1:0 86122
85491 83800 1:0 86133
85519 83770 1:0 86166
85601 83768 1:0 86246
85602 83769 1:0 86254
85611 83767 1:0 86264
85611 83737 1:0 86297
85617 83736 1:0 86377
85637 83735 1:0 86384
85650 83734 1:0 86395
85732 83704 1:0 86428
85733 83703 1:0 86508
85742 83702 1:0 86515
85742 83701 1:0 86526
85748 83670 1:0 86559
85768 83671 1:0 86639
85863 83669 1:0 86646
85864 83668 1:0 86657
85864 83638 1:0 86690
85873 83636 1:0 86770
85873 83637 1:0 86778
85881 83635 1:0 86788
85900 83605 1:0 86821
85994 83604 1:0 86901
85995 83603 1:0 86908
85995 83602 1:0 86919
86004 83570 1:0 86952
86004 83572 1:0 87032
86012 83571 1:0 87040
86031 83569 1:0 87050
86125 83539 1:0 87083
86126 83537 1:0 87163
86135 83538 1:0 87171
86135 83536 1:0 87181
86141 83505 1:0 87214
86145 83506 1:0 87294
86146 354 1:0 88642
86174 83504 1:0 87301
86256 83503 1:0 87312
87492 86387 21:0 87500
87500 86390 21:0 87566
87568 86420 21:0 87576
87575 86421 21:0 87626
87625 86422 21:0 87642
87641 86423 21:0 87647
87646 86453 21:0 87666
87665 86455 21:0 87718
87717 86454 21:0 87723
87722 86456 21:0 87728
87727 86486 21:0 87783
87796 86519 21:0 87804
87803 86520 21:0 87854
87853 86521 21:0 87870
87869 86522 21:0 87875
87874 86552 21:0 87894
87893 86554 21:0 87946
87945 86553 21:0 87951
87950 86585 21:0 87956
87955 86586 21:0 88011
88010 86587 21:0 88027
88026 86618 21:0 88032
88031 86620 21:0 88082
88081 86619 21:0 88098
88097 86487 21:0 88108
88107 86489 21:0 88130
88129 86388 21:0 88174
88173 86389 21:0 88179
88178 86684 21:0 88198
88197 86621 21:0 88250
88249 86651 21:0 88255
88254 86555 21:0 88260
88259 86588 21:0 88315
88314 86652 21:0 88331
88330 86653 21:0 88336
88335 86719 21:0 88386
88385 86687 21:0 88402
88401 86686 21:0 88409
88408 86750 21:0 88426
88425 86720 21:0 88478
88477 86488 21:0 88483
88482 86654 21:0 88488
88487 86752 21:0 88554
88553 86717 21:0 88559
88558 86685 21:0 88564
88563 86816 21:0 88614
88613 86784 21:0 88630
88629 86850 21:0 88640
88639 86852 21:0 88646
88643 85440 1:0 88662
88645 86753 21:0 88649
88648 86851 21:0 88660
88654 85407 1:0 88793
88655 85375 1:0 88913
88661 85343 1:0 89037
88664 85342 1:0 89044
88664 85309 1:0 89088
88670 85311 1:0 89168
88683 354 21:0 88697
88690 85310 1:0 89176
88703 85308 1:0 89186
88785 85277 1:0 89219
88786 85278 1:0 89299
88795 85276 1:0 89306
88795 85275 1:0 89317
88801 85243 1:0 89350
88806 85245 1:0 89430
88834 85244 1:0 89438
88916 85242 1:0 89448
88917 85212 1:0 89481
88926 85210 1:0 89561
88926 85211 1:0 89569
88932 85209 1:0 89579
88952 85178 1:0 89612
88965 85179 1:0 89692
89047 85177 1:0 89699
89048 85176 1:0 89710
89057 85146 1:0 89743
89057 85144 1:0 89823
89063 85145 1:0 89831
89083 85143 1:0 89841
89178 85111 1:0 89874
89179 85113 1:0 89954
89179 85112 1:0 89962
89188 85110 1:0 89972
89188 85080 1:0 90005
89196 85079 1:0 90085
89215 85078 1:0 90092
89309 85077 1:0 90103
89310 85047 1:0 90136
89310 85046 1:0 90216
89319 85045 1:0 90223
89319 85044 1:0 90234
89327 85014 1:0 90267
89346 85013 1:0 90347
89440 85012 1:0 90354
89441 85011 1:0 90365
89450 84979 1:0 90398
89450 84981 1:0 90478
89456 84980 1:0 90486
89460 84978 1:0 90496
89461 355 1:0 91957
89489 84948 1:0 90529
89571 84946 1:0 90609
89572 84947 1:0 90617
90807 87829 21:0 90815
90815 87832 21:0 90881
90883 87862 21:0 90891
90890 87864 21:0 90941
90940 87863 21:0 90957
90956 87865 21:0 90962
90961 87895 21:0 90981
90980 87896 21:0 91033
91032 87897 21:0 91038
91037 87898 21:0 91043
91042 87928 21:0 91098
91097 87929 21:0 91114
91113 87930 21:0 91119
91118 87931 21:0 91169
91168 87961 21:0 91185
91184 87963 21:0 91195
91194 87962 21:0 91217
91216 87964 21:0 91261
91260 87994 21:0 91266
91265 87997 21:0 91285
91284 88027 21:0 91337
91336 88029 21:0 91342
91341 88030 21:0 91347
91346 88028 21:0 91402
91401 88063 21:0 91418
91417 88093 21:0 91423
91422 87995 21:0 91473
91472 88060 21:0 91489
91488 88062 21:0 91496
91495 87996 21:0 91513
91512 87830 21:0 91565
91564 88096 21:0 91570
91569 88095 21:0 91575
91574 88094 21:0 91638
91637 87831 21:0 91646
91645 88061 21:0 91651
91650 88127 21:0 91701
91700 88160 21:0 91717
91716 88161 21:0 91727
91726 88128 21:0 91757
91756 88192 21:0 91793
91792 88225 21:0 91798
91797 88129 21:0 91817
91816 88159 21:0 91869
91868 88193 21:0 91874
91873 88261 21:0 91879
91878 88162 21:0 91934
91933 88227 21:0 91950
91949 88260 21:0 91955
91954 88259 21:0 91961
91960 88195 21:0 91968
91967 88194 21:0 91975
91969 86851 1:0 92010
91969 86852 1:0 92090
91970 86850 1:0 92097
91974 88294 21:0 91981
91976 86816 1:0 92239
91979 86784 1:0 92359
91979 86753 1:0 92483
91982 86752 1:0 92491
91985 86750 1:0 92501
91998 355 21:0 92012
92005 86720 1:0 92614
92018 86719 1:0 92622
92100 86717 1:0 92632
92101 86685 1:0 92665
92110 86687 1:0 92745
92110 86686 1:0 92753
92116 86684 1:0 92763
92121 86654 1:0 92796
92149 86653 1:0 92876
92231 86652 1:0 92883
92232 86651 1:0 92894
92241 86621 1:0 92927
92241 86619 1:0 93007
92247 86620 1:0 93015
92267 86618 1:0 93025
92280 86588 1:0 93058
92362 86587 1:0 93138
92363 86586 1:0 93145
92372 86585 1:0 93156
92372 86555 1:0 93189
92378 86553 1:0 93269
92398 86554 1:0 93277
92493 86552 1:0 93287
92494 86522 1:0 93320
92494 86521 1:0 93400
92503 86520 1:0 93407
92503 86519 1:0 93418
92511 86488 1:0 93451
92530 86489 1:0 93531
92624 86487 1:0 93538
92625 86486 1:0 93549
92625 86456 1:0 93582
92634 86454 1:0 93662
92634 86455 1:0 93670
92642 86453 1:0 93680
92661 86423 1:0 93713
92755 86422 1:0 93793
92756 86421 1:0 93800
92765 86420 1:0 93811
92765 86389 1:0 93844
92771 86390 1:0 93924
92775 86388 1:0 93931
92776 356 1:0 95272
92804 86387 1:0 93942
94122 89271 21:0 94130
94130 89274 21:0 94196
94198 89304 21:0 94206
94206 89307 21:0 94272
94274 89337 21:0 94282
94281 89338 21:0 94332
94331 89339 21:0 94348
94347 89340 21:0 94353
94352 89370 21:0 94372
94371 89372 21:0 94424
94423 89371 21:0 94429
94428 89373 21:0 94434
94433 89403 21:0 94489
94488 89406 21:0 94505
94504 89436 21:0 94510
94509 89438 21:0 94560
94559 89437 21:0 94576
94583 89471 21:0 94600
94599 89470 21:0 94652
94651 89472 21:0 94657
94656 89502 21:0 94662
94662 89505 21:0 94728
94727 89272 21:0 94733
94732 89273 21:0 94738
94737 89504 21:0 94793
94792 89405 21:0 94806
94805 89503 21:0 94814
94813 89305 21:0 94864
94863 89535 21:0 94880
94879 89469 21:0 94885
94884 89570 21:0 94904
94903 89538 21:0 94956
94955 89569 21:0 94961
94960 89602 21:0 94966
94965 89439 21:0 95021
95020 89537 21:0 95037
95036 89536 21:0 95042
95041 89637 21:0 95092
95091 89404 21:0 95108
95107 89571 21:0 95118
95117 89667 21:0 95140
95139 89604 21:0 95184
95183 89636 21:0 95189
95188 89700 21:0 95208
95207 89668 21:0 95260
95259 89669 21:0 95265
95264 89735 21:0 95270
95269 89701 21:0 95279
95278 89568 21:0 95287
95284 88294 1:0 95405
95285 88259 1:0 95456
95285 88261 1:0 95536
95294 88260 1:0 95544
95294 88227 1:0 95675
95300 88225 1:0 95685
95313 356 21:0 95327
95320 88194 1:0 95718
95333 88195 1:0 95798
95415 88193 1:0 95805
95416 88192 1:0 95816
95425 88162 1:0 95849
95425 88161 1:0 95929
95431 88160 1:0 95936
95436 88159 1:0 95947
95464 88129 1:0 95980
95546 88128 1:0 96060
95547 88127 1:0 96067
95556 88094 1:0 96111
95556 88096 1:0 96191
95562 88095 1:0 96199
95582 88093 1:0 96209
95595 88061 1:0 96242
95677 88063 1:0 96322
95678 88062 1:0 96330
95687 88060 1:0 96340
95687 88028 1:0 96373
95693 88030 1:0 96453
95713 88029 1:0 96461
95808 88027 1:0 96471
95809 87996 1:0 96504
95809 87997 1:0 96584
95818 87995 1:0 96591
95818 87994 1:0 96602
95826 87964 1:0 96635
95845 87962 1:0 96715
95939 87963 1:0 96723
95940 87961 1:0 96733
95940 87931 1:0 96766
95949 87930 1:0 96846
95949 87929 1:0 96853
95957 87928 1:0 96864
95976 87898 1:0 96897
96070 87897 1:0 96977
96071 87896 1:0 96984
96080 87895 1:0 96995
96080 87865 1:0 97028
96086 87863 1:0 97108
96090 87864 1:0 97116
96091 357 1:0 98587
96119 87862 1:0 97126
96201 87831 1:0 97159
96202 87832 1:0 97239
96211 87830 1:0 97246
96211 87829 1:0 97257
97391 90692 21:0 97419
97432 90711 21:0 97435
97434 90696 21:0 97435
97437 90713 21:0 97445
97444 90715 21:0 97495
97494 90714 21:0 97511
97510 90716 21:0 97516
97515 90746 21:0 97535
97534 90748 21:0 97587
97586 90747 21:0 97592
97591 90749 21:0 97597
97596 90779 21:0 97652
97651 90781 21:0 97668
97667 90780 21:0 97673
97672 90782 21:0 97723
97722 90812 21:0 97739
97738 90814 21:0 97749
97748 90813 21:0 97771
97770 90815 21:0 97815
97814 90845 21:0 97820
97819 90846 21:0 97839
97838 90848 21:0 97891
97890 90847 21:0 97896
97895 90878 21:0 97901
97900 90879 21:0 97956
97955 90880 21:0 97972
97971 90881 21:0 97977
97976 90911 21:0 98027
98026 90947 21:0 98043
98045 90977 21:0 98053
98052 90979 21:0 98103
98102 90978 21:0 98119
98118 90913 21:0 98124
98123 90912 21:0 98143
98142 90914 21:0 98195
98194 90944 21:0 98200
98199 90945 21:0 98205
98204 90946 21:0 98260
98259 90980 21:0 98276
98275 91010 21:0 98281
98280 91012 21:0 98331
98330 91011 21:0 98347
98346 91013 21:0 98357
98356 91043 21:0 98379
98378 91045 21:0 98423
98422 91044 21:0 98428
98427 91046 21:0 98447
98446 91076 21:0 98499
98498 91077 21:0 98504
98503 91078 21:0 98509
98508 91079 21:0 98564
98563 91109 21:0 98580
98579 91110 21:0 98585
98584 91111 21:0 98591
98590 91112 21:0 98597
98596 91142 21:0 98605
98598 89735 1:0 98728
98599 89701 1:0 98858
98600 89700 1:0 98869
98604 91143 21:0 98611
98606 89669 1:0 98982
98609 89668 1:0 98989
98609 89667 1:0 99000
98610 91144 21:0 98614
98612 89637 1:0 99113
98615 89636 1:0 99121
98615 89604 1:0 99244
98628 357 21:0 98642
98635 89602 1:0 99251
98641 91145 21:0 98720
98648 89571 1:0 99295
98702 89569 1:0 99375
98719 90698 21:0 98722
98721 90700 21:0 98722
98721 91175 21:0 98733
98730 89570 1:0 99383
98731 89568 1:0 99393
98731 89536 1:0 99426
98732 90718 21:0 98733
98732 91048 21:0 98733
98732 90729 21:0 98736
98734 89538 1:0 99506
98740 89537 1:0 99514
98740 89535 1:0 99524
98746 89503 1:0 99557
98750 89505 1:0 99637
98779 89504 1:0 99645
98861 89502 1:0 99655
98862 89472 1:0 99688
98871 89470 1:0 99768
98871 89471 1:0 99776
98877 89469 1:0 99786
98882 89439 1:0 99819
98910 89437 1:0 99899
98992 89438 1:0 99907
98993 89436 1:0 99917
99002 89404 1:0 99950
99002 89406 1:0 100030
99008 89405 1:0 100038
99013 89403 1:0 100048
99041 89373 1:0 100081
99121 49624 21:0 99126
99123 89371 1:0 100161
99124 89372 1:0 100169
99133 89370 1:0 100179
99133 89340 1:0 100212
99139 89339 1:0 100292
99143 89338 1:0 100299
99160 89337 1:0 100310
99254 89307 1:0 100423
99255 89305 1:0 100430
99264 89304 1:0 100441
99264 89273 1:0 100474
99270 89274 1:0 100554
99274 89272 1:0 100561
99275 358 1:0 101902
99303 89271 1:0 100572
99525 49799 21:0 99528
99787 49913 21:0 99790
100000 50002 21:0 100003
100180 50084 21:0 100183
100217 50105 21:0 100249
100431 50194 21:0 100436
100442 50198 21:0 100445
100524 50230 21:0 100527
100562 50251 21:0 100567
100573 50255 21:0 100576
100583 50258 21:0 100607
100695 92133 21:0 100702
100701 3 21:0 100717
100734 92141 21:0 100750
100750 13 21:0 100755
100757 92156 21:0 100774
100773 92157 21:0 100826
100825 92166 21:0 100826
100826 31 21:0 100831
100830 92147 21:0 100833
100833 92189 21:0 100850
100849 15 21:0 100891
100890 17 21:0 100902
100901 92180 21:0 100902
100904 92221 21:0 100912
100911 92222 21:0 100962
100961 92223 21:0 100978
100977 51 21:0 100983
100982 35 21:0 100983
100985 92255 21:0 101002
101001 92256 21:0 101054
101053 92272 21:0 101054
101053 83 21:0 101054
101056 92287 21:0 101064
101063 92288 21:0 101114
101113 92254 21:0 101130
101132 92320 21:0 101140
101139 92322 21:0 101190
101189 92323 21:0 101206
101205 92188 21:0 101211
101210 92351 21:0 101216
101215 71 21:0 101216
101215 92265 21:0 101230
101238 92365 21:0 101266
101279 92384 21:0 101282
101281 92321 21:0 101287
101289 92388 21:0 101306
101305 92397 21:0 101342
101341 92386 21:0 101358
101357 92369 21:0 101363
101362 92398 21:0 101363
101362 92385 21:0 101363
101365 92421 21:0 101382
101381 92411 21:0 101418
101417 92430 21:0 101423
101423 92439 21:0 101434
101433 92419 21:0 101439
101438 92391 21:0 101439
101441 92454 21:0 101458
101458 185 21:0 101479
101478 161 21:0 101499
101498 92451 21:0 101510
101509 92463 21:0 101510
101509 92472 21:0 101515
101514 191 21:0 101515
101514 92289 21:0 101520
101519 92405 21:0 101520
101519 92444 21:0 101534
101521 92289 1:0 101888
101533 92431 21:0 101570
101570 92503 21:0 101586
101585 92490 21:0 101586
101585 92240 21:0 101586
101585 92174 21:0 101591
101590 92220 21:0 101591
101590 92402 21:0 101591
101590 92497 21:0 101596
101614 223 21:0 101618
101646 92536 21:0 101662
101661 92538 21:0 101662
101661 92523 21:0 101662
101667 92550 21:0 101672
101674 92543 21:0 101690
101722 92567 21:0 101738
101737 92582 21:0 101738
101737 92571 21:0 101738
101745 92585 21:0 101762
101763 92585 1:0 101915
101763 90718 1:0 101915
101770 92596 21:0 101798
101803 92604 21:0 101814
101816 92617 21:0 101824
101825 92617 1:0 101898
101825 90729 1:0 101904
101909 285 21:0 101917
101914 328 1:0 2597
101915 91175 1:0 101924
101915 91048 1:0 101924
101915 92321 1:0 101937
101918 90692 1:0 101937
101924 91145 1:0 102009
101924 92419 1:0 102038
101932 92386 1:0 102049
101934 90700 1:0 102049
101943 358 21:0 101957
101963 92188 1:0 102058
101963 90698 1:0 102058
102045 92421 1:0 102086
102046 91144 1:0 102166
102055 91143 1:0 102173
102055 90696 1:0 102177
102055 91142 1:0 102184
102061 49913 1:0 102186
102066 91112 1:0 102199
102082 49624 1:0 102199
102176 91111 1:0 102271
102177 91110 1:0 102300
102186 91109 1:0 102311
102186 35 1:0 102311
102186 92454 1:0 102320
102192 161 1:0 102320
102196 91079 1:0 102348
102196 223 1:0 102348
102225 91078 1:0 102428
102307 91077 1:0 102435
102307 49799 1:0 102439
102308 91076 1:0 102446
102317 92388 1:0 102451
102317 191 1:0 102451
102317 91046 1:0 102479
102325 91044 1:0 102559
102344 91045 1:0 102567
102356 71 1:0 102570
102438 91043 1:0 102577
102439 92223 1:0 102582
102439 185 1:0 102582
102448 91013 1:0 102610
102448 91011 1:0 102690
102454 91012 1:0 102698
102458 13 1:0 102701
102487 91010 1:0 102708
102569 92189 1:0 102713
102570 90980 1:0 102741
102579 90978 1:0 102821
102579 90979 1:0 102829
102579 50255 1:0 102832
102587 90977 1:0 102839
102606 92323 1:0 102844
102700 90946 1:0 102872
102701 90947 1:0 102952
102701 90945 1:0 102959
102710 50194 1:0 102963
102710 90944 1:0 102970
102716 92157 1:0 102975
102721 90914 1:0 103003
102749 90912 1:0 103083
102831 90913 1:0 103091
102832 50198 1:0 103094
102841 90911 1:0 103101
102841 92322 1:0 103106
102847 90881 1:0 103134
102851 90880 1:0 103214
102880 90879 1:0 103221
102880 15 1:0 103225
102962 90878 1:0 103232
102963 92320 1:0 103237
102972 90847 1:0 103265
102972 50002 1:0 103265
102972 90848 1:0 103345
102980 90846 1:0 103352
102983 50084 1:0 103356
103011 90845 1:0 103363
103093 92254 1:0 103368
103093 83 1:0 103368
103094 90815 1:0 103396
103103 90813 1:0 103476
103103 90814 1:0 103484
103109 51 1:0 103487
103113 90812 1:0 103494
103130 92256 1:0 103499
103142 50105 1:0 103499
103224 90782 1:0 103527
103225 90780 1:0 103607
103234 90781 1:0 103615
103234 50251 1:0 103618
103234 90779 1:0 103625
103242 92288 1:0 103630
103261 90749 1:0 103658
103355 90747 1:0 103738
103356 90748 1:0 103746
103356 31 1:0 103749
103365 90746 1:0 103756
103365 92287 1:0 103761
103371 90716 1:0 103789
103371 50230 1:0 103789
103391 90714 1:0 103869
103404 90715 1:0 103877
103486 17 1:0 103880
103487 90713 1:0 103887
103487 50258 1:0 103889
103496 90711 1:0 103897
103496 92222 1:0 103902
103496 92221 1:0 103974
103502 359 1:0 104000
103504 285 1:0 104004
103507 45966 1:0 104013
103522 45965 1:0 104016
103535 45964 1:0 104022
103617 45962 1:0 104025
103617 45967 1:0 104050
103618 45963 1:0 104088
103618 45961 1:0 104104
103618 45960 1:0 104107
103618 45954 1:0 104133
103618 45955 1:0 104134
103618 46113 1:0 104234
103627 92255 1:0 104226
103627 46112 1:0 104237
103627 92596 1:0 104243
103633 46111 1:0 104243
103635 46110 1:0 104246
103638 46109 1:0 104271
103653 92604 1:0 104271
103654 46114 1:0 104309
103666 46102 1:0 104325
103666 46107 1:0 104328
103666 46101 1:0 104330
103666 46106 1:0 104330
103666 46108 1:0 104385
103748 46261 1:0 104455
103748 92571 1:0 104455
103749 46260 1:0 104458
103749 92582 1:0 104464
103749 46257 1:0 104464
103758 46256 1:0 104467
103758 46258 1:0 104492
103758 92567 1:0 104492
103758 46259 1:0 104530
103758 46254 1:0 104546
103758 46248 1:0 104549
103764 46249 1:0 104576
103764 46255 1:0 104606
103764 92538 1:0 104668
103766 92550 1:0 104668
103769 46404 1:0 104676
103784 92523 1:0 104676
103785 46405 1:0 104679
103797 92536 1:0 104685
103797 92543 1:0 104698
103879 46406 1:0 104685
103879 46408 1:0 104688
103880 46407 1:0 104713
103880 46403 1:0 104751
103880 46402 1:0 104767
103889 46401 1:0 104770
103889 46395 1:0 104796
103889 46396 1:0 104797
103889 92156 1:0 104889
103889 46552 1:0 104897
103895 92497 1:0 104897
103895 46551 1:0 104900
103897 92490 1:0 104906
103900 46554 1:0 104906
103916 46550 1:0 104909
103928 46555 1:0 104934
103969 92503 1:0 104934
104012 46553 1:0 104972
104012 46549 1:0 104988
104012 46542 1:0 104991
104012 46545 1:0 104993
104012 46546 1:0 104993
104012 46543 1:0 104993
104012 46548 1:0 105047
104013 46699 1:0 105118
104013 92402 1:0 105118
104013 46702 1:0 105121
104022 46697 1:0 105127
104022 92472 1:0 105127
104022 46701 1:0 105130
104022 46698 1:0 105155
104028 92463 1:0 105155
104028 46700 1:0 105193
104028 46690 1:0 105209
104030 46696 1:0 105212
104030 46692 1:0 105214
104030 46694 1:0 105214
104032 46689 1:0 105214
104032 46695 1:0 105268
104041 359 21:0 104055
104048 92431 1:0 105331
104049 92444 1:0 105331
104056 92451 1:0 105339
104061 46844 1:0 105339
104102 46845 1:0 105342
104130 46847 1:0 105348
104131 92430 1:0 105348
104131 46846 1:0 105351
104140 45955 21:0 104186
104181 92439 1:0 105376
104183 46849 1:0 105376
104185 45954 21:0 104225
104191 46848 1:0 105414
104201 46842 1:0 105430
104201 46836 1:0 105433
104201 46839 1:0 105435
104201 46837 1:0 105435
104224 45960 21:0 104225
104224 45961 21:0 104225
104224 45963 21:0 104228
104227 45967 21:0 104228
104227 45962 21:0 104236
104233 46843 1:0 105490
104233 92391 1:0 105552
104233 92405 1:0 105552
104233 92398 1:0 105560
104234 46996 1:0 105560
104234 46992 1:0 105563
104234 92411 1:0 105569
104235 45964 21:0 104239
104237 92397 1:0 105597
104238 45965 21:0 104239
104238 45966 21:0 104245
104240 46993 1:0 105569
104240 46994 1:0 105572
104243 46991 1:0 105597
104243 46983 1:0 105600
104243 46995 1:0 105651
104243 46990 1:0 105654
104243 46984 1:0 105681
104243 46989 1:0 105710
104243 92365 1:0 105773
104243 92385 1:0 105781
104246 47139 1:0 105781
104249 47141 1:0 105784
104251 92369 1:0 105790
104254 47143 1:0 105790
104269 47140 1:0 105793
104270 92384 1:0 105798
104282 47138 1:0 105818
104323 47142 1:0 105856
104331 47130 1:0 105872
104336 47137 1:0 105875
104336 47131 1:0 105902
104351 47134 1:0 105877
104351 47136 1:0 105931
104352 47285 1:0 106002
104353 92351 1:0 106019
104391 46108 21:0 104416
104402 47288 1:0 106005
104412 47286 1:0 106011
104415 46101 21:0 104446
104422 47290 1:0 106014
104445 46102 21:0 104446
104445 46107 21:0 104446
104445 46114 21:0 104449
104448 46109 21:0 104449
104448 46110 21:0 104457
104454 47287 1:0 106039
104454 47289 1:0 106077
104455 47284 1:0 106093
104455 47278 1:0 106096
104455 47277 1:0 106098
104455 47282 1:0 106098
104455 47283 1:0 106152
104455 47435 1:0 106223
104455 47433 1:0 106226
104456 46111 21:0 104460
104459 46112 21:0 104460
104459 46113 21:0 104466
104461 47434 1:0 106232
104461 47437 1:0 106235
104464 47432 1:0 106260
104464 47436 1:0 106298
104464 47431 1:0 106314
104464 47425 1:0 106317
104464 47424 1:0 106343
104464 47430 1:0 106373
104464 47580 1:0 106444
104465 46106 21:0 104466
104467 47584 1:0 106447
104470 92265 1:0 106453
104470 47582 1:0 106453
104474 47583 1:0 106456
104475 47578 1:0 106484
104490 47581 1:0 106481
104491 92272 1:0 106481
104503 47571 1:0 106494
104544 47579 1:0 106538
104544 47572 1:0 106540
104544 47577 1:0 106594
104557 47728 1:0 106665
104573 47726 1:0 106668
104574 47729 1:0 106674
104582 46249 21:0 104628
104623 47730 1:0 106677
104627 46255 21:0 104667
104633 47731 1:0 106702
104643 92240 1:0 106702
104666 46248 21:0 104667
104666 46254 21:0 104667
104666 46259 21:0 104670
104669 46258 21:0 104670
104669 46256 21:0 104678
104675 47727 1:0 106740
104675 47718 1:0 106756
104675 47724 1:0 106759
104675 47719 1:0 106786
104675 47725 1:0 106816
104676 47873 1:0 106886
104676 92220 1:0 106886
104676 47876 1:0 106889
104677 46257 21:0 104681
104679 47878 1:0 106895
104680 46260 21:0 104681
104680 46261 21:0 104687
104682 47875 1:0 106898
104682 47874 1:0 106923
104685 47877 1:0 106961
104685 47865 1:0 106977
104685 47866 1:0 106980
104685 47869 1:0 106982
104685 47871 1:0 106982
104685 47872 1:0 107037
104685 92174 1:0 107107
104685 48022 1:0 107107
104685 92180 1:0 107116
104688 48021 1:0 107110
104691 48020 1:0 107116
104693 48023 1:0 107119
104696 48025 1:0 107144
104711 92166 1:0 107144
104712 48019 1:0 107147
104724 48024 1:0 107198
104724 48013 1:0 107201
104765 48012 1:0 107227
104765 48018 1:0 107257
104765 3 1:0 107504
104778 48167 1:0 107328
104793 92141 1:0 107328
104794 48169 1:0 107331
104795 92147 1:0 107337
104806 46395 21:0 104850
104844 48171 1:0 107337
104849 46396 21:0 104888
104854 48172 1:0 107340
104864 92133 1:0 107365
104887 46402 21:0 104888
104887 46401 21:0 104888
104887 46403 21:0 104891
104890 46407 21:0 104891
104890 46408 21:0 104899
104896 48170 1:0 107365
104896 48168 1:0 107403
104896 48165 1:0 107419
104896 48160 1:0 107422
104897 48159 1:0 107424
104897 48163 1:0 107424
104897 48166 1:0 107479
104897 48259 1:0 107517
104897 48260 1:0 107549
104898 46406 21:0 104902
104901 46405 21:0 104902
104901 46404 21:0 104908
105034 46545 21:0 105054
105057 46548 21:0 105081
105080 46543 21:0 105109
105108 46549 21:0 105109
105108 46542 21:0 105109
105108 46553 21:0 105112
105111 46555 21:0 105112
105111 46550 21:0 105120
105119 46554 21:0 105123
105122 46551 21:0 105123
105122 46552 21:0 105129
105128 46546 21:0 105129
105255 46692 21:0 105275
105278 46695 21:0 105302
105301 46689 21:0 105330
105329 46690 21:0 105330
105329 46696 21:0 105330
105329 46700 21:0 105333
105332 46698 21:0 105333
105332 46701 21:0 105341
105340 46697 21:0 105344
105343 46702 21:0 105344
105343 46699 21:0 105350
105349 46694 21:0 105350
105476 46839 21:0 105496
105496 46843 21:0 105521
105520 46837 21:0 105551
105550 46836 21:0 105551
105550 46842 21:0 105551
105550 46848 21:0 105554
105553 46849 21:0 105554
105553 46846 21:0 105562
105561 46847 21:0 105565
105564 46845 21:0 105565
105564 46844 21:0 105571
105687 46984 21:0 105733
105732 46989 21:0 105772
105771 46990 21:0 105772
105771 46995 21:0 105772
105771 46983 21:0 105775
105774 46991 21:0 105775
105774 46994 21:0 105783
105782 46993 21:0 105786
105785 46992 21:0 105786
105785 46996 21:0 105792
105908 47131 21:0 105954
105953 47136 21:0 105993
105992 47137 21:0 105993
105992 47130 21:0 105993
105992 47142 21:0 105996
105995 47138 21:0 105996
105995 47140 21:0 106004
106003 47143 21:0 106007
106006 47141 21:0 106007
106006 47139 21:0 106013
106012 47134 21:0 106013
106162 47283 21:0 106186
106185 47277 21:0 106214
106213 47284 21:0 106214
106213 47278 21:0 106214
106213 47289 21:0 106217
106216 47287 21:0 106217
106216 47290 21:0 106225
106224 47286 21:0 106228
106227 47288 21:0 106228
106227 47285 21:0 106234
106233 47282 21:0 106234
106353 47424 21:0 106397
106396 47430 21:0 106435
106434 47431 21:0 106435
106434 47425 21:0 106435
106434 47436 21:0 106438
106437 47432 21:0 106438
106437 47437 21:0 106446
106445 47434 21:0 106449
106448 47433 21:0 106449
106448 47435 21:0 106455
106604 47577 21:0 106628
106627 47572 21:0 106656
106655 47571 21:0 106656
106655 47579 21:0 106656
106655 47578 21:0 106659
106658 47581 21:0 106659
106658 47583 21:0 106667
106666 47582 21:0 106670
106669 47584 21:0 106670
106669 47580 21:0 106676
106792 47719 21:0 106838
106837 47725 21:0 106877
106876 47718 21:0 106877
106876 47724 21:0 106877
106876 47727 21:0 106880
106879 47731 21:0 106880
106879 47730 21:0 106888
106887 47729 21:0 106891
106890 47726 21:0 106891
106890 47728 21:0 106897
107043 47872 21:0 107069
107068 47871 21:0 107098
107097 47866 21:0 107098
107097 47865 21:0 107098
107097 47877 21:0 107101
107100 47874 21:0 107101
107100 47875 21:0 107109
107108 47878 21:0 107112
107111 47876 21:0 107112
107111 47873 21:0 107118
107117 47869 21:0 107118
107237 48012 21:0 107281
107280 48018 21:0 107319
107318 48013 21:0 107319
107318 48024 21:0 107319
107318 48019 21:0 107322
107321 48025 21:0 107322
107321 48023 21:0 107330
107329 48020 21:0 107333
107332 48021 21:0 107333
107332 48022 21:0 107339
107485 48166 21:0 107510
107509 48159 21:0 3
