78 49172 21:0 129
128 49081 21:0 200
199 49079 21:0 216
215 49082 21:0 227
226 49080 21:0 232
231 49083 21:0 232
231 49076 21:0 237
236 49070 21:0 237
236 49071 21:0 237
236 49075 21:0 237
236 329 21:0 237
1397 49785 21:0 1407
3374 298 21:0 3392
4610 51256 21:0 4620
4651 303 1:0 16812
6733 299 21:0 6751
7969 52727 21:0 7979
8010 304 1:0 20171
10092 300 21:0 10110
11328 54198 21:0 11338
11369 305 1:0 23530
13451 301 21:0 13469
14687 55669 21:0 14697
14728 306 1:0 26889
16810 302 21:0 16828
18046 57140 21:0 18056
18087 307 1:0 30248
20169 303 21:0 20187
21405 58611 21:0 21415
21446 308 1:0 33607
23528 304 21:0 23546
24764 60082 21:0 24774
24805 309 1:0 36966
26887 305 21:0 26905
28123 61553 21:0 28133
28164 310 1:0 40325
30246 306 21:0 30264
31482 63024 21:0 31492
31523 311 1:0 43684
33605 307 21:0 33623
34841 64495 21:0 34851
34882 312 1:0 47043
36964 308 21:0 36982
38200 65966 21:0 38210
38241 313 1:0 50402
40323 309 21:0 40341
41559 67437 21:0 41569
41600 314 1:0 53761
43682 310 21:0 43700
44918 68908 21:0 44928
44959 315 1:0 57120
47041 311 21:0 47059
48277 70379 21:0 48287
48318 316 1:0 60479
50400 312 21:0 50418
51636 71850 21:0 51646
51677 317 1:0 63838
53759 313 21:0 53777
54995 73321 21:0 55005
55036 318 1:0 67197
57118 314 21:0 57136
58354 74792 21:0 58364
60477 315 21:0 60495
61754 319 1:0 70556
63836 316 21:0 63854
67195 317 21:0 67213
70554 318 21:0 70572
71831 320 1:0 73915
73913 319 21:0 73931
75190 299 1:0 3376
75190 321 1:0 77274
75190 322 1:0 80633
75191 323 1:0 83992
77272 320 21:0 77290
77497 83177 21:0 77514
78549 83177 1:0 80249
80631 321 21:0 80649
81163 84782 21:0 81229
81908 84782 1:0 83077
81909 324 1:0 87351
83990 322 21:0 84008
85127 86515 21:0 85144
85267 86515 1:0 85395
87349 323 21:0 87367
88258 87888 21:0 88275
88626 87888 1:0 89148
88627 325 1:0 90710
90708 324 21:0 90726
91164 89162 21:0 91230
91232 89192 21:0 91240
91241 89192 1:0 93172
91985 89162 1:0 93285
94067 325 21:0 94085
94292 90533 21:0 94309
95344 300 1:0 6735
95344 327 1:0 97428
95344 328 1:0 100787
95345 90533 1:0 97045
98183 92234 21:0 98200
98490 92368 21:0 98556
98703 92368 1:0 98955
98704 92234 1:0 99486
100785 327 21:0 100803
101157 93539 21:0 101165
101765 93803 21:0 101773
102062 301 1:0 10094
102062 302 1:0 13453
102062 46873 1:0 105435
102063 93803 1:0 102463
102072 93539 1:0 103511
102072 329 1:0 104146
102072 46877 1:0 105441
102072 46876 1:0 105444
104144 328 21:0 104162
104369 94946 21:0 104386
104676 95079 21:0 104742
104749 95111 21:0 104766
104904 95178 21:0 104970
105431 46865 1:0 105444
105431 46872 1:0 105469
105431 46871 1:0 105469
105431 46878 1:0 105472
105432 46866 1:0 105472
105432 46875 1:0 105523
105432 46868 1:0 105563
105432 46874 1:0 105593
105441 47022 1:0 105656
105441 47021 1:0 105662
105441 47023 1:0 105665
105441 47020 1:0 105693
105447 47024 1:0 105693
105447 47018 1:0 105728
105447 47013 1:0 105728
105449 47019 1:0 105744
105449 47012 1:0 105747
105449 47017 1:0 105747
105452 47025 1:0 105834
105468 47167 1:0 105877
105480 47172 1:0 105883
105521 47171 1:0 105886
105529 47159 1:0 105886
105534 47165 1:0 105911
105534 47160 1:0 105911
105550 47168 1:0 105911
105550 47163 1:0 105911
105551 47169 1:0 105949
105551 47161 1:0 105949
105569 46868 21:0 105589
105599 46874 21:0 105644
105600 47166 1:0 105965
105600 47162 1:0 105965
105610 47164 1:0 106015
105610 47170 1:0 106045
105610 47306 1:0 106098
105610 47312 1:0 106104
105620 47313 1:0 106104
105643 46875 21:0 105647
105645 47319 1:0 106104
105646 46866 21:0 105647
105646 46878 21:0 105647
105646 46871 21:0 105655
105652 47316 1:0 106107
105652 47307 1:0 106107
105653 47311 1:0 106135
105653 47309 1:0 106135
105653 47314 1:0 106135
105653 47318 1:0 106135
105653 47315 1:0 106186
105654 46865 21:0 105655
105654 46872 21:0 105655
105654 46876 21:0 105658
105656 47317 1:0 106217
105657 46877 21:0 105658
105657 46873 21:0 105664
105659 47310 1:0 106235
105659 47461 1:0 106325
105659 47454 1:0 106325
105659 47453 1:0 106328
105662 47456 1:0 106328
105662 47464 1:0 106328
105662 47457 1:0 106328
105662 47460 1:0 106338
105662 47455 1:0 106338
105662 47462 1:0 106338
105662 47459 1:0 106338
105662 47465 1:0 106366
105665 47463 1:0 106410
105668 47466 1:0 106497
105672 95178 1:0 106537
105673 47606 1:0 106540
105673 47601 1:0 106546
105688 47607 1:0 106546
105701 47609 1:0 106546
105701 47600 1:0 106549
105742 47610 1:0 106549
105755 47608 1:0 106577
105770 47612 1:0 106577
105771 47602 1:0 106577
105771 47603 1:0 106577
105771 47613 1:0 106628
105783 47012 21:0 105827
105821 47605 1:0 106678
105821 47611 1:0 106708
105823 47753 1:0 106761
105826 47017 21:0 105834
105831 47748 1:0 106767
105831 47754 1:0 106767
105840 47025 21:0 105865
105841 47757 1:0 106767
105864 47019 21:0 105865
105864 47018 21:0 105868
105867 47013 21:0 105868
105867 47020 21:0 105868
105867 47024 21:0 105876
105873 47755 1:0 106770
105873 47747 1:0 106770
105873 47760 1:0 106798
105874 47756 1:0 106798
105874 47752 1:0 106798
105874 47750 1:0 106798
105874 47759 1:0 106849
105874 47749 1:0 106888
105874 47758 1:0 106929
105875 47023 21:0 105879
105877 47901 1:0 106988
105878 47021 21:0 105879
105878 47022 21:0 105885
105880 95079 1:0 106982
105883 47905 1:0 106988
105883 47895 1:0 106991
105883 47906 1:0 106991
105883 47897 1:0 106991
105883 47898 1:0 107001
105883 47900 1:0 107001
105883 47903 1:0 107001
105883 47894 1:0 107001
105886 47902 1:0 107029
105889 47904 1:0 107073
105891 47907 1:0 107160
105893 48041 1:0 107203
105910 95111 1:0 107197
105922 48053 1:0 107209
105963 48048 1:0 107209
105963 48042 1:0 107209
105963 48047 1:0 107212
105976 48054 1:0 107212
105992 48052 1:0 107240
105993 48049 1:0 107240
105993 48044 1:0 107240
106021 47164 21:0 106035
106034 47162 21:0 106041
106040 47161 21:0 106047
106042 48051 1:0 107291
106051 47170 21:0 106086
106052 48046 1:0 107341
106052 48050 1:0 107361
106062 48188 1:0 107424
106085 47166 21:0 106086
106085 47169 21:0 106089
106088 47168 21:0 106094
106093 47171 21:0 106097
106094 48201 1:0 107430
106094 48194 1:0 107430
106094 48195 1:0 107430
106094 48189 1:0 107433
106095 48198 1:0 107433
106095 48200 1:0 107461
106095 48199 1:0 107461
106095 48191 1:0 107461
106095 48190 1:0 107461
106095 48197 1:0 107512
106096 47172 21:0 106100
106099 47159 21:0 106100
106099 47165 21:0 106100
106099 47160 21:0 106100
106099 47167 21:0 106106
106101 48192 1:0 107561
106101 48196 1:0 107581
106101 48342 1:0 107645
106101 48344 1:0 107651
106104 48336 1:0 107651
106104 48341 1:0 107651
106104 48343 1:0 107654
106104 48335 1:0 107654
106104 48348 1:0 107682
106104 48346 1:0 107682
106104 48338 1:0 107682
106104 48337 1:0 107682
106105 47163 21:0 106106
106107 48347 1:0 107733
106110 48339 1:0 107782
106110 48345 1:0 107812
106110 48489 1:0 107872
106114 48493 1:0 107872
106115 48488 1:0 107872
106130 48490 1:0 107875
106131 48482 1:0 107875
106143 48486 1:0 107885
106143 48483 1:0 107885
106143 48487 1:0 107885
106143 48491 1:0 107885
106192 48495 1:0 107913
106212 48492 1:0 107957
106213 48494 1:0 108043
106245 47310 21:0 106257
106256 47311 21:0 106263
106262 47309 21:0 106269
106263 48629 1:0 108093
106263 48639 1:0 108093
106263 48630 1:0 108093
106272 47317 21:0 106307
106273 48636 1:0 108096
106273 48638 1:0 108096
106283 48632 1:0 108106
106283 48640 1:0 108106
106306 47315 21:0 106310
106309 47314 21:0 106310
106309 47318 21:0 106318
106315 48634 1:0 108106
106315 48635 1:0 108106
106315 48631 1:0 108106
106315 48637 1:0 108134
106315 48783 1:0 108308
106316 48641 1:0 108178
106316 48642 1:0 108265
106317 47307 21:0 106318
106317 47316 21:0 106321
106319 94946 1:0 108302
106320 47319 21:0 106321
106320 47313 21:0 106327
106322 48782 1:0 108314
106322 48777 1:0 108314
106322 48786 1:0 108314
106325 48785 1:0 108317
106325 48776 1:0 108317
106325 48788 1:0 108345
106325 48784 1:0 108345
106325 48781 1:0 108345
106325 48789 1:0 108396
106326 47312 21:0 106327
106326 47306 21:0 106327
106328 48787 1:0 108476
106331 48780 1:0 108445
106331 74792 1:0 108526
106331 73321 1:0 108529
106331 70379 1:0 108529
106331 48923 1:0 108529
106333 71850 1:0 108529
106336 48929 1:0 108535
106336 48935 1:0 108535
106351 48930 1:0 108535
106351 48924 1:0 108538
106364 48933 1:0 108538
106405 48932 1:0 108566
106413 48931 1:0 108566
106433 48936 1:0 108617
106434 48928 1:0 108667
106434 48934 1:0 108697
106435 68908 1:0 108736
106456 47455 21:0 106475
106476 47459 21:0 106500
106484 63024 1:0 108739
106484 64495 1:0 108739
106484 65966 1:0 108739
106484 67437 1:0 108739
106494 61553 1:0 108747
106494 60082 1:0 108747
106494 58611 1:0 108747
106496 57140 1:0 108747
106503 47466 21:0 106528
106504 55669 1:0 108747
106504 52727 1:0 108750
106504 49071 1:0 108750
106527 47463 21:0 106531
106530 47465 21:0 106531
106530 47462 21:0 106539
106536 54198 1:0 108750
106536 51256 1:0 108750
106536 49076 1:0 108756
106536 49083 1:0 108756
106537 49070 1:0 108756
106537 49077 1:0 108759
106537 49080 1:0 108759
106537 49079 1:0 108787
106538 47464 21:0 106542
106540 49082 1:0 108787
106541 47461 21:0 106542
106541 47460 21:0 106548
106543 49072 1:0 108787
106543 49075 1:0 108787
106543 49081 1:0 108838
106543 49785 1:0 108955
106543 49172 1:0 108968
106543 49173 1:0 108969
106546 298 1:0 163
106546 49074 1:0 108887
106546 49078 1:0 108907
106547 47453 21:0 106548
106547 47456 21:0 106548
106547 47454 21:0 106548
106547 47457 21:0 106548
106684 47605 21:0 106698
106697 47603 21:0 106704
106703 47602 21:0 106710
106714 47611 21:0 106749
106748 47613 21:0 106752
106751 47608 21:0 106752
106751 47612 21:0 106760
106759 47610 21:0 106763
106762 47609 21:0 106763
106762 47600 21:0 106763
106762 47607 21:0 106769
106768 47606 21:0 106769
106768 47601 21:0 106769
106898 47749 21:0 106917
106916 47750 21:0 106924
106923 47752 21:0 106929
106935 47758 21:0 106970
106969 47759 21:0 106973
106972 47756 21:0 106973
106972 47760 21:0 106981
106980 47755 21:0 106984
106983 47747 21:0 106984
106983 47757 21:0 106984
106983 47748 21:0 106990
106989 47754 21:0 106990
106989 47753 21:0 106990
107116 47897 21:0 107136
107139 47900 21:0 107163
107166 47907 21:0 107191
107190 47904 21:0 107194
107193 47902 21:0 107194
107193 47903 21:0 107202
107201 47906 21:0 107205
107204 47905 21:0 107205
107204 47894 21:0 107211
107210 47895 21:0 107211
107210 47898 21:0 107211
107210 47901 21:0 107211
107347 48046 21:0 107361
107360 48044 21:0 107367
107367 48050 21:0 107412
107411 48051 21:0 107415
107414 48049 21:0 107415
107414 48052 21:0 107423
107422 48054 21:0 107426
107425 48053 21:0 107426
107425 48047 21:0 107426
107425 48048 21:0 107432
107431 48041 21:0 107432
107431 48042 21:0 107432
107571 48192 21:0 107583
107582 48191 21:0 107589
107591 48196 21:0 107633
107632 48197 21:0 107636
107635 48200 21:0 107636
107635 48199 21:0 107644
107643 48198 21:0 107647
107646 48201 21:0 107647
107646 48189 21:0 107647
107646 48194 21:0 107653
107652 48190 21:0 107653
107652 48188 21:0 107653
107652 48195 21:0 107653
107772 48335 21:0 107816
107822 48345 21:0 107854
107853 48347 21:0 107857
107856 48346 21:0 107857
107856 48348 21:0 107865
107864 48343 21:0 107868
107867 48344 21:0 107868
107867 48336 21:0 107868
107867 48341 21:0 107874
107873 48339 21:0 107874
107873 48337 21:0 107874
107873 48342 21:0 107874
107873 48338 21:0 107874
108010 48487 21:0 108024
108023 48483 21:0 108047
108053 48494 21:0 108075
108074 48492 21:0 108078
108077 48495 21:0 108078
108077 48491 21:0 108086
108085 48490 21:0 108089
108088 48493 21:0 108089
108088 48486 21:0 108089
108088 48482 21:0 108095
108094 48488 21:0 108095
108094 48489 21:0 108095
108224 48631 21:0 108243
108244 48635 21:0 108268
108271 48642 21:0 108296
108295 48641 21:0 108299
108298 48637 21:0 108299
108298 48640 21:0 108307
108306 48638 21:0 108310
108309 48639 21:0 108310
108309 48632 21:0 108310
108309 48636 21:0 108316
108315 48629 21:0 108316
108315 48630 21:0 108316
108315 48634 21:0 108316
108435 48776 21:0 108479
108482 48787 21:0 108517
108516 48789 21:0 108520
108519 48784 21:0 108520
108519 48788 21:0 108528
108527 48785 21:0 108531
108530 48777 21:0 108531
108530 48786 21:0 108531
108530 48782 21:0 108537
108536 48780 21:0 108537
108536 48781 21:0 108537
108536 48783 21:0 108537
108673 48928 21:0 108687
108703 48934 21:0 108738
108737 48936 21:0 108741
108740 48932 21:0 108741
108740 48931 21:0 108749
108748 48933 21:0 108752
108751 48935 21:0 108752
108751 48924 21:0 108752
108751 48930 21:0 108758
108757 48923 21:0 108758
108757 48929 21:0 108758
108897 49074 21:0 108909
108908 49072 21:0 108915
108917 49078 21:0 108957
108956 49077 21:0 108975
108975 49173 21:0 79
