91 13483 21:0 129
128 13482 21:0 140
139 13471 21:0 140
139 13479 21:0 145
144 13480 21:0 150
149 13571 21:0 150
149 13648 21:0 216
149 13572 21:0 150
149 13481 21:0 150
215 13649 21:0 221
220 13472 21:0 221
220 13478 21:0 221
223 13680 21:0 240
239 13681 21:0 292
291 13682 21:0 297
299 13714 21:0 316
315 13715 21:0 368
370 13745 21:0 378
378 13748 21:0 444
446 13778 21:0 454
453 13713 21:0 504
503 13780 21:0 520
522 13811 21:0 530
530 13814 21:0 596
595 13813 21:0 601
603 13845 21:0 620
619 13712 21:0 672
671 13646 21:0 677
679 13878 21:0 696
695 13880 21:0 748
750 13910 21:0 758
758 13913 21:0 824
823 13911 21:0 829
828 13879 21:0 834
834 13946 21:0 900
899 13847 21:0 905
907 13977 21:0 924
978 14009 21:0 986
1059 14044 21:0 1076
1130 14075 21:0 1138
1211 14110 21:0 1228
1359 14175 21:0 1367
1366 14176 21:0 1415
1414 14178 21:0 1433
1432 14177 21:0 1443
1442 14208 21:0 1461
1460 14210 21:0 1509
1508 14209 21:0 1514
1513 14211 21:0 1533
1532 14241 21:0 1585
1584 14242 21:0 1590
1589 14243 21:0 1595
1594 14244 21:0 1661
1660 14274 21:0 1666
1665 14276 21:0 1671
1670 14275 21:0 1726
1725 14277 21:0 1742
1741 14307 21:0 1747
1746 14309 21:0 1802
1801 14308 21:0 1813
1812 14310 21:0 1823
1822 14340 21:0 1873
1872 14341 21:0 1889
1888 14342 21:0 1899
1898 14343 21:0 1917
1916 14373 21:0 1965
1964 14375 21:0 1970
1969 14374 21:0 1989
1988 14376 21:0 2041
2040 14406 21:0 2046
2045 14408 21:0 2051
2050 14407 21:0 2117
2116 14409 21:0 2122
2121 14439 21:0 2127
2126 14441 21:0 2182
2181 14440 21:0 2198
2197 14442 21:0 2203
2202 14472 21:0 2258
2257 14474 21:0 2271
2270 14473 21:0 2279
2278 14475 21:0 2329
2328 14505 21:0 2345
2344 14507 21:0 2355
2354 14506 21:0 2373
2372 14508 21:0 2421
2420 14538 21:0 2426
2425 14540 21:0 2445
2444 14539 21:0 2497
2496 14541 21:0 2502
2501 14571 21:0 2507
2506 14573 21:0 2516
2515 14572 21:0 2523
2520 14110 1:0 2640
2521 14075 1:0 2771
2521 14044 1:0 2884
2522 14574 21:0 2526
2525 14604 21:0 2534
2527 14009 1:0 3015
2529 13977 1:0 3127
2529 13946 1:0 3243
2535 13913 1:0 3365
2535 13911 1:0 3371
2546 304 21:0 2560
2559 14607 21:0 2632
2565 13910 1:0 3381
2630 13879 1:0 3412
2631 14606 21:0 2638
2637 14639 21:0 2645
2642 13880 1:0 3487
2643 13878 1:0 3493
2643 13847 1:0 3609
2644 14637 21:0 2648
2647 14640 21:0 2656
2649 13845 1:0 3615
2651 13814 1:0 3731
2651 13813 1:0 3738
2655 14605 21:0 2682
2657 13811 1:0 3747
2657 13780 1:0 3860
2676 13778 1:0 3869
2681 14670 21:0 2757
2687 13748 1:0 3975
2752 13745 1:0 3991
2756 14638 21:0 2760
2764 13713 1:0 4022
2765 13715 1:0 4097
2773 13714 1:0 4104
2773 13712 1:0 4113
2779 13682 1:0 4144
2886 13681 1:0 4219
2887 13680 1:0 4225
2895 13649 1:0 4341
2895 13648 1:0 4348
2901 13646 1:0 4357
2905 305 1:0 5679
3008 14670 1:0 5699
4529 15617 21:0 4537
4536 15619 21:0 4587
4586 15618 21:0 4603
4602 15620 21:0 4613
4612 15650 21:0 4631
4630 15651 21:0 4679
4678 15652 21:0 4684
4683 15653 21:0 4703
4702 15683 21:0 4755
4754 15685 21:0 4760
4759 15684 21:0 4765
4764 15686 21:0 4831
4830 15716 21:0 4836
4835 15718 21:0 4841
4840 15717 21:0 4896
4895 15719 21:0 4912
4911 15749 21:0 4917
4916 15751 21:0 4972
4971 15750 21:0 4987
4986 15752 21:0 4993
4992 15782 21:0 5043
5042 15784 21:0 5059
5058 15783 21:0 5069
5068 15785 21:0 5087
5086 15815 21:0 5135
5134 15817 21:0 5140
5139 15816 21:0 5159
5158 15818 21:0 5211
5210 15848 21:0 5216
5215 15849 21:0 5221
5220 15850 21:0 5287
5286 15851 21:0 5292
5291 15881 21:0 5297
5296 15883 21:0 5352
5351 15882 21:0 5368
5367 15884 21:0 5373
5372 15914 21:0 5428
5427 15915 21:0 5444
5443 15916 21:0 5449
5448 15917 21:0 5499
5498 15947 21:0 5515
5514 15949 21:0 5525
5524 15948 21:0 5543
5542 15950 21:0 5591
5590 15982 21:0 5596
5595 15980 21:0 5615
5614 15981 21:0 5667
5666 15983 21:0 5672
5671 16013 21:0 5677
5676 16016 21:0 5686
5685 16046 21:0 5694
5691 14638 1:0 5732
5692 14640 1:0 5812
5693 16015 21:0 5697
5695 14639 1:0 5820
5696 16049 21:0 5706
5698 14637 1:0 5830
5701 14605 1:0 5863
5701 14607 1:0 5943
5707 14606 1:0 5951
5707 14604 1:0 5961
5720 305 21:0 5734
5727 14574 1:0 5994
5733 16048 21:0 5811
5740 14572 1:0 6074
5794 14573 1:0 6082
5810 16082 21:0 5817
5811 14571 1:0 6092
5816 16081 21:0 5825
5822 14541 1:0 6125
5823 14539 1:0 6205
5824 16047 21:0 5828
5826 14540 1:0 6213
5827 16080 21:0 5837
5829 14538 1:0 6223
5832 14508 1:0 6256
5832 14506 1:0 6336
5836 16014 21:0 5865
5838 14507 1:0 6344
5838 14505 1:0 6354
5858 14475 1:0 6387
5864 16112 21:0 5945
5866 14473 1:0 6467
5912 14474 1:0 6475
5940 14472 1:0 6485
5944 16079 21:0 5948
5946 14442 1:0 6518
5953 14440 1:0 6598
5954 14441 1:0 6606
5963 14439 1:0 6616
5963 14409 1:0 6649
5971 14407 1:0 6729
5989 14408 1:0 6737
6084 14406 1:0 6747
6085 14376 1:0 6780
6085 14374 1:0 6860
6094 14375 1:0 6868
6094 14373 1:0 6878
6102 14343 1:0 6911
6121 14342 1:0 6991
6215 14341 1:0 6998
6216 14340 1:0 7009
6225 14310 1:0 7042
6225 14308 1:0 7122
6231 14309 1:0 7130
6235 14307 1:0 7140
6252 14277 1:0 7173
6346 14275 1:0 7253
6347 14276 1:0 7261
6356 14274 1:0 7271
6356 14244 1:0 7304
6362 14243 1:0 7384
6366 14242 1:0 7391
6395 14241 1:0 7402
6477 14211 1:0 7435
6478 14209 1:0 7515
6487 14210 1:0 7523
6487 14208 1:0 7533
6493 14177 1:0 7566
6498 14178 1:0 7646
6526 14176 1:0 7653
6567 306 1:0 8994
6608 14175 1:0 7664
7844 17059 21:0 7852
7851 17060 21:0 7902
7901 17061 21:0 7918
7917 17062 21:0 7928
7927 17092 21:0 7946
7945 17094 21:0 7994
7993 17093 21:0 7999
7998 17095 21:0 8018
8017 17125 21:0 8070
8069 17126 21:0 8075
8074 17127 21:0 8080
8079 17128 21:0 8146
8145 17158 21:0 8151
8150 17159 21:0 8156
8155 17160 21:0 8211
8210 17161 21:0 8227
8226 17191 21:0 8232
8231 17193 21:0 8287
8286 17192 21:0 8303
8302 17194 21:0 8308
8307 17224 21:0 8358
8357 17225 21:0 8374
8373 17226 21:0 8384
8383 17227 21:0 8402
8401 17257 21:0 8450
8449 17259 21:0 8455
8454 17258 21:0 8474
8473 17260 21:0 8526
8525 17290 21:0 8531
8530 17292 21:0 8536
8535 17291 21:0 8602
8601 17293 21:0 8607
8606 17323 21:0 8612
8611 17325 21:0 8673
8672 17324 21:0 8683
8682 17326 21:0 8688
8687 17356 21:0 8743
8742 17358 21:0 8759
8758 17357 21:0 8764
8763 17359 21:0 8814
8813 17389 21:0 8830
8829 17391 21:0 8840
8839 17390 21:0 8862
8861 17392 21:0 8906
8905 17422 21:0 8911
8910 17424 21:0 8930
8929 17423 21:0 8982
8981 17425 21:0 8987
8986 17457 21:0 8997
8996 17456 21:0 9001
8998 16112 1:0 9014
9000 17458 21:0 9009
9006 16080 1:0 9047
9007 16082 1:0 9127
9008 17455 21:0 9012
9010 16081 1:0 9135
9011 17488 21:0 9021
9013 16079 1:0 9145
9016 16047 1:0 9178
9016 16049 1:0 9258
9022 16048 1:0 9266
9022 16046 1:0 9276
9035 306 21:0 9049
9042 16014 1:0 9309
9048 17523 21:0 9128
9055 16016 1:0 9389
9109 16015 1:0 9397
9127 17489 21:0 9132
9129 16013 1:0 9407
9131 17521 21:0 9140
9137 15983 1:0 9440
9138 15981 1:0 9520
9139 17491 21:0 9143
9141 15982 1:0 9528
9142 17522 21:0 9152
9144 15980 1:0 9538
9147 15950 1:0 9571
9147 15948 1:0 9651
9151 17490 21:0 9180
9153 15949 1:0 9659
9153 15947 1:0 9669
9173 15917 1:0 9702
9179 17554 21:0 9260
9181 15916 1:0 9782
9227 15915 1:0 9789
9255 15914 1:0 9800
9259 17524 21:0 9263
9261 15884 1:0 9833
9262 17555 21:0 9271
9268 15882 1:0 9913
9269 15883 1:0 9921
9272 15881 1:0 9931
9278 15851 1:0 9964
9278 15850 1:0 10044
9286 15849 1:0 10051
9304 15848 1:0 10062
9399 15818 1:0 10095
9400 15816 1:0 10175
9400 15817 1:0 10183
9409 15815 1:0 10193
9409 15785 1:0 10226
9417 15783 1:0 10306
9436 15784 1:0 10314
9530 15782 1:0 10324
9531 15752 1:0 10357
9540 15750 1:0 10437
9540 15751 1:0 10445
9546 15749 1:0 10455
9550 15719 1:0 10488
9567 15717 1:0 10568
9661 15718 1:0 10576
9662 15716 1:0 10586
9671 15686 1:0 10619
9671 15684 1:0 10699
9677 15685 1:0 10707
9681 15683 1:0 10717
9710 15653 1:0 10750
9792 15652 1:0 10830
9793 15651 1:0 10837
9802 15650 1:0 10848
9802 15620 1:0 10881
9808 15618 1:0 10961
9813 15619 1:0 10969
9841 15617 1:0 10979
9882 307 1:0 12309
9923 17555 1:0 12318
11159 18501 21:0 11167
11166 18502 21:0 11217
11216 18503 21:0 11233
11232 18504 21:0 11243
11242 18534 21:0 11261
11260 18536 21:0 11309
11308 18535 21:0 11314
11313 18537 21:0 11333
11332 18567 21:0 11385
11384 18568 21:0 11390
11389 18569 21:0 11395
11394 18570 21:0 11461
11460 18600 21:0 11466
11465 18601 21:0 11471
11470 18602 21:0 11526
11525 18603 21:0 11542
11541 18633 21:0 11547
11546 18635 21:0 11602
11601 18634 21:0 11618
11617 18636 21:0 11623
11622 18666 21:0 11673
11672 18668 21:0 11689
11688 18667 21:0 11699
11698 18669 21:0 11717
11716 18699 21:0 11765
11764 18700 21:0 11770
11769 18702 21:0 11789
11788 18701 21:0 11841
11840 18732 21:0 11846
11845 18733 21:0 11851
11850 18735 21:0 11917
11916 18734 21:0 11922
11921 18767 21:0 11927
11926 18766 21:0 11982
11981 18765 21:0 11998
11997 18768 21:0 12003
12002 18798 21:0 12058
12057 18799 21:0 12074
12073 18800 21:0 12079
12078 18801 21:0 12129
12128 18831 21:0 12145
12152 18932 21:0 12169
12168 18832 21:0 12221
12220 18833 21:0 12226
12225 18834 21:0 12245
12244 18864 21:0 12297
12296 18866 21:0 12302
12301 18897 21:0 12307
12306 18867 21:0 12316
12315 18898 21:0 12324
12321 17554 1:0 12329
12322 17524 1:0 12362
12323 18865 21:0 12327
12325 17522 1:0 12442
12326 18933 21:0 12336
12328 17523 1:0 12450
12331 17521 1:0 12460
12331 17490 1:0 12493
12337 17491 1:0 12573
12337 17489 1:0 12580
12350 307 21:0 12364
12357 17488 1:0 12591
12363 18899 21:0 12444
12370 17458 1:0 12624
12424 17456 1:0 12704
12443 18930 21:0 12447
12445 17457 1:0 12712
12446 18900 21:0 12455
12452 17455 1:0 12722
12453 17425 1:0 12755
12454 18966 21:0 12458
12456 17423 1:0 12835
12457 18931 21:0 12467
12459 17424 1:0 12843
12462 17422 1:0 12853
12462 17392 1:0 12886
12466 18964 21:0 12495
12468 17390 1:0 12966
12468 17391 1:0 12974
12488 17389 1:0 12984
12494 18965 21:0 12575
12496 17359 1:0 13017
12542 17357 1:0 13097
12570 17358 1:0 13105
12574 18996 21:0 12578
12576 17356 1:0 13115
12577 18963 21:0 12586
12583 17326 1:0 13148
12584 17324 1:0 13228
12587 17325 1:0 13236
12593 17323 1:0 13246
12593 17293 1:0 13279
12601 17291 1:0 13359
12619 17292 1:0 13367
12714 17290 1:0 13377
12715 17260 1:0 13410
12715 17258 1:0 13490
12724 17259 1:0 13498
12724 17257 1:0 13508
12732 17227 1:0 13541
12751 17226 1:0 13621
12845 17225 1:0 13628
12846 17224 1:0 13639
12855 17194 1:0 13672
12855 17192 1:0 13752
12861 17193 1:0 13760
12865 17191 1:0 13770
12882 17161 1:0 13803
12976 17160 1:0 13883
12977 17159 1:0 13890
12986 17158 1:0 13901
12986 17128 1:0 13934
12992 17127 1:0 14014
12996 17126 1:0 14021
13025 17125 1:0 14032
13107 17095 1:0 14065
13108 17093 1:0 14145
13117 17094 1:0 14153
13117 17092 1:0 14163
13123 17062 1:0 14196
13128 17061 1:0 14276
13156 17060 1:0 14283
13197 308 1:0 15624
13238 17059 1:0 14294
14474 19943 21:0 14482
14481 19944 21:0 14532
14531 19945 21:0 14548
14547 19946 21:0 14558
14557 19976 21:0 14576
14575 19977 21:0 14624
14623 19978 21:0 14629
14628 19979 21:0 14648
14647 20009 21:0 14700
14699 20011 21:0 14705
14704 20010 21:0 14710
14709 20012 21:0 14776
14775 20042 21:0 14781
14780 20044 21:0 14786
14785 20043 21:0 14843
14842 20045 21:0 14857
14856 20075 21:0 14862
14861 20076 21:0 14917
14916 20077 21:0 14933
14932 20078 21:0 14938
14937 20108 21:0 14988
14987 20109 21:0 15004
15003 20110 21:0 15014
15013 20111 21:0 15032
15031 20141 21:0 15080
15079 20143 21:0 15085
15084 20142 21:0 15104
15103 20144 21:0 15156
15155 20174 21:0 15161
15160 20176 21:0 15166
15165 20175 21:0 15232
15231 20177 21:0 15237
15236 20207 21:0 15242
15241 20240 21:0 15305
15304 20208 21:0 15313
15312 20209 21:0 15318
15317 20210 21:0 15373
15372 20241 21:0 15389
15388 20242 21:0 15394
15393 20243 21:0 15444
15443 20273 21:0 15460
15459 20274 21:0 15470
15469 20275 21:0 15492
15491 20276 21:0 15536
15535 20306 21:0 15541
15540 20308 21:0 15560
15559 20309 21:0 15612
15611 20307 21:0 15617
15616 20339 21:0 15628
15627 20341 21:0 15631
15629 18996 1:0 15644
15630 20342 21:0 15639
15636 18965 1:0 15677
15637 18966 1:0 15757
15638 20340 21:0 15642
15640 18964 1:0 15764
15641 20373 21:0 15651
15643 18963 1:0 15775
15646 18931 1:0 15808
15646 18933 1:0 15888
15652 18932 1:0 15896
15652 18930 1:0 15906
15665 308 21:0 15679
15672 18900 1:0 15939
15678 20372 21:0 15756
15685 18899 1:0 16019
15739 18898 1:0 16026
15755 20375 21:0 15762
15756 18897 1:0 16037
15761 20374 21:0 15770
15767 18865 1:0 16070
15768 18867 1:0 16150
15769 20408 21:0 15773
15771 18866 1:0 16158
15772 20406 21:0 15782
15774 18864 1:0 16168
15777 18834 1:0 16201
15777 18833 1:0 16281
15781 20407 21:0 15810
15783 18832 1:0 16288
15783 18831 1:0 16299
15803 18801 1:0 16332
15811 18800 1:0 16412
15857 18799 1:0 16419
15898 18798 1:0 16430
15899 18768 1:0 16463
15908 18766 1:0 16543
15908 18767 1:0 16551
15916 18765 1:0 16561
15934 18734 1:0 16594
16029 18735 1:0 16674
16030 18733 1:0 16681
16030 18732 1:0 16692
16039 18701 1:0 16725
16039 18702 1:0 16805
16047 18700 1:0 16812
16066 18699 1:0 16823
16160 18669 1:0 16856
16161 18667 1:0 16936
16170 18668 1:0 16944
16170 18666 1:0 16954
16176 18636 1:0 16987
16180 18634 1:0 17067
16197 18635 1:0 17075
16291 18633 1:0 17085
16292 18603 1:0 17118
16301 18602 1:0 17198
16301 18601 1:0 17205
16307 18600 1:0 17216
16311 18570 1:0 17249
16340 18569 1:0 17329
16422 18568 1:0 17336
16423 18567 1:0 17347
16432 18537 1:0 17380
16432 18535 1:0 17460
16438 18536 1:0 17468
16443 18534 1:0 17478
16471 18504 1:0 17511
16512 309 1:0 18939
16553 18503 1:0 17591
16554 18502 1:0 17598
16563 18501 1:0 17609
17732 21363 21:0 17739
17771 21368 21:0 17787
17786 21357 21:0 17787
17786 21364 21:0 17787
17789 21385 21:0 17797
17796 21386 21:0 17847
17846 21387 21:0 17863
17862 21388 21:0 17873
17872 21418 21:0 17891
17890 21419 21:0 17939
17938 21420 21:0 17944
17943 21421 21:0 17963
17962 21451 21:0 18015
18014 21453 21:0 18020
18019 21452 21:0 18025
18024 21454 21:0 18091
18090 21484 21:0 18096
18095 21485 21:0 18101
18100 21486 21:0 18158
18157 21487 21:0 18172
18171 21517 21:0 18177
18176 21518 21:0 18232
18231 21519 21:0 18248
18247 21520 21:0 18253
18252 21550 21:0 18303
18302 21551 21:0 18319
18318 21552 21:0 18329
18328 21553 21:0 18347
18346 21583 21:0 18395
18394 21585 21:0 18400
18399 21584 21:0 18419
18418 21586 21:0 18471
18470 21616 21:0 18476
18475 21617 21:0 18481
18480 21618 21:0 18547
18546 21619 21:0 18552
18551 21649 21:0 18557
18556 21651 21:0 18615
18614 21650 21:0 18628
18627 21652 21:0 18633
18632 21682 21:0 18688
18687 21683 21:0 18704
18703 21685 21:0 18709
18708 21684 21:0 18759
18758 21715 21:0 18775
18774 21717 21:0 18785
18784 21716 21:0 18803
18802 21718 21:0 18851
18850 21748 21:0 18856
18855 21750 21:0 18875
18874 21749 21:0 18927
18926 21751 21:0 18932
18931 21781 21:0 18937
18936 21782 21:0 18946
18945 21783 21:0 18954
18951 20407 1:0 18992
18952 20408 1:0 19072
18953 21784 21:0 18957
18955 20406 1:0 19079
18956 21814 21:0 18966
18958 20374 1:0 19123
18961 20375 1:0 19203
18961 20373 1:0 19210
18965 21792 21:0 18966
18965 21582 21:0 18966
18967 20372 1:0 19221
18967 20340 1:0 19254
18969 20342 1:0 19334
18980 309 21:0 18994
18988 20341 1:0 19342
18993 21816 21:0 19071
19041 20339 1:0 19352
19069 20307 1:0 19385
19070 21815 21:0 19077
19076 21849 21:0 19085
19082 20309 1:0 19465
19083 20308 1:0 19473
19083 20306 1:0 19483
19086 20276 1:0 19516
19092 20275 1:0 19596
19092 20274 1:0 19603
19100 20273 1:0 19614
19119 20243 1:0 19647
19213 20242 1:0 19727
19214 20241 1:0 19734
19223 20240 1:0 19745
19223 20210 1:0 19778
19229 20209 1:0 19858
19233 20208 1:0 19865
19250 20207 1:0 19876
19344 20177 1:0 19909
19345 20175 1:0 19989
19353 14851 21:0 19356
19354 20176 1:0 19997
19354 20174 1:0 20007
19357 20144 1:0 20040
19360 20142 1:0 20120
19380 20143 1:0 20128
19475 20141 1:0 20138
19476 20111 1:0 20171
19476 20110 1:0 20251
19484 14908 21:0 19487
19485 20109 1:0 20258
19485 20108 1:0 20269
19491 20078 1:0 20302
19496 20077 1:0 20382
19521 14929 21:0 19553
19524 20076 1:0 20389
19604 14961 21:0 19609
19606 20075 1:0 20400
19607 20045 1:0 20433
19610 20043 1:0 20513
19616 20044 1:0 20521
19616 20042 1:0 20531
19624 20012 1:0 20564
19643 20010 1:0 20644
19737 20011 1:0 20652
19738 20009 1:0 20662
19738 19979 1:0 20695
19747 19978 1:0 20775
19747 19977 1:0 20782
19755 19976 1:0 20793
19774 19946 1:0 20826
19786 310 1:0 22254
19868 19945 1:0 20906
19869 19944 1:0 20913
19878 19943 1:0 20924
20008 15136 21:0 20011
20100 15171 21:0 20122
20176 15214 21:0 20208
20411 15310 21:0 20435
20831 15499 21:0 20863
20914 15531 21:0 20919
20935 15538 21:0 20959
21038 15588 21:0 21050
21049 3 21:0 21050
21050 5 21:0 21071
21104 22827 21:0 21112
21111 22828 21:0 21162
21161 22830 21:0 21178
21177 15 21:0 21183
21182 23 21:0 21183
21185 22862 21:0 21202
21201 22860 21:0 21254
21253 47 21:0 21254
21256 22893 21:0 21264
21263 53 21:0 21264
21264 22896 21:0 21330
21329 22895 21:0 21335
21334 22926 21:0 21340
21339 22894 21:0 21403
21402 22863 21:0 21411
21410 51 21:0 21411
21413 22960 21:0 21430
21429 22961 21:0 21482
21481 22959 21:0 21487
21489 22994 21:0 21506
21505 22861 21:0 21558
21557 22962 21:0 21563
21565 23027 21:0 21582
21581 22993 21:0 21634
21633 23025 21:0 21639
21638 22927 21:0 21658
21657 22928 21:0 21710
21709 22992 21:0 21715
21714 22929 21:0 21720
21719 23028 21:0 21786
21785 22995 21:0 21791
21790 23058 21:0 21796
21795 23061 21:0 21851
21850 23091 21:0 21867
21866 23092 21:0 21872
21871 23094 21:0 21922
21921 23093 21:0 21938
21937 23026 21:0 21948
21947 23159 21:0 21970
21969 23126 21:0 22014
22013 125 21:0 22019
22018 23190 21:0 22024
22023 23059 21:0 22079
22078 23223 21:0 22095
22094 23226 21:0 22100
22099 23258 21:0 22150
22149 23136 21:0 22166
22165 23060 21:0 22171
22170 13 21:0 22171
22170 23162 21:0 22176
22175 227 21:0 22176
22175 69 21:0 22190
22189 49 21:0 22231
22230 23160 21:0 22242
22241 23259 21:0 22252
22251 22997 21:0 22252
22251 23321 21:0 22257
22253 23259 1:0 22267
22256 23096 21:0 22258
22257 23308 21:0 22258
22266 304 1:0 2509
22267 23160 1:0 22276
22267 21792 1:0 22276
22276 23060 1:0 22290
22276 21582 1:0 22290
22276 21849 1:0 22361
22282 23258 1:0 22390
22295 310 21:0 22309
22303 23226 1:0 22401
22315 49 1:0 22401
22397 23223 1:0 22410
22397 69 1:0 22410
22398 23059 1:0 22438
22407 21815 1:0 22518
22407 21816 1:0 22526
22413 14908 1:0 22529
22418 21814 1:0 22536
22446 23190 1:0 22541
22528 21784 1:0 22569
22529 21783 1:0 22649
22538 21782 1:0 22656
22538 14851 1:0 22660
22538 21781 1:0 22667
22546 23126 1:0 22672
22548 227 1:0 22672
22565 21751 1:0 22700
22659 21749 1:0 22780
22660 21750 1:0 22788
22660 13 1:0 22791
22669 21748 1:0 22798
22669 14929 1:0 22803
22669 23159 1:0 22803
22677 21718 1:0 22831
22696 21716 1:0 22911
22790 14961 1:0 22917
22790 21717 1:0 22919
22791 21715 1:0 22929
22800 23026 1:0 22934
22800 21684 1:0 22962
22806 21685 1:0 23042
22811 21683 1:0 23049
22826 21363 1:0 23053
22921 21682 1:0 23060
22922 23093 1:0 23065
22922 21652 1:0 23093
22931 21650 1:0 23173
22931 21651 1:0 23181
22937 21357 1:0 23184
22941 21649 1:0 23191
22970 23094 1:0 23196
23052 21619 1:0 23224
23053 21618 1:0 23304
23062 21617 1:0 23311
23062 15136 1:0 23315
23062 21616 1:0 23322
23070 23092 1:0 23327
23070 15171 1:0 23327
23089 21586 1:0 23355
23183 21584 1:0 23435
23184 21585 1:0 23443
23184 125 1:0 23446
23193 21583 1:0 23453
23193 23091 1:0 23458
23193 15214 1:0 23458
23201 21553 1:0 23486
23219 21552 1:0 23566
23314 21551 1:0 23573
23314 15310 1:0 23577
23315 21550 1:0 23584
23324 23061 1:0 23589
23324 21520 1:0 23617
23330 21519 1:0 23697
23335 21518 1:0 23704
23351 15 1:0 23708
23445 21517 1:0 23715
23446 23058 1:0 23720
23455 21487 1:0 23748
23455 21486 1:0 23828
23461 21485 1:0 23835
23461 51 1:0 23839
23481 21484 1:0 23846
23494 22995 1:0 23851
23576 23 1:0 23851
23577 21454 1:0 23879
23577 21452 1:0 23959
23586 21453 1:0 23967
23586 53 1:0 23970
23592 21451 1:0 23977
23597 23028 1:0 23982
23597 47 1:0 23982
23625 21421 1:0 24010
23707 21420 1:0 24090
23708 21419 1:0 24097
23717 15531 1:0 24101
23717 21418 1:0 24108
23723 22929 1:0 24113
23723 15499 1:0 24113
23728 21388 1:0 24141
23756 21387 1:0 24221
23838 21386 1:0 24228
23838 21364 1:0 24232
23839 21385 1:0 24239
23839 15588 1:0 24241
23839 5 1:0 24241
23848 21368 1:0 24241
23848 15538 1:0 24248
23848 22992 1:0 24254
23854 22928 1:0 24326
23856 311 1:0 24352
23859 23321 1:0 24357
23887 22927 1:0 24368
23887 23308 1:0 24368
23969 11266 1:0 24374
23969 11275 1:0 24374
23969 11273 1:0 24377
23970 11277 1:0 24377
23970 11267 1:0 24387
23970 11272 1:0 24387
23970 11276 1:0 24387
23979 11274 1:0 24415
23979 11279 1:0 24459
23979 11278 1:0 24545
23985 23025 1:0 24589
23987 11424 1:0 24595
23987 11414 1:0 24595
23989 11419 1:0 24598
24005 11422 1:0 24598
24005 11420 1:0 24608
24006 11413 1:0 24608
24018 11421 1:0 24608
24018 11417 1:0 24608
24100 11426 1:0 24636
24100 11423 1:0 24680
24101 11425 1:0 24766
24101 22993 1:0 24810
24110 11560 1:0 24810
24110 11561 1:0 24816
24110 11566 1:0 24816
24110 11571 1:0 24816
24110 11570 1:0 24819
24110 11567 1:0 24819
24116 11572 1:0 24847
24116 11573 1:0 24847
24120 11568 1:0 24898
24136 11565 1:0 24935
24136 11569 1:0 24968
24149 23027 1:0 25020
24231 22962 1:0 25031
24232 11707 1:0 25031
24232 11717 1:0 25037
24232 11713 1:0 25037
24232 11708 1:0 25037
24232 11714 1:0 25040
24241 11720 1:0 25040
24241 11716 1:0 25068
24241 11715 1:0 25068
24241 11719 1:0 25119
24247 11718 1:0 25199
24252 22861 1:0 25241
24280 22994 1:0 25252
24280 23162 1:0 25252
24321 11861 1:0 25258
24364 11866 1:0 25258
24364 11854 1:0 25261
24364 11863 1:0 25261
24365 11855 1:0 25271
24365 11860 1:0 25271
24365 11862 1:0 25271
24365 12002 1:0 25473
24365 23136 1:0 25473
24374 11865 1:0 25299
24374 11864 1:0 25343
24374 11867 1:0 25430
24374 12001 1:0 25479
24380 22959 1:0 25473
24384 12013 1:0 25479
24393 311 21:0 24407
24400 12007 1:0 25479
24400 12008 1:0 25482
24401 12014 1:0 25482
24413 12011 1:0 25510
24454 12009 1:0 25510
24467 12010 1:0 25561
24483 12004 1:0 25601
24483 12012 1:0 25641
24525 11272 21:0 24549
24533 22961 1:0 25691
24543 12161 1:0 25694
24545 12148 1:0 25703
24553 12158 1:0 25700
24555 11278 21:0 24577
24576 11279 21:0 24580
24579 11274 21:0 24580
24579 11276 21:0 24588
24585 23096 1:0 25700
24585 12157 1:0 25703
24585 12155 1:0 25728
24585 12149 1:0 25728
24586 12160 1:0 25728
24586 12159 1:0 25766
24586 12154 1:0 25782
24587 11277 21:0 24591
24589 12153 1:0 25832
24589 12156 1:0 25851
24590 11275 21:0 24591
24590 11267 21:0 24597
24592 22863 1:0 25912
24595 12306 1:0 25915
24595 12308 1:0 25921
24595 12296 1:0 25924
24595 12307 1:0 25924
24596 11266 21:0 24597
24596 11273 21:0 24597
24598 12305 1:0 25952
24601 12304 1:0 25952
24601 12301 1:0 25987
24601 12302 1:0 25987
24601 12295 1:0 26003
24605 12300 1:0 26053
24605 12303 1:0 26072
24634 22830 1:0 26133
24675 12453 1:0 26136
24683 12454 1:0 26142
24703 12442 1:0 26145
24703 12450 1:0 26145
24704 12443 1:0 26170
24705 12451 1:0 26170
24716 11413 21:0 24760
24754 12448 1:0 26170
24756 12455 1:0 26208
24759 11417 21:0 24767
24764 12449 1:0 26224
24764 12590 1:0 26363
24774 12452 1:0 26303
24776 11425 21:0 24798
24797 11423 21:0 24801
24800 11426 21:0 24801
24800 11421 21:0 24809
24806 22860 1:0 26346
24807 22960 1:0 26357
24807 22997 1:0 26357
24807 12599 1:0 26363
24808 11422 21:0 24812
24811 11424 21:0 24812
24811 11420 21:0 24818
24813 12597 1:0 26366
24813 12595 1:0 26366
24813 12598 1:0 26376
24816 12589 1:0 26376
24816 12596 1:0 26376
24816 12602 1:0 26404
24816 12600 1:0 26448
24816 12601 1:0 26534
24817 11419 21:0 24818
24817 11414 21:0 24818
24822 22894 1:0 26575
24824 12749 1:0 26578
24827 12745 1:0 26584
24842 12746 1:0 26587
24843 12737 1:0 26597
24843 12736 1:0 26597
24855 12747 1:0 26597
24896 12744 1:0 26625
24924 12748 1:0 26669
24924 12742 1:0 26673
24925 12743 1:0 26726
24925 13031 1:0 27026
24954 11565 21:0 24968
24974 11569 21:0 25019
24975 22828 1:0 26796
24985 12896 1:0 26799
24995 12895 1:0 26805
25018 11568 21:0 25022
25021 11573 21:0 25022
25021 11572 21:0 25030
25027 12883 1:0 26808
25027 12892 1:0 26808
25027 12890 1:0 26833
25027 12889 1:0 26833
25028 12894 1:0 26833
25028 12891 1:0 26871
25028 12884 1:0 26887
25028 12893 1:0 26966
25029 11570 21:0 25033
25032 11567 21:0 25033
25032 11571 21:0 25033
25032 11561 21:0 25039
25034 22926 1:0 27009
25037 22896 1:0 27020
25037 13041 1:0 27026
25037 13030 1:0 27029
25037 13043 1:0 27029
25037 13037 1:0 27039
25038 11560 21:0 25039
25038 11566 21:0 25039
25040 13039 1:0 27039
25043 13036 1:0 27039
25043 13038 1:0 27067
25047 13040 1:0 27111
25048 13184 1:0 27241
25063 13042 1:0 27197
25117 22895 1:0 27235
25145 22893 1:0 27241
25146 13186 1:0 27247
25147 13178 1:0 27247
25155 11708 21:0 25201
25196 13183 1:0 27247
25198 13190 1:0 27250
25205 11718 21:0 25240
25206 13177 1:0 27250
25216 13189 1:0 27278
25239 11719 21:0 25243
25242 11715 21:0 25243
25242 11716 21:0 25251
25248 13188 1:0 27278
25248 13185 1:0 27329
25249 13187 1:0 27408
25249 22862 1:0 27456
25250 11720 21:0 25254
25252 13335 1:0 27462
25253 11717 21:0 25254
25253 11714 21:0 25254
25253 11713 21:0 25260
25255 13336 1:0 27468
25255 13331 1:0 27471
25255 13337 1:0 27471
25255 13330 1:0 27496
25258 13325 1:0 27496
25258 13334 1:0 27496
25258 13332 1:0 27534
25258 13324 1:0 27550
25258 13326 1:0 27589
25258 13333 1:0 27620
25258 13473 1:0 27717
25259 11707 21:0 25260
25264 22827 1:0 27680
25268 13481 1:0 27683
25284 13480 1:0 27689
25285 13479 1:0 27692
25297 13472 1:0 27717
25297 13478 1:0 27717
25338 13482 1:0 27717
25351 13483 1:0 27764
25351 13471 1:0 27764
25366 13477 1:0 27830
25366 3 1:0 27856
25366 13571 1:0 27871
25367 13484 1:0 27777
25367 13572 1:0 27901
25376 11855 21:0 25422
25436 11867 21:0 25461
25460 11864 21:0 25464
25463 11865 21:0 25464
25463 11862 21:0 25472
25471 11863 21:0 25475
25474 11866 21:0 25475
25474 11860 21:0 25481
25480 11861 21:0 25481
25480 11854 21:0 25481
25600 12001 21:0 25644
25647 12012 21:0 25682
25681 12010 21:0 25685
25684 12009 21:0 25685
25684 12011 21:0 25693
25692 12014 21:0 25696
25695 12013 21:0 25696
25695 12008 21:0 25696
25695 12007 21:0 25702
25701 12002 21:0 25702
25701 12004 21:0 25702
25838 12153 21:0 25852
25861 12156 21:0 25903
25902 12154 21:0 25903
25902 12159 21:0 25906
25905 12160 21:0 25906
25905 12157 21:0 25914
25913 12158 21:0 25917
25916 12161 21:0 25917
25916 12149 21:0 25923
25922 12155 21:0 25923
25922 12148 21:0 25923
26059 12300 21:0 26073
26082 12303 21:0 26124
26123 12295 21:0 26124
26123 12301 21:0 26124
26123 12305 21:0 26127
26126 12304 21:0 26135
26134 12307 21:0 26135
26134 12308 21:0 26138
26137 12306 21:0 26144
26143 12296 21:0 26144
26143 12302 21:0 26144
26260 12443 21:0 26306
26313 12452 21:0 26345
26344 12449 21:0 26345
26344 12455 21:0 26348
26347 12451 21:0 26356
26355 12450 21:0 26356
26355 12454 21:0 26359
26358 12453 21:0 26359
26358 12448 21:0 26365
26364 12442 21:0 26365
26484 12589 21:0 26528
26544 12601 21:0 26566
26565 12600 21:0 26569
26568 12602 21:0 26569
26568 12598 21:0 26577
26576 12597 21:0 26580
26579 12599 21:0 26580
26579 12596 21:0 26586
26585 12595 21:0 26586
26585 12590 21:0 26586
26732 12743 21:0 26757
26756 12742 21:0 26787
26786 12748 21:0 26787
26786 12744 21:0 26790
26789 12747 21:0 26798
26797 12746 21:0 26798
26797 12745 21:0 26801
26800 12749 21:0 26804
26803 12737 21:0 26807
26806 12736 21:0 26807
26923 12884 21:0 26969
26976 12893 21:0 27008
27007 12891 21:0 27011
27010 12889 21:0 27011
27010 12894 21:0 27019
27018 12892 21:0 27019
27018 12895 21:0 27022
27021 12896 21:0 27022
27021 12890 21:0 27028
27027 12883 21:0 27028
27177 13036 21:0 27201
27207 13042 21:0 27229
27228 13040 21:0 27232
27231 13038 21:0 27232
27231 13039 21:0 27240
27239 13043 21:0 27243
27242 13041 21:0 27243
27242 13037 21:0 27249
27248 13030 21:0 27249
27248 13031 21:0 27249
27368 13177 21:0 27412
27418 13187 21:0 27450
27449 13185 21:0 27453
27452 13188 21:0 27453
27452 13189 21:0 27461
27460 13190 21:0 27464
27463 13183 21:0 27464
27463 13186 21:0 27464
27463 13178 21:0 27470
27469 13184 21:0 27470
27599 13326 21:0 27618
27626 13333 21:0 27671
27670 13324 21:0 27671
27670 13332 21:0 27674
27673 13334 21:0 27674
27673 13337 21:0 27682
27681 13336 21:0 27685
27684 13335 21:0 27685
27684 13330 21:0 27691
27690 13325 21:0 27691
27690 13331 21:0 27691
27820 13473 21:0 27839
27840 13477 21:0 27864
27867 13484 21:0 92
