50 7816 21:0 92
91 7819 21:0 103
102 7815 21:0 108
107 7908 21:0 108
107 7909 21:0 108
107 7817 21:0 108
107 7818 21:0 113
1273 8473 21:0 1283
3323 9437 21:0 3340
3402 9472 21:0 3468
3470 9502 21:0 3478
3478 9505 21:0 3544
3551 9536 21:0 3568
3782 9637 21:0 3848
4154 9799 21:0 4162
4314 9868 21:0 4380
4527 9868 1:0 4779
4528 9799 1:0 5059
4537 9637 1:0 5696
4537 9536 1:0 6096
4543 9505 1:0 6220
4548 9502 1:0 6238
4576 9472 1:0 6351
4658 9437 1:0 6489
6682 10909 21:0 6699
6758 10942 21:0 6775
6837 10976 21:0 6903
7065 11075 21:0 7131
7133 11105 21:0 7141
7217 11141 21:0 7283
7442 11239 21:0 7459
7458 11237 21:0 7511
7886 11239 1:0 8539
7887 11237 1:0 8549
7896 11141 1:0 8924
7896 11105 1:0 9073
7902 11075 1:0 9186
7907 10976 1:0 9579
7922 5755 1:0 11568
7935 10942 1:0 9718
8017 10909 1:0 9849
10041 12379 21:0 10058
10120 12414 21:0 10186
10269 12479 21:0 10286
10424 12546 21:0 10490
10573 12611 21:0 10590
10589 12610 21:0 10642
10877 12743 21:0 10894
11032 12810 21:0 11098
11255 5611 1:0 11296
11255 5612 1:0 11296
11256 5614 1:0 11347
11256 5609 1:0 11416
11265 5761 1:0 11489
11265 12810 1:0 11568
11265 5759 1:0 11648
11265 5901 1:0 11710
11271 5904 1:0 11738
11273 5905 1:0 11738
11276 5908 1:0 11789
11292 5903 1:0 11858
11304 6052 1:0 11928
11345 6054 1:0 11931
11358 6050 1:0 11939
11374 6053 1:0 11966
11374 6051 1:0 12013
11375 6196 1:0 12149
11424 6055 1:0 12100
11426 5609 21:0 11468
11444 12743 1:0 12137
11467 5614 21:0 11471
11470 5611 21:0 11471
11470 5612 21:0 11479
11476 6201 1:0 12152
11476 6195 1:0 12152
11477 6198 1:0 12180
11477 6200 1:0 12180
11477 6202 1:0 12231
11480 6197 1:0 12300
11486 6345 1:0 12364
11486 6347 1:0 12370
11486 6346 1:0 12373
11486 6349 1:0 12398
11492 6348 1:0 12436
11492 6336 1:0 12452
11496 6344 1:0 12521
11512 6495 1:0 12591
11513 6493 1:0 12594
11525 6492 1:0 12622
11566 6494 1:0 12622
11594 6491 1:0 12673
11594 6490 1:0 12676
11595 6496 1:0 12763
11654 5759 21:0 11689
11655 12610 1:0 12806
11688 5755 21:0 11689
11688 5761 21:0 11692
11697 6642 1:0 12812
11697 6641 1:0 12815
11697 6636 1:0 12815
11698 6643 1:0 12843
11698 6639 1:0 12843
11698 6640 1:0 12894
11707 6638 1:0 12963
11707 12611 1:0 13021
11707 6790 1:0 13033
11713 6787 1:0 13036
11713 6783 1:0 13036
11717 6788 1:0 13064
11733 6786 1:0 13064
11746 6789 1:0 13115
11746 6785 1:0 13184
11815 12546 1:0 13248
11816 6933 1:0 13254
11866 6937 1:0 13257
11868 5903 21:0 11910
11876 6932 1:0 13285
11886 6936 1:0 13285
11909 5908 21:0 11913
11912 5905 21:0 11913
11912 5904 21:0 11921
11918 6935 1:0 13336
11918 6934 1:0 13415
11919 7081 1:0 13475
11919 7084 1:0 13478
11919 7072 1:0 13478
11919 7082 1:0 13506
11920 5901 21:0 11921
11922 7079 1:0 13506
11928 7083 1:0 13557
11928 7080 1:0 13627
11928 7229 1:0 13696
11928 7230 1:0 13699
11934 7219 1:0 13699
11934 7227 1:0 13727
11938 7228 1:0 13727
11954 7231 1:0 13778
11955 7226 1:0 13847
12008 12479 1:0 13905
12036 7377 1:0 13911
12037 7378 1:0 13917
12037 7372 1:0 13920
12087 7375 1:0 13920
12087 7371 1:0 13945
12087 7366 1:0 13945
12097 7373 1:0 13948
12106 6055 21:0 12131
12107 7365 1:0 13948
12130 6051 21:0 12134
12133 6053 21:0 12134
12133 6050 21:0 12142
12139 7374 1:0 13999
12139 7376 1:0 14079
12139 7513 1:0 14132
12140 7522 1:0 14132
12140 12414 1:0 14141
12141 6054 21:0 12145
12144 6052 21:0 12145
12146 7521 1:0 14141
12146 7523 1:0 14150
12146 7519 1:0 14150
12146 7512 1:0 14150
12149 7520 1:0 14177
12149 7525 1:0 14223
12149 7524 1:0 14309
12149 7665 1:0 14359
12149 7666 1:0 14359
12155 7669 1:0 14359
12155 7670 1:0 14362
12157 7660 1:0 14362
12160 7671 1:0 14390
12175 7667 1:0 14390
12188 7672 1:0 14441
12229 7668 1:0 14511
12257 12379 1:0 14567
12258 7818 1:0 14580
12308 7817 1:0 14583
12310 6197 21:0 12352
12318 7819 1:0 14611
12328 7815 1:0 14611
12351 6202 21:0 12355
12354 6200 21:0 12355
12354 6198 21:0 12363
12360 7816 1:0 14662
12360 7814 1:0 14731
12360 8473 1:0 14743
12360 7909 1:0 14758
12361 7908 1:0 14792
12362 6201 21:0 12366
12365 6195 21:0 12366
12365 6196 21:0 12366
12531 6344 21:0 12573
12572 6336 21:0 12573
12572 6348 21:0 12576
12575 6349 21:0 12576
12575 6346 21:0 12584
12583 6347 21:0 12587
12586 6345 21:0 12587
12739 6490 21:0 12764
12769 6496 21:0 12794
12793 6491 21:0 12797
12796 6492 21:0 12797
12796 6494 21:0 12805
12804 6493 21:0 12808
12807 6495 21:0 12808
12973 6638 21:0 13015
13014 6640 21:0 13018
13017 6643 21:0 13018
13017 6639 21:0 13026
13025 6641 21:0 13029
13028 6642 21:0 13029
13028 6636 21:0 13029
13194 6785 21:0 13236
13235 6789 21:0 13239
13238 6786 21:0 13239
13238 6788 21:0 13247
13246 6787 21:0 13250
13249 6790 21:0 13250
13249 6783 21:0 13250
13425 6934 21:0 13457
13456 6935 21:0 13460
13459 6932 21:0 13460
13459 6936 21:0 13468
13467 6937 21:0 13471
13470 6933 21:0 13471
13633 7080 21:0 13678
13677 7083 21:0 13681
13680 7082 21:0 13681
13680 7079 21:0 13689
13688 7084 21:0 13692
13691 7072 21:0 13692
13691 7081 21:0 13692
13857 7226 21:0 13899
13898 7231 21:0 13902
13901 7227 21:0 13902
13901 7228 21:0 13910
13909 7219 21:0 13910
13909 7230 21:0 13913
13912 7229 21:0 13913
14038 7365 21:0 14082
14085 7376 21:0 14120
14119 7374 21:0 14123
14122 7373 21:0 14123
14122 7371 21:0 14128
14127 7375 21:0 14131
14130 7378 21:0 14134
14133 7377 21:0 14134
14133 7366 21:0 14140
14139 7372 21:0 14140
14259 7512 21:0 14304
14319 7524 21:0 14341
14340 7525 21:0 14344
14343 7520 21:0 14344
14343 7519 21:0 14352
14351 7523 21:0 14352
14351 7521 21:0 14355
14354 7522 21:0 14361
14360 7513 21:0 14361
14517 7668 21:0 14562
14561 7672 21:0 14565
14564 7671 21:0 14565
14564 7667 21:0 14573
14572 7670 21:0 14576
14575 7660 21:0 14576
14575 7669 21:0 14576
14575 7666 21:0 14582
14581 7665 21:0 14582
14741 7814 21:0 51
