110 48165 0:0 129
110 48167 0:0 168
111 48171 0:0 168
111 48170 0:0 168
111 48172 0:0 168
111 48169 0:0 168
167 48168 0:0 176
175 48259 0:0 176
175 48260 0:0 176
235 48368 21:0 309
302 48369 0:0 304
311 48401 21:0 385
390 48435 0:0 408
458 48465 0:0 461
463 48466 21:0 537
539 48500 21:0 613
541 48499 0:0 542
615 48532 21:0 689
691 48565 21:0 765
693 48566 0:0 694
767 48599 0:0 770
770 48600 21:0 846
914 48663 21:0 988
1066 48729 21:0 1140
1147 48764 21:0 1221
1447 48895 21:0 1521
1454 48897 0:0 1455
1454 48896 0:0 1455
1519 48898 0:0 1521
1523 48928 21:0 1597
1530 48929 0:0 1531
1530 48930 0:0 1531
1595 48931 0:0 1597
1599 48961 0:0 1602
1604 48962 21:0 1678
1606 48963 0:0 1607
1671 48964 0:0 1673
1677 48994 21:0 1749
1680 48996 0:0 1683
1680 48995 0:0 1683
1683 48997 0:0 1701
1751 49027 21:0 1825
1758 49028 0:0 1759
1758 49029 0:0 1759
1823 49030 0:0 1825
1827 49060 21:0 1901
1834 49062 0:0 1835
1834 49061 0:0 1835
1899 49063 0:0 1901
1903 49093 21:0 1977
1910 49095 0:0 1911
1910 49094 0:0 1911
1975 49096 0:0 1977
1979 49126 21:0 2053
1986 49127 0:0 1987
1986 49128 0:0 1987
2051 49129 0:0 2053
2055 49159 21:0 2129
2062 49160 0:0 2063
2062 49161 0:0 2063
2127 49162 0:0 2129
2131 49192 21:0 2205
2138 49194 0:0 2139
2138 49193 0:0 2139
2203 49195 0:0 2205
2207 49225 21:0 2281
2214 49226 0:0 2215
2214 49227 0:0 2215
2279 49228 0:0 2281
2283 49258 21:0 2357
2290 49260 0:0 2291
2290 49259 0:0 2291
2355 49261 0:0 2357
2359 49291 21:0 2433
2366 49292 0:0 2367
2366 49293 0:0 2367
2431 49294 0:0 2433
2435 49324 21:0 2509
2442 49325 0:0 2443
2442 49326 0:0 2443
2507 49327 0:0 2509
2511 49357 21:0 2585
2518 49358 0:0 2519
2518 49359 0:0 2519
2583 49360 0:0 2585
2634 328 21:0 2696
2697 328 1:0 2597
2697 48764 1:0 2972
2697 48729 1:0 3103
2697 48663 1:0 3347
2697 48600 1:0 3575
2730 48599 1:0 3582
2731 48565 1:0 3703
2739 48566 1:0 3704
2739 48532 1:0 3825
2745 48500 1:0 3948
2852 48499 1:0 3947
2853 48466 1:0 4069
2861 48465 1:0 4079
2861 48435 1:0 4185
2867 48401 1:0 4314
2871 329 1:0 5767
2974 48369 1:0 4351
2975 48368 1:0 4436
4617 50337 21:0 4691
4624 50338 0:0 4625
4624 50339 0:0 4625
4689 50340 0:0 4691
4693 50370 21:0 4767
4700 50371 0:0 4701
4700 50372 0:0 4701
4765 50373 0:0 4767
4769 50403 21:0 4843
4776 50404 0:0 4777
4776 50405 0:0 4777
4841 50406 0:0 4843
4845 50436 21:0 4919
4852 50438 0:0 4853
4852 50437 0:0 4853
4917 50439 0:0 4919
4921 50469 21:0 4995
4928 50471 0:0 4929
4928 50470 0:0 4929
4993 50472 0:0 4995
4997 50502 21:0 5071
5004 50503 0:0 5005
5004 50504 0:0 5005
5069 50505 0:0 5071
5073 50535 21:0 5147
5080 50536 0:0 5081
5080 50537 0:0 5081
5149 50568 21:0 5223
5156 50570 0:0 5157
5156 50569 0:0 5157
5221 50571 0:0 5223
5225 50601 0:0 5228
5230 50603 21:0 5304
5232 50602 0:0 5233
5306 50636 21:0 5380
5308 50635 0:0 5309
5379 50667 0:0 5380
5382 50669 21:0 5456
5455 50700 21:0 5527
5460 50701 0:0 5461
5525 50703 0:0 5527
5534 50734 21:0 5608
5601 50736 0:0 5603
5607 50766 21:0 5679
5681 50799 0:0 5684
5686 50800 21:0 5760
5779 49360 1:0 5900
5780 49357 1:0 5918
5789 49359 1:0 5904
5789 49358 1:0 5905
5795 49327 1:0 6031
5808 329 21:0 5870
5815 49324 1:0 6049
5869 49326 1:0 6035
5910 49325 1:0 6036
5911 49294 1:0 6162
5920 49293 1:0 6166
5920 49291 1:0 6180
5926 49292 1:0 6167
5931 49261 1:0 6293
5959 49258 1:0 6311
6041 49260 1:0 6297
6042 49259 1:0 6298
6051 49228 1:0 6424
6051 49225 1:0 6442
6057 49227 1:0 6428
6077 49226 1:0 6429
6090 49195 1:0 6555
6172 49192 1:0 6573
6173 49193 1:0 6560
6182 49194 1:0 6559
6182 49162 1:0 6686
6190 49159 1:0 6704
6208 49160 1:0 6691
6303 49161 1:0 6690
6304 49129 1:0 6817
6304 49126 1:0 6835
6313 49128 1:0 6821
6313 49127 1:0 6822
6321 49096 1:0 6948
6340 49093 1:0 6966
6434 49094 1:0 6953
6435 49095 1:0 6952
6444 49063 1:0 7079
6444 49060 1:0 7097
6450 49061 1:0 7084
6454 49062 1:0 7083
6471 49030 1:0 7210
6565 49027 1:0 7228
6566 49028 1:0 7215
6575 49029 1:0 7214
6575 48997 1:0 7341
6581 48994 1:0 7359
6585 48995 1:0 7348
6614 48996 1:0 7349
6696 48964 1:0 7390
6697 48962 1:0 7479
6706 48963 1:0 7480
6706 48961 1:0 7490
6712 48931 1:0 7603
6717 48928 1:0 7621
6745 48929 1:0 7608
6827 48930 1:0 7607
6828 48898 1:0 7734
6837 48897 1:0 7738
6837 48895 1:0 7752
6843 48896 1:0 7739
6845 330 1:0 9082
7932 51779 21:0 8006
7939 51780 0:0 7940
7939 51781 0:0 7940
8004 51782 0:0 8006
8008 51812 21:0 8082
8015 51814 0:0 8016
8015 51813 0:0 8016
8080 51815 0:0 8082
8084 51845 21:0 8158
8091 51847 0:0 8092
8091 51846 0:0 8092
8156 51848 0:0 8158
8160 51878 21:0 8234
8167 51879 0:0 8168
8167 51880 0:0 8168
8232 51881 0:0 8234
8236 51911 21:0 8310
8243 51912 0:0 8244
8243 51913 0:0 8244
8308 51914 0:0 8310
8312 51944 21:0 8386
8319 51945 0:0 8320
8319 51946 0:0 8320
8384 51947 0:0 8386
8388 51977 21:0 8462
8395 51979 0:0 8396
8395 51978 0:0 8396
8460 51980 0:0 8462
8464 52010 21:0 8538
8471 52011 0:0 8472
8471 52012 0:0 8472
8536 52013 0:0 8538
8540 52043 21:0 8614
8547 52045 0:0 8548
8547 52044 0:0 8548
8612 52046 0:0 8614
8616 52076 21:0 8690
8623 52077 0:0 8624
8623 52078 0:0 8624
8688 52079 0:0 8690
8692 52109 21:0 8766
8699 52111 0:0 8700
8699 52110 0:0 8700
8764 52112 0:0 8766
8768 52142 21:0 8842
8775 52144 0:0 8776
8775 52143 0:0 8776
8840 52145 0:0 8842
8844 52175 21:0 8918
8851 52176 0:0 8852
8851 52177 0:0 8852
8916 52178 0:0 8918
8920 52208 21:0 8994
8927 52210 0:0 8928
8927 52209 0:0 8928
8992 52211 0:0 8994
8996 52241 21:0 9070
9003 52242 0:0 9004
9003 52243 0:0 9004
9068 52244 0:0 9070
9094 50800 1:0 9222
9095 50799 1:0 9233
9104 50766 1:0 9364
9104 50736 1:0 9395
9110 50734 1:0 9484
9123 330 21:0 9185
9130 50703 1:0 9608
9184 50700 1:0 9626
9225 50701 1:0 9613
9226 50669 1:0 9747
9235 50667 1:0 9757
9235 50636 1:0 9878
9241 50635 1:0 9877
9246 50603 1:0 10009
9274 50602 1:0 10008
9356 50601 1:0 10019
9357 50571 1:0 10132
9366 50570 1:0 10136
9366 50568 1:0 10150
9372 50569 1:0 10137
9392 50535 1:0 10281
9405 50537 1:0 10267
9487 50536 1:0 10268
9488 50505 1:0 10394
9497 50504 1:0 10398
9497 50502 1:0 10412
9505 50503 1:0 10399
9523 50472 1:0 10525
9618 50469 1:0 10543
9619 50471 1:0 10529
9619 50470 1:0 10530
9628 50439 1:0 10656
9628 50436 1:0 10674
9636 50438 1:0 10660
9655 50437 1:0 10661
9749 50406 1:0 10787
9750 50403 1:0 10805
9759 50405 1:0 10791
9759 50404 1:0 10792
9765 50373 1:0 10918
9769 50370 1:0 10936
9786 50372 1:0 10922
9798 331 1:0 12397
9880 50371 1:0 10923
9881 50340 1:0 11049
9890 50339 1:0 11053
9890 50337 1:0 11067
9896 50338 1:0 11054
9901 52244 1:0 12530
9929 52241 1:0 12548
10011 52243 1:0 12534
10012 52242 1:0 12535
11247 53221 21:0 11321
11254 53223 0:0 11255
11254 53222 0:0 11255
11319 53224 0:0 11321
11323 53254 21:0 11397
11330 53255 0:0 11331
11330 53256 0:0 11331
11395 53257 0:0 11397
11399 53287 21:0 11473
11406 53289 0:0 11407
11406 53288 0:0 11407
11471 53290 0:0 11473
11475 53320 21:0 11549
11482 53322 0:0 11483
11482 53321 0:0 11483
11547 53323 0:0 11549
11551 53353 21:0 11625
11558 53355 0:0 11559
11558 53354 0:0 11559
11623 53356 0:0 11625
11627 53386 21:0 11701
11634 53387 0:0 11635
11634 53388 0:0 11635
11699 53389 0:0 11701
11703 53419 21:0 11777
11710 53421 0:0 11711
11710 53420 0:0 11711
11775 53422 0:0 11777
11779 53452 0:0 11782
11784 53454 21:0 11858
11786 53453 0:0 11787
11851 53455 0:0 11853
11857 53485 0:0 11858
11860 53486 21:0 11934
11862 53487 0:0 11863
11863 53488 0:0 11881
11933 53518 0:0 11934
11936 53520 21:0 12010
12003 53521 0:0 12005
12009 53551 0:0 12010
12012 53553 21:0 12086
12014 53552 0:0 12015
12079 53554 0:0 12081
12088 53586 21:0 12162
12155 53587 0:0 12157
12167 53620 21:0 12243
12242 53651 0:0 12243
12242 53652 0:0 12243
12242 53650 21:0 12314
12316 53684 21:0 12390
12409 52211 1:0 12661
12410 52208 1:0 12679
12419 52210 1:0 12665
12419 52209 1:0 12666
12425 52178 1:0 12792
12438 331 21:0 12501
12445 52175 1:0 12810
12499 52177 1:0 12796
12540 52176 1:0 12797
12541 52145 1:0 12923
12550 52143 1:0 12928
12550 52142 1:0 12941
12556 52144 1:0 12927
12561 52112 1:0 13054
12589 52109 1:0 13072
12671 52110 1:0 13059
12672 52111 1:0 13058
12681 52079 1:0 13185
12681 52076 1:0 13203
12687 52078 1:0 13189
12707 52077 1:0 13190
12720 52046 1:0 13316
12802 52043 1:0 13334
12803 52045 1:0 13320
12812 52044 1:0 13321
12812 52013 1:0 13447
12820 52010 1:0 13465
12838 52011 1:0 13452
12933 52012 1:0 13451
12934 51980 1:0 13578
12934 51977 1:0 13596
12943 51979 1:0 13582
12943 51978 1:0 13583
12951 51947 1:0 13709
12970 51944 1:0 13727
13064 51946 1:0 13713
13065 51945 1:0 13714
13074 51914 1:0 13840
13074 51911 1:0 13858
13080 51913 1:0 13844
13084 51912 1:0 13845
13101 51881 1:0 13971
13195 51878 1:0 13989
13196 51879 1:0 13976
13205 51880 1:0 13975
13205 51848 1:0 14102
13211 51845 1:0 14120
13215 51847 1:0 14106
13244 51846 1:0 14107
13326 51815 1:0 14233
13327 51812 1:0 14251
13336 51814 1:0 14237
13336 51813 1:0 14238
13342 51782 1:0 14364
13347 51779 1:0 14382
13362 332 1:0 15712
13375 51780 1:0 14369
13457 51781 1:0 14368
14562 54663 21:0 14636
14569 54664 0:0 14570
14569 54665 0:0 14570
14634 54666 0:0 14636
14638 54696 21:0 14712
14645 54698 0:0 14646
14645 54697 0:0 14646
14710 54699 0:0 14712
14714 54729 21:0 14788
14721 54730 0:0 14722
14721 54731 0:0 14722
14786 54732 0:0 14788
14790 54762 21:0 14864
14797 54763 0:0 14798
14797 54764 0:0 14798
14862 54765 0:0 14864
14866 54795 21:0 14940
14873 54796 0:0 14874
14873 54797 0:0 14874
14938 54798 0:0 14940
14942 54828 21:0 15016
14949 54829 0:0 14950
14949 54830 0:0 14950
15014 54831 0:0 15016
15018 54861 21:0 15092
15025 54863 0:0 15026
15025 54862 0:0 15026
15090 54864 0:0 15092
15094 54894 0:0 15097
15099 54896 21:0 15173
15101 54895 0:0 15102
15166 54897 0:0 15168
15172 54927 0:0 15173
15175 54928 21:0 15249
15177 54929 0:0 15178
15242 54930 0:0 15244
15248 54960 0:0 15249
15251 54961 21:0 15325
15253 54962 0:0 15254
15318 54963 0:0 15320
15324 54993 0:0 15325
15327 54995 21:0 15401
15329 54994 0:0 15330
15394 54996 0:0 15396
15400 55026 0:0 15401
15403 55027 21:0 15477
15405 55028 0:0 15406
15470 55029 0:0 15472
15476 55059 21:0 15548
15481 55061 0:0 15482
15481 55060 0:0 15482
15546 55062 0:0 15548
15550 55092 0:0 15553
15555 55093 0:0 15558
15555 55094 0:0 15558
15558 55095 21:0 15634
15724 53684 1:0 15852
15725 53650 1:0 15994
15734 53652 1:0 15980
15734 53651 1:0 15981
15740 53620 1:0 16107
15753 332 21:0 15815
15760 53587 1:0 16156
15814 53586 1:0 16246
15855 53554 1:0 16287
15856 53553 1:0 16377
15865 53552 1:0 16376
15865 53551 1:0 16387
15871 53521 1:0 16418
15876 53520 1:0 16508
15904 53518 1:0 16518
15986 53486 1:0 16638
15987 53488 1:0 16631
15996 53487 1:0 16639
15996 53485 1:0 16649
16002 53455 1:0 16680
16022 53454 1:0 16770
16035 53453 1:0 16769
16117 53452 1:0 16780
16118 53422 1:0 16893
16127 53420 1:0 16898
16127 53419 1:0 16911
16135 53421 1:0 16897
16153 53389 1:0 17024
16248 53386 1:0 17042
16249 53388 1:0 17028
16249 53387 1:0 17029
16258 53356 1:0 17155
16258 53353 1:0 17173
16266 53354 1:0 17160
16285 53355 1:0 17159
16379 53323 1:0 17286
16380 53320 1:0 17304
16389 53322 1:0 17290
16389 53321 1:0 17291
16395 53290 1:0 17417
16399 53287 1:0 17435
16416 53288 1:0 17422
16510 53289 1:0 17421
16511 53257 1:0 17548
16520 53256 1:0 17552
16520 53254 1:0 17566
16526 53255 1:0 17553
16530 53224 1:0 17679
16531 333 1:0 19027
16559 53221 1:0 17697
16641 53222 1:0 17684
16642 53223 1:0 17683
16651 55095 1:0 19291
17877 56105 21:0 17951
17884 56106 0:0 17885
17884 56107 0:0 17885
17949 56108 0:0 17951
17953 56138 21:0 18027
17960 56140 0:0 17961
17960 56139 0:0 17961
18025 56141 0:0 18027
18029 56171 21:0 18103
18036 56173 0:0 18037
18036 56172 0:0 18037
18101 56174 0:0 18103
18105 56204 21:0 18179
18112 56205 0:0 18113
18112 56206 0:0 18113
18177 56207 0:0 18179
18181 56237 21:0 18255
18188 56238 0:0 18189
18188 56239 0:0 18189
18253 56240 0:0 18255
18257 56270 21:0 18331
18264 56272 0:0 18265
18264 56271 0:0 18265
18329 56273 0:0 18331
18333 56303 21:0 18407
18340 56305 0:0 18341
18340 56304 0:0 18341
18405 56306 0:0 18407
18409 56336 0:0 18412
18414 56338 21:0 18488
18416 56337 0:0 18417
18481 56339 0:0 18483
18487 56369 0:0 18488
18490 56371 21:0 18564
18492 56370 0:0 18493
18557 56372 0:0 18559
18563 56402 21:0 18635
18566 56404 0:0 18569
18566 56403 0:0 18569
18569 56405 0:0 18587
18637 56435 21:0 18711
18644 56437 0:0 18645
18713 56468 0:0 18716
18718 56469 0:0 18721
18718 56470 0:0 18721
18721 56471 21:0 18797
18791 56501 0:0 18792
18796 56502 0:0 18797
18796 56503 0:0 18797
18865 56534 21:0 18939
18872 56536 0:0 18873
19039 55094 1:0 19299
19040 55093 1:0 19298
19049 55092 1:0 19309
19049 55062 1:0 19422
19055 55059 1:0 19440
19068 333 21:0 19130
19075 55060 1:0 19427
19129 55061 1:0 19426
19170 55029 1:0 19471
19171 55027 1:0 19560
19180 55028 1:0 19561
19180 55026 1:0 19571
19186 54996 1:0 19602
19191 54995 1:0 19692
19219 54994 1:0 19691
19301 54993 1:0 19702
19302 54963 1:0 19733
19311 54961 1:0 19822
19311 54962 1:0 19823
19317 54960 1:0 19833
19337 54930 1:0 19864
19350 54928 1:0 19953
19432 54929 1:0 19954
19433 54927 1:0 19964
19442 54897 1:0 19995
19442 54896 1:0 20085
19450 54895 1:0 20084
19468 54894 1:0 20095
19563 54864 1:0 20208
19564 54863 1:0 20212
19564 54861 1:0 20226
19573 54862 1:0 20213
19573 54831 1:0 20339
19581 54828 1:0 20357
19600 54829 1:0 20344
19694 54830 1:0 20343
19695 54798 1:0 20470
19704 54796 1:0 20475
19704 54795 1:0 20488
19710 54797 1:0 20474
19714 54765 1:0 20601
19731 54762 1:0 20619
19825 54764 1:0 20605
19826 54763 1:0 20606
19835 54732 1:0 20732
19835 54729 1:0 20750
19841 54730 1:0 20737
19845 54731 1:0 20736
19874 54699 1:0 20863
19956 54696 1:0 20881
19957 54698 1:0 20867
19966 54697 1:0 20868
19966 54666 1:0 20994
19972 54663 1:0 21012
19977 54665 1:0 20998
19992 334 1:0 22342
20005 54664 1:0 20999
21192 57547 21:0 21266
21199 57549 0:0 21200
21199 57548 0:0 21200
21264 57550 0:0 21266
21268 57580 21:0 21342
21275 57581 0:0 21276
21275 57582 0:0 21276
21340 57583 0:0 21342
21344 57613 21:0 21418
21351 57614 0:0 21352
21351 57615 0:0 21352
21416 57616 0:0 21418
21420 57646 21:0 21494
21427 57648 0:0 21428
21427 57647 0:0 21428
21492 57649 0:0 21494
21496 57679 21:0 21570
21503 57680 0:0 21504
21503 57681 0:0 21504
21568 57682 0:0 21570
21572 57712 21:0 21646
21579 57714 0:0 21580
21579 57713 0:0 21580
21644 57715 0:0 21646
21648 57745 21:0 21722
21655 57747 0:0 21656
21655 57746 0:0 21656
21720 57748 0:0 21722
21724 57778 0:0 21727
21729 57780 21:0 21803
21731 57779 0:0 21732
21796 57781 0:0 21798
21802 57811 0:0 21803
21805 57813 0:0 21808
21805 57812 0:0 21808
21808 57814 21:0 21884
21878 57844 0:0 21879
21883 57845 0:0 21884
21883 57846 21:0 21955
21948 57847 0:0 21950
21954 57877 21:0 22026
21959 57878 0:0 21960
21959 57879 0:0 21960
22024 57880 0:0 22026
22028 57910 0:0 22031
22033 57911 0:0 22036
22033 57912 0:0 22036
22036 57913 21:0 22112
22106 57943 0:0 22107
22111 57945 0:0 22112
22111 57944 21:0 22183
22176 57946 0:0 22178
22185 57977 21:0 22259
22252 57979 0:0 22254
22261 58010 21:0 22335
22354 56534 1:0 22624
22355 56536 1:0 22610
22364 56502 1:0 22744
22364 56503 1:0 22745
22370 56501 1:0 22755
22383 334 21:0 22445
22390 56471 1:0 22868
22444 56469 1:0 22875
22485 56470 1:0 22876
22486 56468 1:0 22886
22495 56437 1:0 23003
22495 56435 1:0 23017
22501 56405 1:0 23130
22506 56402 1:0 23148
22534 56403 1:0 23137
22616 56404 1:0 23138
22617 56372 1:0 23179
22626 56370 1:0 23268
22626 56371 1:0 23269
22632 56369 1:0 23279
22652 56339 1:0 23310
22665 56338 1:0 23400
22747 56337 1:0 23399
22748 56336 1:0 23410
22757 56306 1:0 23523
22757 56303 1:0 23541
22765 56305 1:0 23527
22783 56304 1:0 23528
22878 56273 1:0 23654
22879 56271 1:0 23659
22879 56270 1:0 23672
22888 56272 1:0 23658
22888 56240 1:0 23785
22896 56237 1:0 23803
22915 56239 1:0 23789
23009 56238 1:0 23790
23010 56207 1:0 23916
23019 56205 1:0 23921
23019 56204 1:0 23934
23025 56206 1:0 23920
23029 56174 1:0 24047
23046 56171 1:0 24065
23140 56173 1:0 24051
23141 56172 1:0 24052
23150 56141 1:0 24178
23150 56138 1:0 24196
23156 56140 1:0 24182
23160 56139 1:0 24183
23161 335 1:0 25657
23189 56108 1:0 24309
23271 56105 1:0 24327
23272 56106 1:0 24314
23281 56107 1:0 24313
23281 58010 1:0 25797
23287 57979 1:0 25839
24507 58989 21:0 24581
24514 58990 0:0 24515
24514 58991 0:0 24515
24579 58992 0:0 24581
24583 59022 21:0 24657
24590 59023 0:0 24591
24590 59024 0:0 24591
24655 59025 0:0 24657
24659 59055 21:0 24733
24666 59056 0:0 24667
24666 59057 0:0 24667
24731 59058 0:0 24733
24735 59088 21:0 24809
24742 59089 0:0 24743
24742 59090 0:0 24743
24807 59091 0:0 24809
24811 59121 21:0 24885
24818 59122 0:0 24819
24818 59123 0:0 24819
24883 59124 0:0 24885
24887 59154 21:0 24961
24894 59155 0:0 24895
24894 59156 0:0 24895
24959 59157 0:0 24961
24963 59187 21:0 25037
24970 59188 0:0 24971
24970 59189 0:0 24971
25035 59190 0:0 25037
25039 59220 21:0 25113
25046 59221 0:0 25047
25046 59222 0:0 25047
25111 59223 0:0 25113
25115 59253 21:0 25189
25122 59255 0:0 25123
25122 59254 0:0 25123
25187 59256 0:0 25189
25191 59286 0:0 25194
25196 59287 21:0 25270
25198 59288 0:0 25199
25263 59289 0:0 25265
25269 59319 21:0 25341
25272 59321 0:0 25275
25274 59320 0:0 25275
25275 59322 0:0 25293
25343 59352 21:0 25417
25350 59353 0:0 25351
25415 59355 0:0 25417
25419 59385 0:0 25422
25424 59386 21:0 25498
25427 59388 0:0 25445
25497 59418 0:0 25498
25500 59419 21:0 25574
25573 59451 21:0 25645
25669 57977 1:0 25928
25670 57946 1:0 25970
25679 57944 1:0 26059
25679 57945 1:0 26060
25685 57943 1:0 26070
25698 335 21:0 25760
25705 57913 1:0 26183
25759 57912 1:0 26191
25800 57911 1:0 26190
25801 57910 1:0 26201
25810 57880 1:0 26314
25810 57877 1:0 26332
25816 57879 1:0 26318
25821 57878 1:0 26319
25849 57847 1:0 26363
25931 57846 1:0 26453
25932 57845 1:0 26452
25941 57844 1:0 26463
25941 57814 1:0 26576
25947 57813 1:0 26584
25967 57812 1:0 26583
25980 57811 1:0 26594
26062 57781 1:0 26625
26063 57780 1:0 26715
26072 57779 1:0 26714
26072 57778 1:0 26725
26080 57748 1:0 26838
26098 57745 1:0 26856
26193 57746 1:0 26843
26194 57747 1:0 26842
26194 57715 1:0 26969
26203 57713 1:0 26974
26203 57712 1:0 26987
26211 57714 1:0 26973
26230 57682 1:0 27100
26324 57679 1:0 27118
26325 57681 1:0 27104
26334 57680 1:0 27105
26334 57649 1:0 27231
26340 57646 1:0 27249
26344 57648 1:0 27235
26361 57647 1:0 27236
26455 57616 1:0 27362
26456 57613 1:0 27380
26465 57615 1:0 27366
26465 57614 1:0 27367
26471 57583 1:0 27493
26475 57580 1:0 27511
26476 336 1:0 28972
26504 57582 1:0 27497
26586 57581 1:0 27498
26587 57550 1:0 27624
26596 57549 1:0 27628
26596 57547 1:0 27642
26602 57548 1:0 27629
26622 59451 1:0 29123
27822 60431 21:0 27896
27829 60432 0:0 27830
27829 60433 0:0 27830
27894 60434 0:0 27896
27898 60464 21:0 27972
27905 60465 0:0 27906
27905 60466 0:0 27906
27970 60467 0:0 27972
27974 60497 21:0 28048
27981 60499 0:0 27982
27981 60498 0:0 27982
28046 60500 0:0 28048
28050 60530 21:0 28124
28057 60531 0:0 28058
28057 60532 0:0 28058
28122 60533 0:0 28124
28126 60563 21:0 28200
28133 60564 0:0 28134
28133 60565 0:0 28134
28198 60566 0:0 28200
28202 60596 21:0 28276
28209 60597 0:0 28210
28209 60598 0:0 28210
28274 60599 0:0 28276
28278 60629 21:0 28352
28285 60630 0:0 28286
28285 60631 0:0 28286
28350 60632 0:0 28352
28354 60662 21:0 28428
28361 60663 0:0 28362
28361 60664 0:0 28362
28426 60665 0:0 28428
28430 60695 21:0 28504
28437 60697 0:0 28438
28437 60696 0:0 28438
28502 60698 0:0 28504
28506 60728 0:0 28509
28511 60729 21:0 28585
28513 60730 0:0 28514
28578 60731 0:0 28580
28584 60761 0:0 28585
28587 60762 21:0 28661
28589 60763 0:0 28590
28654 60764 0:0 28656
28660 60794 21:0 28732
28665 60796 0:0 28666
28665 60795 0:0 28666
28730 60797 0:0 28732
28734 60827 0:0 28737
28739 60828 21:0 28813
28741 60829 0:0 28742
28806 60830 0:0 28808
28812 60860 21:0 28884
28894 60896 21:0 28970
28984 59419 1:0 29243
28985 59418 1:0 29254
28994 59388 1:0 29367
28994 59386 1:0 29374
29000 59385 1:0 29385
29013 336 21:0 29075
29020 59355 1:0 29498
29074 59352 1:0 29516
29115 59353 1:0 29503
29116 59322 1:0 29629
29125 59320 1:0 29634
29125 59319 1:0 29647
29131 59321 1:0 29637
29136 59289 1:0 29678
29164 59287 1:0 29767
29246 59288 1:0 29768
29247 59286 1:0 29778
29256 59256 1:0 29891
29256 59253 1:0 29909
29262 59254 1:0 29896
29282 59255 1:0 29895
29295 59223 1:0 30022
29377 59220 1:0 30040
29378 59221 1:0 30027
29387 59222 1:0 30026
29387 59190 1:0 30153
29395 59187 1:0 30171
29413 59189 1:0 30157
29508 59188 1:0 30158
29509 59157 1:0 30284
29509 59154 1:0 30302
29518 59156 1:0 30288
29518 59155 1:0 30289
29526 59124 1:0 30415
29545 59121 1:0 30433
29639 59123 1:0 30419
29640 59122 1:0 30420
29649 59091 1:0 30546
29649 59088 1:0 30564
29655 59089 1:0 30551
29659 59090 1:0 30550
29676 59058 1:0 30677
29770 59055 1:0 30695
29771 59057 1:0 30681
29780 59056 1:0 30682
29780 59025 1:0 30808
29786 59022 1:0 30826
29790 59024 1:0 30812
29791 337 1:0 32287
29819 59023 1:0 30813
29901 58992 1:0 30939
29902 58989 1:0 30957
29911 58991 1:0 30943
29911 58990 1:0 30944
31137 61873 21:0 31211
31144 61874 0:0 31145
31144 61875 0:0 31145
31209 61876 0:0 31211
31213 61906 21:0 31287
31220 61908 0:0 31221
31220 61907 0:0 31221
31285 61909 0:0 31287
31289 61939 21:0 31363
31296 61940 0:0 31297
31296 61941 0:0 31297
31361 61942 0:0 31363
31365 61972 21:0 31439
31372 61973 0:0 31373
31372 61974 0:0 31373
31437 61975 0:0 31439
31441 62005 21:0 31515
31448 62006 0:0 31449
31448 62007 0:0 31449
31513 62008 0:0 31515
31517 62038 0:0 31520
31522 62039 21:0 31596
31524 62040 0:0 31525
31589 62041 0:0 31591
31595 62071 21:0 31667
31600 62073 0:0 31601
31600 62072 0:0 31601
31665 62074 0:0 31667
31669 62104 0:0 31672
31674 62106 21:0 31748
31676 62105 0:0 31677
31741 62107 0:0 31743
31747 62137 0:0 31748
31750 62138 21:0 31824
31752 62139 0:0 31753
31817 62140 0:0 31819
31823 62170 21:0 31895
31828 62172 0:0 31829
31828 62171 0:0 31829
31893 62173 0:0 31895
31897 62203 21:0 31971
31904 62205 0:0 31905
31904 62204 0:0 31905
31969 62206 0:0 31971
31973 62236 0:0 31976
31978 62237 21:0 32052
31980 62238 0:0 31981
32051 62269 21:0 32123
32056 62270 0:0 32057
32056 62271 0:0 32057
32121 62272 0:0 32123
32130 62304 21:0 32204
32299 60896 1:0 32420
32300 60860 1:0 32569
32309 60830 1:0 32600
32309 60828 1:0 32689
32315 60829 1:0 32690
32328 337 21:0 32390
32335 60827 1:0 32700
32389 60797 1:0 32813
32430 60794 1:0 32831
32431 60795 1:0 32818
32440 60796 1:0 32817
32440 60764 1:0 32862
32446 60762 1:0 32951
32451 60763 1:0 32952
32479 60761 1:0 32962
32561 60731 1:0 32993
32562 60729 1:0 33082
32571 60730 1:0 33083
32571 60728 1:0 33093
32577 60698 1:0 33206
32597 60695 1:0 33224
32610 60697 1:0 33210
32692 60696 1:0 33211
32693 60665 1:0 33337
32702 60664 1:0 33341
32702 60662 1:0 33355
32710 60663 1:0 33342
32728 60632 1:0 33468
32823 60629 1:0 33486
32824 60631 1:0 33472
32824 60630 1:0 33473
32833 60599 1:0 33599
32833 60596 1:0 33617
32841 60598 1:0 33603
32860 60597 1:0 33604
32954 60566 1:0 33730
32955 60563 1:0 33748
32964 60565 1:0 33734
32964 60564 1:0 33735
32970 60533 1:0 33861
32974 60530 1:0 33879
32991 60531 1:0 33866
33085 60532 1:0 33865
33086 60500 1:0 33992
33095 60498 1:0 33997
33095 60497 1:0 34010
33101 60499 1:0 33996
33105 60467 1:0 34123
33134 60464 1:0 34141
33216 60465 1:0 34128
33217 60466 1:0 34127
33226 60434 1:0 34254
33226 60431 1:0 34272
33232 60433 1:0 34258
33237 60432 1:0 34259
33252 338 1:0 35602
34452 63315 21:0 34526
34459 63317 0:0 34460
34459 63316 0:0 34460
34524 63318 0:0 34526
34528 63348 21:0 34602
34535 63349 0:0 34536
34535 63350 0:0 34536
34600 63351 0:0 34602
34604 63381 21:0 34678
34611 63382 0:0 34612
34611 63383 0:0 34612
34676 63384 0:0 34678
34680 63414 21:0 34754
34687 63415 0:0 34688
34687 63416 0:0 34688
34752 63417 0:0 34754
34756 63447 21:0 34830
34763 63449 0:0 34764
34763 63448 0:0 34764
34828 63450 0:0 34830
34832 63480 21:0 34906
34839 63481 0:0 34840
34839 63482 0:0 34840
34904 63483 0:0 34906
34908 63513 21:0 34982
34915 63515 0:0 34916
34915 63514 0:0 34916
34980 63516 0:0 34982
34984 63546 21:0 35058
34991 63548 0:0 34992
34991 63547 0:0 34992
35056 63549 0:0 35058
35060 63579 0:0 35063
35065 63580 21:0 35139
35067 63581 0:0 35068
35132 63582 0:0 35134
35138 63612 0:0 35139
35141 63614 21:0 35215
35143 63613 0:0 35144
35208 63615 0:0 35210
35214 63645 21:0 35286
35219 63647 0:0 35220
35219 63646 0:0 35220
35284 63648 0:0 35286
35288 63678 0:0 35291
35293 63679 21:0 35367
35295 63680 0:0 35296
35360 63681 0:0 35362
35366 63711 21:0 35438
35371 63713 0:0 35372
35371 63712 0:0 35372
35445 63746 0:0 35448
35445 63745 0:0 35448
35448 63747 21:0 35524
35614 62304 1:0 35874
35615 62272 1:0 35997
35624 62270 1:0 36002
35624 62269 1:0 36015
35630 62271 1:0 36001
35643 338 21:0 35706
35650 62237 1:0 36135
35704 62238 1:0 36136
35745 62236 1:0 36146
35746 62206 1:0 36259
35755 62204 1:0 36264
35755 62203 1:0 36277
35761 62205 1:0 36263
35766 62173 1:0 36390
35794 62170 1:0 36408
35876 62172 1:0 36394
35877 62171 1:0 36395
35886 62140 1:0 36439
35886 62138 1:0 36528
35892 62139 1:0 36529
35912 62137 1:0 36539
35925 62107 1:0 36570
36007 62106 1:0 36660
36008 62105 1:0 36659
36017 62104 1:0 36670
36017 62074 1:0 36783
36025 62071 1:0 36801
36043 62072 1:0 36788
36138 62073 1:0 36787
36139 62041 1:0 36832
36139 62039 1:0 36921
36148 62040 1:0 36922
36148 62038 1:0 36932
36156 62008 1:0 37045
36175 62005 1:0 37063
36269 62006 1:0 37050
36270 62007 1:0 37049
36279 61975 1:0 37176
36279 61972 1:0 37194
36285 61973 1:0 37181
36289 61974 1:0 37180
36306 61942 1:0 37307
36400 61939 1:0 37325
36401 61940 1:0 37312
36410 61941 1:0 37311
36410 61909 1:0 37438
36416 61906 1:0 37456
36420 61907 1:0 37443
36421 339 1:0 38917
36449 61908 1:0 37442
36531 61876 1:0 37569
36532 61873 1:0 37587
36541 61875 1:0 37573
36541 61874 1:0 37574
37767 64757 21:0 37841
37774 64759 0:0 37775
37774 64758 0:0 37775
37839 64760 0:0 37841
37843 64790 21:0 37917
37850 64791 0:0 37851
37850 64792 0:0 37851
37915 64793 0:0 37917
37919 64823 21:0 37993
37926 64824 0:0 37927
37926 64825 0:0 37927
37991 64826 0:0 37993
37995 64856 21:0 38069
38002 64858 0:0 38003
38002 64857 0:0 38003
38067 64859 0:0 38069
38071 64889 21:0 38145
38078 64891 0:0 38079
38078 64890 0:0 38079
38143 64892 0:0 38145
38147 64922 21:0 38221
38154 64924 0:0 38155
38154 64923 0:0 38155
38219 64925 0:0 38221
38223 64955 21:0 38297
38230 64957 0:0 38231
38230 64956 0:0 38231
38295 64958 0:0 38297
38299 64988 0:0 38302
38304 64990 21:0 38378
38306 64989 0:0 38307
38371 64991 0:0 38373
38377 65021 21:0 38449
38382 65023 0:0 38383
38382 65022 0:0 38383
38447 65024 0:0 38449
38451 65054 0:0 38454
38456 65055 21:0 38530
38458 65056 0:0 38459
38523 65057 0:0 38525
38529 65087 21:0 38601
38534 65088 0:0 38535
38534 65089 0:0 38535
38603 65120 21:0 38677
38610 65122 0:0 38611
38610 65121 0:0 38611
38675 65123 0:0 38677
38679 65153 21:0 38753
38686 65155 0:0 38687
38751 65156 0:0 38753
38760 65188 21:0 38834
38762 65187 0:0 38763
38929 63747 1:0 39181
38930 63745 1:0 39188
38939 63746 1:0 39189
38939 63711 1:0 39330
38945 63713 1:0 39316
38958 339 21:0 39018
38965 63712 1:0 39317
39019 63681 1:0 39361
39060 63679 1:0 39450
39061 63680 1:0 39451
39070 63678 1:0 39461
39070 63648 1:0 39574
39076 63645 1:0 39592
39081 63647 1:0 39578
39109 63646 1:0 39579
39191 63615 1:0 39623
39192 63614 1:0 39713
39201 63613 1:0 39712
39201 63612 1:0 39723
39207 63582 1:0 39754
39227 63580 1:0 39843
39240 63581 1:0 39844
39322 63579 1:0 39854
39323 63549 1:0 39967
39332 63548 1:0 39971
39332 63546 1:0 39985
39340 63547 1:0 39972
39358 63516 1:0 40098
39453 63513 1:0 40116
39454 63515 1:0 40102
39454 63514 1:0 40103
39463 63483 1:0 40229
39463 63480 1:0 40247
39471 63481 1:0 40234
39490 63482 1:0 40233
39584 63450 1:0 40360
39585 63447 1:0 40378
39594 63449 1:0 40364
39594 63448 1:0 40365
39600 63417 1:0 40491
39604 63414 1:0 40509
39621 63416 1:0 40495
39715 63415 1:0 40496
39716 63384 1:0 40622
39725 63382 1:0 40627
39725 63381 1:0 40640
39731 63383 1:0 40626
39735 63351 1:0 40753
39764 63348 1:0 40771
39846 63349 1:0 40758
39847 63350 1:0 40757
39856 63318 1:0 40884
39856 63315 1:0 40902
39862 63316 1:0 40889
39867 63317 1:0 40888
39882 340 1:0 42232
39895 65188 1:0 42504
41082 66199 21:0 41156
41089 66200 0:0 41090
41089 66201 0:0 41090
41154 66202 0:0 41156
41158 66232 21:0 41232
41165 66234 0:0 41166
41165 66233 0:0 41166
41230 66235 0:0 41232
41234 66265 21:0 41308
41241 66266 0:0 41242
41241 66267 0:0 41242
41306 66268 0:0 41308
41310 66298 21:0 41384
41317 66299 0:0 41318
41317 66300 0:0 41318
41382 66301 0:0 41384
41386 66331 21:0 41460
41393 66333 0:0 41394
41393 66332 0:0 41394
41458 66334 0:0 41460
41462 66364 21:0 41536
41469 66365 0:0 41470
41469 66366 0:0 41470
41534 66367 0:0 41536
41538 66397 21:0 41612
41545 66399 0:0 41546
41545 66398 0:0 41546
41610 66400 0:0 41612
41614 66430 0:0 41617
41619 66432 21:0 41693
41621 66431 0:0 41622
41686 66433 0:0 41688
41692 66463 0:0 41693
41695 66464 0:0 41698
41695 66465 0:0 41698
41698 66466 21:0 41774
41768 66496 0:0 41769
41773 66497 0:0 41774
41773 66498 21:0 41845
41838 66499 0:0 41840
41844 66529 21:0 41916
41849 66531 0:0 41850
41849 66530 0:0 41850
41914 66532 0:0 41916
41918 66562 0:0 41921
41923 66563 21:0 41997
41925 66564 0:0 41926
41990 66565 0:0 41992
41996 66595 21:0 42068
42001 66596 0:0 42002
42001 66597 0:0 42002
42075 66630 21:0 42149
42077 66629 0:0 42078
42148 66661 21:0 42220
42153 66662 0:0 42154
42244 65187 1:0 42503
42245 65156 1:0 42627
42254 65155 1:0 42631
42254 65153 1:0 42645
42260 65123 1:0 42758
42273 340 21:0 42336
42280 65120 1:0 42776
42334 65121 1:0 42763
42375 65122 1:0 42762
42376 65087 1:0 42907
42385 65089 1:0 42893
42385 65088 1:0 42894
42391 65057 1:0 42938
42396 65055 1:0 43027
42424 65056 1:0 43028
42506 65054 1:0 43038
42507 65024 1:0 43151
42516 65023 1:0 43155
42516 65021 1:0 43169
42522 65022 1:0 43156
42542 64991 1:0 43200
42555 64990 1:0 43290
42637 64989 1:0 43289
42638 64988 1:0 43300
42647 64958 1:0 43413
42647 64955 1:0 43431
42655 64957 1:0 43417
42673 64956 1:0 43418
42768 64925 1:0 43544
42769 64924 1:0 43548
42769 64922 1:0 43562
42778 64923 1:0 43549
42778 64892 1:0 43675
42786 64889 1:0 43693
42805 64891 1:0 43679
42899 64890 1:0 43680
42900 64859 1:0 43806
42909 64858 1:0 43810
42909 64856 1:0 43824
42915 64857 1:0 43811
42919 64826 1:0 43937
42936 64823 1:0 43955
43030 64824 1:0 43942
43031 64825 1:0 43941
43040 64793 1:0 44068
43040 64790 1:0 44086
43046 64791 1:0 44073
43050 64792 1:0 44072
43051 341 1:0 45547
43079 64760 1:0 44199
43161 64757 1:0 44217
43162 64758 1:0 44204
43171 64759 1:0 44203
44397 67641 21:0 44471
44404 67643 0:0 44405
44404 67642 0:0 44405
44469 67644 0:0 44471
44473 67674 21:0 44547
44480 67675 0:0 44481
44480 67676 0:0 44481
44545 67677 0:0 44547
44549 67707 21:0 44623
44556 67709 0:0 44557
44556 67708 0:0 44557
44621 67710 0:0 44623
44625 67740 21:0 44699
44632 67742 0:0 44633
44632 67741 0:0 44633
44697 67743 0:0 44699
44701 67773 21:0 44775
44708 67774 0:0 44709
44708 67775 0:0 44709
44773 67776 0:0 44775
44777 67806 0:0 44780
44782 67807 21:0 44856
44784 67808 0:0 44785
44849 67809 0:0 44851
44855 67839 21:0 44927
44860 67841 0:0 44861
44860 67840 0:0 44861
44925 67842 0:0 44927
44929 67872 21:0 45003
44936 67873 0:0 44937
44936 67874 0:0 44937
45001 67875 0:0 45003
45005 67905 0:0 45008
45010 67906 0:0 45013
45010 67907 0:0 45013
45013 67908 21:0 45089
45088 67939 0:0 45089
45088 67940 0:0 45089
45088 67938 21:0 45160
45153 67941 0:0 45155
45159 67971 0:0 45160
45162 67973 0:0 45165
45162 67972 0:0 45165
45165 67974 21:0 45241
45238 68006 0:0 45241
45240 68005 0:0 45241
45309 68037 21:0 45383
45316 68039 0:0 45317
45316 68038 0:0 45317
45385 68070 21:0 45459
45392 68071 0:0 45393
45559 66661 1:0 45698
45560 66662 1:0 45685
45569 66629 1:0 45818
45569 66630 1:0 45819
45575 66595 1:0 45960
45588 341 21:0 45650
45595 66597 1:0 45946
45649 66596 1:0 45947
45690 66565 1:0 45991
45691 66563 1:0 46080
45700 66564 1:0 46081
45700 66562 1:0 46091
45706 66532 1:0 46204
45711 66529 1:0 46222
45739 66530 1:0 46209
45821 66531 1:0 46208
45822 66499 1:0 46253
45831 66497 1:0 46342
45831 66498 1:0 46343
45837 66496 1:0 46353
45857 66466 1:0 46466
45870 66464 1:0 46473
45952 66465 1:0 46474
45953 66463 1:0 46484
45962 66433 1:0 46515
45962 66432 1:0 46605
45970 66431 1:0 46604
45988 66430 1:0 46615
46083 66400 1:0 46728
46084 66398 1:0 46733
46084 66397 1:0 46746
46093 66399 1:0 46732
46093 66367 1:0 46859
46101 66364 1:0 46877
46120 66365 1:0 46864
46214 66366 1:0 46863
46215 66334 1:0 46990
46224 66332 1:0 46995
46224 66331 1:0 47008
46230 66333 1:0 46994
46234 66301 1:0 47121
46251 66298 1:0 47139
46345 66299 1:0 47126
46346 66300 1:0 47125
46355 66268 1:0 47252
46355 66265 1:0 47270
46361 66267 1:0 47256
46365 66266 1:0 47257
46394 66235 1:0 47383
46476 66232 1:0 47401
46477 66234 1:0 47387
46486 66233 1:0 47388
46486 66202 1:0 47514
46492 66199 1:0 47532
46497 66200 1:0 47519
46512 342 1:0 48862
46525 66201 1:0 47518
47712 69083 21:0 47786
47719 69084 0:0 47720
47719 69085 0:0 47720
47784 69086 0:0 47786
47788 69116 21:0 47862
47795 69118 0:0 47796
47795 69117 0:0 47796
47860 69119 0:0 47862
47864 69149 21:0 47938
47871 69151 0:0 47872
47871 69150 0:0 47872
47936 69152 0:0 47938
47940 69182 21:0 48014
47947 69183 0:0 47948
47947 69184 0:0 47948
48012 69185 0:0 48014
48016 69215 21:0 48090
48023 69216 0:0 48024
48023 69217 0:0 48024
48088 69218 0:0 48090
48092 69248 21:0 48166
48099 69250 0:0 48100
48099 69249 0:0 48100
48164 69251 0:0 48166
48168 69281 21:0 48242
48175 69282 0:0 48176
48175 69283 0:0 48176
48240 69284 0:0 48242
48244 69314 21:0 48318
48251 69316 0:0 48252
48251 69315 0:0 48252
48316 69317 0:0 48318
48320 69347 21:0 48394
48327 69348 0:0 48328
48327 69349 0:0 48328
48392 69350 0:0 48394
48396 69380 0:0 48399
48401 69381 0:0 48404
48401 69382 0:0 48404
48404 69383 21:0 48480
48479 69414 0:0 48480
48479 69415 0:0 48480
48479 69413 21:0 48551
48544 69416 0:0 48546
48550 69446 0:0 48551
48553 69448 21:0 48627
48555 69447 0:0 48556
48620 69449 0:0 48622
48626 69479 21:0 48698
48631 69480 0:0 48632
48696 69482 0:0 48698
48700 69512 0:0 48703
48705 69514 21:0 48779
48772 69515 0:0 48774
48778 69545 21:0 48850
48874 68070 1:0 49144
48875 68071 1:0 49131
48884 68039 1:0 49261
48884 68037 1:0 49275
48890 68038 1:0 49262
48903 342 21:0 48965
48910 68006 1:0 49396
48964 68005 1:0 49395
49005 67974 1:0 49519
49006 67972 1:0 49526
49015 67973 1:0 49527
49015 67971 1:0 49537
49021 67941 1:0 49650
49026 67938 1:0 49668
49054 67940 1:0 49654
49136 67939 1:0 49655
49137 67908 1:0 49781
49146 67906 1:0 49788
49146 67907 1:0 49789
49152 67905 1:0 49799
49172 67875 1:0 49912
49185 67872 1:0 49930
49267 67874 1:0 49916
49268 67873 1:0 49917
49277 67842 1:0 50043
49277 67839 1:0 50061
49285 67841 1:0 50047
49303 67840 1:0 50048
49398 67809 1:0 50092
49399 67807 1:0 50181
49399 67808 1:0 50182
49408 67806 1:0 50192
49408 67776 1:0 50305
49416 67773 1:0 50323
49435 67775 1:0 50309
49529 67774 1:0 50310
49530 67743 1:0 50436
49539 67741 1:0 50441
49539 67740 1:0 50454
49545 67742 1:0 50440
49549 67710 1:0 50567
49566 67707 1:0 50585
49660 67709 1:0 50571
49661 67708 1:0 50572
49670 67677 1:0 50698
49670 67674 1:0 50716
49676 67675 1:0 50703
49680 67676 1:0 50702
49681 343 1:0 52177
49709 67644 1:0 50829
49791 67641 1:0 50847
49792 67642 1:0 50834
49801 67643 1:0 50833
49801 69545 1:0 52328
51027 70525 21:0 51101
51034 70526 0:0 51035
51034 70527 0:0 51035
51099 70528 0:0 51101
51103 70558 21:0 51177
51110 70559 0:0 51111
51110 70560 0:0 51111
51175 70561 0:0 51177
51179 70591 21:0 51253
51186 70593 0:0 51187
51186 70592 0:0 51187
51251 70594 0:0 51253
51255 70624 21:0 51329
51262 70625 0:0 51263
51262 70626 0:0 51263
51327 70627 0:0 51329
51331 70657 21:0 51405
51338 70658 0:0 51339
51338 70659 0:0 51339
51403 70660 0:0 51405
51407 70690 21:0 51481
51414 70691 0:0 51415
51414 70692 0:0 51415
51479 70693 0:0 51481
51483 70723 21:0 51557
51490 70724 0:0 51491
51490 70725 0:0 51491
51555 70726 0:0 51557
51559 70756 0:0 51562
51564 70757 21:0 51638
51566 70758 0:0 51567
51631 70759 0:0 51633
51637 70789 21:0 51709
51642 70791 0:0 51643
51642 70790 0:0 51643
51643 70792 0:0 51661
51711 70822 21:0 51785
51718 70823 0:0 51719
51718 70824 0:0 51719
51783 70825 0:0 51785
51787 70855 0:0 51790
51792 70857 21:0 51866
51794 70856 0:0 51795
51868 70889 0:0 51871
51871 70891 21:0 51947
51941 70921 0:0 51942
51946 70922 0:0 51947
51946 70923 21:0 52018
52011 70924 0:0 52013
52020 70955 21:0 52094
52022 70956 0:0 52023
52096 70989 21:0 52170
52189 69515 1:0 52359
52190 69514 1:0 52449
52199 69512 1:0 52459
52199 69482 1:0 52572
52205 69479 1:0 52590
52218 343 21:0 52280
52225 69480 1:0 52577
52279 69449 1:0 52621
52320 69448 1:0 52711
52321 69447 1:0 52710
52330 69446 1:0 52721
52330 69416 1:0 52834
52336 69413 1:0 52852
52341 69414 1:0 52839
52369 69415 1:0 52838
52451 69383 1:0 52965
52452 69381 1:0 52972
52461 69382 1:0 52973
52461 69380 1:0 52983
52467 69350 1:0 53096
52487 69347 1:0 53114
52500 69348 1:0 53101
52582 69349 1:0 53100
52583 69317 1:0 53227
52592 69316 1:0 53231
52592 69314 1:0 53245
52600 69315 1:0 53232
52618 69284 1:0 53358
52713 69281 1:0 53376
52714 69283 1:0 53362
52714 69282 1:0 53363
52723 69251 1:0 53489
52723 69248 1:0 53507
52731 69249 1:0 53494
52750 69250 1:0 53493
52844 69218 1:0 53620
52845 69215 1:0 53638
52854 69217 1:0 53624
52854 69216 1:0 53625
52860 69185 1:0 53751
52864 69182 1:0 53769
52881 69183 1:0 53756
52975 69184 1:0 53755
52976 69152 1:0 53882
52985 69150 1:0 53887
52985 69149 1:0 53900
52991 69151 1:0 53886
52995 69119 1:0 54013
53024 69116 1:0 54031
53106 69118 1:0 54017
53107 69117 1:0 54018
53116 69086 1:0 54144
53116 69083 1:0 54162
53122 69084 1:0 54149
53127 69085 1:0 54148
53142 344 1:0 55492
54342 71967 21:0 54416
54349 71969 0:0 54350
54349 71968 0:0 54350
54414 71970 0:0 54416
54418 72000 21:0 54492
54425 72002 0:0 54426
54425 72001 0:0 54426
54490 72003 0:0 54492
54494 72033 21:0 54568
54501 72034 0:0 54502
54501 72035 0:0 54502
54566 72036 0:0 54568
54570 72066 21:0 54644
54577 72068 0:0 54578
54577 72067 0:0 54578
54642 72069 0:0 54644
54646 72099 21:0 54720
54653 72100 0:0 54654
54653 72101 0:0 54654
54718 72102 0:0 54720
54722 72132 21:0 54796
54729 72134 0:0 54730
54729 72133 0:0 54730
54794 72135 0:0 54796
54798 72165 0:0 54801
54803 72167 21:0 54877
54805 72166 0:0 54806
54870 72168 0:0 54872
54876 72198 21:0 54948
54881 72200 0:0 54882
54881 72199 0:0 54882
54946 72201 0:0 54948
54950 72231 21:0 55024
54957 72232 0:0 54958
54957 72233 0:0 54958
55022 72234 0:0 55024
55026 72264 0:0 55029
55031 72265 21:0 55105
55033 72266 0:0 55034
55098 72267 0:0 55100
55104 72297 21:0 55176
55109 72298 0:0 55110
55109 72299 0:0 55110
55174 72300 0:0 55176
55178 72330 0:0 55181
55183 72332 21:0 55257
55250 72333 0:0 55252
55259 72364 21:0 55333
55261 72365 0:0 55262
55326 72366 0:0 55328
55332 72396 21:0 55404
55337 72398 0:0 55338
55337 72397 0:0 55338
55402 72399 0:0 55404
55504 70989 1:0 55633
55505 70955 1:0 55763
55514 70956 1:0 55764
55514 70924 1:0 55805
55520 70923 1:0 55895
55533 344 21:0 55595
55540 70922 1:0 55894
55594 70921 1:0 55905
55635 70891 1:0 56018
55636 70889 1:0 56025
55645 70856 1:0 56156
55645 70857 1:0 56157
55651 70855 1:0 56167
55656 70825 1:0 56280
55684 70822 1:0 56298
55766 70823 1:0 56285
55767 70824 1:0 56284
55776 70792 1:0 56411
55776 70789 1:0 56429
55782 70790 1:0 56416
55802 70791 1:0 56415
55815 70759 1:0 56460
55897 70757 1:0 56549
55898 70758 1:0 56550
55907 70756 1:0 56560
55907 70726 1:0 56673
55915 70723 1:0 56691
55933 70724 1:0 56678
56028 70725 1:0 56677
56029 70693 1:0 56804
56029 70690 1:0 56822
56038 70692 1:0 56808
56038 70691 1:0 56809
56046 70660 1:0 56935
56065 70657 1:0 56953
56159 70659 1:0 56939
56160 70658 1:0 56940
56169 70627 1:0 57066
56169 70624 1:0 57084
56175 70626 1:0 57070
56179 70625 1:0 57071
56196 70594 1:0 57197
56290 70591 1:0 57215
56291 70592 1:0 57202
56300 70593 1:0 57201
56300 70561 1:0 57328
56306 70558 1:0 57346
56310 70559 1:0 57333
56311 345 1:0 58807
56339 70560 1:0 57332
56421 70528 1:0 57459
56422 70525 1:0 57477
56431 70527 1:0 57463
56431 70526 1:0 57464
56437 72399 1:0 59071
56457 72396 1:0 59089
57657 73409 21:0 57731
57664 73411 0:0 57665
57664 73410 0:0 57665
57729 73412 0:0 57731
57733 73442 21:0 57807
57740 73444 0:0 57741
57740 73443 0:0 57741
57805 73445 0:0 57807
57809 73475 21:0 57883
57816 73477 0:0 57817
57816 73476 0:0 57817
57881 73478 0:0 57883
57885 73508 21:0 57959
57892 73509 0:0 57893
57892 73510 0:0 57893
57957 73511 0:0 57959
57961 73541 21:0 58035
57968 73543 0:0 57969
57968 73542 0:0 57969
58033 73544 0:0 58035
58037 73574 21:0 58111
58044 73575 0:0 58045
58044 73576 0:0 58045
58109 73577 0:0 58111
58113 73607 21:0 58187
58120 73609 0:0 58121
58120 73608 0:0 58121
58185 73610 0:0 58187
58189 73640 21:0 58263
58196 73642 0:0 58197
58196 73641 0:0 58197
58261 73643 0:0 58263
58265 73673 0:0 58268
58270 73674 21:0 58344
58272 73675 0:0 58273
58337 73676 0:0 58339
58343 73706 21:0 58415
58348 73708 0:0 58349
58348 73707 0:0 58349
58413 73709 0:0 58415
58417 73739 0:0 58420
58422 73741 21:0 58496
58424 73740 0:0 58425
58489 73742 0:0 58491
58495 73772 21:0 58567
58500 73773 0:0 58501
58500 73774 0:0 58501
58565 73775 0:0 58567
58574 73807 0:0 58577
58577 73808 21:0 58653
58647 73838 0:0 58648
58652 73839 0:0 58653
58652 73840 21:0 58724
58726 73873 21:0 58800
58819 72397 1:0 59076
58820 72398 1:0 59075
58829 72366 1:0 59120
58829 72364 1:0 59209
58835 72365 1:0 59210
58848 345 21:0 58910
58855 72333 1:0 59251
58909 72332 1:0 59341
58950 72330 1:0 59351
58951 72300 1:0 59464
58960 72299 1:0 59468
58960 72297 1:0 59482
58966 72298 1:0 59469
58971 72267 1:0 59513
58999 72265 1:0 59602
59081 72266 1:0 59603
59082 72264 1:0 59613
59091 72234 1:0 59726
59091 72231 1:0 59744
59097 72233 1:0 59730
59117 72232 1:0 59731
59130 72201 1:0 59857
59212 72198 1:0 59875
59213 72200 1:0 59861
59222 72199 1:0 59862
59222 72168 1:0 59906
59230 72167 1:0 59996
59248 72166 1:0 59995
59343 72165 1:0 60006
59344 72135 1:0 60119
59344 72132 1:0 60137
59353 72134 1:0 60123
59353 72133 1:0 60124
59361 72102 1:0 60250
59380 72099 1:0 60268
59474 72101 1:0 60254
59475 72100 1:0 60255
59484 72069 1:0 60381
59484 72066 1:0 60399
59490 72068 1:0 60385
59494 72067 1:0 60386
59511 72036 1:0 60512
59605 72033 1:0 60530
59606 72034 1:0 60517
59615 72035 1:0 60516
59615 72003 1:0 60643
59621 72000 1:0 60661
59625 72001 1:0 60648
59626 346 1:0 62122
59654 72002 1:0 60647
59736 71970 1:0 60774
59737 71967 1:0 60792
59746 71969 1:0 60778
59746 71968 1:0 60779
60972 74851 21:0 61046
60979 74853 0:0 60980
60979 74852 0:0 60980
61044 74854 0:0 61046
61048 74884 21:0 61122
61055 74886 0:0 61056
61055 74885 0:0 61056
61120 74887 0:0 61122
61124 74917 21:0 61198
61131 74919 0:0 61132
61131 74918 0:0 61132
61196 74920 0:0 61198
61200 74950 21:0 61274
61207 74952 0:0 61208
61207 74951 0:0 61208
61272 74953 0:0 61274
61276 74983 21:0 61350
61283 74985 0:0 61284
61283 74984 0:0 61284
61348 74986 0:0 61350
61352 75016 0:0 61355
61357 75018 21:0 61431
61359 75017 0:0 61360
61424 75019 0:0 61426
61430 75049 21:0 61502
61435 75050 0:0 61436
61435 75051 0:0 61436
61500 75052 0:0 61502
61504 75082 0:0 61507
61509 75083 21:0 61583
61511 75084 0:0 61512
61576 75085 0:0 61578
61582 75115 21:0 61654
61587 75117 0:0 61588
61587 75116 0:0 61588
61652 75118 0:0 61654
61656 75148 21:0 61730
61663 75150 0:0 61664
61663 75149 0:0 61664
61728 75151 0:0 61730
61732 75181 0:0 61735
61737 75183 21:0 61811
61739 75182 0:0 61740
61804 75184 0:0 61806
61810 75214 0:0 61811
61813 75216 0:0 61816
61813 75215 0:0 61816
61816 75217 21:0 61892
61891 75248 0:0 61892
61891 75249 0:0 61892
61891 75247 21:0 61963
61956 75250 0:0 61958
62134 73873 1:0 62263
62135 73840 1:0 62394
62144 73839 1:0 62393
62144 73838 1:0 62404
62150 73808 1:0 62517
62163 346 21:0 62225
62170 73807 1:0 62525
62224 73775 1:0 62648
62265 73772 1:0 62666
62266 73773 1:0 62653
62275 73774 1:0 62652
62275 73742 1:0 62697
62281 73741 1:0 62787
62286 73740 1:0 62786
62314 73739 1:0 62797
62396 73709 1:0 62910
62397 73706 1:0 62928
62406 73708 1:0 62914
62406 73707 1:0 62915
62412 73676 1:0 62959
62432 73674 1:0 63048
62445 73675 1:0 63049
62527 73673 1:0 63059
62528 73643 1:0 63172
62537 73642 1:0 63176
62537 73640 1:0 63190
62545 73641 1:0 63177
62563 73610 1:0 63303
62658 73607 1:0 63321
62659 73609 1:0 63307
62659 73608 1:0 63308
62668 73577 1:0 63434
62668 73574 1:0 63452
62676 73576 1:0 63438
62695 73575 1:0 63439
62789 73544 1:0 63565
62790 73541 1:0 63583
62799 73543 1:0 63569
62799 73542 1:0 63570
62805 73511 1:0 63696
62809 73508 1:0 63714
62826 73510 1:0 63700
62920 73509 1:0 63701
62921 73478 1:0 63827
62930 73476 1:0 63832
62930 73475 1:0 63845
62936 73477 1:0 63831
62940 73445 1:0 63958
62969 73442 1:0 63976
63051 73444 1:0 63962
63052 73443 1:0 63963
63061 73412 1:0 64089
63061 73409 1:0 64107
63067 73410 1:0 64094
63072 73411 1:0 64093
63087 347 1:0 65437
63100 75250 1:0 65832
64287 76293 21:0 64361
64294 76295 0:0 64295
64294 76294 0:0 64295
64359 76296 0:0 64361
64363 76326 21:0 64437
64370 76328 0:0 64371
64370 76327 0:0 64371
64435 76329 0:0 64437
64439 76359 21:0 64513
64446 76361 0:0 64447
64446 76360 0:0 64447
64511 76362 0:0 64513
64515 76392 21:0 64589
64522 76393 0:0 64523
64522 76394 0:0 64523
64587 76395 0:0 64589
64591 76425 21:0 64665
64598 76426 0:0 64599
64598 76427 0:0 64599
64663 76428 0:0 64665
64667 76458 21:0 64741
64674 76460 0:0 64675
64674 76459 0:0 64675
64739 76461 0:0 64741
64743 76491 21:0 64817
64750 76493 0:0 64751
64750 76492 0:0 64751
64815 76494 0:0 64817
64819 76524 21:0 64893
64826 76525 0:0 64827
64826 76526 0:0 64827
64891 76527 0:0 64893
64895 76557 21:0 64969
64902 76559 0:0 64903
64902 76558 0:0 64903
64967 76560 0:0 64969
64971 76590 0:0 64974
64976 76592 21:0 65050
64978 76591 0:0 64979
65043 76593 0:0 65045
65049 76623 21:0 65121
65054 76625 0:0 65055
65054 76624 0:0 65055
65119 76626 0:0 65121
65123 76656 21:0 65197
65130 76658 0:0 65131
65130 76657 0:0 65131
65195 76659 0:0 65197
65204 76690 21:0 65278
65206 76691 0:0 65207
65271 76692 0:0 65273
65277 76722 21:0 65349
65282 76723 0:0 65283
65351 76755 21:0 65425
65358 76757 0:0 65359
65449 75247 1:0 65850
65450 75248 1:0 65837
65459 75249 1:0 65836
65459 75217 1:0 65963
65465 75215 1:0 65970
65478 347 21:0 65541
65485 75216 1:0 65971
65539 75214 1:0 65981
65580 75184 1:0 66012
65581 75183 1:0 66102
65590 75182 1:0 66101
65590 75181 1:0 66112
65596 75151 1:0 66225
65601 75148 1:0 66243
65629 75149 1:0 66230
65711 75150 1:0 66229
65712 75118 1:0 66356
65721 75116 1:0 66361
65721 75115 1:0 66374
65727 75117 1:0 66360
65747 75085 1:0 66405
65760 75083 1:0 66494
65842 75084 1:0 66495
65843 75082 1:0 66505
65852 75052 1:0 66618
65852 75049 1:0 66636
65860 75051 1:0 66622
65878 75050 1:0 66623
65973 75019 1:0 66667
65974 75017 1:0 66756
65974 75018 1:0 66757
65983 75016 1:0 66767
65983 74986 1:0 66880
65991 74983 1:0 66898
66010 74985 1:0 66884
66104 74984 1:0 66885
66105 74953 1:0 67011
66114 74951 1:0 67016
66114 74950 1:0 67029
66120 74952 1:0 67015
66124 74920 1:0 67142
66141 74917 1:0 67160
66235 74919 1:0 67146
66236 74918 1:0 67147
66245 74887 1:0 67273
66245 74884 1:0 67291
66251 74886 1:0 67277
66255 74885 1:0 67278
66256 348 1:0 68752
66284 74854 1:0 67404
66366 74851 1:0 67422
66367 74852 1:0 67409
66376 74853 1:0 67408
67602 77735 21:0 67676
67609 77736 0:0 67610
67609 77737 0:0 67610
67674 77738 0:0 67676
67678 77768 21:0 67752
67685 77769 0:0 67686
67685 77770 0:0 67686
67750 77771 0:0 67752
67754 77801 21:0 67828
67761 77802 0:0 67762
67761 77803 0:0 67762
67826 77804 0:0 67828
67830 77834 21:0 67904
67837 77836 0:0 67838
67837 77835 0:0 67838
67902 77837 0:0 67904
67906 77867 21:0 67980
67913 77868 0:0 67914
67913 77869 0:0 67914
67978 77870 0:0 67980
67982 77900 21:0 68056
67989 77901 0:0 67990
67989 77902 0:0 67990
68054 77903 0:0 68056
68058 77933 21:0 68132
68065 77934 0:0 68066
68065 77935 0:0 68066
68130 77936 0:0 68132
68134 77966 21:0 68208
68141 77968 0:0 68142
68141 77967 0:0 68142
68206 77969 0:0 68208
68210 77999 21:0 68284
68217 78000 0:0 68218
68217 78001 0:0 68218
68282 78002 0:0 68284
68286 78032 0:0 68289
68291 78034 21:0 68365
68293 78033 0:0 68294
68358 78035 0:0 68360
68364 78065 0:0 68365
68367 78067 0:0 68370
68367 78066 0:0 68370
68370 78068 21:0 68446
68445 78098 21:0 68517
68510 78101 0:0 68512
68516 78131 21:0 68588
68586 78134 0:0 68588
68590 78164 21:0 68664
68597 78166 0:0 68598
68662 78167 0:0 68664
68764 76755 1:0 68903
68765 76757 1:0 68889
68774 76723 1:0 69021
68774 76722 1:0 69034
68780 76692 1:0 69065
68793 348 21:0 68855
68800 76690 1:0 69154
68854 76691 1:0 69155
68895 76659 1:0 69278
68896 76656 1:0 69296
68905 76658 1:0 69282
68905 76657 1:0 69283
68911 76626 1:0 69409
68916 76623 1:0 69427
68944 76624 1:0 69414
69026 76625 1:0 69413
69027 76593 1:0 69458
69036 76591 1:0 69547
69036 76592 1:0 69548
69042 76590 1:0 69558
69062 76560 1:0 69671
69075 76557 1:0 69689
69157 76558 1:0 69676
69158 76559 1:0 69675
69167 76527 1:0 69802
69167 76524 1:0 69820
69175 76526 1:0 69806
69193 76525 1:0 69807
69288 76494 1:0 69933
69289 76492 1:0 69938
69289 76491 1:0 69951
69298 76493 1:0 69937
69298 76461 1:0 70064
69306 76458 1:0 70082
69325 76459 1:0 70069
69419 76460 1:0 70068
69420 76428 1:0 70195
69429 76427 1:0 70199
69429 76425 1:0 70213
69435 76426 1:0 70200
69439 76395 1:0 70326
69456 76392 1:0 70344
69550 76393 1:0 70331
69551 76394 1:0 70330
69560 76362 1:0 70457
69560 76359 1:0 70475
69566 76361 1:0 70461
69570 76360 1:0 70462
69599 76329 1:0 70588
69681 76326 1:0 70606
69682 76328 1:0 70592
69691 76327 1:0 70593
69691 76296 1:0 70719
69697 76293 1:0 70737
69702 76294 1:0 70724
69717 349 1:0 72067
69730 76295 1:0 70723
70917 79177 21:0 70991
70924 79179 0:0 70925
70924 79178 0:0 70925
70989 79180 0:0 70991
70993 79210 21:0 71067
71000 79211 0:0 71001
71000 79212 0:0 71001
71065 79213 0:0 71067
71069 79243 21:0 71143
71076 79244 0:0 71077
71076 79245 0:0 71077
71141 79246 0:0 71143
71145 79276 21:0 71219
71152 79277 0:0 71153
71152 79278 0:0 71153
71217 79279 0:0 71219
71221 79309 21:0 71295
71228 79310 0:0 71229
71228 79311 0:0 71229
71293 79312 0:0 71295
71297 79342 21:0 71371
71304 79344 0:0 71305
71304 79343 0:0 71305
71369 79345 0:0 71371
71373 79375 21:0 71447
71380 79377 0:0 71381
71380 79376 0:0 71381
71445 79378 0:0 71447
71449 79408 0:0 71452
71454 79409 21:0 71528
71456 79410 0:0 71457
71521 79411 0:0 71523
71527 79441 21:0 71599
71530 79442 0:0 71533
71530 79443 0:0 71533
71597 79444 0:0 71599
71601 79474 21:0 71675
71608 79476 0:0 71609
71608 79475 0:0 71609
71673 79477 0:0 71675
71677 79507 0:0 71680
71682 79508 21:0 71756
71684 79509 0:0 71685
71749 79510 0:0 71751
71755 79540 21:0 71827
71758 79542 0:0 71761
71760 79541 0:0 71761
71825 79543 0:0 71827
71829 79573 21:0 71903
71836 79575 0:0 71837
71836 79574 0:0 71837
71901 79576 0:0 71903
71905 79606 21:0 71979
71977 79609 0:0 71979
71981 79639 21:0 72055
72079 78167 1:0 72331
72080 78164 1:0 72349
72089 78166 1:0 72335
72089 78134 1:0 72462
72095 78131 1:0 72480
72108 349 21:0 72170
72115 78101 1:0 72593
72169 78098 1:0 72611
72210 78068 1:0 72724
72211 78067 1:0 72732
72220 78066 1:0 72731
72220 78065 1:0 72742
72226 78035 1:0 72773
72231 78034 1:0 72863
72259 78033 1:0 72862
72341 78032 1:0 72873
72342 78002 1:0 72986
72351 78000 1:0 72991
72351 77999 1:0 73004
72357 78001 1:0 72990
72377 77969 1:0 73117
72390 77966 1:0 73135
72472 77967 1:0 73122
72473 77968 1:0 73121
72482 77936 1:0 73248
72482 77933 1:0 73266
72490 77935 1:0 73252
72508 77934 1:0 73253
72603 77903 1:0 73379
72604 77901 1:0 73384
72604 77900 1:0 73397
72613 77902 1:0 73383
72613 77870 1:0 73510
72621 77867 1:0 73528
72640 77869 1:0 73514
72734 77868 1:0 73515
72735 77837 1:0 73641
72744 77835 1:0 73646
72744 77834 1:0 73659
72750 77836 1:0 73645
72754 77804 1:0 73772
72771 77801 1:0 73790
72865 77802 1:0 73777
72866 77803 1:0 73776
72875 77771 1:0 73903
72875 77768 1:0 73921
72881 77769 1:0 73908
72885 77770 1:0 73907
72886 350 1:0 75382
72914 77738 1:0 74034
72996 77735 1:0 74052
72997 77736 1:0 74039
73006 77737 1:0 74038
74232 80619 21:0 74306
74239 80620 0:0 74240
74239 80621 0:0 74240
74304 80622 0:0 74306
74308 80652 21:0 74382
74315 80653 0:0 74316
74315 80654 0:0 74316
74380 80655 0:0 74382
74384 80685 21:0 74458
74391 80686 0:0 74392
74391 80687 0:0 74392
74456 80688 0:0 74458
74460 80718 21:0 74534
74467 80719 0:0 74468
74467 80720 0:0 74468
74532 80721 0:0 74534
74536 80751 21:0 74610
74543 80752 0:0 74544
74543 80753 0:0 74544
74608 80754 0:0 74610
74612 80784 21:0 74686
74619 80786 0:0 74620
74619 80785 0:0 74620
74684 80787 0:0 74686
74688 80817 21:0 74762
74695 80818 0:0 74696
74695 80819 0:0 74696
74760 80820 0:0 74762
74764 80850 21:0 74838
74771 80852 0:0 74772
74771 80851 0:0 74772
74836 80853 0:0 74838
74840 80883 0:0 74843
74845 80885 21:0 74919
74847 80884 0:0 74848
74912 80886 0:0 74914
74918 80916 21:0 74990
74923 80918 0:0 74924
74923 80917 0:0 74924
74988 80919 0:0 74990
74992 80949 0:0 74995
74997 80950 21:0 75071
74999 80951 0:0 75000
75064 80952 0:0 75066
75070 80982 21:0 75142
75075 80983 0:0 75076
75140 80985 0:0 75142
75144 81015 0:0 75147
75152 81018 21:0 75228
75227 81049 0:0 75228
75228 81051 21:0 75304
75394 79639 1:0 75533
75395 79609 1:0 75646
75404 79606 1:0 75664
75404 79576 1:0 75777
75410 79573 1:0 75795
75423 350 21:0 75485
75430 79575 1:0 75781
75484 79574 1:0 75782
75525 79543 1:0 75908
75526 79540 1:0 75926
75535 79541 1:0 75913
75535 79542 1:0 75916
75541 79510 1:0 75957
75546 79508 1:0 76046
75574 79509 1:0 76047
75656 79507 1:0 76057
75657 79477 1:0 76170
75666 79475 1:0 76175
75666 79474 1:0 76188
75672 79476 1:0 76174
75692 79444 1:0 76301
75705 79441 1:0 76319
75787 79443 1:0 76309
75788 79442 1:0 76308
75797 79411 1:0 76350
75797 79409 1:0 76439
75805 79410 1:0 76440
75823 79408 1:0 76450
75918 79378 1:0 76563
75919 79376 1:0 76568
75919 79375 1:0 76581
75928 79377 1:0 76567
75928 79345 1:0 76694
75936 79342 1:0 76712
75955 79343 1:0 76699
76049 79344 1:0 76698
76050 79312 1:0 76825
76059 79310 1:0 76830
76059 79309 1:0 76843
76065 79311 1:0 76829
76069 79279 1:0 76956
76086 79276 1:0 76974
76180 79277 1:0 76961
76181 79278 1:0 76960
76190 79246 1:0 77087
76190 79243 1:0 77105
76196 79244 1:0 77092
76200 79245 1:0 77091
76229 79213 1:0 77218
76311 79210 1:0 77236
76312 79211 1:0 77223
76321 79212 1:0 77222
76321 79180 1:0 77349
76327 79177 1:0 77367
76332 79178 1:0 77354
76347 351 1:0 78697
76360 79179 1:0 77353
76442 81051 1:0 78961
77547 82061 21:0 77621
77554 82063 0:0 77555
77554 82062 0:0 77555
77619 82064 0:0 77621
77623 82094 21:0 77697
77630 82095 0:0 77631
77630 82096 0:0 77631
77695 82097 0:0 77697
77699 82127 21:0 77773
77706 82128 0:0 77707
77706 82129 0:0 77707
77771 82130 0:0 77773
77775 82160 21:0 77849
77782 82161 0:0 77783
77782 82162 0:0 77783
77847 82163 0:0 77849
77851 82193 21:0 77925
77858 82194 0:0 77859
77858 82195 0:0 77859
77923 82196 0:0 77925
77927 82226 21:0 78001
77934 82227 0:0 77935
77934 82228 0:0 77935
77999 82229 0:0 78001
78003 82259 21:0 78077
78010 82260 0:0 78011
78010 82261 0:0 78011
78075 82262 0:0 78077
78079 82292 21:0 78153
78086 82293 0:0 78087
78086 82294 0:0 78087
78151 82295 0:0 78153
78155 82325 0:0 78158
78160 82327 21:0 78234
78162 82326 0:0 78163
78227 82328 0:0 78229
78233 82358 21:0 78305
78238 82359 0:0 78239
78238 82360 0:0 78239
78303 82361 0:0 78305
78307 82391 21:0 78381
78314 82393 0:0 78315
78314 82392 0:0 78315
78379 82394 0:0 78381
78383 82424 21:0 78457
78388 82425 0:0 78391
78391 82427 0:0 78409
78459 82457 21:0 78533
78466 82459 0:0 78467
78466 82458 0:0 78467
78531 82460 0:0 78533
78535 82490 21:0 78609
78542 82492 0:0 78543
78542 82491 0:0 78543
78607 82493 0:0 78609
78616 82524 21:0 78690
78709 81049 1:0 78968
78710 81018 1:0 79092
78719 81015 1:0 79110
78719 80985 1:0 79223
78725 80982 1:0 79241
78738 351 21:0 78800
78745 80983 1:0 79228
78799 80952 1:0 79272
78840 80950 1:0 79361
78841 80951 1:0 79362
78850 80949 1:0 79372
78850 80919 1:0 79485
78856 80916 1:0 79503
78861 80918 1:0 79489
78889 80917 1:0 79490
78971 80886 1:0 79534
78972 80885 1:0 79624
78981 80884 1:0 79623
78981 80883 1:0 79634
78987 80853 1:0 79747
79007 80850 1:0 79765
79020 80851 1:0 79752
79102 80852 1:0 79751
79103 80820 1:0 79878
79112 80819 1:0 79882
79112 80817 1:0 79896
79120 80818 1:0 79883
79138 80787 1:0 80009
79233 80784 1:0 80027
79234 80786 1:0 80013
79234 80785 1:0 80014
79243 80754 1:0 80140
79243 80751 1:0 80158
79251 80753 1:0 80144
79270 80752 1:0 80145
79364 80721 1:0 80271
79365 80718 1:0 80289
79374 80720 1:0 80275
79374 80719 1:0 80276
79380 80688 1:0 80402
79384 80685 1:0 80420
79401 80687 1:0 80406
79495 80686 1:0 80407
79496 80655 1:0 80533
79505 80653 1:0 80538
79505 80652 1:0 80551
79511 80654 1:0 80537
79515 80622 1:0 80664
79516 352 1:0 82012
79544 80619 1:0 80682
79626 80621 1:0 80668
79627 80620 1:0 80669
80862 83503 21:0 80936
80869 83505 0:0 80870
80869 83504 0:0 80870
80934 83506 0:0 80936
80938 83536 21:0 81012
80945 83537 0:0 80946
80945 83538 0:0 80946
81010 83539 0:0 81012
81014 83569 21:0 81088
81021 83570 0:0 81022
81021 83571 0:0 81022
81086 83572 0:0 81088
81090 83602 21:0 81164
81097 83604 0:0 81098
81097 83603 0:0 81098
81162 83605 0:0 81164
81166 83635 21:0 81240
81173 83636 0:0 81174
81173 83637 0:0 81174
81238 83638 0:0 81240
81242 83668 21:0 81316
81249 83669 0:0 81250
81249 83670 0:0 81250
81314 83671 0:0 81316
81318 83701 21:0 81392
81325 83703 0:0 81326
81325 83702 0:0 81326
81390 83704 0:0 81392
81394 83734 0:0 81397
81399 83736 21:0 81473
81401 83735 0:0 81402
81466 83737 0:0 81468
81472 83767 21:0 81544
81477 83769 0:0 81478
81477 83768 0:0 81478
81542 83770 0:0 81544
81546 83800 21:0 81620
81553 83802 0:0 81554
81553 83801 0:0 81554
81618 83803 0:0 81620
81622 83833 0:0 81625
81627 83835 21:0 81701
81629 83834 0:0 81630
81700 83866 0:0 81701
81703 83867 21:0 81777
81706 83869 0:0 81724
81774 83899 0:0 81777
81779 83900 21:0 81853
81781 83901 0:0 81782
81846 83902 0:0 81848
82024 82524 1:0 82152
82025 82493 1:0 82276
82034 82492 1:0 82280
82034 82490 1:0 82294
82040 82491 1:0 82281
82053 352 21:0 82113
82060 82460 1:0 82407
82114 82457 1:0 82425
82155 82459 1:0 82411
82156 82458 1:0 82412
82165 82427 1:0 82538
82165 82424 1:0 82556
82171 82425 1:0 82545
82176 82394 1:0 82669
82204 82391 1:0 82687
82286 82392 1:0 82674
82287 82393 1:0 82673
82296 82361 1:0 82800
82296 82358 1:0 82818
82302 82359 1:0 82805
82322 82360 1:0 82804
82335 82328 1:0 82849
82417 82327 1:0 82939
82418 82326 1:0 82938
82427 82325 1:0 82949
82427 82295 1:0 83062
82435 82292 1:0 83080
82453 82294 1:0 83066
82548 82293 1:0 83067
82549 82262 1:0 83193
82549 82259 1:0 83211
82558 82261 1:0 83197
82558 82260 1:0 83198
82566 82229 1:0 83324
82585 82226 1:0 83342
82679 82228 1:0 83328
82680 82227 1:0 83329
82689 82196 1:0 83455
82689 82193 1:0 83473
82695 82195 1:0 83459
82699 82194 1:0 83460
82716 82163 1:0 83586
82810 82160 1:0 83604
82811 82161 1:0 83591
82820 82162 1:0 83590
82820 82130 1:0 83717
82826 82127 1:0 83735
82830 82129 1:0 83721
82859 82128 1:0 83722
82941 82097 1:0 83848
82942 82094 1:0 83866
82951 82096 1:0 83852
82951 82095 1:0 83853
82957 82064 1:0 83979
82962 82061 1:0 83997
82977 353 1:0 85327
82990 82063 1:0 83983
83072 82062 1:0 83984
83073 83902 1:0 85640
84177 84945 21:0 84251
84184 84947 0:0 84185
84184 84946 0:0 84185
84249 84948 0:0 84251
84253 84978 21:0 84327
84260 84980 0:0 84261
84260 84979 0:0 84261
84325 84981 0:0 84327
84329 85011 21:0 84403
84336 85012 0:0 84337
84336 85013 0:0 84337
84401 85014 0:0 84403
84405 85044 21:0 84479
84412 85046 0:0 84413
84412 85045 0:0 84413
84477 85047 0:0 84479
84481 85077 21:0 84555
84488 85079 0:0 84489
84488 85078 0:0 84489
84553 85080 0:0 84555
84557 85110 0:0 84560
84562 85111 21:0 84636
84564 85112 0:0 84565
84629 85113 0:0 84631
84635 85143 21:0 84707
84640 85144 0:0 84641
84640 85145 0:0 84641
84705 85146 0:0 84707
84709 85176 21:0 84783
84716 85177 0:0 84717
84716 85178 0:0 84717
84781 85179 0:0 84783
84785 85209 21:0 84859
84792 85210 0:0 84793
84792 85211 0:0 84793
84857 85212 0:0 84859
84861 85242 21:0 84935
84868 85243 0:0 84869
84868 85244 0:0 84869
84933 85245 0:0 84935
84937 85275 0:0 84940
84942 85276 21:0 85016
84944 85277 0:0 84945
85009 85278 0:0 85011
85015 85308 0:0 85016
85018 85309 21:0 85092
85020 85310 0:0 85021
85085 85311 0:0 85087
85091 85341 21:0 85163
85096 85342 0:0 85097
85161 85344 0:0 85163
85165 85374 0:0 85168
85170 85376 21:0 85244
85172 85375 0:0 85173
85243 85407 21:0 85315
85248 85408 0:0 85249
85313 85410 0:0 85315
85339 83900 1:0 85729
85340 83901 1:0 85730
85349 83899 1:0 85740
85349 83867 1:0 85860
85355 83869 1:0 85853
85368 353 21:0 85431
85375 83866 1:0 85871
85429 83835 1:0 85992
85470 83834 1:0 85991
85471 83833 1:0 86002
85480 83803 1:0 86115
85480 83800 1:0 86133
85486 83802 1:0 86119
85491 83801 1:0 86120
85519 83770 1:0 86246
85601 83767 1:0 86264
85602 83768 1:0 86251
85611 83769 1:0 86250
85611 83737 1:0 86295
85617 83736 1:0 86385
85637 83735 1:0 86384
85650 83734 1:0 86395
85732 83704 1:0 86508
85733 83701 1:0 86526
85742 83703 1:0 86512
85742 83702 1:0 86513
85750 83671 1:0 86639
85768 83668 1:0 86657
85863 83669 1:0 86644
85864 83670 1:0 86643
85864 83638 1:0 86770
85873 83636 1:0 86775
85873 83635 1:0 86788
85881 83637 1:0 86774
85900 83605 1:0 86901
85994 83602 1:0 86919
85995 83604 1:0 86905
86004 83603 1:0 86906
86004 83572 1:0 87032
86010 83569 1:0 87050
86014 83571 1:0 87036
86031 83570 1:0 87037
86125 83539 1:0 87163
86126 83536 1:0 87181
86135 83538 1:0 87167
86135 83537 1:0 87168
86141 83506 1:0 87294
86145 83503 1:0 87312
86146 354 1:0 88642
86174 83505 1:0 87298
86256 83504 1:0 87299
87492 86387 21:0 87566
87499 86389 0:0 87500
87499 86388 0:0 87500
87564 86390 0:0 87566
87568 86420 21:0 87642
87575 86422 0:0 87576
87575 86421 0:0 87576
87640 86423 0:0 87642
87644 86453 21:0 87718
87651 86455 0:0 87652
87651 86454 0:0 87652
87716 86456 0:0 87718
87720 86486 21:0 87794
87727 86488 0:0 87728
87727 86487 0:0 87728
87792 86489 0:0 87794
87796 86519 21:0 87870
87803 86521 0:0 87804
87803 86520 0:0 87804
87868 86522 0:0 87870
87872 86552 21:0 87946
87879 86553 0:0 87880
87879 86554 0:0 87880
87944 86555 0:0 87946
87948 86585 21:0 88022
87955 86586 0:0 87956
87955 86587 0:0 87956
88020 86588 0:0 88022
88024 86618 21:0 88098
88031 86619 0:0 88032
88031 86620 0:0 88032
88096 86621 0:0 88098
88100 86651 0:0 88103
88105 86652 21:0 88179
88107 86653 0:0 88108
88172 86654 0:0 88174
88178 86684 0:0 88179
88181 86685 21:0 88255
88183 86686 0:0 88184
88248 86687 0:0 88250
88254 86717 21:0 88326
88324 86720 0:0 88326
88328 86750 21:0 88402
88335 86752 0:0 88336
88400 86753 0:0 88402
88404 86783 21:0 88478
88411 86784 0:0 88412
88411 86785 0:0 88412
88480 86816 21:0 88554
88654 85410 1:0 88775
88655 85407 1:0 88793
88664 85408 1:0 88780
88664 85376 1:0 88914
88670 85375 1:0 88913
88683 354 21:0 88744
88690 85374 1:0 88924
88744 85344 1:0 89037
88785 85341 1:0 89055
88786 85342 1:0 89042
88795 85311 1:0 89086
88795 85309 1:0 89175
88801 85310 1:0 89176
88806 85308 1:0 89186
88834 85278 1:0 89217
88916 85276 1:0 89306
88917 85277 1:0 89307
88926 85275 1:0 89317
88926 85245 1:0 89430
88932 85242 1:0 89448
88952 85244 1:0 89434
88965 85243 1:0 89435
89047 85212 1:0 89561
89048 85209 1:0 89579
89057 85211 1:0 89565
89057 85210 1:0 89566
89065 85179 1:0 89692
89083 85176 1:0 89710
89178 85178 1:0 89696
89179 85177 1:0 89697
89179 85146 1:0 89823
89188 85145 1:0 89827
89188 85143 1:0 89841
89196 85144 1:0 89828
89215 85113 1:0 89872
89309 85111 1:0 89961
89310 85112 1:0 89962
89319 85110 1:0 89972
89319 85080 1:0 90085
89325 85077 1:0 90103
89329 85079 1:0 90089
89346 85078 1:0 90090
89440 85047 1:0 90216
89441 85044 1:0 90234
89450 85046 1:0 90220
89450 85045 1:0 90221
89456 85014 1:0 90347
89460 85011 1:0 90365
89489 85013 1:0 90351
89571 85012 1:0 90352
89572 84981 1:0 90478
89581 84980 1:0 90482
89581 84978 1:0 90496
89587 84979 1:0 90483
89592 84948 1:0 90609
89607 355 1:0 91957
89620 84945 1:0 90627
89702 84947 1:0 90613
89703 84946 1:0 90614
90807 87829 21:0 90881
90814 87830 0:0 90815
90814 87831 0:0 90815
90879 87832 0:0 90881
90883 87862 21:0 90957
90890 87864 0:0 90891
90890 87863 0:0 90891
90955 87865 0:0 90957
90959 87895 21:0 91033
90966 87897 0:0 90967
90966 87896 0:0 90967
91031 87898 0:0 91033
91035 87928 21:0 91109
91042 87929 0:0 91043
91042 87930 0:0 91043
91107 87931 0:0 91109
91111 87961 21:0 91185
91118 87962 0:0 91119
91118 87963 0:0 91119
91183 87964 0:0 91185
91187 87994 21:0 91261
91194 87995 0:0 91195
91194 87996 0:0 91195
91259 87997 0:0 91261
91263 88027 21:0 91337
91270 88028 0:0 91271
91270 88029 0:0 91271
91335 88030 0:0 91337
91339 88060 0:0 91342
91344 88061 21:0 91418
91346 88062 0:0 91347
91411 88063 0:0 91413
91417 88093 0:0 91418
91420 88094 21:0 91494
91422 88095 0:0 91423
91487 88096 0:0 91489
91493 88126 21:0 91565
91498 88128 0:0 91499
91498 88127 0:0 91499
91563 88129 0:0 91565
91567 88159 21:0 91641
91574 88160 0:0 91575
91574 88161 0:0 91575
91639 88162 0:0 91641
91643 88192 21:0 91717
91650 88193 0:0 91651
91650 88194 0:0 91651
91715 88195 0:0 91717
91719 88225 21:0 91793
91726 88227 0:0 91727
91726 88226 0:0 91727
91791 88228 0:0 91793
91795 88258 21:0 91869
91802 88260 0:0 91803
91802 88259 0:0 91803
91867 88261 0:0 91869
91871 88291 21:0 91945
91969 86816 1:0 92239
91970 86783 1:0 92370
91979 86785 1:0 92356
91979 86784 1:0 92357
91985 86753 1:0 92483
91998 355 21:0 92058
92005 86750 1:0 92501
92059 86752 1:0 92487
92100 86720 1:0 92614
92101 86717 1:0 92632
92110 86687 1:0 92663
92110 86685 1:0 92752
92116 86686 1:0 92753
92121 86684 1:0 92763
92149 86654 1:0 92794
92231 86652 1:0 92883
92232 86653 1:0 92884
92241 86651 1:0 92894
92241 86621 1:0 93007
92247 86618 1:0 93025
92267 86620 1:0 93011
92280 86619 1:0 93012
92362 86588 1:0 93138
92363 86585 1:0 93156
92372 86587 1:0 93142
92372 86586 1:0 93143
92380 86555 1:0 93269
92398 86552 1:0 93287
92493 86554 1:0 93273
92494 86553 1:0 93274
92494 86522 1:0 93400
92503 86521 1:0 93404
92503 86519 1:0 93418
92511 86520 1:0 93405
92530 86489 1:0 93531
92624 86486 1:0 93549
92625 86487 1:0 93536
92634 86488 1:0 93535
92634 86456 1:0 93662
92640 86453 1:0 93680
92644 86455 1:0 93666
92661 86454 1:0 93667
92755 86423 1:0 93793
92756 86420 1:0 93811
92765 86422 1:0 93797
92765 86421 1:0 93798
92771 86390 1:0 93924
92775 86387 1:0 93942
92776 356 1:0 95272
92804 86388 1:0 93929
92886 86389 1:0 93928
94122 89271 21:0 94196
94129 89273 0:0 94130
94129 89272 0:0 94130
94194 89274 0:0 94196
94198 89304 21:0 94272
94205 89306 0:0 94206
94205 89305 0:0 94206
94270 89307 0:0 94272
94274 89337 21:0 94348
94281 89339 0:0 94282
94281 89338 0:0 94282
94346 89340 0:0 94348
94350 89370 21:0 94424
94357 89372 0:0 94358
94357 89371 0:0 94358
94422 89373 0:0 94424
94426 89403 21:0 94500
94433 89404 0:0 94434
94433 89405 0:0 94434
94498 89406 0:0 94500
94502 89436 21:0 94576
94509 89437 0:0 94510
94509 89438 0:0 94510
94574 89439 0:0 94576
94578 89469 21:0 94652
94585 89471 0:0 94586
94585 89470 0:0 94586
94650 89472 0:0 94652
94654 89502 0:0 94657
94659 89503 21:0 94733
94661 89504 0:0 94662
94726 89505 0:0 94728
94732 89535 0:0 94733
94735 89537 21:0 94809
94737 89536 0:0 94738
94802 89538 0:0 94804
94808 89568 0:0 94809
94811 89570 0:0 94814
94814 89571 21:0 94890
94884 89601 0:0 94885
94889 89603 21:0 94961
94954 89604 0:0 94956
94960 89634 0:0 94961
94963 89635 21:0 95037
94965 89636 0:0 94966
95030 89637 0:0 95032
95036 89667 21:0 95108
95110 89700 0:0 95113
95118 89703 21:0 95194
95284 88291 1:0 95423
95285 88261 1:0 95536
95294 88259 1:0 95541
95294 88258 1:0 95554
95300 88260 1:0 95540
95313 356 21:0 95375
95320 88228 1:0 95667
95374 88225 1:0 95685
95415 88227 1:0 95671
95416 88226 1:0 95672
95425 88195 1:0 95798
95425 88192 1:0 95816
95431 88194 1:0 95802
95436 88193 1:0 95803
95464 88162 1:0 95929
95546 88159 1:0 95947
95547 88160 1:0 95934
95556 88161 1:0 95933
95556 88129 1:0 96060
95562 88126 1:0 96078
95582 88128 1:0 96064
95595 88127 1:0 96065
95677 88096 1:0 96109
95678 88094 1:0 96198
95687 88095 1:0 96199
95687 88093 1:0 96209
95695 88063 1:0 96240
95713 88061 1:0 96329
95808 88062 1:0 96330
95809 88060 1:0 96340
95809 88030 1:0 96453
95818 88028 1:0 96458
95818 88027 1:0 96471
95826 88029 1:0 96457
95845 87997 1:0 96584
95939 87994 1:0 96602
95940 87995 1:0 96589
95949 87996 1:0 96588
95949 87964 1:0 96715
95955 87961 1:0 96733
95959 87963 1:0 96719
95976 87962 1:0 96720
96070 87931 1:0 96846
96071 87928 1:0 96864
96080 87930 1:0 96850
96080 87929 1:0 96851
96086 87898 1:0 96977
96090 87895 1:0 96995
96119 87896 1:0 96982
96201 87897 1:0 96981
96202 87865 1:0 97108
96211 87864 1:0 97112
96211 87862 1:0 97126
96217 87863 1:0 97113
96222 87832 1:0 97239
96237 357 1:0 98587
96250 87829 1:0 97257
96332 87830 1:0 97244
96333 87831 1:0 97243
96342 89703 1:0 98851
96342 89700 1:0 98869
96350 89667 1:0 99000
97437 90713 21:0 97511
97444 90715 0:0 97445
97444 90714 0:0 97445
97509 90716 0:0 97511
97513 90746 21:0 97587
97520 90747 0:0 97521
97520 90748 0:0 97521
97585 90749 0:0 97587
97589 90779 21:0 97663
97596 90780 0:0 97597
97596 90781 0:0 97597
97661 90782 0:0 97663
97665 90812 21:0 97739
97672 90813 0:0 97673
97672 90814 0:0 97673
97737 90815 0:0 97739
97741 90845 21:0 97815
97748 90847 0:0 97749
97748 90846 0:0 97749
97813 90848 0:0 97815
97817 90878 21:0 97891
97824 90880 0:0 97825
97824 90879 0:0 97825
97889 90881 0:0 97891
97893 90911 21:0 97967
97900 90913 0:0 97901
97900 90912 0:0 97901
97965 90914 0:0 97967
97969 90944 0:0 97972
97974 90946 21:0 98048
97976 90945 0:0 97977
98041 90947 0:0 98043
98047 90977 21:0 98119
98052 90978 0:0 98053
98052 90979 0:0 98053
98117 90980 0:0 98119
98121 91010 21:0 98195
98128 91011 0:0 98129
98128 91012 0:0 98129
98193 91013 0:0 98195
98197 91043 21:0 98271
98204 91044 0:0 98205
98204 91045 0:0 98205
98269 91046 0:0 98271
98273 91076 21:0 98347
98280 91077 0:0 98281
98280 91078 0:0 98281
98345 91079 0:0 98347
98349 91109 21:0 98423
98356 91110 0:0 98357
98356 91111 0:0 98357
98421 91112 0:0 98423
98425 91142 21:0 98499
98432 91143 0:0 98433
98432 91144 0:0 98433
98497 91145 0:0 98499
98501 91175 21:0 98575
98508 91176 0:0 98509
98508 91177 0:0 98509
98573 91178 0:0 98575
98599 89637 1:0 99031
98600 89635 1:0 99120
98609 89636 1:0 99121
98609 89634 1:0 99131
98615 89604 1:0 99162
98628 357 21:0 98690
98635 89603 1:0 99252
98689 89601 1:0 99262
98730 89571 1:0 99375
98731 89570 1:0 99383
98740 89568 1:0 99393
98740 89538 1:0 99424
98746 89537 1:0 99514
98751 89536 1:0 99513
98779 89535 1:0 99524
98861 89505 1:0 99555
98862 89503 1:0 99644
98871 89504 1:0 99645
98871 89502 1:0 99655
98877 89472 1:0 99768
98897 89469 1:0 99786
98910 89470 1:0 99773
98992 89471 1:0 99772
98993 89439 1:0 99899
99002 89437 1:0 99904
99002 89436 1:0 99917
99010 89438 1:0 99903
99028 89406 1:0 100030
99123 89403 1:0 100048
99124 89405 1:0 100034
99124 89404 1:0 100035
99133 89373 1:0 100161
99133 89370 1:0 100179
99141 89372 1:0 100165
99160 89371 1:0 100166
99254 89340 1:0 100292
99255 89337 1:0 100310
99264 89339 1:0 100296
99264 89338 1:0 100297
99270 89307 1:0 100423
99274 89304 1:0 100441
99291 89305 1:0 100428
99303 358 1:0 101902
99385 89306 1:0 100427
99386 89274 1:0 100554
99395 89272 1:0 100559
99395 89271 1:0 100572
99401 89273 1:0 100558
100752 92155 21:0 100826
100757 92157 0:0 100760
100759 92156 0:0 100760
100824 92158 0:0 100826
100828 92188 21:0 100902
100835 92189 0:0 100836
100835 92190 0:0 100836
100900 92191 0:0 100902
100904 92221 21:0 100978
100911 92223 0:0 100912
100911 92222 0:0 100912
100976 92224 0:0 100978
100980 92254 0:0 100983
100985 92256 21:0 101059
100987 92255 0:0 100988
101052 92257 0:0 101054
101058 92287 0:0 101059
101061 92288 21:0 101135
101063 92289 0:0 101064
101128 92290 0:0 101130
101134 92320 21:0 101206
101137 92321 0:0 101140
101137 92322 0:0 101140
101140 92323 0:0 101158
101208 92353 21:0 101282
101215 92355 0:0 101216
101215 92354 0:0 101216
101284 92386 21:0 101358
101291 92387 0:0 101292
101291 92388 0:0 101292
101360 92419 21:0 101434
101367 92420 0:0 101368
101367 92421 0:0 101368
101436 92452 0:0 101439
101441 92454 0:0 101444
101441 92453 0:0 101444
101444 92455 21:0 101520
101514 92485 0:0 101515
101519 92487 0:0 101520
101519 92486 21:0 101591
101593 92520 21:0 101667
101669 92553 21:0 101743
101736 92554 0:0 101738
101742 92584 21:0 101814
101816 92617 21:0 101890
101823 92618 0:0 101824
101914 91178 1:0 102035
101915 91175 1:0 102053
101924 91177 1:0 102039
101924 91176 1:0 102040
101930 91145 1:0 102166
101943 358 21:0 102005
101950 91142 1:0 102184
102004 91144 1:0 102170
102045 91143 1:0 102171
102046 91112 1:0 102297
102055 91111 1:0 102301
102055 91109 1:0 102315
102061 91110 1:0 102302
102066 91079 1:0 102428
102094 91076 1:0 102446
102176 91078 1:0 102432
102177 91077 1:0 102433
102186 91046 1:0 102559
102186 91043 1:0 102577
102192 91045 1:0 102563
102212 91044 1:0 102564
102225 91013 1:0 102690
102307 91010 1:0 102708
102308 91012 1:0 102694
102317 91011 1:0 102695
102317 90980 1:0 102821
102325 90977 1:0 102839
102343 90978 1:0 102826
102438 90979 1:0 102825
102439 90947 1:0 102870
102439 90946 1:0 102960
102448 90945 1:0 102959
102448 90944 1:0 102970
102456 90914 1:0 103083
102475 90911 1:0 103101
102569 90912 1:0 103088
102570 90913 1:0 103087
102579 90881 1:0 103214
102579 90878 1:0 103232
102585 90880 1:0 103218
102589 90879 1:0 103219
102606 90848 1:0 103345
102700 90845 1:0 103363
102701 90846 1:0 103350
102710 90847 1:0 103349
102710 90815 1:0 103476
102716 90812 1:0 103494
102720 90813 1:0 103481
102749 90814 1:0 103480
102831 90782 1:0 103607
102832 90779 1:0 103625
102841 90781 1:0 103611
102841 90780 1:0 103612
102847 90749 1:0 103738
102852 90746 1:0 103756
102880 90748 1:0 103742
102962 90747 1:0 103743
102963 90716 1:0 103869
102972 90715 1:0 103873
102972 90713 1:0 103887
102978 90714 1:0 103874
102980 359 1:0 104000
102998 92617 1:0 104050
102999 46101 1:0 104354
103011 45967 1:0 104194
103093 45966 1:0 104109
103093 45963 1:0 104109
103094 45961 1:0 104108
103094 45964 1:0 104109
103094 45962 1:0 104109
103103 45955 1:0 104108
103103 45954 1:0 104109
103103 45965 1:0 104109
103103 45958 1:0 104109
103103 45960 1:0 104109
103103 92618 1:0 104230
103109 92584 1:0 104325
103113 46109 1:0 104394
103129 46102 1:0 104355
103129 46110 1:0 104395
103142 46111 1:0 104404
103224 46107 1:0 104384
103224 46108 1:0 104385
103224 46112 1:0 104405
103224 46113 1:0 104414
103225 46114 1:0 104415
103225 46248 1:0 104575
103225 46256 1:0 104615
103234 92553 1:0 104546
103234 46249 1:0 104576
103234 46257 1:0 104616
103240 92554 1:0 104664
103242 46258 1:0 104625
103245 46259 1:0 104626
103260 46254 1:0 104605
103260 46255 1:0 104606
103261 46396 1:0 104797
103273 46260 1:0 104635
103355 46261 1:0 104636
103355 46403 1:0 104836
103356 92520 1:0 104767
103365 46395 1:0 104796
103365 46401 1:0 104826
103365 46402 1:0 104827
103365 46404 1:0 104837
103365 46405 1:0 104846
103365 46406 1:0 104847
103365 46407 1:0 104856
103371 46408 1:0 104857
103376 92486 1:0 104988
103391 46549 1:0 105048
103404 46553 1:0 105023
103445 46555 1:0 105023
103486 46552 1:0 105023
103486 46551 1:0 105023
103487 46542 1:0 105017
103487 46554 1:0 105023
103487 46550 1:0 105023
103496 46543 1:0 105018
103496 46548 1:0 105023
103496 92487 1:0 105115
103502 92485 1:0 105123
103506 92455 1:0 105209
103507 46689 1:0 105238
103523 46697 1:0 105278
103535 46690 1:0 105239
103535 46698 1:0 105279
103617 46695 1:0 105268
103617 46699 1:0 105288
103617 46700 1:0 105289
103618 46696 1:0 105269
103618 46701 1:0 105298
103618 46702 1:0 105299
103627 92453 1:0 105335
103627 92454 1:0 105336
103635 92452 1:0 105344
103637 46837 1:0 105460
103654 92419 1:0 105430
103666 46844 1:0 105499
103748 46836 1:0 105459
103748 46845 1:0 105500
103749 46842 1:0 105489
103749 46843 1:0 105490
103749 46846 1:0 105509
103749 46847 1:0 105510
103758 46848 1:0 105519
103758 46849 1:0 105520
103758 92420 1:0 105556
103764 92421 1:0 105557
103766 47130 1:0 105901
103784 92386 1:0 105597
103797 46984 1:0 105655
103797 46992 1:0 105721
103879 46991 1:0 105656
103879 46995 1:0 105656
103880 46989 1:0 105656
103880 46983 1:0 105656
103880 46993 1:0 105656
103880 46996 1:0 105656
103889 46994 1:0 105656
103889 46990 1:0 105656
103889 92388 1:0 105778
103895 92387 1:0 105777
103900 92353 1:0 105872
103916 47138 1:0 105941
103928 47139 1:0 105942
103969 47131 1:0 105902
104012 47136 1:0 105931
104012 47137 1:0 105932
104012 47140 1:0 105951
104012 47141 1:0 105952
104013 47142 1:0 105961
104013 47143 1:0 105962
104013 47277 1:0 106122
104022 92354 1:0 105998
104022 92355 1:0 105999
104030 92320 1:0 106093
104041 359 21:0 104103
104048 47285 1:0 106162
104061 47278 1:0 106123
104061 47286 1:0 106163
104104 92323 1:0 106211
104130 47287 1:0 106172
104131 47283 1:0 106152
104131 47284 1:0 106153
104131 47288 1:0 106173
104181 45961 0:0 104189
104181 47289 1:0 106182
104188 45954 0:0 104196
104191 47290 1:0 106183
104200 45967 21:0 104228
104201 47424 1:0 106319
104201 47430 1:0 106319
104201 47436 1:0 106403
104223 45966 0:0 104225
104223 45963 0:0 104225
104223 45962 0:0 104225
104223 45955 0:0 104225
104224 45960 0:0 104225
104224 45958 0:0 104225
104224 45964 0:0 104225
104224 45965 0:0 104225
104226 92321 1:0 106219
104226 92322 1:0 106220
104233 92288 1:0 106260
104234 92290 1:0 106261
104243 47431 1:0 106318
104243 47434 1:0 106319
104243 47426 1:0 106319
104243 47437 1:0 106319
104243 47432 1:0 106319
104243 47435 1:0 106319
104249 47425 1:0 106318
104249 47433 1:0 106318
104269 92289 1:0 106441
104282 92287 1:0 106449
104323 47578 1:0 106595
104351 92256 1:0 106535
104352 47582 1:0 106570
104364 46101 21:0 104446
104412 92257 1:0 106570
104422 47581 1:0 106570
104444 46107 0:0 104446
104445 46108 0:0 104446
104445 46102 0:0 104446
104445 46109 0:0 104446
104445 46113 0:0 104446
104445 46114 0:0 104446
104445 46110 0:0 104446
104445 46111 0:0 104446
104445 46112 0:0 104446
104447 47571 1:0 106564
104447 47572 1:0 106565
104447 47583 1:0 106570
104447 47580 1:0 106570
104447 47579 1:0 106570
104447 47584 1:0 106570
104454 47577 1:0 106570
104454 47574 1:0 106570
104455 92255 1:0 106661
104455 92221 1:0 106702
104464 92254 1:0 106672
104464 92224 1:0 106703
104470 47722 1:0 106761
104470 47724 1:0 106761
104470 47730 1:0 106845
104474 47726 1:0 106761
104490 47727 1:0 106761
104490 47725 1:0 106761
104491 47719 1:0 106760
104491 47718 1:0 106761
104503 47728 1:0 106761
104544 47729 1:0 106761
104552 47866 1:0 107007
104572 47731 1:0 106761
104573 48019 1:0 107258
104585 46248 21:0 104667
104623 92222 1:0 106882
104643 92223 1:0 106883
104665 46256 0:0 104667
104665 46260 0:0 104667
104665 46254 0:0 104667
104666 46249 0:0 104667
104666 46261 0:0 104667
104666 46259 0:0 104667
104666 46258 0:0 104667
104666 46255 0:0 104667
104666 46257 0:0 104667
104668 92188 1:0 106977
104668 47865 1:0 107006
104668 47873 1:0 107046
104668 47874 1:0 107047
104675 92191 1:0 107095
104676 47871 1:0 107036
104676 47872 1:0 107037
104676 47875 1:0 107056
104676 47876 1:0 107057
104685 47877 1:0 107066
104685 47878 1:0 107067
104685 92190 1:0 107104
104693 92189 1:0 107103
104712 92155 1:0 107198
104724 48020 1:0 107267
104765 48021 1:0 107268
104773 48012 1:0 107227
104778 48013 1:0 107228
104794 92158 1:0 107316
104803 46396 21:0 104888
104844 48022 1:0 107277
104854 48018 1:0 107257
104854 48023 1:0 107278
104864 48024 1:0 107287
104886 46407 0:0 104888
104886 46405 0:0 104888
104886 46401 0:0 104888
104887 46404 0:0 104888
104887 46402 0:0 104888
104887 46395 0:0 104888
104887 46403 0:0 104888
104887 46408 0:0 104888
104887 46406 0:0 104888
104889 48025 1:0 107288
104889 92156 1:0 107324
104896 92157 1:0 107325
104896 48167 1:0 107454
104896 48166 1:0 107479
104897 48159 1:0 107448
104897 48171 1:0 107454
104897 48168 1:0 107454
104906 48160 1:0 107449
104906 48169 1:0 107454
104906 48172 1:0 107454
104906 48170 1:0 107454
104906 48165 1:0 107454
104906 48259 1:0 107548
104906 48260 1:0 107549
105024 46543 0:0 105049
105027 46542 0:0 105053
105054 46549 21:0 105109
105107 46548 0:0 105109
105107 46550 0:0 105109
105107 46554 0:0 105109
105107 46551 0:0 105109
105108 46555 0:0 105109
105108 46553 0:0 105109
105108 46552 0:0 105109
105248 46689 21:0 105330
105328 46695 0:0 105330
105328 46701 0:0 105330
105328 46699 0:0 105330
105329 46698 0:0 105330
105329 46702 0:0 105330
105329 46690 0:0 105330
105329 46697 0:0 105330
105329 46696 0:0 105330
105329 46700 0:0 105330
105466 46837 21:0 105551
105549 46842 0:0 105551
105549 46836 0:0 105551
105550 46849 0:0 105551
105550 46843 0:0 105551
105550 46847 0:0 105551
105550 46848 0:0 105551
105550 46845 0:0 105551
105550 46846 0:0 105551
105550 46844 0:0 105551
105687 46984 0:0 105712
105690 46983 0:0 105716
105717 46990 0:0 105726
105720 46989 0:0 105728
105727 46992 21:0 105775
105770 46995 0:0 105772
105770 46991 0:0 105772
105770 46993 0:0 105772
105771 46994 0:0 105772
105771 46996 0:0 105772
105911 47130 21:0 105993
105991 47136 0:0 105993
105991 47142 0:0 105993
105991 47141 0:0 105993
105992 47140 0:0 105993
105992 47143 0:0 105993
105992 47131 0:0 105993
105992 47138 0:0 105993
105992 47137 0:0 105993
105992 47139 0:0 105993
106132 47277 21:0 106214
106212 47285 0:0 106214
106212 47283 0:0 106214
106212 47287 0:0 106214
106213 47278 0:0 106214
106213 47284 0:0 106214
106213 47286 0:0 106214
106213 47288 0:0 106214
106213 47289 0:0 106214
106213 47290 0:0 106214
106350 47425 0:0 106375
106353 47424 0:0 106379
106380 47431 0:0 106389
106383 47430 0:0 106391
106413 47436 21:0 106438
106434 47432 0:0 106435
106434 47437 0:0 106435
106434 47435 0:0 106435
106434 47434 0:0 106435
106434 47433 0:0 106435
106434 47426 0:0 106435
106571 47572 0:0 106596
106574 47571 0:0 106600
106601 47578 21:0 106656
106654 47581 0:0 106656
106654 47577 0:0 106656
106654 47583 0:0 106656
106655 47579 0:0 106656
106655 47574 0:0 106656
106655 47584 0:0 106656
106655 47580 0:0 106656
106655 47582 0:0 106656
106792 47719 0:0 106817
106795 47718 0:0 106821
106822 47725 0:0 106831
106825 47724 0:0 106833
106855 47730 21:0 106880
106876 47728 0:0 106877
106876 47731 0:0 106877
106876 47727 0:0 106877
106876 47726 0:0 106877
106876 47722 0:0 106877
106876 47729 0:0 106877
107013 47866 21:0 107098
107096 47871 0:0 107098
107097 47872 0:0 107098
107097 47874 0:0 107098
107097 47873 0:0 107098
107097 47865 0:0 107098
107097 47877 0:0 107098
107097 47878 0:0 107098
107097 47876 0:0 107098
107097 47875 0:0 107098
107264 48019 21:0 107319
107317 48022 0:0 107319
107317 48018 0:0 107319
107317 48012 0:0 107319
107317 48013 0:0 107319
107318 48024 0:0 107319
107318 48020 0:0 107319
107318 48023 0:0 107319
107318 48021 0:0 107319
107318 48025 0:0 107319
107455 48160 0:0 107480
107458 48159 0:0 107484
107485 48166 21:0 111
