86 13483 0:0 88
87 13571 0:0 88
87 13572 0:0 88
87 13484 0:0 88
87 13481 0:0 88
87 13482 0:0 88
87 13480 0:0 88
150 13649 21:0 216
218 13679 21:0 226
226 13682 21:0 292
299 13713 21:0 357
378 13748 21:0 444
451 13780 21:0 509
453 13779 0:0 454
527 13813 21:0 585
603 13846 21:0 661
660 13847 0:0 672
679 13879 21:0 737
681 13878 0:0 682
755 13911 21:0 813
757 13912 0:0 758
834 13946 21:0 900
902 13976 0:0 905
907 13977 21:0 965
964 13979 0:0 976
983 14011 21:0 1041
1135 14076 21:0 1193
1359 14175 21:0 1367
1366 14176 0:0 1367
1366 14177 21:0 1433
1431 14178 0:0 1433
1435 14208 21:0 1443
1442 14210 0:0 1443
1442 14209 21:0 1509
1507 14211 0:0 1509
1511 14241 21:0 1519
1518 14242 0:0 1519
1518 14243 0:0 1519
1519 14244 21:0 1585
1587 14274 0:0 1590
1592 14276 21:0 1650
1594 14275 0:0 1595
1649 14277 0:0 1661
1663 14307 0:0 1666
1668 14308 21:0 1726
1670 14309 0:0 1671
1725 14310 0:0 1737
1739 14340 21:0 1747
1746 14341 0:0 1747
1746 14342 21:0 1813
1811 14343 0:0 1813
1815 14373 21:0 1823
1822 14375 0:0 1823
1822 14374 21:0 1889
1887 14376 0:0 1889
1891 14406 21:0 1899
1898 14408 0:0 1899
1898 14407 21:0 1965
1963 14409 0:0 1965
1967 14439 21:0 1975
1974 14440 0:0 1975
1974 14441 21:0 2041
2039 14442 0:0 2041
2043 14472 21:0 2051
2050 14473 0:0 2051
2050 14474 21:0 2117
2115 14475 0:0 2117
2119 14505 21:0 2127
2126 14506 0:0 2127
2126 14507 21:0 2193
2191 14508 0:0 2193
2195 14538 21:0 2203
2202 14539 0:0 2203
2202 14540 21:0 2269
2267 14541 0:0 2269
2271 14571 21:0 2279
2278 14572 0:0 2279
2278 14573 21:0 2345
2343 14574 0:0 2345
2347 14604 21:0 2355
2354 14606 0:0 2355
2354 14605 21:0 2421
2419 14607 0:0 2421
2423 14637 21:0 2431
2430 14638 0:0 2431
2430 14639 21:0 2497
2520 14076 1:0 2761
2521 14011 1:0 3006
2529 13979 1:0 3121
2529 13977 1:0 3127
2546 304 21:0 2560
2553 13976 1:0 3137
2642 13946 1:0 3243
2643 13911 1:0 3371
2651 13912 1:0 3372
2651 13879 1:0 3494
2661 13878 1:0 3493
2764 13847 1:0 3609
2765 13846 1:0 3616
2773 13813 1:0 3738
2773 13780 1:0 3860
2783 13779 1:0 3859
2886 13748 1:0 3975
2887 13713 1:0 4103
2895 13682 1:0 4219
2895 13679 1:0 4235
2905 13649 1:0 4341
2919 305 1:0 5679
3008 14639 1:0 5820
3009 14638 1:0 5819
3017 14637 1:0 5830
3023 14607 1:0 5943
4529 15617 21:0 4537
4536 15618 0:0 4537
4536 15619 21:0 4603
4601 15620 0:0 4603
4605 15650 21:0 4613
4612 15652 0:0 4613
4612 15651 0:0 4613
4613 15653 21:0 4679
4681 15683 21:0 4689
4688 15685 0:0 4689
4688 15684 21:0 4755
4753 15686 0:0 4755
4757 15716 21:0 4765
4764 15717 0:0 4765
4764 15718 21:0 4831
4829 15719 0:0 4831
4833 15749 21:0 4841
4840 15750 0:0 4841
4840 15751 21:0 4907
4905 15752 0:0 4907
4909 15782 21:0 4917
4916 15783 0:0 4917
4916 15784 21:0 4983
4981 15785 0:0 4983
4985 15815 21:0 4993
4992 15817 0:0 4993
4992 15816 21:0 5059
5057 15818 0:0 5059
5061 15848 21:0 5069
5068 15850 0:0 5069
5068 15849 21:0 5135
5133 15851 0:0 5135
5137 15881 21:0 5145
5142 15882 0:0 5145
5142 15883 0:0 5145
5145 15884 21:0 5211
5213 15914 21:0 5221
5220 15915 0:0 5221
5220 15916 0:0 5221
5221 15917 21:0 5287
5289 15947 21:0 5297
5294 15949 0:0 5297
5297 15950 21:0 5363
5370 15982 21:0 5428
5372 15981 0:0 5373
5427 15983 0:0 5439
5441 16013 0:0 5444
5446 16015 21:0 5504
5503 16016 0:0 5515
5517 16046 0:0 5520
5522 16047 21:0 5580
5579 16049 0:0 5591
5601 16082 21:0 5667
5691 14605 1:0 5950
5692 14606 1:0 5951
5701 14604 1:0 5961
5701 14574 1:0 6074
5707 14573 1:0 6082
5720 305 21:0 5734
5728 14572 1:0 6081
5822 14571 1:0 6092
5823 14541 1:0 6205
5823 14540 1:0 6213
5832 14539 1:0 6212
5832 14538 1:0 6223
5840 14508 1:0 6336
5859 14507 1:0 6344
5953 14506 1:0 6343
5954 14505 1:0 6354
5954 14475 1:0 6467
5963 14473 1:0 6474
5963 14474 1:0 6475
5971 14472 1:0 6485
5990 14442 1:0 6598
6084 14441 1:0 6606
6085 14440 1:0 6605
6094 14439 1:0 6616
6094 14409 1:0 6729
6100 14407 1:0 6736
6104 14408 1:0 6737
6133 14406 1:0 6747
6215 14376 1:0 6860
6216 14374 1:0 6867
6225 14375 1:0 6868
6225 14373 1:0 6878
6231 14343 1:0 6991
6236 14342 1:0 6999
6264 14341 1:0 6998
6346 14340 1:0 7009
6347 14310 1:0 7122
6356 14308 1:0 7129
6356 14309 1:0 7130
6362 14307 1:0 7140
6367 14277 1:0 7253
6395 14276 1:0 7261
6477 14275 1:0 7260
6478 14274 1:0 7271
6487 14244 1:0 7384
6487 14243 1:0 7392
6493 14242 1:0 7391
6513 14241 1:0 7402
6526 14211 1:0 7515
6608 14209 1:0 7522
6609 14210 1:0 7523
6618 14208 1:0 7533
6618 14178 1:0 7646
6624 14177 1:0 7654
6644 14176 1:0 7653
6645 306 1:0 8994
6739 14175 1:0 7664
7844 17059 21:0 7852
7851 17060 0:0 7852
7851 17061 21:0 7918
7916 17062 0:0 7918
7920 17092 21:0 7928
7927 17093 0:0 7928
7927 17094 21:0 7994
7992 17095 0:0 7994
7996 17125 21:0 8004
8003 17126 0:0 8004
8003 17127 21:0 8070
8068 17128 0:0 8070
8072 17158 21:0 8080
8079 17160 0:0 8080
8079 17159 21:0 8146
8144 17161 0:0 8146
8148 17191 21:0 8156
8155 17192 0:0 8156
8155 17193 21:0 8222
8220 17194 0:0 8222
8224 17224 21:0 8232
8231 17226 0:0 8232
8231 17225 21:0 8298
8296 17227 0:0 8298
8300 17257 21:0 8308
8307 17258 0:0 8308
8307 17259 21:0 8374
8372 17260 0:0 8374
8376 17290 21:0 8384
8383 17291 0:0 8384
8383 17292 0:0 8384
8384 17293 21:0 8450
8452 17323 21:0 8460
8459 17324 0:0 8460
8459 17325 0:0 8460
8460 17326 21:0 8526
8528 17356 21:0 8536
8535 17357 0:0 8536
8535 17358 21:0 8602
8600 17359 0:0 8602
8604 17389 21:0 8612
8611 17391 0:0 8612
8611 17390 21:0 8678
8676 17392 0:0 8678
8680 17422 21:0 8688
8687 17423 0:0 8688
8687 17424 21:0 8754
8752 17425 0:0 8754
8756 17455 21:0 8764
8763 17456 0:0 8764
8763 17457 0:0 8764
8764 17458 21:0 8830
8832 17488 21:0 8840
8839 17490 21:0 8906
8913 17523 21:0 8971
9006 16082 1:0 9127
9007 16049 1:0 9258
9016 16047 1:0 9265
9016 16046 1:0 9276
9022 16016 1:0 9389
9035 306 21:0 9049
9043 16015 1:0 9397
9137 16013 1:0 9407
9138 15983 1:0 9520
9138 15982 1:0 9528
9147 15981 1:0 9527
9147 15950 1:0 9651
9155 15949 1:0 9659
9174 15947 1:0 9669
9268 15917 1:0 9782
9269 15915 1:0 9789
9269 15916 1:0 9790
9278 15914 1:0 9800
9278 15884 1:0 9913
9286 15883 1:0 9921
9305 15882 1:0 9920
9399 15881 1:0 9931
9400 15851 1:0 10044
9409 15849 1:0 10051
9409 15850 1:0 10052
9415 15848 1:0 10062
9419 15818 1:0 10175
9448 15816 1:0 10182
9530 15817 1:0 10183
9531 15815 1:0 10193
9540 15785 1:0 10306
9540 15784 1:0 10314
9546 15783 1:0 10313
9551 15782 1:0 10324
9579 15752 1:0 10437
9661 15751 1:0 10445
9662 15750 1:0 10444
9671 15749 1:0 10455
9671 15719 1:0 10568
9677 15718 1:0 10576
9682 15717 1:0 10575
9710 15716 1:0 10586
9792 15686 1:0 10699
9793 15684 1:0 10706
9802 15685 1:0 10707
9802 15683 1:0 10717
9808 15653 1:0 10830
9828 15651 1:0 10837
9841 15652 1:0 10838
9923 15650 1:0 10848
9924 15620 1:0 10961
9933 15618 1:0 10968
9933 15619 1:0 10969
9939 15617 1:0 10979
9941 307 1:0 12309
9960 17523 1:0 12450
10054 17490 1:0 12581
10055 17488 1:0 12591
10064 17458 1:0 12704
11159 18501 21:0 11167
11166 18503 0:0 11167
11166 18502 21:0 11233
11231 18504 0:0 11233
11235 18534 21:0 11243
11242 18536 0:0 11243
11242 18535 21:0 11309
11307 18537 0:0 11309
11311 18567 21:0 11319
11318 18568 0:0 11319
11318 18569 21:0 11385
11383 18570 0:0 11385
11387 18600 21:0 11395
11394 18602 0:0 11395
11394 18601 21:0 11461
11459 18603 0:0 11461
11463 18633 21:0 11471
11470 18634 0:0 11471
11470 18635 21:0 11537
11535 18636 0:0 11537
11539 18666 21:0 11547
11546 18667 0:0 11547
11546 18668 21:0 11613
11611 18669 0:0 11613
11615 18699 21:0 11623
11622 18701 0:0 11623
11622 18700 21:0 11689
11687 18702 0:0 11689
11691 18732 21:0 11699
11698 18733 0:0 11699
11698 18734 0:0 11699
11699 18735 21:0 11765
11767 18765 21:0 11775
11774 18767 0:0 11775
11774 18766 21:0 11841
11839 18768 0:0 11841
11843 18798 0:0 11846
11848 18800 21:0 11906
11850 18799 0:0 11851
11905 18801 0:0 11917
11919 18831 0:0 11922
11924 18832 21:0 11982
11926 18833 0:0 11927
11981 18834 0:0 11993
12000 18866 21:0 12058
12002 18865 0:0 12003
12057 18867 0:0 12069
12071 18897 0:0 12074
12076 18899 21:0 12134
12078 18898 0:0 12079
12133 18900 0:0 12145
12147 18930 21:0 12155
12154 18932 0:0 12155
12154 18931 21:0 12221
12219 18933 0:0 12221
12228 18964 21:0 12286
12299 18996 21:0 12307
12321 17457 1:0 12712
12322 17456 1:0 12711
12331 17455 1:0 12722
12331 17425 1:0 12835
12337 17424 1:0 12843
12350 307 21:0 12364
12358 17423 1:0 12842
12452 17422 1:0 12853
12453 17392 1:0 12966
12453 17390 1:0 12973
12462 17391 1:0 12974
12462 17389 1:0 12984
12470 17359 1:0 13097
12489 17358 1:0 13105
12583 17357 1:0 13104
12584 17356 1:0 13115
12584 17326 1:0 13228
12593 17324 1:0 13235
12593 17325 1:0 13236
12601 17323 1:0 13246
12620 17293 1:0 13359
12714 17291 1:0 13366
12715 17292 1:0 13367
12724 17290 1:0 13377
12724 17260 1:0 13490
12730 17259 1:0 13498
12734 17258 1:0 13497
12763 17257 1:0 13508
12845 17227 1:0 13621
12846 17225 1:0 13628
12855 17226 1:0 13629
12855 17224 1:0 13639
12861 17194 1:0 13752
12866 17193 1:0 13760
12894 17192 1:0 13759
12976 17191 1:0 13770
12977 17161 1:0 13883
12986 17159 1:0 13890
12986 17160 1:0 13891
12992 17158 1:0 13901
12997 17128 1:0 14014
13025 17127 1:0 14022
13107 17126 1:0 14021
13108 17125 1:0 14032
13117 17095 1:0 14145
13117 17094 1:0 14153
13123 17093 1:0 14152
13143 17092 1:0 14163
13156 17062 1:0 14276
13238 17061 1:0 14284
13239 17060 1:0 14283
13239 308 1:0 15624
13248 17059 1:0 14294
14474 19943 21:0 14482
14481 19944 0:0 14482
14481 19945 21:0 14548
14546 19946 0:0 14548
14550 19976 21:0 14558
14557 19978 0:0 14558
14557 19977 0:0 14558
14558 19979 21:0 14624
14626 20009 21:0 14634
14633 20011 0:0 14634
14633 20010 0:0 14634
14634 20012 21:0 14700
14702 20042 21:0 14710
14709 20043 0:0 14710
14709 20044 21:0 14776
14774 20045 0:0 14776
14778 20075 21:0 14786
14785 20076 0:0 14786
14785 20077 0:0 14786
14786 20078 21:0 14852
14854 20108 21:0 14862
14861 20109 0:0 14862
14861 20110 21:0 14928
14926 20111 0:0 14928
14930 20141 21:0 14938
14937 20142 0:0 14938
14937 20143 21:0 15004
15002 20144 0:0 15004
15006 20174 21:0 15014
15013 20176 0:0 15014
15013 20175 21:0 15080
15078 20177 0:0 15080
15082 20207 21:0 15090
15089 20208 0:0 15090
15089 20209 0:0 15090
15090 20210 21:0 15156
15158 20240 0:0 15161
15163 20241 21:0 15221
15165 20242 0:0 15166
15220 20243 0:0 15232
15234 20273 0:0 15237
15239 20274 21:0 15297
15310 20306 21:0 15318
15317 20308 0:0 15318
15317 20307 21:0 15384
15382 20309 0:0 15384
15386 20339 21:0 15394
15462 20372 0:0 15465
15467 20373 21:0 15525
15469 20374 0:0 15470
15543 20406 21:0 15601
15636 18996 1:0 15644
15637 18964 1:0 15764
15646 18933 1:0 15888
15646 18931 1:0 15895
15652 18932 1:0 15896
15665 308 21:0 15679
15673 18930 1:0 15906
15767 18900 1:0 16019
15768 18898 1:0 16026
15768 18899 1:0 16027
15777 18897 1:0 16037
15777 18867 1:0 16150
15785 18866 1:0 16158
15804 18865 1:0 16157
15898 18834 1:0 16281
15899 18832 1:0 16288
15899 18833 1:0 16289
15908 18831 1:0 16299
15908 18801 1:0 16412
15916 18800 1:0 16420
15935 18799 1:0 16419
16029 18798 1:0 16430
16030 18768 1:0 16543
16039 18766 1:0 16550
16039 18767 1:0 16551
16045 18765 1:0 16561
16049 18735 1:0 16674
16078 18734 1:0 16682
16160 18733 1:0 16681
16161 18732 1:0 16692
16170 18702 1:0 16805
16170 18700 1:0 16812
16176 18701 1:0 16813
16181 18699 1:0 16823
16209 18669 1:0 16936
16291 18668 1:0 16944
16292 18667 1:0 16943
16301 18666 1:0 16954
16301 18636 1:0 17067
16307 18635 1:0 17075
16312 18634 1:0 17074
16340 18633 1:0 17085
16422 18603 1:0 17198
16423 18601 1:0 17205
16432 18602 1:0 17206
16432 18600 1:0 17216
16438 18570 1:0 17329
16458 18569 1:0 17337
16471 18568 1:0 17336
16553 18567 1:0 17347
16554 18537 1:0 17460
16563 18535 1:0 17467
16563 18536 1:0 17468
16569 18534 1:0 17478
16589 18504 1:0 17591
16684 18502 1:0 17598
16685 18503 1:0 17599
16685 18501 1:0 17609
16694 309 1:0 18939
16694 20406 1:0 19079
16700 20373 1:0 19210
17789 21385 21:0 17797
17796 21386 0:0 17797
17796 21387 21:0 17863
17861 21388 0:0 17863
17865 21418 21:0 17873
17872 21420 0:0 17873
17872 21419 21:0 17939
17937 21421 0:0 17939
17941 21451 21:0 17949
17948 21453 0:0 17949
17948 21452 21:0 18015
18013 21454 0:0 18015
18017 21484 21:0 18025
18024 21486 0:0 18025
18024 21485 21:0 18091
18089 21487 0:0 18091
18093 21517 21:0 18101
18100 21518 0:0 18101
18100 21519 21:0 18167
18165 21520 0:0 18167
18169 21550 0:0 18172
18174 21551 21:0 18232
18176 21552 0:0 18177
18231 21553 0:0 18243
18245 21583 21:0 18253
18252 21585 0:0 18253
18252 21584 21:0 18319
18317 21586 0:0 18319
18321 21616 21:0 18329
18328 21617 0:0 18329
18328 21618 0:0 18329
18329 21619 21:0 18395
18397 21649 0:0 18400
18402 21650 21:0 18460
18404 21651 0:0 18405
18459 21652 0:0 18471
18473 21682 21:0 18481
18480 21683 0:0 18481
18480 21684 21:0 18547
18545 21685 0:0 18547
18549 21715 21:0 18557
18556 21717 0:0 18557
18556 21716 21:0 18623
18621 21718 0:0 18623
18625 21748 21:0 18633
18632 21750 0:0 18633
18632 21749 21:0 18699
18697 21751 0:0 18699
18701 21781 21:0 18709
18708 21782 0:0 18709
18708 21783 21:0 18775
18773 21784 0:0 18775
18777 21814 21:0 18785
18784 21816 0:0 18785
18784 21815 21:0 18851
18849 21817 0:0 18851
18853 21847 21:0 18861
18860 21848 0:0 18861
18860 21849 21:0 18927
18951 20374 1:0 19211
18952 20372 1:0 19221
18961 20339 1:0 19352
18961 20309 1:0 19465
18967 20307 1:0 19472
18980 309 21:0 18994
18988 20308 1:0 19473
19082 20306 1:0 19483
19083 20274 1:0 19603
19083 20273 1:0 19614
19092 20243 1:0 19727
19092 20241 1:0 19734
19100 20242 1:0 19735
19119 20240 1:0 19745
19213 20210 1:0 19858
19214 20208 1:0 19865
19214 20209 1:0 19866
19223 20207 1:0 19876
19223 20177 1:0 19989
19231 20175 1:0 19996
19250 20176 1:0 19997
19344 20174 1:0 20007
19345 20144 1:0 20120
19354 20142 1:0 20127
19354 20143 1:0 20128
19360 20141 1:0 20138
19364 20111 1:0 20251
19393 20110 1:0 20259
19475 20109 1:0 20258
19476 20108 1:0 20269
19485 20078 1:0 20382
19485 20077 1:0 20390
19491 20076 1:0 20389
19496 20075 1:0 20400
19524 20045 1:0 20513
19606 20044 1:0 20521
19607 20043 1:0 20520
19616 20042 1:0 20531
19616 20012 1:0 20644
19622 20010 1:0 20651
19627 20011 1:0 20652
19655 20009 1:0 20662
19737 19979 1:0 20775
19738 19977 1:0 20782
19747 19978 1:0 20783
19747 19976 1:0 20793
19753 19946 1:0 20906
19773 19945 1:0 20914
19786 19944 1:0 20913
19868 19943 1:0 20924
19869 310 1:0 22254
21104 22827 0:0 21107
21109 22828 21:0 21167
21111 22829 0:0 21112
21166 22830 0:0 21178
21180 22860 0:0 21183
21185 22862 21:0 21243
21187 22861 0:0 21188
21256 22893 0:0 21259
21261 22894 21:0 21319
21263 22895 0:0 21264
21318 22896 0:0 21330
21332 22926 0:0 21335
21337 22928 21:0 21395
21394 22929 0:0 21406
21408 22959 21:0 21416
21415 22960 0:0 21416
21415 22961 0:0 21416
21416 22962 21:0 21482
21484 22992 0:0 21487
21489 22994 21:0 21547
21491 22993 0:0 21492
21546 22995 0:0 21558
21560 23025 21:0 21568
21567 23026 0:0 21568
21567 23027 21:0 21634
21632 23028 0:0 21634
21636 23058 0:0 21639
21641 23060 21:0 21699
21643 23059 0:0 21644
21698 23061 0:0 21710
21712 23091 0:0 21715
21717 23093 21:0 21775
21719 23092 0:0 21720
21774 23094 0:0 21786
21788 23124 21:0 21796
21795 23126 21:0 21862
21860 23127 0:0 21862
21864 23157 21:0 21872
21871 23159 0:0 21872
21871 23158 21:0 21938
21936 23160 0:0 21938
21940 23190 21:0 21948
21947 23192 21:0 22014
22012 23193 0:0 22014
22016 23223 0:0 22019
22021 23224 21:0 22079
22078 23226 0:0 22090
22100 23259 21:0 22166
22173 23291 21:0 22231
22266 304 1:0 2509
22267 21848 1:0 22394
22267 21849 1:0 22395
22276 21847 1:0 22405
22276 21817 1:0 22518
22284 21815 1:0 22525
22295 310 21:0 22309
22310 21816 1:0 22526
22397 21814 1:0 22536
22398 21784 1:0 22649
22407 21782 1:0 22656
22407 21783 1:0 22657
22413 21781 1:0 22667
22417 21751 1:0 22780
22446 21749 1:0 22787
22528 21750 1:0 22788
22529 21748 1:0 22798
22538 21718 1:0 22911
22538 21716 1:0 22918
22544 21717 1:0 22919
22549 21715 1:0 22929
22577 21685 1:0 23042
22659 21684 1:0 23050
22660 21683 1:0 23049
22669 21682 1:0 23060
22669 21652 1:0 23173
22675 21650 1:0 23180
22680 21651 1:0 23181
22708 21649 1:0 23191
22790 21619 1:0 23304
22791 21618 1:0 23312
22800 21617 1:0 23311
22800 21616 1:0 23322
22806 21586 1:0 23435
22826 21584 1:0 23442
22839 21585 1:0 23443
22921 21583 1:0 23453
22922 21553 1:0 23566
22931 21551 1:0 23573
22931 21552 1:0 23574
22937 21550 1:0 23584
22957 21520 1:0 23697
23052 21519 1:0 23705
23053 21518 1:0 23704
23053 21517 1:0 23715
23062 21487 1:0 23828
23062 21485 1:0 23835
23070 21486 1:0 23836
23089 21484 1:0 23846
23183 21454 1:0 23959
23184 21452 1:0 23966
23184 21453 1:0 23967
23193 21451 1:0 23977
23193 21421 1:0 24090
23201 21419 1:0 24097
23220 21420 1:0 24098
23232 311 1:0 24352
23314 21418 1:0 24108
23315 21388 1:0 24221
23324 21386 1:0 24228
23324 21387 1:0 24229
23330 21385 1:0 24239
23335 23291 1:0 24437
23351 11274 1:0 24482
23363 11276 1:0 24460
23445 11277 1:0 24460
23445 11275 1:0 24460
23445 11270 1:0 24505
23446 11278 1:0 24545
23446 11279 1:0 24546
23455 23259 1:0 24667
23455 11425 1:0 24681
23455 11422 1:0 24747
23461 11421 1:0 24681
23461 11426 1:0 24681
23465 11423 1:0 24681
23481 11424 1:0 24681
23494 23224 1:0 24891
23576 23226 1:0 24820
23577 11568 1:0 24903
23577 11571 1:0 24978
23586 11572 1:0 24902
23586 11573 1:0 24902
23586 11570 1:0 24902
23586 11569 1:0 24902
23594 23223 1:0 25035
23612 23192 1:0 25109
23625 11716 1:0 25189
23707 23193 1:0 25041
23708 11717 1:0 25123
23708 11720 1:0 25123
23708 11719 1:0 25123
23717 11715 1:0 25123
23717 11718 1:0 25123
23717 23190 1:0 25256
23725 23160 1:0 25262
23744 23158 1:0 25340
23756 11867 1:0 25430
23838 11865 1:0 25344
23838 11864 1:0 25345
23839 11863 1:0 25344
23839 11862 1:0 25345
23848 11866 1:0 25345
23848 23159 1:0 25467
23854 23157 1:0 25477
23858 23126 1:0 25564
23875 23127 1:0 25564
23887 12009 1:0 25596
23969 12010 1:0 25596
23969 12011 1:0 25596
23970 12002 1:0 25591
23970 12012 1:0 25596
23970 12008 1:0 25621
23970 12013 1:0 25650
23979 12014 1:0 25651
23979 23124 1:0 25698
23985 23094 1:0 25704
23990 23093 1:0 25775
24006 12149 1:0 25786
24006 12158 1:0 25861
24018 12159 1:0 25786
24100 12157 1:0 25787
24100 12156 1:0 25787
24101 12161 1:0 25786
24101 12155 1:0 25786
24101 12160 1:0 25787
24101 12302 1:0 26063
24110 23092 1:0 25908
24110 23091 1:0 25919
24118 23060 1:0 26006
24121 12303 1:0 26072
24137 12304 1:0 26073
24149 12305 1:0 26082
24231 23061 1:0 26114
24232 12306 1:0 26083
24232 12307 1:0 26092
24241 12308 1:0 26093
24241 23059 1:0 26129
24247 23058 1:0 26140
24251 23027 1:0 26173
24267 12453 1:0 26227
24267 12442 1:0 26253
24280 12450 1:0 26293
24321 12451 1:0 26294
24364 23028 1:0 26342
24365 12452 1:0 26303
24365 12454 1:0 26313
24374 12455 1:0 26314
24374 23026 1:0 26350
24380 23025 1:0 26361
24384 22994 1:0 26445
24393 311 21:0 24407
24413 22995 1:0 26367
24454 12601 1:0 26534
24462 12599 1:0 26450
24482 12602 1:0 26449
24483 12597 1:0 26450
24515 11270 21:0 24529
24533 12600 1:0 26449
24535 11274 21:0 24577
24543 12598 1:0 26449
24575 11276 0:0 24577
24576 11275 0:0 24577
24576 11279 0:0 24577
24576 11277 0:0 24577
24576 11278 0:0 24577
24578 22993 1:0 26571
24578 22992 1:0 26582
24585 22962 1:0 26659
24586 12745 1:0 26670
24586 12748 1:0 26671
24586 12747 1:0 26746
24595 12737 1:0 26670
24595 12743 1:0 26670
24595 12746 1:0 26671
24595 12742 1:0 26671
24595 12744 1:0 26671
24595 12749 1:0 26671
24603 22961 1:0 26793
24622 22960 1:0 26792
24675 22959 1:0 26803
24704 22928 1:0 26887
24753 11422 21:0 24798
24754 22929 1:0 26888
24764 12896 1:0 26977
24774 12890 1:0 26891
24774 12894 1:0 26892
24796 11423 0:0 24798
24796 11425 0:0 24798
24797 11421 0:0 24798
24797 11426 0:0 24798
24797 11424 0:0 24798
24799 12893 1:0 26892
24799 12891 1:0 26892
24799 12892 1:0 26892
24806 12895 1:0 26892
24806 12889 1:0 26892
24807 22926 1:0 27024
24807 13040 1:0 27187
24816 22896 1:0 27030
24816 22894 1:0 27101
24822 13041 1:0 27112
24824 13042 1:0 27112
24827 13043 1:0 27112
24843 13039 1:0 27112
24855 13038 1:0 27113
24909 22895 1:0 27235
24926 22893 1:0 27245
24984 11571 21:0 25019
24985 22862 1:0 27329
24995 13190 1:0 27419
25017 11572 0:0 25019
25017 11570 0:0 25019
25017 11568 0:0 25019
25018 11569 0:0 25019
25018 11573 0:0 25019
25020 13186 1:0 27333
25020 13187 1:0 27334
25020 13189 1:0 27334
25027 13188 1:0 27333
25027 13185 1:0 27334
25028 22861 1:0 27455
25037 22860 1:0 27466
25037 22830 1:0 27472
25043 22828 1:0 27543
25047 13334 1:0 27629
25063 13337 1:0 27554
25076 13325 1:0 27554
25076 13336 1:0 27555
25076 13330 1:0 27555
25117 13333 1:0 27555
25130 13332 1:0 27555
25146 13335 1:0 27554
25195 11716 21:0 25240
25196 22829 1:0 27677
25216 22827 1:0 27687
25238 11715 0:0 25240
25238 11719 0:0 25240
25238 11717 0:0 25240
25239 11718 0:0 25240
25239 11720 0:0 25240
25241 13484 1:0 27776
25241 13481 1:0 27776
25241 13479 1:0 27840
25248 13477 1:0 27776
25248 13480 1:0 27776
25249 13483 1:0 27776
25249 13482 1:0 27776
25249 13571 1:0 27900
25249 13572 1:0 27901
25436 11867 21:0 25461
25459 11864 0:0 25461
25459 11865 0:0 25461
25459 11862 0:0 25461
25459 11866 0:0 25461
25460 11863 0:0 25461
25597 12002 0:0 25622
25627 12008 21:0 25674
25673 12014 0:0 25682
25674 12013 0:0 25682
25674 12009 0:0 25682
25681 12012 0:0 25682
25681 12011 0:0 25682
25681 12010 0:0 25682
25822 12149 0:0 25848
25848 12155 0:0 25857
25871 12158 21:0 25903
25902 12160 0:0 25903
25902 12159 0:0 25903
25902 12156 0:0 25903
25902 12157 0:0 25903
25902 12161 0:0 25903
26069 12302 21:0 26116
26115 12307 0:0 26124
26115 12308 0:0 26124
26116 12303 0:0 26124
26123 12305 0:0 26124
26123 12306 0:0 26124
26123 12304 0:0 26124
26263 12442 21:0 26319
26318 12453 21:0 26345
26343 12452 0:0 26345
26343 12454 0:0 26345
26344 12455 0:0 26345
26344 12451 0:0 26345
26344 12450 0:0 26345
26544 12601 21:0 26566
26564 12599 0:0 26566
26565 12598 0:0 26566
26565 12600 0:0 26566
26565 12602 0:0 26566
26565 12597 0:0 26566
26732 12743 0:0 26741
26752 12747 21:0 26787
26785 12745 0:0 26787
26785 12744 0:0 26787
26785 12748 0:0 26787
26786 12737 0:0 26787
26786 12746 0:0 26787
26786 12742 0:0 26787
26786 12749 0:0 26787
26953 12890 0:0 26962
26983 12896 21:0 27008
27006 12894 0:0 27008
27006 12892 0:0 27008
27006 12891 0:0 27008
27006 12895 0:0 27008
27007 12889 0:0 27008
27007 12893 0:0 27008
27197 13040 21:0 27229
27227 13042 0:0 27229
27228 13043 0:0 27229
27228 13039 0:0 27229
27228 13038 0:0 27229
27228 13041 0:0 27229
27425 13190 21:0 27450
27448 13186 0:0 27450
27448 13185 0:0 27450
27448 13189 0:0 27450
27448 13188 0:0 27450
27449 13187 0:0 27450
27586 13325 0:0 27610
27639 13334 21:0 27671
27670 13332 0:0 27671
27670 13337 0:0 27671
27670 13336 0:0 27671
27670 13330 0:0 27671
27670 13335 0:0 27671
27670 13333 0:0 27671
27840 13477 0:0 27848
27850 13479 21:0 102
