148 25060 0:0 149
158 25056 0:0 160
158 25061 0:0 160
159 25155 0:0 160
159 25066 0:0 160
159 25063 0:0 160
159 25062 0:0 160
159 25055 0:0 160
159 25068 0:0 160
159 25064 0:0 160
159 25156 0:0 160
159 25065 0:0 160
295 25296 21:0 353
827 25527 21:0 885
903 25561 21:0 961
960 25562 0:0 972
979 25593 21:0 1037
1058 25628 21:0 1124
1131 25659 21:0 1189
1431 25791 0:0 1434
1436 25792 21:0 1494
1438 25793 0:0 1439
1493 25794 0:0 1505
1507 25824 0:0 1510
1512 25825 21:0 1570
1514 25826 0:0 1515
1569 25827 0:0 1581
1583 25857 21:0 1591
1588 25858 0:0 1591
1590 25859 0:0 1591
1591 25860 21:0 1657
1659 25890 0:0 1662
1664 25891 21:0 1722
1666 25892 0:0 1667
1721 25893 0:0 1733
1735 25923 0:0 1738
1740 25924 21:0 1798
1742 25925 0:0 1743
1797 25926 0:0 1809
1811 25956 0:0 1814
1816 25957 21:0 1874
1818 25958 0:0 1819
1873 25959 0:0 1885
1887 25989 21:0 1895
1894 25990 0:0 1895
1894 25991 21:0 1961
1959 25992 0:0 1961
1963 26022 21:0 1971
1970 26023 0:0 1971
1970 26024 21:0 2037
2035 26025 0:0 2037
2039 26055 21:0 2047
2046 26057 0:0 2047
2046 26056 21:0 2113
2111 26058 0:0 2113
2115 26088 21:0 2123
2122 26089 0:0 2123
2122 26090 21:0 2189
2187 26091 0:0 2189
2191 26121 21:0 2199
2198 26122 0:0 2199
2198 26123 21:0 2265
2263 26124 0:0 2265
2267 26154 0:0 2270
2272 26156 21:0 2330
2274 26155 0:0 2275
2329 26157 0:0 2341
2343 26187 21:0 2351
2350 26188 0:0 2351
2350 26189 21:0 2417
2415 26190 0:0 2417
2419 26220 21:0 2427
2426 26222 0:0 2427
2426 26221 21:0 2493
2491 26223 0:0 2493
2495 26253 21:0 2503
2502 26255 0:0 2503
2502 26254 0:0 2503
2503 26256 21:0 2569
2618 312 21:0 2632
2633 312 1:0 2581
2633 25659 1:0 2955
2633 25628 1:0 3071
2633 25593 1:0 3199
2633 25562 1:0 3315
2714 25561 1:0 3322
2715 25527 1:0 3443
2715 25296 1:0 4297
2723 313 1:0 5751
2723 26256 1:0 5884
2729 26254 1:0 5891
2836 26255 1:0 5892
4601 27233 0:0 4604
4606 27234 21:0 4664
4608 27235 0:0 4609
4677 27266 21:0 4685
4684 27268 0:0 4685
4685 27269 21:0 4751
4753 27299 21:0 4761
4760 27300 0:0 4761
4760 27301 21:0 4827
4825 27302 0:0 4827
4829 27332 21:0 4837
4836 27334 0:0 4837
4836 27333 0:0 4837
4837 27335 21:0 4903
4905 27365 21:0 4913
4912 27366 0:0 4913
4912 27367 21:0 4979
4977 27368 0:0 4979
4981 27398 21:0 4989
4988 27399 0:0 4989
4988 27400 21:0 5055
5053 27401 0:0 5055
5057 27431 21:0 5065
5064 27433 0:0 5065
5064 27432 21:0 5131
5129 27434 0:0 5131
5133 27464 21:0 5141
5140 27466 0:0 5141
5140 27465 21:0 5207
5205 27467 0:0 5207
5214 27498 21:0 5272
5290 27531 21:0 5348
5292 27532 0:0 5293
5347 27533 0:0 5359
5361 27563 0:0 5364
5366 27564 21:0 5424
5368 27565 0:0 5369
5423 27566 0:0 5435
5518 27630 21:0 5576
5589 27662 21:0 5597
5763 26253 1:0 5902
5764 26223 1:0 6015
5773 26221 1:0 6022
5773 26222 1:0 6023
5779 26220 1:0 6033
5783 26190 1:0 6146
5792 313 21:0 5806
5812 26189 1:0 6154
5894 26188 1:0 6153
5895 26187 1:0 6164
5904 26157 1:0 6277
5904 26156 1:0 6285
5910 26155 1:0 6284
5915 26154 1:0 6295
5943 26124 1:0 6408
6025 26123 1:0 6416
6026 26122 1:0 6415
6035 26121 1:0 6426
6035 26091 1:0 6539
6041 26090 1:0 6547
6046 26089 1:0 6546
6074 26088 1:0 6557
6156 26058 1:0 6670
6157 26056 1:0 6677
6166 26057 1:0 6678
6166 26055 1:0 6688
6172 26025 1:0 6801
6192 26024 1:0 6809
6246 26023 1:0 6808
6287 26022 1:0 6819
6288 25992 1:0 6932
6297 25990 1:0 6939
6297 25991 1:0 6940
6305 25989 1:0 6950
6323 25959 1:0 7063
6418 25957 1:0 7070
6419 25958 1:0 7071
6419 25956 1:0 7081
6428 25926 1:0 7194
6428 25924 1:0 7201
6436 25925 1:0 7202
6455 25923 1:0 7212
6549 25893 1:0 7325
6550 25891 1:0 7332
6559 25892 1:0 7333
6559 25890 1:0 7343
6565 25860 1:0 7456
6569 25858 1:0 7463
6586 25859 1:0 7464
6680 25857 1:0 7474
6681 25827 1:0 7587
6690 25825 1:0 7594
6690 25826 1:0 7595
6696 25824 1:0 7605
6700 25794 1:0 7718
6701 314 1:0 9066
6729 25792 1:0 7725
6811 25793 1:0 7726
6812 25791 1:0 7736
7916 28675 21:0 7924
7921 28677 0:0 7924
7921 28676 0:0 7924
7924 28678 21:0 7990
7992 28708 21:0 8000
7999 28710 0:0 8000
7999 28709 0:0 8000
8000 28711 21:0 8066
8068 28741 21:0 8076
8075 28743 0:0 8076
8075 28742 21:0 8142
8140 28744 0:0 8142
8144 28774 21:0 8152
8151 28775 0:0 8152
8151 28776 0:0 8152
8152 28777 21:0 8218
8220 28807 21:0 8228
8227 28808 0:0 8228
8227 28809 21:0 8294
8292 28810 0:0 8294
8296 28840 21:0 8304
8303 28841 0:0 8304
8303 28842 21:0 8370
8368 28843 0:0 8370
8372 28873 21:0 8380
8379 28875 0:0 8380
8379 28874 21:0 8446
8444 28876 0:0 8446
8448 28906 21:0 8456
8455 28908 0:0 8456
8455 28907 21:0 8522
8520 28909 0:0 8522
8524 28939 0:0 8527
8529 28941 21:0 8587
8531 28940 0:0 8532
8586 28942 0:0 8598
8600 28972 0:0 8603
8605 28974 21:0 8663
8607 28973 0:0 8608
8662 28975 0:0 8674
8676 29005 0:0 8679
8681 29006 21:0 8739
8683 29007 0:0 8684
8738 29008 0:0 8750
8752 29038 0:0 8755
8757 29039 21:0 8815
8759 29040 0:0 8760
8814 29041 0:0 8826
8828 29071 21:0 8836
8835 29073 0:0 8836
8835 29072 21:0 8902
8900 29074 0:0 8902
8904 29104 21:0 8912
8911 29105 0:0 8912
8911 29106 21:0 8978
8976 29107 0:0 8978
8980 29137 21:0 8988
9078 27662 1:0 9348
9079 27630 1:0 9468
9088 27566 1:0 9723
9088 27564 1:0 9730
9094 27565 1:0 9731
9098 27563 1:0 9741
9107 314 21:0 9121
9127 27533 1:0 9854
9209 27531 1:0 9861
9210 27532 1:0 9862
9219 27498 1:0 9992
9219 27467 1:0 10116
9225 27465 1:0 10123
9230 27466 1:0 10124
9258 27464 1:0 10134
9340 27434 1:0 10247
9341 27432 1:0 10254
9350 27433 1:0 10255
9350 27431 1:0 10265
9356 27401 1:0 10378
9361 27400 1:0 10386
9389 27399 1:0 10385
9471 27398 1:0 10396
9472 27368 1:0 10509
9481 27366 1:0 10516
9481 27367 1:0 10517
9487 27365 1:0 10527
9507 27335 1:0 10640
9561 27333 1:0 10647
9602 27334 1:0 10648
9603 27332 1:0 10658
9612 27302 1:0 10771
9612 27301 1:0 10779
9620 27300 1:0 10778
9638 27299 1:0 10789
9733 27269 1:0 10902
9734 27268 1:0 10910
9734 27266 1:0 10920
9743 27234 1:0 11040
9743 27235 1:0 11041
9751 27233 1:0 11051
9753 315 1:0 12381
9782 29137 1:0 12532
11231 30117 0:0 11234
11236 30119 21:0 11294
11238 30118 0:0 11239
11293 30120 0:0 11305
11307 30150 21:0 11315
11314 30152 0:0 11315
11314 30151 0:0 11315
11315 30153 21:0 11381
11383 30183 21:0 11391
11390 30184 0:0 11391
11390 30185 21:0 11457
11455 30186 0:0 11457
11459 30216 21:0 11467
11466 30217 0:0 11467
11466 30218 21:0 11533
11531 30219 0:0 11533
11535 30249 21:0 11543
11542 30251 0:0 11543
11542 30250 21:0 11609
11607 30252 0:0 11609
11611 30282 21:0 11619
11618 30284 0:0 11619
11618 30283 21:0 11685
11683 30285 0:0 11685
11687 30315 21:0 11695
11694 30316 0:0 11695
11694 30317 21:0 11761
11759 30318 0:0 11761
11763 30348 21:0 11771
11770 30350 0:0 11771
11770 30349 0:0 11771
11771 30351 21:0 11837
11839 30381 21:0 11847
11846 30383 21:0 11913
11915 30414 21:0 11923
11922 30415 21:0 11989
11987 30417 0:0 11989
11996 30448 21:0 12054
12148 30514 21:0 12206
12224 30548 21:0 12282
12300 30580 21:0 12358
12393 29107 1:0 12645
12394 29106 1:0 12653
12403 29105 1:0 12652
12403 29104 1:0 12663
12409 29074 1:0 12776
12413 29072 1:0 12783
12422 315 21:0 12436
12442 29073 1:0 12784
12524 29071 1:0 12794
12525 29041 1:0 12907
12534 29039 1:0 12914
12534 29040 1:0 12915
12540 29038 1:0 12925
12545 29008 1:0 13038
12573 29006 1:0 13045
12655 29007 1:0 13046
12656 29005 1:0 13056
12665 28975 1:0 13169
12665 28974 1:0 13177
12671 28973 1:0 13176
12676 28972 1:0 13187
12704 28942 1:0 13300
12786 28941 1:0 13308
12787 28940 1:0 13307
12796 28939 1:0 13318
12796 28909 1:0 13431
12802 28907 1:0 13438
12822 28908 1:0 13439
12876 28906 1:0 13449
12917 28876 1:0 13562
12918 28874 1:0 13569
12927 28875 1:0 13570
12927 28873 1:0 13580
12935 28843 1:0 13693
12953 28842 1:0 13701
13048 28841 1:0 13700
13049 28840 1:0 13711
13049 28810 1:0 13824
13058 28808 1:0 13831
13058 28809 1:0 13832
13066 28807 1:0 13842
13085 28777 1:0 13955
13179 28775 1:0 13962
13180 28776 1:0 13963
13189 28774 1:0 13973
13189 28744 1:0 14086
13195 28742 1:0 14093
13199 28743 1:0 14094
13216 28741 1:0 14104
13310 28711 1:0 14217
13311 28710 1:0 14225
13320 28709 1:0 14224
13320 28708 1:0 14235
13326 28678 1:0 14348
13330 28677 1:0 14356
13331 316 1:0 15696
13359 28676 1:0 14355
13441 28675 1:0 14366
14546 31559 21:0 14554
14553 31560 0:0 14554
14553 31561 21:0 14620
14618 31562 0:0 14620
14622 31592 21:0 14630
14629 31594 0:0 14630
14629 31593 0:0 14630
14630 31595 21:0 14696
14698 31625 21:0 14706
14705 31627 0:0 14706
14705 31626 0:0 14706
14706 31628 21:0 14772
14774 31658 21:0 14782
14781 31660 0:0 14782
14781 31659 21:0 14848
14846 31661 0:0 14848
14850 31691 21:0 14858
14857 31693 0:0 14858
14857 31692 21:0 14924
14922 31694 0:0 14924
14926 31724 21:0 14934
14933 31726 0:0 14934
14933 31725 21:0 15000
14998 31727 0:0 15000
15002 31757 21:0 15010
15009 31759 0:0 15010
15009 31758 21:0 15076
15074 31760 0:0 15076
15078 31790 21:0 15086
15085 31792 0:0 15086
15085 31791 21:0 15152
15150 31793 0:0 15152
15154 31823 0:0 15157
15159 31824 21:0 15217
15161 31825 0:0 15162
15216 31826 0:0 15228
15230 31856 21:0 15238
15235 31858 0:0 15238
15235 31857 0:0 15238
15238 31859 21:0 15304
15306 31889 21:0 15314
15313 31890 0:0 15314
15313 31891 0:0 15314
15314 31892 21:0 15380
15382 31922 0:0 15385
15387 31924 21:0 15445
15389 31923 0:0 15390
15444 31925 0:0 15456
15458 31955 21:0 15466
15465 31956 0:0 15466
15465 31957 21:0 15532
15534 31988 0:0 15537
15539 31989 21:0 15597
15615 32022 21:0 15673
15617 32023 0:0 15618
15672 32024 0:0 15684
15708 30580 1:0 15836
15709 30548 1:0 15968
15718 30514 1:0 16098
15718 30448 1:0 16360
15724 30417 1:0 16484
15728 30415 1:0 16491
15737 316 21:0 15751
15757 30414 1:0 16502
15839 30383 1:0 16623
15840 30381 1:0 16633
15849 30351 1:0 16746
15849 30350 1:0 16754
15855 30349 1:0 16753
15860 30348 1:0 16764
15888 30318 1:0 16877
15970 30317 1:0 16885
15971 30316 1:0 16884
15980 30315 1:0 16895
15980 30285 1:0 17008
15986 30283 1:0 17015
15991 30284 1:0 17016
16019 30282 1:0 17026
16101 30252 1:0 17139
16102 30250 1:0 17146
16111 30251 1:0 17147
16111 30249 1:0 17157
16117 30219 1:0 17270
16137 30218 1:0 17278
16191 30217 1:0 17277
16232 30216 1:0 17288
16233 30186 1:0 17401
16242 30184 1:0 17408
16242 30185 1:0 17409
16250 30183 1:0 17419
16268 30153 1:0 17532
16363 30151 1:0 17539
16364 30152 1:0 17540
16364 30150 1:0 17550
16373 30120 1:0 17663
16373 30119 1:0 17671
16381 30118 1:0 17670
16400 30117 1:0 17681
16412 317 1:0 19011
16494 32024 1:0 19144
16495 32022 1:0 19151
16504 32023 1:0 19152
16504 31989 1:0 19282
16510 31988 1:0 19293
17861 33001 0:0 17864
17866 33003 21:0 17924
17923 33004 0:0 17935
17937 33034 21:0 17945
17944 33036 0:0 17945
17944 33035 0:0 17945
17945 33037 21:0 18011
18013 33067 21:0 18021
18020 33069 0:0 18021
18020 33068 21:0 18087
18085 33070 0:0 18087
18089 33100 21:0 18097
18096 33102 0:0 18097
18096 33101 21:0 18163
18161 33103 0:0 18163
18165 33133 21:0 18173
18172 33134 0:0 18173
18172 33135 21:0 18239
18237 33136 0:0 18239
18241 33166 21:0 18249
18248 33168 0:0 18249
18248 33167 21:0 18315
18313 33169 0:0 18315
18317 33199 21:0 18325
18324 33201 0:0 18325
18324 33200 21:0 18391
18389 33202 0:0 18391
18393 33232 21:0 18401
18400 33234 0:0 18401
18400 33233 0:0 18401
18401 33235 21:0 18467
18469 33265 0:0 18472
18474 33266 21:0 18532
18476 33267 0:0 18477
18531 33268 0:0 18543
18545 33298 0:0 18548
18550 33300 21:0 18608
18552 33299 0:0 18553
18607 33301 0:0 18619
18626 33332 21:0 18684
18683 33334 0:0 18695
18778 33398 0:0 18781
18781 33400 21:0 18847
18854 33431 21:0 18912
18911 33433 0:0 18923
18930 33464 21:0 18988
19023 31957 1:0 19414
19024 31956 1:0 19413
19033 31955 1:0 19424
19033 31925 1:0 19537
19039 31924 1:0 19545
19043 31923 1:0 19544
19052 317 21:0 19066
19072 31922 1:0 19555
19154 31892 1:0 19668
19155 31891 1:0 19676
19164 31890 1:0 19675
19164 31889 1:0 19686
19170 31859 1:0 19799
19175 31858 1:0 19807
19203 31857 1:0 19806
19285 31856 1:0 19817
19286 31826 1:0 19930
19295 31824 1:0 19937
19295 31825 1:0 19938
19301 31823 1:0 19948
19306 31793 1:0 20061
19334 31791 1:0 20068
19416 31792 1:0 20069
19417 31790 1:0 20079
19426 31760 1:0 20192
19426 31758 1:0 20199
19432 31759 1:0 20200
19452 31757 1:0 20210
19506 31727 1:0 20323
19547 31725 1:0 20330
19548 31726 1:0 20331
19557 31724 1:0 20341
19557 31694 1:0 20454
19565 31692 1:0 20461
19583 31693 1:0 20462
19678 31691 1:0 20472
19679 31661 1:0 20585
19679 31659 1:0 20592
19688 31660 1:0 20593
19688 31658 1:0 20603
19696 31628 1:0 20716
19715 31626 1:0 20723
19809 31627 1:0 20724
19810 31625 1:0 20734
19819 31595 1:0 20847
19819 31593 1:0 20854
19825 31594 1:0 20855
19829 31592 1:0 20865
19846 31562 1:0 20978
19858 318 1:0 22326
19940 31561 1:0 20986
19941 31560 1:0 20985
19950 31559 1:0 20996
21176 34443 21:0 21184
21181 34445 0:0 21184
21181 34444 0:0 21184
21184 34446 21:0 21250
21252 34476 21:0 21260
21259 34477 0:0 21260
21259 34478 0:0 21260
21260 34479 21:0 21326
21328 34509 21:0 21336
21335 34510 0:0 21336
21335 34511 0:0 21336
21336 34512 21:0 21402
21404 34542 21:0 21412
21411 34544 0:0 21412
21411 34543 0:0 21412
21412 34545 21:0 21478
21480 34575 21:0 21488
21487 34576 0:0 21488
21487 34577 21:0 21554
21552 34578 0:0 21554
21556 34608 21:0 21564
21563 34609 0:0 21564
21563 34610 21:0 21630
21628 34611 0:0 21630
21632 34641 21:0 21640
21639 34643 0:0 21640
21639 34642 21:0 21706
21704 34644 0:0 21706
21708 34674 21:0 21716
21715 34675 0:0 21716
21715 34676 21:0 21782
21780 34677 0:0 21782
21784 34707 0:0 21787
21789 34708 21:0 21847
21791 34709 0:0 21792
21846 34710 0:0 21858
21860 34740 0:0 21863
21865 34742 21:0 21923
21867 34741 0:0 21868
21936 34773 21:0 21944
21941 34775 0:0 21944
21943 34774 0:0 21944
21944 34776 21:0 22010
22012 34806 0:0 22015
22017 34808 21:0 22075
22074 34809 0:0 22086
22093 34840 21:0 22151
22095 34841 0:0 22096
22164 34872 21:0 22172
22171 34874 21:0 22238
22324 34941 21:0 22333
22338 33464 1:0 22466
22339 33433 1:0 22590
22348 33431 1:0 22597
22348 33400 1:0 22721
22354 33398 1:0 22728
22358 33334 1:0 22983
22367 318 21:0 22381
22387 33332 1:0 22990
22469 33301 1:0 23114
22470 33300 1:0 23122
22479 33299 1:0 23121
22479 33298 1:0 23132
22485 33268 1:0 23245
22490 33266 1:0 23252
22518 33267 1:0 23253
22600 33265 1:0 23263
22601 33235 1:0 23376
22610 33233 1:0 23383
22610 33234 1:0 23384
22616 33232 1:0 23394
22621 33202 1:0 23507
22649 33200 1:0 23514
22731 33201 1:0 23515
22732 33199 1:0 23525
22741 33169 1:0 23638
22741 33167 1:0 23645
22747 33168 1:0 23646
22767 33166 1:0 23656
22821 33136 1:0 23769
22862 33135 1:0 23777
22863 33134 1:0 23776
22872 33133 1:0 23787
22872 33103 1:0 23900
22880 33101 1:0 23907
22898 33102 1:0 23908
22993 33100 1:0 23918
22994 33070 1:0 24031
22994 33068 1:0 24038
23003 33069 1:0 24039
23003 33067 1:0 24049
23011 33037 1:0 24162
23030 33035 1:0 24169
23124 33036 1:0 24170
23125 33034 1:0 24180
23134 33004 1:0 24293
23134 33003 1:0 24301
23140 33001 1:0 24311
23144 34941 1:0 25637
23145 319 1:0 25641
23173 34874 1:0 25913
23255 34872 1:0 25923
23256 34840 1:0 26043
23265 34841 1:0 26044
24491 35885 21:0 24499
24498 35887 0:0 24499
24498 35886 0:0 24499
24499 35888 21:0 24565
24567 35918 0:0 24570
24572 35919 21:0 24630
24574 35920 0:0 24575
24629 35921 0:0 24641
24643 35951 21:0 24651
24650 35953 0:0 24651
24650 35952 0:0 24651
24651 35954 21:0 24717
24719 35984 0:0 24722
24724 35985 21:0 24782
24726 35986 0:0 24727
24781 35987 0:0 24793
24795 36017 0:0 24798
24800 36018 21:0 24858
24802 36019 0:0 24803
24857 36020 0:0 24869
24871 36050 21:0 24879
24878 36051 0:0 24879
24878 36052 21:0 24945
24943 36053 0:0 24945
24947 36083 21:0 24955
24954 36085 0:0 24955
24954 36084 21:0 25021
25019 36086 0:0 25021
25023 36116 21:0 25031
25030 36117 0:0 25031
25030 36118 21:0 25097
25095 36119 0:0 25097
25099 36149 21:0 25107
25104 36150 0:0 25107
25104 36151 0:0 25107
25107 36152 21:0 25173
25175 36182 0:0 25178
25180 36184 21:0 25238
25182 36183 0:0 25183
25237 36185 0:0 25249
25251 36215 0:0 25254
25256 36217 21:0 25314
25258 36216 0:0 25259
25313 36218 0:0 25325
25327 36248 21:0 25335
25334 36249 0:0 25335
25335 36251 21:0 25401
25403 36281 21:0 25411
25410 36283 21:0 25477
25479 36314 21:0 25487
25560 36348 21:0 25618
25653 34809 1:0 26167
25654 34808 1:0 26175
25663 34806 1:0 26185
25663 34776 1:0 26298
25669 34775 1:0 26306
25673 34774 1:0 26305
25682 319 21:0 25696
25702 34773 1:0 26316
25784 34742 1:0 26437
25785 34741 1:0 26436
25794 34740 1:0 26447
25794 34710 1:0 26560
25800 34708 1:0 26567
25805 34709 1:0 26568
25833 34707 1:0 26578
25915 34677 1:0 26691
25916 34676 1:0 26699
25925 34675 1:0 26698
25925 34674 1:0 26709
25931 34644 1:0 26822
25936 34642 1:0 26829
25964 34643 1:0 26830
26046 34641 1:0 26840
26047 34611 1:0 26953
26056 34609 1:0 26960
26056 34610 1:0 26961
26062 34608 1:0 26971
26082 34578 1:0 27084
26136 34577 1:0 27092
26177 34576 1:0 27091
26178 34575 1:0 27102
26187 34545 1:0 27215
26187 34543 1:0 27222
26195 34544 1:0 27223
26213 34542 1:0 27233
26308 34512 1:0 27346
26309 34510 1:0 27353
26309 34511 1:0 27354
26318 34509 1:0 27364
26318 34479 1:0 27477
26326 34478 1:0 27485
26345 34477 1:0 27484
26357 320 1:0 28956
26439 34476 1:0 27495
26440 34446 1:0 27608
26449 34444 1:0 27615
26449 34445 1:0 27616
26455 34443 1:0 27626
27806 37327 21:0 27814
27811 37328 0:0 27814
27811 37329 0:0 27814
27814 37330 21:0 27880
27882 37360 21:0 27890
27889 37361 0:0 27890
27889 37362 0:0 27890
27890 37363 21:0 27956
27958 37393 21:0 27966
27965 37394 0:0 27966
27965 37395 21:0 28032
28034 37426 21:0 28042
28041 37428 0:0 28042
28041 37427 21:0 28108
28106 37429 0:0 28108
28110 37459 21:0 28118
28117 37461 0:0 28118
28117 37460 21:0 28184
28182 37462 0:0 28184
28186 37492 21:0 28194
28193 37494 21:0 28260
28258 37495 0:0 28260
28262 37525 21:0 28270
28269 37527 0:0 28270
28269 37526 21:0 28336
28334 37528 0:0 28336
28338 37558 21:0 28346
28345 37560 0:0 28346
28345 37559 21:0 28412
28414 37591 0:0 28417
28419 37592 21:0 28477
28421 37593 0:0 28422
28476 37594 0:0 28488
28490 37624 0:0 28493
28495 37626 21:0 28553
28552 37627 0:0 28564
28566 37657 0:0 28569
28571 37658 21:0 28629
28628 37660 0:0 28640
28642 37690 21:0 28650
28649 37692 0:0 28650
28649 37691 21:0 28716
28723 37724 21:0 28781
28794 37756 21:0 28802
28870 37789 21:0 28878
28877 37790 21:0 28944
28968 36348 1:0 29096
28969 36314 1:0 29238
28978 36283 1:0 29359
28978 36281 1:0 29369
28984 36251 1:0 29482
28988 36249 1:0 29489
28997 320 21:0 29011
29017 36248 1:0 29500
29099 36218 1:0 29613
29100 36217 1:0 29621
29109 36216 1:0 29620
29109 36215 1:0 29631
29115 36185 1:0 29744
29120 36184 1:0 29752
29148 36183 1:0 29751
29230 36182 1:0 29762
29231 36152 1:0 29875
29240 36150 1:0 29882
29240 36151 1:0 29883
29246 36149 1:0 29893
29251 36119 1:0 30006
29279 36118 1:0 30014
29361 36117 1:0 30013
29362 36116 1:0 30024
29371 36086 1:0 30137
29371 36084 1:0 30144
29377 36085 1:0 30145
29397 36083 1:0 30155
29451 36053 1:0 30268
29492 36052 1:0 30276
29493 36051 1:0 30275
29502 36050 1:0 30286
29502 36020 1:0 30399
29510 36018 1:0 30406
29528 36019 1:0 30407
29623 36017 1:0 30417
29624 35987 1:0 30530
29624 35985 1:0 30537
29633 35986 1:0 30538
29633 35984 1:0 30548
29641 35954 1:0 30661
29660 35953 1:0 30669
29754 35952 1:0 30668
29755 35951 1:0 30679
29764 35921 1:0 30792
29764 35919 1:0 30799
29770 35920 1:0 30800
29774 35918 1:0 30810
29791 35888 1:0 30923
29803 321 1:0 32271
29885 35887 1:0 30931
29886 35886 1:0 30930
29895 35885 1:0 30941
29895 37790 1:0 32411
29901 37789 1:0 32422
31121 38769 21:0 31129
31128 38770 0:0 31129
31128 38771 21:0 31195
31193 38772 0:0 31195
31197 38802 21:0 31205
31204 38803 0:0 31205
31204 38804 0:0 31205
31205 38805 21:0 31271
31273 38835 21:0 31281
31280 38837 0:0 31281
31280 38836 0:0 31281
31281 38838 21:0 31347
31349 38868 21:0 31357
31356 38870 0:0 31357
31356 38869 0:0 31357
31357 38871 21:0 31423
31425 38901 21:0 31433
31432 38902 0:0 31433
31432 38903 21:0 31499
31497 38904 0:0 31499
31501 38934 21:0 31509
31508 38936 0:0 31509
31508 38935 21:0 31575
31573 38937 0:0 31575
31577 38967 21:0 31585
31584 38968 0:0 31585
31584 38969 21:0 31651
31649 38970 0:0 31651
31653 39000 21:0 31661
31660 39002 0:0 31661
31660 39001 0:0 31661
31661 39003 21:0 31727
31729 39033 21:0 31737
31736 39034 0:0 31737
31736 39035 21:0 31803
31801 39036 0:0 31803
31805 39066 21:0 31813
31812 39068 0:0 31813
31812 39067 21:0 31879
31877 39069 0:0 31879
31881 39099 21:0 31889
31888 39100 0:0 31889
31888 39101 0:0 31889
31889 39102 21:0 31955
31957 39132 21:0 31965
31964 39133 0:0 31965
31964 39134 21:0 32031
32029 39135 0:0 32031
32033 39165 0:0 32036
32038 39167 21:0 32096
32040 39166 0:0 32041
32095 39168 0:0 32107
32109 39198 21:0 32117
32283 37756 1:0 32553
32284 37724 1:0 32673
32293 37691 1:0 32804
32293 37692 1:0 32805
32299 37690 1:0 32815
32303 37660 1:0 32928
32312 321 21:0 32326
32332 37658 1:0 32935
32414 37657 1:0 32946
32415 37627 1:0 33059
32424 37626 1:0 33067
32424 37624 1:0 33077
32430 37594 1:0 33190
32435 37592 1:0 33197
32463 37593 1:0 33198
32545 37591 1:0 33208
32546 37559 1:0 33328
32555 37560 1:0 33329
32555 37558 1:0 33339
32561 37528 1:0 33452
32566 37526 1:0 33459
32594 37527 1:0 33460
32676 37525 1:0 33470
32677 37495 1:0 33583
32686 37494 1:0 33591
32686 37492 1:0 33601
32692 37462 1:0 33714
32712 37460 1:0 33721
32766 37461 1:0 33722
32807 37459 1:0 33732
32808 37429 1:0 33845
32817 37427 1:0 33852
32817 37428 1:0 33853
32825 37426 1:0 33863
32843 37395 1:0 33984
32938 37394 1:0 33983
32939 37393 1:0 33994
32939 37363 1:0 34107
32948 37361 1:0 34114
32948 37362 1:0 34115
32956 37360 1:0 34125
32975 37330 1:0 34238
32987 322 1:0 35586
33069 37328 1:0 34245
33070 37329 1:0 34246
33079 37327 1:0 34256
34436 40211 0:0 34439
34441 40212 21:0 34499
34498 40214 0:0 34510
34512 40244 0:0 34515
34517 40246 21:0 34575
34519 40245 0:0 34520
34574 40247 0:0 34586
34588 40277 21:0 34596
34595 40279 0:0 34596
34596 40280 21:0 34662
34664 40310 0:0 34667
34669 40311 21:0 34727
34671 40312 0:0 34672
34726 40313 0:0 34738
34740 40343 21:0 34748
34747 40344 0:0 34748
34747 40345 0:0 34748
34748 40346 21:0 34814
34816 40376 21:0 34824
34823 40377 0:0 34824
34824 40379 21:0 34890
34892 40409 21:0 34900
34899 40411 0:0 34900
34899 40410 21:0 34966
34964 40412 0:0 34966
34968 40442 21:0 34976
34975 40444 0:0 34976
34975 40443 21:0 35042
35040 40445 0:0 35042
35049 40477 21:0 35107
35125 40509 0:0 35128
35125 40510 0:0 35128
35128 40511 21:0 35194
35196 40541 0:0 35199
35201 40543 21:0 35259
35203 40542 0:0 35204
35258 40544 0:0 35270
35272 40574 21:0 35280
35279 40576 0:0 35280
35280 40577 21:0 35346
35348 40607 21:0 35356
35355 40608 0:0 35356
35356 40610 21:0 35422
35508 40676 21:0 35574
35598 39198 1:0 35868
35599 39168 1:0 35981
35608 39166 1:0 35988
35608 39167 1:0 35989
35614 39165 1:0 35999
35618 39135 1:0 36112
35627 322 21:0 35641
35647 39134 1:0 36120
35729 39133 1:0 36119
35730 39132 1:0 36130
35739 39102 1:0 36243
35739 39100 1:0 36250
35745 39101 1:0 36251
35750 39099 1:0 36261
35778 39069 1:0 36374
35860 39067 1:0 36381
35861 39068 1:0 36382
35870 39066 1:0 36392
35870 39036 1:0 36505
35876 39035 1:0 36513
35881 39034 1:0 36512
35909 39033 1:0 36523
35991 39003 1:0 36636
35992 39001 1:0 36643
36001 39002 1:0 36644
36001 39000 1:0 36654
36007 38970 1:0 36767
36027 38969 1:0 36775
36081 38968 1:0 36774
36122 38967 1:0 36785
36123 38937 1:0 36898
36132 38935 1:0 36905
36132 38936 1:0 36906
36140 38934 1:0 36916
36158 38904 1:0 37029
36253 38903 1:0 37037
36254 38902 1:0 37036
36254 38901 1:0 37047
36263 38871 1:0 37160
36263 38870 1:0 37168
36271 38869 1:0 37167
36290 38868 1:0 37178
36384 38838 1:0 37291
36385 38836 1:0 37298
36394 38837 1:0 37299
36394 38835 1:0 37309
36400 38805 1:0 37422
36404 38804 1:0 37430
36421 38803 1:0 37429
36433 323 1:0 38901
36515 38802 1:0 37440
36516 38772 1:0 37553
36525 38770 1:0 37560
36525 38771 1:0 37561
36531 38769 1:0 37571
36536 40676 1:0 39034
36564 40610 1:0 39296
36646 40608 1:0 39303
36647 40607 1:0 39314
36656 40577 1:0 39427
37751 41653 0:0 37754
37756 41655 21:0 37814
37758 41654 0:0 37759
37813 41656 0:0 37825
37827 41686 21:0 37835
37834 41688 0:0 37835
37834 41687 0:0 37835
37835 41689 21:0 37901
37903 41719 21:0 37911
37910 41720 0:0 37911
37910 41721 21:0 37977
37975 41722 0:0 37977
37979 41752 21:0 37987
37986 41754 0:0 37987
37986 41753 21:0 38053
38051 41755 0:0 38053
38055 41785 21:0 38063
38062 41787 0:0 38063
38062 41786 21:0 38129
38127 41788 0:0 38129
38131 41818 21:0 38139
38138 41819 0:0 38139
38138 41820 21:0 38205
38203 41821 0:0 38205
38207 41851 21:0 38215
38214 41853 0:0 38215
38214 41852 21:0 38281
38279 41854 0:0 38281
38283 41884 21:0 38291
38290 41886 0:0 38291
38290 41885 0:0 38291
38291 41887 21:0 38357
38359 41917 21:0 38367
38366 41919 0:0 38367
38366 41918 21:0 38433
38431 41920 0:0 38433
38435 41950 0:0 38438
38440 41952 21:0 38498
38442 41951 0:0 38443
38497 41953 0:0 38509
38511 41983 21:0 38519
38518 41984 0:0 38519
38518 41985 21:0 38585
38583 41986 0:0 38585
38587 42016 21:0 38595
38594 42018 0:0 38595
38594 42017 21:0 38661
38659 42019 0:0 38661
38663 42049 21:0 38671
38670 42051 0:0 38671
38670 42050 0:0 38671
38671 42052 21:0 38737
38739 42082 0:0 38742
38744 42083 21:0 38802
38801 42085 0:0 38813
38820 42117 21:0 38878
38822 42116 0:0 38823
38877 42118 0:0 38889
38913 40576 1:0 39435
38914 40574 1:0 39445
38923 40544 1:0 39558
38923 40543 1:0 39566
38929 40542 1:0 39565
38933 40541 1:0 39576
38942 323 21:0 38956
38962 40511 1:0 39689
39044 40509 1:0 39696
39045 40510 1:0 39697
39054 40477 1:0 39828
39054 40445 1:0 39951
39060 40443 1:0 39958
39065 40444 1:0 39959
39093 40442 1:0 39969
39175 40412 1:0 40082
39176 40410 1:0 40089
39185 40411 1:0 40090
39185 40409 1:0 40100
39191 40379 1:0 40213
39196 40377 1:0 40220
39224 40376 1:0 40231
39306 40346 1:0 40344
39307 40344 1:0 40351
39316 40345 1:0 40352
39316 40343 1:0 40362
39322 40313 1:0 40475
39342 40311 1:0 40482
39396 40312 1:0 40483
39437 40310 1:0 40493
39438 40280 1:0 40606
39447 40279 1:0 40614
39447 40277 1:0 40624
39455 40247 1:0 40737
39473 40246 1:0 40745
39568 40245 1:0 40744
39569 40244 1:0 40755
39569 40214 1:0 40868
39578 40212 1:0 40875
39578 40211 1:0 40886
39584 324 1:0 42216
41066 43095 21:0 41074
41071 43096 0:0 41074
41074 43098 21:0 41140
41142 43128 21:0 41150
41149 43129 0:0 41150
41149 43130 0:0 41150
41150 43131 21:0 41216
41218 43161 21:0 41226
41225 43163 21:0 41292
41290 43164 0:0 41292
41294 43194 21:0 41302
41301 43196 0:0 41302
41301 43195 0:0 41302
41302 43197 21:0 41368
41370 43227 21:0 41378
41377 43228 0:0 41378
41377 43229 21:0 41444
41442 43230 0:0 41444
41446 43260 21:0 41454
41453 43262 0:0 41454
41453 43261 21:0 41520
41522 43293 21:0 41530
41529 43295 0:0 41530
41529 43294 21:0 41596
41598 43326 21:0 41606
41605 43327 0:0 41606
41605 43328 21:0 41672
41674 43359 21:0 41682
41681 43361 0:0 41682
41682 43362 21:0 41748
41750 43392 21:0 41758
41757 43393 0:0 41758
41757 43394 0:0 41758
41758 43395 21:0 41824
41902 43458 21:0 41910
41909 43459 21:0 41976
41986 43494 21:0 42052
42054 43524 21:0 42062
42061 43526 21:0 42128
42228 42118 1:0 42349
42229 42117 1:0 42357
42238 42116 1:0 42356
42238 42085 1:0 42480
42244 42083 1:0 42487
42248 42082 1:0 42498
42257 324 21:0 42271
42277 42052 1:0 42611
42359 42051 1:0 42619
42360 42050 1:0 42618
42369 42049 1:0 42629
42369 42019 1:0 42742
42375 42017 1:0 42749
42380 42018 1:0 42750
42408 42016 1:0 42760
42490 41986 1:0 42873
42491 41985 1:0 42881
42500 41984 1:0 42880
42500 41983 1:0 42891
42506 41953 1:0 43004
42511 41952 1:0 43012
42539 41951 1:0 43011
42621 41950 1:0 43022
42622 41920 1:0 43135
42631 41918 1:0 43142
42631 41919 1:0 43143
42637 41917 1:0 43153
42657 41887 1:0 43266
42711 41885 1:0 43273
42752 41886 1:0 43274
42753 41884 1:0 43284
42762 41854 1:0 43397
42762 41852 1:0 43404
42770 41853 1:0 43405
42788 41851 1:0 43415
42883 41821 1:0 43528
42884 41819 1:0 43535
42884 41820 1:0 43536
42893 41818 1:0 43546
42893 41788 1:0 43659
42901 41786 1:0 43666
42920 41787 1:0 43667
43014 41785 1:0 43677
43015 41755 1:0 43790
43024 41753 1:0 43797
43024 41754 1:0 43798
43030 41752 1:0 43808
43034 41722 1:0 43921
43051 41721 1:0 43929
43145 41720 1:0 43928
43146 41719 1:0 43939
43155 41689 1:0 44052
43155 41687 1:0 44059
43161 41688 1:0 44060
43165 41686 1:0 44070
43166 325 1:0 45531
43194 41656 1:0 44183
43276 41655 1:0 44191
43277 41654 1:0 44190
43286 41653 1:0 44201
43286 43526 1:0 45803
43292 43524 1:0 45813
44381 44537 0:0 44384
44386 44538 21:0 44444
44388 44539 0:0 44389
44443 44540 0:0 44455
44457 44570 21:0 44465
44464 44571 0:0 44465
44464 44572 21:0 44531
44529 44573 0:0 44531
44533 44603 21:0 44541
44540 44605 0:0 44541
44540 44604 21:0 44607
44605 44606 0:0 44607
44609 44636 21:0 44617
44616 44638 0:0 44617
44616 44637 21:0 44683
44681 44639 0:0 44683
44685 44669 21:0 44693
44692 44670 0:0 44693
44692 44671 21:0 44759
44757 44672 0:0 44759
44761 44702 21:0 44769
44768 44704 0:0 44769
44768 44703 21:0 44835
44833 44705 0:0 44835
44837 44735 21:0 44845
44844 44737 0:0 44845
44844 44736 21:0 44911
44909 44738 0:0 44911
44913 44768 21:0 44921
44920 44769 0:0 44921
44920 44770 0:0 44921
44921 44771 21:0 44987
44989 44801 21:0 44997
44996 44803 0:0 44997
44996 44802 21:0 45063
45061 44804 0:0 45063
45065 44834 21:0 45073
45072 44835 0:0 45073
45072 44836 21:0 45139
45137 44837 0:0 45139
45141 44867 21:0 45149
45148 44868 0:0 45149
45148 44869 21:0 45215
45213 44870 0:0 45215
45217 44900 21:0 45225
45224 44902 0:0 45225
45224 44901 21:0 45291
45289 44903 0:0 45291
45293 44933 21:0 45301
45300 44934 0:0 45301
45300 44935 21:0 45367
45365 44936 0:0 45367
45369 44966 21:0 45377
45376 44967 0:0 45377
45376 44968 21:0 45443
45441 44969 0:0 45443
45445 44999 21:0 45453
45452 45001 0:0 45453
45452 45000 0:0 45453
45453 45002 21:0 45519
45543 43494 1:0 45926
45544 43459 1:0 46064
45553 43458 1:0 46075
45553 43395 1:0 46319
45559 43393 1:0 46326
45563 43394 1:0 46327
45572 325 21:0 45586
45592 43392 1:0 46337
45674 43362 1:0 46450
45675 43361 1:0 46458
45684 43359 1:0 46468
45684 43328 1:0 46589
45690 43327 1:0 46588
45695 43326 1:0 46599
45723 43294 1:0 46719
45805 43295 1:0 46720
45806 43293 1:0 46730
45815 43261 1:0 46850
45815 43262 1:0 46851
45821 43260 1:0 46861
45826 43230 1:0 46974
45854 43229 1:0 46982
45936 43228 1:0 46981
45937 43227 1:0 46992
45946 43197 1:0 47105
45946 43195 1:0 47112
45952 43196 1:0 47113
45972 43194 1:0 47123
46026 43164 1:0 47236
46067 43163 1:0 47244
46068 43161 1:0 47254
46077 43131 1:0 47367
46077 43129 1:0 47374
46085 43130 1:0 47375
46103 43128 1:0 47385
46198 43098 1:0 47498
46199 43096 1:0 47505
46199 43095 1:0 47516
46208 326 1:0 48846
47696 45979 0:0 47699
47701 45981 21:0 47759
47703 45980 0:0 47704
47758 45982 0:0 47770
47772 46012 21:0 47780
47779 46014 0:0 47780
47779 46013 21:0 47846
47844 46015 0:0 47846
47853 46046 21:0 47911
47855 46047 0:0 47856
47910 46048 0:0 47922
47929 46079 21:0 47987
47931 46080 0:0 47932
48000 46111 21:0 48008
48007 46113 0:0 48008
48007 46112 21:0 48074
48081 46146 21:0 48139
48083 46145 0:0 48084
48152 46177 21:0 48160
48159 46178 0:0 48160
48160 46180 21:0 48226
48233 46211 21:0 48291
48235 46212 0:0 48236
48304 46243 21:0 48312
48312 46246 21:0 48378
48380 46276 21:0 48388
48385 46278 0:0 48388
48388 46279 21:0 48454
48461 46310 21:0 48519
48463 46311 0:0 48464
48518 46312 0:0 48530
48537 46344 21:0 48595
48613 46376 21:0 48671
48615 46377 0:0 48616
48670 46378 0:0 48682
48692 46411 21:0 48758
48841 46476 21:0 48850
48858 45002 1:0 48979
48859 45000 1:0 48986
48868 45001 1:0 48987
48868 44999 1:0 48997
48874 44969 1:0 49110
48878 44968 1:0 49118
48887 326 21:0 48901
48907 44967 1:0 49117
48989 44966 1:0 49128
48990 44936 1:0 49241
48999 44934 1:0 49248
48999 44935 1:0 49249
49005 44933 1:0 49259
49010 44903 1:0 49372
49038 44901 1:0 49379
49120 44902 1:0 49380
49121 44900 1:0 49390
49130 44870 1:0 49503
49130 44869 1:0 49511
49136 44868 1:0 49510
49141 44867 1:0 49521
49169 44837 1:0 49634
49251 44836 1:0 49642
49252 44835 1:0 49641
49261 44834 1:0 49652
49261 44804 1:0 49765
49267 44802 1:0 49772
49287 44803 1:0 49773
49341 44801 1:0 49783
49382 44771 1:0 49896
49383 44769 1:0 49903
49392 44770 1:0 49904
49392 44768 1:0 49914
49400 44738 1:0 50027
49418 44736 1:0 50034
49513 44737 1:0 50035
49514 44735 1:0 50045
49514 44705 1:0 50158
49523 44703 1:0 50165
49523 44704 1:0 50166
49531 44702 1:0 50176
49550 44672 1:0 50289
49644 44671 1:0 50297
49645 44670 1:0 50296
49654 44669 1:0 50307
49654 44639 1:0 50420
49660 44637 1:0 50427
49664 44638 1:0 50428
49681 44636 1:0 50438
49775 44606 1:0 50551
49776 44604 1:0 50558
49785 44605 1:0 50559
49785 44603 1:0 50569
49791 44573 1:0 50682
49795 44572 1:0 50690
49796 327 1:0 50944
49824 44571 1:0 50689
49906 44570 1:0 50700
49907 44540 1:0 50813
49916 44538 1:0 50820
49916 44539 1:0 50821
49922 44537 1:0 50831
49942 46476 1:0 50954
49955 22857 1:0 51052
49955 22852 1:0 51053
49955 22858 1:0 51117
50037 22862 1:0 51052
50037 22860 1:0 51052
50038 22861 1:0 51052
50038 22863 1:0 51052
50038 22851 1:0 51052
50047 22859 1:0 51052
50047 22856 1:0 51053
50047 22850 1:0 51053
50047 46411 1:0 51262
50047 23007 1:0 51348
50053 23009 1:0 51273
50053 22997 1:0 51274
50053 23003 1:0 51274
50055 23004 1:0 51273
50058 23008 1:0 51273
50074 22998 1:0 51273
50074 23005 1:0 51274
50086 23006 1:0 51273
50168 23010 1:0 51273
50168 23153 1:0 51560
50169 46378 1:0 51412
50178 46376 1:0 51480
50178 23155 1:0 51494
50178 23156 1:0 51494
50178 23145 1:0 51494
50178 23144 1:0 51495
50184 23151 1:0 51494
50184 23157 1:0 51494
50184 23150 1:0 51495
50188 23154 1:0 51494
50204 23152 1:0 51494
50217 23298 1:0 51715
50217 23292 1:0 51715
50217 23291 1:0 51716
50217 23301 1:0 51790
50299 46377 1:0 51617
50300 46344 1:0 51704
50300 23297 1:0 51716
50309 23303 1:0 51715
50309 23300 1:0 51715
50309 23302 1:0 51715
50309 23299 1:0 51716
50315 23304 1:0 51715
50320 46312 1:0 51854
50348 46310 1:0 51925
50430 23445 1:0 51936
50430 23447 1:0 51936
50430 23449 1:0 52012
50431 23448 1:0 51936
50431 23439 1:0 51936
50431 23438 1:0 51937
50431 23446 1:0 51937
50440 23451 1:0 51936
50440 23450 1:0 51936
50440 23444 1:0 51937
50446 46311 1:0 52059
50450 46279 1:0 52143
50466 23594 1:0 52223
50479 23586 1:0 52157
50479 23593 1:0 52158
50561 23595 1:0 52158
50561 23596 1:0 52158
50561 23587 1:0 52158
50561 23585 1:0 52158
50561 23591 1:0 52158
50562 23592 1:0 52157
50562 23597 1:0 52158
50562 23598 1:0 52158
50571 46278 1:0 52280
50571 46276 1:0 52290
50579 46246 1:0 52364
50582 23741 1:0 52444
50598 23744 1:0 52379
50598 23732 1:0 52379
50610 23739 1:0 52378
50610 23733 1:0 52378
50692 23745 1:0 52379
50692 23742 1:0 52379
50693 23740 1:0 52379
50693 23743 1:0 52379
50693 23738 1:0 52379
50702 46243 1:0 52511
50702 46211 1:0 52588
50708 23886 1:0 52599
50708 23887 1:0 52600
50708 23890 1:0 52675
50712 23888 1:0 52599
50728 23892 1:0 52599
50741 23891 1:0 52599
50741 23880 1:0 52599
50741 23879 1:0 52600
50741 23885 1:0 52600
50823 23889 1:0 52599
50823 24034 1:0 52885
50824 46212 1:0 52722
50824 24032 1:0 52821
50833 46180 1:0 52806
50833 24037 1:0 52820
50833 24026 1:0 52821
50839 24039 1:0 52820
50839 24033 1:0 52820
50839 24027 1:0 52820
50841 24035 1:0 52820
50844 24038 1:0 52820
50860 24036 1:0 52820
50913 46178 1:0 52942
50956 46177 1:0 52953
50957 46146 1:0 53037
50966 24184 1:0 53041
50966 24180 1:0 53041
50966 24174 1:0 53041
50966 24181 1:0 53042
50966 24179 1:0 53042
50966 24173 1:0 53042
50966 24185 1:0 53126
50972 24182 1:0 53041
50974 24186 1:0 53041
50985 327 21:0 50999
50992 24183 1:0 53042
51005 46145 1:0 53163
51059 46112 1:0 53248
51074 24329 1:0 53328
51075 24331 1:0 53263
51125 24326 1:0 53263
51125 24333 1:0 53263
51127 22858 21:0 51169
51135 24332 1:0 53263
51145 24327 1:0 53262
51145 24321 1:0 53262
51167 22862 0:0 51169
51168 22860 0:0 51169
51168 22852 0:0 51169
51168 22861 0:0 51169
51168 22859 0:0 51169
51168 22863 0:0 51169
51168 22851 0:0 51169
51168 22857 0:0 51169
51168 22856 0:0 51169
51168 22850 0:0 51169
51170 24328 1:0 53263
51170 24320 1:0 53263
51170 24330 1:0 53263
51170 46113 1:0 53385
51177 46111 1:0 53395
51178 46079 1:0 53472
51178 24478 1:0 53559
51187 24474 1:0 53483
51187 24479 1:0 53483
51187 24480 1:0 53483
51187 24475 1:0 53484
51187 24473 1:0 53484
51187 24467 1:0 53484
51193 24468 1:0 53483
51193 24477 1:0 53483
51197 24476 1:0 53483
51214 46080 1:0 53606
51267 46048 1:0 53622
51296 46046 1:0 53693
51346 24621 1:0 53704
51346 24620 1:0 53705
51346 24614 1:0 53705
51346 24625 1:0 53780
51356 24624 1:0 53704
51358 23007 21:0 51390
51366 24627 1:0 53704
51388 23009 0:0 51390
51389 23006 0:0 51390
51389 23008 0:0 51390
51389 23010 0:0 51390
51389 23005 0:0 51390
51389 22997 0:0 51390
51389 22998 0:0 51390
51389 23004 0:0 51390
51389 23003 0:0 51390
51391 24626 1:0 53704
51391 24623 1:0 53704
51391 24615 1:0 53704
51391 24622 1:0 53705
51398 46047 1:0 53827
51399 46015 1:0 53843
51399 24767 1:0 53926
51399 24770 1:0 53991
51408 46013 1:0 53911
51408 24762 1:0 53925
51408 24768 1:0 53925
51408 24761 1:0 53926
51408 24771 1:0 53926
51414 24772 1:0 53926
51416 24769 1:0 53926
51419 24774 1:0 53926
51435 24773 1:0 53926
51488 46014 1:0 54048
51517 46012 1:0 54058
51566 23153 21:0 51611
51567 45981 1:0 54132
51587 45982 1:0 54064
51609 23152 0:0 51611
51609 23156 0:0 51611
51610 23157 0:0 51611
51610 23144 0:0 51611
51610 23151 0:0 51611
51610 23145 0:0 51611
51610 23154 0:0 51611
51610 23155 0:0 51611
51610 23150 0:0 51611
51612 24915 1:0 54146
51612 24909 1:0 54146
51612 24908 1:0 54147
51612 24919 1:0 54147
51612 24914 1:0 54147
51612 24918 1:0 54147
51612 24916 1:0 54211
51619 24917 1:0 54147
51619 24921 1:0 54147
51620 24920 1:0 54147
51629 45980 1:0 54268
51629 45979 1:0 54279
51629 25067 1:0 54452
51635 25066 1:0 54367
51635 25060 1:0 54367
51635 25056 1:0 54367
51635 25061 1:0 54368
51639 25062 1:0 54367
51639 25063 1:0 54368
51640 25055 1:0 54368
51656 25068 1:0 54367
51668 25064 1:0 54367
51709 25065 1:0 54368
51709 25155 1:0 54492
51709 25156 1:0 54493
51800 23301 21:0 51832
51830 23303 0:0 51832
51831 23302 0:0 51832
51831 23299 0:0 51832
51831 23298 0:0 51832
51831 23304 0:0 51832
51831 23297 0:0 51832
51831 23300 0:0 51832
51831 23292 0:0 51832
51831 23291 0:0 51832
52018 23449 21:0 52053
52051 23446 0:0 52053
52051 23448 0:0 52053
52051 23447 0:0 52053
52052 23451 0:0 52053
52052 23445 0:0 52053
52052 23438 0:0 52053
52052 23444 0:0 52053
52052 23439 0:0 52053
52052 23450 0:0 52053
52229 23594 21:0 52274
52272 23593 0:0 52274
52272 23595 0:0 52274
52273 23598 0:0 52274
52273 23597 0:0 52274
52273 23587 0:0 52274
52273 23586 0:0 52274
52273 23585 0:0 52274
52273 23591 0:0 52274
52273 23596 0:0 52274
52273 23592 0:0 52274
52450 23741 21:0 52495
52493 23740 0:0 52495
52493 23742 0:0 52495
52494 23739 0:0 52495
52494 23733 0:0 52495
52494 23743 0:0 52495
52494 23744 0:0 52495
52494 23738 0:0 52495
52494 23745 0:0 52495
52494 23732 0:0 52495
52681 23890 21:0 52716
52714 23891 0:0 52716
52714 23888 0:0 52716
52714 23889 0:0 52716
52715 23885 0:0 52716
52715 23892 0:0 52716
52715 23887 0:0 52716
52715 23879 0:0 52716
52715 23886 0:0 52716
52715 23880 0:0 52716
52895 24034 21:0 52937
52935 24038 0:0 52937
52935 24036 0:0 52937
52936 24037 0:0 52937
52936 24039 0:0 52937
52936 24027 0:0 52937
52936 24033 0:0 52937
52936 24032 0:0 52937
52936 24026 0:0 52937
52936 24035 0:0 52937
53136 24185 21:0 53158
53157 24182 0:0 53158
53157 24184 0:0 53158
53157 24181 0:0 53158
53157 24183 0:0 53158
53157 24186 0:0 53158
53157 24179 0:0 53158
53157 24180 0:0 53158
53157 24173 0:0 53158
53157 24174 0:0 53158
53334 24329 21:0 53379
53377 24330 0:0 53379
53377 24332 0:0 53379
53377 24328 0:0 53379
53378 24326 0:0 53379
53378 24320 0:0 53379
53378 24333 0:0 53379
53378 24327 0:0 53379
53378 24321 0:0 53379
53378 24331 0:0 53379
53565 24478 21:0 53600
53598 24475 0:0 53600
53598 24476 0:0 53600
53598 24477 0:0 53600
53599 24473 0:0 53600
53599 24467 0:0 53600
53599 24480 0:0 53600
53599 24474 0:0 53600
53599 24479 0:0 53600
53599 24468 0:0 53600
53786 24625 21:0 53821
53819 24624 0:0 53821
53819 24623 0:0 53821
53819 24626 0:0 53821
53820 24620 0:0 53821
53820 24621 0:0 53821
53820 24614 0:0 53821
53820 24622 0:0 53821
53820 24615 0:0 53821
53820 24627 0:0 53821
53997 24770 21:0 54042
54040 24771 0:0 54042
54040 24769 0:0 54042
54040 24773 0:0 54042
54041 24761 0:0 54042
54041 24772 0:0 54042
54041 24767 0:0 54042
54041 24768 0:0 54042
54041 24774 0:0 54042
54041 24762 0:0 54042
54221 24916 21:0 54263
54261 24920 0:0 54263
54261 24918 0:0 54263
54262 24909 0:0 54263
54262 24915 0:0 54263
54262 24921 0:0 54263
54262 24914 0:0 54263
54262 24908 0:0 54263
54262 24917 0:0 54263
54262 24919 0:0 54263
54462 25067 21:0 196
