58 7817 21:0 98
97 7818 21:0 103
102 7814 21:0 108
107 7816 21:0 108
107 7815 21:0 113
112 7908 21:0 113
112 7807 21:0 113
112 7909 21:0 113
1273 8473 21:0 1283
3470 9502 21:0 3478
3622 9568 21:0 3630
3703 9603 21:0 3720
3719 9602 21:0 3772
3931 9701 21:0 3948
3947 9702 21:0 4000
4086 9769 21:0 4152
4151 9767 21:0 4157
4311 9866 21:0 4328
4527 9866 1:0 4786
4528 9769 1:0 5172
4537 9767 1:0 5179
4537 9702 1:0 5434
4543 9701 1:0 5441
4547 9602 1:0 5827
4576 9603 1:0 5835
4658 9568 1:0 5976
4659 9502 1:0 6238
6682 10909 21:0 6699
6698 10907 21:0 6751
6834 10975 21:0 6851
6850 10976 21:0 6903
6981 11039 21:0 6989
7057 11072 21:0 7065
7214 11140 21:0 7231
7442 11239 21:0 7459
7458 11240 21:0 7511
7886 11240 1:0 8531
7887 11239 1:0 8539
7896 11140 1:0 8932
7896 11072 1:0 9204
7902 11039 1:0 9335
7907 10976 1:0 9579
7935 10975 1:0 9587
8017 10909 1:0 9849
8018 10907 1:0 9859
10120 12414 21:0 10186
10188 12444 21:0 10196
10196 12447 21:0 10262
10500 12579 21:0 10566
10573 12610 21:0 10590
10725 12676 21:0 10742
10796 12708 21:0 10804
10953 12776 21:0 10970
11032 12810 21:0 11098
11255 5610 1:0 11265
11255 5611 1:0 11268
11256 5609 1:0 11278
11256 5612 1:0 11305
11256 5614 1:0 11350
11265 5613 1:0 11436
11265 12810 1:0 11480
11265 5761 1:0 11486
11271 5758 1:0 11489
11273 5760 1:0 11517
11276 5759 1:0 11517
11292 5757 1:0 11568
11304 5756 1:0 11637
11345 5908 1:0 11707
11358 5903 1:0 11710
11374 5906 1:0 11738
11375 5905 1:0 11738
11424 5907 1:0 11789
11434 5904 1:0 11859
11444 6055 1:0 11928
11446 5613 21:0 11468
11467 5614 21:0 11471
11470 5612 21:0 11471
11470 5609 21:0 11479
11476 12776 1:0 11916
11477 6050 1:0 11931
11477 6052 1:0 11959
11477 6051 1:0 11959
11478 5611 21:0 11482
11481 5610 21:0 11482
11483 6054 1:0 12010
11483 6053 1:0 12090
11486 6202 1:0 12143
11486 6201 1:0 12149
11486 6198 1:0 12152
11486 6200 1:0 12177
11492 6197 1:0 12224
11492 6190 1:0 12224
11494 6199 1:0 12238
11496 6196 1:0 12291
11513 12708 1:0 12364
11525 6346 1:0 12370
11566 6348 1:0 12373
11594 6344 1:0 12383
11595 6347 1:0 12410
11645 6345 1:0 12455
11647 5756 21:0 11689
11655 6349 1:0 12542
11665 6494 1:0 12591
11688 5757 21:0 11692
11691 5759 21:0 11692
11691 5760 21:0 11700
11697 12676 1:0 12578
11698 6495 1:0 12594
11698 6484 1:0 12603
11698 6491 1:0 12603
11698 6493 1:0 12630
11699 5758 21:0 11703
11701 6492 1:0 12676
11702 5761 21:0 11703
11704 6496 1:0 12763
11704 6643 1:0 12812
11707 12610 1:0 12806
11707 6636 1:0 12815
11707 6641 1:0 12815
11713 6639 1:0 12843
11713 6642 1:0 12843
11717 6638 1:0 12894
11733 6640 1:0 12973
11746 12579 1:0 13024
11795 6788 1:0 13027
11815 6786 1:0 13033
11816 6785 1:0 13036
11865 5904 21:0 11910
11866 6787 1:0 13061
11866 6783 1:0 13061
11876 6777 1:0 13108
11876 6790 1:0 13108
11886 6789 1:0 13120
11909 5907 21:0 11913
11912 5906 21:0 11913
11912 5905 21:0 11921
11918 6784 1:0 13175
11918 6936 1:0 13254
11919 6935 1:0 13257
11919 6933 1:0 13266
11919 6925 1:0 13266
11919 6932 1:0 13293
11920 5903 21:0 11924
11922 6934 1:0 13339
11923 5908 21:0 11924
11925 6937 1:0 13426
11925 7081 1:0 13475
11928 7079 1:0 13478
11928 7083 1:0 13506
11928 7082 1:0 13506
11928 7084 1:0 13557
11934 7080 1:0 13627
11936 7231 1:0 13696
11939 7226 1:0 13699
11954 7224 1:0 13709
11967 7227 1:0 13709
11967 7218 1:0 13709
12008 7228 1:0 13735
12021 7229 1:0 13781
12036 7230 1:0 13867
12087 12447 1:0 13917
12096 6053 21:0 12131
12097 7373 1:0 13917
12107 7378 1:0 13920
12130 6054 21:0 12134
12133 6052 21:0 12134
12133 6051 21:0 12142
12139 7374 1:0 13948
12139 7376 1:0 13948
12140 7377 1:0 13999
12140 7375 1:0 14078
12140 7523 1:0 14138
12141 6050 21:0 12145
12144 6055 21:0 12145
12146 12444 1:0 14121
12149 12414 1:0 14132
12149 7521 1:0 14141
12149 7524 1:0 14150
12149 7512 1:0 14150
12149 7513 1:0 14150
12155 7520 1:0 14177
12157 7522 1:0 14223
12160 7525 1:0 14310
12176 7671 1:0 14359
12188 7672 1:0 14362
12229 7668 1:0 14390
12242 7670 1:0 14390
12258 7669 1:0 14441
12258 7667 1:0 14510
12297 6196 21:0 12323
12308 7815 1:0 14580
12308 7807 1:0 14580
12318 8473 1:0 14583
12320 7816 1:0 14583
12322 6199 21:0 12352
12328 7814 1:0 14593
12351 6197 21:0 12355
12354 6200 21:0 12355
12354 6198 21:0 12363
12360 7908 1:0 14593
12360 7812 1:0 14593
12360 7818 1:0 14619
12361 7817 1:0 14665
12361 7819 1:0 14752
12361 7909 1:0 14793
12362 6201 21:0 12366
12365 6202 21:0 12366
12365 6190 21:0 12369
12548 6349 21:0 12573
12572 6345 21:0 12576
12575 6347 21:0 12576
12575 6344 21:0 12584
12583 6348 21:0 12587
12586 6346 21:0 12587
12709 6484 21:0 12755
12769 6496 21:0 12794
12793 6492 21:0 12797
12796 6493 21:0 12797
12796 6491 21:0 12805
12804 6495 21:0 12808
12807 6494 21:0 12808
12983 6640 21:0 13015
13014 6638 21:0 13018
13017 6642 21:0 13018
13017 6639 21:0 13026
13025 6641 21:0 13029
13028 6643 21:0 13029
13028 6636 21:0 13029
13181 6784 21:0 13207
13214 6789 21:0 13236
13235 6790 21:0 13239
13238 6787 21:0 13239
13238 6785 21:0 13247
13246 6786 21:0 13250
13249 6788 21:0 13250
13249 6777 21:0 13256
13255 6783 21:0 13256
13372 6925 21:0 13418
13432 6937 21:0 13457
13456 6934 21:0 13460
13459 6932 21:0 13460
13459 6933 21:0 13468
13467 6935 21:0 13471
13470 6936 21:0 13471
13633 7080 21:0 13678
13677 7084 21:0 13681
13680 7083 21:0 13681
13680 7082 21:0 13689
13688 7079 21:0 13692
13691 7081 21:0 13692
13817 7218 21:0 13861
13877 7230 21:0 13899
13898 7229 21:0 13902
13901 7228 21:0 13902
13901 7227 21:0 13910
13909 7224 21:0 13910
13909 7226 21:0 13913
13912 7231 21:0 13919
14088 7375 21:0 14120
14119 7377 21:0 14123
14122 7376 21:0 14123
14122 7374 21:0 14131
14130 7378 21:0 14134
14133 7373 21:0 14134
14259 7512 21:0 14304
14316 7525 21:0 14341
14340 7522 21:0 14344
14343 7520 21:0 14344
14343 7524 21:0 14352
14351 7521 21:0 14355
14354 7513 21:0 14355
14354 7523 21:0 14361
14520 7667 21:0 14562
14561 7669 21:0 14565
14564 7670 21:0 14565
14564 7668 21:0 14573
14572 7672 21:0 14576
14575 7671 21:0 14576
14731 7812 21:0 14755
14758 7819 21:0 59
