64 13481 0:0 88
87 13484 0:0 88
87 13471 0:0 92
91 13480 0:0 122
142 13646 21:0 150
150 13649 21:0 216
223 13681 0:0 226
223 13680 0:0 226
226 13682 21:0 292
299 13714 21:0 357
356 13715 0:0 368
375 13747 21:0 433
446 13778 0:0 449
451 13779 21:0 509
508 13781 0:0 520
522 13811 0:0 525
527 13812 21:0 585
529 13813 0:0 530
598 13844 21:0 606
606 13847 21:0 672
674 13877 21:0 682
682 13880 21:0 748
750 13910 21:0 758
757 13912 21:0 824
831 13945 21:0 889
833 13944 0:0 834
907 13978 21:0 965
909 13977 0:0 910
1054 14042 21:0 1062
1061 14043 21:0 1128
1130 14075 21:0 1138
1211 14109 21:0 1269
1359 14175 21:0 1367
1366 14177 0:0 1367
1366 14176 21:0 1433
1431 14178 0:0 1433
1435 14208 21:0 1443
1442 14209 0:0 1443
1442 14210 21:0 1509
1507 14211 0:0 1509
1511 14241 21:0 1519
1518 14242 0:0 1519
1518 14243 21:0 1585
1583 14244 0:0 1585
1587 14274 21:0 1595
1594 14275 0:0 1595
1594 14276 21:0 1661
1659 14277 0:0 1661
1663 14307 21:0 1671
1670 14308 0:0 1671
1670 14309 21:0 1737
1735 14310 0:0 1737
1739 14340 21:0 1747
1746 14341 0:0 1747
1746 14342 21:0 1813
1811 14343 0:0 1813
1815 14373 21:0 1823
1822 14375 0:0 1823
1822 14374 21:0 1889
1887 14376 0:0 1889
1891 14406 21:0 1899
1898 14407 0:0 1899
1898 14408 21:0 1965
1963 14409 0:0 1965
1967 14439 21:0 1975
1974 14441 0:0 1975
1974 14440 21:0 2041
2039 14442 0:0 2041
2043 14472 21:0 2051
2050 14473 0:0 2051
2050 14474 21:0 2117
2115 14475 0:0 2117
2119 14505 21:0 2127
2126 14507 0:0 2127
2126 14506 21:0 2193
2191 14508 0:0 2193
2195 14538 21:0 2203
2202 14540 0:0 2203
2202 14539 21:0 2269
2267 14541 0:0 2269
2271 14571 21:0 2279
2278 14573 0:0 2279
2278 14572 21:0 2345
2343 14574 0:0 2345
2347 14604 21:0 2355
2354 14606 0:0 2355
2354 14605 21:0 2421
2419 14607 0:0 2421
2423 14637 21:0 2431
2430 14638 0:0 2431
2430 14639 21:0 2497
2495 14640 0:0 2497
2520 14109 1:0 2639
2521 14075 1:0 2771
2529 14043 1:0 2883
2529 14042 1:0 2893
2546 304 21:0 2560
2553 13978 1:0 3128
2642 13977 1:0 3127
2643 13945 1:0 3250
2651 13944 1:0 3249
2651 13912 1:0 3372
2661 13910 1:0 3381
2764 13880 1:0 3487
2765 13877 1:0 3503
2773 13847 1:0 3609
2773 13844 1:0 3625
2783 13812 1:0 3737
2886 13813 1:0 3738
2887 13811 1:0 3747
2895 13781 1:0 3853
2895 13779 1:0 3859
2905 13778 1:0 3869
3008 13747 1:0 3982
3009 13715 1:0 4097
3017 13714 1:0 4104
3017 13682 1:0 4219
3027 13681 1:0 4226
3041 305 1:0 5679
3130 13680 1:0 4225
3131 13649 1:0 4341
3139 13646 1:0 4357
3145 14640 1:0 5812
4529 15617 21:0 4537
4536 15618 0:0 4537
4536 15619 21:0 4603
4601 15620 0:0 4603
4605 15650 21:0 4613
4612 15651 0:0 4613
4612 15652 21:0 4679
4677 15653 0:0 4679
4681 15683 21:0 4689
4688 15684 0:0 4689
4688 15685 21:0 4755
4753 15686 0:0 4755
4757 15716 21:0 4765
4764 15718 0:0 4765
4764 15717 21:0 4831
4829 15719 0:0 4831
4833 15749 21:0 4841
4840 15751 0:0 4841
4840 15750 21:0 4907
4905 15752 0:0 4907
4909 15782 21:0 4917
4916 15783 0:0 4917
4916 15784 21:0 4983
4981 15785 0:0 4983
4985 15815 21:0 4993
4992 15816 0:0 4993
4992 15817 21:0 5059
5057 15818 0:0 5059
5061 15848 21:0 5069
5068 15849 0:0 5069
5068 15850 21:0 5135
5133 15851 0:0 5135
5137 15881 21:0 5145
5144 15882 0:0 5145
5144 15883 21:0 5211
5209 15884 0:0 5211
5213 15914 21:0 5221
5220 15915 0:0 5221
5220 15916 21:0 5287
5285 15917 0:0 5287
5289 15947 21:0 5297
5296 15948 0:0 5297
5296 15949 21:0 5363
5361 15950 0:0 5363
5365 15980 21:0 5373
5372 15982 0:0 5373
5372 15981 0:0 5373
5373 15983 21:0 5439
5441 16013 21:0 5449
5448 16015 0:0 5449
5448 16014 21:0 5515
5517 16046 21:0 5525
5524 16048 0:0 5525
5524 16047 21:0 5591
5593 16079 21:0 5601
5600 16080 21:0 5667
5665 16082 0:0 5667
5669 16112 21:0 5677
5691 14639 1:0 5820
5692 14638 1:0 5819
5701 14637 1:0 5830
5701 14607 1:0 5943
5709 14605 1:0 5950
5720 305 21:0 5734
5728 14606 1:0 5951
5822 14604 1:0 5961
5823 14574 1:0 6074
5823 14572 1:0 6081
5832 14573 1:0 6082
5832 14571 1:0 6092
5840 14541 1:0 6205
5859 14539 1:0 6212
5953 14540 1:0 6213
5954 14538 1:0 6223
5963 14508 1:0 6336
5963 14506 1:0 6343
5969 14507 1:0 6344
5973 14505 1:0 6354
5990 14475 1:0 6467
6084 14474 1:0 6475
6085 14473 1:0 6474
6094 14472 1:0 6485
6094 14442 1:0 6598
6100 14440 1:0 6605
6104 14441 1:0 6606
6133 14439 1:0 6616
6215 14409 1:0 6729
6216 14408 1:0 6737
6225 14407 1:0 6736
6225 14406 1:0 6747
6231 14376 1:0 6860
6236 14374 1:0 6867
6264 14375 1:0 6868
6346 14373 1:0 6878
6347 14343 1:0 6991
6356 14341 1:0 6998
6356 14342 1:0 6999
6362 14340 1:0 7009
6367 14310 1:0 7122
6395 14309 1:0 7130
6477 14308 1:0 7129
6478 14307 1:0 7140
6487 14277 1:0 7253
6487 14276 1:0 7261
6493 14275 1:0 7260
6513 14274 1:0 7271
6526 14244 1:0 7384
6608 14243 1:0 7392
6609 14242 1:0 7391
6618 14241 1:0 7402
6618 14211 1:0 7515
6626 14210 1:0 7523
6644 14209 1:0 7522
6739 14208 1:0 7533
6740 14178 1:0 7646
6740 14176 1:0 7653
6749 14177 1:0 7654
6749 14175 1:0 7664
6755 306 1:0 8994
7844 17059 21:0 7852
7851 17061 0:0 7852
7851 17060 21:0 7918
7916 17062 0:0 7918
7920 17092 21:0 7928
7927 17093 0:0 7928
7927 17094 21:0 7994
7992 17095 0:0 7994
7996 17125 21:0 8004
8003 17127 0:0 8004
8003 17126 21:0 8070
8068 17128 0:0 8070
8072 17158 21:0 8080
8079 17160 0:0 8080
8079 17159 21:0 8146
8144 17161 0:0 8146
8148 17191 21:0 8156
8155 17192 0:0 8156
8155 17193 21:0 8222
8220 17194 0:0 8222
8224 17224 21:0 8232
8231 17226 0:0 8232
8231 17225 21:0 8298
8296 17227 0:0 8298
8300 17257 21:0 8308
8307 17259 0:0 8308
8307 17258 21:0 8374
8372 17260 0:0 8374
8376 17290 21:0 8384
8383 17291 0:0 8384
8383 17292 21:0 8450
8448 17293 0:0 8450
8452 17323 21:0 8460
8459 17324 0:0 8460
8459 17325 21:0 8526
8524 17326 0:0 8526
8528 17356 21:0 8536
8535 17358 0:0 8536
8535 17357 21:0 8602
8600 17359 0:0 8602
8604 17389 21:0 8612
8611 17391 0:0 8612
8611 17390 21:0 8678
8676 17392 0:0 8678
8680 17422 21:0 8688
8687 17423 0:0 8688
8687 17424 21:0 8754
8752 17425 0:0 8754
8756 17455 21:0 8764
8763 17457 0:0 8764
8763 17456 21:0 8830
8828 17458 0:0 8830
8832 17488 21:0 8840
8839 17490 0:0 8840
8839 17489 0:0 8840
8840 17491 21:0 8906
8908 17521 21:0 8916
8915 17522 21:0 8982
8980 17524 0:0 8982
9006 16112 1:0 9014
9007 16082 1:0 9127
9016 16080 1:0 9134
9016 16079 1:0 9145
9024 16047 1:0 9265
9035 306 21:0 9049
9043 16048 1:0 9266
9137 16046 1:0 9276
9138 16014 1:0 9396
9138 16015 1:0 9397
9147 16013 1:0 9407
9147 15983 1:0 9520
9155 15982 1:0 9528
9174 15981 1:0 9527
9268 15980 1:0 9538
9269 15950 1:0 9651
9278 15948 1:0 9658
9278 15949 1:0 9659
9284 15947 1:0 9669
9288 15917 1:0 9782
9305 15916 1:0 9790
9399 15915 1:0 9789
9400 15914 1:0 9800
9409 15884 1:0 9913
9409 15883 1:0 9921
9415 15882 1:0 9920
9419 15881 1:0 9931
9448 15851 1:0 10044
9530 15850 1:0 10052
9531 15849 1:0 10051
9540 15848 1:0 10062
9540 15818 1:0 10175
9546 15817 1:0 10183
9551 15816 1:0 10182
9579 15815 1:0 10193
9661 15785 1:0 10306
9662 15784 1:0 10314
9671 15783 1:0 10313
9671 15782 1:0 10324
9677 15752 1:0 10437
9682 15750 1:0 10444
9710 15751 1:0 10445
9792 15749 1:0 10455
9793 15719 1:0 10568
9802 15717 1:0 10575
9802 15718 1:0 10576
9808 15716 1:0 10586
9828 15686 1:0 10699
9841 15685 1:0 10707
9923 15684 1:0 10706
9924 15683 1:0 10717
9933 15653 1:0 10830
9933 15652 1:0 10838
9941 15651 1:0 10837
9959 15650 1:0 10848
10054 15620 1:0 10961
10055 15618 1:0 10968
10055 15619 1:0 10969
10064 15617 1:0 10979
10064 307 1:0 12309
10070 17524 1:0 12442
11159 18501 21:0 11167
11166 18503 0:0 11167
11166 18502 21:0 11233
11231 18504 0:0 11233
11235 18534 21:0 11243
11242 18536 0:0 11243
11242 18535 21:0 11309
11307 18537 0:0 11309
11311 18567 21:0 11319
11318 18568 0:0 11319
11318 18569 21:0 11385
11383 18570 0:0 11385
11387 18600 21:0 11395
11394 18601 0:0 11395
11394 18602 21:0 11461
11459 18603 0:0 11461
11463 18633 21:0 11471
11470 18634 0:0 11471
11470 18635 21:0 11537
11535 18636 0:0 11537
11539 18666 21:0 11547
11546 18667 0:0 11547
11546 18668 21:0 11613
11611 18669 0:0 11613
11615 18699 21:0 11623
11622 18701 0:0 11623
11622 18700 21:0 11689
11687 18702 0:0 11689
11691 18732 21:0 11699
11698 18733 0:0 11699
11698 18734 21:0 11765
11763 18735 0:0 11765
11767 18765 21:0 11775
11774 18766 0:0 11775
11774 18767 21:0 11841
11839 18768 0:0 11841
11843 18798 21:0 11851
11850 18799 0:0 11851
11850 18800 21:0 11917
11915 18801 0:0 11917
11919 18831 21:0 11927
11926 18832 0:0 11927
11926 18833 21:0 11993
11991 18834 0:0 11993
11995 18864 21:0 12003
12002 18865 0:0 12003
12002 18866 21:0 12069
12067 18867 0:0 12069
12071 18897 21:0 12079
12078 18898 0:0 12079
12078 18899 21:0 12145
12143 18900 0:0 12145
12147 18930 0:0 12150
12152 18931 21:0 12210
12154 18932 0:0 12155
12209 18933 0:0 12221
12223 18963 21:0 12231
12230 18964 21:0 12297
12299 18996 21:0 12307
12321 17522 1:0 12449
12322 17521 1:0 12460
12331 17491 1:0 12573
12331 17490 1:0 12581
12339 17489 1:0 12580
12350 307 21:0 12364
12358 17488 1:0 12591
12452 17458 1:0 12704
12453 17456 1:0 12711
12453 17457 1:0 12712
12462 17455 1:0 12722
12462 17425 1:0 12835
12470 17424 1:0 12843
12489 17423 1:0 12842
12583 17422 1:0 12853
12584 17392 1:0 12966
12593 17390 1:0 12973
12593 17391 1:0 12974
12599 17389 1:0 12984
12603 17359 1:0 13097
12620 17357 1:0 13104
12714 17358 1:0 13105
12715 17356 1:0 13115
12724 17326 1:0 13228
12724 17325 1:0 13236
12730 17324 1:0 13235
12734 17323 1:0 13246
12763 17293 1:0 13359
12845 17292 1:0 13367
12846 17291 1:0 13366
12855 17290 1:0 13377
12855 17260 1:0 13490
12861 17258 1:0 13497
12866 17259 1:0 13498
12894 17257 1:0 13508
12976 17227 1:0 13621
12977 17225 1:0 13628
12986 17226 1:0 13629
12986 17224 1:0 13639
12992 17194 1:0 13752
12997 17193 1:0 13760
13025 17192 1:0 13759
13107 17191 1:0 13770
13108 17161 1:0 13883
13117 17159 1:0 13890
13117 17160 1:0 13891
13123 17158 1:0 13901
13143 17128 1:0 14014
13156 17126 1:0 14021
13238 17127 1:0 14022
13239 17125 1:0 14032
13248 17095 1:0 14145
13248 17094 1:0 14153
13256 17093 1:0 14152
13274 17092 1:0 14163
13369 17062 1:0 14276
13370 17060 1:0 14283
13370 17061 1:0 14284
13379 17059 1:0 14294
13379 308 1:0 15624
14474 19943 21:0 14482
14481 19944 0:0 14482
14481 19945 21:0 14548
14546 19946 0:0 14548
14550 19976 21:0 14558
14557 19978 0:0 14558
14557 19977 21:0 14624
14622 19979 0:0 14624
14626 20009 21:0 14634
14633 20011 0:0 14634
14633 20010 21:0 14700
14698 20012 0:0 14700
14702 20042 21:0 14710
14709 20044 0:0 14710
14709 20043 21:0 14776
14774 20045 0:0 14776
14778 20075 21:0 14786
14785 20076 0:0 14786
14785 20077 21:0 14852
14850 20078 0:0 14852
14854 20108 21:0 14862
14861 20110 0:0 14862
14861 20109 21:0 14928
14926 20111 0:0 14928
14930 20141 21:0 14938
14937 20142 0:0 14938
14937 20143 21:0 15004
15002 20144 0:0 15004
15006 20174 21:0 15014
15013 20175 0:0 15014
15013 20176 21:0 15080
15078 20177 0:0 15080
15082 20207 21:0 15090
15089 20208 0:0 15090
15089 20209 21:0 15156
15154 20210 0:0 15156
15158 20240 21:0 15166
15165 20241 0:0 15166
15165 20242 21:0 15232
15230 20243 0:0 15232
15234 20273 21:0 15242
15241 20274 0:0 15242
15241 20275 21:0 15308
15306 20276 0:0 15308
15310 20306 0:0 15313
15315 20308 21:0 15373
15317 20307 0:0 15318
15372 20309 0:0 15384
15386 20339 21:0 15394
15393 20341 0:0 15394
15393 20340 21:0 15460
15458 20342 0:0 15460
15462 20372 0:0 15465
15467 20373 21:0 15525
15469 20374 0:0 15470
15524 20375 0:0 15536
15543 20407 21:0 15601
15600 20408 0:0 15612
15636 18996 1:0 15644
15637 18964 1:0 15764
15646 18963 1:0 15775
15646 18933 1:0 15888
15654 18931 1:0 15895
15665 308 21:0 15679
15673 18932 1:0 15896
15767 18930 1:0 15906
15768 18900 1:0 16019
15768 18899 1:0 16027
15777 18898 1:0 16026
15777 18897 1:0 16037
15785 18867 1:0 16150
15804 18866 1:0 16158
15898 18865 1:0 16157
15899 18864 1:0 16168
15908 18834 1:0 16281
15908 18833 1:0 16289
15914 18832 1:0 16288
15918 18831 1:0 16299
15935 18801 1:0 16412
16029 18800 1:0 16420
16030 18799 1:0 16419
16039 18798 1:0 16430
16039 18768 1:0 16543
16045 18767 1:0 16551
16049 18766 1:0 16550
16078 18765 1:0 16561
16160 18735 1:0 16674
16161 18734 1:0 16682
16170 18733 1:0 16681
16170 18732 1:0 16692
16176 18702 1:0 16805
16181 18700 1:0 16812
16209 18701 1:0 16813
16291 18699 1:0 16823
16292 18669 1:0 16936
16301 18667 1:0 16943
16301 18668 1:0 16944
16307 18666 1:0 16954
16312 18636 1:0 17067
16340 18635 1:0 17075
16422 18634 1:0 17074
16423 18633 1:0 17085
16432 18603 1:0 17198
16432 18602 1:0 17206
16438 18601 1:0 17205
16458 18600 1:0 17216
16471 18570 1:0 17329
16553 18569 1:0 17337
16554 18568 1:0 17336
16563 18567 1:0 17347
16563 18537 1:0 17460
16571 18535 1:0 17467
16589 18536 1:0 17468
16684 18534 1:0 17478
16685 18504 1:0 17591
16685 18502 1:0 17598
16694 18503 1:0 17599
16694 18501 1:0 17609
16700 309 1:0 18939
16704 20408 1:0 19072
17789 21385 21:0 17797
17796 21387 0:0 17797
17796 21386 21:0 17863
17861 21388 0:0 17863
17865 21418 21:0 17873
17872 21420 0:0 17873
17872 21419 21:0 17939
17937 21421 0:0 17939
17941 21451 21:0 17949
17948 21452 0:0 17949
17948 21453 21:0 18015
18013 21454 0:0 18015
18017 21484 21:0 18025
18024 21485 0:0 18025
18024 21486 21:0 18091
18089 21487 0:0 18091
18093 21517 21:0 18101
18100 21519 0:0 18101
18100 21518 21:0 18167
18165 21520 0:0 18167
18169 21550 21:0 18177
18176 21552 0:0 18177
18176 21551 21:0 18243
18241 21553 0:0 18243
18245 21583 21:0 18253
18252 21584 0:0 18253
18252 21585 21:0 18319
18317 21586 0:0 18319
18321 21616 21:0 18329
18328 21617 0:0 18329
18328 21618 21:0 18395
18393 21619 0:0 18395
18397 21649 21:0 18405
18404 21650 0:0 18405
18404 21651 0:0 18405
18405 21652 21:0 18471
18473 21682 21:0 18481
18480 21683 0:0 18481
18480 21684 21:0 18547
18545 21685 0:0 18547
18549 21715 21:0 18557
18556 21717 0:0 18557
18556 21716 21:0 18623
18621 21718 0:0 18623
18625 21748 21:0 18633
18632 21749 0:0 18633
18632 21750 21:0 18699
18697 21751 0:0 18699
18701 21781 21:0 18709
18708 21782 0:0 18709
18708 21783 21:0 18775
18773 21784 0:0 18775
18777 21814 21:0 18785
18784 21815 0:0 18785
18784 21816 21:0 18851
18849 21817 0:0 18851
18853 21847 21:0 18861
18860 21849 0:0 18861
18860 21848 21:0 18927
18925 21850 0:0 18927
18951 20407 1:0 19080
18952 20375 1:0 19203
18961 20373 1:0 19210
18961 20374 1:0 19211
18969 20372 1:0 19221
18980 309 21:0 18994
18988 20342 1:0 19334
19082 20340 1:0 19341
19083 20341 1:0 19342
19083 20339 1:0 19352
19092 20309 1:0 19465
19092 20308 1:0 19473
19100 20307 1:0 19472
19119 20306 1:0 19483
19213 20276 1:0 19596
19214 20275 1:0 19604
19223 20274 1:0 19603
19223 20273 1:0 19614
19229 20243 1:0 19727
19233 20242 1:0 19735
19250 20241 1:0 19734
19344 20240 1:0 19745
19345 20210 1:0 19858
19354 20208 1:0 19865
19354 20209 1:0 19866
19360 20207 1:0 19876
19364 20177 1:0 19989
19393 20176 1:0 19997
19475 20175 1:0 19996
19476 20174 1:0 20007
19485 20144 1:0 20120
19485 20143 1:0 20128
19491 20142 1:0 20127
19496 20141 1:0 20138
19524 20111 1:0 20251
19606 20109 1:0 20258
19607 20110 1:0 20259
19616 20108 1:0 20269
19616 20078 1:0 20382
19622 20077 1:0 20390
19627 20076 1:0 20389
19655 20075 1:0 20400
19737 20045 1:0 20513
19738 20043 1:0 20520
19747 20044 1:0 20521
19747 20042 1:0 20531
19753 20012 1:0 20644
19773 20010 1:0 20651
19786 20011 1:0 20652
19868 20009 1:0 20662
19869 19979 1:0 20775
19878 19977 1:0 20782
19878 19978 1:0 20783
19886 19976 1:0 20793
19904 19946 1:0 20906
19999 19945 1:0 20914
20000 19944 1:0 20913
20000 19943 1:0 20924
20009 310 1:0 22254
21104 22827 0:0 21107
21109 22829 21:0 21167
21111 22828 0:0 21112
21166 22830 0:0 21178
21180 22860 0:0 21183
21185 22861 21:0 21243
21187 22862 0:0 21188
21242 22863 0:0 21254
21256 22893 21:0 21264
21263 22894 0:0 21264
21263 22895 21:0 21330
21328 22896 0:0 21330
21332 22926 0:0 21335
21337 22928 21:0 21395
21339 22927 0:0 21340
21394 22929 0:0 21406
21408 22959 21:0 21416
21415 22960 0:0 21416
21415 22961 21:0 21482
21480 22962 0:0 21482
21484 22992 0:0 21487
21489 22994 21:0 21547
21491 22993 0:0 21492
21546 22995 0:0 21558
21560 23025 21:0 21568
21567 23026 0:0 21568
21567 23027 21:0 21634
21632 23028 0:0 21634
21636 23058 0:0 21639
21641 23059 21:0 21699
21643 23060 0:0 21644
21698 23061 0:0 21710
21712 23091 21:0 21720
21719 23092 0:0 21720
21719 23093 0:0 21720
21720 23094 21:0 21786
21788 23124 0:0 21791
21793 23125 21:0 21851
21795 23126 0:0 21796
21850 23127 0:0 21862
21864 23157 0:0 21867
21869 23158 21:0 21927
21871 23159 0:0 21872
21926 23160 0:0 21938
21945 23192 21:0 22003
21947 23191 0:0 21948
22016 23223 21:0 22024
22023 23225 0:0 22024
22023 23224 0:0 22024
22024 23226 21:0 22090
22092 23256 0:0 22095
22097 23257 21:0 22155
22099 23258 0:0 22100
22154 23259 0:0 22166
22168 23289 21:0 22176
22176 23292 21:0 22242
22244 23322 21:0 22252
22266 304 1:0 2509
22267 21850 1:0 22387
22276 21848 1:0 22394
22276 21849 1:0 22395
22282 21847 1:0 22405
22286 21817 1:0 22518
22295 310 21:0 22309
22310 21816 1:0 22526
22397 21815 1:0 22525
22398 21814 1:0 22536
22407 21784 1:0 22649
22407 21783 1:0 22657
22413 21782 1:0 22656
22417 21781 1:0 22667
22446 21751 1:0 22780
22528 21750 1:0 22788
22529 21749 1:0 22787
22538 21748 1:0 22798
22538 21718 1:0 22911
22544 21716 1:0 22918
22549 21717 1:0 22919
22577 21715 1:0 22929
22659 21685 1:0 23042
22660 21684 1:0 23050
22669 21683 1:0 23049
22669 21682 1:0 23060
22675 21652 1:0 23173
22680 21650 1:0 23180
22708 21651 1:0 23181
22790 21649 1:0 23191
22791 21619 1:0 23304
22800 21617 1:0 23311
22800 21618 1:0 23312
22806 21616 1:0 23322
22826 21586 1:0 23435
22839 21585 1:0 23443
22921 21584 1:0 23442
22922 21583 1:0 23453
22931 21553 1:0 23566
22931 21551 1:0 23573
22939 21552 1:0 23574
22957 21550 1:0 23584
23052 21520 1:0 23697
23053 21518 1:0 23704
23053 21519 1:0 23705
23062 21517 1:0 23715
23062 21487 1:0 23828
23070 21486 1:0 23836
23089 21485 1:0 23835
23183 21484 1:0 23846
23184 21454 1:0 23959
23193 21452 1:0 23966
23193 21453 1:0 23967
23199 21451 1:0 23977
23203 21421 1:0 24090
23220 21419 1:0 24097
23314 21420 1:0 24098
23315 21418 1:0 24108
23324 21388 1:0 24221
23324 21386 1:0 24228
23330 21387 1:0 24229
23334 21385 1:0 24239
23335 311 1:0 24352
23363 23322 1:0 24372
23445 23292 1:0 24456
23446 11277 1:0 24460
23446 11278 1:0 24545
23455 11279 1:0 24460
23455 11275 1:0 24460
23455 11274 1:0 24461
23455 11276 1:0 24461
23461 23289 1:0 24593
23481 23257 1:0 24677
23494 23259 1:0 24678
23576 11421 1:0 24682
23576 11426 1:0 24767
23577 11422 1:0 24681
23577 11423 1:0 24682
23586 11424 1:0 24681
23586 11425 1:0 24682
23586 23258 1:0 24804
23594 23256 1:0 24814
23612 23226 1:0 24898
23625 11573 1:0 24988
23707 11572 1:0 24903
23707 11568 1:0 24903
23708 11569 1:0 24902
23708 11571 1:0 24902
23708 11570 1:0 24903
23717 23224 1:0 25024
23717 23225 1:0 25025
23725 23223 1:0 25035
23744 23192 1:0 25109
23756 11716 1:0 25189
23838 11717 1:0 25123
23838 11718 1:0 25123
23839 11715 1:0 25123
23839 11719 1:0 25123
23848 11720 1:0 25123
23848 23191 1:0 25245
23854 23160 1:0 25262
23858 23158 1:0 25333
23874 11865 1:0 25420
23875 11866 1:0 25344
23887 11864 1:0 25344
23969 11863 1:0 25344
23969 11862 1:0 25345
23970 11867 1:0 25344
23979 23159 1:0 25467
23979 23157 1:0 25477
23985 23125 1:0 25554
23989 23127 1:0 25483
24005 12012 1:0 25641
24006 12155 1:0 25842
24018 12014 1:0 25565
24100 12010 1:0 25565
24100 12009 1:0 25566
24101 12013 1:0 25565
24101 12011 1:0 25565
24110 23126 1:0 25688
24110 23124 1:0 25698
24116 23094 1:0 25785
24118 12156 1:0 25851
24121 12157 1:0 25852
24137 12158 1:0 25861
24149 12159 1:0 25862
24231 12160 1:0 25871
24231 12161 1:0 25872
24232 23093 1:0 25909
24241 23092 1:0 25908
24241 23091 1:0 25919
24247 23061 1:0 25925
24267 23059 1:0 25996
24280 12304 1:0 26008
24280 12305 1:0 26082
24321 12302 1:0 26007
24364 12303 1:0 26008
24364 12308 1:0 26008
24365 12306 1:0 26007
24365 12307 1:0 26008
24374 23060 1:0 26130
24374 23058 1:0 26140
24380 23027 1:0 26217
24393 311 21:0 24407
24401 23028 1:0 26146
24413 12454 1:0 26228
24413 12452 1:0 26303
24462 12455 1:0 26228
24467 12449 1:0 26228
24467 12448 1:0 26228
24482 12589 1:0 26474
24483 12451 1:0 26228
24483 12442 1:0 26229
24533 12450 1:0 26228
24543 12453 1:0 26228
24555 11278 21:0 24577
24575 11275 0:0 24577
24576 11274 0:0 24577
24576 11279 0:0 24577
24576 11276 0:0 24577
24576 11277 0:0 24577
24578 23026 1:0 26350
24578 23025 1:0 26361
24585 22994 1:0 26448
24586 12597 1:0 26514
24586 22995 1:0 26538
24595 12590 1:0 26475
24595 12595 1:0 26504
24595 12598 1:0 26515
24595 12599 1:0 26524
24595 12600 1:0 26525
24601 12601 1:0 26534
24603 12602 1:0 26535
24621 22993 1:0 26571
24675 22992 1:0 26582
24703 22961 1:0 26615
24704 12746 1:0 26669
24705 12737 1:0 26696
24754 12744 1:0 26735
24764 12745 1:0 26736
24773 11426 21:0 24798
24774 12747 1:0 26746
24796 11423 0:0 24798
24796 11422 0:0 24798
24796 11424 0:0 24798
24796 11425 0:0 24798
24797 11421 0:0 24798
24799 12748 1:0 26755
24799 22962 1:0 26784
24806 12749 1:0 26756
24806 12893 1:0 26890
24807 22960 1:0 26792
24807 12884 1:0 26917
24816 22959 1:0 26803
24816 22928 1:0 26836
24824 22929 1:0 26979
24827 12891 1:0 26956
24843 12892 1:0 26957
24855 12894 1:0 26967
24896 12895 1:0 26976
24909 12896 1:0 26977
24925 22927 1:0 27013
24985 22926 1:0 27024
24994 11573 21:0 25019
25017 11569 0:0 25019
25017 11568 0:0 25019
25017 11572 0:0 25019
25017 11571 0:0 25019
25018 11570 0:0 25019
25020 22896 1:0 27030
25020 22895 1:0 27098
25027 13043 1:0 27112
25027 13038 1:0 27177
25028 13041 1:0 27112
25028 13042 1:0 27112
25037 13039 1:0 27112
25037 13040 1:0 27112
25037 22894 1:0 27234
25043 22893 1:0 27245
25063 22861 1:0 27278
25064 13187 1:0 27332
25076 13178 1:0 27359
25125 22863 1:0 27420
25145 13185 1:0 27398
25146 13186 1:0 27399
25195 11716 21:0 25240
25196 13184 1:0 27389
25196 13188 1:0 27409
25206 13189 1:0 27418
25216 13190 1:0 27419
25238 11715 0:0 25240
25238 11717 0:0 25240
25238 11719 0:0 25240
25239 11720 0:0 25240
25239 11718 0:0 25240
25241 22862 1:0 27456
25241 13331 1:0 27555
25241 13332 1:0 27619
25248 22860 1:0 27466
25249 22829 1:0 27540
25258 22830 1:0 27472
25258 13337 1:0 27555
25258 13336 1:0 27555
25264 13325 1:0 27554
25264 13334 1:0 27555
25266 13335 1:0 27555
25269 13333 1:0 27555
25297 22828 1:0 27676
25351 22827 1:0 27687
25366 13477 1:0 27830
25367 13479 1:0 27840
25417 13471 1:0 27800
25417 13480 1:0 27841
25426 11865 21:0 25461
25427 13481 1:0 27850
25437 13482 1:0 27851
25459 11862 0:0 25461
25459 11866 0:0 25461
25459 11863 0:0 25461
25460 11864 0:0 25461
25460 11867 0:0 25461
25462 13483 1:0 27860
25462 13484 1:0 27861
25647 12012 21:0 25682
25680 12009 0:0 25682
25680 12011 0:0 25682
25680 12010 0:0 25682
25681 12013 0:0 25682
25681 12014 0:0 25682
25848 12155 21:0 25895
25894 12157 0:0 25903
25895 12156 0:0 25903
25895 12158 0:0 25903
25902 12161 0:0 25903
25902 12159 0:0 25903
25902 12160 0:0 25903
26069 12302 0:0 26078
26092 12305 21:0 26124
26122 12307 0:0 26124
26123 12306 0:0 26124
26123 12304 0:0 26124
26123 12308 0:0 26124
26123 12303 0:0 26124
26263 12442 0:0 26289
26290 12449 0:0 26299
26293 12448 0:0 26301
26313 12452 21:0 26345
26343 12454 0:0 26345
26344 12451 0:0 26345
26344 12450 0:0 26345
26344 12455 0:0 26345
26344 12453 0:0 26345
26484 12589 21:0 26540
26539 12598 0:0 26566
26540 12597 0:0 26566
26554 12601 0:0 26566
26565 12595 0:0 26566
26565 12599 0:0 26566
26565 12590 0:0 26566
26565 12602 0:0 26566
26565 12600 0:0 26566
26702 12737 21:0 26759
26758 12746 21:0 26787
26785 12744 0:0 26787
26786 12745 0:0 26787
26786 12748 0:0 26787
26786 12747 0:0 26787
26786 12749 0:0 26787
26923 12884 21:0 26980
26979 12893 21:0 27008
26980 12891 0:0 27008
27006 12895 0:0 27008
27007 12896 0:0 27008
27007 12892 0:0 27008
27007 12894 0:0 27008
27187 13038 21:0 27229
27227 13042 0:0 27229
27228 13040 0:0 27229
27228 13041 0:0 27229
27228 13039 0:0 27229
27228 13043 0:0 27229
27365 13178 21:0 27422
27421 13184 0:0 27430
27421 13187 21:0 27450
27448 13186 0:0 27450
27449 13188 0:0 27450
27449 13189 0:0 27450
27449 13185 0:0 27450
27449 13190 0:0 27450
27586 13325 0:0 27610
27629 13332 21:0 27671
27669 13334 0:0 27671
27670 13335 0:0 27671
27670 13331 0:0 27671
27670 13336 0:0 27671
27670 13333 0:0 27671
27670 13337 0:0 27671
27840 13477 21:0 27890
27890 13483 0:0 69
27890 13479 0:0 69
27890 13482 0:0 69
