86 13483 0:0 88
87 13571 0:0 88
87 13482 0:0 88
87 13479 0:0 88
87 13480 0:0 88
87 13484 0:0 88
87 13572 0:0 88
218 13679 21:0 226
225 13681 21:0 292
294 13712 21:0 302
301 13713 0:0 302
302 13715 21:0 368
370 13745 0:0 373
375 13747 21:0 433
377 13746 0:0 378
530 13814 21:0 596
606 13847 21:0 672
679 13878 21:0 737
755 13911 21:0 813
826 13943 21:0 834
834 13946 21:0 900
902 13976 21:0 910
909 13978 21:0 976
978 14009 21:0 986
985 14010 21:0 1052
1050 14012 0:0 1052
1059 14043 21:0 1117
1130 14075 21:0 1138
1138 14078 21:0 1204
1359 14175 21:0 1367
1366 14176 0:0 1367
1366 14177 21:0 1433
1431 14178 0:0 1433
1435 14208 21:0 1443
1442 14209 0:0 1443
1442 14210 21:0 1509
1507 14211 0:0 1509
1511 14241 0:0 1514
1516 14242 21:0 1574
1518 14243 0:0 1519
1573 14244 0:0 1585
1587 14274 0:0 1590
1592 14275 21:0 1650
1594 14276 0:0 1595
1649 14277 0:0 1661
1663 14307 0:0 1666
1668 14309 21:0 1726
1670 14308 0:0 1671
1725 14310 0:0 1737
1739 14340 21:0 1747
1746 14341 0:0 1747
1746 14342 21:0 1813
1811 14343 0:0 1813
1815 14373 21:0 1823
1822 14375 0:0 1823
1822 14374 21:0 1889
1887 14376 0:0 1889
1891 14406 21:0 1899
1898 14407 0:0 1899
1898 14408 21:0 1965
1963 14409 0:0 1965
1967 14439 21:0 1975
1974 14441 0:0 1975
1974 14440 21:0 2041
2039 14442 0:0 2041
2043 14472 0:0 2046
2048 14474 21:0 2106
2050 14473 0:0 2051
2105 14475 0:0 2117
2119 14505 21:0 2127
2126 14507 0:0 2127
2126 14506 21:0 2193
2191 14508 0:0 2193
2195 14538 21:0 2203
2202 14539 0:0 2203
2202 14540 21:0 2269
2267 14541 0:0 2269
2271 14571 21:0 2279
2278 14572 0:0 2279
2278 14573 21:0 2345
2343 14574 0:0 2345
2347 14604 21:0 2355
2354 14605 0:0 2355
2354 14606 21:0 2421
2419 14607 0:0 2421
2423 14637 21:0 2431
2430 14639 0:0 2431
2430 14638 21:0 2497
2495 14640 0:0 2497
2520 14078 1:0 2755
2521 14075 1:0 2771
2529 14043 1:0 2883
2529 14012 1:0 2999
2546 304 21:0 2560
2553 14010 1:0 3005
2642 14009 1:0 3015
2643 13978 1:0 3128
2651 13976 1:0 3137
2651 13946 1:0 3243
2661 13943 1:0 3259
2764 13911 1:0 3371
2765 13878 1:0 3493
2773 13847 1:0 3609
2773 13814 1:0 3731
2783 13747 1:0 3982
2886 13746 1:0 3981
2887 13745 1:0 3991
2895 13715 1:0 4097
2895 13713 1:0 4103
2905 13712 1:0 4113
2919 305 1:0 5679
3008 13681 1:0 4226
3009 13679 1:0 4235
3017 14640 1:0 5812
3023 14638 1:0 5819
4529 15617 21:0 4537
4536 15618 0:0 4537
4536 15619 21:0 4603
4601 15620 0:0 4603
4605 15650 21:0 4613
4612 15651 0:0 4613
4612 15652 21:0 4679
4677 15653 0:0 4679
4681 15683 21:0 4689
4688 15685 0:0 4689
4688 15684 21:0 4755
4753 15686 0:0 4755
4757 15716 21:0 4765
4764 15717 0:0 4765
4764 15718 0:0 4765
4765 15719 21:0 4831
4833 15749 21:0 4841
4840 15751 0:0 4841
4840 15750 21:0 4907
4905 15752 0:0 4907
4909 15782 21:0 4917
4916 15784 0:0 4917
4916 15783 21:0 4983
4981 15785 0:0 4983
4985 15815 21:0 4993
4992 15816 0:0 4993
4992 15817 21:0 5059
5057 15818 0:0 5059
5061 15848 21:0 5069
5068 15850 0:0 5069
5068 15849 21:0 5135
5133 15851 0:0 5135
5137 15881 21:0 5145
5144 15882 0:0 5145
5144 15883 21:0 5211
5209 15884 0:0 5211
5213 15914 0:0 5216
5218 15915 21:0 5276
5220 15916 0:0 5221
5275 15917 0:0 5287
5289 15947 21:0 5297
5296 15949 0:0 5297
5296 15948 0:0 5297
5297 15950 21:0 5363
5365 15980 0:0 5368
5370 15981 21:0 5428
5372 15982 0:0 5373
5427 15983 0:0 5439
5441 16013 21:0 5449
5448 16014 21:0 5515
5513 16016 0:0 5515
5517 16046 21:0 5525
5525 16049 21:0 5591
5691 14639 1:0 5820
5692 14637 1:0 5830
5701 14607 1:0 5943
5701 14606 1:0 5951
5707 14605 1:0 5950
5720 305 21:0 5734
5728 14604 1:0 5961
5740 14574 1:0 6074
5822 14573 1:0 6082
5823 14572 1:0 6081
5832 14571 1:0 6092
5832 14541 1:0 6205
5840 14540 1:0 6213
5858 14539 1:0 6212
5953 14538 1:0 6223
5954 14508 1:0 6336
5954 14506 1:0 6343
5963 14507 1:0 6344
5963 14505 1:0 6354
5971 14475 1:0 6467
5990 14474 1:0 6475
6084 14473 1:0 6474
6085 14472 1:0 6485
6094 14442 1:0 6598
6094 14440 1:0 6605
6100 14441 1:0 6606
6104 14439 1:0 6616
6121 14409 1:0 6729
6215 14408 1:0 6737
6216 14407 1:0 6736
6225 14406 1:0 6747
6225 14376 1:0 6860
6231 14374 1:0 6867
6235 14375 1:0 6868
6264 14373 1:0 6878
6346 14343 1:0 6991
6347 14342 1:0 6999
6356 14341 1:0 6998
6356 14340 1:0 7009
6362 14310 1:0 7122
6367 14309 1:0 7130
6395 14308 1:0 7129
6477 14307 1:0 7140
6478 14277 1:0 7253
6487 14275 1:0 7260
6487 14276 1:0 7261
6493 14274 1:0 7271
6498 14244 1:0 7384
6526 14242 1:0 7391
6608 14243 1:0 7392
6609 14241 1:0 7402
6618 14211 1:0 7515
6618 14210 1:0 7523
6624 14209 1:0 7522
6644 14208 1:0 7533
6657 14178 1:0 7646
6739 14177 1:0 7654
6740 14176 1:0 7653
6749 14175 1:0 7664
6749 306 1:0 8994
7844 17059 21:0 7852
7851 17061 0:0 7852
7851 17060 21:0 7918
7916 17062 0:0 7918
7920 17092 21:0 7928
7927 17093 0:0 7928
7927 17094 21:0 7994
7992 17095 0:0 7994
7996 17125 21:0 8004
8003 17126 0:0 8004
8003 17127 21:0 8070
8068 17128 0:0 8070
8072 17158 21:0 8080
8079 17160 0:0 8080
8079 17159 21:0 8146
8144 17161 0:0 8146
8148 17191 21:0 8156
8155 17192 0:0 8156
8155 17193 21:0 8222
8220 17194 0:0 8222
8224 17224 21:0 8232
8231 17226 0:0 8232
8231 17225 21:0 8298
8296 17227 0:0 8298
8300 17257 21:0 8308
8307 17258 0:0 8308
8307 17259 21:0 8374
8372 17260 0:0 8374
8376 17290 21:0 8384
8383 17292 0:0 8384
8383 17291 21:0 8450
8448 17293 0:0 8450
8452 17323 21:0 8460
8459 17325 0:0 8460
8459 17324 21:0 8526
8524 17326 0:0 8526
8528 17356 21:0 8536
8535 17358 0:0 8536
8535 17357 0:0 8536
8536 17359 21:0 8602
8604 17389 21:0 8612
8611 17390 0:0 8612
8611 17391 21:0 8678
8676 17392 0:0 8678
8680 17422 0:0 8683
8685 17423 21:0 8743
8687 17424 0:0 8688
8742 17425 0:0 8754
8756 17455 21:0 8764
8763 17456 0:0 8764
8763 17457 21:0 8830
8828 17458 0:0 8830
8832 17488 21:0 8840
8839 17490 0:0 8840
8840 17491 21:0 8906
8908 17521 21:0 8916
8915 17522 21:0 8982
8980 17524 0:0 8982
9006 16049 1:0 9258
9007 16046 1:0 9276
9016 16016 1:0 9389
9016 16014 1:0 9396
9022 16013 1:0 9407
9035 306 21:0 9049
9043 15983 1:0 9520
9055 15981 1:0 9527
9137 15982 1:0 9528
9138 15980 1:0 9538
9147 15950 1:0 9651
9147 15948 1:0 9658
9155 15949 1:0 9659
9173 15947 1:0 9669
9268 15917 1:0 9782
9269 15915 1:0 9789
9269 15916 1:0 9790
9278 15914 1:0 9800
9278 15884 1:0 9913
9286 15883 1:0 9921
9305 15882 1:0 9920
9399 15881 1:0 9931
9400 15851 1:0 10044
9409 15849 1:0 10051
9409 15850 1:0 10052
9415 15848 1:0 10062
9419 15818 1:0 10175
9436 15817 1:0 10183
9530 15816 1:0 10182
9531 15815 1:0 10193
9540 15785 1:0 10306
9540 15783 1:0 10313
9546 15784 1:0 10314
9550 15782 1:0 10324
9579 15752 1:0 10437
9661 15750 1:0 10444
9662 15751 1:0 10445
9671 15749 1:0 10455
9671 15719 1:0 10568
9677 15718 1:0 10576
9682 15717 1:0 10575
9710 15716 1:0 10586
9792 15686 1:0 10699
9793 15684 1:0 10706
9802 15685 1:0 10707
9802 15683 1:0 10717
9808 15653 1:0 10830
9813 15652 1:0 10838
9841 15651 1:0 10837
9923 15650 1:0 10848
9924 15620 1:0 10961
9933 15618 1:0 10968
9933 15619 1:0 10969
9939 15617 1:0 10979
9941 307 1:0 12309
9960 17524 1:0 12442
10054 17522 1:0 12449
10055 17521 1:0 12460
11159 18501 21:0 11167
11166 18503 0:0 11167
11166 18502 21:0 11233
11231 18504 0:0 11233
11235 18534 21:0 11243
11242 18535 0:0 11243
11242 18536 21:0 11309
11307 18537 0:0 11309
11311 18567 21:0 11319
11318 18569 0:0 11319
11318 18568 21:0 11385
11383 18570 0:0 11385
11387 18600 21:0 11395
11394 18601 0:0 11395
11394 18602 21:0 11461
11459 18603 0:0 11461
11463 18633 21:0 11471
11470 18634 0:0 11471
11470 18635 21:0 11537
11535 18636 0:0 11537
11539 18666 21:0 11547
11546 18667 0:0 11547
11546 18668 21:0 11613
11611 18669 0:0 11613
11615 18699 21:0 11623
11622 18700 0:0 11623
11622 18701 21:0 11689
11687 18702 0:0 11689
11691 18732 21:0 11699
11698 18733 0:0 11699
11698 18734 21:0 11765
11763 18735 0:0 11765
11767 18765 21:0 11775
11774 18766 0:0 11775
11774 18767 21:0 11841
11839 18768 0:0 11841
11843 18798 21:0 11851
11850 18800 0:0 11851
11850 18799 21:0 11917
11915 18801 0:0 11917
11919 18831 0:0 11922
11924 18832 21:0 11982
11926 18833 0:0 11927
11981 18834 0:0 11993
11995 18864 0:0 11998
12000 18866 21:0 12058
12002 18865 0:0 12003
12057 18867 0:0 12069
12071 18897 21:0 12079
12078 18898 0:0 12079
12078 18899 21:0 12145
12143 18900 0:0 12145
12147 18930 21:0 12155
12154 18932 21:0 12221
12223 18963 21:0 12231
12230 18964 21:0 12297
12321 17491 1:0 12573
12322 17490 1:0 12581
12331 17488 1:0 12591
12331 17458 1:0 12704
12337 17457 1:0 12712
12350 307 21:0 12364
12358 17456 1:0 12711
12370 17455 1:0 12722
12452 17425 1:0 12835
12453 17423 1:0 12842
12462 17424 1:0 12843
12462 17422 1:0 12853
12470 17392 1:0 12966
12488 17391 1:0 12974
12583 17390 1:0 12973
12584 17389 1:0 12984
12584 17359 1:0 13097
12593 17357 1:0 13104
12593 17358 1:0 13105
12601 17356 1:0 13115
12620 17326 1:0 13228
12714 17324 1:0 13235
12715 17325 1:0 13236
12724 17323 1:0 13246
12724 17293 1:0 13359
12730 17291 1:0 13366
12734 17292 1:0 13367
12751 17290 1:0 13377
12845 17260 1:0 13490
12846 17259 1:0 13498
12855 17258 1:0 13497
12855 17257 1:0 13508
12861 17227 1:0 13621
12865 17225 1:0 13628
12894 17226 1:0 13629
12976 17224 1:0 13639
12977 17194 1:0 13752
12986 17192 1:0 13759
12986 17193 1:0 13760
12992 17191 1:0 13770
12997 17161 1:0 13883
13025 17159 1:0 13890
13107 17160 1:0 13891
13108 17158 1:0 13901
13117 17128 1:0 14014
13117 17127 1:0 14022
13123 17126 1:0 14021
13128 17125 1:0 14032
13156 17095 1:0 14145
13238 17094 1:0 14153
13239 17093 1:0 14152
13248 17092 1:0 14163
13248 17062 1:0 14276
13254 17060 1:0 14283
13274 17061 1:0 14284
13287 17059 1:0 14294
13369 308 1:0 15624
14474 19943 21:0 14482
14481 19944 0:0 14482
14481 19945 21:0 14548
14546 19946 0:0 14548
14550 19976 21:0 14558
14557 19978 0:0 14558
14557 19977 21:0 14624
14622 19979 0:0 14624
14626 20009 21:0 14634
14633 20011 0:0 14634
14633 20010 21:0 14700
14698 20012 0:0 14700
14702 20042 21:0 14710
14709 20043 0:0 14710
14709 20044 21:0 14776
14774 20045 0:0 14776
14778 20075 21:0 14786
14785 20077 0:0 14786
14785 20076 21:0 14852
14850 20078 0:0 14852
14854 20108 21:0 14862
14861 20109 0:0 14862
14861 20110 21:0 14928
14926 20111 0:0 14928
14930 20141 21:0 14938
14937 20143 0:0 14938
14937 20142 21:0 15004
15002 20144 0:0 15004
15006 20174 21:0 15014
15013 20176 0:0 15014
15013 20175 21:0 15080
15078 20177 0:0 15080
15082 20207 21:0 15090
15087 20208 0:0 15090
15089 20209 0:0 15090
15090 20210 21:0 15156
15158 20240 21:0 15166
15163 20242 0:0 15166
15163 20241 0:0 15166
15166 20243 21:0 15232
15234 20273 21:0 15242
15241 20275 0:0 15242
15241 20274 21:0 15308
15306 20276 0:0 15308
15310 20306 21:0 15318
15315 20308 0:0 15318
15318 20309 21:0 15384
15386 20339 0:0 15389
15391 20341 21:0 15449
15448 20342 0:0 15460
15462 20372 21:0 15470
15469 20373 21:0 15536
15534 20375 0:0 15536
15538 20405 0:0 15541
15543 20406 21:0 15601
15636 18964 1:0 15764
15637 18963 1:0 15775
15646 18932 1:0 15896
15646 18930 1:0 15906
15652 18900 1:0 16019
15665 308 21:0 15679
15673 18899 1:0 16027
15685 18898 1:0 16026
15767 18897 1:0 16037
15768 18867 1:0 16150
15777 18865 1:0 16157
15777 18866 1:0 16158
15785 18864 1:0 16168
15803 18834 1:0 16281
15898 18832 1:0 16288
15899 18833 1:0 16289
15899 18831 1:0 16299
15908 18801 1:0 16412
15908 18799 1:0 16419
15916 18800 1:0 16420
15935 18798 1:0 16430
16029 18768 1:0 16543
16030 18767 1:0 16551
16039 18766 1:0 16550
16039 18765 1:0 16561
16045 18735 1:0 16674
16049 18734 1:0 16682
16066 18733 1:0 16681
16160 18732 1:0 16692
16161 18702 1:0 16805
16170 18700 1:0 16812
16170 18701 1:0 16813
16176 18699 1:0 16823
16180 18669 1:0 16936
16209 18668 1:0 16944
16291 18667 1:0 16943
16292 18666 1:0 16954
16301 18636 1:0 17067
16301 18635 1:0 17075
16307 18634 1:0 17074
16312 18633 1:0 17085
16340 18603 1:0 17198
16422 18602 1:0 17206
16423 18601 1:0 17205
16432 18600 1:0 17216
16432 18570 1:0 17329
16438 18568 1:0 17336
16443 18569 1:0 17337
16471 18567 1:0 17347
16553 18537 1:0 17460
16554 18536 1:0 17468
16563 18535 1:0 17467
16563 18534 1:0 17478
16569 18504 1:0 17591
16589 18502 1:0 17598
16602 18503 1:0 17599
16684 18501 1:0 17609
16685 309 1:0 18939
16694 20406 1:0 19079
16694 20405 1:0 19090
16700 20375 1:0 19203
16704 20373 1:0 19210
17789 21385 21:0 17797
17796 21387 0:0 17797
17796 21386 21:0 17863
17861 21388 0:0 17863
17865 21418 21:0 17873
17872 21420 0:0 17873
17872 21419 21:0 17939
17937 21421 0:0 17939
17941 21451 21:0 17949
17948 21452 0:0 17949
17948 21453 21:0 18015
18013 21454 0:0 18015
18017 21484 21:0 18025
18024 21486 0:0 18025
18024 21485 21:0 18091
18089 21487 0:0 18091
18093 21517 21:0 18101
18100 21518 0:0 18101
18100 21519 21:0 18167
18165 21520 0:0 18167
18169 21550 21:0 18177
18176 21552 0:0 18177
18176 21551 21:0 18243
18241 21553 0:0 18243
18245 21583 21:0 18253
18252 21585 0:0 18253
18252 21584 21:0 18319
18317 21586 0:0 18319
18321 21616 21:0 18329
18328 21618 0:0 18329
18328 21617 0:0 18329
18329 21619 21:0 18395
18397 21649 21:0 18405
18404 21650 0:0 18405
18404 21651 21:0 18471
18469 21652 0:0 18471
18473 21682 21:0 18481
18480 21683 0:0 18481
18480 21684 21:0 18547
18545 21685 0:0 18547
18549 21715 21:0 18557
18556 21717 0:0 18557
18556 21716 21:0 18623
18621 21718 0:0 18623
18625 21748 21:0 18633
18632 21750 0:0 18633
18632 21749 21:0 18699
18697 21751 0:0 18699
18701 21781 21:0 18709
18708 21783 0:0 18709
18708 21782 21:0 18775
18773 21784 0:0 18775
18777 21814 21:0 18785
18784 21816 0:0 18785
18784 21815 21:0 18851
18849 21817 0:0 18851
18853 21847 21:0 18861
18860 21849 0:0 18861
18860 21848 21:0 18927
18925 21850 0:0 18927
18951 20372 1:0 19221
18952 20342 1:0 19334
18961 20341 1:0 19342
18961 20339 1:0 19352
18967 20309 1:0 19465
18980 309 21:0 18994
18988 20308 1:0 19473
19000 20306 1:0 19483
19082 20276 1:0 19596
19083 20274 1:0 19603
19092 20275 1:0 19604
19092 20273 1:0 19614
19100 20243 1:0 19727
19118 20242 1:0 19735
19213 20241 1:0 19734
19214 20240 1:0 19745
19214 20210 1:0 19858
19223 20208 1:0 19865
19223 20209 1:0 19866
19231 20207 1:0 19876
19250 20177 1:0 19989
19344 20175 1:0 19996
19345 20176 1:0 19997
19354 20174 1:0 20007
19354 20144 1:0 20120
19360 20142 1:0 20127
19364 20143 1:0 20128
19381 20141 1:0 20138
19475 20111 1:0 20251
19476 20110 1:0 20259
19485 20109 1:0 20258
19485 20108 1:0 20269
19491 20078 1:0 20382
19495 20076 1:0 20389
19524 20077 1:0 20390
19606 20075 1:0 20400
19607 20045 1:0 20513
19616 20043 1:0 20520
19616 20044 1:0 20521
19622 20042 1:0 20531
19627 20012 1:0 20644
19655 20010 1:0 20651
19737 20011 1:0 20652
19738 20009 1:0 20662
19747 19979 1:0 20775
19747 19977 1:0 20782
19753 19978 1:0 20783
19758 19976 1:0 20793
19786 19946 1:0 20906
19868 19945 1:0 20914
19869 19944 1:0 20913
19869 310 1:0 22254
19878 19943 1:0 20924
21104 22827 21:0 21112
21111 22829 0:0 21112
21111 22828 0:0 21112
21112 22830 21:0 21178
21180 22860 21:0 21188
21187 22862 0:0 21188
21187 22861 21:0 21254
21252 22863 0:0 21254
21256 22893 21:0 21264
21263 22895 0:0 21264
21263 22894 0:0 21264
21264 22896 21:0 21330
21332 22926 21:0 21340
21339 22927 0:0 21340
21339 22928 0:0 21340
21340 22929 21:0 21406
21408 22959 0:0 21411
21413 22961 21:0 21471
21415 22960 0:0 21416
21470 22962 0:0 21482
21484 22992 21:0 21492
21489 22994 0:0 21492
21491 22993 0:0 21492
21492 22995 21:0 21558
21560 23025 0:0 21563
21565 23026 21:0 21623
21567 23027 0:0 21568
21622 23028 0:0 21634
21636 23058 0:0 21639
21641 23059 21:0 21699
21643 23060 0:0 21644
21698 23061 0:0 21710
21712 23091 0:0 21715
21717 23092 21:0 21775
21719 23093 0:0 21720
21774 23094 0:0 21786
21793 23125 0:0 21796
21793 23126 0:0 21796
21796 23127 21:0 21862
21869 23159 21:0 21927
21871 23158 0:0 21872
21926 23160 0:0 21938
21940 23190 21:0 21948
21947 23191 21:0 22014
22012 23193 0:0 22014
22016 23223 0:0 22019
22021 23224 21:0 22079
22092 23256 0:0 22095
22097 23258 21:0 22155
22173 23290 21:0 22231
22175 23291 0:0 22176
22266 304 1:0 2509
22267 21850 1:0 22387
22267 21848 1:0 22394
22276 21849 1:0 22395
22276 21847 1:0 22405
22284 21817 1:0 22518
22295 310 21:0 22309
22303 21815 1:0 22525
22397 21816 1:0 22526
22398 21814 1:0 22536
22407 21784 1:0 22649
22407 21782 1:0 22656
22413 21783 1:0 22657
22417 21781 1:0 22667
22434 21751 1:0 22780
22528 21749 1:0 22787
22529 21750 1:0 22788
22538 21748 1:0 22798
22538 21718 1:0 22911
22544 21716 1:0 22918
22548 21717 1:0 22919
22577 21715 1:0 22929
22659 21685 1:0 23042
22660 21684 1:0 23050
22669 21683 1:0 23049
22669 21682 1:0 23060
22675 21652 1:0 23173
22680 21651 1:0 23181
22708 21650 1:0 23180
22790 21649 1:0 23191
22791 21619 1:0 23304
22800 21617 1:0 23311
22800 21618 1:0 23312
22806 21616 1:0 23322
22811 21586 1:0 23435
22839 21584 1:0 23442
22921 21585 1:0 23443
22922 21583 1:0 23453
22931 21553 1:0 23566
22931 21551 1:0 23573
22937 21552 1:0 23574
22957 21550 1:0 23584
22970 21520 1:0 23697
23052 21519 1:0 23705
23053 21518 1:0 23704
23062 21517 1:0 23715
23062 21487 1:0 23828
23070 21485 1:0 23835
23088 21486 1:0 23836
23183 21484 1:0 23846
23184 21454 1:0 23959
23184 21453 1:0 23967
23193 21452 1:0 23966
23193 21451 1:0 23977
23201 21421 1:0 24090
23220 21419 1:0 24097
23314 21420 1:0 24098
23315 21418 1:0 24108
23324 21388 1:0 24221
23324 21386 1:0 24228
23330 21387 1:0 24229
23334 21385 1:0 24239
23335 311 1:0 24352
23363 23290 1:0 24456
23445 11278 1:0 24460
23445 11279 1:0 24546
23446 11275 1:0 24460
23446 11276 1:0 24461
23446 11274 1:0 24461
23455 11277 1:0 24460
23455 11273 1:0 24460
23455 23291 1:0 24583
23461 23258 1:0 24677
23465 11425 1:0 24766
23466 11419 1:0 24682
23481 11424 1:0 24681
23494 11422 1:0 24681
23576 11421 1:0 24682
23576 11426 1:0 24682
23577 11423 1:0 24682
23577 23256 1:0 24814
23586 23224 1:0 24891
23586 11568 1:0 24903
23586 11570 1:0 24977
23592 11572 1:0 24902
23594 11569 1:0 24902
23597 11573 1:0 24902
23613 11571 1:0 24902
23625 11716 1:0 25189
23707 23223 1:0 25035
23708 23191 1:0 25109
23717 23193 1:0 25041
23717 11717 1:0 25123
23717 11714 1:0 25123
23717 11715 1:0 25123
23717 11708 1:0 25123
23723 11719 1:0 25123
23723 11707 1:0 25124
23725 11720 1:0 25123
23728 11718 1:0 25123
23756 23190 1:0 25256
23838 23159 1:0 25333
23839 23160 1:0 25262
23848 11861 1:0 25344
23848 11865 1:0 25344
23848 11866 1:0 25345
23848 11862 1:0 25345
23848 11864 1:0 25419
23854 11867 1:0 25345
23854 11860 1:0 25345
23856 11863 1:0 25345
23858 12007 1:0 25620
23875 23158 1:0 25466
23887 12009 1:0 25630
23969 23127 1:0 25564
23970 12001 1:0 25590
23970 12002 1:0 25591
23970 12010 1:0 25631
23970 12011 1:0 25640
23979 12012 1:0 25641
23979 12013 1:0 25650
23979 12014 1:0 25651
23985 23126 1:0 25688
23990 23125 1:0 25687
24018 23092 1:0 25731
24100 12160 1:0 25785
24100 12148 1:0 25811
24100 12156 1:0 25851
24101 12157 1:0 25852
24101 12158 1:0 25861
24110 12154 1:0 25841
24110 12155 1:0 25842
24110 12159 1:0 25862
24110 12161 1:0 25872
24110 23094 1:0 25901
24118 23093 1:0 25909
24137 23091 1:0 25919
24149 12305 1:0 26082
24231 23061 1:0 25925
24232 23059 1:0 25996
24241 12307 1:0 26007
24241 12308 1:0 26007
24241 12306 1:0 26007
24241 12295 1:0 26008
24241 12303 1:0 26008
24247 12304 1:0 26007
24252 23060 1:0 26130
24280 23058 1:0 26140
24321 12453 1:0 26304
24364 23026 1:0 26217
24365 23028 1:0 26146
24374 12451 1:0 26228
24374 12450 1:0 26229
24374 12455 1:0 26229
24374 12454 1:0 26229
24380 12443 1:0 26228
24380 12452 1:0 26229
24380 12448 1:0 26229
24393 311 21:0 24407
24400 23027 1:0 26351
24413 23025 1:0 26361
24467 22995 1:0 26445
24483 12601 1:0 26534
24484 12602 1:0 26449
24533 12600 1:0 26449
24543 12597 1:0 26450
24552 11279 21:0 24577
24553 12599 1:0 26450
24575 11276 0:0 24577
24575 11274 0:0 24577
24575 11275 0:0 24577
24575 11277 0:0 24577
24575 11278 0:0 24577
24576 11273 0:0 24577
24578 12598 1:0 26449
24578 22994 1:0 26572
24585 22993 1:0 26571
24586 22992 1:0 26582
24595 22962 1:0 26588
24595 22961 1:0 26659
24601 12743 1:0 26670
24601 12748 1:0 26671
24601 12747 1:0 26746
24605 12749 1:0 26671
24606 12737 1:0 26670
24622 12746 1:0 26671
24634 12745 1:0 26670
24675 12744 1:0 26671
24704 22960 1:0 26792
24754 22959 1:0 26803
24774 22929 1:0 26880
24776 11425 21:0 24798
24796 11423 0:0 24798
24797 11419 0:0 24798
24797 11426 0:0 24798
24797 11421 0:0 24798
24797 11422 0:0 24798
24797 11424 0:0 24798
24799 12892 1:0 26891
24799 12895 1:0 26892
24799 12894 1:0 26967
24806 12896 1:0 26891
24806 12890 1:0 26891
24806 12891 1:0 26892
24807 12883 1:0 26892
24807 12893 1:0 26892
24816 22927 1:0 27013
24816 22928 1:0 27014
24822 22926 1:0 27024
24827 22896 1:0 27101
24842 13041 1:0 27188
24855 13043 1:0 27113
24896 13038 1:0 27113
24909 13039 1:0 27113
24924 13040 1:0 27113
24925 13042 1:0 27113
24926 13031 1:0 27112
24985 22895 1:0 27235
24987 11570 21:0 25019
25017 11572 0:0 25019
25018 11569 0:0 25019
25018 11568 0:0 25019
25018 11571 0:0 25019
25018 11573 0:0 25019
25020 22894 1:0 27234
25020 22893 1:0 27245
25027 22861 1:0 27329
25028 22863 1:0 27330
25037 13186 1:0 27333
25037 13184 1:0 27333
25037 13185 1:0 27334
25037 13189 1:0 27334
25037 13190 1:0 27419
25043 13187 1:0 27334
25045 13188 1:0 27333
25045 13177 1:0 27334
25064 22862 1:0 27456
25117 22860 1:0 27466
25146 22830 1:0 27540
25147 13333 1:0 27620
25158 11707 0:0 25184
25195 11716 21:0 25240
25196 13336 1:0 27555
25196 13324 1:0 27555
25206 13332 1:0 27555
25216 13334 1:0 27555
25238 11719 0:0 25240
25238 11715 0:0 25240
25239 11708 0:0 25240
25239 11718 0:0 25240
25239 11717 0:0 25240
25239 11714 0:0 25240
25239 11720 0:0 25240
25241 13335 1:0 27555
25241 13330 1:0 27555
25241 13337 1:0 27555
25241 13478 1:0 27775
25241 13484 1:0 27775
25248 22828 1:0 27676
25249 22829 1:0 27677
25258 22827 1:0 27687
25258 13480 1:0 27775
25258 13481 1:0 27850
25264 13482 1:0 27775
25266 13483 1:0 27775
25269 13479 1:0 27776
25269 13571 1:0 27900
25269 13572 1:0 27901
25406 11861 0:0 25415
25409 11860 0:0 25417
25429 11864 21:0 25461
25459 11866 0:0 25461
25460 11863 0:0 25461
25460 11867 0:0 25461
25460 11865 0:0 25461
25460 11862 0:0 25461
25630 12007 21:0 25681
25680 12011 0:0 25682
25680 12013 0:0 25682
25681 12009 0:0 25682
25681 12002 0:0 25682
25681 12001 0:0 25682
25681 12010 0:0 25682
25681 12014 0:0 25682
25681 12012 0:0 25682
25821 12148 21:0 25877
25881 12160 21:0 25903
25902 12157 0:0 25903
25902 12154 0:0 25903
25902 12156 0:0 25903
25902 12159 0:0 25903
25902 12155 0:0 25903
25902 12158 0:0 25903
25902 12161 0:0 25903
26092 12305 21:0 26124
26122 12307 0:0 26124
26123 12303 0:0 26124
26123 12295 0:0 26124
26123 12304 0:0 26124
26123 12306 0:0 26124
26123 12308 0:0 26124
26260 12443 0:0 26284
26293 12448 0:0 26301
26310 12453 21:0 26345
26343 12450 0:0 26345
26343 12451 0:0 26345
26343 12454 0:0 26345
26344 12455 0:0 26345
26344 12452 0:0 26345
26544 12601 21:0 26566
26564 12602 0:0 26566
26565 12597 0:0 26566
26565 12599 0:0 26566
26565 12600 0:0 26566
26565 12598 0:0 26566
26732 12743 0:0 26741
26752 12747 21:0 26787
26785 12746 0:0 26787
26785 12748 0:0 26787
26785 12744 0:0 26787
26785 12745 0:0 26787
26786 12749 0:0 26787
26786 12737 0:0 26787
26953 12890 0:0 26962
26973 12894 21:0 27008
27006 12891 0:0 27008
27006 12892 0:0 27008
27006 12883 0:0 27008
27007 12895 0:0 27008
27007 12893 0:0 27008
27007 12896 0:0 27008
27144 13031 0:0 27168
27194 13041 21:0 27229
27227 13039 0:0 27229
27227 13038 0:0 27229
27227 13040 0:0 27229
27228 13042 0:0 27229
27228 13043 0:0 27229
27425 13190 21:0 27450
27448 13185 0:0 27450
27448 13189 0:0 27450
27448 13186 0:0 27450
27448 13187 0:0 27450
27449 13184 0:0 27450
27449 13177 0:0 27450
27449 13188 0:0 27450
27619 13330 0:0 27627
27626 13333 21:0 27671
27669 13336 0:0 27671
27669 13324 0:0 27671
27669 13332 0:0 27671
27669 13334 0:0 27671
27670 13337 0:0 27671
27670 13335 0:0 27671
27848 13478 0:0 27856
27860 13481 21:0 124
