292 48235 21:0 340
339 48234 21:0 356
355 48232 21:0 356
355 48231 21:0 361
360 48233 21:0 366
365 48323 21:0 366
365 48230 21:0 366
365 48224 21:0 366
365 48324 21:0 366
365 48223 21:0 366
439 48528 21:0 456
515 48562 21:0 532
591 48594 21:0 608
607 48595 21:0 660
659 48596 21:0 665
667 48627 21:0 684
743 48660 21:0 760
759 48661 21:0 812
811 48659 21:0 817
819 48694 21:0 836
835 48692 21:0 888
895 48726 21:0 912
971 48759 21:0 988
987 48758 21:0 1040
1039 48761 21:0 1045
1047 48793 21:0 1064
1063 48794 21:0 1116
1123 48825 21:0 1140
1199 48858 21:0 1216
1215 48860 21:0 1268
1275 48891 21:0 1292
1346 48923 21:0 1354
1353 48925 21:0 1404
1427 48958 21:0 1444
1443 48957 21:0 1496
1575 49023 21:0 1583
1583 49026 21:0 1649
1648 49025 21:0 1654
1653 49056 21:0 1659
1659 49059 21:0 1725
1724 49058 21:0 1730
1729 49057 21:0 1735
1734 49024 21:0 1801
1800 49091 21:0 1806
1808 49124 21:0 1825
1824 49123 21:0 1877
1876 49125 21:0 1882
1884 49157 21:0 1901
1900 49156 21:0 1953
1952 49158 21:0 1958
1963 49191 21:0 2029
2028 49190 21:0 2034
2033 49189 21:0 2039
2038 49221 21:0 2102
2101 49222 21:0 2110
2109 49223 21:0 2115
2114 49224 21:0 2170
2169 49254 21:0 2186
2185 49256 21:0 2191
2190 49255 21:0 2241
2240 49257 21:0 2257
2256 49287 21:0 2267
2266 49289 21:0 2289
2288 49288 21:0 2333
2332 49290 21:0 2338
2337 49320 21:0 2357
2356 49321 21:0 2409
2408 49322 21:0 2414
2413 49122 21:0 2427
2426 49092 21:0 2485
2484 49090 21:0 2490
2489 49356 21:0 2495
2494 49353 21:0 2561
2560 49155 21:0 2566
2565 49323 21:0 2571
2570 49355 21:0 2626
2625 49354 21:0 2642
2641 49089 21:0 2647
2646 49188 21:0 2697
2696 49452 21:0 2713
2712 49389 21:0 2723
2722 49419 21:0 2729
2724 48957 1:0 2849
2728 49387 21:0 2732
2731 49386 21:0 2742
2736 48958 1:0 2856
2737 48925 1:0 2978
2737 48923 1:0 2987
2741 49420 21:0 2747
2743 48891 1:0 3099
2745 48860 1:0 3215
2746 49454 21:0 2750
2748 48858 1:0 3221
2751 48825 1:0 3343
2751 48794 1:0 3459
2762 328 21:0 2776
2775 49388 21:0 2851
2781 48793 1:0 3466
2832 48761 1:0 3581
2850 49422 21:0 2854
2853 49453 21:0 2861
2858 48759 1:0 3587
2859 48758 1:0 3597
2859 48726 1:0 3709
2862 48694 1:0 3832
2867 48692 1:0 3841
2873 48661 1:0 3947
2980 48660 1:0 3953
2981 48659 1:0 3963
2981 48627 1:0 4075
2989 48596 1:0 4116
2995 48595 1:0 4191
3102 48594 1:0 4197
3103 48562 1:0 4320
3103 48528 1:0 4441
3111 329 1:0 5895
3111 49453 1:0 6159
4745 50465 21:0 4753
4752 50466 21:0 4803
4802 50467 21:0 4819
4821 50498 21:0 4829
4828 50499 21:0 4879
4878 50500 21:0 4895
4894 50501 21:0 4905
4904 50531 21:0 4923
4922 50534 21:0 4971
4973 50564 21:0 4981
4980 50566 21:0 5031
5030 50565 21:0 5047
5046 50567 21:0 5057
5056 50597 21:0 5075
5074 50598 21:0 5123
5122 50599 21:0 5128
5127 50600 21:0 5147
5146 50630 21:0 5199
5198 50632 21:0 5204
5203 50631 21:0 5209
5208 50633 21:0 5275
5274 50666 21:0 5280
5279 50696 21:0 5285
5284 50698 21:0 5340
5339 50697 21:0 5356
5355 50663 21:0 5361
5360 50729 21:0 5416
5415 50664 21:0 5432
5431 50533 21:0 5437
5436 50532 21:0 5487
5486 50730 21:0 5503
5502 50468 21:0 5513
5512 50731 21:0 5531
5530 50732 21:0 5579
5578 50699 21:0 5584
5589 50831 21:0 5655
5654 50830 21:0 5660
5659 50665 21:0 5665
5664 50829 21:0 5728
5727 50763 21:0 5736
5735 50762 21:0 5741
5740 50795 21:0 5796
5795 50798 21:0 5812
5811 50764 21:0 5817
5816 50765 21:0 5867
5866 50863 21:0 5883
5882 50894 21:0 5893
5892 50927 21:0 5899
5896 49454 1:0 6167
5898 50897 21:0 5902
5901 50864 21:0 5913
5907 49452 1:0 6177
5908 49422 1:0 6290
5912 50828 21:0 5919
5914 49420 1:0 6297
5917 49419 1:0 6308
5917 49388 1:0 6341
5918 50861 21:0 5922
5920 49389 1:0 6421
5923 49387 1:0 6428
5923 49386 1:0 6439
5936 329 21:0 5950
5943 49354 1:0 6472
5949 50928 21:0 6029
5956 49356 1:0 6552
6010 49355 1:0 6560
6038 49353 1:0 6570
6039 49323 1:0 6603
6048 49322 1:0 6683
6048 49321 1:0 6690
6054 49320 1:0 6701
6059 49290 1:0 6734
6087 49288 1:0 6814
6169 49289 1:0 6822
6170 49287 1:0 6832
6179 49257 1:0 6865
6179 49255 1:0 6945
6185 49256 1:0 6953
6205 49254 1:0 6963
6218 49224 1:0 6996
6300 49223 1:0 7076
6301 49222 1:0 7083
6310 49221 1:0 7094
6310 49189 1:0 7127
6316 49191 1:0 7207
6336 49190 1:0 7215
6431 49188 1:0 7225
6432 49158 1:0 7258
6432 49156 1:0 7338
6441 49157 1:0 7346
6441 49155 1:0 7356
6449 49125 1:0 7389
6468 49123 1:0 7469
6562 49124 1:0 7477
6563 49122 1:0 7487
6563 49090 1:0 7520
6572 49092 1:0 7600
6572 49091 1:0 7608
6580 49089 1:0 7618
6599 49057 1:0 7651
6693 49059 1:0 7731
6694 49058 1:0 7739
6703 49056 1:0 7749
6703 49024 1:0 7782
6709 49026 1:0 7862
6713 49025 1:0 7870
6714 330 1:0 9210
6742 49023 1:0 7880
8060 51907 21:0 8068
8067 51908 21:0 8118
8117 51909 21:0 8134
8141 51941 21:0 8158
8157 51942 21:0 8210
8209 51943 21:0 8215
8214 51973 21:0 8234
8233 51976 21:0 8286
8288 52006 21:0 8296
8295 52007 21:0 8346
8345 52008 21:0 8362
8361 52009 21:0 8372
8371 52039 21:0 8390
8389 52040 21:0 8438
8437 52041 21:0 8443
8442 52042 21:0 8462
8461 52072 21:0 8514
8513 52074 21:0 8519
8518 52073 21:0 8524
8523 52075 21:0 8590
8589 52105 21:0 8595
8594 52106 21:0 8600
8599 52107 21:0 8655
8654 51940 21:0 8671
8670 51975 21:0 8676
8675 52108 21:0 8731
8730 52138 21:0 8747
8746 51974 21:0 8752
8751 51910 21:0 8802
8801 52140 21:0 8818
8817 52139 21:0 8828
8827 52171 21:0 8846
8845 52204 21:0 8894
8893 52174 21:0 8899
8898 52237 21:0 8918
8917 52207 21:0 8970
8969 52173 21:0 8975
8974 52205 21:0 8980
8979 52172 21:0 9046
9045 52141 21:0 9051
9050 52273 21:0 9056
9055 52305 21:0 9114
9113 52303 21:0 9127
9126 52238 21:0 9132
9131 52270 21:0 9187
9186 52306 21:0 9203
9202 52304 21:0 9208
9207 52206 21:0 9214
9211 50928 1:0 9350
9213 52336 21:0 9217
9216 52239 21:0 9228
9222 50927 1:0 9361
9223 50897 1:0 9474
9227 52339 21:0 9234
9229 50894 1:0 9492
9232 50864 1:0 9605
9232 50863 1:0 9613
9233 52240 21:0 9237
9235 50861 1:0 9623
9238 50829 1:0 9656
9238 50831 1:0 9736
9251 330 21:0 9265
9258 50830 1:0 9744
9264 52369 21:0 9343
9271 50828 1:0 9754
9325 50798 1:0 9867
9353 50795 1:0 9885
9354 50765 1:0 9918
9363 50764 1:0 9998
9363 50763 1:0 10005
9369 50762 1:0 10016
9374 50732 1:0 10049
9402 50731 1:0 10129
9484 50730 1:0 10136
9485 50729 1:0 10147
9494 50699 1:0 10180
9494 50697 1:0 10260
9500 50698 1:0 10268
9520 50696 1:0 10278
9533 50665 1:0 10311
9615 50666 1:0 10391
9616 50664 1:0 10398
9625 50663 1:0 10409
9625 50633 1:0 10442
9631 50631 1:0 10522
9651 50632 1:0 10530
9746 50630 1:0 10540
9747 50600 1:0 10573
9747 50599 1:0 10653
9756 50598 1:0 10660
9756 50597 1:0 10671
9764 50567 1:0 10704
9783 50565 1:0 10784
9877 50566 1:0 10792
9878 50564 1:0 10802
9878 50532 1:0 10835
9887 50534 1:0 10915
9887 50533 1:0 10923
9895 50531 1:0 10933
9914 50501 1:0 10966
10008 50500 1:0 11046
10009 50499 1:0 11053
10018 50498 1:0 11064
10018 50468 1:0 11097
10024 50467 1:0 11177
10028 50466 1:0 11184
10029 331 1:0 12525
10057 50465 1:0 11195
11375 53349 21:0 11383
11383 53352 21:0 11449
11448 53350 21:0 11454
11453 53351 21:0 11459
11459 53385 21:0 11525
11527 53415 21:0 11535
11534 53417 21:0 11585
11584 53416 21:0 11601
11600 53418 21:0 11611
11610 53448 21:0 11629
11628 53451 21:0 11677
11679 53481 21:0 11687
11686 53483 21:0 11737
11736 53484 21:0 11753
11752 53482 21:0 11763
11762 53514 21:0 11781
11780 53516 21:0 11829
11828 53515 21:0 11834
11833 53517 21:0 11853
11852 53547 21:0 11905
11904 53550 21:0 11910
11909 53580 21:0 11915
11915 53583 21:0 11981
11980 53384 21:0 11986
11985 53548 21:0 11991
11990 53549 21:0 12055
12054 53449 21:0 12062
12061 53582 21:0 12067
12066 53383 21:0 12122
12121 53450 21:0 12138
12137 53581 21:0 12143
12142 53613 21:0 12193
12192 53382 21:0 12209
12208 53615 21:0 12219
12218 53614 21:0 12241
12240 53646 21:0 12285
12284 53649 21:0 12290
12289 53680 21:0 12309
12308 53648 21:0 12361
12360 53682 21:0 12366
12365 53616 21:0 12381
12380 53647 21:0 12437
12436 53681 21:0 12442
12441 53712 21:0 12447
12446 53679 21:0 12513
12512 53715 21:0 12518
12517 53779 21:0 12523
12522 53713 21:0 12529
12528 53748 21:0 12540
12537 52369 1:0 12676
12538 52339 1:0 12789
12538 52336 1:0 12807
12539 53746 21:0 12543
12542 53781 21:0 12549
12544 52304 1:0 12840
12547 52306 1:0 12920
12547 52305 1:0 12928
12550 52303 1:0 12938
12553 52273 1:0 13051
12566 331 21:0 12580
12573 52270 1:0 13069
12579 53745 21:0 12657
12586 52240 1:0 13102
12640 52239 1:0 13182
12656 53747 21:0 12663
12656 52238 1:0 13189
12662 53778 21:0 12671
12668 52237 1:0 13200
12669 52206 1:0 13233
12670 53714 21:0 12674
12672 52207 1:0 13313
12675 52205 1:0 13320
12678 52204 1:0 13331
12678 52172 1:0 13364
12684 52174 1:0 13444
12689 52173 1:0 13452
12717 52171 1:0 13462
12799 52141 1:0 13495
12800 52139 1:0 13575
12809 52140 1:0 13583
12809 52138 1:0 13593
12815 52108 1:0 13626
12835 52107 1:0 13706
12848 52106 1:0 13713
12930 52105 1:0 13724
12931 52075 1:0 13757
12940 52073 1:0 13837
12940 52074 1:0 13845
12946 52072 1:0 13855
12966 52042 1:0 13888
13061 52041 1:0 13968
13062 52040 1:0 13975
13062 52039 1:0 13986
13071 52009 1:0 14019
13071 52008 1:0 14099
13079 52007 1:0 14106
13098 52006 1:0 14117
13192 51974 1:0 14150
13193 51976 1:0 14230
13193 51975 1:0 14238
13202 51973 1:0 14248
13202 51943 1:0 14281
13210 51942 1:0 14361
13229 51941 1:0 14368
13241 332 1:0 15840
13323 51940 1:0 14379
13324 51910 1:0 14412
13333 51909 1:0 14492
13333 51908 1:0 14499
13339 51907 1:0 14510
13344 53781 1:0 16104
13372 53779 1:0 16111
14690 54791 21:0 14698
14697 54792 21:0 14748
14747 54793 21:0 14764
14763 54794 21:0 14774
14774 54827 21:0 14840
14842 54857 21:0 14850
14849 54859 21:0 14900
14899 54858 21:0 14916
14915 54860 21:0 14926
14925 54890 21:0 14944
14943 54892 21:0 14992
14991 54891 21:0 14997
14996 54893 21:0 15016
15015 54923 21:0 15068
15067 54924 21:0 15073
15072 54925 21:0 15078
15077 54926 21:0 15144
15143 54956 21:0 15149
15148 54959 21:0 15154
15153 54989 21:0 15210
15209 54991 21:0 15225
15224 54990 21:0 15230
15229 55023 21:0 15285
15284 55024 21:0 15301
15300 54825 21:0 15306
15305 54957 21:0 15356
15355 54826 21:0 15372
15371 54824 21:0 15382
15381 55022 21:0 15400
15399 55025 21:0 15448
15447 55056 21:0 15453
15452 55088 21:0 15472
15471 54992 21:0 15524
15523 55089 21:0 15529
15528 55090 21:0 15534
15533 55055 21:0 15600
15599 55058 21:0 15605
15604 55091 21:0 15610
15609 55124 21:0 15674
15673 55123 21:0 15681
15680 54958 21:0 15686
15685 55154 21:0 15741
15740 55057 21:0 15757
15756 55122 21:0 15762
15761 55121 21:0 15812
15811 55157 21:0 15828
15827 55155 21:0 15838
15837 55156 21:0 15844
15841 53778 1:0 16122
15843 55187 21:0 15847
15846 55254 21:0 15858
15852 53747 1:0 16155
15853 53748 1:0 16235
15857 55188 21:0 15864
15859 53746 1:0 16242
15862 53745 1:0 16253
15862 53714 1:0 16286
15863 55189 21:0 15867
15865 53715 1:0 16366
15868 53713 1:0 16373
15868 53712 1:0 16384
15881 332 21:0 15895
15888 53681 1:0 16417
15894 55221 21:0 15972
15901 53682 1:0 16497
15955 53680 1:0 16504
15983 53679 1:0 16515
15984 53647 1:0 16548
15993 53649 1:0 16628
15993 53648 1:0 16636
15999 53646 1:0 16646
16004 53616 1:0 16679
16032 53614 1:0 16759
16114 53615 1:0 16767
16115 53613 1:0 16777
16124 53581 1:0 16810
16124 53583 1:0 16890
16130 53582 1:0 16898
16150 53580 1:0 16908
16163 53549 1:0 16941
16245 53550 1:0 17021
16246 53548 1:0 17028
16255 53547 1:0 17039
16255 53517 1:0 17072
16261 53515 1:0 17152
16281 53516 1:0 17160
16376 53514 1:0 17170
16377 53482 1:0 17203
16377 53484 1:0 17283
16386 53483 1:0 17291
16386 53481 1:0 17301
16394 53450 1:0 17334
16413 53451 1:0 17414
16507 53449 1:0 17421
16508 53448 1:0 17432
16508 53418 1:0 17465
16517 53416 1:0 17545
16517 53417 1:0 17553
16525 53415 1:0 17563
16544 53383 1:0 17596
16638 53385 1:0 17676
16639 53384 1:0 17684
16648 53382 1:0 17694
16648 53351 1:0 17727
16654 53352 1:0 17807
16658 53350 1:0 17814
16659 333 1:0 19155
16687 53349 1:0 17825
18005 56233 21:0 18013
18012 56234 21:0 18063
18062 56235 21:0 18079
18078 56236 21:0 18089
18089 56269 21:0 18155
18157 56299 21:0 18165
18164 56301 21:0 18215
18214 56300 21:0 18231
18230 56302 21:0 18241
18240 56332 21:0 18259
18258 56333 21:0 18307
18306 56334 21:0 18312
18311 56335 21:0 18331
18330 56365 21:0 18383
18382 56366 21:0 18388
18387 56367 21:0 18393
18392 56368 21:0 18459
18458 56398 21:0 18464
18463 56401 21:0 18469
18468 56431 21:0 18524
18523 56433 21:0 18540
18539 56432 21:0 18545
18545 56467 21:0 18611
18610 56266 21:0 18616
18615 56400 21:0 18621
18620 56267 21:0 18683
18682 56268 21:0 18692
18691 56399 21:0 18697
18696 56434 21:0 18752
18751 56532 21:0 18768
18767 56531 21:0 18773
18772 56500 21:0 18823
18822 56465 21:0 18839
18838 56530 21:0 18849
18848 56466 21:0 18869
18868 56499 21:0 18915
18914 56464 21:0 18920
18919 56498 21:0 18939
18938 56533 21:0 18991
18990 56598 21:0 18996
18995 56631 21:0 19001
19000 56599 21:0 19067
19066 56632 21:0 19072
19071 56564 21:0 19077
19076 56597 21:0 19135
19134 56629 21:0 19148
19147 56566 21:0 19153
19152 56630 21:0 19159
19158 56565 21:0 19170
19167 55254 1:0 19295
19168 55221 1:0 19426
19168 55189 1:0 19550
19169 56698 21:0 19173
19172 56563 21:0 19179
19174 55188 1:0 19557
19177 55187 1:0 19568
19177 55156 1:0 19601
19178 56497 21:0 19184
19180 55157 1:0 19681
19183 55155 1:0 19688
19185 55154 1:0 19699
19196 333 21:0 19210
19203 55122 1:0 19732
19209 56665 21:0 19285
19216 55124 1:0 19812
19270 55123 1:0 19820
19298 55121 1:0 19830
19299 55091 1:0 19863
19308 55090 1:0 19943
19308 55089 1:0 19950
19314 55088 1:0 19961
19319 55057 1:0 19994
19347 55058 1:0 20074
19429 55056 1:0 20081
19430 55055 1:0 20092
19439 55025 1:0 20125
19439 55024 1:0 20205
19445 55023 1:0 20212
19465 55022 1:0 20223
19478 54992 1:0 20256
19560 54990 1:0 20336
19561 54991 1:0 20344
19570 54989 1:0 20354
19570 54958 1:0 20387
19576 54959 1:0 20467
19596 54957 1:0 20474
19691 54956 1:0 20485
19692 54926 1:0 20518
19692 54925 1:0 20598
19701 54924 1:0 20605
19701 54923 1:0 20616
19709 54893 1:0 20649
19728 54891 1:0 20729
19822 54892 1:0 20737
19823 54890 1:0 20747
19823 54860 1:0 20780
19832 54858 1:0 20860
19832 54859 1:0 20868
19840 54857 1:0 20878
19859 54826 1:0 20911
19953 54827 1:0 20991
19954 54825 1:0 20998
19963 54824 1:0 21009
19963 54794 1:0 21042
19969 54793 1:0 21122
19973 54792 1:0 21129
19974 334 1:0 22470
20002 54791 1:0 21140
21320 57675 21:0 21328
21327 57677 21:0 21378
21377 57676 21:0 21394
21396 57708 21:0 21404
21404 57711 21:0 21470
21472 57741 21:0 21480
21479 57743 21:0 21530
21529 57742 21:0 21546
21545 57744 21:0 21556
21555 57774 21:0 21574
21573 57776 21:0 21622
21621 57775 21:0 21627
21626 57777 21:0 21646
21645 57807 21:0 21698
21697 57808 21:0 21703
21702 57809 21:0 21708
21707 57810 21:0 21774
21773 57840 21:0 21779
21778 57843 21:0 21784
21783 57873 21:0 21839
21838 57874 21:0 21855
21854 57875 21:0 21860
21860 57909 21:0 21926
21925 57876 21:0 21931
21930 57908 21:0 21936
21935 57710 21:0 21999
21998 57841 21:0 22007
22006 57678 21:0 22012
22011 57907 21:0 22067
22066 57842 21:0 22083
22082 57709 21:0 22088
22087 57906 21:0 22138
22137 58008 21:0 22154
22153 57975 21:0 22164
22163 58007 21:0 22182
22181 58005 21:0 22230
22229 57942 21:0 22235
22234 58006 21:0 22254
22253 57939 21:0 22306
22305 57973 21:0 22311
22310 57972 21:0 22316
22315 57940 21:0 22382
22381 58040 21:0 22387
22386 58071 21:0 22392
22391 58041 21:0 22451
22450 58073 21:0 22463
22462 58074 21:0 22468
22467 58106 21:0 22474
22473 58072 21:0 22485
22482 56698 1:0 22603
22483 56665 1:0 22734
22483 56630 1:0 22785
22484 58105 21:0 22488
22487 57941 21:0 22494
22489 56632 1:0 22865
22492 56631 1:0 22873
22492 56629 1:0 22883
22493 58038 21:0 22501
22495 56597 1:0 22916
22498 56599 1:0 22996
22502 56598 1:0 23004
22511 334 21:0 22525
22518 56565 1:0 23047
22524 58138 21:0 22601
22531 56566 1:0 23127
22585 56564 1:0 23134
22600 58104 21:0 22608
22601 56563 1:0 23145
22613 56533 1:0 23178
22614 56531 1:0 23258
22623 56532 1:0 23266
22623 56530 1:0 23276
22629 56498 1:0 23309
22634 56500 1:0 23389
22662 56499 1:0 23397
22744 56497 1:0 23407
22745 56466 1:0 23440
22754 56467 1:0 23520
22754 56465 1:0 23527
22760 56464 1:0 23538
22780 56434 1:0 23571
22793 56432 1:0 23651
22875 56433 1:0 23659
22876 56431 1:0 23669
22885 56399 1:0 23702
22885 56401 1:0 23782
22891 56400 1:0 23790
22911 56398 1:0 23800
23006 56368 1:0 23833
23007 56367 1:0 23913
23007 56366 1:0 23920
23016 56365 1:0 23931
23016 56335 1:0 23964
23024 56334 1:0 24044
23043 56333 1:0 24051
23137 56332 1:0 24062
23138 56302 1:0 24095
23138 56300 1:0 24175
23147 56301 1:0 24183
23147 56299 1:0 24193
23155 56268 1:0 24226
23174 56269 1:0 24306
23268 56267 1:0 24313
23269 56266 1:0 24324
23278 56236 1:0 24357
23278 56235 1:0 24437
23284 56234 1:0 24444
23288 56233 1:0 24455
23289 335 1:0 25785
24635 59117 21:0 24643
24642 59119 21:0 24693
24692 59118 21:0 24709
24711 59150 21:0 24719
24719 59153 21:0 24785
24787 59183 21:0 24795
24794 59185 21:0 24845
24844 59184 21:0 24861
24860 59186 21:0 24871
24870 59216 21:0 24889
24888 59218 21:0 24937
24936 59217 21:0 24942
24941 59219 21:0 24961
24960 59249 21:0 25013
25012 59252 21:0 25018
25017 59282 21:0 25023
25022 59283 21:0 25089
25088 59284 21:0 25094
25093 59285 21:0 25099
25098 59315 21:0 25154
25153 59317 21:0 25170
25169 59348 21:0 25175
25175 59351 21:0 25241
25240 59152 21:0 25246
25245 59251 21:0 25251
25250 59316 21:0 25316
25315 59250 21:0 25322
25324 59416 21:0 25341
25340 59382 21:0 25393
25392 59318 21:0 25398
25397 59383 21:0 25417
25416 59151 21:0 25469
25468 59415 21:0 25474
25473 59120 21:0 25479
25478 59384 21:0 25545
25544 59381 21:0 25550
25549 59414 21:0 25555
25554 59483 21:0 25610
25609 59447 21:0 25626
25625 59482 21:0 25631
25630 59480 21:0 25686
25685 59350 21:0 25697
25696 59448 21:0 25707
25706 59516 21:0 25751
25750 59514 21:0 25773
25772 59417 21:0 25783
25782 59449 21:0 25789
25786 58138 1:0 25925
25788 59481 21:0 25792
25791 59450 21:0 25800
25797 58105 1:0 26049
25798 58106 1:0 26057
25798 58104 1:0 26067
25799 59513 21:0 25809
25807 58072 1:0 26100
25807 58074 1:0 26180
25808 59349 21:0 25812
25810 58073 1:0 26188
25813 58071 1:0 26198
25813 58041 1:0 26311
25826 335 21:0 25840
25833 58040 1:0 26319
25839 59546 21:0 25917
25846 58038 1:0 26329
25900 58006 1:0 26362
25916 59515 21:0 25923
25916 58008 1:0 26442
25928 58007 1:0 26450
25929 58005 1:0 26460
25938 57975 1:0 26573
25938 57973 1:0 26580
25944 57972 1:0 26591
25949 57941 1:0 26624
25977 57942 1:0 26704
26059 57940 1:0 26711
26060 57939 1:0 26722
26069 57907 1:0 26755
26069 57909 1:0 26835
26075 57908 1:0 26843
26095 57906 1:0 26853
26108 57876 1:0 26886
26190 57875 1:0 26966
26191 57874 1:0 26973
26200 57873 1:0 26984
26200 57842 1:0 27017
26206 57843 1:0 27097
26226 57841 1:0 27104
26321 57840 1:0 27115
26322 57810 1:0 27148
26322 57809 1:0 27228
26331 57808 1:0 27235
26331 57807 1:0 27246
26339 57777 1:0 27279
26358 57775 1:0 27359
26452 57776 1:0 27367
26453 57774 1:0 27377
26453 57744 1:0 27410
26462 57742 1:0 27490
26462 57743 1:0 27498
26470 57741 1:0 27508
26489 57709 1:0 27541
26583 57711 1:0 27621
26584 57710 1:0 27629
26593 57708 1:0 27639
26593 57678 1:0 27672
26599 57676 1:0 27752
26603 57677 1:0 27760
26604 336 1:0 29100
26632 57675 1:0 27770
27950 60559 21:0 27958
27957 60561 21:0 28008
28007 60560 21:0 28024
28031 60593 21:0 28048
28047 60594 21:0 28100
28099 60595 21:0 28105
28104 60625 21:0 28124
28123 60628 21:0 28176
28178 60658 21:0 28186
28185 60660 21:0 28236
28235 60659 21:0 28252
28251 60661 21:0 28262
28261 60691 21:0 28280
28279 60693 21:0 28328
28327 60692 21:0 28333
28332 60694 21:0 28352
28351 60724 21:0 28404
28403 60726 21:0 28409
28408 60725 21:0 28414
28413 60727 21:0 28480
28479 60757 21:0 28485
28484 60760 21:0 28490
28489 60792 21:0 28547
28546 60791 21:0 28561
28560 60823 21:0 28566
28565 60627 21:0 28621
28620 60626 21:0 28637
28636 60592 21:0 28642
28641 60759 21:0 28692
28691 60793 21:0 28708
28707 60562 21:0 28718
28717 60758 21:0 28736
28735 60790 21:0 28784
28783 60890 21:0 28789
28788 60824 21:0 28808
28807 60859 21:0 28860
28859 60858 21:0 28865
28864 60891 21:0 28870
28869 60826 21:0 28936
28935 60856 21:0 28941
28940 60889 21:0 28946
28945 60857 21:0 29007
29006 60825 21:0 29017
29016 60990 21:0 29022
29021 60924 21:0 29077
29076 60922 21:0 29093
29092 60956 21:0 29098
29097 60923 21:0 29104
29101 59546 1:0 29382
29103 60988 21:0 29107
29106 60991 21:0 29118
29112 59515 1:0 29415
29113 59516 1:0 29495
29117 60892 21:0 29124
29119 59514 1:0 29502
29122 59513 1:0 29513
29122 59481 1:0 29546
29123 60957 21:0 29127
29125 59483 1:0 29626
29128 59482 1:0 29634
29128 59480 1:0 29644
29141 336 21:0 29155
29148 59450 1:0 29677
29161 59449 1:0 29757
29243 59448 1:0 29764
29244 59447 1:0 29775
29253 59417 1:0 29808
29253 59415 1:0 29888
29259 59416 1:0 29896
29264 59414 1:0 29906
29292 59384 1:0 29939
29374 59383 1:0 30019
29375 59382 1:0 30026
29384 59381 1:0 30037
29384 59349 1:0 30070
29390 59351 1:0 30150
29410 59350 1:0 30158
29423 59348 1:0 30168
29505 59318 1:0 30201
29506 59316 1:0 30281
29515 59317 1:0 30289
29515 59315 1:0 30299
29521 59285 1:0 30332
29541 59284 1:0 30412
29636 59283 1:0 30419
29637 59282 1:0 30430
29637 59250 1:0 30463
29646 59252 1:0 30543
29646 59251 1:0 30551
29654 59249 1:0 30561
29673 59219 1:0 30594
29767 59217 1:0 30674
29768 59218 1:0 30682
29768 59216 1:0 30692
29777 59186 1:0 30725
29777 59184 1:0 30805
29785 59185 1:0 30813
29804 59183 1:0 30823
29898 59151 1:0 30856
29899 59153 1:0 30936
29908 59152 1:0 30944
29908 59150 1:0 30954
29914 59120 1:0 30987
29918 59118 1:0 31067
29919 337 1:0 32415
29947 59119 1:0 31075
30029 59117 1:0 31085
31265 62001 21:0 31273
31272 62003 21:0 31323
31322 62002 21:0 31339
31338 62004 21:0 31349
31348 62036 21:0 31367
31366 62035 21:0 31415
31414 62037 21:0 31420
31419 62067 21:0 31439
31438 62069 21:0 31491
31493 62100 21:0 31501
31500 62102 21:0 31551
31550 62101 21:0 31567
31566 62103 21:0 31577
31576 62133 21:0 31595
31594 62134 21:0 31643
31642 62135 21:0 31648
31647 62136 21:0 31667
31666 62166 21:0 31719
31718 62167 21:0 31724
31723 62199 21:0 31729
31728 62201 21:0 31795
31794 62200 21:0 31800
31799 62202 21:0 31805
31804 62034 21:0 31860
31859 62232 21:0 31876
31875 62068 21:0 31881
31880 62168 21:0 31936
31935 62070 21:0 31952
31951 62169 21:0 31957
31956 62298 21:0 32007
32006 62300 21:0 32023
32022 62234 21:0 32033
32032 62235 21:0 32051
32050 62233 21:0 32099
32098 62268 21:0 32104
32103 62301 21:0 32123
32122 62266 21:0 32175
32174 62267 21:0 32180
32179 62265 21:0 32185
32184 62399 21:0 32251
32250 62398 21:0 32256
32255 62397 21:0 32261
32260 62331 21:0 32322
32321 62334 21:0 32332
32331 62366 21:0 32337
32336 62332 21:0 32392
32391 62333 21:0 32408
32407 62364 21:0 32413
32412 62367 21:0 32419
32416 60991 1:0 32679
32418 62431 21:0 32422
32421 62400 21:0 32433
32427 60990 1:0 32687
32428 60988 1:0 32697
32432 62433 21:0 32439
32434 60957 1:0 32810
32437 60956 1:0 32817
32437 60923 1:0 32941
32438 62465 21:0 32442
32440 60924 1:0 32949
32443 60922 1:0 32959
32443 60892 1:0 32992
32456 337 21:0 32470
32463 60891 1:0 33072
32476 60890 1:0 33079
32558 60889 1:0 33090
32559 60857 1:0 33123
32568 60859 1:0 33203
32568 60858 1:0 33211
32574 60856 1:0 33221
32579 60825 1:0 33254
32607 60826 1:0 33334
32689 60824 1:0 33341
32690 60823 1:0 33352
32699 60793 1:0 33385
32699 60791 1:0 33465
32705 60792 1:0 33473
32725 60790 1:0 33483
32738 60758 1:0 33516
32820 60760 1:0 33596
32821 60759 1:0 33604
32830 60757 1:0 33614
32830 60727 1:0 33647
32836 60725 1:0 33727
32856 60726 1:0 33735
32951 60724 1:0 33745
32952 60694 1:0 33778
32952 60692 1:0 33858
32961 60693 1:0 33866
32961 60691 1:0 33876
32969 60661 1:0 33909
32988 60659 1:0 33989
33082 60660 1:0 33997
33083 60658 1:0 34007
33083 60626 1:0 34040
33092 60628 1:0 34120
33092 60627 1:0 34128
33100 60625 1:0 34138
33119 60595 1:0 34171
33213 60594 1:0 34251
33214 60593 1:0 34258
33223 60592 1:0 34269
33223 60562 1:0 34302
33229 60560 1:0 34382
33233 60561 1:0 34390
33234 338 1:0 35730
33262 60559 1:0 34400
34580 63443 21:0 34588
34588 63446 21:0 34654
34656 63476 21:0 34664
34663 63477 21:0 34714
34713 63478 21:0 34730
34729 63479 21:0 34740
34739 63509 21:0 34758
34757 63512 21:0 34806
34808 63542 21:0 34816
34815 63544 21:0 34866
34865 63543 21:0 34882
34881 63545 21:0 34892
34891 63575 21:0 34910
34909 63577 21:0 34958
34957 63576 21:0 34963
34962 63578 21:0 34982
34981 63608 21:0 35034
35033 63610 21:0 35039
35038 63609 21:0 35044
35043 63611 21:0 35110
35109 63641 21:0 35115
35114 63674 21:0 35120
35120 63677 21:0 35186
35185 63644 21:0 35191
35190 63444 21:0 35196
35195 63511 21:0 35260
35259 63643 21:0 35267
35266 63676 21:0 35272
35271 63675 21:0 35327
35326 63510 21:0 35343
35342 63445 21:0 35348
35347 63642 21:0 35398
35397 63743 21:0 35414
35413 63776 21:0 35424
35423 63707 21:0 35446
35445 63740 21:0 35490
35489 63775 21:0 35495
35494 63742 21:0 35514
35513 63774 21:0 35566
35565 63741 21:0 35571
35570 63773 21:0 35585
35584 63708 21:0 35642
35641 63841 21:0 35647
35646 63840 21:0 35652
35651 63875 21:0 35718
35717 63709 21:0 35723
35722 63874 21:0 35728
35727 63710 21:0 35734
35733 63808 21:0 35745
35742 62465 1:0 35871
35743 62433 1:0 35994
35743 62431 1:0 36001
35744 63842 21:0 35748
35747 63873 21:0 35754
35749 62400 1:0 36045
35752 62398 1:0 36125
35752 62399 1:0 36133
35755 62397 1:0 36143
35758 62367 1:0 36256
35771 338 21:0 35785
35778 62366 1:0 36264
35784 63806 21:0 35864
35791 62364 1:0 36274
35845 62333 1:0 36307
35863 63938 21:0 35868
35865 62334 1:0 36387
35873 62332 1:0 36394
35874 62331 1:0 36405
35883 62301 1:0 36518
35883 62300 1:0 36526
35889 62298 1:0 36536
35894 62267 1:0 36569
35922 62268 1:0 36649
36004 62266 1:0 36656
36005 62265 1:0 36667
36014 62233 1:0 36700
36014 62235 1:0 36780
36020 62234 1:0 36788
36040 62232 1:0 36798
36053 62202 1:0 36831
36135 62200 1:0 36911
36136 62201 1:0 36919
36145 62199 1:0 36929
36145 62169 1:0 36962
36151 62168 1:0 37042
36171 62167 1:0 37049
36266 62166 1:0 37060
36267 62136 1:0 37093
36267 62135 1:0 37173
36276 62134 1:0 37180
36276 62133 1:0 37191
36284 62103 1:0 37224
36303 62101 1:0 37304
36397 62102 1:0 37312
36398 62100 1:0 37322
36398 62070 1:0 37355
36407 62068 1:0 37435
36407 62069 1:0 37443
36415 62067 1:0 37453
36434 62037 1:0 37486
36528 62035 1:0 37566
36529 62036 1:0 37574
36538 62034 1:0 37584
36538 62004 1:0 37617
36544 62002 1:0 37697
36548 62003 1:0 37705
36549 339 1:0 39045
36577 62001 1:0 37715
37895 64885 21:0 37903
37902 64887 21:0 37953
37952 64886 21:0 37969
37968 64888 21:0 37979
37979 64921 21:0 38045
38047 64951 21:0 38055
38054 64953 21:0 38105
38104 64952 21:0 38121
38120 64954 21:0 38131
38130 64984 21:0 38149
38148 64985 21:0 38197
38196 64986 21:0 38202
38201 64987 21:0 38221
38220 65017 21:0 38273
38272 65020 21:0 38278
38277 65050 21:0 38283
38282 65052 21:0 38349
38348 65051 21:0 38354
38353 65053 21:0 38359
38358 65083 21:0 38417
38416 65085 21:0 38430
38429 65084 21:0 38435
38434 65118 21:0 38490
38489 65117 21:0 38506
38505 65019 21:0 38511
38510 65086 21:0 38561
38560 65149 21:0 38577
38576 65119 21:0 38587
38586 65152 21:0 38605
38604 65182 21:0 38653
38652 65151 21:0 38658
38657 65018 21:0 38677
38676 64920 21:0 38729
38728 65116 21:0 38734
38733 65150 21:0 38740
38739 64918 21:0 38805
38804 64919 21:0 38810
38809 65215 21:0 38815
38814 65248 21:0 38881
38880 65250 21:0 38886
38885 65184 21:0 38891
38890 65218 21:0 38946
38945 65251 21:0 38962
38961 65249 21:0 38967
38966 65183 21:0 39017
39016 65185 21:0 39033
39032 65216 21:0 39043
39042 65314 21:0 39049
39046 63938 1:0 39065
39048 65315 21:0 39052
39051 65316 21:0 39063
39057 63873 1:0 39229
39058 63875 1:0 39309
39062 65284 21:0 39069
39064 63874 1:0 39317
39067 63842 1:0 39357
39067 63840 1:0 39440
39068 65347 21:0 39072
39070 63841 1:0 39448
39073 63808 1:0 39579
39073 63806 1:0 39589
39086 339 21:0 39100
39093 63774 1:0 39622
39099 65217 21:0 39179
39106 63776 1:0 39702
39160 63775 1:0 39710
39178 65281 21:0 39183
39180 63773 1:0 39720
39182 65350 21:0 39191
39188 63741 1:0 39753
39189 63743 1:0 39833
39190 65317 21:0 39194
39192 63742 1:0 39841
39193 65348 21:0 39203
39195 63740 1:0 39851
39198 63710 1:0 39884
39198 63709 1:0 39964
39204 63708 1:0 39971
39204 63707 1:0 39982
39209 63675 1:0 40015
39237 63677 1:0 40095
39319 63676 1:0 40103
39320 63674 1:0 40113
39329 63642 1:0 40146
39329 63644 1:0 40226
39335 63643 1:0 40234
39355 63641 1:0 40244
39368 63611 1:0 40277
39450 63609 1:0 40357
39451 63610 1:0 40365
39460 63608 1:0 40375
39460 63578 1:0 40408
39466 63576 1:0 40488
39486 63577 1:0 40496
39581 63575 1:0 40506
39582 63545 1:0 40539
39582 63543 1:0 40619
39591 63544 1:0 40627
39591 63542 1:0 40637
39599 63510 1:0 40670
39618 63512 1:0 40750
39712 63511 1:0 40758
39713 63509 1:0 40768
39713 63479 1:0 40801
39722 63478 1:0 40881
39722 63477 1:0 40888
39730 63476 1:0 40899
39749 63445 1:0 40932
39761 340 1:0 42360
39843 63446 1:0 41012
39844 63444 1:0 41019
39853 63443 1:0 41030
39853 65350 1:0 42493
39859 65348 1:0 42500
39864 65347 1:0 42511
39892 65317 1:0 42544
41210 66327 21:0 41218
41218 66330 21:0 41284
41286 66360 21:0 41294
41293 66361 21:0 41344
41343 66362 21:0 41360
41359 66363 21:0 41370
41369 66393 21:0 41388
41387 66396 21:0 41436
41438 66426 21:0 41446
41445 66427 21:0 41496
41495 66428 21:0 41512
41511 66429 21:0 41522
41521 66459 21:0 41540
41539 66461 21:0 41588
41587 66460 21:0 41593
41592 66462 21:0 41612
41611 66492 21:0 41664
41663 66493 21:0 41669
41668 66494 21:0 41674
41673 66495 21:0 41740
41739 66525 21:0 41745
41744 66558 21:0 41750
41750 66561 21:0 41816
41815 66328 21:0 41821
41820 66395 21:0 41826
41825 66329 21:0 41892
41891 66394 21:0 41897
41896 66527 21:0 41902
41901 66526 21:0 41957
41956 66528 21:0 41973
41972 66624 21:0 41978
41977 66594 21:0 42028
42027 66593 21:0 42044
42043 66560 21:0 42054
42053 66592 21:0 42076
42075 66626 21:0 42120
42119 66591 21:0 42125
42124 66625 21:0 42144
42143 66559 21:0 42196
42195 66724 21:0 42201
42200 66627 21:0 42217
42216 66657 21:0 42272
42271 66690 21:0 42277
42276 66659 21:0 42282
42281 66692 21:0 42348
42347 66693 21:0 42353
42352 66725 21:0 42358
42357 66658 21:0 42364
42363 66758 21:0 42375
42372 65316 1:0 42624
42373 65315 1:0 42631
42373 65314 1:0 42642
42374 66757 21:0 42378
42377 66726 21:0 42384
42379 65284 1:0 42755
42382 65281 1:0 42773
42382 65249 1:0 42806
42385 65251 1:0 42886
42388 65250 1:0 42894
42401 340 21:0 42415
42408 65248 1:0 42904
42414 66789 21:0 42495
42421 65217 1:0 42937
42475 65218 1:0 43017
42494 66723 21:0 42498
42496 65216 1:0 43024
42497 66660 21:0 42506
42503 65215 1:0 43035
42504 65185 1:0 43068
42505 66691 21:0 42509
42507 65183 1:0 43148
42508 66756 21:0 42518
42510 65184 1:0 43156
42513 65182 1:0 43166
42513 65150 1:0 43199
42517 66790 21:0 42546
42519 65152 1:0 43279
42519 65151 1:0 43287
42524 65149 1:0 43297
42545 66792 21:0 42626
42547 65119 1:0 43330
42552 65117 1:0 43410
42606 65118 1:0 43418
42634 65116 1:0 43428
42635 65086 1:0 43461
42644 65084 1:0 43541
42644 65085 1:0 43549
42650 65083 1:0 43559
42670 65053 1:0 43592
42683 65051 1:0 43672
42765 65052 1:0 43680
42766 65050 1:0 43690
42775 65018 1:0 43723
42775 65020 1:0 43803
42781 65019 1:0 43811
42801 65017 1:0 43821
42896 64987 1:0 43854
42897 64986 1:0 43934
42897 64985 1:0 43941
42906 64984 1:0 43952
42906 64954 1:0 43985
42914 64952 1:0 44065
42933 64953 1:0 44073
43027 64951 1:0 44083
43028 64919 1:0 44116
43028 64921 1:0 44196
43037 64920 1:0 44204
43037 64918 1:0 44214
43045 64888 1:0 44247
43064 64886 1:0 44327
43076 341 1:0 45675
43158 64887 1:0 44335
43159 64885 1:0 44345
43168 66792 1:0 45808
43168 66790 1:0 45815
43174 66789 1:0 45826
43179 66757 1:0 45939
43207 66758 1:0 45947
44525 67769 21:0 44533
44532 67771 21:0 44583
44582 67770 21:0 44599
44598 67772 21:0 44609
44609 67805 21:0 44675
44677 67835 21:0 44685
44684 67837 21:0 44735
44734 67838 21:0 44751
44750 67836 21:0 44761
44760 67868 21:0 44779
44778 67871 21:0 44827
44829 67901 21:0 44837
44836 67902 21:0 44887
44886 67903 21:0 44903
44902 67904 21:0 44913
44912 67934 21:0 44931
44930 67936 21:0 44979
44978 67935 21:0 44984
44983 67937 21:0 45003
45002 67967 21:0 45055
45054 67968 21:0 45060
45059 67969 21:0 45065
45064 67970 21:0 45131
45130 68003 21:0 45136
45135 67870 21:0 45141
45140 68001 21:0 45196
45195 67804 21:0 45212
45211 68002 21:0 45217
45216 67802 21:0 45272
45271 68000 21:0 45285
45284 67869 21:0 45293
45292 67803 21:0 45343
45342 68100 21:0 45359
45358 68101 21:0 45369
45368 68069 21:0 45387
45386 68068 21:0 45435
45434 68033 21:0 45440
45439 68035 21:0 45459
45458 68102 21:0 45511
45510 68066 21:0 45516
45515 68036 21:0 45521
45520 68099 21:0 45587
45586 68132 21:0 45592
45591 68167 21:0 45597
45596 68067 21:0 45652
45651 68198 21:0 45668
45667 68135 21:0 45673
45672 68166 21:0 45679
45678 68200 21:0 45686
45685 68165 21:0 45693
45687 66756 1:0 45957
45687 66726 1:0 45990
45688 66725 1:0 46070
45692 68134 21:0 45699
45694 66724 1:0 46077
45697 66723 1:0 46088
45697 66691 1:0 46121
45698 68133 21:0 45702
45700 66693 1:0 46201
45703 66692 1:0 46209
45703 66690 1:0 46219
45716 341 21:0 45730
45723 66660 1:0 46252
45736 66658 1:0 46332
45818 66659 1:0 46340
45819 66657 1:0 46350
45828 66627 1:0 46383
45828 66625 1:0 46463
45834 66626 1:0 46471
45839 66624 1:0 46481
45867 66592 1:0 46514
45949 66594 1:0 46594
45950 66593 1:0 46602
45959 66591 1:0 46612
45959 66559 1:0 46645
45965 66561 1:0 46725
45985 66560 1:0 46733
45998 66558 1:0 46743
46080 66528 1:0 46776
46081 66526 1:0 46856
46090 66527 1:0 46864
46090 66525 1:0 46874
46096 66495 1:0 46907
46116 66494 1:0 46987
46211 66493 1:0 46994
46212 66492 1:0 47005
46212 66462 1:0 47038
46221 66460 1:0 47118
46221 66461 1:0 47126
46229 66459 1:0 47136
46248 66429 1:0 47169
46342 66428 1:0 47249
46343 66427 1:0 47256
46343 66426 1:0 47267
46352 66394 1:0 47300
46352 66396 1:0 47380
46360 66395 1:0 47388
46379 66393 1:0 47398
46473 66363 1:0 47431
46474 66362 1:0 47511
46483 66361 1:0 47518
46483 66360 1:0 47529
46489 66329 1:0 47562
46493 66330 1:0 47642
46494 342 1:0 48990
46522 66328 1:0 47649
46604 66327 1:0 47660
47840 69211 21:0 47848
47847 69212 21:0 47898
47897 69213 21:0 47914
47913 69214 21:0 47924
47923 69244 21:0 47942
47941 69247 21:0 47990
47992 69277 21:0 48000
47999 69279 21:0 48050
48049 69278 21:0 48066
48065 69280 21:0 48076
48075 69310 21:0 48094
48093 69311 21:0 48142
48141 69312 21:0 48147
48146 69313 21:0 48166
48165 69343 21:0 48218
48217 69345 21:0 48223
48222 69344 21:0 48228
48227 69346 21:0 48294
48293 69376 21:0 48299
48298 69379 21:0 48304
48303 69409 21:0 48360
48359 69411 21:0 48375
48374 69410 21:0 48380
48379 69412 21:0 48435
48434 69377 21:0 48451
48450 69245 21:0 48456
48455 69445 21:0 48506
48505 69378 21:0 48522
48521 69478 21:0 48532
48531 69477 21:0 48550
48549 69246 21:0 48598
48597 69442 21:0 48603
48602 69475 21:0 48622
48621 69444 21:0 48674
48673 69443 21:0 48679
48678 69476 21:0 48684
48683 69510 21:0 48750
48749 69541 21:0 48755
48754 69544 21:0 48760
48759 69542 21:0 48819
48818 69543 21:0 48831
48830 69508 21:0 48836
48835 69574 21:0 48891
48890 69577 21:0 48907
48906 69575 21:0 48912
48911 69511 21:0 48962
48961 69673 21:0 48978
48977 69608 21:0 48988
48987 69643 21:0 48994
48991 68200 1:0 49262
48993 69509 21:0 48997
48996 69674 21:0 49001
49000 69640 21:0 49001
49000 69609 21:0 49008
49002 68198 1:0 49272
49002 68166 1:0 49385
49002 68167 1:0 49393
49003 68165 1:0 49403
49009 68133 1:0 49436
49012 68135 1:0 49516
49012 68134 1:0 49524
49018 68132 1:0 49534
49031 342 21:0 49045
49038 68102 1:0 49567
49051 68101 1:0 49647
49133 68100 1:0 49654
49134 68099 1:0 49665
49143 68067 1:0 49698
49143 68069 1:0 49778
49149 68068 1:0 49786
49154 68066 1:0 49796
49182 68036 1:0 49909
49264 68035 1:0 49917
49265 68033 1:0 49927
49274 68002 1:0 49960
49274 68003 1:0 50040
49280 68001 1:0 50047
49300 68000 1:0 50058
49313 67970 1:0 50091
49395 67969 1:0 50171
49396 67968 1:0 50178
49405 67967 1:0 50189
49405 67937 1:0 50222
49411 67935 1:0 50302
49431 67936 1:0 50310
49526 67934 1:0 50320
49527 67904 1:0 50353
49527 67903 1:0 50433
49536 67902 1:0 50440
49536 67901 1:0 50451
49544 67869 1:0 50484
49563 67871 1:0 50564
49657 67870 1:0 50572
49658 67868 1:0 50582
49658 67836 1:0 50615
49667 67838 1:0 50695
49667 67837 1:0 50703
49675 67835 1:0 50713
49694 67803 1:0 50746
49788 67805 1:0 50826
49789 67804 1:0 50834
49798 67802 1:0 50844
49798 67772 1:0 50877
49804 67770 1:0 50957
49808 67771 1:0 50965
49809 343 1:0 52305
49837 67769 1:0 50975
51155 70653 21:0 51163
51162 70655 21:0 51213
51212 70654 21:0 51229
51236 70687 21:0 51253
51252 70688 21:0 51305
51304 70689 21:0 51310
51309 70719 21:0 51329
51328 70722 21:0 51381
51383 70752 21:0 51391
51390 70753 21:0 51441
51440 70755 21:0 51457
51456 70754 21:0 51467
51466 70785 21:0 51485
51484 70787 21:0 51533
51532 70786 21:0 51538
51537 70788 21:0 51557
51556 70818 21:0 51609
51608 70820 21:0 51614
51613 70819 21:0 51619
51618 70821 21:0 51685
51684 70851 21:0 51690
51689 70884 21:0 51695
51695 70887 21:0 51761
51760 70656 21:0 51766
51765 70720 21:0 51771
51770 70721 21:0 51833
51832 70852 21:0 51842
51841 70686 21:0 51847
51846 70853 21:0 51902
51901 70854 21:0 51918
51917 70885 21:0 51923
51922 70920 21:0 51973
51972 70983 21:0 51989
51988 70919 21:0 51999
51998 70917 21:0 52021
52020 70950 21:0 52065
52064 70951 21:0 52070
52069 70918 21:0 52089
52088 70953 21:0 52141
52140 70886 21:0 52146
52145 70985 21:0 52152
52151 71019 21:0 52217
52216 71050 21:0 52222
52221 70952 21:0 52227
52226 71052 21:0 52290
52289 71051 21:0 52298
52297 71017 21:0 52303
52302 71049 21:0 52309
52308 70986 21:0 52320
52317 69674 1:0 52445
52318 69673 1:0 52456
52318 69643 1:0 52569
52319 70984 21:0 52323
52322 71083 21:0 52329
52324 69640 1:0 52587
52327 69609 1:0 52700
52327 69608 1:0 52707
52328 71117 21:0 52341
52330 69577 1:0 52831
52333 69575 1:0 52838
52338 69574 1:0 52849
52346 343 21:0 52360
52353 69543 1:0 52882
52359 71084 21:0 52437
52366 69544 1:0 52962
52420 69542 1:0 52969
52448 69541 1:0 52980
52449 69509 1:0 53013
52458 69511 1:0 53093
52458 69510 1:0 53101
52464 69508 1:0 53111
52469 69476 1:0 53144
52497 69478 1:0 53224
52579 69477 1:0 53232
52580 69475 1:0 53242
52589 69443 1:0 53275
52589 69445 1:0 53355
52595 69444 1:0 53363
52615 69442 1:0 53373
52628 69412 1:0 53406
52710 69410 1:0 53486
52711 69411 1:0 53494
52720 69409 1:0 53504
52720 69378 1:0 53537
52726 69379 1:0 53617
52746 69377 1:0 53624
52841 69376 1:0 53635
52842 69346 1:0 53668
52842 69344 1:0 53748
52851 69345 1:0 53756
52851 69343 1:0 53766
52859 69313 1:0 53799
52878 69312 1:0 53879
52972 69311 1:0 53886
52973 69310 1:0 53897
52973 69280 1:0 53930
52982 69278 1:0 54010
52982 69279 1:0 54018
52990 69277 1:0 54028
53009 69246 1:0 54061
53103 69247 1:0 54141
53104 69245 1:0 54148
53113 69244 1:0 54159
53113 69214 1:0 54192
53119 69213 1:0 54272
53123 69212 1:0 54279
53124 344 1:0 55620
53152 69211 1:0 54290
54470 72095 21:0 54478
54477 72096 21:0 54528
54527 72097 21:0 54544
54546 72128 21:0 54554
54554 72131 21:0 54620
54622 72161 21:0 54630
54629 72163 21:0 54680
54679 72162 21:0 54696
54695 72164 21:0 54706
54705 72194 21:0 54724
54723 72196 21:0 54772
54771 72195 21:0 54777
54776 72197 21:0 54796
54795 72227 21:0 54848
54847 72229 21:0 54853
54852 72228 21:0 54858
54857 72230 21:0 54924
54923 72260 21:0 54929
54928 72263 21:0 54934
54933 72293 21:0 54991
54990 72295 21:0 55005
55004 72294 21:0 55010
55009 72328 21:0 55065
55064 72327 21:0 55081
55080 72129 21:0 55086
55085 72296 21:0 55136
55135 72098 21:0 55152
55151 72262 21:0 55162
55161 72329 21:0 55180
55179 72261 21:0 55228
55227 72130 21:0 55233
55232 72359 21:0 55252
55251 72326 21:0 55304
55303 72361 21:0 55309
55308 72458 21:0 55314
55313 72392 21:0 55380
55379 72426 21:0 55385
55384 72393 21:0 55390
55389 72425 21:0 55452
55451 72360 21:0 55461
55460 72428 21:0 55466
55465 72427 21:0 55521
55520 72394 21:0 55537
55536 72362 21:0 55542
55541 72493 21:0 55592
55591 72459 21:0 55608
55607 72527 21:0 55618
55617 72524 21:0 55624
55621 71117 1:0 55761
55623 72491 21:0 55627
55626 72557 21:0 55638
55632 71084 1:0 55884
55633 71083 1:0 55891
55637 72526 21:0 55644
55639 71051 1:0 55935
55642 71052 1:0 56015
55642 71050 1:0 56022
55643 72494 21:0 55647
55645 71049 1:0 56033
55648 71019 1:0 56146
55648 71017 1:0 56153
55661 344 21:0 55675
55668 70984 1:0 56197
55674 72395 21:0 55754
55681 70986 1:0 56277
55735 70985 1:0 56285
55753 72492 21:0 55758
55755 70983 1:0 56295
55763 70952 1:0 56328
55764 70953 1:0 56408
55773 70951 1:0 56415
55773 70950 1:0 56426
55779 70918 1:0 56459
55784 70920 1:0 56539
55812 70919 1:0 56547
55894 70917 1:0 56557
55895 70886 1:0 56590
55904 70887 1:0 56670
55904 70885 1:0 56677
55910 70884 1:0 56688
55930 70854 1:0 56721
55943 70853 1:0 56801
56025 70852 1:0 56808
56026 70851 1:0 56819
56035 70821 1:0 56852
56035 70819 1:0 56932
56041 70820 1:0 56940
56061 70818 1:0 56950
56156 70788 1:0 56983
56157 70786 1:0 57063
56157 70787 1:0 57071
56166 70785 1:0 57081
56166 70754 1:0 57114
56174 70755 1:0 57194
56193 70753 1:0 57201
56287 70752 1:0 57212
56288 70721 1:0 57245
56288 70722 1:0 57325
56297 70720 1:0 57332
56297 70719 1:0 57343
56305 70689 1:0 57376
56324 70688 1:0 57456
56418 70687 1:0 57463
56419 70686 1:0 57474
56428 70656 1:0 57507
56428 70654 1:0 57587
56434 70655 1:0 57595
56438 70653 1:0 57605
56439 345 1:0 58935
56467 72557 1:0 59086
57785 73537 21:0 57793
57792 73539 21:0 57843
57842 73538 21:0 57859
57861 73570 21:0 57869
57869 73573 21:0 57935
57937 73603 21:0 57945
57944 73605 21:0 57995
57994 73604 21:0 58011
58010 73606 21:0 58021
58020 73636 21:0 58039
58038 73639 21:0 58087
58089 73669 21:0 58097
58096 73671 21:0 58147
58146 73670 21:0 58163
58162 73672 21:0 58173
58172 73702 21:0 58191
58190 73703 21:0 58239
58238 73704 21:0 58244
58243 73705 21:0 58263
58262 73735 21:0 58315
58314 73738 21:0 58320
58319 73768 21:0 58325
58324 73540 21:0 58391
58390 73571 21:0 58396
58395 73572 21:0 58401
58400 73638 21:0 58458
58457 73737 21:0 58472
58471 73637 21:0 58477
58476 73736 21:0 58532
58531 73802 21:0 58548
58547 73804 21:0 58553
58552 73801 21:0 58603
58602 73834 21:0 58619
58618 73769 21:0 58629
58628 73835 21:0 58647
58646 73803 21:0 58695
58694 73837 21:0 58700
58699 73770 21:0 58719
58718 73933 21:0 58771
58770 73935 21:0 58776
58775 73869 21:0 58781
58780 73934 21:0 58847
58846 73936 21:0 58852
58851 73900 21:0 58857
58856 73902 21:0 58919
58918 73836 21:0 58928
58927 73870 21:0 58933
58932 73868 21:0 58939
58938 73969 21:0 58950
58947 72527 1:0 59199
58948 72526 1:0 59207
58948 72524 1:0 59217
58949 73867 21:0 58953
58952 73968 21:0 58959
58954 72492 1:0 59250
58957 72494 1:0 59330
58957 72493 1:0 59338
58958 73999 21:0 58968
58960 72491 1:0 59348
58963 72459 1:0 59468
58968 72458 1:0 59479
58976 345 21:0 58990
58983 72427 1:0 59512
58996 72428 1:0 59592
59078 72426 1:0 59599
59079 72425 1:0 59610
59088 72395 1:0 59643
59088 72394 1:0 59723
59094 72393 1:0 59730
59099 72392 1:0 59741
59127 72362 1:0 59774
59209 72360 1:0 59854
59210 72361 1:0 59862
59219 72359 1:0 59872
59219 72329 1:0 59905
59225 72327 1:0 59985
59245 72328 1:0 59993
59258 72326 1:0 60003
59340 72296 1:0 60036
59341 72294 1:0 60116
59350 72295 1:0 60124
59350 72293 1:0 60134
59356 72261 1:0 60167
59376 72263 1:0 60247
59471 72262 1:0 60255
59472 72260 1:0 60265
59472 72230 1:0 60298
59481 72228 1:0 60378
59481 72229 1:0 60386
59489 72227 1:0 60396
59508 72197 1:0 60429
59602 72195 1:0 60509
59603 72196 1:0 60517
59603 72194 1:0 60527
59612 72164 1:0 60560
59612 72162 1:0 60640
59620 72163 1:0 60648
59639 72161 1:0 60658
59733 72130 1:0 60691
59734 72131 1:0 60771
59743 72129 1:0 60778
59743 72128 1:0 60789
59749 72098 1:0 60822
59753 72097 1:0 60902
59754 346 1:0 62250
59782 72096 1:0 60909
59864 72095 1:0 60920
61100 74979 21:0 61108
61107 74981 21:0 61158
61157 74980 21:0 61174
61176 75012 21:0 61184
61183 75014 21:0 61234
61233 75013 21:0 61250
61249 75015 21:0 61260
61259 75045 21:0 61278
61277 75048 21:0 61326
61328 75078 21:0 61336
61335 75079 21:0 61386
61385 75080 21:0 61402
61401 75081 21:0 61412
61411 75111 21:0 61430
61429 75113 21:0 61478
61477 75112 21:0 61483
61482 75114 21:0 61502
61501 75144 21:0 61554
61553 75147 21:0 61559
61558 75177 21:0 61564
61563 75178 21:0 61630
61629 75179 21:0 61635
61634 75180 21:0 61640
61640 75213 21:0 61706
61705 75046 21:0 61711
61710 75210 21:0 61716
61715 75244 21:0 61780
61779 74982 21:0 61787
61786 75243 21:0 61792
61791 75245 21:0 61847
61846 75047 21:0 61863
61862 75145 21:0 61868
61867 75211 21:0 61918
61917 75212 21:0 61934
61936 75342 21:0 61944
61943 75309 21:0 61994
61993 75312 21:0 62010
62009 75279 21:0 62020
62019 75246 21:0 62038
62037 75276 21:0 62086
62085 75344 21:0 62091
62090 75311 21:0 62110
62109 75278 21:0 62162
62161 75146 21:0 62167
62166 75378 21:0 62172
62171 75408 21:0 62238
62237 75411 21:0 62243
62242 75377 21:0 62248
62247 75277 21:0 62257
62256 75376 21:0 62265
62262 73999 1:0 62401
62263 73969 1:0 62514
62263 73968 1:0 62522
62264 75409 21:0 62268
62267 75310 21:0 62274
62269 73936 1:0 62565
62272 73934 1:0 62645
62272 73935 1:0 62653
62275 73933 1:0 62663
62278 73902 1:0 62784
62291 346 21:0 62305
62298 73900 1:0 62794
62304 75343 21:0 62382
62311 73868 1:0 62827
62365 73870 1:0 62907
62381 75345 21:0 62388
62381 73869 1:0 62915
62393 73867 1:0 62925
62394 73836 1:0 62958
62403 73837 1:0 63038
62403 73835 1:0 63045
62409 73834 1:0 63056
62414 73803 1:0 63089
62442 73804 1:0 63169
62524 73802 1:0 63176
62525 73801 1:0 63187
62534 73770 1:0 63300
62534 73769 1:0 63307
62540 73768 1:0 63318
62560 73736 1:0 63351
62573 73738 1:0 63431
62655 73737 1:0 63439
62656 73735 1:0 63449
62665 73705 1:0 63482
62665 73704 1:0 63562
62671 73703 1:0 63569
62691 73702 1:0 63580
62786 73672 1:0 63613
62787 73670 1:0 63693
62787 73671 1:0 63701
62796 73669 1:0 63711
62796 73637 1:0 63744
62804 73639 1:0 63824
62823 73638 1:0 63832
62917 73636 1:0 63842
62918 73606 1:0 63875
62918 73604 1:0 63955
62927 73605 1:0 63963
62927 73603 1:0 63973
62935 73572 1:0 64006
62954 73573 1:0 64086
63048 73571 1:0 64093
63049 73570 1:0 64104
63058 73540 1:0 64137
63058 73538 1:0 64217
63064 73539 1:0 64225
63068 73537 1:0 64235
63069 347 1:0 65565
64420 76422 21:0 64437
64436 76424 21:0 64489
64488 76423 21:0 64494
64499 76457 21:0 64565
64567 76487 21:0 64575
64574 76488 21:0 64625
64624 76489 21:0 64641
64640 76490 21:0 64651
64650 76520 21:0 64669
64668 76522 21:0 64717
64716 76521 21:0 64722
64721 76523 21:0 64741
64740 76553 21:0 64793
64792 76555 21:0 64798
64797 76554 21:0 64803
64802 76586 21:0 64869
64868 76587 21:0 64874
64873 76588 21:0 64879
64878 76589 21:0 64935
64934 76621 21:0 64950
64949 76620 21:0 64955
64954 76653 21:0 65010
65009 76654 21:0 65026
65025 76619 21:0 65031
65030 76556 21:0 65081
65080 76622 21:0 65097
65096 76652 21:0 65107
65106 76454 21:0 65125
65124 76421 21:0 65173
65172 76456 21:0 65178
65177 76455 21:0 65197
65196 76751 21:0 65249
65248 76685 21:0 65254
65253 76719 21:0 65259
65258 76688 21:0 65325
65324 76721 21:0 65330
65329 76720 21:0 65335
65334 76686 21:0 65397
65396 76718 21:0 65406
65405 76687 21:0 65411
65410 76655 21:0 65466
65465 76753 21:0 65482
65481 76786 21:0 65487
65486 76817 21:0 65537
65536 76784 21:0 65553
65552 76787 21:0 65563
65562 76785 21:0 65569
65566 75411 1:0 65829
65568 76818 21:0 65572
65571 76853 21:0 65583
65577 75409 1:0 65836
65578 75408 1:0 65847
65582 76884 21:0 65589
65584 75376 1:0 65880
65587 75378 1:0 65960
65587 75377 1:0 65968
65588 76752 21:0 65592
65590 75345 1:0 66011
65593 75343 1:0 66091
65593 75344 1:0 66099
65606 347 21:0 65620
65613 75342 1:0 66109
65619 76886 21:0 65696
65626 75310 1:0 66142
65680 75312 1:0 66222
65708 75311 1:0 66230
65709 75309 1:0 66240
65718 75277 1:0 66273
65718 75279 1:0 66353
65724 75278 1:0 66361
65729 75276 1:0 66371
65757 75246 1:0 66404
65839 75245 1:0 66484
65840 75244 1:0 66491
65849 75243 1:0 66502
65849 75212 1:0 66535
65855 75213 1:0 66615
65875 75211 1:0 66622
65888 75210 1:0 66633
65970 75180 1:0 66666
65971 75179 1:0 66746
65980 75178 1:0 66753
65980 75177 1:0 66764
65986 75146 1:0 66797
66006 75147 1:0 66877
66101 75145 1:0 66884
66102 75144 1:0 66895
66102 75114 1:0 66928
66111 75112 1:0 67008
66111 75113 1:0 67016
66119 75111 1:0 67026
66138 75081 1:0 67059
66232 75080 1:0 67139
66233 75079 1:0 67146
66233 75078 1:0 67157
66242 75047 1:0 67190
66242 75048 1:0 67270
66250 75046 1:0 67277
66269 75045 1:0 67288
66363 75015 1:0 67321
66364 75013 1:0 67401
66373 75014 1:0 67409
66373 75012 1:0 67419
66379 74982 1:0 67452
66383 74980 1:0 67532
66384 348 1:0 68880
66412 74981 1:0 67540
66494 74979 1:0 67550
67730 77863 21:0 67738
67737 77864 21:0 67788
67787 77865 21:0 67804
67803 77866 21:0 67814
67813 77896 21:0 67832
67831 77898 21:0 67880
67882 77929 21:0 67890
67889 77930 21:0 67940
67939 77931 21:0 67956
67955 77932 21:0 67966
67965 77964 21:0 67984
67983 77963 21:0 68032
68034 77995 21:0 68042
68041 77997 21:0 68092
68091 77996 21:0 68108
68107 77998 21:0 68118
68117 78028 21:0 68136
68135 78029 21:0 68184
68183 78030 21:0 68189
68188 78031 21:0 68208
68207 78063 21:0 68260
68259 78062 21:0 68265
68264 78064 21:0 68270
68269 77897 21:0 68336
68335 77899 21:0 68341
68340 77962 21:0 68346
68345 77965 21:0 68404
68403 78097 21:0 68417
68416 78130 21:0 68422
68421 78061 21:0 68477
68476 78127 21:0 68493
68492 78094 21:0 68498
68497 78129 21:0 68548
68547 78095 21:0 68564
68566 78226 21:0 68574
68573 78161 21:0 68624
68623 78163 21:0 68640
68639 78228 21:0 68650
68649 78195 21:0 68668
68667 78194 21:0 68716
68715 78227 21:0 68721
68720 78162 21:0 68740
68739 78160 21:0 68792
68791 78128 21:0 68797
68796 78193 21:0 68802
68801 78096 21:0 68868
68867 78294 21:0 68873
68872 78260 21:0 68878
68877 78293 21:0 68887
68886 78325 21:0 68895
68892 76886 1:0 69013
68893 76884 1:0 69020
68893 76853 1:0 69144
68894 78196 21:0 68898
68897 78295 21:0 68904
68899 76818 1:0 69282
68902 76817 1:0 69293
68902 76785 1:0 69326
68905 76787 1:0 69406
68908 76786 1:0 69414
68921 348 21:0 68935
68928 76784 1:0 69424
68934 78259 21:0 69011
68941 76752 1:0 69537
68995 76753 1:0 69545
69010 78292 21:0 69018
69011 76751 1:0 69555
69023 76720 1:0 69588
69024 76721 1:0 69668
69033 76719 1:0 69675
69033 76718 1:0 69686
69039 76687 1:0 69719
69044 76688 1:0 69799
69072 76686 1:0 69806
69154 76685 1:0 69817
69155 76655 1:0 69850
69164 76654 1:0 69930
69164 76653 1:0 69937
69170 76652 1:0 69948
69190 76622 1:0 69981
69203 76620 1:0 70061
69285 76621 1:0 70069
69286 76619 1:0 70079
69295 76589 1:0 70112
69295 76588 1:0 70192
69301 76587 1:0 70199
69321 76586 1:0 70210
69416 76556 1:0 70243
69417 76554 1:0 70323
69417 76555 1:0 70331
69426 76553 1:0 70341
69426 76523 1:0 70374
69434 76521 1:0 70454
69453 76522 1:0 70462
69547 76520 1:0 70472
69548 76490 1:0 70505
69548 76489 1:0 70585
69557 76488 1:0 70592
69557 76487 1:0 70603
69565 76455 1:0 70636
69584 76457 1:0 70716
69678 76456 1:0 70724
69679 76454 1:0 70734
69688 76423 1:0 70767
69688 76424 1:0 70847
69694 76422 1:0 70854
69698 76421 1:0 70865
69699 349 1:0 72195
69727 78325 1:0 72346
69809 78295 1:0 72379
71045 79305 21:0 71053
71052 79306 21:0 71103
71102 79307 21:0 71119
71118 79308 21:0 71129
71128 79338 21:0 71147
71146 79339 21:0 71195
71194 79340 21:0 71200
71199 79341 21:0 71219
71218 79371 21:0 71271
71270 79373 21:0 71276
71275 79372 21:0 71281
71280 79374 21:0 71347
71346 79404 21:0 71352
71351 79405 21:0 71357
71356 79406 21:0 71414
71413 79407 21:0 71428
71427 79438 21:0 71433
71432 79439 21:0 71488
71487 79440 21:0 71504
71503 79472 21:0 71509
71508 79471 21:0 71559
71558 79473 21:0 71575
71574 79503 21:0 71585
71584 79505 21:0 71603
71602 79504 21:0 71651
71650 79537 21:0 71656
71655 79437 21:0 71675
71674 79506 21:0 71727
71726 79536 21:0 71732
71731 79539 21:0 71737
71736 79538 21:0 71803
71802 79470 21:0 71808
71807 79604 21:0 71813
71812 79570 21:0 71876
71875 79636 21:0 71884
71883 79635 21:0 71889
71888 79637 21:0 71944
71943 79572 21:0 71960
71959 79603 21:0 71965
71964 79569 21:0 72015
72014 79602 21:0 72031
72030 79571 21:0 72041
72040 79734 21:0 72063
72062 79735 21:0 72107
72106 79668 21:0 72112
72111 79671 21:0 72131
72130 79701 21:0 72183
72182 79704 21:0 72188
72187 79736 21:0 72199
72196 78293 1:0 72459
72198 79702 21:0 72202
72201 79638 21:0 72206
72205 79670 21:0 72206
72205 79605 21:0 72206
72205 79767 21:0 72206
72207 78294 1:0 72467
72207 78292 1:0 72477
72207 78260 1:0 72597
72207 78259 1:0 72608
72207 78227 1:0 72721
72208 78228 1:0 72729
72217 78226 1:0 72739
72217 78196 1:0 72772
72223 78194 1:0 72852
72236 349 21:0 72250
72243 78195 1:0 72860
72256 78193 1:0 72870
72338 78162 1:0 72903
72339 78163 1:0 72983
72348 78161 1:0 72990
72348 78160 1:0 73001
72354 78128 1:0 73034
72359 78130 1:0 73114
72387 78129 1:0 73122
72469 78127 1:0 73132
72470 78096 1:0 73165
72479 78097 1:0 73245
72479 78095 1:0 73252
72485 78094 1:0 73263
72505 78064 1:0 73296
72518 78062 1:0 73376
72600 78063 1:0 73384
72601 78061 1:0 73394
72610 78031 1:0 73427
72610 78030 1:0 73507
72616 78029 1:0 73514
72636 78028 1:0 73525
72731 77998 1:0 73558
72732 77996 1:0 73638
72732 77997 1:0 73646
72741 77995 1:0 73656
72741 77965 1:0 73689
72749 77963 1:0 73769
72768 77964 1:0 73777
72862 77962 1:0 73787
72863 77932 1:0 73820
72863 77931 1:0 73900
72872 77930 1:0 73907
72872 77929 1:0 73918
72880 77899 1:0 73951
72899 77897 1:0 74031
72993 77898 1:0 74039
72994 77896 1:0 74049
73003 77866 1:0 74082
73003 77865 1:0 74162
73009 77864 1:0 74169
73013 77863 1:0 74180
73014 350 1:0 75510
74360 80747 21:0 74368
74367 80749 21:0 74418
74417 80748 21:0 74434
74436 80780 21:0 74444
74444 80783 21:0 74510
74509 80782 21:0 74515
74517 80815 21:0 74534
74533 80814 21:0 74586
74585 80813 21:0 74591
74590 80816 21:0 74610
74609 80846 21:0 74662
74661 80848 21:0 74667
74666 80847 21:0 74672
74671 80849 21:0 74738
74737 80879 21:0 74743
74742 80881 21:0 74748
74747 80880 21:0 74803
74802 80882 21:0 74819
74818 80912 21:0 74824
74823 80915 21:0 74879
74878 80945 21:0 74890
74889 80948 21:0 74900
74900 80981 21:0 74966
74968 81011 21:0 74976
74975 80750 21:0 75026
75025 80781 21:0 75042
75041 80980 21:0 75052
75051 80947 21:0 75070
75069 80979 21:0 75118
75117 80946 21:0 75123
75122 80914 21:0 75142
75141 81012 21:0 75194
75193 81014 21:0 75199
75198 81044 21:0 75204
75203 80978 21:0 75270
75269 81080 21:0 75275
75274 81111 21:0 75280
75279 81047 21:0 75335
75334 81013 21:0 75351
75350 81077 21:0 75356
75355 81079 21:0 75411
75410 81110 21:0 75427
75426 80913 21:0 75432
75431 81078 21:0 75482
75481 81112 21:0 75498
75497 81210 21:0 75508
75507 81178 21:0 75514
75511 79767 1:0 75661
75513 81212 21:0 75517
75516 81145 21:0 75528
75522 79736 1:0 75774
75523 79735 1:0 75781
75527 81209 21:0 75534
75529 79734 1:0 75792
75532 79704 1:0 75905
75532 79702 1:0 75912
75533 81046 21:0 75537
75535 79701 1:0 75923
75538 79671 1:0 76036
75538 79670 1:0 76044
75551 350 21:0 75565
75558 79668 1:0 76054
75564 81179 21:0 75642
75571 79638 1:0 76087
75625 79637 1:0 76167
75641 81143 21:0 75648
75641 79636 1:0 76174
75647 81144 21:0 75656
75653 79635 1:0 76185
75654 79605 1:0 76218
75655 81045 21:0 75659
75657 79603 1:0 76298
75660 79604 1:0 76306
75663 79602 1:0 76316
75663 79571 1:0 76349
75669 79572 1:0 76429
75674 79570 1:0 76436
75702 79569 1:0 76447
75784 79538 1:0 76480
75785 79539 1:0 76560
75794 79537 1:0 76567
75794 79536 1:0 76578
75800 79506 1:0 76611
75820 79504 1:0 76691
75833 79505 1:0 76699
75915 79503 1:0 76709
75916 79473 1:0 76742
75925 79471 1:0 76822
75925 79472 1:0 76830
75931 79470 1:0 76840
75951 79440 1:0 76873
76046 79439 1:0 76953
76047 79438 1:0 76960
76047 79437 1:0 76971
76056 79407 1:0 77004
76056 79406 1:0 77084
76064 79405 1:0 77091
76083 79404 1:0 77102
76177 79374 1:0 77135
76178 79372 1:0 77215
76178 79373 1:0 77223
76187 79371 1:0 77233
76187 79341 1:0 77266
76195 79340 1:0 77346
76214 79339 1:0 77353
76226 351 1:0 78825
76308 79338 1:0 77364
76309 79308 1:0 77397
76318 79307 1:0 77477
76318 79306 1:0 77484
76324 79305 1:0 77495
76329 81212 1:0 78958
76357 81210 1:0 78965
76439 81209 1:0 78976
77675 82189 21:0 77683
77682 82191 21:0 77733
77732 82190 21:0 77749
77756 82224 21:0 77773
77772 82223 21:0 77825
77824 82225 21:0 77830
77829 82255 21:0 77849
77848 82257 21:0 77901
77900 82256 21:0 77906
77905 82258 21:0 77911
77910 82288 21:0 77977
77976 82291 21:0 77982
77981 82321 21:0 77987
77986 82322 21:0 78042
78041 82323 21:0 78058
78057 82324 21:0 78063
78062 82354 21:0 78118
78117 82355 21:0 78129
78128 82356 21:0 78139
78138 82357 21:0 78180
78179 82389 21:0 78205
78204 82388 21:0 78215
78214 82390 21:0 78229
78228 82192 21:0 78281
78280 82422 21:0 78286
78285 82387 21:0 78305
78304 82423 21:0 78357
78356 82421 21:0 78362
78361 82420 21:0 78367
78366 82290 21:0 78433
78432 82289 21:0 78438
78437 82222 21:0 78443
78442 82453 21:0 78498
78497 82455 21:0 78514
78513 82454 21:0 78519
78518 82456 21:0 78574
78573 82487 21:0 78585
78584 82488 21:0 78595
78594 82486 21:0 78640
78639 82489 21:0 78661
78660 82519 21:0 78671
78670 82520 21:0 78689
78688 82588 21:0 78737
78736 82554 21:0 78742
78741 82553 21:0 78761
78760 82618 21:0 78813
78812 82585 21:0 78818
78817 82587 21:0 78823
78822 82521 21:0 78832
78831 82552 21:0 78840
78837 81179 1:0 79089
78838 81178 1:0 79097
78838 81144 1:0 79220
78839 82522 21:0 78843
78842 82586 21:0 78852
78844 81145 1:0 79228
78847 81143 1:0 79238
78847 81112 1:0 79351
78853 81111 1:0 79358
78853 81110 1:0 79369
78866 351 21:0 78880
78873 81078 1:0 79402
78879 82620 21:0 78956
78886 81080 1:0 79482
78940 81079 1:0 79490
78968 81077 1:0 79500
78969 81045 1:0 79533
78978 81047 1:0 79613
78978 81046 1:0 79621
78984 81044 1:0 79631
78989 81013 1:0 79664
79017 81014 1:0 79744
79099 81012 1:0 79751
79100 81011 1:0 79762
79109 80979 1:0 79795
79109 80981 1:0 79875
79115 80980 1:0 79883
79135 80978 1:0 79893
79148 80946 1:0 79926
79230 80948 1:0 80006
79231 80947 1:0 80014
79240 80945 1:0 80024
79240 80913 1:0 80057
79246 80915 1:0 80137
79266 80914 1:0 80145
79361 80912 1:0 80155
79362 80882 1:0 80188
79362 80880 1:0 80268
79371 80881 1:0 80276
79371 80879 1:0 80286
79379 80849 1:0 80319
79398 80847 1:0 80399
79492 80848 1:0 80407
79493 80846 1:0 80417
79493 80816 1:0 80450
79502 80814 1:0 80530
79502 80815 1:0 80538
79510 80813 1:0 80548
79529 80781 1:0 80581
79623 80783 1:0 80661
79624 80782 1:0 80669
79633 80780 1:0 80679
79633 80750 1:0 80712
79639 80748 1:0 80792
79643 80749 1:0 80800
79644 352 1:0 82140
79672 80747 1:0 80810
80990 83631 21:0 80998
80997 83633 21:0 81048
81047 83632 21:0 81064
81063 83634 21:0 81074
81074 83667 21:0 81140
81142 83697 21:0 81150
81149 83699 21:0 81200
81199 83698 21:0 81216
81215 83700 21:0 81226
81225 83730 21:0 81244
81243 83732 21:0 81292
81291 83731 21:0 81297
81296 83733 21:0 81316
81315 83763 21:0 81368
81367 83764 21:0 81373
81372 83765 21:0 81378
81377 83766 21:0 81444
81443 83796 21:0 81449
81448 83798 21:0 81454
81453 83797 21:0 81509
81508 83799 21:0 81525
81524 83829 21:0 81530
81530 83865 21:0 81596
81595 83830 21:0 81601
81600 83832 21:0 81606
81605 83831 21:0 81669
81668 83862 21:0 81677
81676 83666 21:0 81682
81681 83664 21:0 81737
81736 83665 21:0 81753
81752 83863 21:0 81758
81757 83864 21:0 81808
81807 83896 21:0 81824
81823 83961 21:0 81834
81833 83898 21:0 81856
81855 83897 21:0 81900
81899 83931 21:0 81905
81904 83895 21:0 81924
81923 83928 21:0 81976
81975 83930 21:0 81981
81980 83929 21:0 81993
81992 83963 21:0 82052
82051 83962 21:0 82057
82056 83995 21:0 82062
82061 83997 21:0 82128
82127 84060 21:0 82133
82132 84028 21:0 82138
82137 83964 21:0 82144
82143 83996 21:0 82155
82152 82620 1:0 82412
82153 82618 1:0 82422
82153 82586 1:0 82455
82154 83994 21:0 82158
82157 84029 21:0 82164
82159 82588 1:0 82535
82162 82587 1:0 82543
82162 82585 1:0 82553
82163 84030 21:0 82178
82165 82553 1:0 82666
82168 82554 1:0 82674
82173 82552 1:0 82684
82181 352 21:0 82195
82188 82522 1:0 82717
82194 84027 21:0 82272
82201 82521 1:0 82797
82255 82520 1:0 82804
82271 84062 21:0 82278
82271 82519 1:0 82815
82277 84094 21:0 82286
82283 82489 1:0 82848
82284 82488 1:0 82928
82285 84061 21:0 82289
82287 82487 1:0 82935
82288 84093 21:0 82298
82290 82486 1:0 82946
82293 82456 1:0 82979
82293 82454 1:0 83059
82297 84063 21:0 82326
82299 82455 1:0 83067
82299 82453 1:0 83077
82304 82421 1:0 83110
82325 84096 21:0 82406
82327 82423 1:0 83190
82332 82422 1:0 83198
82386 82420 1:0 83208
82405 84126 21:0 82409
82407 82390 1:0 83241
82408 84095 21:0 82417
82414 82388 1:0 83321
82415 82389 1:0 83329
82418 82387 1:0 83339
82424 82357 1:0 83372
82424 82356 1:0 83452
82430 82355 1:0 83459
82450 82354 1:0 83470
82463 82324 1:0 83503
82545 82323 1:0 83583
82546 82322 1:0 83590
82555 82321 1:0 83601
82555 82289 1:0 83634
82561 82291 1:0 83714
82581 82290 1:0 83722
82676 82288 1:0 83732
82677 82258 1:0 83765
82677 82256 1:0 83845
82686 82257 1:0 83853
82686 82255 1:0 83863
82694 82225 1:0 83896
82713 82223 1:0 83976
82807 82224 1:0 83984
82808 82222 1:0 83994
82808 82192 1:0 84027
82817 82190 1:0 84107
82817 82191 1:0 84115
82825 82189 1:0 84125
82828 353 1:0 85455
82856 84126 1:0 85475
82938 84095 1:0 85508
82939 84096 1:0 85588
82948 84094 1:0 85595
82948 84093 1:0 85606
82954 84063 1:0 85639
82959 84061 1:0 85719
84305 85073 21:0 84313
84313 85076 21:0 84379
84381 85106 21:0 84389
84389 85109 21:0 84455
84457 85139 21:0 84465
84464 85140 21:0 84515
84514 85141 21:0 84531
84530 85142 21:0 84541
84540 85172 21:0 84559
84558 85173 21:0 84607
84606 85174 21:0 84612
84611 85175 21:0 84631
84630 85205 21:0 84683
84682 85208 21:0 84688
84687 85238 21:0 84707
84706 85240 21:0 84759
84758 85239 21:0 84764
84763 85241 21:0 84776
84775 85271 21:0 84835
84834 85272 21:0 84840
84839 85273 21:0 84845
84845 85307 21:0 84911
84910 85107 21:0 84916
84915 85108 21:0 84921
84920 85074 21:0 84984
84983 85274 21:0 84992
84991 85207 21:0 84997
84996 85339 21:0 85052
85051 85206 21:0 85068
85067 85075 21:0 85073
85072 85340 21:0 85123
85122 85304 21:0 85139
85138 85338 21:0 85149
85148 85373 21:0 85171
85170 85404 21:0 85215
85214 85436 21:0 85220
85219 85306 21:0 85239
85238 85403 21:0 85291
85290 85372 21:0 85296
85295 85370 21:0 85308
85307 85371 21:0 85367
85366 85439 21:0 85372
85371 85406 21:0 85377
85376 85504 21:0 85443
85442 85503 21:0 85448
85447 85471 21:0 85453
85452 85505 21:0 85459
85458 85538 21:0 85470
85467 84062 1:0 85727
85468 84060 1:0 85737
85468 84030 1:0 85770
85469 85472 21:0 85473
85472 85438 21:0 85479
85474 84029 1:0 85850
85477 84028 1:0 85857
85477 84027 1:0 85868
85478 85537 21:0 85493
85480 83996 1:0 85901
85483 83997 1:0 85981
85488 83995 1:0 85988
85496 353 21:0 85510
85503 83994 1:0 85999
85509 85535 21:0 85587
85516 83964 1:0 86032
85570 83962 1:0 86112
85586 85469 21:0 85593
85586 83963 1:0 86120
85598 83961 1:0 86130
85599 83929 1:0 86163
85608 83931 1:0 86243
85608 83930 1:0 86251
85614 83928 1:0 86261
85619 83897 1:0 86294
85647 83898 1:0 86374
85729 83896 1:0 86381
85730 83895 1:0 86392
85739 83864 1:0 86425
85739 83865 1:0 86505
85745 83863 1:0 86512
85765 83862 1:0 86523
85778 83831 1:0 86556
85860 83832 1:0 86636
85861 83830 1:0 86643
85870 83829 1:0 86654
85870 83799 1:0 86687
85876 83797 1:0 86767
85896 83798 1:0 86775
85991 83796 1:0 86785
85992 83766 1:0 86818
85992 83765 1:0 86898
86001 83764 1:0 86905
86001 83763 1:0 86916
86009 83733 1:0 86949
86028 83731 1:0 87029
86122 83732 1:0 87037
86123 83730 1:0 87047
86123 83700 1:0 87080
86132 83698 1:0 87160
86132 83699 1:0 87168
86140 83697 1:0 87178
86159 83665 1:0 87211
86253 83667 1:0 87291
86254 83666 1:0 87299
86263 83664 1:0 87309
86263 83634 1:0 87342
86269 83632 1:0 87422
86273 83633 1:0 87430
86274 354 1:0 88770
86302 83631 1:0 87440
86384 85538 1:0 88903
87620 86515 21:0 87628
87627 86516 21:0 87678
87677 86517 21:0 87694
87696 86548 21:0 87704
87703 86550 21:0 87754
87753 86549 21:0 87770
87769 86551 21:0 87780
87779 86581 21:0 87798
87797 86584 21:0 87846
87848 86614 21:0 87856
87855 86616 21:0 87906
87905 86615 21:0 87922
87921 86617 21:0 87932
87931 86647 21:0 87950
87949 86649 21:0 87998
87997 86648 21:0 88003
88002 86650 21:0 88022
88021 86680 21:0 88074
88073 86682 21:0 88079
88078 86713 21:0 88084
88083 86715 21:0 88150
88149 86714 21:0 88155
88154 86716 21:0 88160
88160 86749 21:0 88226
88225 86683 21:0 88231
88230 86681 21:0 88236
88235 86583 21:0 88299
88298 86746 21:0 88307
88306 86518 21:0 88312
88311 86748 21:0 88367
88366 86582 21:0 88383
88382 86747 21:0 88388
88387 86779 21:0 88438
88437 86782 21:0 88454
88453 86848 21:0 88464
88463 86845 21:0 88486
88485 86814 21:0 88530
88529 86781 21:0 88535
88534 86846 21:0 88554
88553 86815 21:0 88606
88605 86780 21:0 88611
88610 86847 21:0 88618
88617 86812 21:0 88682
88681 86911 21:0 88687
88686 86945 21:0 88692
88691 86881 21:0 88757
88756 86947 21:0 88763
88762 86914 21:0 88768
88767 86880 21:0 88774
88773 86912 21:0 88785
88782 85537 1:0 88911
88783 85535 1:0 88921
88783 85505 1:0 88954
88784 86878 21:0 88788
88787 86879 21:0 88794
88789 85503 1:0 89034
88792 85504 1:0 89042
88792 85472 1:0 89165
88793 86913 21:0 88805
88795 85471 1:0 89173
88798 85469 1:0 89183
88803 85439 1:0 89296
88811 354 21:0 88825
88818 85438 1:0 89304
88824 87011 21:0 88902
88831 85436 1:0 89314
88885 85406 1:0 89427
88913 85404 1:0 89434
88914 85403 1:0 89445
88923 85371 1:0 89478
88923 85373 1:0 89558
88929 85372 1:0 89566
88934 85370 1:0 89576
88962 85338 1:0 89609
89044 85340 1:0 89689
89045 85339 1:0 89697
89054 85307 1:0 89820
89054 85306 1:0 89828
89060 85304 1:0 89838
89080 85274 1:0 89871
89093 85273 1:0 89951
89175 85272 1:0 89958
89176 85271 1:0 89969
89185 85241 1:0 90002
89185 85239 1:0 90082
89191 85240 1:0 90090
89211 85238 1:0 90100
89306 85206 1:0 90133
89307 85208 1:0 90213
89307 85207 1:0 90221
89316 85205 1:0 90231
89316 85175 1:0 90264
89324 85174 1:0 90344
89343 85173 1:0 90351
89437 85172 1:0 90362
89438 85142 1:0 90395
89438 85141 1:0 90475
89447 85140 1:0 90482
89447 85139 1:0 90493
89455 85108 1:0 90526
89474 85109 1:0 90606
89568 85107 1:0 90613
89569 85106 1:0 90624
89578 85075 1:0 90657
89578 85076 1:0 90737
89584 85074 1:0 90744
89588 85073 1:0 90755
89589 355 1:0 92085
90940 87959 21:0 90957
90956 87958 21:0 91009
91008 87960 21:0 91014
91019 87993 21:0 91085
91087 88023 21:0 91095
91094 88025 21:0 91145
91144 88024 21:0 91161
91160 88026 21:0 91171
91170 88056 21:0 91189
91188 88057 21:0 91237
91236 88058 21:0 91242
91241 88059 21:0 91261
91260 88089 21:0 91313
91312 88091 21:0 91318
91317 88090 21:0 91323
91322 88092 21:0 91389
91388 88122 21:0 91394
91393 88124 21:0 91399
91398 88123 21:0 91454
91453 88125 21:0 91470
91469 88155 21:0 91475
91474 88158 21:0 91530
91529 88191 21:0 91546
91545 88221 21:0 91551
91550 88157 21:0 91601
91600 87990 21:0 91617
91616 88190 21:0 91627
91626 88156 21:0 91645
91644 88222 21:0 91693
91692 88224 21:0 91698
91697 88254 21:0 91717
91716 87991 21:0 91769
91768 87957 21:0 91774
91773 88188 21:0 91779
91778 88189 21:0 91845
91844 88321 21:0 91850
91849 88323 21:0 91855
91854 88320 21:0 91912
91911 88290 21:0 91926
91925 88255 21:0 91931
91930 88288 21:0 91986
91985 88287 21:0 92002
92001 88223 21:0 92007
92006 88322 21:0 92057
92056 87992 21:0 92073
92072 88388 21:0 92083
92082 88421 21:0 92089
92086 87011 1:0 92094
92088 88356 21:0 92092
92091 88256 21:0 92100
92097 86947 1:0 92349
92098 86945 1:0 92356
92098 86913 1:0 92400
92099 88354 21:0 92109
92107 86914 1:0 92480
92107 86912 1:0 92487
92108 88387 21:0 92112
92110 86911 1:0 92498
92113 86879 1:0 92531
92113 86881 1:0 92611
92126 355 21:0 92140
92133 86880 1:0 92619
92139 88257 21:0 92218
92146 86878 1:0 92629
92200 86847 1:0 92662
92216 86848 1:0 92742
92217 88353 21:0 92223
92222 88422 21:0 92231
92228 86846 1:0 92749
92229 86845 1:0 92760
92230 88419 21:0 92234
92232 86815 1:0 92873
92235 86814 1:0 92881
92238 86812 1:0 92891
92238 86780 1:0 92924
92244 86782 1:0 93004
92249 86781 1:0 93012
92277 86779 1:0 93022
92359 86747 1:0 93055
92360 86749 1:0 93135
92369 86748 1:0 93143
92369 86746 1:0 93153
92375 86716 1:0 93186
92395 86714 1:0 93266
92408 86715 1:0 93274
92490 86713 1:0 93284
92491 86681 1:0 93317
92500 86683 1:0 93397
92500 86682 1:0 93405
92506 86680 1:0 93415
92526 86650 1:0 93448
92621 86648 1:0 93528
92622 86649 1:0 93536
92622 86647 1:0 93546
92631 86617 1:0 93579
92631 86615 1:0 93659
92639 86616 1:0 93667
92658 86614 1:0 93677
92752 86582 1:0 93710
92753 86584 1:0 93790
92753 86583 1:0 93798
92762 86581 1:0 93808
92762 86551 1:0 93841
92770 86549 1:0 93921
92789 86550 1:0 93929
92801 356 1:0 95400
92883 86548 1:0 93939
92884 86518 1:0 93972
92893 86517 1:0 94052
92893 86516 1:0 94059
92899 86515 1:0 94070
92904 88422 1:0 95533
92932 88421 1:0 95541
93014 88419 1:0 95551
94250 89399 21:0 94258
94257 89401 21:0 94308
94307 89400 21:0 94324
94323 89402 21:0 94334
94333 89432 21:0 94352
94351 89433 21:0 94400
94402 89465 21:0 94410
94409 89467 21:0 94460
94459 89466 21:0 94476
94478 89498 21:0 94486
94485 89500 21:0 94536
94535 89499 21:0 94552
94554 89531 21:0 94562
94561 89533 21:0 94612
94611 89532 21:0 94628
94630 89564 21:0 94638
94637 89565 21:0 94688
94687 89566 21:0 94704
94706 89597 21:0 94714
94713 89599 21:0 94764
94763 89598 21:0 94780
94779 89600 21:0 94790
94789 89630 21:0 94808
94807 89632 21:0 94856
94855 89631 21:0 94861
94860 89663 21:0 94880
94879 89664 21:0 94932
94931 89665 21:0 94937
94936 89633 21:0 94942
94941 89435 21:0 95008
95007 89434 21:0 95013
95012 89534 21:0 95018
95017 89501 21:0 95073
95072 89567 21:0 95089
95088 89468 21:0 95094
95093 89699 21:0 95149
95148 89731 21:0 95165
95164 89762 21:0 95170
95169 89729 21:0 95220
95219 89697 21:0 95236
95235 89696 21:0 95246
95245 89698 21:0 95264
95263 89796 21:0 95312
95311 89763 21:0 95317
95316 89666 21:0 95336
95335 89828 21:0 95388
95387 89830 21:0 95393
95392 89764 21:0 95398
95397 89829 21:0 95407
95406 89831 21:0 95415
95412 88387 1:0 95664
95413 88388 1:0 95672
95413 88356 1:0 95795
95414 89765 21:0 95418
95417 89795 21:0 95427
95419 88354 1:0 95802
95422 88353 1:0 95813
95422 88322 1:0 95846
95428 88323 1:0 95926
95428 88321 1:0 95933
95441 356 21:0 95455
95448 88320 1:0 95944
95461 88290 1:0 96057
95543 88288 1:0 96064
95544 88287 1:0 96075
95553 88257 1:0 96108
95553 88256 1:0 96188
95559 88255 1:0 96195
95564 88254 1:0 96206
95592 88223 1:0 96239
95674 88224 1:0 96319
95675 88222 1:0 96326
95684 88221 1:0 96337
95684 88189 1:0 96370
95690 88191 1:0 96450
95710 88190 1:0 96458
95723 88188 1:0 96468
95805 88156 1:0 96501
95806 88158 1:0 96581
95815 88157 1:0 96589
95815 88155 1:0 96599
95821 88125 1:0 96632
95841 88123 1:0 96712
95936 88124 1:0 96720
95937 88122 1:0 96730
95937 88092 1:0 96763
95946 88090 1:0 96843
95946 88091 1:0 96851
95954 88089 1:0 96861
95973 88059 1:0 96894
96067 88058 1:0 96974
96068 88057 1:0 96981
96068 88056 1:0 96992
96077 88026 1:0 97025
96077 88024 1:0 97105
96085 88025 1:0 97113
96104 88023 1:0 97123
96198 87992 1:0 97156
96199 87993 1:0 97236
96208 87991 1:0 97243
96208 87990 1:0 97254
96214 87960 1:0 97287
96218 87958 1:0 97367
96219 357 1:0 98715
96247 87959 1:0 97375
96329 87957 1:0 97385
96330 89831 1:0 98899
97565 90841 21:0 97573
97572 90843 21:0 97623
97622 90842 21:0 97639
97638 90844 21:0 97649
97648 90874 21:0 97667
97666 90875 21:0 97715
97714 90876 21:0 97720
97719 90877 21:0 97739
97738 90907 21:0 97791
97790 90909 21:0 97796
97795 90908 21:0 97801
97800 90910 21:0 97867
97866 90940 21:0 97872
97871 90941 21:0 97877
97876 90943 21:0 97932
97931 90942 21:0 97948
97947 90973 21:0 97953
97952 90975 21:0 98008
98007 90974 21:0 98024
98023 90976 21:0 98029
98028 91006 21:0 98079
98078 91008 21:0 98095
98094 91007 21:0 98105
98104 91009 21:0 98123
98122 91039 21:0 98171
98170 91075 21:0 98176
98175 91041 21:0 98195
98194 91040 21:0 98247
98246 91042 21:0 98252
98251 91072 21:0 98257
98256 91073 21:0 98323
98322 91074 21:0 98328
98327 91105 21:0 98333
98332 91107 21:0 98388
98387 91106 21:0 98404
98403 91108 21:0 98409
98408 91138 21:0 98464
98463 91139 21:0 98480
98479 91140 21:0 98485
98484 91141 21:0 98535
98534 91171 21:0 98551
98550 91172 21:0 98561
98560 91173 21:0 98579
98578 91174 21:0 98627
98626 91204 21:0 98632
98631 91206 21:0 98651
98650 91205 21:0 98703
98702 91207 21:0 98708
98707 91237 21:0 98713
98712 91239 21:0 98722
98721 91238 21:0 98726
98725 91240 21:0 98726
98725 91273 21:0 98726
98725 91305 21:0 98726
98725 91271 21:0 98733
98727 89829 1:0 98979
98727 89830 1:0 98987
98727 89828 1:0 98997
98727 89796 1:0 99117
98727 89795 1:0 99128
98728 89765 1:0 99161
98734 89764 1:0 99241
98737 89763 1:0 99248
98737 89762 1:0 99259
98743 89731 1:0 99380
98756 357 21:0 98770
98763 89729 1:0 99390
98776 89698 1:0 99423
98858 89699 1:0 99503
98859 89697 1:0 99510
98868 89696 1:0 99521
98868 89666 1:0 99554
98874 89665 1:0 99634
98879 89664 1:0 99641
98907 89663 1:0 99652
98989 89633 1:0 99685
98990 89631 1:0 99765
98999 89632 1:0 99773
98999 89630 1:0 99783
99005 89600 1:0 99816
99025 89598 1:0 99896
99038 89599 1:0 99904
99120 89597 1:0 99914
99121 89567 1:0 99947
99129 49699 21:0 99132
99130 89566 1:0 100027
99130 89565 1:0 100034
99136 89564 1:0 100045
99140 89534 1:0 100078
99169 89532 1:0 100158
99251 89533 1:0 100166
99252 89531 1:0 100176
99261 89501 1:0 100209
99261 89499 1:0 100289
99267 89500 1:0 100297
99272 89498 1:0 100307
99300 89468 1:0 100340
99382 89466 1:0 100420
99383 89467 1:0 100428
99392 89465 1:0 100438
99392 89434 1:0 100471
99398 89435 1:0 100551
99403 89433 1:0 100558
99431 89432 1:0 100569
99513 89402 1:0 100602
99514 89400 1:0 100682
99523 89401 1:0 100690
99523 89399 1:0 100700
99529 91271 1:0 102035
99531 358 1:0 102030
99773 49980 21:0 99778
99794 49987 21:0 99818
100580 50329 21:0 100604
100880 92283 21:0 100888
100888 92286 21:0 100954
100953 92284 21:0 100959
100961 92317 21:0 100978
100977 92319 21:0 101030
101032 92349 21:0 101040
101039 92351 21:0 101090
101089 92285 21:0 101106
101105 31 21:0 101111
101113 92384 21:0 101130
101129 92385 21:0 101182
101184 92415 21:0 101192
101192 92418 21:0 101258
101260 92448 21:0 101268
101267 92449 21:0 101318
101317 92416 21:0 101334
101333 92417 21:0 101344
101343 92383 21:0 101362
101361 92483 21:0 101410
101409 92482 21:0 101415
101417 92515 21:0 101434
101433 92517 21:0 101486
101485 92484 21:0 101491
101490 92514 21:0 101510
101509 92352 21:0 101562
101561 92548 21:0 101567
101569 92581 21:0 101586
101585 92582 21:0 101638
101640 92613 21:0 101648
101647 92550 21:0 101698
101697 92516 21:0 101714
101716 92646 21:0 101724
101723 92647 21:0 101774
101773 92316 21:0 101790
101789 92481 21:0 101800
101799 92450 21:0 101818
101817 92649 21:0 101866
101865 92549 21:0 101871
101870 92583 21:0 101890
101889 92318 21:0 101942
101941 92712 21:0 101947
101946 92715 21:0 101952
101951 92681 21:0 102018
102017 211 21:0 102018
102017 213 21:0 102023
102022 177 21:0 102028
102027 229 21:0 102028
102027 251 21:0 102034
102029 91305 1:0 102046
102033 125 21:0 102037
102042 328 1:0 2725
102043 92681 1:0 102055
102052 92715 1:0 102083
102052 92712 1:0 102163
102058 91273 1:0 102174
102062 92318 1:0 102183
102071 358 21:0 102085
102086 92583 1:0 102196
102091 49699 1:0 102196
102173 92549 1:0 102268
102174 92649 1:0 102297
102183 251 1:0 102307
102183 92450 1:0 102308
102189 92481 1:0 102317
102189 229 1:0 102317
102209 91240 1:0 102345
102304 91238 1:0 102425
102305 91239 1:0 102433
102305 213 1:0 102436
102314 91237 1:0 102443
102314 92316 1:0 102448
102320 91207 1:0 102476
102325 91205 1:0 102556
102353 91206 1:0 102564
102435 211 1:0 102567
102436 91204 1:0 102574
102436 92647 1:0 102579
102445 91174 1:0 102607
102445 91173 1:0 102687
102453 91172 1:0 102694
102456 177 1:0 102698
102484 91171 1:0 102705
102566 92516 1:0 102710
102567 91141 1:0 102738
102576 91140 1:0 102818
102576 91139 1:0 102825
102582 91138 1:0 102836
102602 92646 1:0 102841
102615 91108 1:0 102869
102697 91106 1:0 102949
102698 91107 1:0 102957
102707 49980 1:0 102960
102707 91105 1:0 102967
102713 92550 1:0 102972
102718 91074 1:0 103000
102746 91075 1:0 103080
102828 91073 1:0 103087
102829 49987 1:0 103091
102829 91072 1:0 103098
102838 92548 1:0 103103
102838 91042 1:0 103131
102846 91040 1:0 103211
102865 91041 1:0 103219
102877 125 1:0 103222
102959 91039 1:0 103229
102960 92352 1:0 103234
102969 91009 1:0 103262
102969 91007 1:0 103342
102975 91008 1:0 103350
102995 91006 1:0 103360
103008 92582 1:0 103365
103090 90976 1:0 103393
103091 90974 1:0 103473
103100 90975 1:0 103481
103100 90973 1:0 103491
103106 92514 1:0 103496
103126 90942 1:0 103524
103221 90943 1:0 103604
103222 90941 1:0 103611
103222 90940 1:0 103622
103231 92484 1:0 103627
103231 90910 1:0 103655
103239 90908 1:0 103735
103258 90909 1:0 103743
103270 31 1:0 103746
103352 90907 1:0 103753
103353 92581 1:0 103758
103362 90877 1:0 103786
103362 90876 1:0 103866
103368 90875 1:0 103873
103370 50329 1:0 103877
103389 90874 1:0 103884
103483 92285 1:0 103889
103484 90844 1:0 103917
103493 90842 1:0 103997
103493 90843 1:0 104005
103499 90841 1:0 104015
103503 92613 1:0 104031
103504 359 1:0 104128
103532 92482 1:0 104102
103614 92483 1:0 104144
103615 46029 1:0 104150
103615 46025 1:0 104150
103615 46019 1:0 104153
103615 46027 1:0 104153
103615 46024 1:0 104164
103624 46028 1:0 104164
103624 46018 1:0 104164
103624 46026 1:0 104192
103624 46030 1:0 104235
103630 46031 1:0 104322
103634 92383 1:0 104362
103635 46165 1:0 104365
103635 46172 1:0 104371
103650 46171 1:0 104371
103651 46176 1:0 104371
103663 46166 1:0 104374
103663 46318 1:0 104586
103745 46177 1:0 104374
103745 46175 1:0 104402
103746 46178 1:0 104402
103746 46173 1:0 104453
103746 46174 1:0 104523
103755 92417 1:0 104583
103755 46312 1:0 104592
103755 46324 1:0 104592
103755 46313 1:0 104592
103761 46321 1:0 104595
103761 46319 1:0 104595
103763 46320 1:0 104623
103766 46323 1:0 104623
103781 46459 1:0 104807
103782 46325 1:0 104674
103794 46322 1:0 104753
103876 92416 1:0 104804
103877 46465 1:0 104813
103877 46466 1:0 104813
103877 46467 1:0 104813
103877 46470 1:0 104816
103886 46460 1:0 104816
103886 46469 1:0 104844
103886 46471 1:0 104844
103886 46464 1:0 104844
103886 46472 1:0 104895
103892 46461 1:0 104934
103892 46468 1:0 104965
103896 92449 1:0 105025
103897 46612 1:0 105028
103897 46606 1:0 105034
103912 46607 1:0 105034
103925 46615 1:0 105034
103925 46614 1:0 105037
104007 46613 1:0 105037
104007 46618 1:0 105065
104007 46754 1:0 105249
104008 46619 1:0 105065
104008 46617 1:0 105116
104008 46616 1:0 105195
104017 92517 1:0 105246
104017 46753 1:0 105255
104017 46759 1:0 105255
104017 46763 1:0 105255
104023 46766 1:0 105258
104023 46760 1:0 105258
104025 46765 1:0 105286
104028 46762 1:0 105286
104043 46901 1:0 105476
104044 46761 1:0 105337
104056 46755 1:0 105376
104056 46764 1:0 105417
104140 92515 1:0 105459
104141 92284 1:0 105470
104141 46912 1:0 105476
104150 46908 1:0 105479
104150 46907 1:0 105479
104150 46906 1:0 105489
104150 46900 1:0 105489
104150 46909 1:0 105489
104150 46902 1:0 105489
104150 46910 1:0 105517
104156 46911 1:0 105561
104158 46913 1:0 105648
104169 359 21:0 104183
104177 92385 1:0 105691
104184 47047 1:0 105697
104189 47055 1:0 105697
104230 47058 1:0 105700
104238 47053 1:0 105700
104243 47048 1:0 105710
104259 47054 1:0 105710
104259 47057 1:0 105710
104259 47049 1:0 105710
104271 46018 21:0 104315
104309 47060 1:0 105738
104311 47056 1:0 105782
104319 47059 1:0 105868
104328 46031 21:0 104353
104329 47195 1:0 105912
104329 47194 1:0 105918
104329 47200 1:0 105918
104352 46030 21:0 104356
104355 46026 21:0 104356
104355 46028 21:0 104364
104361 92351 1:0 105909
104362 47205 1:0 105918
104362 47201 1:0 105921
104362 47204 1:0 105921
104362 47202 1:0 105949
104363 46027 21:0 104367
104365 47342 1:0 106139
104366 46029 21:0 104367
104366 46024 21:0 104373
104368 47207 1:0 105949
104368 47206 1:0 106000
104371 47203 1:0 106070
104371 92286 1:0 106122
104372 46025 21:0 104373
104372 46019 21:0 104373
104374 92418 1:0 106133
104377 47351 1:0 106139
104379 47349 1:0 106142
104381 47348 1:0 106142
104382 47341 1:0 106152
104397 47350 1:0 106152
104398 47347 1:0 106152
104410 47352 1:0 106180
104451 47353 1:0 106224
104464 47354 1:0 106311
104481 92448 1:0 106354
104529 46174 21:0 104574
104530 47489 1:0 106360
104540 47497 1:0 106360
104550 47488 1:0 106363
104550 47499 1:0 106363
104550 47494 1:0 106373
104573 46173 21:0 104577
104576 46178 21:0 104577
104576 46175 21:0 104585
104582 47495 1:0 106373
104582 47496 1:0 106373
104582 47501 1:0 106401
104583 47498 1:0 106445
104583 47500 1:0 106531
104583 47642 1:0 106581
104584 46177 21:0 104588
104586 47644 1:0 106581
104587 46166 21:0 104588
104587 46176 21:0 104588
104587 46172 21:0 104594
104589 92415 1:0 106575
104589 47641 1:0 106584
104592 47643 1:0 106584
104592 47636 1:0 106594
104592 47635 1:0 106594
104592 47645 1:0 106594
104592 47646 1:0 106622
104592 47782 1:0 106796
104593 46171 21:0 104594
104593 46165 21:0 104594
104595 47647 1:0 106666
104598 47648 1:0 106753
104603 92384 1:0 106790
104618 47788 1:0 106802
104618 47789 1:0 106802
104631 47794 1:0 106802
104631 47783 1:0 106805
104672 47790 1:0 106805
104685 47795 1:0 106833
104701 47791 1:0 106833
104701 47792 1:0 106884
104702 47936 1:0 107023
104710 46313 21:0 104756
104751 47793 1:0 106964
104763 46322 21:0 104795
104771 92319 1:0 107006
104794 46325 21:0 104798
104797 46320 21:0 104798
104797 46323 21:0 104806
104803 92349 1:0 107017
104804 47942 1:0 107023
104804 47935 1:0 107026
104804 47931 1:0 107026
104804 47937 1:0 107026
104804 47930 1:0 107036
104805 46321 21:0 104809
104807 47938 1:0 107036
104808 46324 21:0 104809
104808 46319 21:0 104809
104808 46312 21:0 104815
104810 47929 1:0 107036
104810 47932 1:0 107036
104810 47939 1:0 107064
104810 47940 1:0 107108
104813 47941 1:0 107194
104813 92317 1:0 107231
104813 48083 1:0 107238
104813 48076 1:0 107244
104813 48082 1:0 107244
104814 46318 21:0 104815
104819 48089 1:0 107244
104819 48077 1:0 107247
104821 48086 1:0 107247
104824 48088 1:0 107275
104839 48079 1:0 107275
104839 48085 1:0 107275
104852 48087 1:0 107326
104893 48078 1:0 107365
104893 48084 1:0 107395
104922 92283 1:0 107459
104922 48233 1:0 107465
104923 48223 1:0 107465
104944 46461 21:0 104963
104962 46464 21:0 104970
104971 46468 21:0 105016
104972 48224 1:0 107468
104972 48229 1:0 107478
104972 48225 1:0 107478
104982 48231 1:0 107468
104982 48324 1:0 107468
104992 48232 1:0 107478
104992 48230 1:0 107478
105015 46472 21:0 105019
105018 46471 21:0 105019
105018 46469 21:0 105027
105024 48234 1:0 107506
105024 48235 1:0 107550
105025 48236 1:0 107637
105025 48323 1:0 107676
105026 46470 21:0 105030
105029 46467 21:0 105030
105029 46460 21:0 105030
105029 46466 21:0 105036
105035 46465 21:0 105036
105035 46459 21:0 105036
105155 46606 21:0 105199
105205 46616 21:0 105237
105236 46617 21:0 105240
105239 46619 21:0 105240
105239 46618 21:0 105248
105247 46614 21:0 105251
105250 46613 21:0 105251
105250 46615 21:0 105251
105250 46607 21:0 105257
105256 46612 21:0 105257
105376 46753 21:0 105420
105423 46764 21:0 105458
105457 46761 21:0 105461
105460 46762 21:0 105461
105460 46765 21:0 105469
105468 46766 21:0 105472
105471 46763 21:0 105472
105471 46760 21:0 105472
105471 46759 21:0 105478
105477 46754 21:0 105478
105477 46755 21:0 105478
105597 46900 21:0 105641
105640 46902 21:0 105648
105654 46913 21:0 105679
105678 46911 21:0 105682
105681 46910 21:0 105682
105681 46909 21:0 105690
105689 46908 21:0 105693
105692 46912 21:0 105693
105692 46906 21:0 105699
105698 46907 21:0 105699
105698 46901 21:0 105699
105845 47054 21:0 105870
105869 47049 21:0 105877
105878 47059 21:0 105900
105899 47056 21:0 105903
105902 47060 21:0 105903
105902 47057 21:0 105911
105910 47058 21:0 105914
105913 47055 21:0 105914
105913 47048 21:0 105920
105919 47047 21:0 105920
105919 47053 21:0 105920
106076 47203 21:0 106121
106120 47206 21:0 106124
106123 47207 21:0 106124
106123 47202 21:0 106132
106131 47204 21:0 106135
106134 47201 21:0 106135
106134 47205 21:0 106135
106134 47200 21:0 106141
106140 47195 21:0 106141
106140 47194 21:0 106141
106290 47347 21:0 106314
106317 47354 21:0 106342
106341 47353 21:0 106345
106344 47352 21:0 106345
106344 47350 21:0 106353
106352 47349 21:0 106356
106355 47351 21:0 106356
106355 47341 21:0 106362
106361 47342 21:0 106362
106361 47348 21:0 106362
106511 47494 21:0 106535
106541 47500 21:0 106563
106562 47498 21:0 106566
106565 47501 21:0 106566
106565 47496 21:0 106574
106573 47499 21:0 106577
106576 47497 21:0 106577
106576 47495 21:0 106583
106582 47489 21:0 106583
106582 47488 21:0 106583
106699 47636 21:0 106745
106759 47648 21:0 106784
106783 47647 21:0 106787
106786 47646 21:0 106787
106786 47645 21:0 106795
106794 47643 21:0 106798
106797 47644 21:0 106798
106797 47635 21:0 106804
106803 47641 21:0 106804
106803 47642 21:0 106804
106920 47783 21:0 106966
106970 47793 21:0 107005
107004 47792 21:0 107008
107007 47791 21:0 107008
107007 47795 21:0 107016
107015 47790 21:0 107019
107018 47788 21:0 107019
107018 47794 21:0 107019
107018 47789 21:0 107025
107024 47782 21:0 107025
107141 47930 21:0 107187
107186 47932 21:0 107193
107192 47931 21:0 107198
107204 47941 21:0 107226
107225 47940 21:0 107229
107228 47939 21:0 107229
107228 47938 21:0 107237
107236 47937 21:0 107240
107239 47942 21:0 107240
107239 47929 21:0 107246
107245 47936 21:0 107246
107245 47935 21:0 107246
107375 48078 21:0 107394
107393 48079 21:0 107401
107405 48084 21:0 107447
107446 48087 21:0 107450
107449 48088 21:0 107450
107449 48085 21:0 107458
107457 48086 21:0 107461
107460 48077 21:0 107461
107460 48089 21:0 107461
107460 48076 21:0 107467
107466 48082 21:0 107467
107466 48083 21:0 107467
107596 48225 21:0 107615
107616 48229 21:0 107640
107643 48236 21:0 293
