64 13812 21:0 86
85 13722 21:0 123
122 13720 21:0 139
138 13711 21:0 139
138 13710 21:0 139
138 13718 21:0 144
143 13723 21:0 144
143 13721 21:0 149
148 13719 21:0 163
1309 14393 21:0 1319
3286 298 21:0 3304
4119 15687 21:0 4136
4563 15687 1:0 5215
6870 16894 21:0 6887
7405 17127 21:0 7471
7472 17127 1:0 8698
7922 16894 1:0 9622
10305 18399 21:0 10322
10384 18433 21:0 10450
10451 18433 1:0 12712
11281 18399 1:0 12851
13664 19869 21:0 13681
13968 20001 21:0 13985
14640 20001 1:0 15685
14641 19869 1:0 16209
16950 21309 21:0 17016
17330 21474 21:0 17396
17999 21474 1:0 19037
18000 21309 1:0 19692
20233 22747 21:0 20299
20385 22813 21:0 20451
21358 22813 1:0 22920
21359 22747 1:0 23182
23812 24314 21:0 23820
23972 24383 21:0 24038
24727 11517 1:0 24740
24727 11514 1:0 24768
24728 11513 1:0 24768
24728 11516 1:0 24819
24728 11515 1:0 24898
24737 11661 1:0 24961
24737 11665 1:0 24989
24737 11660 1:0 24989
24737 11662 1:0 25040
24743 11663 1:0 25120
24745 11809 1:0 25179
24748 11810 1:0 25182
24764 11808 1:0 25210
24776 11812 1:0 25210
24817 11811 1:0 25261
24830 11807 1:0 25330
24846 11959 1:0 25394
24846 11956 1:0 25400
24896 11955 1:0 25403
24906 11953 1:0 25428
24906 11957 1:0 25431
24908 11515 21:0 24940
24916 11947 1:0 25431
24916 11952 1:0 25441
24939 11516 21:0 24943
24942 11513 21:0 24943
24942 11514 21:0 24951
24948 11954 1:0 25485
24948 11958 1:0 25571
24949 12102 1:0 25649
24949 12103 1:0 25696
24949 12105 1:0 25708
24949 12099 1:0 25762
24950 11517 21:0 24954
24955 12250 1:0 25836
24958 12248 1:0 25842
24958 12241 1:0 25845
24958 12246 1:0 25845
24958 12240 1:0 25845
24958 12253 1:0 25873
24958 12251 1:0 25873
24958 12247 1:0 25883
24964 12249 1:0 25927
24966 12252 1:0 26013
24966 12393 1:0 26063
24969 12400 1:0 26063
24985 12394 1:0 26066
24985 12398 1:0 26066
24997 12395 1:0 26094
25038 12396 1:0 26094
25066 12397 1:0 26145
25066 12388 1:0 26148
25067 12399 1:0 26234
25117 12543 1:0 26278
25126 11663 21:0 25161
25127 12544 1:0 26284
25137 12545 1:0 26287
25137 12540 1:0 26312
25160 11662 21:0 25164
25163 11665 21:0 25164
25163 11660 21:0 25172
25169 12547 1:0 26315
25169 12534 1:0 26315
25169 12546 1:0 26366
25170 12542 1:0 26435
25170 24383 1:0 26496
25171 11661 21:0 25175
25176 12692 1:0 26499
25179 12691 1:0 26505
25179 12689 1:0 26508
25179 12687 1:0 26533
25179 12694 1:0 26533
25179 12688 1:0 26533
25179 12681 1:0 26536
25185 12693 1:0 26587
25185 12690 1:0 26657
25189 12837 1:0 26726
25190 12829 1:0 26729
25206 12836 1:0 26729
25218 12840 1:0 26757
25259 12838 1:0 26757
25259 12828 1:0 26767
25272 12841 1:0 26811
25287 12834 1:0 26815
25287 12835 1:0 26868
25288 12988 1:0 26947
25338 12986 1:0 26950
25338 12975 1:0 26950
25340 11807 21:0 25382
25348 12985 1:0 26978
25358 12987 1:0 26978
25381 11811 21:0 25385
25384 11808 21:0 25385
25384 11812 21:0 25393
25390 12981 1:0 27013
25390 12982 1:0 27013
25390 12976 1:0 27029
25390 12983 1:0 27098
25391 24314 1:0 27159
25391 13132 1:0 27162
25392 11810 21:0 25396
25395 11809 21:0 25396
25397 13135 1:0 27168
25397 13134 1:0 27171
25397 13129 1:0 27171
25397 13122 1:0 27196
25400 13130 1:0 27196
25400 13128 1:0 27196
25400 13131 1:0 27234
25400 13123 1:0 27250
25400 13133 1:0 27330
25406 13279 1:0 27389
25406 13276 1:0 27392
25406 13270 1:0 27392
25408 13278 1:0 27402
25410 13275 1:0 27402
25411 13269 1:0 27402
25426 13277 1:0 27430
25439 13282 1:0 27474
25480 13281 1:0 27560
25493 13425 1:0 27604
25508 13427 1:0 27610
25509 13424 1:0 27613
25551 11952 21:0 25575
25559 13428 1:0 27638
25559 13423 1:0 27638
25569 13422 1:0 27638
25571 13429 1:0 27676
25579 13417 1:0 27692
25579 13716 1:0 28193
25581 11958 21:0 25603
25602 11954 21:0 25606
25605 11957 21:0 25606
25605 11947 21:0 25614
25611 13426 1:0 27771
25611 13576 1:0 27831
25612 13574 1:0 27834
25612 13573 1:0 27859
25612 13563 1:0 27859
25612 13569 1:0 27859
25612 13570 1:0 27862
25612 13564 1:0 27872
25613 11955 21:0 25614
25613 11953 21:0 25614
25613 11956 21:0 25617
25615 13571 1:0 27916
25616 11959 21:0 25623
25618 13575 1:0 28002
25621 13719 1:0 28043
25621 13721 1:0 28046
25621 13723 1:0 28052
25621 13718 1:0 28055
25621 13710 1:0 28080
25624 13720 1:0 28080
25627 298 1:0 28115
25627 13711 1:0 28115
25627 14393 1:0 28127
25629 13722 1:0 28140
25631 13812 1:0 28238
25631 13813 1:0 28265
25772 12099 21:0 25796
25802 12105 21:0 25824
25823 12103 21:0 25827
25826 12102 21:0 25827
25990 12247 21:0 26015
26023 12252 21:0 26045
26044 12249 21:0 26048
26047 12251 21:0 26048
26047 12253 21:0 26056
26055 12241 21:0 26056
26055 12246 21:0 26056
26055 12248 21:0 26059
26058 12240 21:0 26059
26058 12250 21:0 26065
26181 12388 21:0 26227
26244 12399 21:0 26266
26265 12397 21:0 26269
26268 12396 21:0 26269
26268 12395 21:0 26277
26276 12398 21:0 26280
26279 12394 21:0 26280
26279 12393 21:0 26280
26279 12400 21:0 26286
26445 12542 21:0 26487
26486 12546 21:0 26490
26489 12547 21:0 26490
26489 12534 21:0 26490
26489 12545 21:0 26498
26497 12540 21:0 26498
26497 12544 21:0 26501
26500 12543 21:0 26507
26663 12690 21:0 26708
26707 12693 21:0 26711
26710 12694 21:0 26711
26710 12681 21:0 26711
26710 12687 21:0 26719
26718 12688 21:0 26719
26718 12689 21:0 26719
26718 12691 21:0 26722
26721 12692 21:0 26728
26874 12835 21:0 26899
26898 12834 21:0 26929
26928 12841 21:0 26929
26928 12828 21:0 26929
26928 12838 21:0 26932
26931 12840 21:0 26940
26939 12829 21:0 26940
26939 12836 21:0 26943
26942 12837 21:0 26943
27108 12983 21:0 27150
27149 12982 21:0 27150
27149 12976 21:0 27150
27149 12981 21:0 27153
27152 12985 21:0 27153
27152 12987 21:0 27161
27160 12975 21:0 27161
27160 12986 21:0 27164
27163 12988 21:0 27164
27286 13123 21:0 27332
27336 13133 21:0 27371
27370 13131 21:0 27374
27373 13128 21:0 27374
27373 13130 21:0 27379
27378 13122 21:0 27382
27381 13134 21:0 27382
27381 13135 21:0 27385
27384 13132 21:0 27391
27390 13129 21:0 27391
27540 13275 21:0 27564
27570 13281 21:0 27592
27591 13282 21:0 27595
27594 13277 21:0 27595
27594 13278 21:0 27603
27602 13270 21:0 27603
27602 13269 21:0 27603
27602 13276 21:0 27606
27605 13279 21:0 27606
27728 13417 21:0 27774
27781 13426 21:0 27813
27812 13429 21:0 27816
27815 13428 21:0 27816
27815 13422 21:0 27824
27823 13424 21:0 27824
27823 13423 21:0 27824
27823 13427 21:0 27827
27826 13425 21:0 27833
27949 13564 21:0 27995
28012 13575 21:0 28034
28033 13571 21:0 28037
28036 13570 21:0 28037
28036 13563 21:0 28037
28036 13569 21:0 28037
28036 13573 21:0 28045
28044 13574 21:0 28048
28047 13576 21:0 28048
28203 13716 21:0 28227
28271 13813 21:0 65
