274 7931 0:0 275
310 7927 21:0 311
310 7926 21:0 316
311 8172 0:0 316
315 8161 21:0 316
315 7930 21:0 316
315 7922 21:0 316
315 7925 21:0 316
315 7924 21:0 316
316 8176 21:0 327
326 7 21:0 327
326 5 21:0 327
326 8177 21:0 327
326 3 21:0 327
326 9 21:0 327
326 8020 21:0 327
326 7918 21:0 327
326 7921 21:0 327
326 8021 21:0 327
326 7920 21:0 327
326 7919 21:0 327
326 7929 21:0 327
326 7928 21:0 327
326 7923 21:0 327
329 8189 21:0 337
336 8190 0:0 337
336 8191 21:0 403
387 8208 21:0 387
387 8207 21:0 387
394 8194 21:0 394
401 8192 0:0 403
402 15 21:0 403
402 11 21:0 403
402 13 21:0 405
404 23 21:0 405
405 8222 21:0 413
412 8224 0:0 413
412 8223 21:0 479
463 8240 21:0 463
463 8241 21:0 463
470 8227 21:0 470
476 8253 21:0 476
477 8225 0:0 479
478 21 21:0 479
478 31 21:0 479
478 39 21:0 481
479 47 21:0 479
481 8255 21:0 489
484 51 21:0 484
484 8254 21:0 484
488 8256 0:0 489
488 8257 21:0 555
500 8266 21:0 500
507 59 21:0 507
511 8267 21:0 511
539 8271 21:0 539
539 8273 21:0 539
552 8286 21:0 552
553 8258 0:0 555
554 45 21:0 555
554 49 21:0 555
554 57 21:0 555
554 63 21:0 557
557 8288 21:0 565
560 8287 21:0 560
564 8290 0:0 565
564 8289 21:0 631
565 67 21:0 565
583 77 21:0 583
587 8300 21:0 587
615 8307 21:0 615
615 8304 21:0 615
615 8306 21:0 615
620 8308 21:0 620
628 8319 21:0 628
629 8291 0:0 631
630 65 21:0 631
630 81 21:0 631
630 75 21:0 631
630 27 21:0 633
631 83 21:0 631
633 8321 21:0 641
636 8320 21:0 636
640 8323 0:0 641
640 8322 21:0 707
641 85 21:0 641
643 8313 21:0 643
652 8332 21:0 652
659 95 21:0 659
663 8333 21:0 663
691 8339 21:0 691
691 8340 21:0 691
691 8337 21:0 691
696 8341 21:0 696
698 8326 21:0 698
704 8352 21:0 704
705 8324 0:0 707
706 99 21:0 707
706 93 21:0 707
706 8276 21:0 707
706 29 21:0 707
706 8210 21:0 709
707 101 21:0 707
708 41 21:0 709
708 8243 21:0 709
709 8354 21:0 717
712 105 21:0 712
712 8353 21:0 712
716 8355 0:0 717
716 8356 21:0 783
717 103 21:0 717
719 8346 21:0 719
728 8365 21:0 728
735 113 21:0 735
739 115 21:0 739
739 8366 21:0 739
767 8375 21:0 767
767 8372 21:0 767
767 8370 21:0 767
767 8373 21:0 767
772 8374 21:0 772
774 8359 21:0 774
780 8385 21:0 780
782 123 1:0 784
782 8357 21:0 793
783 119 21:0 783
787 121 1:0 789
788 8386 21:0 788
792 129 1:0 803
792 8387 21:0 859
793 121 21:0 793
795 8379 21:0 795
804 8398 21:0 804
806 131 1:0 807
807 129 21:0 807
810 133 1:0 811
815 8399 21:0 815
842 135 1:0 844
843 8406 21:0 843
843 8405 21:0 843
843 8403 21:0 843
847 137 1:0 855
848 135 21:0 848
848 8407 21:0 848
850 8392 21:0 850
856 8418 21:0 856
858 141 1:0 860
858 8389 21:0 869
859 137 21:0 859
863 139 1:0 865
864 141 21:0 864
864 8419 21:0 864
868 147 1:0 879
868 8388 21:0 935
869 139 21:0 869
871 8412 21:0 871
880 8431 21:0 880
882 149 1:0 883
883 147 21:0 883
886 151 1:0 887
891 151 21:0 891
891 8432 21:0 891
918 153 1:0 920
919 8441 21:0 919
919 8436 21:0 919
919 8439 21:0 919
919 8438 21:0 919
923 155 1:0 931
924 8440 21:0 924
926 8425 21:0 926
932 8451 21:0 932
934 159 1:0 936
934 8390 21:0 945
935 155 21:0 935
939 157 1:0 941
940 159 21:0 940
940 8452 21:0 940
944 165 1:0 955
944 8420 21:0 1011
945 157 21:0 945
947 8445 21:0 947
956 8464 21:0 956
958 167 1:0 959
962 169 1:0 963
963 167 21:0 963
967 169 21:0 967
967 8465 21:0 967
994 171 1:0 996
995 8474 21:0 995
995 8472 21:0 995
995 8471 21:0 995
995 8469 21:0 995
999 173 1:0 1007
1000 171 21:0 1000
1000 8473 21:0 1000
1002 8458 21:0 1002
1008 8484 21:0 1008
1010 177 1:0 1012
1010 8421 21:0 1016
1011 173 21:0 1011
1015 175 1:0 1017
1015 8422 21:0 1076
1016 177 21:0 1016
1016 8485 21:0 1016
1020 183 1:0 1031
1021 175 21:0 1021
1023 8478 21:0 1023
1032 8497 21:0 1032
1034 185 1:0 1035
1038 187 1:0 1039
1043 8498 21:0 1043
1070 189 1:0 1072
1071 8507 21:0 1071
1071 8504 21:0 1071
1071 8502 21:0 1071
1071 8505 21:0 1071
1075 191 1:0 1083
1075 8423 21:0 1092
1076 8506 21:0 1076
1078 8491 21:0 1078
1084 8517 21:0 1084
1086 195 1:0 1088
1087 191 21:0 1087
1091 193 1:0 1093
1091 8453 21:0 1147
1092 195 21:0 1092
1092 8518 21:0 1092
1097 193 21:0 1097
1097 8522 21:0 1097
1099 8511 21:0 1099
1108 8530 21:0 1108
1110 203 1:0 1111
1111 201 21:0 1111
1114 205 1:0 1115
1115 203 21:0 1115
1119 8531 21:0 1119
1146 207 1:0 1148
1146 8454 21:0 1168
1147 8540 21:0 1147
1147 8537 21:0 1147
1147 8538 21:0 1147
1147 8535 21:0 1147
1151 209 1:0 1159
1152 8539 21:0 1152
1154 8524 21:0 1154
1160 8550 21:0 1160
1162 213 1:0 1164
1163 209 21:0 1163
1165 8552 21:0 1165
1167 211 1:0 1169
1167 8456 21:0 1191
1168 213 21:0 1168
1168 8551 21:0 1168
1173 211 21:0 1173
1173 8555 21:0 1173
1175 8544 21:0 1175
1184 8563 21:0 1184
1186 221 1:0 1187
1190 223 1:0 1191
1190 8455 21:0 1244
1195 223 21:0 1195
1195 8564 21:0 1195
1209 313 21:0 1209
1222 225 1:0 1224
1223 8573 21:0 1223
1223 8571 21:0 1223
1223 8570 21:0 1223
1223 8568 21:0 1223
1227 227 1:0 1235
1228 225 21:0 1228
1228 8572 21:0 1228
1236 8577 21:0 1236
1236 8583 21:0 1236
1238 231 1:0 1240
1239 227 21:0 1239
1239 8584 21:0 1239
1241 8584 1:0 1241
1241 8586 21:0 1241
1241 8585 21:0 1241
1243 229 1:0 1245
1243 8488 21:0 1263
1244 8584 21:0 1244
1245 8586 1:0 1245
1246 8586 21:0 1246
1246 8587 21:0 1246
1248 237 1:0 1259
1249 8588 21:0 1249
1250 8577 1:0 1250
1253 313 1:0 1253
1260 8596 21:0 1260
1262 239 1:0 1263
1262 8487 21:0 1320
1266 241 1:0 1267
1271 8597 21:0 1271
1298 243 1:0 1300
1299 8603 21:0 1299
1299 8601 21:0 1299
1299 8604 21:0 1299
1303 245 1:0 1311
1304 8605 21:0 1304
1306 8590 21:0 1306
1312 8616 21:0 1312
1314 249 1:0 1316
1317 8618 21:0 1317
1319 247 1:0 1321
1319 8486 21:0 1325
1320 8617 21:0 1320
1322 8619 21:0 1322
1322 8620 21:0 1322
1324 255 1:0 1335
1324 8489 21:0 1391
1325 8621 21:0 1325
1327 8610 21:0 1327
1336 8629 21:0 1336
1338 257 1:0 1339
1342 259 1:0 1343
1347 8630 21:0 1347
1374 261 1:0 1376
1375 8634 21:0 1375
1375 8636 21:0 1375
1375 8637 21:0 1375
1379 263 1:0 1387
1380 8638 21:0 1380
1382 8623 21:0 1382
1388 8649 21:0 1388
1390 267 1:0 1392
1390 8519 21:0 1401
1393 8651 21:0 1393
1395 265 1:0 1397
1398 8652 21:0 1398
1398 8653 21:0 1398
1400 273 1:0 1411
1400 8521 21:0 1467
1401 8654 21:0 1401
1403 8643 21:0 1403
1414 275 1:0 1415
1418 277 1:0 1419
1450 279 1:0 1452
1451 8667 21:0 1451
1451 8670 21:0 1451
1455 281 1:0 1463
1456 8671 21:0 1456
1458 8656 21:0 1458
1464 8682 21:0 1464
1466 285 1:0 1468
1466 8520 21:0 1477
1469 8684 21:0 1469
1471 283 1:0 1473
1474 8685 21:0 1474
1474 8686 21:0 1474
1476 8174 21:0 1479
1478 33 21:0 1492
1491 8309 21:0 1492
1491 43 21:0 1492
1491 8408 21:0 1492
1491 8342 21:0 1492
1491 131 21:0 1492
1491 79 21:0 1492
1491 239 21:0 1492
1491 25 21:0 1492
1491 61 21:0 1492
1491 8161 1:0 1494
1491 8606 21:0 1497
1496 313 21:0 1497
1497 8697 21:0 1507
1506 298 21:0 1528
1527 8187 21:0 1531
1530 8175 21:0 1531
1530 8167 21:0 1538
1533 8685 1:0 1533
1534 8686 1:0 1534
1537 8168 21:0 1538
1537 8181 21:0 1541
1540 8188 21:0 1541
1540 8274 21:0 1546
1543 8684 1:0 1543
1545 8221 21:0 1546
1545 8205 21:0 1549
1548 8200 21:0 1549
1548 8280 21:0 1575
1552 8682 1:0 1552
1571 8671 1:0 1571
1574 8234 21:0 1623
1579 8667 1:0 1579
1579 8670 1:0 1579
1586 313 1:0 1589
1622 8214 21:0 1650
1633 8656 1:0 1633
1649 8654 1:0 1649
1649 8275 21:0 1650
1649 8238 21:0 1653
1652 8201 21:0 1653
1652 8247 21:0 1660
1655 8652 1:0 1655
1656 8653 1:0 1656
1659 8260 21:0 1660
1659 8242 21:0 1663
1662 8220 21:0 1663
1662 8233 21:0 1668
1665 8651 1:0 1665
1667 8293 21:0 1671
1670 8299 21:0 1671
1670 8209 21:0 1694
1674 8649 1:0 1674
1678 8643 1:0 1678
1693 8638 1:0 1693
1693 8554 21:0 1772
1701 8634 1:0 1701
1701 8636 1:0 1701
1701 8637 1:0 1701
1727 8630 1:0 1727
1751 8629 1:0 1751
1755 8623 1:0 1755
1771 8621 1:0 1771
1771 8553 21:0 1782
1777 8619 1:0 1777
1778 8620 1:0 1778
1781 8617 1:0 1781
1781 69 21:0 1782
1781 8835 21:0 1782
1781 8785 21:0 1782
1781 8803 21:0 1782
1781 8782 21:0 1785
1784 8814 21:0 1785
1784 8778 21:0 1785
1784 8728 21:0 1785
1784 8725 21:0 1785
1784 8721 21:0 1785
1784 283 21:0 1785
1784 8161 21:0 1785
1784 285 21:0 1785
1784 281 21:0 1785
1784 8760 21:0 1785
1784 8705 21:0 1785
1784 8817 21:0 1785
1787 8618 1:0 1787
1788 8839 21:0 1790
1789 8746 21:0 1790
1789 263 21:0 1790
1789 249 21:0 1790
1789 247 21:0 1790
1789 267 21:0 1790
1789 87 21:0 1790
1789 293 21:0 1790
1789 265 21:0 1790
1789 123 21:0 1793
1792 229 21:0 1793
1792 8557 21:0 1793
1792 279 21:0 1793
1792 8757 21:0 1793
1792 273 21:0 1793
1792 8755 21:0 1793
1792 277 21:0 1793
1792 275 21:0 1793
1792 259 21:0 1793
1792 257 21:0 1793
1792 243 21:0 1793
1792 8812 21:0 1793
1792 261 21:0 1793
1792 313 21:0 1793
1792 255 21:0 1793
1792 241 21:0 1793
1792 237 21:0 1793
1796 8616 1:0 1796
1797 8842 21:0 1816
1800 8610 1:0 1800
1815 8605 1:0 1815
1815 245 21:0 1816
1815 243 1:0 1816
1818 8606 1:0 1822
1822 8860 21:0 1850
1823 8603 1:0 1823
1823 8601 1:0 1823
1823 8604 1:0 1823
1830 313 1:0 1833
1849 8597 1:0 1849
1849 241 1:0 1850
1849 8577 21:0 1870
1857 239 1:0 1858
1866 237 1:0 1867
1869 8869 21:0 1870
1869 243 21:0 1870
1869 241 21:0 1870
1869 239 21:0 1870
1869 313 21:0 1870
1869 8871 21:0 1870
1873 8596 1:0 1873
1874 8874 21:0 1888
1877 8590 1:0 1877
1887 237 21:0 1894
1893 8588 1:0 1893
1893 229 1:0 1894
1899 8586 1:0 1899
1900 8587 1:0 1900
1900 8892 21:0 1904
1903 8584 1:0 1903
1903 229 21:0 1904
1903 8577 1:0 1905
1906 8557 1:0 1910
1909 8585 1:0 1909
1910 8896 21:0 1912
1911 231 21:0 1912
1911 8553 1:0 1939
1913 227 1:0 1913
1918 8583 1:0 1918
1919 8899 21:0 1938
1937 8572 1:0 1937
1937 227 21:0 1938
1937 313 1:0 1939
1939 225 1:0 1939
1940 8554 1:0 2017
1944 8917 21:0 1972
1945 8573 1:0 1945
1945 8571 1:0 1945
1945 8570 1:0 1945
1945 8568 1:0 1945
1971 8564 1:0 1971
1971 313 21:0 1972
1971 225 21:0 1972
1973 223 1:0 1973
1978 8926 21:0 1980
1979 223 21:0 1980
1987 8928 21:0 1989
1988 221 21:0 1989
1995 8563 1:0 1995
1996 8931 21:0 2010
2015 8555 1:0 2015
2017 211 1:0 2017
2018 8520 1:0 2027
2022 8949 21:0 2026
2025 8551 1:0 2025
2025 211 21:0 2026
2027 213 1:0 2027
2028 8521 1:0 2035
2031 8552 1:0 2031
2032 8953 21:0 2034
2033 213 21:0 2034
2033 313 1:0 2035
2035 209 1:0 2035
2036 8519 1:0 2136
2040 8550 1:0 2040
2041 8956 21:0 2060
2044 8544 1:0 2044
2059 8539 1:0 2059
2059 209 21:0 2060
2066 8974 21:0 2094
2067 8540 1:0 2067
2067 8537 1:0 2067
2067 8538 1:0 2067
2067 8535 1:0 2067
2093 8531 1:0 2093
2093 313 21:0 2094
2093 207 21:0 2094
2100 8983 21:0 2102
2101 205 21:0 2102
2103 203 1:0 2103
2109 8985 21:0 2111
2110 203 21:0 2111
2112 201 1:0 2112
2117 8530 1:0 2117
2118 8988 21:0 2132
2121 8524 1:0 2121
2137 8522 1:0 2137
2137 8489 1:0 2146
2139 193 1:0 2139
2144 9006 21:0 2148
2147 8518 1:0 2147
2147 193 21:0 2148
2147 8486 1:0 2154
2149 195 1:0 2149
2154 9010 21:0 2156
2155 195 21:0 2156
2155 8487 1:0 2183
2157 191 1:0 2157
2162 8517 1:0 2162
2163 9013 21:0 2182
2166 8511 1:0 2166
2181 8506 1:0 2181
2181 191 21:0 2182
2181 313 1:0 2183
2184 8488 1:0 2261
2188 9031 21:0 2216
2189 8507 1:0 2189
2189 8504 1:0 2189
2189 8502 1:0 2189
2189 8505 1:0 2189
2215 8498 1:0 2215
2215 313 21:0 2216
2215 189 21:0 2216
2222 9040 21:0 2224
2223 187 21:0 2224
2231 9042 21:0 2233
2232 185 21:0 2233
2239 8497 1:0 2239
2240 9045 21:0 2254
2243 8491 1:0 2243
2253 183 21:0 2260
2261 175 1:0 2261
2262 8455 1:0 2271
2266 9063 21:0 2270
2269 8485 1:0 2269
2269 175 21:0 2270
2271 177 1:0 2271
2272 8456 1:0 2279
2276 9067 21:0 2278
2277 177 21:0 2278
2277 313 1:0 2279
2279 173 1:0 2279
2280 8454 1:0 2380
2284 8484 1:0 2284
2285 9070 21:0 2304
2288 8478 1:0 2288
2303 8473 1:0 2303
2303 173 21:0 2304
2305 171 1:0 2305
2310 9088 21:0 2338
2311 8474 1:0 2311
2311 8472 1:0 2311
2311 8471 1:0 2311
2311 8469 1:0 2311
2337 8465 1:0 2337
2337 171 21:0 2338
2337 313 21:0 2338
2339 169 1:0 2339
2344 9097 21:0 2346
2345 169 21:0 2346
2347 167 1:0 2347
2353 9099 21:0 2355
2354 167 21:0 2355
2361 8464 1:0 2361
2362 9102 21:0 2376
2365 8458 1:0 2365
2375 165 21:0 2382
2381 8453 1:0 2390
2383 157 1:0 2383
2388 9120 21:0 2392
2391 8452 1:0 2391
2391 157 21:0 2392
2391 8423 1:0 2398
2393 159 1:0 2393
2398 9124 21:0 2400
2399 159 21:0 2400
2399 8422 1:0 2427
2401 155 1:0 2401
2404 313 1:0 2427
2406 8451 1:0 2406
2407 9127 21:0 2426
2410 8445 1:0 2410
2422 8421 1:0 2505
2425 8440 1:0 2425
2425 155 21:0 2426
2432 9145 21:0 2460
2433 8441 1:0 2433
2433 8436 1:0 2433
2433 8439 1:0 2433
2433 8438 1:0 2433
2434 8420 1:0 2515
2459 8432 1:0 2459
2459 153 21:0 2460
2461 151 1:0 2461
2466 9154 21:0 2468
2467 151 21:0 2468
2475 9156 21:0 2477
2476 149 21:0 2477
2478 147 1:0 2478
2483 8431 1:0 2483
2484 9159 21:0 2498
2487 8425 1:0 2487
2497 147 21:0 2504
2505 139 1:0 2505
2510 9177 21:0 2514
2511 8390 1:0 2523
2511 8408 1:0 2523
2511 131 1:0 2523
2512 8388 1:0 2624
2512 123 1:0 2624
2513 8419 1:0 2513
2513 139 21:0 2514
2515 141 1:0 2515
2520 9181 21:0 2522
2520 8389 1:0 2631
2520 8387 1:0 2640
2521 141 21:0 2522
2523 137 1:0 2523
2526 8357 1:0 2746
2528 8418 1:0 2528
2529 9184 21:0 2548
2532 8412 1:0 2532
2544 8356 1:0 2753
2547 8407 1:0 2547
2547 137 21:0 2548
2549 135 1:0 2549
2554 9202 21:0 2582
2555 8406 1:0 2555
2555 8405 1:0 2555
2555 8403 1:0 2555
2556 8355 1:0 2752
2581 8399 1:0 2581
2581 135 21:0 2582
2588 9211 21:0 2590
2589 133 21:0 2590
2597 9213 21:0 2599
2598 131 21:0 2599
2600 129 1:0 2600
2605 8398 1:0 2605
2606 9216 21:0 2620
2609 8392 1:0 2609
2619 129 21:0 2626
2627 121 1:0 2627
2632 9234 21:0 2636
2633 8354 1:0 2762
2634 8209 1:0 2767
2634 99 1:0 2792
2634 87 1:0 2793
2634 8342 1:0 2793
2634 8299 1:0 2793
2634 8293 1:0 2793
2634 93 1:0 2841
2634 8233 1:0 2841
2634 8220 1:0 2868
2635 8386 1:0 2635
2635 121 21:0 2636
2642 9238 21:0 2644
2642 8324 1:0 2868
2642 8322 1:0 2874
2645 119 1:0 2645
2648 8323 1:0 2875
2650 8385 1:0 2650
2651 9241 21:0 2670
2654 8379 1:0 2654
2667 8321 1:0 2884
2669 8374 1:0 2669
2676 9259 21:0 2704
2677 8375 1:0 2677
2677 8372 1:0 2677
2677 8370 1:0 2677
2677 8373 1:0 2677
2678 8242 1:0 2889
2703 8366 1:0 2703
2705 115 1:0 2705
2710 9268 21:0 2712
2713 113 1:0 2713
2719 9270 21:0 2721
2727 8365 1:0 2727
2728 9273 21:0 2742
2731 8359 1:0 2731
2749 103 1:0 2749
2754 9291 21:0 2758
2755 81 1:0 2914
2755 8309 1:0 2915
2755 8260 1:0 2915
2755 8247 1:0 2915
2755 79 1:0 2915
2755 69 1:0 2915
2755 75 1:0 2963
2755 8201 1:0 2963
2755 8238 1:0 2990
2756 8291 1:0 2990
2757 8353 1:0 2757
2759 105 1:0 2759
2764 9295 21:0 2766
2764 8289 1:0 2996
2764 8290 1:0 2997
2767 101 1:0 2767
2770 8288 1:0 3006
2770 65 1:0 3010
2770 8275 1:0 3011
2772 8352 1:0 2772
2773 9298 21:0 2792
2774 8280 1:0 3019
2774 63 1:0 3034
2776 8346 1:0 2776
2788 8274 1:0 3042
2788 8276 1:0 3042
2788 61 1:0 3070
2788 57 1:0 3076
2789 49 1:0 3085
2791 8341 1:0 2791
2798 9316 21:0 2826
2799 8339 1:0 2799
2799 8340 1:0 2799
2799 8337 1:0 2799
2825 8333 1:0 2825
2832 9325 21:0 2834
2835 95 1:0 2835
2845 9327 21:0 2846
2849 8332 1:0 2849
2850 9330 21:0 2864
2853 8326 1:0 2853
2871 85 1:0 2871
2876 9348 21:0 2880
2877 8214 1:0 3112
2877 8258 1:0 3112
2878 8256 1:0 3118
2878 8257 1:0 3119
2879 8320 1:0 2879
2886 9352 21:0 2888
2886 8255 1:0 3128
2886 8234 1:0 3133
2886 43 1:0 3133
2886 45 1:0 3133
2886 8200 1:0 3159
2886 8205 1:0 3159
2886 33 1:0 3159
2886 31 1:0 3159
2886 8243 1:0 3159
2886 41 1:0 3159
2889 83 1:0 2889
2892 8221 1:0 3207
2892 39 1:0 3207
2894 8319 1:0 2894
2895 9355 21:0 2914
2898 8313 1:0 2898
2910 8225 1:0 3234
2911 8188 1:0 3234
2913 8308 1:0 2913
2920 9373 21:0 2948
2921 8307 1:0 2921
2921 8304 1:0 2921
2921 8306 1:0 2921
2947 8300 1:0 2947
2954 9382 21:0 2956
2957 77 1:0 2957
2967 9384 21:0 2968
2972 9387 21:0 2986
2993 67 1:0 2993
2998 9405 21:0 3002
2999 8223 1:0 3240
3000 8224 1:0 3241
3000 8222 1:0 3250
3000 29 1:0 3254
3000 25 1:0 3255
3000 8181 1:0 3255
3000 27 1:0 3255
3001 8287 1:0 3001
3008 9409 21:0 3010
3008 8210 1:0 3281
3008 8167 1:0 3281
3008 8168 1:0 3281
3008 23 1:0 3281
3008 15 1:0 3281
3008 13 1:0 3281
3008 8175 1:0 3329
3008 21 1:0 3329
3008 8192 1:0 3356
3014 8187 1:0 3356
3016 8286 1:0 3016
3017 9412 21:0 3036
3032 8191 1:0 3363
3042 9430 21:0 3070
3043 8271 1:0 3043
3043 8273 1:0 3043
3044 8190 1:0 3362
3069 8267 1:0 3069
3076 9439 21:0 3078
3079 59 1:0 3079
3089 9441 21:0 3090
3093 8266 1:0 3093
3094 9444 21:0 3108
3120 9462 21:0 3124
3121 8189 1:0 3372
3122 11 1:0 3376
3122 298 1:0 3377
3122 8176 1:0 3400
3122 9 1:0 3400
3122 8174 1:0 3408
3122 8177 1:0 3408
3122 8172 1:0 3408
3122 7 1:0 3436
3122 5 1:0 3444
3122 3 1:0 3451
3122 299 1:0 3476
3123 8254 1:0 3123
3125 51 1:0 3125
3130 9466 21:0 3132
3133 47 1:0 3133
3138 8253 1:0 3138
3139 9469 21:0 3158
3164 9487 21:0 3192
3165 8240 1:0 3165
3165 8241 1:0 3165
3198 9496 21:0 3200
3211 9498 21:0 3212
3216 9501 21:0 3230
3219 8227 1:0 3219
3242 9519 21:0 3246
3252 9523 21:0 3254
3261 9526 21:0 3280
3286 9544 21:0 3314
3287 8208 1:0 3287
3287 8207 1:0 3287
3320 9553 21:0 3322
3333 9555 21:0 3334
3338 9558 21:0 3352
3341 8194 1:0 3341
3364 9576 21:0 3368
3374 9580 21:0 3376
3383 9583 21:0 3402
3408 9601 21:0 3436
3442 9610 21:0 3444
3451 9612 21:0 3453
3460 9615 21:0 3473
3474 298 21:0 3524
3523 5 21:0 3524
3523 7 21:0 3524
3523 3 21:0 3524
3524 9645 21:0 3540
3539 9648 21:0 3540
3539 9647 0:0 3540
3539 9646 21:0 3540
3539 9 21:0 3540
3542 9660 21:0 3550
3545 9659 21:0 3545
3549 9661 0:0 3550
3549 9662 21:0 3616
3605 9680 21:0 3605
3607 9665 21:0 3607
3613 9691 21:0 3613
3614 9663 0:0 3616
3615 21 21:0 3616
3615 15 21:0 3616
3615 27 21:0 3616
3615 25 21:0 3616
3615 9681 21:0 3616
3615 23 21:0 3616
3616 29 21:0 3616
3618 9693 21:0 3626
3621 9692 21:0 3621
3625 9695 0:0 3626
3625 9694 21:0 3692
3637 9704 21:0 3637
3681 9713 21:0 3681
3683 9698 21:0 3683
3690 9696 0:0 3692
3691 31 21:0 3692
3691 11 21:0 3694
3694 9726 21:0 3702
3701 9728 0:0 3702
3701 9727 21:0 3768
3724 9738 21:0 3724
3752 9744 21:0 3752
3757 9746 21:0 3757
3759 9731 21:0 3759
3765 9757 21:0 3765
3766 9729 0:0 3768
3767 33 21:0 3768
3767 57 21:0 3768
3767 13 21:0 3768
3767 9747 21:0 3770
3768 65 21:0 3768
3769 41 21:0 3770
3770 9759 21:0 3778
3773 69 21:0 3773
3773 9758 21:0 3773
3777 9761 0:0 3778
3777 9760 21:0 3844
3789 9770 21:0 3789
3800 9771 21:0 3800
3828 9775 21:0 3828
3828 9777 21:0 3828
3828 9778 21:0 3828
3833 9779 21:0 3833
3842 9762 0:0 3844
3843 49 21:0 3844
3843 63 21:0 3844
3843 39 21:0 3844
3843 45 21:0 3844
3843 81 21:0 3846
3845 9780 21:0 3846
3846 9792 21:0 3854
3849 87 21:0 3849
3849 9791 21:0 3849
3853 9793 0:0 3854
3853 9794 21:0 3920
3865 9803 21:0 3865
3876 9804 21:0 3876
3904 9808 21:0 3904
3904 9810 21:0 3904
3904 9811 21:0 3904
3909 9812 21:0 3909
3911 9797 21:0 3911
3917 9823 21:0 3917
3918 9795 0:0 3920
3919 85 21:0 3920
3919 51 21:0 3922
3920 101 21:0 3920
3921 97 21:0 3922
3922 9825 21:0 3930
3925 105 21:0 3925
3925 9824 21:0 3925
3929 9827 0:0 3930
3929 9826 21:0 3996
3930 103 21:0 3930
3932 9817 21:0 3932
3941 9836 21:0 3941
3952 9837 21:0 3952
3980 9843 21:0 3980
3980 9844 21:0 3980
3980 9841 21:0 3980
3985 9845 21:0 3985
3987 9830 21:0 3987
3993 9856 21:0 3993
3995 9828 21:0 4006
3996 119 21:0 3996
4000 121 1:0 4002
4001 123 21:0 4001
4001 9857 21:0 4001
4005 129 1:0 4016
4005 9858 21:0 4072
4008 9850 21:0 4008
4017 9869 21:0 4017
4019 131 1:0 4020
4023 133 1:0 4024
4028 9870 21:0 4028
4055 135 1:0 4057
4056 9877 21:0 4056
4056 9874 21:0 4056
4056 9876 21:0 4056
4060 137 1:0 4068
4061 9878 21:0 4061
4063 9863 21:0 4063
4069 9889 21:0 4069
4071 141 1:0 4073
4071 9859 21:0 4082
4072 137 21:0 4072
4076 139 1:0 4078
4077 9890 21:0 4077
4081 147 1:0 4092
4081 9860 21:0 4148
4082 139 21:0 4082
4084 9883 21:0 4084
4093 9902 21:0 4093
4095 149 1:0 4096
4099 151 1:0 4100
4104 9903 21:0 4104
4131 153 1:0 4133
4132 9907 21:0 4132
4132 9909 21:0 4132
4132 9910 21:0 4132
4136 155 1:0 4144
4137 9911 21:0 4137
4139 9896 21:0 4139
4145 9922 21:0 4145
4147 159 1:0 4149
4147 9861 21:0 4158
4148 155 21:0 4148
4152 157 1:0 4154
4153 159 21:0 4153
4153 9923 21:0 4153
4157 165 1:0 4168
4157 9891 21:0 4213
4158 157 21:0 4158
4160 9916 21:0 4160
4169 9935 21:0 4169
4171 167 1:0 4172
4175 169 1:0 4176
4180 9936 21:0 4180
4207 171 1:0 4209
4208 9942 21:0 4208
4208 9943 21:0 4208
4208 9940 21:0 4208
4212 173 1:0 4220
4212 9892 21:0 4229
4213 9944 21:0 4213
4215 9929 21:0 4215
4221 9955 21:0 4221
4223 177 1:0 4225
4224 173 21:0 4224
4228 175 1:0 4230
4228 9893 21:0 4284
4229 9956 21:0 4229
4233 183 1:0 4244
4234 175 21:0 4234
4236 9949 21:0 4236
4245 9968 21:0 4245
4247 185 1:0 4248
4251 187 1:0 4252
4256 9969 21:0 4256
4283 189 1:0 4285
4283 9894 21:0 4305
4284 9975 21:0 4284
4284 9973 21:0 4284
4284 9976 21:0 4284
4288 191 1:0 4296
4289 9977 21:0 4289
4291 9962 21:0 4291
4297 9988 21:0 4297
4299 195 1:0 4301
4304 193 1:0 4306
4304 9926 21:0 4328
4305 9989 21:0 4305
4310 9993 21:0 4310
4312 9982 21:0 4312
4321 10001 21:0 4321
4323 203 1:0 4324
4327 205 1:0 4328
4327 9925 21:0 4381
4332 10002 21:0 4332
4359 207 1:0 4361
4360 10008 21:0 4360
4360 10006 21:0 4360
4360 10009 21:0 4360
4364 209 1:0 4372
4365 10010 21:0 4365
4367 9995 21:0 4367
4373 10021 21:0 4373
4375 213 1:0 4377
4378 10023 21:0 4378
4380 211 1:0 4382
4380 9924 21:0 4400
4381 10022 21:0 4381
4386 10026 21:0 4386
4388 10015 21:0 4388
4397 10034 21:0 4397
4399 221 1:0 4400
4399 9927 21:0 4457
4403 223 1:0 4404
4408 10035 21:0 4408
4435 225 1:0 4437
4436 10039 21:0 4436
4436 10042 21:0 4436
4436 10041 21:0 4436
4440 227 1:0 4448
4441 10043 21:0 4441
4443 10028 21:0 4443
4449 10048 21:0 4449
4451 231 1:0 4453
4452 227 21:0 4452
4454 10057 21:0 4454
4454 10056 21:0 4454
4456 229 1:0 4458
4456 9957 21:0 4462
4457 10055 21:0 4457
4458 10057 1:0 4458
4459 10057 21:0 4459
4459 10058 21:0 4459
4461 237 1:0 4472
4461 9958 21:0 4528
4462 10059 21:0 4462
4463 10048 1:0 4463
4473 10067 21:0 4473
4475 239 1:0 4476
4479 241 1:0 4480
4484 10068 21:0 4484
4511 243 1:0 4513
4512 10075 21:0 4512
4512 10072 21:0 4512
4512 10074 21:0 4512
4516 245 1:0 4524
4517 10076 21:0 4517
4519 10061 21:0 4519
4525 10087 21:0 4525
4527 249 1:0 4529
4527 9658 21:0 4533
4530 10089 21:0 4530
4532 299 21:0 4533
4532 247 1:0 4534
4532 9638 21:0 4538
4533 10088 21:0 4533
4535 10090 21:0 4535
4535 10091 21:0 4535
4537 9639 21:0 4538
4537 255 1:0 4548
4537 9652 21:0 4556
4538 10092 21:0 4538
4540 10081 21:0 4540
4549 10100 21:0 4549
4551 257 1:0 4552
4555 259 1:0 4556
4555 9643 21:0 4593
4560 10101 21:0 4560
4587 261 1:0 4589
4588 10105 21:0 4588
4588 10108 21:0 4588
4588 10107 21:0 4588
4592 263 1:0 4600
4592 9671 21:0 4604
4593 10109 21:0 4593
4595 10094 21:0 4595
4601 10120 21:0 4601
4603 267 1:0 4605
4603 9990 21:0 4614
4606 10122 21:0 4606
4608 265 1:0 4610
4609 10121 21:0 4609
4611 10123 21:0 4611
4611 10124 21:0 4611
4613 273 1:0 4624
4613 9959 21:0 4680
4614 10125 21:0 4614
4616 10114 21:0 4616
4625 10133 21:0 4625
4627 275 1:0 4628
4631 277 1:0 4632
4636 10134 21:0 4636
4663 279 1:0 4665
4664 10138 21:0 4664
4664 10141 21:0 4664
4664 10140 21:0 4664
4668 281 1:0 4676
4669 10142 21:0 4669
4671 10127 21:0 4671
4677 10153 21:0 4677
4679 285 1:0 4681
4679 9960 21:0 4690
4682 10155 21:0 4682
4684 283 1:0 4686
4687 10156 21:0 4687
4687 10157 21:0 4687
4689 9685 21:0 4690
4689 9737 21:0 4705
4691 293 1:0 4701
4704 75 21:0 4705
4704 237 21:0 4705
4704 9813 21:0 4705
4704 239 21:0 4705
4704 9846 21:0 4705
4704 77 21:0 4705
4704 9879 21:0 4705
4704 8161 1:0 4707
4704 10077 21:0 4710
4709 313 21:0 4710
4710 10168 21:0 4720
4719 8705 1:0 4721
4719 9991 21:0 4746
4745 8721 1:0 4747
4745 9992 21:0 4757
4749 10156 1:0 4749
4750 10157 1:0 4750
4751 10195 21:0 4751
4756 8725 1:0 4758
4756 9672 21:0 4763
4760 10195 1:0 4760
4760 10155 1:0 4760
4762 9705 21:0 4763
4762 9711 21:0 4766
4765 8728 1:0 4768
4765 9724 21:0 4771
4770 10153 1:0 4770
4770 9678 21:0 4794
4790 10142 1:0 4790
4793 8746 1:0 4795
4793 9751 21:0 4845
4799 10138 1:0 4799
4799 10141 1:0 4799
4799 10140 1:0 4799
4806 313 1:0 4809
4825 10134 1:0 4825
4828 8755 1:0 4830
4837 8757 1:0 4840
4844 9718 21:0 4874
4847 8760 1:0 4850
4852 10133 1:0 4852
4857 10127 1:0 4857
4873 10125 1:0 4873
4873 9679 21:0 4874
4873 9742 21:0 4877
4876 9709 21:0 4877
4876 8778 1:0 4878
4876 9790 21:0 4885
4880 10123 1:0 4880
4881 10124 1:0 4881
4884 10121 1:0 4884
4884 9725 21:0 4885
4884 9676 21:0 4888
4887 9784 21:0 4888
4887 8782 1:0 4889
4887 9745 21:0 4894
4891 10122 1:0 4891
4893 9764 21:0 4897
4896 9712 21:0 4897
4896 8785 1:0 4899
4896 10024 21:0 5005
4901 10120 1:0 4901
4906 10114 1:0 4906
4921 10109 1:0 4921
4924 8803 1:0 4926
4930 10105 1:0 4930
4930 10108 1:0 4930
4930 10107 1:0 4930
4956 10101 1:0 4956
4959 8812 1:0 4961
4968 8814 1:0 4971
4978 8817 1:0 4981
4983 10100 1:0 4983
4988 10094 1:0 4988
5004 10092 1:0 5004
5004 10025 21:0 5013
5007 8835 1:0 5009
5011 10090 1:0 5011
5012 10091 1:0 5012
5012 8835 21:0 5016
5015 10088 1:0 5015
5015 8721 21:0 5016
5015 8778 21:0 5016
5015 8782 21:0 5016
5015 8803 21:0 5016
5015 8785 21:0 5016
5015 83 21:0 5016
5015 47 21:0 5016
5015 8728 21:0 5019
5018 283 21:0 5019
5018 285 21:0 5019
5018 8817 21:0 5019
5018 261 21:0 5019
5018 265 21:0 5019
5018 8725 21:0 5019
5018 267 21:0 5019
5018 281 21:0 5019
5018 8760 21:0 5019
5018 263 21:0 5019
5018 8814 21:0 5019
5018 8161 21:0 5019
5018 8705 21:0 5019
5018 8839 1:0 5020
5018 313 21:0 5022
5022 10089 1:0 5022
5022 8839 21:0 5025
5024 249 21:0 5025
5024 121 21:0 5025
5024 247 21:0 5025
5024 67 21:0 5025
5024 8746 21:0 5025
5024 293 21:0 5025
5024 10054 21:0 5028
5027 257 21:0 5028
5027 277 21:0 5028
5027 8755 21:0 5028
5027 275 21:0 5028
5027 279 21:0 5028
5027 273 21:0 5028
5027 8757 21:0 5028
5027 8812 21:0 5028
5027 10048 21:0 5028
5027 259 21:0 5028
5027 243 21:0 5028
5027 241 21:0 5028
5027 255 21:0 5028
5027 8842 1:0 5030
5032 10087 1:0 5032
5032 8842 21:0 5053
5037 10081 1:0 5037
5052 10076 1:0 5052
5052 245 21:0 5053
5052 243 1:0 5053
5052 229 21:0 5056
5055 8860 1:0 5057
5055 10077 1:0 5060
5059 8860 21:0 5088
5061 10075 1:0 5061
5061 10072 1:0 5061
5061 10074 1:0 5061
5068 313 1:0 5071
5087 10068 1:0 5087
5087 243 21:0 5088
5087 313 21:0 5088
5087 241 1:0 5088
5090 8869 1:0 5092
5094 8869 21:0 5097
5096 241 21:0 5097
5096 239 1:0 5097
5099 8871 1:0 5102
5104 8871 21:0 5107
5106 239 21:0 5107
5106 237 1:0 5107
5109 8874 1:0 5112
5114 10067 1:0 5114
5114 8874 21:0 5128
5119 10061 1:0 5119
5127 237 21:0 5136
5135 10059 1:0 5135
5135 229 1:0 5136
5138 8892 1:0 5140
5139 229 21:0 5139
5142 10057 1:0 5142
5142 8892 21:0 5147
5143 10058 1:0 5143
5146 10055 1:0 5146
5146 10048 1:0 5148
5149 8896 1:0 5151
5149 8899 1:0 5154
5149 10054 1:0 5154
5153 10056 1:0 5153
5153 8896 21:0 5156
5155 231 21:0 5156
5155 10025 1:0 5185
5157 227 1:0 5157
5163 8899 21:0 5184
5183 10043 1:0 5183
5183 227 21:0 5184
5183 8926 1:0 5185
5183 8917 1:0 5185
5183 8956 1:0 5185
5183 313 1:0 5185
5183 8931 1:0 5185
5183 8928 1:0 5185
5186 10024 1:0 5268
5190 8917 21:0 5219
5192 10039 1:0 5192
5192 10042 1:0 5192
5192 10041 1:0 5192
5218 10035 1:0 5218
5218 313 21:0 5219
5218 225 21:0 5219
5225 8926 21:0 5228
5227 223 21:0 5228
5235 8928 21:0 5238
5237 221 21:0 5238
5245 10034 1:0 5245
5245 8931 21:0 5259
5250 10028 1:0 5250
5258 219 21:0 5267
5266 10026 1:0 5266
5266 8949 1:0 5268
5266 8953 1:0 5268
5269 9992 1:0 5279
5273 8949 21:0 5278
5277 10022 1:0 5277
5277 313 1:0 5279
5280 9991 1:0 5288
5284 10023 1:0 5284
5284 8953 21:0 5287
5286 8983 1:0 5288
5286 8974 1:0 5288
5289 9960 1:0 5396
5294 10021 1:0 5294
5294 8956 21:0 5315
5299 10015 1:0 5299
5314 10010 1:0 5314
5314 209 21:0 5315
5321 8974 21:0 5350
5323 10008 1:0 5323
5323 10006 1:0 5323
5323 10009 1:0 5323
5349 10002 1:0 5349
5349 313 21:0 5350
5349 207 21:0 5350
5356 8983 21:0 5359
5358 205 21:0 5359
5361 8985 1:0 5364
5366 8985 21:0 5369
5368 203 21:0 5369
5368 9013 1:0 5370
5371 8988 1:0 5374
5371 9010 1:0 5396
5371 9006 1:0 5396
5376 10001 1:0 5376
5376 8988 21:0 5390
5381 9995 1:0 5381
5389 201 21:0 5398
5397 9993 1:0 5397
5397 9959 1:0 5407
5404 9006 21:0 5409
5408 9989 1:0 5408
5408 193 21:0 5409
5408 9990 1:0 5414
5415 9010 21:0 5418
5417 195 21:0 5418
5417 9958 1:0 5447
5425 9988 1:0 5425
5425 9013 21:0 5446
5430 9982 1:0 5430
5445 9977 1:0 5445
5445 191 21:0 5446
5445 9040 1:0 5447
5445 313 1:0 5447
5445 9042 1:0 5447
5445 9067 1:0 5447
5445 9045 1:0 5447
5445 9031 1:0 5447
5448 9957 1:0 5530
5452 9031 21:0 5481
5454 9975 1:0 5454
5454 9973 1:0 5454
5454 9976 1:0 5454
5480 9969 1:0 5480
5480 189 21:0 5481
5480 313 21:0 5481
5487 9040 21:0 5490
5489 187 21:0 5490
5497 9042 21:0 5500
5499 185 21:0 5500
5507 9968 1:0 5507
5507 9045 21:0 5521
5512 9962 1:0 5512
5520 183 21:0 5529
5528 9063 1:0 5530
5528 9070 1:0 5530
5530 175 1:0 5530
5531 9927 1:0 5541
5535 9063 21:0 5540
5539 9956 1:0 5539
5539 175 21:0 5540
5539 313 1:0 5541
5542 9924 1:0 5550
5546 9067 21:0 5549
5548 177 21:0 5549
5548 9097 1:0 5550
5548 9088 1:0 5550
5550 173 1:0 5550
5551 9925 1:0 5658
5556 9955 1:0 5556
5556 9070 21:0 5577
5561 9949 1:0 5561
5576 9944 1:0 5576
5576 173 21:0 5577
5583 9088 21:0 5612
5585 9942 1:0 5585
5585 9943 1:0 5585
5585 9940 1:0 5585
5611 9936 1:0 5611
5611 171 21:0 5612
5611 313 21:0 5612
5618 9097 21:0 5621
5620 169 21:0 5621
5623 9099 1:0 5626
5628 9099 21:0 5631
5630 167 21:0 5631
5630 9127 1:0 5632
5633 9102 1:0 5636
5633 9120 1:0 5658
5633 9124 1:0 5658
5638 9935 1:0 5638
5638 9102 21:0 5652
5643 9929 1:0 5643
5651 165 21:0 5660
5659 9926 1:0 5666
5661 157 1:0 5661
5666 9120 21:0 5671
5670 9923 1:0 5670
5670 157 21:0 5671
5670 9894 1:0 5678
5672 159 1:0 5672
5677 9124 21:0 5680
5679 159 21:0 5680
5679 9893 1:0 5709
5681 155 1:0 5681
5684 313 1:0 5709
5684 9154 1:0 5709
5684 9145 1:0 5709
5684 9181 1:0 5709
5684 9159 1:0 5709
5684 9156 1:0 5709
5687 9922 1:0 5687
5687 9127 21:0 5708
5692 9916 1:0 5692
5704 9177 1:0 5792
5704 9184 1:0 5792
5704 9892 1:0 5792
5707 9911 1:0 5707
5707 155 21:0 5708
5714 9145 21:0 5743
5716 9907 1:0 5716
5716 9909 1:0 5716
5716 9910 1:0 5716
5717 9891 1:0 5803
5717 9879 1:0 5803
5742 9903 1:0 5742
5742 153 21:0 5743
5749 9154 21:0 5752
5751 151 21:0 5752
5759 9156 21:0 5762
5761 149 21:0 5762
5769 9902 1:0 5769
5769 9159 21:0 5783
5774 9896 1:0 5774
5782 147 21:0 5791
5792 139 1:0 5792
5797 9177 21:0 5802
5799 9861 1:0 5812
5799 9202 1:0 5812
5799 9211 1:0 5812
5800 9213 1:0 5888
5800 121 1:0 5894
5800 9216 1:0 5898
5800 9234 1:0 5920
5800 9238 1:0 5920
5800 9860 1:0 5920
5801 9890 1:0 5801
5801 139 21:0 5802
5808 9181 21:0 5811
5809 9859 1:0 5927
5809 9858 1:0 5938
5809 9846 1:0 5943
5809 9268 1:0 5943
5809 9259 1:0 5943
5809 67 1:0 5943
5809 9241 1:0 5943
5810 141 21:0 5811
5812 137 1:0 5812
5815 9270 1:0 6019
5815 47 1:0 6025
5815 83 1:0 6025
5815 9273 1:0 6029
5815 9291 1:0 6051
5815 9295 1:0 6051
5815 9828 1:0 6051
5818 9889 1:0 5818
5818 9184 21:0 5839
5823 9883 1:0 5823
5836 9826 1:0 6058
5838 9878 1:0 5838
5838 137 21:0 5839
5845 9202 21:0 5874
5847 9877 1:0 5847
5847 9874 1:0 5847
5847 9876 1:0 5847
5873 9870 1:0 5873
5873 135 21:0 5874
5880 9211 21:0 5883
5882 133 21:0 5883
5890 9213 21:0 5893
5892 131 21:0 5893
5900 9869 1:0 5900
5900 9216 21:0 5914
5905 9863 1:0 5905
5913 129 21:0 5922
5928 9234 21:0 5933
5930 9827 1:0 6059
5931 9825 1:0 6069
5931 9325 1:0 6071
5931 9327 1:0 6071
5931 51 1:0 6074
5931 9712 1:0 6074
5931 9298 1:0 6074
5931 9316 1:0 6074
5931 85 1:0 6074
5931 9745 1:0 6102
5931 97 1:0 6102
5931 9764 1:0 6102
5931 9352 1:0 6102
5931 9813 1:0 6102
5931 9348 1:0 6102
5931 9330 1:0 6153
5931 9784 1:0 6153
5932 9857 1:0 5932
5932 121 21:0 5933
5934 123 1:0 5934
5939 9238 21:0 5942
5940 9676 1:0 6182
5940 9795 1:0 6182
5943 119 1:0 5943
5946 9794 1:0 6190
5949 9856 1:0 5949
5949 9241 21:0 5970
5954 9850 1:0 5954
5966 9793 1:0 6189
5969 9845 1:0 5969
5976 9259 21:0 6005
5978 9843 1:0 5978
5978 9844 1:0 5978
5978 9841 1:0 5978
5979 9792 1:0 6200
5979 9355 1:0 6205
6004 9837 1:0 6004
6011 9268 21:0 6014
6021 9270 21:0 6024
6031 9836 1:0 6031
6031 9273 21:0 6045
6036 9830 1:0 6036
6054 103 1:0 6054
6059 9291 21:0 6064
6061 9405 1:0 6205
6061 9576 1:0 6205
6061 9790 1:0 6205
6061 81 1:0 6232
6061 75 1:0 6233
6061 9373 1:0 6233
6061 9384 1:0 6233
6061 9780 1:0 6233
6061 9709 1:0 6233
6061 9725 1:0 6233
6061 77 1:0 6233
6061 9409 1:0 6233
6061 9382 1:0 6233
6062 9387 1:0 6284
6062 9742 1:0 6284
6062 9762 1:0 6313
6062 9679 1:0 6313
6063 9824 1:0 6063
6065 105 1:0 6065
6070 9295 21:0 6073
6071 9760 1:0 6320
6071 9761 1:0 6321
6074 101 1:0 6074
6080 9823 1:0 6080
6080 9298 21:0 6101
6082 9759 1:0 6331
6085 9817 1:0 6085
6097 9439 1:0 6336
6097 63 1:0 6336
6097 9751 1:0 6336
6097 49 1:0 6336
6097 9430 1:0 6336
6097 9444 1:0 6336
6097 9412 1:0 6336
6098 9678 1:0 6364
6100 9812 1:0 6100
6107 9316 21:0 6136
6109 9808 1:0 6109
6109 9810 1:0 6109
6109 9811 1:0 6109
6110 9747 1:0 6364
6110 9462 1:0 6364
6110 9718 1:0 6364
6110 9466 1:0 6364
6110 9441 1:0 6364
6110 57 1:0 6415
6110 9724 1:0 6415
6135 9804 1:0 6135
6142 9325 21:0 6145
6157 9327 21:0 6158
6162 9803 1:0 6162
6162 9330 21:0 6176
6167 9797 1:0 6167
6190 9348 21:0 6195
6192 9729 1:0 6444
6193 9737 1:0 6423
6193 9727 1:0 6451
6194 9791 1:0 6194
6196 87 1:0 6196
6201 9352 21:0 6204
6202 9496 1:0 6451
6202 9728 1:0 6452
6202 9501 1:0 6455
6202 9726 1:0 6462
6202 9498 1:0 6464
6202 45 1:0 6464
6202 33 1:0 6467
6202 9469 1:0 6467
6202 9711 1:0 6467
6205 9523 1:0 6467
6208 9487 1:0 6467
6208 9705 1:0 6495
6208 41 1:0 6495
6208 9519 1:0 6495
6208 31 1:0 6495
6208 9672 1:0 6495
6211 9355 21:0 6232
6213 9685 1:0 6546
6213 39 1:0 6546
6228 9671 1:0 6575
6231 9779 1:0 6231
6238 9373 21:0 6267
6240 9775 1:0 6240
6240 9777 1:0 6240
6240 9778 1:0 6240
6266 9771 1:0 6266
6273 9382 21:0 6276
6282 9696 1:0 6575
6288 9384 21:0 6289
6293 9770 1:0 6293
6293 9387 21:0 6307
6321 9405 21:0 6326
6323 9694 1:0 6582
6324 9695 1:0 6583
6325 9758 1:0 6325
6327 69 1:0 6327
6332 9409 21:0 6335
6333 9693 1:0 6593
6333 9526 1:0 6598
6333 9553 1:0 6598
6333 25 1:0 6598
6333 27 1:0 6598
6333 23 1:0 6598
6333 9580 1:0 6598
6333 9643 1:0 6598
6333 9544 1:0 6598
6333 9558 1:0 6598
6333 9681 1:0 6626
6333 15 1:0 6626
6333 13 1:0 6626
6333 9555 1:0 6626
6333 9639 1:0 6626
6333 9652 1:0 6626
6333 21 1:0 6677
6333 9638 1:0 6677
6336 65 1:0 6336
6339 9663 1:0 6706
6342 9757 1:0 6342
6342 9412 21:0 6363
6344 299 1:0 6706
6362 9746 1:0 6362
6369 9430 21:0 6398
6371 9744 1:0 6371
6372 9662 1:0 6714
6397 9738 1:0 6397
6404 9439 21:0 6407
6419 9441 21:0 6420
6424 9444 21:0 6438
6429 9731 1:0 6429
6452 9462 21:0 6457
6454 9661 1:0 6713
6455 9660 1:0 6724
6455 11 1:0 6728
6455 9658 1:0 6729
6455 9583 1:0 6733
6455 9601 1:0 6740
6455 9646 1:0 6754
6455 9 1:0 6754
6455 9647 1:0 6754
6463 9466 21:0 6466
6464 9648 1:0 6763
6464 9645 1:0 6763
6464 7 1:0 6791
6464 9610 1:0 6795
6464 5 1:0 6800
6464 9612 1:0 6801
6464 3 1:0 6808
6464 9615 1:0 6808
6464 300 1:0 6835
6473 9469 21:0 6494
6493 9713 1:0 6493
6500 9487 21:0 6529
6535 9496 21:0 6538
6550 9498 21:0 6551
6555 9704 1:0 6555
6555 9501 21:0 6569
6560 9698 1:0 6560
6583 9519 21:0 6588
6587 9692 1:0 6587
6594 9523 21:0 6597
6598 29 1:0 6598
6604 9691 1:0 6604
6604 9526 21:0 6625
6624 9680 1:0 6624
6631 9544 21:0 6660
6666 9553 21:0 6669
6681 9555 21:0 6682
6686 9558 21:0 6700
6691 9665 1:0 6691
6714 9576 21:0 6719
6718 9659 1:0 6718
6725 9580 21:0 6728
6735 9583 21:0 6756
6762 9601 21:0 6791
6797 9610 21:0 6800
6807 9612 21:0 6810
6817 9615 21:0 6831
6833 299 21:0 6883
6881 11110 0:0 6883
6882 3 21:0 6883
6882 5 21:0 6883
6882 7 21:0 6883
6883 11116 21:0 6899
6888 11118 21:0 6888
6890 300 21:0 6890
6898 11119 21:0 6899
6898 9 21:0 6899
6898 11117 21:0 6899
6901 11131 21:0 6909
6908 11132 0:0 6909
6908 11133 21:0 6975
6920 11142 21:0 6920
6931 11143 21:0 6931
6972 11162 21:0 6972
6973 11134 0:0 6975
6974 13 21:0 6975
6974 27 21:0 6975
6974 25 21:0 6975
6974 15 21:0 6975
6974 21 21:0 6975
6974 23 21:0 6975
6974 11 21:0 6975
6974 11152 21:0 6975
6977 11164 21:0 6985
6984 11166 0:0 6985
6984 11165 21:0 7051
6996 11175 21:0 6996
7007 11176 21:0 7007
7035 11180 21:0 7035
7035 11183 21:0 7035
7040 11184 21:0 7040
7042 11169 21:0 7042
7048 11195 21:0 7048
7049 11167 0:0 7051
7050 33 21:0 7051
7050 29 21:0 7053
7052 11185 21:0 7053
7053 11197 21:0 7061
7060 11198 0:0 7061
7060 11199 21:0 7127
7072 11208 21:0 7072
7111 11213 21:0 7111
7124 11228 21:0 7124
7125 11200 0:0 7127
7126 57 21:0 7127
7126 51 21:0 7127
7126 49 21:0 7127
7126 59 21:0 7129
7127 65 21:0 7127
7128 61 21:0 7129
7129 11230 21:0 7137
7132 11229 21:0 7132
7136 11232 0:0 7137
7136 11231 21:0 7203
7159 11242 21:0 7159
7187 11249 21:0 7187
7187 11248 21:0 7187
7192 11250 21:0 7192
7194 11235 21:0 7194
7200 11261 21:0 7200
7201 11233 0:0 7203
7202 31 21:0 7203
7202 11251 21:0 7203
7202 47 21:0 7203
7202 77 21:0 7203
7202 45 21:0 7203
7202 41 21:0 7205
7204 11218 21:0 7205
7205 11263 21:0 7213
7208 87 21:0 7208
7208 11262 21:0 7208
7212 11265 0:0 7213
7212 11264 21:0 7279
7215 11255 21:0 7215
7224 11274 21:0 7224
7227 93 21:0 7227
7263 11281 21:0 7263
7263 11279 21:0 7263
7263 11282 21:0 7263
7268 11283 21:0 7268
7270 11268 21:0 7270
7276 11294 21:0 7276
7277 11266 0:0 7279
7278 39 21:0 7279
7278 63 21:0 7279
7278 75 21:0 7279
7278 67 21:0 7279
7278 81 21:0 7279
7278 95 21:0 7281
7279 101 21:0 7279
7280 11284 21:0 7281
7281 11296 21:0 7289
7284 105 21:0 7284
7284 11295 21:0 7284
7288 11297 0:0 7289
7288 11298 21:0 7355
7289 103 21:0 7289
7291 11288 21:0 7291
7300 11307 21:0 7300
7303 111 21:0 7303
7311 11308 21:0 7311
7339 11314 21:0 7339
7339 11315 21:0 7339
7339 11312 21:0 7339
7344 11316 21:0 7344
7346 11301 21:0 7346
7352 11327 21:0 7352
7354 11299 21:0 7365
7355 119 21:0 7355
7359 121 1:0 7361
7360 123 21:0 7360
7360 11328 21:0 7360
7364 129 1:0 7375
7364 11329 21:0 7431
7365 121 21:0 7365
7367 11321 21:0 7367
7376 11340 21:0 7376
7378 131 1:0 7379
7382 133 1:0 7383
7387 11341 21:0 7387
7414 135 1:0 7416
7415 11347 21:0 7415
7415 11348 21:0 7415
7415 11345 21:0 7415
7419 137 1:0 7427
7420 11349 21:0 7420
7422 11334 21:0 7422
7428 11360 21:0 7428
7430 141 1:0 7432
7430 11330 21:0 7441
7431 137 21:0 7431
7435 139 1:0 7437
7436 141 21:0 7436
7436 11361 21:0 7436
7440 147 1:0 7451
7440 11331 21:0 7507
7441 139 21:0 7441
7443 11354 21:0 7443
7452 11373 21:0 7452
7454 149 1:0 7455
7458 151 1:0 7459
7463 11374 21:0 7463
7490 153 1:0 7492
7491 11380 21:0 7491
7491 11378 21:0 7491
7491 11381 21:0 7491
7495 155 1:0 7503
7496 11382 21:0 7496
7498 11367 21:0 7498
7504 11393 21:0 7504
7506 159 1:0 7508
7506 11332 21:0 7514
7507 155 21:0 7507
7511 157 1:0 7513
7512 159 21:0 7512
7512 11394 21:0 7512
7513 11362 21:0 7572
7516 165 1:0 7527
7517 157 21:0 7517
7519 11387 21:0 7519
7528 11406 21:0 7528
7530 167 1:0 7531
7534 169 1:0 7535
7539 11407 21:0 7539
7566 171 1:0 7568
7567 11411 21:0 7567
7567 11413 21:0 7567
7567 11414 21:0 7567
7571 173 1:0 7579
7571 11363 21:0 7588
7572 11415 21:0 7572
7574 11400 21:0 7574
7580 11426 21:0 7580
7582 177 1:0 7584
7583 173 21:0 7583
7587 175 1:0 7589
7587 11364 21:0 7643
7588 177 21:0 7588
7588 11427 21:0 7588
7592 183 1:0 7603
7593 175 21:0 7593
7595 11420 21:0 7595
7604 11439 21:0 7604
7606 185 1:0 7607
7610 187 1:0 7611
7615 11440 21:0 7615
7642 189 1:0 7644
7642 11365 21:0 7664
7643 11446 21:0 7643
7643 11447 21:0 7643
7643 11444 21:0 7643
7647 191 1:0 7655
7648 11448 21:0 7648
7650 11433 21:0 7650
7656 11459 21:0 7656
7658 195 1:0 7660
7659 191 21:0 7659
7663 193 1:0 7665
7663 11395 21:0 7683
7664 195 21:0 7664
7664 11460 21:0 7664
7668 201 1:0 7679
7669 193 21:0 7669
7671 11453 21:0 7671
7680 11472 21:0 7680
7682 203 1:0 7683
7682 11397 21:0 7740
7683 201 21:0 7683
7686 205 1:0 7687
7691 11473 21:0 7691
7718 207 1:0 7720
7719 11477 21:0 7719
7719 11479 21:0 7719
7719 11480 21:0 7719
7723 209 1:0 7731
7724 11481 21:0 7724
7726 11466 21:0 7726
7732 11486 21:0 7732
7732 11492 21:0 7732
7735 209 21:0 7735
7737 11495 21:0 7737
7737 11494 21:0 7737
7739 11396 21:0 7756
7740 11493 21:0 7740
7741 11495 1:0 7741
7742 11495 21:0 7742
7744 219 1:0 7755
7746 11486 1:0 7746
7747 11486 21:0 7747
7755 11398 21:0 7811
7756 11505 21:0 7756
7758 221 1:0 7759
7762 223 1:0 7763
7767 11506 21:0 7767
7794 225 1:0 7796
7795 11510 21:0 7795
7795 11512 21:0 7795
7795 11513 21:0 7795
7799 227 1:0 7807
7800 11514 21:0 7800
7802 11499 21:0 7802
7808 11525 21:0 7808
7810 231 1:0 7812
7810 11428 21:0 7821
7813 11527 21:0 7813
7816 11526 21:0 7816
7818 229 1:0 7818
7818 11528 21:0 7818
7818 11529 21:0 7818
7820 237 1:0 7831
7820 11429 21:0 7887
7821 11530 21:0 7821
7832 11538 21:0 7832
7834 239 1:0 7835
7838 241 1:0 7839
7843 11539 21:0 7843
7870 243 1:0 7872
7871 11545 21:0 7871
7871 11543 21:0 7871
7871 11546 21:0 7871
7875 245 1:0 7883
7876 11547 21:0 7876
7878 11532 21:0 7878
7884 11558 21:0 7884
7886 249 1:0 7888
7886 11430 21:0 7897
7889 11560 21:0 7889
7891 247 1:0 7893
7892 11559 21:0 7892
7894 11561 21:0 7894
7894 11562 21:0 7894
7896 255 1:0 7907
7896 11431 21:0 7963
7897 11563 21:0 7897
7899 11552 21:0 7899
7908 11571 21:0 7908
7910 257 1:0 7911
7914 259 1:0 7915
7919 11572 21:0 7919
7946 261 1:0 7948
7947 11576 21:0 7947
7947 11579 21:0 7947
7947 11578 21:0 7947
7951 263 1:0 7959
7952 11580 21:0 7952
7962 267 1:0 7964
7962 11464 21:0 7973
7965 11593 21:0 7965
7967 265 1:0 7969
7970 11594 21:0 7970
7970 11595 21:0 7970
7972 273 1:0 7983
7972 11463 21:0 8039
7973 11596 21:0 7973
7986 275 1:0 7987
7990 277 1:0 7991
8022 279 1:0 8024
8027 281 1:0 8035
8038 285 1:0 8040
8038 11462 21:0 8044
8041 11626 21:0 8041
8043 283 1:0 8045
8043 11149 21:0 8049
8048 11136 21:0 8049
8048 83 21:0 8064
8050 293 1:0 8060
8063 11581 21:0 8064
8063 259 21:0 8064
8063 239 21:0 8064
8063 257 21:0 8064
8063 11548 21:0 8064
8063 241 21:0 8064
8063 237 21:0 8064
8063 97 21:0 8064
8063 79 21:0 8064
8063 11350 21:0 8064
8063 8161 1:0 8066
8063 313 21:0 8069
8069 11639 21:0 8079
8078 8705 1:0 8080
8078 11461 21:0 8105
8104 8721 1:0 8106
8104 11114 21:0 8113
8112 11189 21:0 8113
8112 11129 21:0 8116
8115 8725 1:0 8117
8115 11151 21:0 8122
8119 11626 1:0 8119
8121 11163 21:0 8122
8121 11150 21:0 8125
8124 11109 21:0 8125
8124 8728 1:0 8127
8124 11123 21:0 8150
8149 11196 21:0 8194
8152 8746 1:0 8154
8165 313 1:0 8168
8187 8755 1:0 8189
8193 11209 21:0 8207
8196 8757 1:0 8199
8206 8760 1:0 8209
8206 11156 21:0 8233
8232 11596 1:0 8232
8232 11147 21:0 8233
8232 11130 21:0 8236
8235 8778 1:0 8237
8235 11217 21:0 8244
8239 11594 1:0 8239
8240 11595 1:0 8240
8243 11182 21:0 8244
8243 11216 21:0 8247
8246 11222 21:0 8247
8246 8782 1:0 8248
8246 11202 21:0 8253
8250 11593 1:0 8250
8252 11246 21:0 8253
8252 11241 21:0 8256
8255 11275 21:0 8256
8255 8785 1:0 8258
8255 11215 21:0 8284
8280 11580 1:0 8280
8283 8803 1:0 8285
8283 8785 21:0 8287
8283 11581 1:0 8288
8286 8778 21:0 8319
8289 11576 1:0 8289
8289 11579 1:0 8289
8289 11578 1:0 8289
8315 11572 1:0 8315
8315 259 1:0 8316
8318 8812 1:0 8320
8318 11497 21:0 8367
8324 257 1:0 8325
8327 8814 1:0 8330
8337 8817 1:0 8340
8342 11571 1:0 8342
8363 11563 1:0 8363
8366 8835 1:0 8368
8366 11496 21:0 8378
8370 11561 1:0 8370
8371 11562 1:0 8371
8374 11559 1:0 8374
8377 8835 21:0 8378
8377 8721 21:0 8378
8377 313 21:0 8378
8377 8725 21:0 8378
8377 85 21:0 8378
8377 8782 21:0 8378
8377 8161 21:0 8378
8377 8817 21:0 8378
8377 8803 21:0 8378
8377 69 21:0 8378
8377 8728 21:0 8378
8377 8839 1:0 8379
8381 11560 1:0 8381
8381 8839 21:0 8384
8383 265 21:0 8384
8383 8760 21:0 8384
8383 263 21:0 8384
8383 267 21:0 8384
8383 281 21:0 8384
8383 285 21:0 8384
8383 283 21:0 8384
8383 247 21:0 8387
8386 8812 21:0 8387
8386 259 21:0 8387
8386 8755 21:0 8387
8386 257 21:0 8387
8386 261 21:0 8387
8386 255 21:0 8387
8386 8814 21:0 8387
8386 11519 21:0 8387
8386 275 21:0 8387
8386 8705 21:0 8387
8386 277 21:0 8387
8386 8757 21:0 8387
8386 293 21:0 8387
8386 8746 21:0 8387
8386 279 21:0 8387
8386 273 21:0 8387
8386 249 21:0 8387
8386 8842 1:0 8389
8391 11558 1:0 8391
8391 8842 21:0 8412
8396 11552 1:0 8396
8411 11547 1:0 8411
8411 245 21:0 8412
8411 229 21:0 8415
8414 8860 1:0 8416
8414 11548 1:0 8419
8418 8860 21:0 8447
8420 11545 1:0 8420
8420 11543 1:0 8420
8420 11546 1:0 8420
8427 313 1:0 8430
8446 11539 1:0 8446
8446 241 1:0 8447
8446 243 21:0 8447
8446 313 21:0 8447
8449 8869 1:0 8451
8453 8869 21:0 8456
8455 239 1:0 8456
8455 241 21:0 8456
8458 8871 1:0 8461
8463 8871 21:0 8466
8465 237 1:0 8466
8465 239 21:0 8466
8468 8874 1:0 8471
8473 11538 1:0 8473
8473 8874 21:0 8487
8478 11532 1:0 8478
8486 237 21:0 8495
8494 11530 1:0 8494
8494 229 1:0 8495
8497 8892 1:0 8499
8497 11519 1:0 8504
8497 8896 1:0 8504
8497 8899 1:0 8504
8501 11528 1:0 8501
8501 8892 21:0 8506
8502 11529 1:0 8502
8505 11526 1:0 8505
8505 229 21:0 8506
8505 11496 1:0 8513
8512 11527 1:0 8512
8512 8896 21:0 8515
8514 231 21:0 8515
8514 11497 1:0 8544
8519 8928 1:0 8522
8522 11525 1:0 8522
8522 8899 21:0 8543
8523 8926 1:0 8527
8528 8931 1:0 8541
8542 11514 1:0 8542
8542 227 21:0 8543
8542 8956 1:0 8544
8542 8953 1:0 8544
8542 313 1:0 8544
8542 8917 1:0 8544
8545 11461 1:0 8627
8549 8917 21:0 8578
8551 11510 1:0 8551
8551 11512 1:0 8551
8551 11513 1:0 8551
8577 11506 1:0 8577
8577 225 21:0 8578
8577 313 21:0 8578
8584 8926 21:0 8587
8586 223 21:0 8587
8594 8928 21:0 8597
8596 221 21:0 8597
8604 11505 1:0 8604
8604 8931 21:0 8618
8609 11499 1:0 8609
8617 219 21:0 8626
8625 8949 1:0 8627
8628 11462 1:0 8638
8632 11495 1:0 8632
8632 8949 21:0 8637
8636 11493 1:0 8636
8636 211 21:0 8637
8636 313 1:0 8638
8639 11463 1:0 8647
8643 11494 1:0 8643
8643 8953 21:0 8646
8645 213 21:0 8646
8645 8974 1:0 8647
8645 8983 1:0 8647
8647 209 1:0 8647
8648 11464 1:0 8755
8653 11492 1:0 8653
8653 8956 21:0 8674
8658 11486 1:0 8658
8673 11481 1:0 8673
8673 209 21:0 8674
8680 8974 21:0 8709
8682 11477 1:0 8682
8682 11479 1:0 8682
8682 11480 1:0 8682
8708 11473 1:0 8708
8708 313 21:0 8709
8708 207 21:0 8709
8715 8983 21:0 8718
8717 205 21:0 8718
8720 8985 1:0 8723
8725 8985 21:0 8728
8727 203 21:0 8728
8727 9013 1:0 8729
8729 201 1:0 8729
8730 8988 1:0 8733
8730 9010 1:0 8755
8730 9006 1:0 8755
8735 11472 1:0 8735
8735 8988 21:0 8749
8740 11466 1:0 8740
8748 201 21:0 8757
8756 11431 1:0 8766
8758 193 1:0 8758
8763 9006 21:0 8768
8767 11460 1:0 8767
8767 193 21:0 8768
8767 11430 1:0 8775
8769 195 1:0 8769
8774 9010 21:0 8777
8776 195 21:0 8777
8776 11429 1:0 8806
8778 191 1:0 8778
8781 9042 1:0 8784
8784 11459 1:0 8784
8784 9013 21:0 8805
8785 9040 1:0 8789
8789 11453 1:0 8789
8790 9045 1:0 8803
8804 11448 1:0 8804
8804 191 21:0 8805
8804 313 1:0 8806
8804 9031 1:0 8806
8804 9067 1:0 8806
8804 9063 1:0 8806
8807 11428 1:0 8889
8811 9031 21:0 8840
8813 11446 1:0 8813
8813 11447 1:0 8813
8813 11444 1:0 8813
8839 11440 1:0 8839
8839 313 21:0 8840
8839 189 21:0 8840
8846 9040 21:0 8849
8848 187 21:0 8849
8856 9042 21:0 8859
8858 185 21:0 8859
8866 11439 1:0 8866
8866 9045 21:0 8880
8871 11433 1:0 8871
8879 183 21:0 8888
8887 9070 1:0 8889
8889 175 1:0 8889
8890 11398 1:0 8900
8894 9063 21:0 8899
8898 11427 1:0 8898
8898 175 21:0 8899
8898 313 1:0 8900
8900 177 1:0 8900
8901 11396 1:0 8909
8905 9067 21:0 8908
8907 177 21:0 8908
8907 9088 1:0 8909
8907 9097 1:0 8909
8909 173 1:0 8909
8910 11397 1:0 9017
8915 11426 1:0 8915
8915 9070 21:0 8936
8920 11420 1:0 8920
8935 11415 1:0 8935
8935 173 21:0 8936
8942 9088 21:0 8971
8944 11411 1:0 8944
8944 11413 1:0 8944
8944 11414 1:0 8944
8970 11407 1:0 8970
8970 171 21:0 8971
8970 313 21:0 8971
8977 9097 21:0 8980
8979 169 21:0 8980
8982 9099 1:0 8985
8987 9099 21:0 8990
8989 167 21:0 8990
8989 9127 1:0 8991
8992 9102 1:0 8995
8992 9120 1:0 9017
8992 9124 1:0 9017
8997 11406 1:0 8997
8997 9102 21:0 9011
9002 11400 1:0 9002
9010 165 21:0 9019
9018 11395 1:0 9028
9020 157 1:0 9020
9025 9120 21:0 9030
9029 11394 1:0 9029
9029 157 21:0 9030
9029 11365 1:0 9037
9031 159 1:0 9031
9036 9124 21:0 9039
9038 159 21:0 9039
9038 11364 1:0 9068
9040 155 1:0 9040
9043 9159 1:0 9068
9043 9156 1:0 9068
9043 9184 1:0 9068
9043 9154 1:0 9068
9043 9145 1:0 9068
9043 313 1:0 9068
9046 11393 1:0 9046
9046 9127 21:0 9067
9051 11387 1:0 9051
9064 11363 1:0 9151
9064 9177 1:0 9151
9064 9181 1:0 9151
9066 11382 1:0 9066
9066 155 21:0 9067
9073 9145 21:0 9102
9075 11380 1:0 9075
9075 11378 1:0 9075
9075 11381 1:0 9075
9101 11374 1:0 9101
9101 153 21:0 9102
9101 313 21:0 9102
9108 9154 21:0 9111
9110 151 21:0 9111
9117 11362 1:0 9162
9118 9156 21:0 9121
9120 149 21:0 9121
9128 11373 1:0 9128
9128 9159 21:0 9142
9133 11367 1:0 9133
9141 147 21:0 9150
9151 139 1:0 9151
9156 9177 21:0 9161
9158 313 1:0 9162
9158 11350 1:0 9162
9159 9202 1:0 9171
9159 9211 1:0 9171
9159 11332 1:0 9171
9159 9213 1:0 9247
9159 9216 1:0 9257
9159 9238 1:0 9279
9159 9234 1:0 9279
9159 11331 1:0 9279
9160 11361 1:0 9160
9160 139 21:0 9161
9162 141 1:0 9162
9167 9181 21:0 9170
9168 11330 1:0 9286
9168 11329 1:0 9297
9168 9268 1:0 9302
9168 9259 1:0 9302
9168 9241 1:0 9302
9169 141 21:0 9170
9171 137 1:0 9171
9174 9270 1:0 9378
9174 69 1:0 9384
9174 9273 1:0 9388
9174 9291 1:0 9410
9174 11299 1:0 9410
9176 9295 1:0 9410
9177 11360 1:0 9177
9177 9184 21:0 9198
9182 11354 1:0 9182
9195 11298 1:0 9418
9197 11349 1:0 9197
9197 137 21:0 9198
9204 9202 21:0 9233
9206 11347 1:0 9206
9206 11348 1:0 9206
9206 11345 1:0 9206
9232 11341 1:0 9232
9232 135 21:0 9233
9239 9211 21:0 9242
9241 133 21:0 9242
9249 9213 21:0 9252
9251 131 21:0 9252
9259 11340 1:0 9259
9259 9216 21:0 9273
9264 11334 1:0 9264
9272 129 21:0 9281
9282 121 1:0 9282
9287 9234 21:0 9292
9289 11297 1:0 9417
9290 11296 1:0 9428
9290 9325 1:0 9430
9290 97 1:0 9430
9290 11284 1:0 9430
9290 9316 1:0 9433
9290 11215 1:0 9433
9290 9298 1:0 9433
9290 85 1:0 9433
9290 83 1:0 9433
9290 9348 1:0 9461
9290 9352 1:0 9461
9290 9327 1:0 9461
9290 11241 1:0 9461
9290 11275 1:0 9461
9290 95 1:0 9461
9291 11328 1:0 9291
9291 121 21:0 9292
9293 123 1:0 9293
9298 9238 21:0 9301
9299 11246 1:0 9512
9299 9330 1:0 9512
9299 11266 1:0 9541
9299 11202 1:0 9541
9302 119 1:0 9302
9305 11264 1:0 9548
9308 11327 1:0 9308
9308 9241 21:0 9329
9313 11321 1:0 9313
9325 11265 1:0 9549
9328 11316 1:0 9328
9335 9259 21:0 9364
9337 11314 1:0 9337
9337 11315 1:0 9337
9337 11312 1:0 9337
9338 11263 1:0 9559
9363 11308 1:0 9363
9370 9268 21:0 9373
9380 9270 21:0 9383
9384 111 1:0 9384
9390 11307 1:0 9390
9390 9273 21:0 9404
9395 11301 1:0 9395
9413 103 1:0 9413
9418 9291 21:0 9423
9420 9382 1:0 9564
9420 11222 1:0 9564
9420 9373 1:0 9564
9420 9355 1:0 9564
9420 79 1:0 9564
9420 9384 1:0 9564
9420 67 1:0 9564
9420 81 1:0 9564
9420 75 1:0 9564
9420 11182 1:0 9592
9420 11216 1:0 9592
9421 9405 1:0 9592
9421 77 1:0 9592
9421 9409 1:0 9592
9421 11251 1:0 9592
9421 9387 1:0 9643
9421 11217 1:0 9643
9421 11233 1:0 9672
9421 11130 1:0 9672
9422 11295 1:0 9422
9424 105 1:0 9424
9429 9295 21:0 9432
9430 11231 1:0 9679
9430 11232 1:0 9680
9433 101 1:0 9433
9439 11294 1:0 9439
9439 9298 21:0 9460
9441 11230 1:0 9690
9441 63 1:0 9695
9441 9412 1:0 9695
9444 11288 1:0 9444
9456 11147 1:0 9695
9457 47 1:0 9720
9457 11156 1:0 9720
9459 11283 1:0 9459
9466 9316 21:0 9495
9468 11281 1:0 9468
9468 11279 1:0 9468
9468 11282 1:0 9468
9469 9430 1:0 9720
9469 51 1:0 9720
9469 49 1:0 9720
9469 9462 1:0 9720
9469 11218 1:0 9729
9469 11209 1:0 9755
9469 61 1:0 9757
9469 9439 1:0 9758
9469 59 1:0 9766
9469 9466 1:0 9767
9469 9441 1:0 9771
9469 57 1:0 9774
9469 9444 1:0 9774
9501 9325 21:0 9504
9515 93 1:0 9515
9516 9327 21:0 9517
9521 11274 1:0 9521
9521 9330 21:0 9535
9526 11268 1:0 9526
9549 9348 21:0 9554
9551 11196 1:0 9803
9552 11200 1:0 9803
9552 11199 1:0 9811
9553 11262 1:0 9553
9555 87 1:0 9555
9560 9352 21:0 9563
9561 9498 1:0 9810
9561 11198 1:0 9810
9561 39 1:0 9814
9561 11197 1:0 9821
9561 41 1:0 9823
9561 45 1:0 9823
9561 9519 1:0 9826
9561 11123 1:0 9826
9561 9469 1:0 9826
9564 31 1:0 9826
9564 9487 1:0 9826
9567 11189 1:0 9836
9567 9496 1:0 9854
9567 11185 1:0 9854
9567 9523 1:0 9854
9567 11109 1:0 9854
9567 33 1:0 9854
9570 11261 1:0 9570
9570 9355 21:0 9591
9572 9501 1:0 9905
9572 11150 1:0 9905
9575 11255 1:0 9575
9587 11163 1:0 9934
9590 11250 1:0 9590
9597 9373 21:0 9626
9599 11249 1:0 9599
9599 11248 1:0 9599
9600 11167 1:0 9934
9625 11242 1:0 9625
9632 9382 21:0 9635
9647 9384 21:0 9648
9652 9387 21:0 9666
9657 11235 1:0 9657
9680 9405 21:0 9685
9682 11165 1:0 9941
9683 11166 1:0 9942
9684 11229 1:0 9684
9691 9409 21:0 9694
9692 11164 1:0 9952
9692 29 1:0 9956
9692 11151 1:0 9957
9692 9526 1:0 9961
9692 27 1:0 9968
9692 9580 1:0 9968
9692 9558 1:0 9968
9692 9576 1:0 9968
9692 21 1:0 9968
9692 11129 1:0 9982
9692 9544 1:0 9982
9692 11152 1:0 9991
9692 11149 1:0 9991
9692 25 1:0 10017
9692 9553 1:0 10023
9692 13 1:0 10026
9692 23 1:0 10026
9692 9555 1:0 10033
9692 15 1:0 10036
9692 11136 1:0 10049
9695 65 1:0 9695
9701 11228 1:0 9701
9701 9412 21:0 9722
9703 11134 1:0 10065
9728 9430 21:0 9757
9730 11213 1:0 9730
9731 11133 1:0 10073
9763 9439 21:0 9766
9778 9441 21:0 9779
9783 11208 1:0 9783
9783 9444 21:0 9797
9811 9462 21:0 9816
9813 11132 1:0 10072
9814 11131 1:0 10083
9814 11 1:0 10087
9814 11114 1:0 10088
9814 9583 1:0 10092
9814 9601 1:0 10099
9814 11117 1:0 10113
9814 9 1:0 10113
9814 11116 1:0 10122
9822 9466 21:0 9825
9823 11119 1:0 10122
9823 11110 1:0 10148
9823 7 1:0 10150
9823 9610 1:0 10154
9823 5 1:0 10159
9823 9612 1:0 10164
9823 9615 1:0 10167
9823 3 1:0 10167
9823 301 1:0 10194
9832 11195 1:0 9832
9832 9469 21:0 9853
9852 11184 1:0 9852
9859 9487 21:0 9888
9861 11180 1:0 9861
9861 11183 1:0 9861
9887 11176 1:0 9887
9894 9496 21:0 9897
9909 9498 21:0 9910
9914 11175 1:0 9914
9914 9501 21:0 9928
9919 11169 1:0 9919
9942 9519 21:0 9947
9953 9523 21:0 9956
9963 11162 1:0 9963
9963 9526 21:0 9984
9990 9544 21:0 10019
10018 11143 1:0 10018
10025 9553 21:0 10028
10040 9555 21:0 10041
10045 11142 1:0 10045
10045 9558 21:0 10059
10073 9576 21:0 10078
10084 9580 21:0 10087
10094 9583 21:0 10115
10114 11118 1:0 10114
10121 9601 21:0 10150
10156 9610 21:0 10159
10166 9612 21:0 10169
10176 9615 21:0 10190
10181 300 1:0 10181
10192 300 21:0 10242
10240 12581 0:0 10242
10241 3 21:0 10242
10241 5 21:0 10242
10241 7 21:0 10242
10242 12590 21:0 10247
10255 12600 21:0 10258
10257 9 21:0 10258
10260 12602 21:0 10268
10267 12603 0:0 10268
10267 12604 21:0 10334
10323 12622 21:0 10323
10325 12607 21:0 10325
10332 12605 0:0 10334
10333 11 21:0 10334
10333 15 21:0 10334
10333 27 21:0 10334
10333 21 21:0 10336
10335 12623 21:0 10336
10336 12635 21:0 10344
10339 12634 21:0 10339
10343 12637 0:0 10344
10343 12636 21:0 10410
10346 12627 21:0 10346
10355 12646 21:0 10355
10366 12647 21:0 10366
10394 12653 21:0 10394
10394 12654 21:0 10394
10401 12640 21:0 10401
10407 12666 21:0 10407
10408 12638 0:0 10410
10409 33 21:0 10410
10409 29 21:0 10412
10412 12668 21:0 10420
10415 12667 21:0 10415
10419 12670 0:0 10420
10419 12669 21:0 10486
10431 12679 21:0 10431
10470 12684 21:0 10470
10470 12686 21:0 10470
10470 12687 21:0 10470
10483 12699 21:0 10483
10484 12671 0:0 10486
10485 31 21:0 10486
10485 45 21:0 10486
10485 51 21:0 10486
10485 57 21:0 10488
10488 12701 21:0 10496
10491 12700 21:0 10491
10495 12703 0:0 10496
10495 12702 21:0 10562
10498 12693 21:0 10498
10507 12712 21:0 10507
10518 12713 21:0 10518
10546 12719 21:0 10546
10546 12720 21:0 10546
10551 12721 21:0 10551
10553 12706 21:0 10553
10559 12732 21:0 10559
10560 12704 0:0 10562
10561 43 21:0 10562
10561 61 21:0 10562
10561 41 21:0 10562
10561 12722 21:0 10562
10561 49 21:0 10562
10561 25 21:0 10562
10561 63 21:0 10562
10561 75 21:0 10562
10561 12689 21:0 10562
10561 81 21:0 10562
10561 39 21:0 10562
10561 77 21:0 10564
10563 12656 21:0 10564
10564 12734 21:0 10572
10571 12736 0:0 10572
10571 12735 21:0 10638
10574 12726 21:0 10574
10583 12745 21:0 10583
10594 12746 21:0 10594
10622 12750 21:0 10622
10622 12752 21:0 10622
10622 12753 21:0 10622
10635 12765 21:0 10635
10636 12737 0:0 10638
10637 99 21:0 10638
10637 95 21:0 10638
10637 12755 21:0 10638
10637 97 21:0 10638
10637 93 21:0 10638
10637 65 21:0 10638
10637 23 21:0 10638
10637 79 21:0 10638
10637 59 21:0 10638
10640 12767 21:0 10648
10643 12766 21:0 10643
10647 12769 0:0 10648
10647 12768 21:0 10714
10650 12759 21:0 10650
10659 12778 21:0 10659
10670 12779 21:0 10670
10698 12783 21:0 10698
10698 12786 21:0 10698
10698 12785 21:0 10698
10703 12787 21:0 10703
10705 12772 21:0 10705
10711 12798 21:0 10711
10713 12770 21:0 10724
10718 121 1:0 10720
10719 12799 21:0 10719
10723 129 1:0 10734
10723 12800 21:0 10790
10726 12792 21:0 10726
10735 12811 21:0 10735
10737 131 1:0 10738
10741 133 1:0 10742
10746 12812 21:0 10746
10773 135 1:0 10775
10774 12819 21:0 10774
10774 12818 21:0 10774
10774 12816 21:0 10774
10778 137 1:0 10786
10779 12820 21:0 10779
10781 12805 21:0 10781
10787 12831 21:0 10787
10789 141 1:0 10791
10789 12801 21:0 10800
10794 139 1:0 10796
10795 12832 21:0 10795
10799 147 1:0 10810
10799 12802 21:0 10866
10802 12825 21:0 10802
10811 12844 21:0 10811
10813 149 1:0 10814
10817 151 1:0 10818
10822 12845 21:0 10822
10849 153 1:0 10851
10850 12852 21:0 10850
10850 12849 21:0 10850
10850 12851 21:0 10850
10854 155 1:0 10862
10855 12853 21:0 10855
10857 12838 21:0 10857
10863 12864 21:0 10863
10865 159 1:0 10867
10865 12803 21:0 10871
10870 157 1:0 10872
10870 12833 21:0 10931
10871 12865 21:0 10871
10875 165 1:0 10886
10878 12858 21:0 10878
10887 12877 21:0 10887
10889 167 1:0 10890
10893 169 1:0 10894
10898 12878 21:0 10898
10925 171 1:0 10927
10926 12884 21:0 10926
10926 12882 21:0 10926
10926 12885 21:0 10926
10930 173 1:0 10938
10930 12835 21:0 10947
10931 12886 21:0 10931
10933 12871 21:0 10933
10939 12897 21:0 10939
10941 177 1:0 10943
10946 175 1:0 10948
10946 12834 21:0 11002
10947 12898 21:0 10947
10951 183 1:0 10962
10954 12891 21:0 10954
10963 12910 21:0 10963
10965 185 1:0 10966
10969 187 1:0 10970
10974 12911 21:0 10974
11001 189 1:0 11003
11001 12866 21:0 11023
11002 12917 21:0 11002
11002 12918 21:0 11002
11002 12915 21:0 11002
11006 191 1:0 11014
11007 12919 21:0 11007
11009 12904 21:0 11009
11015 12930 21:0 11015
11017 195 1:0 11019
11022 193 1:0 11024
11022 12836 21:0 11042
11023 12931 21:0 11023
11027 201 1:0 11038
11030 12924 21:0 11030
11039 12943 21:0 11039
11041 203 1:0 11042
11041 12867 21:0 11099
11045 205 1:0 11046
11050 12944 21:0 11050
11077 207 1:0 11079
11078 12951 21:0 11078
11078 12948 21:0 11078
11078 12950 21:0 11078
11082 209 1:0 11090
11083 12952 21:0 11083
11085 12937 21:0 11085
11091 12957 21:0 11091
11091 12963 21:0 11091
11093 213 1:0 11095
11096 12966 21:0 11096
11096 12965 21:0 11096
11098 211 1:0 11100
11098 12868 21:0 11104
11099 12964 21:0 11099
11100 12966 1:0 11100
11101 12967 21:0 11101
11103 219 1:0 11114
11103 12899 21:0 11170
11104 12968 21:0 11104
11105 12957 1:0 11105
11106 12957 21:0 11106
11115 12976 21:0 11115
11117 221 1:0 11118
11121 223 1:0 11122
11126 12977 21:0 11126
11153 225 1:0 11155
11154 12984 21:0 11154
11154 12983 21:0 11154
11154 12981 21:0 11154
11158 227 1:0 11166
11159 12985 21:0 11159
11161 12970 21:0 11161
11167 12996 21:0 11167
11169 231 1:0 11171
11169 12869 21:0 11180
11172 12998 21:0 11172
11174 229 1:0 11176
11175 12997 21:0 11175
11177 12999 21:0 11177
11177 13000 21:0 11177
11179 237 1:0 11190
11179 12900 21:0 11246
11180 13001 21:0 11180
11182 12990 21:0 11182
11191 13009 21:0 11191
11193 239 1:0 11194
11197 241 1:0 11198
11202 13010 21:0 11202
11229 243 1:0 11231
11230 13016 21:0 11230
11230 13017 21:0 11230
11230 13014 21:0 11230
11234 245 1:0 11242
11235 13018 21:0 11235
11237 13003 21:0 11237
11243 13029 21:0 11243
11245 249 1:0 11247
11245 12901 21:0 11256
11248 13031 21:0 11248
11250 247 1:0 11252
11251 13030 21:0 11251
11253 13032 21:0 11253
11253 13033 21:0 11253
11255 255 1:0 11266
11255 12902 21:0 11322
11256 13034 21:0 11256
11269 257 1:0 11270
11273 259 1:0 11274
11305 261 1:0 11307
11310 263 1:0 11318
11321 12594 21:0 11322
11321 267 1:0 11323
11321 12589 21:0 11327
11324 13064 21:0 11324
11326 12587 21:0 11327
11326 265 1:0 11328
11326 301 21:0 11332
11329 13065 21:0 11329
11329 13066 21:0 11329
11331 12613 21:0 11332
11331 273 1:0 11342
11331 12588 21:0 11377
11332 13067 21:0 11332
11345 275 1:0 11346
11349 277 1:0 11350
11376 12601 21:0 11398
11381 279 1:0 11383
11386 281 1:0 11394
11397 12621 21:0 11398
11397 285 1:0 11399
11397 12934 21:0 11408
11400 13097 21:0 11400
11402 283 1:0 11404
11407 12935 21:0 11471
11409 293 1:0 11419
11422 8161 1:0 11425
11437 8705 1:0 11439
11470 12932 21:0 11482
11473 8721 1:0 11475
11481 12933 21:0 11491
11484 8725 1:0 11486
11488 13097 1:0 11488
11490 12614 21:0 11494
11493 12618 21:0 11494
11493 8728 1:0 11496
11493 12580 21:0 11519
11518 12585 21:0 11563
11521 8746 1:0 11523
11521 8755 1:0 11531
11521 8757 1:0 11531
11532 5715 1:0 11552
11553 8760 1:0 11555
11553 5719 1:0 11555
11556 5720 1:0 11561
11556 5713 1:0 11561
11562 5724 1:0 11571
11562 12660 21:0 11576
11565 5717 1:0 11571
11565 5716 1:0 11571
11565 5718 1:0 11571
11572 5722 1:0 11574
11572 5721 1:0 11574
11572 5714 1:0 11574
11575 47 21:0 11576
11575 115 21:0 11576
11575 113 21:0 11576
11575 293 21:0 11582
11575 5723 1:0 11650
11575 5725 1:0 11660
11575 5726 1:0 11661
11581 8705 21:0 11589
11588 12788 21:0 11589
11588 13019 21:0 11594
11593 239 21:0 11597
11596 241 21:0 11598
11597 313 21:0 11598
11597 13052 21:0 11614
11617 5716 21:0 11646
11645 5718 21:0 11657
11660 5723 21:0 11692
11691 13067 1:0 11691
11691 5724 21:0 11692
11691 5725 21:0 11692
11691 5722 21:0 11692
11691 5726 21:0 11692
11691 5721 21:0 11692
11691 12680 21:0 11695
11694 12688 21:0 11695
11694 8778 1:0 11696
11694 12655 21:0 11703
11698 13065 1:0 11698
11699 13066 1:0 11699
11702 12620 21:0 11703
11702 12717 21:0 11706
11705 8782 1:0 11707
11705 12754 21:0 11712
11709 13064 1:0 11709
11711 12733 21:0 11712
11711 12739 21:0 11715
11714 12651 21:0 11715
11714 8785 1:0 11717
11714 12673 21:0 11740
11739 12633 21:0 11784
11742 8803 1:0 11744
11742 13052 1:0 11747
11742 8814 1:0 11751
11742 313 1:0 11751
11742 8812 1:0 11751
11752 5862 1:0 11773
11774 5860 1:0 11776
11774 8817 1:0 11776
11777 5861 1:0 11782
11777 5867 1:0 11782
11783 5869 1:0 11792
11783 13110 21:0 11794
11786 5865 1:0 11792
11786 5864 1:0 11792
11786 5863 1:0 11792
11793 5713 21:0 11794
11793 5714 21:0 11794
11793 5866 1:0 11795
11793 5870 1:0 11795
11793 5868 1:0 11795
11793 5720 21:0 11797
11796 283 21:0 11797
11796 5719 21:0 11797
11796 285 21:0 11807
11796 5871 1:0 11872
11796 5872 1:0 11881
11796 5873 1:0 11882
11806 279 21:0 11819
11818 5717 21:0 11838
11848 5865 21:0 11868
11867 313 21:0 11870
11878 5871 21:0 11913
11912 13034 1:0 11912
11912 5873 21:0 11913
11912 5872 21:0 11913
11912 5868 21:0 11913
11912 5866 21:0 11913
11912 5870 21:0 11913
11912 5869 21:0 11913
11912 12966 21:0 11924
11915 8835 1:0 11917
11919 13032 1:0 11919
11920 13033 1:0 11920
11923 13030 1:0 11923
11923 5861 21:0 11924
11923 5864 21:0 11924
11923 5867 21:0 11924
11923 281 21:0 11924
11923 5860 21:0 11924
11923 265 21:0 11927
11926 267 21:0 11927
11926 5863 21:0 11927
11926 5862 21:0 11927
11926 255 21:0 11927
11926 5715 21:0 11927
11926 257 21:0 11927
11926 259 21:0 11927
11926 263 21:0 11927
11926 275 21:0 11927
11926 277 21:0 11927
11926 273 21:0 11927
11926 261 21:0 11927
11926 8839 1:0 11928
11926 9159 1:0 11931
11926 47 1:0 11931
11926 9145 1:0 11931
11926 241 1:0 11931
11926 239 1:0 11931
11926 65 1:0 11931
11926 9273 1:0 11931
11926 9202 1:0 11931
11926 9216 1:0 11931
11926 9259 1:0 11931
11930 13031 1:0 11930
11932 9295 1:0 11934
11932 9102 1:0 11934
11932 9177 1:0 11934
11932 9127 1:0 11934
11932 9124 1:0 11934
11932 9120 1:0 11934
11932 9070 1:0 11934
11932 9067 1:0 11934
11932 9088 1:0 11934
11932 9045 1:0 11934
11935 8842 1:0 11938
11935 8974 1:0 11945
11935 9031 1:0 11945
11935 8956 1:0 11959
11935 9006 1:0 11959
11935 9010 1:0 11959
11935 9013 1:0 11959
11935 6313 1:0 11959
11935 6310 1:0 11959
11935 9063 1:0 11959
11940 13029 1:0 11940
11941 8871 1:0 11945
11946 8931 1:0 11959
11960 13018 1:0 11960
11960 6309 1:0 11962
11960 6302 1:0 11962
11960 6312 1:0 11962
11963 8860 1:0 11965
11963 13019 1:0 11968
11963 8869 1:0 11973
11963 6314 1:0 11994
11963 6311 1:0 11994
11969 13016 1:0 11969
11969 13017 1:0 11969
11969 13014 1:0 11969
11973 313 1:0 11973
11974 6011 1:0 11994
11986 313 21:0 11996
11995 13010 1:0 11995
11995 8874 1:0 11997
11995 6014 1:0 11997
11998 6008 1:0 12003
11998 6007 1:0 12003
12004 6018 1:0 12013
12007 6010 1:0 12013
12007 6012 1:0 12013
12007 6009 1:0 12013
12014 6013 1:0 12016
12014 6017 1:0 12016
12014 6015 1:0 12016
12017 6016 1:0 12083
12017 6019 1:0 12102
12017 6020 1:0 12103
12022 13009 1:0 12022
12027 13003 1:0 12027
12059 6010 21:0 12088
12089 6016 21:0 12134
12102 8928 1:0 12132
12133 13001 1:0 12133
12133 6013 21:0 12134
12133 6018 21:0 12134
12133 6017 21:0 12134
12133 6019 21:0 12134
12133 6020 21:0 12134
12133 6015 21:0 12134
12133 6014 21:0 12134
12133 6007 21:0 12134
12133 6008 21:0 12134
12133 6166 1:0 12135
12133 6308 1:0 12135
12133 6301 1:0 12135
12133 8892 1:0 12135
12133 6307 1:0 12135
12133 8953 1:0 12135
12133 8949 1:0 12135
12133 6163 1:0 12135
12133 6164 1:0 12135
12133 6162 1:0 12135
12133 247 21:0 12137
12136 241 21:0 12137
12136 245 21:0 12137
12136 249 21:0 12137
12136 237 21:0 12137
12136 239 21:0 12137
12136 243 21:0 12137
12136 6011 21:0 12137
12136 6009 21:0 12137
12136 6012 21:0 12137
12136 12966 1:0 12146
12140 12999 1:0 12140
12141 13000 1:0 12141
12144 12997 1:0 12144
12144 8917 1:0 12146
12144 6156 1:0 12146
12144 6158 1:0 12146
12144 8926 1:0 12146
12147 8896 1:0 12149
12147 6160 1:0 12152
12147 6161 1:0 12152
12147 6154 1:0 12152
12147 12633 1:0 12152
12147 6165 1:0 12152
12147 6167 1:0 12152
12151 12998 1:0 12151
12153 9238 1:0 12155
12153 9580 1:0 12155
12153 8899 1:0 12155
12153 313 1:0 12155
12153 6155 1:0 12155
12153 12673 1:0 12155
12156 12739 1:0 12183
12156 12651 1:0 12183
12161 12996 1:0 12161
12166 12990 1:0 12166
12181 12985 1:0 12181
12181 6157 1:0 12183
12181 6159 1:0 12183
12181 9184 1:0 12183
12181 9234 1:0 12183
12184 12933 1:0 12356
12190 12984 1:0 12190
12190 12983 1:0 12190
12190 12981 1:0 12190
12207 313 21:0 12217
12216 12977 1:0 12216
12243 12976 1:0 12243
12248 12970 1:0 12248
12280 6157 21:0 12309
12308 6159 21:0 12320
12319 6156 21:0 12330
12330 6167 21:0 12355
12354 12968 1:0 12354
12354 6166 21:0 12355
12354 6161 21:0 12355
12354 6165 21:0 12355
12354 6154 21:0 12355
12354 6163 21:0 12355
12354 6164 21:0 12355
12354 6162 21:0 12355
12354 6160 21:0 12355
12354 6155 21:0 12355
12354 6457 1:0 12356
12354 6458 1:0 12356
12354 229 21:0 12358
12357 221 21:0 12358
12357 223 21:0 12358
12357 225 21:0 12358
12357 6158 21:0 12358
12357 231 21:0 12358
12357 227 21:0 12358
12357 12932 1:0 12367
12362 12967 1:0 12362
12365 12964 1:0 12365
12365 8988 1:0 12367
12365 8983 1:0 12367
12365 6303 1:0 12367
12365 8985 1:0 12367
12368 12935 1:0 12376
12372 12965 1:0 12372
12374 7042 1:0 12376
12374 313 1:0 12376
12374 6306 1:0 12376
12377 12934 1:0 12574
12382 12963 1:0 12382
12387 12957 1:0 12387
12402 12952 1:0 12402
12411 12951 1:0 12411
12411 12948 1:0 12411
12411 12950 1:0 12411
12428 313 21:0 12438
12437 12944 1:0 12437
12449 6305 1:0 12455
12449 6304 1:0 12455
12456 6456 1:0 12458
12456 6459 1:0 12458
12456 6748 1:0 12458
12459 6460 1:0 12574
12459 6461 1:0 12574
12459 6752 1:0 12574
12464 12943 1:0 12464
12469 12937 1:0 12469
12501 6304 21:0 12530
12529 6305 21:0 12541
12540 6306 21:0 12551
12551 6314 21:0 12576
12575 6311 21:0 12576
12575 6302 21:0 12576
12575 6309 21:0 12576
12575 6308 21:0 12576
12575 6312 21:0 12576
12575 6313 21:0 12576
12575 6310 21:0 12576
12575 6301 21:0 12576
12575 6307 21:0 12576
12575 211 21:0 12579
12575 12902 1:0 12585
12578 207 21:0 12579
12578 205 21:0 12579
12578 213 21:0 12579
12578 209 21:0 12579
12578 203 21:0 12579
12578 6303 21:0 12579
12578 9042 1:0 12581
12578 9040 1:0 12581
12578 6452 1:0 12581
12582 6449 1:0 12585
12586 12931 1:0 12586
12586 12901 1:0 12594
12589 6454 1:0 12594
12589 6450 1:0 12594
12595 12900 1:0 12625
12598 6455 1:0 12608
12600 6451 1:0 12603
12603 12930 1:0 12603
12604 6453 1:0 12608
12608 12924 1:0 12608
12609 6448 1:0 12622
12623 12919 1:0 12623
12623 6755 1:0 12625
12623 6754 1:0 12625
12623 6595 1:0 12625
12623 313 1:0 12625
12626 12869 1:0 12798
12632 12917 1:0 12632
12632 12918 1:0 12632
12632 12915 1:0 12632
12649 313 21:0 12659
12658 12911 1:0 12658
12685 12910 1:0 12685
12690 12904 1:0 12690
12732 6453 21:0 12752
12751 6451 21:0 12763
12772 6461 21:0 12797
12796 6458 21:0 12797
12796 6449 21:0 12797
12796 6452 21:0 12797
12796 6450 21:0 12797
12796 6454 21:0 12797
12796 6455 21:0 12797
12796 6448 21:0 12797
12796 6460 21:0 12797
12796 6456 21:0 12797
12796 6459 21:0 12797
12796 6457 21:0 12797
12796 6751 1:0 12798
12796 6604 1:0 12798
12796 193 21:0 12800
12799 195 21:0 12800
12799 191 21:0 12800
12799 189 21:0 12800
12799 187 21:0 12800
12799 185 21:0 12800
12799 183 21:0 12800
12799 12899 1:0 12809
12807 12898 1:0 12807
12807 6601 1:0 12809
12807 9097 1:0 12809
12807 6599 1:0 12809
12807 313 1:0 12809
12807 9099 1:0 12809
12810 12868 1:0 12818
12816 6600 1:0 12818
12816 6596 1:0 12818
12819 12867 1:0 13016
12824 12897 1:0 12824
12829 12891 1:0 12829
12844 12886 1:0 12844
12853 12884 1:0 12853
12853 12882 1:0 12853
12853 12885 1:0 12853
12870 313 21:0 12880
12879 12878 1:0 12879
12891 6598 1:0 12897
12891 6597 1:0 12897
12898 6603 1:0 12900
12898 6602 1:0 12900
12898 6608 1:0 12900
12901 6605 1:0 12976
12901 6606 1:0 12977
12901 6607 1:0 12986
12906 12877 1:0 12906
12911 12871 1:0 12911
12943 6598 21:0 12972
12971 6597 21:0 12983
12982 6600 21:0 12993
12996 6607 21:0 13018
13017 6604 21:0 13018
13017 6596 21:0 13018
13017 6601 21:0 13018
13017 6595 21:0 13018
13017 6602 21:0 13018
13017 6605 21:0 13018
13017 6606 21:0 13018
13017 6608 21:0 13018
13017 6603 21:0 13018
13017 6599 21:0 13018
13017 175 21:0 13021
13017 12836 1:0 13027
13020 171 21:0 13021
13020 169 21:0 13021
13020 165 21:0 13021
13020 177 21:0 13021
13020 173 21:0 13021
13020 167 21:0 13021
13024 6749 1:0 13027
13028 12865 1:0 13028
13028 12866 1:0 13034
13031 6743 1:0 13036
13037 12834 1:0 13067
13040 6742 1:0 13050
13042 9154 1:0 13045
13045 12864 1:0 13045
13046 9156 1:0 13050
13050 12858 1:0 13050
13051 6889 1:0 13064
13065 12853 1:0 13065
13065 6744 1:0 13067
13065 6745 1:0 13067
13065 6753 1:0 13067
13065 6747 1:0 13067
13065 6746 1:0 13067
13065 313 1:0 13067
13065 6750 1:0 13067
13068 12835 1:0 13240
13074 12852 1:0 13074
13074 12849 1:0 13074
13074 12851 1:0 13074
13091 313 21:0 13101
13100 12845 1:0 13100
13127 12844 1:0 13127
13132 12838 1:0 13132
13177 6746 21:0 13195
13197 6750 21:0 13239
13217 6902 1:0 13240
13238 6754 21:0 13239
13238 6751 21:0 13239
13238 6743 21:0 13239
13238 6753 21:0 13239
13238 6747 21:0 13239
13238 6755 21:0 13239
13238 6742 21:0 13239
13238 6744 21:0 13239
13238 6745 21:0 13239
13238 6748 21:0 13239
13238 6752 21:0 13239
13238 6749 21:0 13239
13238 9181 1:0 13240
13238 157 21:0 13242
13240 12833 1:0 13251
13241 149 21:0 13242
13241 153 21:0 13242
13241 151 21:0 13242
13241 147 21:0 13242
13241 159 21:0 13242
13241 155 21:0 13242
13248 313 1:0 13251
13248 9213 1:0 13251
13248 6895 1:0 13251
13248 6894 1:0 13251
13248 9211 1:0 13251
13249 12832 1:0 13249
13252 12803 1:0 13260
13257 6896 1:0 13260
13257 6892 1:0 13260
13257 6891 1:0 13339
13257 6893 1:0 13339
13257 6890 1:0 13342
13257 6898 1:0 13342
13257 6897 1:0 13342
13257 6899 1:0 13418
13257 12802 1:0 13458
13257 7043 1:0 13469
13263 6900 1:0 13419
13263 6901 1:0 13428
13263 7037 1:0 13478
13263 9268 1:0 13478
13263 7036 1:0 13481
13266 12831 1:0 13266
13271 12825 1:0 13271
13283 12788 1:0 13465
13283 113 1:0 13465
13283 115 1:0 13465
13283 12801 1:0 13465
13286 12820 1:0 13286
13295 12819 1:0 13295
13295 12818 1:0 13295
13295 12816 1:0 13295
13296 12800 1:0 13476
13321 12812 1:0 13321
13337 9241 1:0 13481
13337 9291 1:0 13481
13337 12733 1:0 13481
13337 7045 1:0 13481
13337 7044 1:0 13563
13337 7040 1:0 13563
13345 7047 1:0 13563
13348 12811 1:0 13348
13350 7041 1:0 13563
13350 7038 1:0 13563
13350 7039 1:0 13563
13350 7046 1:0 13639
13350 7048 1:0 13649
13350 7049 1:0 13650
13350 7184 1:0 13765
13350 7183 1:0 13765
13350 7190 1:0 13771
13350 7189 1:0 13771
13350 9327 1:0 13778
13353 12805 1:0 13353
13365 7194 1:0 13781
13388 6891 21:0 13415
13414 6893 21:0 13425
13424 6892 21:0 13435
13438 6901 21:0 13460
13459 6894 21:0 13460
13459 6890 21:0 13460
13459 6896 21:0 13460
13459 6895 21:0 13460
13459 6889 21:0 13460
13459 6899 21:0 13460
13459 6898 21:0 13460
13459 6900 21:0 13460
13459 6897 21:0 13460
13459 6902 21:0 13460
13459 141 21:0 13463
13462 135 21:0 13463
13462 139 21:0 13463
13462 137 21:0 13463
13462 129 21:0 13463
13462 131 21:0 13463
13462 133 21:0 13463
13468 9270 1:0 13557
13468 12770 1:0 13679
13469 12768 1:0 13686
13470 12799 1:0 13470
13478 12769 1:0 13687
13478 99 1:0 13690
13478 12767 1:0 13697
13478 93 1:0 13699
13478 12754 1:0 13702
13478 9330 1:0 13702
13478 9466 1:0 13702
13478 9462 1:0 13702
13478 9405 1:0 13702
13478 9409 1:0 13727
13484 9298 1:0 13706
13484 97 1:0 13713
13484 12717 1:0 13727
13484 9348 1:0 13727
13484 9352 1:0 13727
13484 9316 1:0 13727
13484 12755 1:0 13736
13484 9325 1:0 13740
13484 95 1:0 13762
13484 12620 1:0 13771
13486 7185 1:0 13784
13486 7188 1:0 13784
13486 7187 1:0 13784
13486 7335 1:0 13983
13487 12798 1:0 13487
13489 7186 1:0 13784
13489 7191 1:0 13784
13489 7196 1:0 13784
13489 7192 1:0 13851
13489 7193 1:0 13860
13489 7195 1:0 13870
13492 12792 1:0 13492
13504 9387 1:0 13986
13504 7330 1:0 13986
13504 7336 1:0 13992
13507 12787 1:0 13507
13516 12783 1:0 13516
13516 12786 1:0 13516
13516 12785 1:0 13516
13517 12737 1:0 13900
13542 12779 1:0 13542
13569 12778 1:0 13569
13574 12772 1:0 13574
13609 7038 21:0 13636
13635 7041 21:0 13646
13649 7046 21:0 13681
13680 7042 21:0 13681
13680 7045 21:0 13681
13680 7047 21:0 13681
13680 7048 21:0 13681
13680 7044 21:0 13681
13680 7049 21:0 13681
13680 7040 21:0 13681
13680 7039 21:0 13681
13680 7043 21:0 13681
13680 7036 21:0 13681
13680 7037 21:0 13681
13680 121 21:0 13684
13683 123 21:0 13684
13689 12735 1:0 13907
13690 12736 1:0 13908
13690 79 1:0 13911
13690 12734 1:0 13918
13690 81 1:0 13920
13690 77 1:0 13920
13690 75 1:0 13923
13690 9576 1:0 13923
13690 9523 1:0 13923
13690 9412 1:0 13923
13690 12655 1:0 13923
13690 15 1:0 13948
13691 12766 1:0 13691
13699 9355 1:0 13927
13699 12722 1:0 13934
13699 9373 1:0 13948
13699 49 1:0 13948
13699 12688 1:0 13948
13699 9583 1:0 13948
13699 9384 1:0 13961
13699 9382 1:0 13961
13699 7337 1:0 13992
13699 12680 1:0 13992
13699 7341 1:0 14002
13699 7334 1:0 14002
13699 7332 1:0 14002
13699 7333 1:0 14002
13699 7338 1:0 14005
13699 12704 1:0 14121
13699 7482 1:0 14204
13699 57 1:0 14207
13699 7477 1:0 14207
13699 25 1:0 14311
13705 7331 1:0 14005
13705 7343 1:0 14005
13705 7339 1:0 14072
13705 7340 1:0 14081
13705 7342 1:0 14091
13708 12765 1:0 13708
13713 12759 1:0 13713
13725 12702 1:0 14128
13737 12750 1:0 13737
13737 12752 1:0 13737
13737 12753 1:0 13737
13763 12746 1:0 13763
13779 12703 1:0 14129
13779 59 1:0 14132
13779 9441 1:0 14132
13790 12745 1:0 13790
13830 7185 21:0 13857
13857 7192 21:0 13902
13901 7190 21:0 13902
13901 7183 21:0 13902
13901 7189 21:0 13902
13901 7196 21:0 13902
13901 7194 21:0 13902
13901 7193 21:0 13902
13901 7191 21:0 13902
13901 7195 21:0 13902
13901 7188 21:0 13902
13901 7186 21:0 13902
13901 7187 21:0 13902
13901 7184 21:0 13902
13910 12701 1:0 14139
13910 23 1:0 14141
13910 63 1:0 14141
13910 12660 1:0 14144
13910 9519 1:0 14144
13910 9526 1:0 14144
13910 9444 1:0 14144
13910 31 1:0 14144
13910 9469 1:0 14169
13910 33 1:0 14169
13911 12689 1:0 14155
13911 12656 1:0 14155
13911 29 1:0 14169
13911 51 1:0 14169
13911 12585 1:0 14169
13911 9430 1:0 14169
13911 61 1:0 14182
13911 9439 1:0 14182
13911 7484 1:0 14213
13911 12580 1:0 14213
13911 7483 1:0 14213
13911 7479 1:0 14223
13911 7480 1:0 14223
13911 7481 1:0 14223
13911 7488 1:0 14223
13911 7486 1:0 14226
13911 7487 1:0 14226
13911 7478 1:0 14226
13911 7485 1:0 14292
13911 7489 1:0 14312
13911 7490 1:0 14313
13911 9496 1:0 14342
13911 7627 1:0 14365
13911 7626 1:0 14365
13911 7628 1:0 14365
13911 9501 1:0 14365
13920 12671 1:0 14342
13920 12669 1:0 14349
13926 9498 1:0 14349
13926 41 1:0 14349
13926 9555 1:0 14349
13926 12670 1:0 14350
13926 39 1:0 14353
13929 12732 1:0 13929
13934 12726 1:0 13934
13947 12668 1:0 14360
13947 43 1:0 14362
13947 9 1:0 14362
13949 12721 1:0 13949
13958 12719 1:0 13958
13958 12720 1:0 13958
13959 12618 1:0 14365
13959 13110 1:0 14365
13959 9487 1:0 14365
13959 7636 1:0 14390
13959 7781 1:0 14390
13984 12713 1:0 13984
14000 7629 1:0 14376
14000 45 1:0 14390
14000 7632 1:0 14390
14000 7635 1:0 14390
14000 12614 1:0 14390
14000 7634 1:0 14393
14000 7625 1:0 14393
14008 7633 1:0 14393
14011 12712 1:0 14011
14013 7631 1:0 14444
14013 7630 1:0 14458
14013 7624 1:0 14473
14013 7637 1:0 14534
14013 9544 1:0 14563
14016 12706 1:0 14016
14048 7333 21:0 14077
14078 7339 21:0 14123
14122 7342 21:0 14123
14122 7334 21:0 14123
14122 7338 21:0 14123
14122 7343 21:0 14123
14122 7341 21:0 14123
14122 7340 21:0 14123
14122 7332 21:0 14123
14122 7335 21:0 14123
14122 7330 21:0 14123
14122 7336 21:0 14123
14122 7331 21:0 14123
14122 7337 21:0 14123
14131 12621 1:0 14444
14131 12601 1:0 14563
14131 7776 1:0 14570
14131 7773 1:0 14570
14131 9553 1:0 14570
14131 21 1:0 14583
14131 7775 1:0 14583
14131 27 1:0 14586
14132 12638 1:0 14563
14132 12636 1:0 14570
14133 12700 1:0 14133
14141 12637 1:0 14571
14141 9558 1:0 14574
14141 12635 1:0 14581
14147 7782 1:0 14586
14147 7784 1:0 14586
14147 12588 1:0 14586
14147 7779 1:0 14586
14147 7772 1:0 14665
14149 301 1:0 14614
14150 12699 1:0 14150
14152 12623 1:0 14614
14152 12613 1:0 14614
14155 12693 1:0 14155
14167 7774 1:0 14614
14167 7780 1:0 14614
14167 7783 1:0 14614
14168 12587 1:0 14665
14179 12684 1:0 14179
14179 12686 1:0 14179
14179 12687 1:0 14179
14180 12589 1:0 14784
14221 12605 1:0 14784
14229 7778 1:0 14679
14232 12679 1:0 14232
14234 7771 1:0 14694
14234 7777 1:0 14703
14234 8705 1:0 14784
14282 7481 21:0 14300
14302 7485 21:0 14344
14343 7478 21:0 14344
14343 7477 21:0 14344
14343 7489 21:0 14344
14343 7479 21:0 14344
14343 7482 21:0 14344
14343 7488 21:0 14344
14343 7484 21:0 14344
14343 7480 21:0 14344
14343 7483 21:0 14344
14343 7486 21:0 14344
14343 7487 21:0 14344
14343 7490 21:0 14344
14352 12604 1:0 14792
14353 9610 1:0 14791
14353 293 1:0 14791
14353 12603 1:0 14791
14353 9615 1:0 14795
14354 12667 1:0 14354
14362 12602 1:0 14802
14362 7 1:0 14804
14362 9601 1:0 14804
14362 11 1:0 14806
14362 7928 1:0 14807
14362 7929 1:0 14807
14362 12600 1:0 14807
14362 3 1:0 14807
14362 12594 1:0 14817
14362 11639 1:0 14820
14362 7930 1:0 14820
14362 7919 1:0 14820
14362 7918 1:0 14820
14362 10168 1:0 14835
14362 12590 1:0 14835
14362 12581 1:0 14837
14362 8697 1:0 14886
14368 298 1:0 263
14368 7926 1:0 14876
14368 5 1:0 14876
14368 9612 1:0 14876
14368 7927 1:0 14886
14368 7921 1:0 14886
14368 7923 1:0 14886
14368 7920 1:0 14886
14368 7922 1:0 14901
14368 7925 1:0 14901
14368 7924 1:0 14945
14368 8021 1:0 14975
14368 7931 1:0 14976
14368 8020 1:0 15016
14371 12666 1:0 14371
14400 12653 1:0 14400
14400 12654 1:0 14400
14426 12647 1:0 14426
14453 12646 1:0 14453
14458 12640 1:0 14458
14533 7634 21:0 14565
14564 7625 21:0 14565
14564 7631 21:0 14565
14564 7630 21:0 14565
14564 7633 21:0 14565
14564 7637 0:0 14565
14564 7635 21:0 14565
14564 7636 21:0 14565
14564 7632 21:0 14565
14564 7627 21:0 14565
14564 7628 21:0 14565
14564 7624 21:0 14565
14564 7629 21:0 14565
14564 7626 21:0 14565
14575 12634 1:0 14575
14597 12627 1:0 14597
14612 12622 1:0 14612
14679 12607 1:0 14679
14704 7771 0:0 14737
14711 7774 21:0 14741
14740 7775 21:0 14751
14750 7773 21:0 14761
14764 7783 21:0 14786
14785 7776 21:0 14786
14785 7781 21:0 14786
14785 7778 21:0 14786
14785 7777 21:0 14786
14785 7779 21:0 14786
14785 7772 21:0 14786
14785 7780 21:0 14786
14785 7782 21:0 14786
14785 7784 21:0 14786
14911 301 21:0 311
