0 13812 21:0 66
65 13813 21:0 87
86 13719 21:0 123
122 13718 21:0 139
138 13721 21:0 139
138 13722 21:0 144
143 13717 21:0 144
143 13710 21:0 144
143 13723 21:0 149
148 13720 21:0 163
1309 14393 21:0 1319
3286 298 21:0 3304
3511 15424 21:0 3528
4563 15424 1:0 6264
7098 16994 21:0 7115
7922 16994 1:0 9230
10153 18332 21:0 10170
10457 18464 21:0 10474
10475 18464 1:0 12588
11281 18332 1:0 13112
13588 19836 21:0 13605
14272 20133 21:0 14289
14290 20133 1:0 15161
14640 19836 1:0 16340
14641 11517 1:0 24737
17018 21339 21:0 17026
17170 21405 21:0 17178
17999 21405 1:0 19317
18000 21339 1:0 19579
20154 22713 21:0 20171
20453 22843 21:0 20461
21358 22843 1:0 22807
21359 22713 1:0 23321
23592 24218 21:0 23658
23893 24348 21:0 23910
24727 11518 1:0 24740
24727 11516 1:0 24768
24728 11514 1:0 24768
24728 11515 1:0 24819
24737 11513 1:0 24888
24737 11665 1:0 24958
24737 11660 1:0 24961
24737 11664 1:0 24989
24743 11662 1:0 24989
24745 11661 1:0 25040
24748 11663 1:0 25120
24763 11807 1:0 25179
24776 11811 1:0 25182
24776 11800 1:0 25192
24817 11808 1:0 25192
24830 11809 1:0 25220
24846 11810 1:0 25264
24847 11812 1:0 25351
24896 11955 1:0 25394
24898 11513 21:0 24940
24906 11958 1:0 25400
24916 11954 1:0 25403
24939 11515 21:0 24943
24942 11516 21:0 24943
24942 11514 21:0 24951
24948 11956 1:0 25413
24948 11957 1:0 25441
24949 11959 1:0 25485
24949 11946 1:0 25511
24949 11953 1:0 25542
24949 12101 1:0 25615
24950 11518 21:0 24954
24952 12103 1:0 25621
24953 11517 21:0 24954
24955 12094 1:0 25624
24955 12102 1:0 25624
24958 12105 1:0 25652
24958 12106 1:0 25652
24958 12104 1:0 25703
24958 12100 1:0 25706
24958 12093 1:0 25732
24958 12099 1:0 25762
24964 12248 1:0 25836
24964 12250 1:0 25842
24968 12251 1:0 25845
24968 12241 1:0 25870
24969 12247 1:0 25870
24985 12252 1:0 25870
24985 12240 1:0 25873
24997 12253 1:0 25924
25038 12249 1:0 25994
25051 12398 1:0 26057
25067 12399 1:0 26063
25068 12400 1:0 26066
25117 12393 1:0 26091
25126 11663 21:0 25161
25127 12396 1:0 26091
25127 12394 1:0 26094
25137 12395 1:0 26145
25160 11661 21:0 25164
25163 11664 21:0 25164
25163 11662 21:0 25172
25169 12397 1:0 26224
25169 12545 1:0 26278
25170 12544 1:0 26284
25170 12542 1:0 26287
25170 12535 1:0 26312
25170 12546 1:0 26315
25171 11660 21:0 25175
25173 12541 1:0 26312
25173 12534 1:0 26315
25174 11665 21:0 25175
25176 12547 1:0 26366
25176 12543 1:0 26436
25179 12692 1:0 26499
25179 12693 1:0 26505
25179 12694 1:0 26508
25179 12691 1:0 26536
25185 12681 1:0 26533
25185 12688 1:0 26536
25187 12689 1:0 26587
25190 12690 1:0 26657
25218 24348 1:0 26720
25259 12836 1:0 26726
25272 12829 1:0 26729
25272 12841 1:0 26729
25287 12834 1:0 26739
25288 12835 1:0 26739
25288 12838 1:0 26739
25297 11800 21:0 25343
25338 12839 1:0 26767
25348 12837 1:0 26811
25357 11812 21:0 25382
25358 12840 1:0 26897
25381 11810 21:0 25385
25384 11809 21:0 25385
25384 11808 21:0 25393
25390 12984 1:0 26938
25390 12983 1:0 26941
25391 12988 1:0 26947
25391 12986 1:0 26950
25391 12987 1:0 26975
25391 12975 1:0 26978
25391 12981 1:0 27013
25391 12976 1:0 27013
25392 11811 21:0 25396
25394 12982 1:0 27029
25395 11807 21:0 25396
25397 12985 1:0 27108
25397 13132 1:0 27162
25400 13133 1:0 27168
25400 13135 1:0 27171
25400 13129 1:0 27196
25400 13123 1:0 27196
25400 13134 1:0 27196
25406 13130 1:0 27234
25406 13122 1:0 27250
25408 13131 1:0 27320
25411 13281 1:0 27383
25427 13280 1:0 27389
25439 13277 1:0 27392
25439 13269 1:0 27392
25480 13282 1:0 27420
25488 13276 1:0 27417
25493 13270 1:0 27417
25493 13275 1:0 27420
25509 13278 1:0 27471
25510 13279 1:0 27550
25521 11946 21:0 25565
25569 24218 1:0 27601
25578 11959 21:0 25603
25602 11953 21:0 25603
25602 11957 21:0 25606
25605 11956 21:0 25614
25611 13426 1:0 27604
25611 13429 1:0 27610
25612 13428 1:0 27613
25612 13423 1:0 27613
25612 13422 1:0 27638
25612 13417 1:0 27638
25612 13424 1:0 27641
25612 13416 1:0 27641
25613 11954 21:0 25614
25613 11958 21:0 25617
25615 13427 1:0 27692
25615 13425 1:0 27762
25616 11955 21:0 25623
25618 13573 1:0 27822
25621 13574 1:0 27825
25621 13571 1:0 27831
25621 13572 1:0 27834
25621 13576 1:0 27859
25624 13569 1:0 27862
25624 13564 1:0 27872
25624 13716 1:0 28080
25627 13575 1:0 27916
25627 13563 1:0 27942
25627 13570 1:0 27973
25631 13720 1:0 28046
25647 13723 1:0 28052
25648 298 1:0 28052
25660 13722 1:0 28055
25660 13710 1:0 28055
25701 13717 1:0 28080
25701 13711 1:0 28083
25714 13721 1:0 28080
25730 13718 1:0 28134
25731 13719 1:0 28204
25742 12093 21:0 25786
25780 14393 1:0 28219
25780 13813 1:0 28236
25780 13812 1:0 28264
25785 12099 21:0 25824
25823 12100 21:0 25824
25823 12104 21:0 25824
25823 12105 21:0 25827
25826 12106 21:0 25835
25834 12102 21:0 25835
25834 12103 21:0 25838
25837 12094 21:0 25838
25837 12101 21:0 25844
26000 12249 21:0 26045
26044 12253 21:0 26048
26047 12240 21:0 26048
26047 12241 21:0 26048
26047 12252 21:0 26056
26055 12251 21:0 26056
26055 12247 21:0 26056
26055 12250 21:0 26059
26058 12248 21:0 26065
26234 12397 21:0 26266
26265 12395 21:0 26269
26268 12394 21:0 26269
26268 12396 21:0 26277
26276 12400 21:0 26277
26276 12393 21:0 26277
26276 12399 21:0 26280
26279 12398 21:0 26286
26442 12543 21:0 26487
26486 12547 21:0 26490
26489 12534 21:0 26490
26489 12546 21:0 26490
26489 12542 21:0 26498
26497 12541 21:0 26498
26497 12535 21:0 26498
26497 12544 21:0 26501
26500 12545 21:0 26507
26663 12690 21:0 26708
26707 12689 21:0 26711
26710 12691 21:0 26711
26710 12688 21:0 26711
26710 12694 21:0 26719
26718 12681 21:0 26719
26718 12693 21:0 26722
26721 12692 21:0 26728
26874 12835 21:0 26899
26907 12840 21:0 26929
26928 12837 21:0 26932
26931 12839 21:0 26932
26931 12838 21:0 26940
26939 12829 21:0 26940
26939 12834 21:0 26940
26939 12841 21:0 26943
26942 12836 21:0 26949
27065 12976 21:0 27111
27118 12985 21:0 27150
27149 12981 21:0 27150
27149 12982 21:0 27150
27149 12975 21:0 27153
27152 12987 21:0 27153
27152 12986 21:0 27161
27160 12988 21:0 27164
27163 12983 21:0 27164
27163 12984 21:0 27170
27326 13131 21:0 27371
27370 13122 21:0 27371
27370 13130 21:0 27374
27373 13134 21:0 27374
27373 13123 21:0 27382
27381 13135 21:0 27382
27381 13129 21:0 27382
27381 13133 21:0 27385
27384 13132 21:0 27391
27507 13270 21:0 27553
27560 13279 21:0 27592
27591 13278 21:0 27595
27594 13282 21:0 27595
27594 13275 21:0 27603
27602 13276 21:0 27603
27602 13277 21:0 27603
27602 13269 21:0 27606
27605 13280 21:0 27606
27605 13281 21:0 27612
27768 13425 21:0 27813
27812 13427 21:0 27816
27815 13416 21:0 27816
27815 13424 21:0 27816
27815 13428 21:0 27824
27823 13422 21:0 27824
27823 13417 21:0 27824
27823 13423 21:0 27827
27826 13429 21:0 27827
27826 13426 21:0 27833
27952 13563 21:0 27996
27995 13570 21:0 28034
28033 13575 21:0 28034
28033 13564 21:0 28034
28033 13569 21:0 28037
28036 13576 21:0 28037
28036 13572 21:0 28045
28044 13571 21:0 28048
28047 13574 21:0 28048
28047 13573 21:0 28054
28170 13711 21:0 28216
28215 13716 21:0 28253
