128 49172 0:0 129
174 49080 0:0 175
174 49071 21:0 219
218 49077 21:0 227
226 49075 21:0 232
231 49070 21:0 237
236 49074 21:0 237
236 49076 21:0 255
254 46873 21:0 313
312 46874 21:0 384
383 47318 21:0 457
456 46878 21:0 531
530 47169 21:0 591
590 47171 21:0 617
616 47025 21:0 693
692 49072 21:0 693
692 49073 21:0 693
692 47021 21:0 764
763 47168 21:0 835
834 46877 21:0 911
910 47022 21:0 971
970 47023 21:0 997
1397 49785 21:0 1428
3374 298 21:0 3440
4610 51256 21:0 4643
6733 299 21:0 6799
8010 312 1:0 47043
10092 300 21:0 10158
11369 313 1:0 50402
13451 301 21:0 13517
14687 55669 21:0 14720
16810 302 21:0 16876
18087 314 1:0 53761
20169 303 21:0 20235
21446 315 1:0 57120
23528 304 21:0 23594
24764 60082 21:0 24797
26887 305 21:0 26953
28164 316 1:0 60479
30246 306 21:0 30312
31523 317 1:0 63838
33605 307 21:0 33671
34841 64495 21:0 34874
36964 308 21:0 37030
40323 309 21:0 40389
41600 318 1:0 67197
43682 310 21:0 43748
44918 68908 21:0 44951
44959 319 1:0 70556
47041 311 21:0 47107
50400 312 21:0 50466
51677 320 1:0 73915
53759 313 21:0 53825
54995 73321 21:0 55028
55036 321 1:0 77274
57118 314 21:0 57184
60477 315 21:0 60543
61754 322 1:0 80633
63836 316 21:0 63902
65072 77734 21:0 65105
65113 323 1:0 83992
67195 317 21:0 67261
70554 318 21:0 70620
71831 324 1:0 87351
73913 319 21:0 73979
75149 82147 21:0 75182
75190 325 1:0 90710
77272 320 21:0 77338
80631 321 21:0 80697
81908 326 1:0 94069
83990 322 21:0 84056
87349 323 21:0 87415
90708 324 21:0 90774
91985 327 1:0 97428
94067 325 21:0 94133
97426 326 21:0 97492
98703 328 1:0 100787
100785 327 21:0 100851
102023 49249 21:0 102028
102062 47023 1:0 104284
102062 47022 1:0 104360
102063 46877 1:0 104436
102063 47168 1:0 104512
102063 47018 1:0 104517
102072 47021 1:0 104593
102072 47025 1:0 104669
102072 47171 1:0 104745
102072 47169 1:0 104821
102078 46878 1:0 104897
102080 47318 1:0 104973
102083 46874 1:0 105049
102099 46873 1:0 105125
102111 46876 1:0 105201
102111 46865 1:0 105206
102193 82147 1:0 105261
102193 77734 1:0 105277
102193 73321 1:0 105296
102808 50130 21:0 102811
103060 50242 21:0 103073
103201 50301 21:0 103204
103322 50356 21:0 103335
103463 50415 21:0 103466
103584 50470 21:0 103597
104144 328 21:0 104210
104212 94878 21:0 104212
104217 94879 21:0 104217
104242 25 21:0 104270
104288 94911 21:0 104288
104314 41 21:0 104346
104369 94945 21:0 104369
104369 94946 21:0 104369
104394 61 21:0 104422
104445 94979 21:0 104445
104516 95010 21:0 104516
104521 95011 21:0 104521
104542 95 21:0 104574
104575 95 1:0 105296
104597 95044 21:0 104597
104597 95045 21:0 104597
104600 95046 21:0 104600
104668 95076 21:0 104668
104673 95077 21:0 104673
104673 95078 21:0 104673
104828 95145 21:0 104828
104846 167 21:0 104878
104879 167 1:0 105296
104879 68908 1:0 105348
104901 95176 21:0 104901
104977 95210 21:0 104977
105129 95276 21:0 105129
105132 95277 21:0 105132
105205 95308 21:0 105205
105320 341 21:0 105334
105349 64495 1:0 105358
105354 50242 1:0 105358
105354 50130 1:0 105358
105354 48631 1:0 105358
105354 49249 1:0 105358
105359 60082 1:0 105388
105374 25 1:0 105388
105389 55669 1:0 105424
105425 51256 1:0 105435
105433 61 1:0 105435
105433 41 1:0 105435
105433 50470 1:0 105435
105433 341 1:0 105435
105436 47901 1:0 105441
105442 46875 1:0 105602
105496 341 21:0 105506
105527 46869 1:0 105572
105550 341 1:0 105593
105550 47017 1:0 105642
105600 47024 1:0 105662
105612 46875 21:0 105658
105652 299 1:0 3376
105652 300 1:0 6735
105652 47015 1:0 105662
105652 47308 1:0 105662
105652 50415 1:0 106304
105653 301 1:0 10094
105653 302 1:0 13453
105653 303 1:0 16812
105653 304 1:0 20171
105657 46865 21:0 105664
105659 305 1:0 23530
105659 306 1:0 26889
105662 307 1:0 30248
105662 308 1:0 33607
105662 309 1:0 36966
105662 310 1:0 40325
105662 311 1:0 43684
105662 47016 1:0 105793
105662 47020 1:0 105813
105662 47162 1:0 105863
105663 46876 21:0 105805
105668 47161 1:0 105883
105668 47310 1:0 105883
105668 47172 1:0 105883
105670 47163 1:0 106014
105670 47170 1:0 106045
105672 47166 1:0 106025
105672 47306 1:0 106087
105673 47313 1:0 106091
105673 47312 1:0 106098
105688 47307 1:0 106104
105688 47456 1:0 106308
105701 47311 1:0 106236
105701 47319 1:0 106276
105742 47314 1:0 106255
105750 47315 1:0 106256
105755 50301 1:0 106308
105755 50356 1:0 106308
105770 47316 1:0 106265
105771 47317 1:0 106266
105772 47460 1:0 106312
105781 47453 1:0 106319
105783 47459 1:0 106325
105823 47020 21:0 105879
105871 95308 1:0 105871
105873 47455 1:0 106446
105873 47461 1:0 106476
105873 47466 1:0 106497
105874 47462 1:0 106477
105874 47463 1:0 106486
105878 47024 21:0 105948
105880 47464 1:0 106487
105883 47465 1:0 106496
105883 47602 1:0 106525
105883 47748 1:0 106533
105883 47601 1:0 106540
105883 47607 1:0 106546
105883 47600 1:0 106657
105883 47605 1:0 106678
105883 47608 1:0 106697
105883 47609 1:0 106698
105889 47610 1:0 106707
105889 47611 1:0 106708
105891 47606 1:0 106687
105894 47612 1:0 106717
105910 47613 1:0 106718
105910 47896 1:0 106746
105910 47747 1:0 106754
105922 47753 1:0 106761
105922 47754 1:0 106767
105922 47749 1:0 106888
105922 47757 1:0 106928
105947 47016 21:0 105960
105959 46869 21:0 105967
105963 47755 1:0 106918
105966 47015 21:0 105970
105969 47017 21:0 105995
105971 47756 1:0 106919
105991 47751 1:0 106898
105991 47752 1:0 106899
105991 47758 1:0 106929
105992 47759 1:0 106938
106031 47166 0:0 106040
106051 47170 21:0 106100
106085 95277 1:0 106085
106093 95276 1:0 106093
106094 47760 1:0 106939
106094 47898 1:0 106967
106094 48188 1:0 106975
106094 47894 1:0 106982
106094 47900 1:0 106988
106095 47902 1:0 107139
106095 48338 1:0 107140
106095 47903 1:0 107140
106095 47906 1:0 107159
106099 47172 21:0 106169
106101 47895 1:0 107100
106104 47897 1:0 107110
106104 47904 1:0 107149
106104 47905 1:0 107150
106104 47907 1:0 107160
106104 48043 1:0 107189
106104 48042 1:0 107196
106104 48047 1:0 107203
106104 48048 1:0 107209
106110 48045 1:0 107340
106110 48049 1:0 107360
106110 48050 1:0 107361
106114 48051 1:0 107370
106130 48052 1:0 107371
106131 48053 1:0 107380
106143 48054 1:0 107381
106143 48193 1:0 107409
106143 49076 1:0 107417
106143 49073 1:0 108687
106148 48195 1:0 107424
106148 48189 1:0 107430
106168 47163 21:0 106183
106182 47161 21:0 106188
106184 48487 1:0 107582
106184 48200 1:0 107601
106187 47162 21:0 106191
106197 48196 1:0 107581
106213 48197 1:0 107582
106214 48198 1:0 107591
106263 48199 1:0 107592
106273 48190 1:0 107551
106273 48194 1:0 107571
106282 47319 21:0 106321
106283 48201 1:0 107602
106283 48486 1:0 107631
106283 48342 1:0 107638
106283 48336 1:0 107645
106305 47317 0:0 106307
106305 47316 0:0 106307
106305 47314 0:0 106307
106306 47315 0:0 106307
106308 48341 1:0 107651
106315 48335 1:0 107762
106315 48343 1:0 107802
106315 48344 1:0 107803
106315 48484 1:0 107803
106316 48345 1:0 107812
106316 48346 1:0 107813
106320 47307 21:0 106327
106322 48347 1:0 107822
106325 48348 1:0 107823
106325 48485 1:0 107851
106325 48483 1:0 107859
106325 48489 1:0 107866
106325 48488 1:0 107872
106325 48482 1:0 107983
106325 48490 1:0 108023
106325 48633 1:0 108024
106325 48491 1:0 108024
106326 47312 21:0 106330
106329 47311 21:0 106330
106329 47313 21:0 106358
106331 48492 1:0 108033
106331 48493 1:0 108034
106333 48494 1:0 108043
106336 48495 1:0 108044
106336 48634 1:0 108072
106351 48636 1:0 108080
106351 48635 1:0 108087
106352 48629 1:0 108093
106357 47306 21:0 106412
106364 48632 1:0 108215
106364 48640 1:0 108255
106405 48637 1:0 108244
106413 48638 1:0 108245
106418 48630 1:0 108205
106433 48639 1:0 108254
106434 48641 1:0 108264
106434 49072 1:0 108735
106484 48642 1:0 108265
106484 48926 1:0 108293
106484 48783 1:0 108301
106494 48782 1:0 108308
106494 48777 1:0 108314
106503 47466 21:0 106542
106504 48780 1:0 108445
106504 48785 1:0 108466
106526 47465 0:0 106528
106526 47461 0:0 106528
106526 47464 0:0 106528
106527 47463 0:0 106528
106527 47462 0:0 106528
106529 48776 1:0 108425
106529 48784 1:0 108465
106529 48786 1:0 108475
106535 95210 1:0 106535
106536 48781 1:0 108446
106536 48787 1:0 108476
106536 48788 1:0 108485
106537 48789 1:0 108486
106537 48925 1:0 108515
106537 48924 1:0 108522
106537 48923 1:0 108529
106537 48930 1:0 108535
106541 47459 21:0 106548
106543 48933 1:0 108696
106546 48927 1:0 108666
106546 48928 1:0 108667
106546 48929 1:0 108676
106546 48931 1:0 108686
106546 48932 1:0 108687
106546 48934 1:0 108697
106546 48935 1:0 108706
106547 47453 21:0 106551
106550 47460 21:0 106576
106552 48936 1:0 108707
106552 298 1:0 108750
106552 49077 1:0 108759
106554 49070 1:0 108759
106554 49074 1:0 108787
106554 49071 1:0 108820
106554 49075 1:0 108820
106556 49785 1:0 108913
106572 49078 1:0 108907
106573 49079 1:0 108908
106575 47455 21:0 106579
106578 47018 21:0 106633
106585 49082 1:0 108913
106626 49083 1:0 108913
106639 49081 1:0 108913
106654 49080 1:0 108913
106655 49172 1:0 108968
106655 49173 1:0 108969
106707 47608 21:0 106763
106747 47612 0:0 106749
106748 47609 0:0 106749
106748 47610 0:0 106749
106748 47613 0:0 106749
106748 47611 0:0 106749
106748 47600 0:0 106749
106748 47606 0:0 106749
106755 95176 1:0 106755
106762 47607 21:0 106769
106768 47601 21:0 106772
106771 47310 21:0 106772
106771 47605 21:0 106772
106771 47456 21:0 106776
106775 47308 21:0 106797
106796 47602 21:0 106800
106938 47757 21:0 106984
106968 47759 0:0 106970
106969 95145 1:0 106969
106969 47756 0:0 106970
106969 47752 0:0 106970
106969 47751 0:0 106970
106969 47755 0:0 106970
106969 47758 0:0 106970
106969 47760 0:0 106970
106983 47754 21:0 106990
106989 47753 21:0 106993
106992 47747 21:0 107018
107017 47748 21:0 107072
107071 47749 21:0 107075
107169 47906 21:0 107205
107190 47903 0:0 107191
107190 47897 0:0 107191
107190 47904 0:0 107191
107190 47905 0:0 107191
107190 47895 0:0 107191
107190 47902 0:0 107191
107190 47907 0:0 107191
107204 47900 21:0 107211
107210 47894 21:0 107214
107213 47901 21:0 107242
107241 47898 21:0 107242
107241 47896 21:0 107283
107367 48050 21:0 107426
107410 48051 0:0 107412
107410 48049 0:0 107412
107411 48053 0:0 107412
107411 48052 0:0 107412
107411 48054 0:0 107412
107418 95077 1:0 107418
107419 95078 1:0 107419
107425 48045 21:0 107426
107425 48048 21:0 107432
107429 95076 1:0 107429
107431 48047 21:0 107435
107434 48042 21:0 107463
107462 48043 21:0 107485
107611 48200 21:0 107647
107632 95046 1:0 107632
107632 48201 0:0 107633
107632 48199 0:0 107633
107632 48190 0:0 107633
107632 48194 0:0 107633
107632 48196 0:0 107633
107632 48198 0:0 107633
107632 48197 0:0 107633
107639 95044 1:0 107639
107640 95045 1:0 107640
107646 48189 21:0 107653
107652 48195 21:0 107656
107655 48188 21:0 107684
107683 48193 21:0 107684
107809 48344 21:0 107868
107852 48345 0:0 107854
107853 48347 0:0 107854
107853 48348 0:0 107854
107853 48335 0:0 107854
107853 48346 0:0 107854
107853 48343 0:0 107854
107860 95011 1:0 107860
107867 48341 21:0 107874
107871 95010 1:0 107871
107873 48336 21:0 107877
107876 48342 21:0 107902
107901 48338 21:0 107905
108030 48491 21:0 108089
108073 48494 0:0 108075
108074 48495 0:0 108075
108074 48482 0:0 108075
108074 48492 0:0 108075
108074 48493 0:0 108075
108074 48490 0:0 108075
108082 94979 1:0 108082
108088 48488 21:0 108095
108094 48489 21:0 108098
108097 48483 21:0 108123
108122 48485 21:0 108126
108125 48484 21:0 108148
108147 48486 21:0 108170
108169 48487 21:0 108177
108261 48640 21:0 108310
108294 48641 0:0 108296
108295 48639 0:0 108296
108295 48638 0:0 108296
108295 48642 0:0 108296
108295 48630 0:0 108296
108295 48637 0:0 108296
108302 94945 1:0 108302
108303 94946 1:0 108303
108309 48629 21:0 108316
108315 48635 21:0 108319
108318 48632 21:0 108319
108318 48636 21:0 108347
108346 48634 21:0 108379
108378 48633 21:0 108393
108392 48631 21:0 108398
108472 48785 21:0 108531
108516 48789 0:0 108517
108516 48784 0:0 108517
108516 48787 0:0 108517
108516 48786 0:0 108517
108516 48788 0:0 108517
108516 48776 0:0 108517
108516 48781 0:0 108517
108530 48777 21:0 108537
108534 94911 1:0 108534
108536 48782 21:0 108540
108539 48783 21:0 108565
108564 48780 21:0 108568
108706 48933 21:0 108752
108736 48935 0:0 108738
108736 48932 0:0 108738
108737 48931 0:0 108738
108737 48929 0:0 108738
108737 48927 0:0 108738
108737 48928 0:0 108738
108737 48934 0:0 108738
108737 48936 0:0 108738
108744 94879 1:0 108744
108751 48930 21:0 108758
108755 94878 1:0 108755
108757 48923 21:0 108761
108760 48924 21:0 108786
108785 48925 21:0 108789
108788 48926 21:0 108824
108914 49079 0:0 108944
108917 49078 0:0 108957
108934 49083 0:0 108957
108956 49082 0:0 108957
108956 49081 0:0 108957
108975 49173 21:0 175
