86 13812 21:0 91
90 13813 21:0 95
94 13716 21:0 123
122 13723 21:0 139
138 13717 21:0 139
138 13711 21:0 139
138 13722 21:0 144
143 13719 21:0 144
143 13718 21:0 149
148 13721 21:0 163
1309 14393 21:0 1319
3286 298 21:0 3304
4038 15653 21:0 4046
4045 15655 21:0 4096
4097 15655 1:0 5347
4563 15653 1:0 5357
7777 17289 21:0 7785
7922 17289 1:0 8061
10612 18532 21:0 10678
11281 18532 1:0 12319
13431 19769 21:0 13439
13438 19770 21:0 13479
14640 19770 1:0 16602
14641 19769 1:0 16613
17099 21374 21:0 17116
17555 21571 21:0 17572
17999 21571 1:0 18651
18000 21374 1:0 19438
20301 22777 21:0 20309
20458 22844 21:0 20475
21358 22844 1:0 22796
21359 22777 1:0 23069
23893 24348 21:0 23910
24580 24647 21:0 24646
24727 24647 1:0 24768
24728 11516 1:0 24819
24728 11515 1:0 24898
24728 11661 1:0 24971
24737 11664 1:0 24999
24737 11663 1:0 25043
24737 11665 1:0 25130
24737 11809 1:0 25179
24743 11810 1:0 25182
24745 11808 1:0 25192
24748 11807 1:0 25220
24764 11812 1:0 25264
24764 11806 1:0 25267
24776 11805 1:0 25320
24776 11956 1:0 25400
24825 11959 1:0 25403
24845 11957 1:0 25428
24846 11954 1:0 25466
24846 11946 1:0 25482
24847 11953 1:0 25485
24896 11947 1:0 25487
24896 11952 1:0 25541
24906 12105 1:0 25615
24908 11515 21:0 24940
24939 11516 21:0 24943
24948 12106 1:0 25621
24948 12103 1:0 25624
24949 12102 1:0 25649
24949 12104 1:0 25687
24949 12093 1:0 25703
24949 12099 1:0 25706
24949 12094 1:0 25733
24958 12100 1:0 25763
24958 12251 1:0 25836
24958 12253 1:0 25842
24958 12249 1:0 25845
24964 12250 1:0 25870
24964 12247 1:0 25873
24964 12241 1:0 25883
24966 12248 1:0 25927
24966 12240 1:0 25953
24968 12246 1:0 25983
24984 12400 1:0 26063
24997 12398 1:0 26066
24997 12399 1:0 26094
25046 12397 1:0 26094
25051 12393 1:0 26129
25051 12387 1:0 26129
25066 12388 1:0 26145
25067 12396 1:0 26215
25117 12543 1:0 26284
25117 12534 1:0 26287
25127 12547 1:0 26287
25136 11665 21:0 25161
25137 12540 1:0 26312
25137 12535 1:0 26312
25137 12544 1:0 26312
25160 11663 21:0 25164
25163 11664 21:0 25164
25163 11661 21:0 25172
25169 12546 1:0 26350
25169 12541 1:0 26366
25170 12545 1:0 26446
25170 12694 1:0 26505
25170 12690 1:0 26508
25173 12689 1:0 26533
25179 12681 1:0 26536
25179 12687 1:0 26571
25179 12688 1:0 26571
25179 12682 1:0 26587
25179 12691 1:0 26666
25179 12840 1:0 26726
25179 12836 1:0 26729
25185 12841 1:0 26749
25185 12828 1:0 26749
25187 12834 1:0 26749
25190 12839 1:0 26789
25190 12829 1:0 26801
25206 12837 1:0 26815
25206 12835 1:0 26868
25259 24348 1:0 26934
25287 12986 1:0 26947
25288 12983 1:0 26950
25288 12982 1:0 26960
25288 12981 1:0 26960
25330 11805 21:0 25354
25338 12984 1:0 26960
25348 12987 1:0 26988
25353 11806 21:0 25382
25381 11812 21:0 25382
25381 11807 21:0 25385
25384 11808 21:0 25393
25390 12985 1:0 27032
25390 12975 1:0 27058
25390 12976 1:0 27059
25390 13135 1:0 27168
25391 13123 1:0 27171
25391 13132 1:0 27171
25391 13129 1:0 27196
25391 13122 1:0 27196
25391 13130 1:0 27196
25392 11810 21:0 25393
25392 11809 21:0 25396
25394 13131 1:0 27234
25394 13128 1:0 27250
25397 13133 1:0 27330
25400 13277 1:0 27383
25400 13280 1:0 27389
25400 13281 1:0 27392
25400 13276 1:0 27420
25400 13282 1:0 27420
25400 13270 1:0 27455
25406 13269 1:0 27455
25406 13275 1:0 27471
25408 13279 1:0 27550
25411 13426 1:0 27613
25426 13425 1:0 27641
25439 13429 1:0 27641
25480 13428 1:0 27692
25480 13417 1:0 27695
25480 13423 1:0 27697
25488 13422 1:0 27751
25508 13576 1:0 27825
25509 13573 1:0 27831
25551 11952 21:0 25575
25559 13575 1:0 27834
25559 13563 1:0 27844
25559 13569 1:0 27844
25569 13572 1:0 27844
25574 11947 21:0 25603
25579 13574 1:0 27872
25602 11953 21:0 25603
25602 11946 21:0 25603
25602 11954 21:0 25606
25605 11957 21:0 25606
25605 11959 21:0 25614
25611 13571 1:0 27916
25611 13564 1:0 27943
25611 13570 1:0 27973
25612 13721 1:0 28043
25612 13718 1:0 28046
25612 13719 1:0 28052
25613 11956 21:0 25617
25615 13722 1:0 28055
25618 13711 1:0 28061
25618 13710 1:0 28134
25621 13723 1:0 28083
25621 298 1:0 28083
25621 13717 1:0 28118
25621 13716 1:0 28118
25621 13720 1:0 28213
25621 14393 1:0 28219
25621 13813 1:0 28236
25621 13812 1:0 28264
25739 12094 21:0 25785
25784 12100 21:0 25824
25823 12099 21:0 25824
25823 12093 21:0 25824
25823 12104 21:0 25827
25826 12102 21:0 25827
25826 12103 21:0 25835
25834 12106 21:0 25838
25837 12105 21:0 25838
25963 12240 21:0 26007
26006 12246 21:0 26045
26044 12248 21:0 26045
26044 12241 21:0 26045
26044 12247 21:0 26048
26047 12250 21:0 26048
26047 12249 21:0 26056
26055 12253 21:0 26059
26058 12251 21:0 26059
26221 12396 21:0 26266
26265 12388 21:0 26266
26265 12393 21:0 26266
26265 12387 21:0 26269
26268 12397 21:0 26269
26268 12399 21:0 26277
26276 12398 21:0 26277
26276 12400 21:0 26280
26402 12535 21:0 26448
26452 12545 21:0 26487
26486 12541 21:0 26487
26486 12546 21:0 26490
26489 12540 21:0 26490
26489 12544 21:0 26498
26497 12547 21:0 26498
26497 12534 21:0 26501
26500 12543 21:0 26501
26623 12682 21:0 26669
26676 12691 21:0 26708
26707 12687 21:0 26708
26707 12688 21:0 26708
26707 12681 21:0 26711
26710 12689 21:0 26711
26710 12690 21:0 26719
26718 12694 21:0 26722
26874 12835 21:0 26899
26898 12837 21:0 26929
26928 12829 21:0 26929
26928 12839 21:0 26932
26931 12834 21:0 26932
26931 12841 21:0 26940
26939 12828 21:0 26940
26939 12836 21:0 26943
26942 12840 21:0 26943
27068 12975 21:0 27112
27111 12976 21:0 27150
27149 12985 21:0 27150
27149 12987 21:0 27153
27152 12984 21:0 27157
27156 12981 21:0 27161
27160 12982 21:0 27161
27160 12983 21:0 27164
27163 12986 21:0 27164
27289 13122 21:0 27333
27336 13133 21:0 27371
27370 13128 21:0 27371
27370 13131 21:0 27374
27373 13130 21:0 27379
27378 13129 21:0 27382
27381 13123 21:0 27382
27381 13132 21:0 27385
27384 13135 21:0 27385
27510 13269 21:0 27554
27560 13279 21:0 27592
27591 13275 21:0 27592
27591 13270 21:0 27592
27591 13282 21:0 27595
27594 13276 21:0 27595
27594 13281 21:0 27603
27602 13280 21:0 27606
27605 13277 21:0 27606
27761 13422 21:0 27785
27784 13423 21:0 27813
27812 13417 21:0 27813
27812 13428 21:0 27813
27812 13429 21:0 27816
27815 13425 21:0 27824
27823 13426 21:0 27824
27949 13564 21:0 27995
27994 13571 21:0 28034
28033 13574 21:0 28037
28036 13570 21:0 28037
28036 13563 21:0 28037
28036 13569 21:0 28037
28036 13572 21:0 28045
28044 13575 21:0 28048
28047 13573 21:0 28048
28047 13576 21:0 28054
28173 13710 21:0 28217
28223 13720 21:0 87
