128 49172 0:0 129
130 49079 21:0 227
226 49070 21:0 227
226 49076 21:0 232
231 49077 21:0 232
231 49075 21:0 237
236 47167 21:0 287
286 46873 21:0 308
307 47319 21:0 313
312 46877 21:0 379
378 49073 21:0 379
378 47466 21:0 389
388 47024 21:0 444
443 329 21:0 455
454 46878 21:0 465
464 47023 21:0 520
519 47169 21:0 536
535 47612 21:0 559
558 49072 21:0 563
562 48487 21:0 591
590 49074 21:0 591
590 48633 21:0 591
590 48339 21:0 596
595 48484 21:0 596
595 48928 21:0 601
600 48925 21:0 607
606 47749 21:0 607
606 48043 21:0 607
606 48632 21:0 607
606 48044 21:0 607
606 47161 21:0 607
606 47605 21:0 607
1397 49785 21:0 1428
3374 298 21:0 3424
4610 51256 21:0 4643
4651 317 1:0 63838
6733 299 21:0 6783
7969 52727 21:0 8002
8010 318 1:0 67197
10092 300 21:0 10142
11328 54198 21:0 11361
11369 319 1:0 70556
13451 301 21:0 13506
14687 55669 21:0 14720
14728 320 1:0 73915
16810 302 21:0 16865
18046 57140 21:0 18079
18087 321 1:0 77274
20169 303 21:0 20224
21405 58611 21:0 21438
21446 322 1:0 80633
23528 304 21:0 23583
24764 60082 21:0 24797
26887 305 21:0 26942
28164 323 1:0 83992
30246 306 21:0 30301
33605 307 21:0 33660
34882 324 1:0 87351
36964 308 21:0 37019
38200 65966 21:0 38233
38241 325 1:0 90710
40323 309 21:0 40378
43682 310 21:0 43737
47041 311 21:0 47096
48318 326 1:0 94069
50400 312 21:0 50455
53759 313 21:0 53814
55036 327 1:0 97428
57118 314 21:0 57173
60477 315 21:0 60532
61754 328 1:0 100787
63836 316 21:0 63891
65113 47459 1:0 104973
67195 317 21:0 67250
68472 47160 1:0 104973
70554 318 21:0 70609
73913 319 21:0 73968
77272 320 21:0 77327
80631 321 21:0 80686
81908 47024 1:0 104992
83990 322 21:0 84045
85267 47600 1:0 105028
87349 323 21:0 87404
88626 47460 1:0 105044
90708 324 21:0 90763
94067 325 21:0 94122
95344 47165 1:0 105125
97426 326 21:0 97481
98107 92201 21:0 98181
98482 92365 21:0 98556
98557 92365 1:0 98973
98557 92201 1:0 99617
100785 327 21:0 100840
101086 93507 21:0 101160
101161 93507 1:0 103631
101161 329 1:0 104146
102023 49249 21:0 102028
102031 293 21:0 102054
102062 47466 1:0 105054
102062 46877 1:0 105120
102063 47166 1:0 105125
102063 47753 1:0 105166
102063 47319 1:0 105166
102063 47754 1:0 105242
102063 293 1:0 105292
102063 47607 1:0 105318
102072 46873 1:0 105201
102072 47167 1:0 105242
102072 47465 1:0 105277
102072 47314 1:0 105292
102078 46875 1:0 105353
102143 49843 21:0 102149
102153 49845 21:0 102156
102274 49900 21:0 102280
102284 49902 21:0 102287
102405 49957 21:0 102411
102415 49959 21:0 102418
102536 50014 21:0 102542
102546 50016 21:0 102549
102667 50071 21:0 102673
102677 50073 21:0 102680
102798 50128 21:0 102804
102808 50130 21:0 102811
102929 50185 21:0 102935
102939 50187 21:0 102942
103060 50242 21:0 103066
103070 50244 21:0 103073
103191 50299 21:0 103197
103201 50301 21:0 103204
103322 50356 21:0 103328
103332 50358 21:0 103335
103453 50413 21:0 103459
103463 50415 21:0 103466
103584 50470 21:0 103590
103594 50472 21:0 103597
103715 50527 21:0 103721
103725 50529 21:0 103728
103846 50584 21:0 103852
103856 50586 21:0 103859
103977 50641 21:0 103983
103987 50643 21:0 103990
104108 50698 21:0 104114
104118 50700 21:0 104121
104144 328 21:0 104199
104198 50703 21:0 104210
104209 7 21:0 104210
104209 5 21:0 104210
104217 94880 21:0 104217
104217 94879 21:0 104217
104238 23 21:0 104261
104260 25 21:0 104270
104275 27 21:0 104286
104287 27 1:0 104816
104287 47612 1:0 104826
104287 47169 1:0 104892
104287 47023 1:0 104902
104287 46878 1:0 104968
104288 94911 21:0 104288
104293 94912 21:0 104293
104318 43 21:0 104346
104345 41 21:0 104346
104369 94945 21:0 104369
104369 94946 21:0 104369
104390 59 21:0 104413
104412 61 21:0 104422
104440 94977 21:0 104440
104445 94979 21:0 104445
104448 94980 21:0 104448
104470 79 21:0 104498
104497 77 21:0 104498
104516 95010 21:0 104516
104542 95 21:0 104565
104564 97 21:0 104574
104597 95044 21:0 104597
104618 113 21:0 104641
104640 115 21:0 104650
104673 95077 21:0 104673
104698 133 21:0 104726
104725 131 21:0 104726
104749 95111 21:0 104749
104774 151 21:0 104802
104801 149 21:0 104802
104820 95142 21:0 104820
104850 169 21:0 104878
104877 167 21:0 104878
104901 95176 21:0 104901
104922 185 21:0 104945
104944 187 21:0 104954
104977 95210 21:0 104977
105002 205 21:0 105030
105029 203 21:0 105030
105056 95244 21:0 105056
105078 223 21:0 105106
105105 221 21:0 105106
105150 239 21:0 105173
105172 241 21:0 105182
105208 95310 21:0 105208
105226 257 21:0 105249
105248 259 21:0 105258
105281 95342 21:0 105281
105284 95343 21:0 105284
105320 341 21:0 105331
105330 277 21:0 105334
105333 275 21:0 105334
105354 46876 1:0 105421
105359 275 1:0 105367
105359 49843 1:0 105367
105368 49249 1:0 105373
105374 46872 1:0 105421
105389 277 1:0 105421
105390 293 21:0 105423
105422 49793 21:0 105423
105422 47021 1:0 105432
105425 46870 1:0 105432
105429 341 1:0 105432
105433 47022 1:0 105441
105436 46868 1:0 105441
105436 46867 1:0 105441
105442 46874 1:0 105472
105445 46866 1:0 105472
105468 46869 1:0 105472
105468 46871 1:0 105523
105480 49845 1:0 105520
105480 46865 1:0 105552
105480 47161 1:0 105645
105521 299 1:0 3376
105521 47013 1:0 105642
105529 47313 1:0 105645
105534 300 1:0 6735
105549 301 1:0 10094
105550 302 1:0 13453
105550 303 1:0 16812
105562 46865 21:0 105644
105600 47020 1:0 105656
105643 95343 1:0 105643
105643 46871 21:0 105644
105643 46874 21:0 105655
105651 95342 1:0 105651
105652 304 1:0 20171
105652 305 1:0 23530
105652 306 1:0 26889
105652 259 1:0 105656
105652 257 1:0 105656
105652 49900 1:0 105665
105652 49902 1:0 105690
105653 307 1:0 30248
105653 308 1:0 33607
105653 309 1:0 36966
105653 310 1:0 40325
105654 46876 21:0 105664
105656 47025 1:0 105665
105656 47016 1:0 105665
105662 311 1:0 43684
105662 312 1:0 47043
105662 313 1:0 50402
105662 314 1:0 53761
105662 315 1:0 57120
105662 316 1:0 60479
105662 47014 1:0 105693
105662 47019 1:0 105693
105662 47748 1:0 105693
105663 46875 21:0 105667
105665 47015 1:0 105693
105665 47012 1:0 105744
105665 47017 1:0 105744
105665 47018 1:0 105803
105665 47601 1:0 105863
105666 46866 21:0 105692
105668 47172 1:0 105874
105668 49957 1:0 105874
105668 47163 1:0 105874
105668 241 1:0 105877
105668 47162 1:0 105877
105668 47164 1:0 105877
105668 47307 1:0 105877
105668 47606 1:0 105883
105668 47312 1:0 105883
105668 239 1:0 105911
105668 49959 1:0 105911
105668 221 1:0 106084
105672 47171 1:0 105911
105673 50016 1:0 106095
105688 47168 1:0 106035
105688 47308 1:0 106051
105689 47311 1:0 106095
105689 50014 1:0 106104
105689 223 1:0 106104
105691 46872 21:0 105730
105701 47461 1:0 106095
105701 47316 1:0 106104
105729 46869 21:0 105737
105736 46867 21:0 105746
105742 47318 1:0 106132
105745 46868 21:0 105746
105745 46870 21:0 105748
105747 47309 1:0 106132
105747 47310 1:0 106132
105749 50073 1:0 106272
105750 47458 1:0 106305
105750 203 1:0 106316
105750 47456 1:0 106316
105750 205 1:0 106353
105755 50071 1:0 106353
105755 47605 1:0 106493
105770 47317 1:0 106266
105771 47613 1:0 106316
105771 187 1:0 106526
105771 50128 1:0 106537
105813 47018 21:0 105865
105821 47455 1:0 106325
105821 47457 1:0 106325
105821 47464 1:0 106325
105864 95310 1:0 105864
105864 47012 21:0 105865
105864 47019 21:0 105868
105867 47025 21:0 105876
105873 47463 1:0 106353
105873 47462 1:0 106477
105874 185 1:0 106537
105874 47609 1:0 106537
105874 47610 1:0 106546
105874 47602 1:0 106546
105874 50130 1:0 106546
105874 47749 1:0 106714
105875 47020 21:0 105885
105877 47604 1:0 106574
105877 47603 1:0 106574
105877 47611 1:0 106574
105883 47608 1:0 106697
105883 47751 1:0 106747
105883 47756 1:0 106758
105883 50185 1:0 106758
105883 167 1:0 106758
105883 47757 1:0 106767
105883 50187 1:0 106767
105883 47752 1:0 106767
105883 169 1:0 106795
105883 60082 1:0 106971
105883 47897 1:0 106971
105883 50244 1:0 106971
105884 47022 21:0 105916
105886 47760 1:0 106795
105886 47750 1:0 106795
105889 47759 1:0 106938
105891 47755 1:0 106854
105894 47758 1:0 106854
105909 47894 1:0 106979
105909 65966 1:0 106979
105910 47895 1:0 106982
105910 50242 1:0 106982
105910 151 1:0 106982
105910 149 1:0 106982
105910 47900 1:0 106988
105910 48043 1:0 107192
105915 47013 21:0 105957
105917 47901 1:0 106988
105917 48044 1:0 107192
105922 47905 1:0 107016
105922 47896 1:0 107016
105922 47898 1:0 107016
105956 47017 21:0 105960
105959 47014 21:0 105967
105963 47906 1:0 107159
105966 47015 21:0 105967
105966 47016 21:0 105970
105971 47899 1:0 107074
105971 47902 1:0 107075
105976 131 1:0 107192
105976 50301 1:0 107203
105991 47907 1:0 107075
105992 47904 1:0 107075
105992 133 1:0 107203
105992 50299 1:0 107203
105993 48188 1:0 107192
106041 47168 21:0 106089
106042 47903 1:0 107075
106088 47171 21:0 106100
106094 48483 1:0 107200
106094 48048 1:0 107200
106094 48047 1:0 107203
106094 48041 1:0 107209
106094 48042 1:0 107209
106094 115 1:0 107413
106094 113 1:0 107413
106094 50413 1:0 107413
106094 48194 1:0 107421
106094 97 1:0 107424
106095 48045 1:0 107237
106095 48050 1:0 107237
106095 48046 1:0 107237
106095 48052 1:0 107371
106095 48635 1:0 107421
106099 47172 21:0 106109
106101 48053 1:0 107296
106104 48051 1:0 107296
106104 48049 1:0 107296
106104 48054 1:0 107296
106104 48630 1:0 107413
106104 48335 1:0 107424
106104 50356 1:0 107424
106104 48192 1:0 107424
106104 48488 1:0 107430
106108 47021 21:0 106159
106110 48482 1:0 107430
106110 50358 1:0 107433
106110 48191 1:0 107433
106110 48189 1:0 107433
106110 48190 1:0 107433
106110 48193 1:0 107458
106110 48342 1:0 107458
106110 48195 1:0 107458
106110 48196 1:0 107581
106114 48199 1:0 107517
106115 48339 1:0 107598
106115 50415 1:0 107630
106130 48200 1:0 107517
106143 48201 1:0 107517
106143 48198 1:0 107517
106148 48341 1:0 107642
106148 48336 1:0 107642
106158 47166 21:0 106188
106184 48197 1:0 107517
106187 47165 21:0 106210
106197 48347 1:0 107651
106197 48340 1:0 107651
106197 48338 1:0 107651
106211 95 1:0 107679
106211 77 1:0 107851
106211 50470 1:0 107855
106213 48337 1:0 107679
106213 48345 1:0 107679
106214 48344 1:0 107803
106245 47310 21:0 106267
106263 48343 1:0 107737
106265 79 1:0 107855
106272 47317 21:0 106310
106306 95244 1:0 106306
106309 47318 21:0 106321
106315 48348 1:0 107737
106315 48346 1:0 107737
106316 48484 1:0 107855
106316 48636 1:0 107855
106316 48629 1:0 107863
106316 48489 1:0 107863
106316 48487 1:0 107872
106316 48494 1:0 107872
106316 50472 1:0 107872
106316 48632 1:0 108040
106316 61 1:0 108072
106316 50529 1:0 108084
106320 47316 21:0 106330
106322 48495 1:0 107900
106322 48485 1:0 107900
106322 48486 1:0 107900
106325 48490 1:0 107959
106325 48493 1:0 107959
106325 48492 1:0 107959
106325 48491 1:0 108024
106329 47312 21:0 106330
106329 47307 21:0 106343
106331 48641 1:0 108084
106331 50527 1:0 108084
106331 48642 1:0 108093
106331 59 1:0 108093
106331 48633 1:0 108093
106333 48640 1:0 108121
106333 48631 1:0 108121
106335 48634 1:0 108121
106335 43 1:0 108308
106335 48781 1:0 108308
106342 47313 21:0 106358
106343 48639 1:0 108254
106351 50584 1:0 108297
106351 50586 1:0 108297
106351 58611 1:0 108297
106351 41 1:0 108297
106352 48637 1:0 108180
106357 47160 21:0 106404
106364 48638 1:0 108180
106364 48780 1:0 108308
106403 47309 21:0 106409
106405 50703 1:0 108305
106405 57140 1:0 108305
106405 48777 1:0 108308
106405 48782 1:0 108314
106408 47164 21:0 106409
106408 47162 21:0 106412
106410 49793 1:0 108514
106411 47163 21:0 106412
106411 47311 21:0 106422
106413 48783 1:0 108314
106413 50641 1:0 108518
106413 23 1:0 108518
106418 25 1:0 108518
106421 47308 21:0 106456
106433 48778 1:0 108342
106433 48779 1:0 108342
106433 48787 1:0 108342
106434 48788 1:0 108485
106434 48928 1:0 108529
106434 48925 1:0 108529
106435 55669 1:0 108518
106444 50643 1:0 108563
106483 47462 21:0 106531
106484 48784 1:0 108401
106530 47463 21:0 106542
106535 95210 1:0 106535
106536 48789 1:0 108401
106536 48786 1:0 108401
106537 48785 1:0 108401
106537 48776 1:0 108401
106537 48929 1:0 108526
106537 54198 1:0 108526
106537 48930 1:0 108529
106537 48926 1:0 108529
106537 48927 1:0 108563
106541 47464 21:0 106551
106543 48923 1:0 108535
106543 48924 1:0 108535
106543 293 1:0 108735
106543 7 1:0 108739
106543 50698 1:0 108739
106546 48934 1:0 108563
106546 48931 1:0 108622
106546 48933 1:0 108622
106546 48936 1:0 108707
106550 47461 21:0 106601
106552 48932 1:0 108622
106552 48935 1:0 108622
106552 52727 1:0 108739
106552 51256 1:0 108747
106554 49077 1:0 108747
106554 49076 1:0 108750
106556 50700 1:0 108750
106556 5 1:0 108750
106556 49074 1:0 108750
106557 298 1:0 108759
106557 49073 1:0 108759
106557 49072 1:0 108759
106572 49070 1:0 108759
106572 49075 1:0 108759
106572 49785 1:0 108784
106573 49071 1:0 108784
106573 49172 1:0 108968
106573 49173 1:0 108969
106585 49079 1:0 108908
106590 49078 1:0 108907
106600 47460 21:0 106630
106626 49080 1:0 108917
106629 47459 21:0 106653
106639 49081 1:0 108918
106654 49083 1:0 108926
106655 49082 1:0 108927
106674 47603 21:0 106706
106707 47608 21:0 106752
106751 47611 21:0 106763
106755 95176 1:0 106755
106762 47610 21:0 106772
106771 47609 21:0 106832
106831 47604 21:0 106835
106834 47602 21:0 106844
106843 47455 21:0 106851
106850 47457 21:0 106851
106895 47750 21:0 106927
106926 47752 21:0 106942
106948 47759 21:0 106973
106969 47755 0:0 106970
106969 47758 0:0 106970
106972 47760 21:0 106984
106983 47757 21:0 106993
106987 95142 1:0 106987
106992 47756 21:0 107062
107061 47456 21:0 107065
107064 47458 21:0 107072
107071 47751 21:0 107072
107169 47906 21:0 107194
107189 47899 0:0 107191
107190 47907 0:0 107191
107190 47902 0:0 107191
107190 47903 0:0 107191
107190 47904 0:0 107191
107193 47613 21:0 107205
107198 95111 1:0 107198
107204 47905 21:0 107214
107213 47900 21:0 107214
107213 47901 21:0 107239
107238 47895 21:0 107242
107241 47894 21:0 107293
107292 47896 21:0 107293
107377 48052 21:0 107415
107410 48051 0:0 107412
107410 48053 0:0 107412
107410 48049 0:0 107412
107411 48054 0:0 107412
107414 48050 21:0 107426
107418 95077 1:0 107418
107425 48041 21:0 107426
107425 48042 21:0 107432
107431 48047 21:0 107432
107431 48045 21:0 107432
107431 48048 21:0 107435
107434 47606 21:0 107435
107434 47898 21:0 107448
107447 47601 21:0 107463
107462 47748 21:0 107509
107508 48046 21:0 107514
107513 47897 21:0 107514
107591 48196 21:0 107636
107631 48198 0:0 107633
107632 48197 0:0 107633
107632 48199 0:0 107633
107632 48200 0:0 107633
107632 48201 0:0 107633
107635 48195 21:0 107644
107639 95044 1:0 107639
107643 48189 21:0 107644
107643 48194 21:0 107647
107646 48190 21:0 107647
107646 48188 21:0 107647
107646 48193 21:0 107647
107646 47607 21:0 107653
107652 48191 21:0 107653
107652 47314 21:0 107681
107680 47754 21:0 107684
107683 47753 21:0 107735
107734 48192 21:0 107735
107809 48344 21:0 107857
107852 48343 0:0 107854
107853 48346 0:0 107854
107853 48348 0:0 107854
107856 48345 21:0 107868
107867 48347 21:0 107877
107871 95010 1:0 107871
107876 48336 21:0 107877
107876 48341 21:0 107877
107876 48337 21:0 107899
107898 48342 21:0 107905
107904 48335 21:0 107956
107955 48340 21:0 107956
107955 48338 21:0 107957
108030 48491 21:0 108078
108073 48490 0:0 108075
108073 48492 0:0 108075
108074 94980 1:0 108074
108074 48493 0:0 108075
108077 48495 21:0 108089
108082 94979 1:0 108082
108088 48494 21:0 108098
108092 94977 1:0 108092
108097 48489 21:0 108098
108097 48482 21:0 108098
108097 48488 21:0 108126
108125 48486 21:0 108126
108125 48483 21:0 108177
108176 48485 21:0 108177
108231 48634 21:0 108255
108264 48639 21:0 108299
108295 48637 0:0 108296
108295 48638 0:0 108296
108298 48640 21:0 108310
108302 94945 1:0 108302
108303 94946 1:0 108303
108309 48642 21:0 108319
108318 48641 21:0 108382
108381 48629 21:0 108398
108495 48788 21:0 108520
108515 48776 0:0 108517
108516 48786 0:0 108517
108516 48784 0:0 108517
108516 48785 0:0 108517
108516 48789 0:0 108517
108519 48787 21:0 108531
108523 94912 1:0 108523
108530 48783 21:0 108531
108530 48636 21:0 108537
108534 94911 1:0 108534
108536 48782 21:0 108537
108536 48779 21:0 108540
108539 48631 21:0 108540
108539 48635 21:0 108540
108539 48777 21:0 108565
108564 48630 21:0 108568
108567 48778 21:0 108600
108599 47600 21:0 108619
108713 48936 21:0 108741
108736 48932 0:0 108738
108736 48931 0:0 108738
108736 48935 0:0 108738
108736 48933 0:0 108738
108740 48934 21:0 108752
108744 94879 1:0 108744
108745 94880 1:0 108745
108751 48924 21:0 108752
108751 48923 21:0 108758
108757 48930 21:0 108758
108757 48929 21:0 108761
108760 47465 21:0 108840
108839 48927 21:0 108840
108839 48781 21:0 108843
108842 48926 21:0 108843
108842 48780 21:0 108843
108927 49078 0:0 108957
108932 49080 0:0 108957
108937 49082 0:0 108957
108956 49083 0:0 108957
108956 49081 0:0 108957
108956 49071 21:0 108957
108975 49173 21:0 131
