85 15404 0:0 87
86 15403 0:0 87
86 15405 0:0 87
86 15406 0:0 87
86 15407 0:0 87
90 15401 0:0 91
90 15394 0:0 91
94 15395 0:0 95
94 15400 21:0 123
94 341 0:0 123
141 15569 21:0 149
146 15571 0:0 149
146 15570 0:0 149
149 15572 21:0 215
217 15602 0:0 220
222 15604 21:0 280
224 15603 0:0 225
279 15605 0:0 291
293 15635 21:0 301
298 15636 0:0 301
298 15637 0:0 301
301 15638 21:0 367
369 15668 0:0 372
374 15669 21:0 432
376 15670 0:0 377
431 15671 0:0 443
445 15701 0:0 448
450 15703 21:0 508
452 15702 0:0 453
507 15704 0:0 519
521 15734 0:0 524
526 15735 21:0 584
528 15736 0:0 529
583 15737 0:0 595
597 15767 0:0 600
602 15769 21:0 660
604 15768 0:0 605
659 15770 0:0 671
673 15800 0:0 676
678 15801 21:0 736
680 15802 0:0 681
735 15803 0:0 747
749 15833 21:0 757
756 15835 0:0 757
756 15834 21:0 823
821 15836 0:0 823
825 15866 21:0 833
830 15867 0:0 833
830 15868 0:0 833
833 15869 21:0 899
901 15899 0:0 904
906 15901 21:0 964
908 15900 0:0 909
963 15902 0:0 975
977 15932 21:0 985
982 15934 0:0 985
982 15933 0:0 985
985 15935 21:0 1051
1053 15965 21:0 1061
1060 15967 0:0 1061
1060 15966 0:0 1061
1061 15968 21:0 1127
1129 15998 21:0 1137
1136 16000 0:0 1137
1136 15999 21:0 1203
1201 16001 0:0 1203
1205 16031 0:0 1208
1210 16032 21:0 1221
1212 16033 0:0 1213
1220 16034 21:0 1248
1289 16067 21:0 1355
1433 16130 21:0 1441
1461 16143 21:0 1471
1499 16130 1:0 1506
1500 16067 1:0 1734
1500 16034 1:0 1856
1508 16032 1:0 1862
1508 16033 1:0 1863
1518 16031 1:0 1872
1621 16001 1:0 1978
1622 15999 1:0 1984
1630 16000 1:0 1985
1630 15998 1:0 1994
1636 15968 1:0 2100
1655 15967 1:0 2107
1743 15966 1:0 2106
1744 15965 1:0 2116
1752 15935 1:0 2222
1752 15934 1:0 2229
1758 15933 1:0 2228
1761 16288 21:0 1783
1865 15932 1:0 2238
1866 15902 1:0 2344
1866 15901 1:0 2351
1874 15900 1:0 2350
1874 15899 1:0 2360
1884 15869 1:0 2466
1987 15867 1:0 2472
1988 15868 1:0 2473
1988 15866 1:0 2482
1996 15836 1:0 2588
2002 15834 1:0 2594
2005 16402 21:0 2027
2020 15835 1:0 2595
2109 15833 1:0 2604
2110 15803 1:0 2710
2118 15801 1:0 2716
2118 15802 1:0 2717
2124 15800 1:0 2726
2230 16509 21:0 2234
2231 15770 1:0 2832
2232 15768 1:0 2838
2232 15769 1:0 2839
2240 15767 1:0 2848
2240 15737 1:0 2954
2246 15735 1:0 2960
2353 15736 1:0 2961
2354 15734 1:0 2970
2354 15704 1:0 3076
2362 16570 21:0 2364
2362 15702 1:0 3082
2362 15703 1:0 3083
2368 15701 1:0 3092
2475 15671 1:0 3198
2476 15669 1:0 3204
2476 15670 1:0 3205
2484 15668 1:0 3214
2490 15638 1:0 3320
2508 15637 1:0 3327
2596 16680 21:0 2600
2597 15636 1:0 3326
2598 15635 1:0 3336
2606 16684 21:0 2608
2606 15605 1:0 3442
2606 15604 1:0 3449
2612 15603 1:0 3448
2630 15602 1:0 3458
2631 335 1:0 3684
2719 15572 1:0 3564
2720 15570 1:0 3570
2728 15571 1:0 3571
2728 15569 1:0 3580
2840 16794 21:0 2844
2981 16858 21:0 3003
3103 16915 21:0 3125
3216 16969 21:0 3218
3338 17026 21:0 3340
3347 17029 21:0 3369
3460 17083 21:0 3462
3591 17143 21:0 3613
3682 334 21:0 3732
3732 17203 21:0 3748
3747 17198 21:0 3748
3750 17220 0:0 3753
3755 17222 21:0 3813
3757 17221 0:0 3758
3806 17232 0:0 3808
3812 17223 0:0 3824
3812 17239 21:0 3824
3823 17212 21:0 3824
3826 17253 0:0 3829
3831 17254 21:0 3889
3833 17255 0:0 3834
3888 17256 0:0 3900
3902 17286 21:0 3910
3909 17287 0:0 3910
3909 17285 0:0 3910
3909 17288 21:0 3976
3974 17289 0:0 3976
3978 17319 21:0 3986
3983 17321 0:0 3986
3985 17320 0:0 3986
3986 17322 21:0 4052
4051 17330 21:0 4057
4054 17352 0:0 4057
4056 17331 21:0 4057
4059 17354 21:0 4117
4061 17353 0:0 4062
4116 17355 0:0 4128
4116 17302 21:0 4128
4127 65 21:0 4128
4127 17306 21:0 4133
4130 17385 0:0 4133
4132 17350 21:0 4133
4135 17387 21:0 4193
4137 17386 0:0 4138
4192 17397 21:0 4204
4192 17388 0:0 4204
4203 17377 21:0 4204
4206 17418 21:0 4214
4213 17419 0:0 4214
4213 17420 21:0 4280
4278 17421 0:0 4280
4282 17451 21:0 4290
4287 17453 0:0 4290
4289 17452 0:0 4290
4290 17454 21:0 4356
4358 17484 21:0 4366
4363 17486 0:0 4366
4363 17485 0:0 4366
4365 159 0:0 4366
4366 17487 21:0 4432
4434 17517 21:0 4442
4439 17518 0:0 4442
4441 17519 0:0 4442
4442 17520 21:0 4508
4510 17550 21:0 4518
4517 17552 0:0 4518
4517 17551 21:0 4584
4582 17553 0:0 4584
4586 17583 21:0 4594
4593 17584 0:0 4594
4593 17585 21:0 4660
4658 17586 0:0 4660
4662 17616 21:0 4670
4669 17617 0:0 4670
4669 17618 21:0 4736
4682 17608 0:0 4684
4734 17619 0:0 4736
4738 17649 21:0 4746
4745 17650 0:0 4746
4745 17651 21:0 4812
4810 17652 0:0 4812
4814 17682 21:0 4822
4821 17684 0:0 4822
4821 17683 21:0 4888
4886 17685 0:0 4888
4890 17715 21:0 4898
4897 17717 0:0 4898
4897 17716 21:0 4964
4962 17718 0:0 4964
4966 17748 21:0 4974
4973 17750 0:0 4974
4973 17749 21:0 5040
5038 17751 0:0 5040
5039 137 21:0 5045
5044 17449 21:0 5045
5044 17687 21:0 5050
5049 17768 21:0 5050
5049 17462 21:0 5065
5070 17794 21:0 5080
5079 17566 21:0 5103
5102 119 21:0 5103
5111 17768 1:0 5149
5112 17751 1:0 5232
5112 17749 1:0 5239
5121 17750 1:0 5240
5121 17748 1:0 5250
5127 17718 1:0 5363
5148 17716 1:0 5370
5242 17717 1:0 5371
5243 17715 1:0 5381
5243 16288 1:0 5390
5251 16228 21:0 5254
5252 17687 1:0 5478
5252 17685 1:0 5494
5252 17683 1:0 5501
5258 17684 1:0 5502
5261 16231 21:0 5285
5278 17682 1:0 5512
5373 17652 1:0 5625
5374 17650 1:0 5632
5374 17651 1:0 5633
5383 17649 1:0 5643
5383 16402 1:0 5652
5383 17619 1:0 5756
5391 17618 1:0 5764
5422 17617 1:0 5763
5504 17616 1:0 5774
5505 17608 1:0 5789
5505 16509 1:0 5887
5505 17586 1:0 5887
5514 17584 1:0 5894
5514 17585 1:0 5895
5522 17583 1:0 5905
5523 16345 21:0 5547
5525 17566 1:0 5944
5553 17553 1:0 6018
5635 16570 1:0 6018
5636 17551 1:0 6025
5636 17552 1:0 6026
5645 17550 1:0 6036
5645 17520 1:0 6149
5651 17518 1:0 6156
5672 17519 1:0 6157
5766 17517 1:0 6167
5767 17487 1:0 6280
5767 16684 1:0 6291
5776 16680 1:0 6286
5776 17485 1:0 6287
5776 17486 1:0 6288
5776 159 1:0 6293
5784 17484 1:0 6298
5787 17462 1:0 6303
5897 17454 1:0 6411
5898 17452 1:0 6418
5898 17453 1:0 6419
5907 17451 1:0 6429
5907 137 1:0 6433
5907 17449 1:0 6439
5907 16794 1:0 6542
5913 17421 1:0 6542
5916 16516 21:0 5940
5933 17420 1:0 6550
6026 16566 21:0 6031
6028 17419 1:0 6549
6029 17418 1:0 6560
6029 119 1:0 6564
6029 17397 1:0 6625
6029 17388 1:0 6673
6038 17386 1:0 6680
6038 17387 1:0 6681
6046 17385 1:0 6691
6047 16573 21:0 6071
6049 16858 1:0 6700
6064 17377 1:0 6706
6157 16623 21:0 6162
6159 17355 1:0 6804
6160 17353 1:0 6811
6160 17354 1:0 6812
6160 17350 1:0 6818
6169 17352 1:0 6822
6169 16915 1:0 6824
6169 17331 1:0 6824
6169 17330 1:0 6827
6175 17322 1:0 6935
6178 16630 21:0 6202
6195 17320 1:0 6942
6196 16969 1:0 6946
6290 17321 1:0 6943
6291 17319 1:0 6953
6291 65 1:0 6957
6291 17306 1:0 6983
6291 17302 1:0 6992
6291 17026 1:0 7066
6300 17289 1:0 7066
6300 17288 1:0 7074
6306 17285 1:0 7077
6309 16687 21:0 6333
6311 17287 1:0 7073
6339 17286 1:0 7084
6421 17029 1:0 7093
6422 17256 1:0 7197
6422 17254 1:0 7204
6431 17255 1:0 7205
6431 17083 1:0 7214
6431 17253 1:0 7215
6437 17239 1:0 7254
6437 17232 1:0 7280
6440 16744 21:0 6464
6457 17223 1:0 7328
6552 17222 1:0 7336
6553 17221 1:0 7335
6553 17220 1:0 7346
6553 17212 1:0 7351
6561 16798 21:0 6564
6562 17143 1:0 7355
6562 17198 1:0 7376
6562 17203 1:0 7385
6562 336 1:0 7457
6692 16855 21:0 6695
6812 16908 21:0 6817
7205 17079 21:0 7210
7226 17086 21:0 7250
7455 335 21:0 7505
7518 18869 21:0 7521
7523 18871 0:0 7526
7528 18872 21:0 7586
7530 18873 0:0 7531
7585 18883 21:0 7597
7585 18874 0:0 7597
7596 18890 21:0 7597
7597 29 21:0 7602
7599 18904 0:0 7602
7604 18905 21:0 7662
7606 18906 0:0 7607
7661 18907 0:0 7673
7661 33 21:0 7673
7672 18920 21:0 7673
7672 31 21:0 7678
7675 18937 0:0 7678
7677 47 21:0 7678
7680 18938 21:0 7738
7682 18939 0:0 7683
7737 18940 0:0 7749
7737 18956 21:0 7749
7748 49 21:0 7749
7748 18968 21:0 7754
7751 18970 0:0 7754
7756 18972 21:0 7814
7758 18971 0:0 7759
7813 69 21:0 7825
7813 18973 0:0 7825
7824 67 21:0 7825
7827 19003 21:0 7835
7832 19005 0:0 7835
7832 19004 0:0 7835
7835 19006 21:0 7901
7903 19036 21:0 7911
7910 19038 0:0 7911
7910 19037 0:0 7911
7911 19039 21:0 7977
7976 18995 21:0 7982
7979 19069 0:0 7982
7981 19047 21:0 7982
7984 19071 21:0 8042
7986 19070 0:0 7987
8041 19088 21:0 8053
8041 19072 0:0 8053
8052 19074 21:0 8053
8055 19102 21:0 8063
8062 19103 0:0 8063
8062 19104 21:0 8129
8127 19105 0:0 8129
8131 19135 21:0 8139
8138 19137 0:0 8139
8138 19136 21:0 8205
8203 19138 0:0 8205
8207 19168 21:0 8215
8214 19170 0:0 8215
8214 19169 0:0 8215
8215 19171 21:0 8281
8283 19201 21:0 8291
8290 19203 0:0 8291
8290 19202 21:0 8357
8355 19204 0:0 8357
8359 19234 21:0 8367
8366 19235 0:0 8367
8366 19236 0:0 8367
8367 19237 21:0 8433
8435 19267 21:0 8443
8442 19269 0:0 8443
8442 19268 21:0 8509
8507 19270 0:0 8509
8511 19300 21:0 8519
8518 19302 0:0 8519
8518 19301 21:0 8585
8583 19303 0:0 8585
8587 19333 21:0 8595
8594 19335 0:0 8595
8594 19334 21:0 8661
8659 19336 0:0 8661
8663 19366 21:0 8671
8670 19368 0:0 8671
8670 19367 21:0 8737
8735 19369 0:0 8737
8739 19399 21:0 8747
8746 19401 0:0 8747
8746 19400 21:0 8813
8811 19402 0:0 8813
8812 121 21:0 8818
8817 19432 21:0 8838
8843 19445 21:0 8853
8884 19432 1:0 8892
8885 19402 1:0 9005
8885 16228 1:0 9005
8894 19400 1:0 9012
8894 19401 1:0 9013
8900 19399 1:0 9023
8902 16231 1:0 9032
8933 19369 1:0 9136
9015 19367 1:0 9143
9016 19368 1:0 9144
9025 19366 1:0 9154
9025 19336 1:0 9267
9031 19334 1:0 9274
9034 16231 21:0 9058
9051 19335 1:0 9275
9144 16281 21:0 9149
9146 19333 1:0 9285
9146 16345 1:0 9294
9147 19303 1:0 9398
9147 19301 1:0 9405
9155 16285 21:0 9158
9156 19302 1:0 9406
9156 19300 1:0 9416
9162 19270 1:0 9529
9165 16288 21:0 9189
9182 19268 1:0 9536
9277 19269 1:0 9537
9278 19267 1:0 9547
9278 19237 1:0 9660
9287 19235 1:0 9667
9287 19236 1:0 9668
9293 19234 1:0 9678
9295 16516 1:0 9687
9298 16566 1:0 9791
9406 16395 21:0 9411
9408 19204 1:0 9791
9409 19202 1:0 9798
9409 19203 1:0 9799
9417 16399 21:0 9420
9418 19201 1:0 9809
9418 16573 1:0 9814
9418 19171 1:0 9922
9424 16623 1:0 9928
9424 19170 1:0 9930
9445 19169 1:0 9929
9539 19168 1:0 9940
9539 16630 1:0 9949
9540 19138 1:0 10053
9549 19136 1:0 10060
9549 19137 1:0 10061
9555 19135 1:0 10071
9555 16687 1:0 10080
9558 16459 21:0 9582
9576 19105 1:0 10184
9670 19104 1:0 10192
9671 19103 1:0 10191
9671 19102 1:0 10202
9680 16744 1:0 10211
9680 121 1:0 10232
9680 19088 1:0 10241
9680 19074 1:0 10299
9680 19072 1:0 10315
9688 19071 1:0 10323
9689 16516 21:0 9713
9707 19070 1:0 10322
9799 16566 21:0 9804
9801 16798 1:0 10332
9801 19069 1:0 10333
9802 19047 1:0 10338
9802 19039 1:0 10446
9802 16855 1:0 10457
9811 19037 1:0 10453
9811 19038 1:0 10454
9817 19036 1:0 10464
9838 19006 1:0 10577
9850 16908 1:0 10583
9932 19004 1:0 10584
9933 19005 1:0 10585
9942 19003 1:0 10595
9942 18995 1:0 10610
9942 18973 1:0 10708
9942 67 1:0 10708
9950 18972 1:0 10716
9981 18971 1:0 10715
10063 69 1:0 10721
10064 18970 1:0 10726
10064 18968 1:0 10736
10064 18956 1:0 10765
10064 49 1:0 10839
10073 18940 1:0 10839
10073 18938 1:0 10846
10079 18939 1:0 10847
10082 16687 21:0 10106
10099 18937 1:0 10857
10100 47 1:0 10861
10100 17079 1:0 10887
10112 18920 1:0 10896
10194 18907 1:0 10970
10195 31 1:0 10970
10195 18905 1:0 10977
10204 18906 1:0 10978
10204 33 1:0 10983
10204 18904 1:0 10988
10210 29 1:0 10992
10210 17086 1:0 10997
10210 18890 1:0 11018
10212 18883 1:0 11053
10243 18874 1:0 11101
10325 18872 1:0 11108
10326 18873 1:0 11109
10326 337 1:0 11230
10334 16798 21:0 10337
10335 18871 1:0 11119
10335 18869 1:0 11129
10596 16912 21:0 10599
11228 336 21:0 11278
11283 20509 21:0 11294
11296 20522 0:0 11299
11301 20523 21:0 11359
11303 20524 0:0 11304
11358 20514 21:0 11370
11358 20525 0:0 11370
11369 20542 21:0 11370
11369 20541 21:0 11375
11372 20555 0:0 11375
11374 20553 21:0 11375
11377 20557 21:0 11435
11379 20556 0:0 11380
11434 20571 21:0 11446
11434 20558 0:0 11446
11445 20527 21:0 11446
11448 20588 21:0 11456
11453 20589 0:0 11456
11455 20590 0:0 11456
11456 20591 21:0 11522
11521 20587 21:0 11527
11524 20621 0:0 11527
11529 20622 21:0 11587
11531 20623 0:0 11532
11586 20624 0:0 11598
11586 20633 21:0 11598
11597 20620 21:0 11598
11600 20654 21:0 11608
11607 20656 0:0 11608
11607 20655 21:0 11674
11672 20657 0:0 11674
11676 20687 21:0 11684
11683 20689 0:0 11684
11683 20688 21:0 11750
11748 20690 0:0 11750
11752 20720 21:0 11760
11759 20721 0:0 11760
11759 20722 21:0 11826
11824 20723 0:0 11826
11825 105 21:0 11831
11828 20753 0:0 11831
11830 83 21:0 11831
11833 20755 21:0 11891
11835 20754 0:0 11836
11890 20756 0:0 11902
11890 20745 21:0 11902
11901 20719 21:0 11902
11901 123 21:0 11907
11904 20786 0:0 11907
11906 20646 21:0 11907
11909 20787 21:0 11967
11911 20788 0:0 11912
11966 20789 0:0 11978
11966 20797 21:0 11978
11977 159 21:0 11978
11977 20739 21:0 11983
11980 20819 0:0 11983
11982 20738 21:0 11983
11985 20821 21:0 12043
11987 20820 0:0 11988
12042 20822 0:0 12054
12042 20835 21:0 12054
12053 20692 21:0 12054
12056 20852 21:0 12064
12063 20853 0:0 12064
12063 20854 21:0 12130
12128 20855 0:0 12130
12129 20883 21:0 12135
12132 20885 0:0 12135
12134 20839 21:0 12135
12137 20886 21:0 12195
12139 20887 0:0 12140
12194 20888 0:0 12206
12194 20896 21:0 12206
12205 20904 21:0 12206
12208 20918 21:0 12216
12215 20919 0:0 12216
12215 20920 21:0 12282
12280 20921 0:0 12282
12284 20951 21:0 12292
12291 20952 0:0 12292
12291 20953 21:0 12358
12356 20954 0:0 12358
12360 20984 21:0 12368
12367 20985 0:0 12368
12367 20986 21:0 12434
12432 20987 0:0 12434
12436 21017 21:0 12444
12443 21019 0:0 12444
12443 21018 21:0 12510
12508 21020 0:0 12510
12512 21050 21:0 12520
12519 21051 21:0 12586
12585 21052 21:0 12596
12595 20772 21:0 12611
12616 21096 21:0 12626
12625 20868 21:0 12649
12648 20870 21:0 12649
12657 21052 1:0 12778
12658 21051 1:0 12785
12667 21050 1:0 12796
12667 16231 1:0 12805
12667 16285 1:0 12880
12667 16281 1:0 12909
12673 21020 1:0 12909
12678 21018 1:0 12916
12788 21019 1:0 12917
12789 21017 1:0 12927
12789 16288 1:0 12936
12789 20987 1:0 13040
12798 20985 1:0 13047
12798 20986 1:0 13048
12806 20984 1:0 13058
12809 16395 1:0 13142
12919 20954 1:0 13171
12919 16399 1:0 13171
12920 20952 1:0 13178
12920 20953 1:0 13179
12928 16285 21:0 12931
12929 20951 1:0 13189
12929 20921 1:0 13302
12935 20920 1:0 13310
12956 20919 1:0 13309
13050 20918 1:0 13320
13050 16459 1:0 13329
13051 20904 1:0 13359
13051 20896 1:0 13412
13051 20888 1:0 13433
13060 20886 1:0 13440
13060 20887 1:0 13441
13068 20885 1:0 13451
13071 20870 1:0 13456
13086 16516 1:0 13460
13087 20883 1:0 13461
13099 20868 1:0 13490
13181 20855 1:0 13564
13182 16566 1:0 13564
13182 20854 1:0 13572
13191 20853 1:0 13571
13191 20852 1:0 13582
13191 20839 1:0 13612
13197 20835 1:0 13621
13202 20822 1:0 13695
13312 20821 1:0 13703
13313 20820 1:0 13702
13313 20819 1:0 13713
13313 20797 1:0 13805
13322 20789 1:0 13826
13322 20787 1:0 13833
13330 20788 1:0 13834
13331 16459 21:0 13355
13333 159 1:0 13839
13361 20786 1:0 13844
13443 16687 1:0 13853
13443 20772 1:0 13883
13444 20756 1:0 13957
13444 20755 1:0 13965
13452 16513 21:0 13455
13453 20754 1:0 13964
13453 20753 1:0 13975
13456 16798 1:0 13977
13459 20738 1:0 13980
13459 20745 1:0 13990
13459 20739 1:0 14008
13461 123 1:0 14059
13464 20719 1:0 14088
13574 20723 1:0 14088
13575 20721 1:0 14095
13575 20722 1:0 14096
13583 16570 21:0 13586
13584 20720 1:0 14106
13584 20692 1:0 14190
13584 20690 1:0 14219
13587 105 1:0 14219
13592 20688 1:0 14226
13623 20689 1:0 14227
13705 20687 1:0 14237
13706 16912 1:0 14350
13706 20657 1:0 14350
13714 16627 21:0 13717
13715 20655 1:0 14357
13715 20656 1:0 14358
13721 20654 1:0 14368
13721 83 1:0 14372
13723 20646 1:0 14383
13726 20633 1:0 14433
13836 20624 1:0 14481
13836 20620 1:0 14481
13837 20622 1:0 14488
13837 20623 1:0 14489
13846 20621 1:0 14499
13846 20591 1:0 14612
13854 20589 1:0 14619
13885 20590 1:0 14620
13967 20587 1:0 14623
13968 20588 1:0 14630
13968 20571 1:0 14669
13968 20558 1:0 14743
13977 20556 1:0 14750
13977 20557 1:0 14751
13985 20555 1:0 14761
13988 20542 1:0 14791
14003 20553 1:0 14771
14004 20541 1:0 14800
14098 20527 1:0 14858
14098 20525 1:0 14874
14099 20523 1:0 14881
14107 16798 21:0 14110
14108 20524 1:0 14882
14108 20522 1:0 14892
14108 20514 1:0 14907
14108 20509 1:0 14922
14111 338 1:0 15003
14227 16851 21:0 14232
14489 16965 21:0 14494
14500 16969 21:0 14503
14510 16972 21:0 14534
14882 17136 21:0 14887
15001 337 21:0 15051
15058 338 21:0 15067
15066 22159 21:0 15067
15069 22173 21:0 15077
15076 22174 0:0 15077
15076 22175 21:0 15143
15141 22176 0:0 15143
15142 22193 21:0 15148
15145 22206 0:0 15148
15147 29 21:0 15148
15150 22207 21:0 15208
15152 22208 0:0 15153
15207 22209 0:0 15219
15216 22237 21:0 15219
15218 33 21:0 15219
15218 22226 21:0 15224
15221 22239 0:0 15224
15223 22211 21:0 15224
15226 22241 21:0 15284
15228 22240 0:0 15229
15283 51 21:0 15295
15283 22242 0:0 15295
15294 22238 21:0 15295
15297 22272 0:0 15300
15302 22274 21:0 15360
15304 22273 0:0 15305
15359 22290 21:0 15371
15359 22275 0:0 15371
15370 22283 21:0 15371
15373 22305 21:0 15381
15380 22307 0:0 15381
15380 22306 0:0 15381
15381 22308 21:0 15447
15449 22338 21:0 15457
15456 22340 0:0 15457
15456 22339 21:0 15523
15521 22341 0:0 15523
15525 22371 21:0 15533
15532 22372 0:0 15533
15532 22373 21:0 15599
15597 22374 0:0 15599
15601 22404 21:0 15609
15608 22406 0:0 15609
15608 22405 0:0 15609
15609 22407 21:0 15675
15674 22424 21:0 15680
15677 22437 0:0 15680
15679 22350 21:0 15680
15682 22439 21:0 15740
15684 22438 0:0 15685
15739 22387 21:0 15751
15739 22440 0:0 15751
15750 22453 21:0 15751
15753 22470 21:0 15761
15760 22471 0:0 15761
15760 22472 21:0 15827
15825 22473 0:0 15827
15829 22503 21:0 15837
15836 22505 0:0 15837
15836 22504 21:0 15903
15901 22506 0:0 15903
15903 209 21:0 15908
15905 22536 0:0 15908
15907 22486 21:0 15908
15910 22538 21:0 15968
15912 22537 0:0 15913
15967 22539 0:0 15979
15967 22481 21:0 15979
15978 195 21:0 15979
15981 22569 21:0 15989
15988 22571 0:0 15989
15988 22570 21:0 16055
16053 22572 0:0 16055
16057 22602 21:0 16065
16064 22604 0:0 16065
16064 22603 21:0 16131
16129 22605 0:0 16131
16133 22635 21:0 16141
16140 22636 0:0 16141
16140 22637 21:0 16207
16205 22638 0:0 16207
16209 22668 21:0 16217
16216 22669 0:0 16217
16216 22670 21:0 16283
16281 22671 0:0 16283
16285 22701 21:0 16293
16292 22702 0:0 16293
16292 22703 21:0 16359
16357 22704 0:0 16359
16361 22734 21:0 16369
16389 22747 21:0 16399
16398 22647 21:0 16422
16421 22304 21:0 16422
16430 22734 1:0 16438
16431 22704 1:0 16551
16440 22702 1:0 16558
16440 22703 1:0 16559
16446 22701 1:0 16569
16446 16285 1:0 16682
16449 16174 21:0 16473
16467 22671 1:0 16682
16561 22670 1:0 16690
16562 22669 1:0 16689
16562 22668 1:0 16700
16571 22647 1:0 16765
16571 22638 1:0 16813
16577 22637 1:0 16821
16580 16231 21:0 16604
16582 22636 1:0 16820
16610 22635 1:0 16831
16692 22605 1:0 16944
16693 22603 1:0 16951
16702 22604 1:0 16952
16702 22602 1:0 16962
16708 22572 1:0 17075
16711 16288 21:0 16735
16728 22570 1:0 17082
16823 22571 1:0 17083
16824 22569 1:0 17093
16824 16459 1:0 17102
16824 22539 1:0 17206
16833 22537 1:0 17213
16833 22538 1:0 17214
16841 22536 1:0 17224
16844 16513 1:0 17223
16859 209 1:0 17228
16860 195 1:0 17308
16954 22506 1:0 17337
16954 16570 1:0 17337
16955 22504 1:0 17344
16964 22505 1:0 17345
16964 22503 1:0 17355
16964 16627 1:0 17385
16964 22486 1:0 17394
16970 22481 1:0 17447
16975 22473 1:0 17468
17085 22472 1:0 17476
17086 22471 1:0 17475
17086 22470 1:0 17486
17086 22453 1:0 17525
17095 22440 1:0 17599
17095 22439 1:0 17607
17103 22438 1:0 17606
17134 22437 1:0 17617
17216 22424 1:0 17622
17217 22407 1:0 17730
17217 22406 1:0 17738
17225 16513 21:0 17228
17226 22405 1:0 17737
17226 22404 1:0 17748
17226 22387 1:0 17787
17229 16798 1:0 17861
17234 22374 1:0 17861
17265 22373 1:0 17869
17347 22372 1:0 17868
17348 22371 1:0 17879
17348 22350 1:0 17944
17348 16851 1:0 17992
17357 22341 1:0 17992
17357 22339 1:0 17999
17365 22340 1:0 18000
17396 22338 1:0 18010
17476 16623 21:0 17481
17478 22308 1:0 18123
17479 22306 1:0 18130
17487 16627 21:0 17490
17488 22307 1:0 18131
17488 22304 1:0 18134
17488 22305 1:0 18141
17488 16965 1:0 18171
17488 22290 1:0 18180
17491 22283 1:0 18233
17496 22275 1:0 18254
17527 22274 1:0 18262
17607 16680 21:0 17612
17609 22273 1:0 18261
17610 16969 1:0 18271
17610 22272 1:0 18272
17610 16972 1:0 18281
17619 22242 1:0 18385
17619 22238 1:0 18385
17619 22241 1:0 18393
17627 22240 1:0 18392
17630 51 1:0 18398
17738 16737 21:0 17743
17740 22239 1:0 18403
17740 22237 1:0 18413
17740 22226 1:0 18433
17741 22211 1:0 18500
17741 22209 1:0 18516
17750 22207 1:0 18523
17750 22208 1:0 18524
17750 33 1:0 18529
17756 22206 1:0 18534
17756 29 1:0 18538
17758 22193 1:0 18564
17761 17136 1:0 18647
17776 339 1:0 18776
17871 22176 1:0 18647
17872 22174 1:0 18654
17872 22175 1:0 18655
17881 22173 1:0 18665
17881 22159 1:0 18698
17881 338 1:0 18749
18021 16858 21:0 18045
18152 16915 21:0 18176
18262 16965 21:0 18267
18414 17029 21:0 18438
18666 17140 21:0 18669
18774 338 21:0 18824
18842 23824 21:0 18850
18849 23825 0:0 18850
18849 23826 21:0 18916
18914 23827 0:0 18916
18915 23842 21:0 18921
18918 23857 0:0 18921
18920 29 21:0 18921
18923 23858 21:0 18981
18925 23859 0:0 18926
18980 23836 21:0 18992
18980 23860 0:0 18992
18991 11 21:0 18992
18994 23890 21:0 19002
19001 23891 0:0 19002
19001 23892 0:0 19002
19002 23893 21:0 19068
19070 23923 21:0 19078
19077 23924 0:0 19078
19077 23925 0:0 19078
19078 23926 21:0 19144
19146 23956 21:0 19154
19153 23957 0:0 19154
19153 23958 0:0 19154
19154 23959 21:0 19220
19219 23906 21:0 19225
19222 23989 0:0 19225
19224 23987 21:0 19225
19227 23991 21:0 19285
19229 23990 0:0 19230
19284 23981 21:0 19296
19284 23992 0:0 19296
19295 85 21:0 19296
19298 24022 21:0 19306
19305 24023 0:0 19306
19305 24024 21:0 19372
19370 24025 0:0 19372
19374 24055 21:0 19382
19381 24057 0:0 19382
19381 24056 0:0 19382
19382 24058 21:0 19448
19447 24007 21:0 19453
19450 24088 0:0 19453
19452 23988 21:0 19453
19455 24089 21:0 19513
19457 24090 0:0 19458
19512 24106 21:0 19524
19512 24091 0:0 19524
19523 24040 21:0 19524
19523 23948 21:0 19529
19526 24121 0:0 19529
19528 23908 21:0 19529
19531 24123 21:0 19589
19533 24122 0:0 19534
19588 47 21:0 19600
19588 24124 0:0 19600
19599 23849 21:0 19600
19602 24154 0:0 19605
19607 24155 21:0 19665
19609 24156 0:0 19610
19664 24166 21:0 19676
19664 24157 0:0 19676
19675 24174 21:0 19676
19678 24187 21:0 19686
19685 24188 0:0 19686
19685 24189 21:0 19752
19750 24190 0:0 19752
19754 24220 21:0 19762
19761 24222 0:0 19762
19761 24221 21:0 19828
19826 24223 0:0 19828
19830 24253 21:0 19838
19837 24255 0:0 19838
19837 24254 21:0 19904
19902 24256 0:0 19904
19906 24286 21:0 19914
19913 24288 0:0 19914
19913 24287 21:0 19980
19978 24289 0:0 19980
19982 24319 21:0 19990
19989 24321 0:0 19990
19989 24320 21:0 20056
20054 24322 0:0 20056
20058 24352 21:0 20066
20065 24353 0:0 20066
20065 24354 21:0 20132
20130 24355 0:0 20132
20134 24385 21:0 20142
20162 24398 21:0 20172
20171 24219 21:0 20195
20194 299 21:0 20195
20203 24385 1:0 20211
20204 16174 1:0 20220
20204 24355 1:0 20324
20213 24353 1:0 20331
20213 24354 1:0 20332
20219 24352 1:0 20342
20221 299 1:0 20346
20224 16231 1:0 20351
20334 24322 1:0 20455
20335 24320 1:0 20462
20335 24321 1:0 20463
20344 24319 1:0 20473
20344 16288 1:0 20482
20344 24289 1:0 20586
20352 24287 1:0 20593
20383 24288 1:0 20594
20465 24286 1:0 20604
20466 24256 1:0 20717
20475 24254 1:0 20724
20475 24255 1:0 20725
20481 24253 1:0 20735
20481 24219 1:0 20848
20502 24223 1:0 20848
20596 24221 1:0 20855
20597 24222 1:0 20856
20606 24220 1:0 20866
20606 16513 1:0 20979
20606 24190 1:0 20979
20612 24189 1:0 20987
20632 24188 1:0 20986
20725 16395 21:0 20730
20727 24187 1:0 20997
20727 24174 1:0 21027
20727 24166 1:0 21062
20728 24157 1:0 21110
20737 24155 1:0 21117
20737 24156 1:0 21118
20743 24154 1:0 21128
20743 16623 1:0 21241
20763 24124 1:0 21241
20858 24123 1:0 21249
20859 24122 1:0 21248
20859 24121 1:0 21259
20868 16627 1:0 21258
20868 24106 1:0 21298
20868 16680 1:0 21372
20868 24091 1:0 21372
20874 24089 1:0 21379
20895 24090 1:0 21380
20989 24088 1:0 21390
20990 24058 1:0 21503
20990 16737 1:0 21509
20998 16513 21:0 21001
20999 24056 1:0 21510
20999 24057 1:0 21511
21005 24055 1:0 21521
21005 24040 1:0 21560
21008 16516 21:0 21032
21025 24025 1:0 21634
21120 24024 1:0 21642
21121 24023 1:0 21641
21121 24022 1:0 21652
21121 24007 1:0 21691
21130 23988 1:0 21765
21130 23992 1:0 21765
21136 23991 1:0 21773
21141 23990 1:0 21772
21156 23981 1:0 21785
21251 23989 1:0 21783
21251 16858 1:0 21785
21251 23987 1:0 21788
21252 23959 1:0 21896
21252 85 1:0 21898
21261 23957 1:0 21903
21261 23958 1:0 21904
21261 23948 1:0 21907
21269 23956 1:0 21914
21272 16915 1:0 21919
21380 16680 21:0 21385
21382 23926 1:0 22027
21383 16965 1:0 22033
21383 23924 1:0 22034
21383 23925 1:0 22035
21383 23908 1:0 22038
21392 23923 1:0 22045
21392 23906 1:0 22050
21398 23893 1:0 22158
21403 23892 1:0 22166
21511 16737 21:0 21516
21513 23891 1:0 22165
21514 23890 1:0 22176
21514 47 1:0 22180
21514 17029 1:0 22185
21514 23860 1:0 22289
21523 23858 1:0 22296
21523 23859 1:0 22297
21531 23857 1:0 22307
21534 29 1:0 22311
21549 23849 1:0 22322
21550 23836 1:0 22337
21562 23842 1:0 22346
21644 17140 1:0 22420
21645 23827 1:0 22420
21645 23826 1:0 22428
21654 23825 1:0 22427
21654 23824 1:0 22438
21654 11 1:0 22442
21660 340 1:0 22549
21915 16912 21:0 21918
22056 16972 21:0 22080
22187 17029 21:0 22211
22318 17086 21:0 22342
22547 339 21:0 22597
22596 25453 21:0 22602
22615 25475 21:0 22623
22620 25476 0:0 22623
22620 25477 0:0 22623
22623 25478 21:0 22689
22691 25508 21:0 22699
22698 25509 0:0 22699
22698 25510 21:0 22765
22763 25511 0:0 22765
22767 25541 21:0 22775
22774 25542 0:0 22775
22774 25543 21:0 22841
22839 25544 0:0 22841
22840 25546 21:0 22846
22843 25574 0:0 22846
22845 25500 21:0 22846
22848 25575 21:0 22906
22850 25576 0:0 22851
22905 25577 0:0 22917
22905 25592 21:0 22917
22916 11 21:0 22917
22916 25527 21:0 22922
22919 25607 0:0 22922
22921 25539 21:0 22922
22924 25608 21:0 22982
22926 25609 0:0 22927
22981 25599 21:0 22993
22981 25610 0:0 22993
22992 25594 21:0 22993
22992 25506 21:0 22998
22995 25640 0:0 22998
22997 25605 21:0 22998
23000 25642 21:0 23058
23002 25641 0:0 23003
23057 25656 21:0 23069
23057 25643 0:0 23069
23068 25671 21:0 23069
23071 25673 21:0 23079
23078 25675 0:0 23079
23078 25674 0:0 23079
23079 25676 21:0 23145
23147 25706 21:0 23155
23152 25708 0:0 23155
23152 25707 0:0 23155
23155 25709 21:0 23221
23220 25692 21:0 23226
23223 25739 0:0 23226
23225 119 21:0 23226
23228 25740 21:0 23286
23230 25741 0:0 23231
23285 25742 0:0 23297
23288 25744 21:0 23297
23296 25759 21:0 23297
23299 25772 21:0 23307
23306 25773 0:0 23307
23306 25774 21:0 23373
23371 25775 0:0 23373
23375 25805 21:0 23383
23382 25807 0:0 23383
23382 25806 21:0 23449
23447 25808 0:0 23449
23451 25838 21:0 23459
23458 25839 0:0 23459
23458 25840 21:0 23525
23523 25841 0:0 23525
23527 25871 21:0 23535
23534 25873 0:0 23535
23534 231 0:0 23535
23534 25872 21:0 23601
23599 25874 0:0 23601
23603 25904 21:0 23611
23610 25906 0:0 23611
23610 25905 21:0 23677
23665 25922 0:0 23666
23665 25920 0:0 23666
23675 25907 0:0 23677
23676 25909 0:0 23677
23679 25937 21:0 23687
23686 25938 0:0 23687
23686 25939 21:0 23753
23751 25940 0:0 23753
23755 25970 21:0 23763
23762 25972 0:0 23763
23762 25971 21:0 23829
23827 25973 0:0 23829
23831 26003 21:0 23839
23838 26004 0:0 23839
23838 26005 21:0 23905
23903 26006 0:0 23905
23907 26036 21:0 23915
23935 26049 21:0 23945
23944 25689 21:0 23968
23967 25722 21:0 23968
23967 33 21:0 23971
23976 26036 1:0 23984
23977 26006 1:0 24097
23986 26004 1:0 24104
23986 26005 1:0 24105
23992 26003 1:0 24115
24012 25973 1:0 24228
24105 16224 21:0 24110
24107 25971 1:0 24235
24108 25972 1:0 24236
24108 25970 1:0 24246
24116 16228 21:0 24119
24117 25940 1:0 24359
24117 25939 1:0 24367
24123 25938 1:0 24366
24126 16231 21:0 24150
24143 25937 1:0 24377
24144 25920 1:0 24416
24144 25922 1:0 24416
24151 12895 1:0 27832
24156 16395 1:0 24490
24238 25907 1:0 24490
24239 25909 1:0 24474
24239 25905 1:0 24497
24247 16285 21:0 24250
24248 25906 1:0 24498
24248 25904 1:0 24508
24254 25874 1:0 24621
24274 25872 1:0 24628
24367 16338 21:0 24372
24369 25873 1:0 24629
24370 231 1:0 24634
24370 25871 1:0 24639
24370 25841 1:0 24752
24379 16513 1:0 24752
24379 25840 1:0 24760
24385 25839 1:0 24759
24390 25838 1:0 24770
24405 16516 1:0 24779
24500 25808 1:0 24883
24501 25806 1:0 24890
24501 25807 1:0 24891
24509 16399 21:0 24512
24510 25805 1:0 24901
24510 25775 1:0 25014
24516 25774 1:0 25022
24537 25773 1:0 25021
24631 25772 1:0 25032
24631 25759 1:0 25062
24632 16680 1:0 25116
24632 25744 1:0 25129
24632 25742 1:0 25145
24641 25740 1:0 25152
24641 25741 1:0 25153
24649 25739 1:0 25163
24652 25722 1:0 25168
24762 25709 1:0 25276
24762 25689 1:0 25287
24763 25707 1:0 25283
24763 25708 1:0 25284
24772 16737 1:0 25282
24772 25706 1:0 25294
24772 25692 1:0 25299
24778 25676 1:0 25407
24798 25674 1:0 25414
24893 25675 1:0 25415
24894 25673 1:0 25425
24894 119 1:0 25429
24894 25671 1:0 25435
24894 25656 1:0 25464
24902 16570 21:0 24905
24903 25643 1:0 25538
24903 25642 1:0 25546
24909 25641 1:0 25545
24929 25640 1:0 25556
25024 25610 1:0 25669
25025 25608 1:0 25676
25025 25609 1:0 25677
25033 16627 21:0 25036
25034 16912 1:0 25686
25034 25607 1:0 25687
25034 25605 1:0 25692
25034 25599 1:0 25702
25034 25594 1:0 25717
25037 25592 1:0 25726
25042 25577 1:0 25800
25073 25575 1:0 25807
25155 25576 1:0 25808
25156 25574 1:0 25818
25156 16972 1:0 25827
25156 17086 1:0 25902
25165 25546 1:0 25915
25165 25544 1:0 25931
25171 25543 1:0 25939
25176 25542 1:0 25938
25286 25541 1:0 25949
25286 33 1:0 25954
25286 17029 1:0 25958
25286 25539 1:0 25959
25287 25527 1:0 25988
25287 25511 1:0 26062
25287 25506 1:0 26062
25296 25509 1:0 26069
25296 25510 1:0 26070
25304 25508 1:0 26080
25307 25500 1:0 26085
25322 12902 1:0 27832
25417 25478 1:0 26193
25418 25476 1:0 26200
25418 25477 1:0 26201
25427 25475 1:0 26211
25427 11 1:0 26215
25427 25453 1:0 26303
25427 341 1:0 26322
25939 17022 21:0 25944
26320 340 21:0 26370
26369 27105 21:0 26375
26374 27109 21:0 26386
26385 27112 21:0 26386
26388 27126 21:0 26396
26395 27127 0:0 26396
26395 27128 21:0 26462
26460 27129 0:0 26462
26464 27159 21:0 26472
26471 27161 0:0 26472
26471 27160 21:0 26538
26536 27162 0:0 26538
26537 29 21:0 26543
26540 27192 0:0 26543
26542 27171 21:0 26543
26545 27193 21:0 26603
26547 27194 0:0 26548
26602 27195 0:0 26614
26602 51 21:0 26614
26613 15 21:0 26614
26616 27225 21:0 26624
26623 27224 0:0 26624
26623 27226 0:0 26624
26623 27227 0:0 26624
26624 27228 21:0 26690
26692 27258 21:0 26700
26697 27260 0:0 26700
26699 27259 0:0 26700
26700 27261 21:0 26766
26765 27257 21:0 26771
26768 27291 0:0 26771
26770 87 21:0 26771
26773 27293 21:0 26831
26775 27292 0:0 26776
26830 27294 0:0 26842
26830 103 21:0 26842
26841 27289 21:0 26842
26844 27324 21:0 26852
26851 27325 0:0 26852
26851 27326 0:0 26852
26852 27327 21:0 26918
26917 27335 21:0 26923
26920 27357 0:0 26923
26922 69 21:0 26923
26925 27358 21:0 26983
26927 27359 0:0 26928
26982 27360 0:0 26994
26982 27245 21:0 26994
26993 27342 21:0 26994
26994 155 21:0 26999
26996 27390 0:0 26999
26998 27344 21:0 26999
27001 27391 21:0 27059
27003 27392 0:0 27004
27058 27393 0:0 27070
27058 27406 21:0 27070
27069 27276 21:0 27070
27072 27423 21:0 27080
27079 27425 0:0 27080
27079 27424 0:0 27080
27080 27426 21:0 27146
27148 27456 21:0 27156
27153 27458 0:0 27156
27153 27457 0:0 27156
27156 27459 21:0 27222
27221 27461 21:0 27227
27224 27489 0:0 27227
27226 27475 21:0 27227
27229 27491 21:0 27287
27231 27490 0:0 27232
27286 27500 21:0 27298
27286 27492 0:0 27298
27297 27454 21:0 27298
27300 27522 21:0 27308
27307 27523 0:0 27308
27307 27524 21:0 27374
27372 27525 0:0 27374
27376 27555 21:0 27384
27383 27557 0:0 27384
27383 27556 21:0 27450
27448 27558 0:0 27450
27452 27588 21:0 27460
27459 27589 0:0 27460
27459 27590 21:0 27526
27524 27591 0:0 27526
27528 27621 21:0 27536
27535 27623 0:0 27536
27535 27622 21:0 27602
27600 27624 0:0 27602
27604 27654 21:0 27612
27611 27656 0:0 27612
27611 27655 21:0 27678
27676 27657 0:0 27678
27677 227 21:0 27683
27682 27687 21:0 27703
27759 27687 1:0 27767
27760 16228 1:0 27800
27760 27657 1:0 27800
27760 16224 1:0 27800
27769 12901 1:0 27841
27769 12896 1:0 27851
27769 12903 1:0 27920
27769 12904 1:0 27921
27769 12905 1:0 27930
27769 12906 1:0 27931
27769 12907 1:0 27940
27769 12908 1:0 27941
27769 13043 1:0 28053
27775 27655 1:0 27977
27796 27656 1:0 27978
27849 27654 1:0 27988
27857 13049 1:0 28053
27862 16285 1:0 28021
27877 16231 1:0 27997
27878 13042 1:0 28062
27878 13048 1:0 28072
27878 13190 1:0 28283
27938 27624 1:0 28073
27940 12905 21:0 27972
27948 13053 1:0 28152
27970 12907 0:0 27972
27970 12906 0:0 27972
27971 12901 21:0 27972
27971 12903 0:0 27972
27971 12904 0:0 27972
27971 12908 0:0 27972
27971 12895 21:0 27972
27971 12896 21:0 27972
27971 12902 21:0 27972
27980 13050 1:0 28141
27980 13051 1:0 28142
27980 13052 1:0 28151
27980 13054 1:0 28161
27981 13055 1:0 28162
27981 27622 1:0 28198
27990 27623 1:0 28199
27990 27621 1:0 28209
27990 16338 1:0 28274
27998 27591 1:0 28294
28001 13196 1:0 28293
28016 13198 1:0 28363
28017 13197 1:0 28362
28029 13189 1:0 28322
28029 13195 1:0 28352
28029 13199 1:0 28372
28029 13200 1:0 28373
28070 13201 1:0 28382
28070 13202 1:0 28383
28078 13336 1:0 28514
28099 27590 1:0 28420
28100 13483 1:0 28735
28158 13053 21:0 28193
28191 13054 0:0 28193
28192 13049 21:0 28193
28192 13043 21:0 28193
28192 13050 0:0 28193
28192 13042 21:0 28193
28192 13048 21:0 28193
28192 13052 0:0 28193
28192 13055 0:0 28193
28192 13051 0:0 28193
28201 27589 1:0 28419
28202 27588 1:0 28430
28202 16399 1:0 28504
28202 27558 1:0 28515
28211 13337 1:0 28544
28211 13342 1:0 28573
28211 13343 1:0 28574
28211 13344 1:0 28583
28211 13345 1:0 28584
28211 13346 1:0 28593
28211 13347 1:0 28594
28211 13348 1:0 28603
28211 13349 1:0 28604
28217 27556 1:0 28640
28238 27557 1:0 28641
28291 27555 1:0 28651
28304 13491 1:0 28804
28319 13492 1:0 28805
28369 13198 21:0 28414
28370 27525 1:0 28854
28380 13493 1:0 28814
28390 13484 1:0 28765
28390 13494 1:0 28815
28412 13201 0:0 28414
28413 13200 0:0 28414
28413 13202 0:0 28414
28413 13195 0:0 28414
28413 13189 0:0 28414
28413 13197 0:0 28414
28413 13199 0:0 28414
28413 13196 21:0 28414
28413 13190 21:0 28414
28422 13489 1:0 28794
28422 13490 1:0 28795
28422 13495 1:0 28824
28422 13496 1:0 28825
28422 13636 1:0 28956
28423 27524 1:0 28862
28432 27523 1:0 28861
28432 27522 1:0 28872
28432 227 1:0 28876
28432 27500 1:0 28946
28438 27492 1:0 28957
28440 13638 1:0 29025
28443 13639 1:0 29026
28458 13640 1:0 29035
28459 13630 1:0 28985
28459 13641 1:0 29036
28471 13631 1:0 28986
28471 13637 1:0 29016
28471 13642 1:0 29045
28471 13778 1:0 29167
28512 13643 1:0 29046
28541 27491 1:0 29083
28593 13344 21:0 28635
28601 27490 1:0 29082
28633 13348 0:0 28635
28634 13345 0:0 28635
28634 13343 0:0 28635
28634 13346 0:0 28635
28634 13336 21:0 28635
28634 13337 0:0 28635
28634 13342 0:0 28635
28634 13347 0:0 28635
28634 13349 0:0 28635
28643 27489 1:0 29093
28643 27475 1:0 29095
28644 27461 1:0 29158
28644 27459 1:0 29177
28644 13777 1:0 29177
28644 13930 1:0 29398
28653 13783 1:0 29236
28653 13784 1:0 29237
28653 13785 1:0 29246
28653 13786 1:0 29247
28653 13787 1:0 29256
28653 13788 1:0 29257
28653 13789 1:0 29266
28653 13790 1:0 29267
28653 16570 1:0 29307
28659 27457 1:0 29303
28680 27458 1:0 29304
28692 27454 1:0 29307
28746 27456 1:0 29314
28761 14077 1:0 29619
28812 27426 1:0 29398
28814 13491 21:0 28856
28822 13937 1:0 29488
28832 13932 1:0 29467
28855 13494 0:0 28856
28855 13492 0:0 28856
28855 13495 0:0 28856
28855 13496 0:0 28856
28855 13493 0:0 28856
28855 13484 0:0 28856
28855 13489 0:0 28856
28855 13490 0:0 28856
28855 13483 21:0 28856
28864 13924 1:0 29427
28864 13925 1:0 29428
28864 13931 1:0 29458
28864 13933 1:0 29468
28864 13934 1:0 29477
28864 13935 1:0 29478
28865 13936 1:0 29487
28865 27425 1:0 29525
28865 16627 1:0 29528
28874 27424 1:0 29524
28874 27423 1:0 29535
28880 27406 1:0 29574
28880 14080 1:0 29689
28900 27393 1:0 29737
28901 14079 1:0 29688
28913 14071 1:0 29648
28913 14072 1:0 29649
28913 14081 1:0 29698
28913 14082 1:0 29699
28954 14078 1:0 29679
28954 14083 1:0 29708
28967 14084 1:0 29709
28984 27391 1:0 29745
29033 14229 1:0 29920
29035 13638 21:0 29077
29043 14226 1:0 29909
29053 14227 1:0 29910
29075 13641 0:0 29077
29075 13642 0:0 29077
29076 13636 21:0 29077
29076 13631 0:0 29077
29076 13637 0:0 29077
29076 13643 0:0 29077
29076 13640 0:0 29077
29076 13639 0:0 29077
29076 13630 0:0 29077
29085 27392 1:0 29746
29086 27390 1:0 29756
29086 155 1:0 29760
29086 14218 1:0 29869
29086 14219 1:0 29870
29086 14228 1:0 29919
29095 14224 1:0 29899
29095 14225 1:0 29900
29095 14230 1:0 29929
29095 14231 1:0 29930
29095 27360 1:0 29958
29101 27358 1:0 29966
29122 27359 1:0 29967
29175 27357 1:0 29977
29188 27342 1:0 29979
29203 27344 1:0 29979
29254 27327 1:0 30061
29264 27335 1:0 30061
29274 14373 1:0 30130
29276 13789 21:0 29298
29297 13790 0:0 29298
29297 13778 21:0 29298
29297 13777 21:0 29298
29297 13784 0:0 29298
29297 13783 0:0 29298
29297 13788 0:0 29298
29297 13786 0:0 29298
29297 13785 0:0 29298
29297 13787 0:0 29298
29306 14365 1:0 30090
29306 14366 1:0 30091
29306 14371 1:0 30120
29306 14372 1:0 30121
29306 14374 1:0 30131
29306 14375 1:0 30140
29306 14376 1:0 30141
29307 14377 1:0 30150
29307 14378 1:0 30151
29307 27325 1:0 30187
29316 27326 1:0 30188
29316 27324 1:0 30198
29322 103 1:0 30272
29327 27294 1:0 30283
29342 14512 1:0 30282
29343 14525 1:0 30372
29355 14520 1:0 30351
29355 14521 1:0 30352
29396 14513 1:0 30312
29396 14519 1:0 30342
29396 14522 1:0 30361
29396 14523 1:0 30362
29404 14518 1:0 30341
29409 14524 1:0 30371
29475 27293 1:0 30409
29485 14667 1:0 30572
29494 13937 21:0 29519
29517 13935 0:0 29519
29517 13936 0:0 29519
29518 13925 0:0 29519
29518 13930 21:0 29519
29518 13924 0:0 29519
29518 13932 0:0 29519
29518 13931 0:0 29519
29518 13933 0:0 29519
29518 13934 0:0 29519
29527 27292 1:0 30408
29527 27289 1:0 30421
29528 27291 1:0 30419
29528 14668 1:0 30573
29528 14669 1:0 30582
29537 27276 1:0 30458
29537 27261 1:0 30503
29537 14659 1:0 30532
29537 14660 1:0 30533
29537 14665 1:0 30562
29537 14666 1:0 30563
29537 14670 1:0 30583
29537 14671 1:0 30592
29543 14672 1:0 30593
29543 27245 1:0 30625
29563 27260 1:0 30630
29617 27259 1:0 30629
29617 87 1:0 30633
29630 27257 1:0 30633
29647 27258 1:0 30640
29695 14080 21:0 29740
29696 14814 1:0 30793
29706 14815 1:0 30794
29716 14816 1:0 30803
29738 14081 0:0 29740
29739 14083 0:0 29740
29739 14072 0:0 29740
29739 14082 0:0 29740
29739 14084 0:0 29740
29739 14079 0:0 29740
29739 14078 0:0 29740
29739 14071 0:0 29740
29739 14077 21:0 29740
29748 27228 1:0 30724
29749 14806 1:0 30753
29749 14807 1:0 30754
29749 14812 1:0 30783
29749 14813 1:0 30784
29749 14817 1:0 30804
29749 14818 1:0 30813
29749 14819 1:0 30814
29749 27224 1:0 30854
29749 69 1:0 30854
29758 27226 1:0 30850
29758 27227 1:0 30851
29766 27225 1:0 30861
29769 17022 1:0 30945
29797 27195 1:0 30946
29838 14961 1:0 31014
29838 14962 1:0 31015
29851 14963 1:0 31024
29866 14953 1:0 30974
29866 14964 1:0 31025
29867 14954 1:0 30975
29867 14959 1:0 31004
29867 14960 1:0 31005
29867 14965 1:0 31034
29868 14966 1:0 31035
29926 14229 21:0 29961
29959 14228 0:0 29961
29960 14231 0:0 29961
29960 14230 0:0 29961
29960 14227 0:0 29961
29960 14226 0:0 29961
29960 14219 0:0 29961
29960 14224 0:0 29961
29960 14218 0:0 29961
29960 14225 0:0 29961
29969 27193 1:0 31071
29970 27194 1:0 31072
29970 51 1:0 31077
29970 27192 1:0 31082
29979 15 1:0 31112
29979 27171 1:0 31147
29979 15108 1:0 31235
29979 15109 1:0 31236
29979 27162 1:0 31285
29985 15100 1:0 31195
29985 15101 1:0 31196
29985 15106 1:0 31225
29985 15107 1:0 31226
29985 15110 1:0 31245
29985 15111 1:0 31246
29987 15112 1:0 31255
29990 15113 1:0 31256
30018 27160 1:0 31292
30087 27161 1:0 31293
30088 15254 1:0 31387
30140 14373 21:0 30182
30148 27159 1:0 31303
30158 29 1:0 31307
30181 14376 0:0 30182
30181 14378 0:0 30182
30181 14375 0:0 30182
30181 14374 0:0 30182
30181 14377 0:0 30182
30181 14372 0:0 30182
30181 14365 0:0 30182
30181 14366 0:0 30182
30181 14371 0:0 30182
30190 27112 1:0 31333
30190 27109 1:0 31333
30190 27105 1:0 31377
30190 15260 1:0 31477
30191 27129 1:0 31388
30191 15255 1:0 31456
30191 15256 1:0 31457
30200 15247 1:0 31416
30200 15248 1:0 31417
30200 15253 1:0 31446
30200 15257 1:0 31466
30200 15258 1:0 31467
30200 15259 1:0 31476
30200 27128 1:0 31514
30208 27127 1:0 31513
30239 27126 1:0 31524
30239 24398 1:0 31529
30239 19445 1:0 31529
30280 26049 1:0 31529
30280 15400 1:0 31554
30280 17794 1:0 31554
30280 21096 1:0 31554
30288 22747 1:0 31554
30293 334 1:0 31579
30308 16143 1:0 31608
30309 15402 1:0 31677
30309 15403 1:0 31678
30310 15404 1:0 31687
30359 15405 1:0 31688
30369 15394 1:0 31637
30369 15395 1:0 31638
30369 15401 1:0 31668
30378 14525 21:0 30403
30379 15406 1:0 31697
30401 14522 0:0 30403
30401 14524 0:0 30403
30402 14521 0:0 30403
30402 14520 0:0 30403
30402 14512 21:0 30403
30402 14523 0:0 30403
30402 14519 0:0 30403
30402 14518 0:0 30403
30402 14513 0:0 30403
30411 15407 1:0 31698
30582 14667 21:0 30624
30622 14669 0:0 30624
30623 14666 0:0 30624
30623 14672 0:0 30624
30623 14659 0:0 30624
30623 14670 0:0 30624
30623 14671 0:0 30624
30623 14660 0:0 30624
30623 14668 0:0 30624
30623 14665 0:0 30624
30803 14814 21:0 30845
30843 14818 0:0 30845
30844 14817 0:0 30845
30844 14815 0:0 30845
30844 14813 0:0 30845
30844 14816 0:0 30845
30844 14819 0:0 30845
30844 14806 0:0 30845
30844 14807 0:0 30845
30844 14812 0:0 30845
31021 14962 21:0 31066
31064 14965 0:0 31066
31064 14961 0:0 31066
31065 14964 0:0 31066
31065 14963 0:0 31066
31065 14966 0:0 31066
31065 14959 0:0 31066
31065 14960 0:0 31066
31065 14954 0:0 31066
31065 14953 0:0 31066
31245 15108 21:0 31287
31286 15106 0:0 31287
31286 15101 0:0 31287
31286 15100 0:0 31287
31286 15107 0:0 31287
31286 15109 0:0 31287
31286 15110 0:0 31287
31286 15112 0:0 31287
31286 15113 0:0 31287
31286 15111 0:0 31287
31483 15260 21:0 31508
31506 15258 0:0 31508
31506 15257 0:0 31508
31506 15256 0:0 31508
31506 15255 0:0 31508
31507 15247 0:0 31508
31507 15259 0:0 31508
31507 15254 21:0 31508
31507 15253 0:0 31508
31507 15248 0:0 31508
31687 15402 21:0 95
