128 48165 0:0 130
129 48166 0:0 131
129 48160 0:0 131
174 48169 0:0 176
174 48168 0:0 176
174 48167 0:0 176
175 48259 0:0 176
175 48171 0:0 176
175 48170 0:0 176
175 48172 0:0 176
175 48260 0:0 176
175 48163 0:0 176
238 48369 21:0 385
387 48433 0:0 390
458 48465 21:0 592
536 48498 0:0 537
541 48500 0:0 542
610 48531 0:0 613
618 48534 0:0 636
686 48564 21:0 820
693 48565 0:0 694
693 48566 0:0 694
820 48600 0:0 836
846 48633 0:0 864
914 48663 21:0 1048
921 48664 0:0 922
921 48665 0:0 922
992 48696 0:0 993
1048 48699 0:0 1064
1071 48731 21:0 1216
1144 48762 0:0 1145
1223 48796 21:0 1368
1447 48895 21:0 1581
1454 48896 0:0 1455
1454 48897 0:0 1455
1519 48898 0:0 1521
1525 48928 0:0 1526
1530 48929 0:0 1531
1530 48930 0:0 1531
1581 48931 0:0 1597
1599 48961 21:0 1733
1606 48963 0:0 1607
1606 48962 0:0 1607
1671 48964 0:0 1673
1677 48994 0:0 1678
1682 48996 0:0 1683
1682 48995 0:0 1683
1733 48997 0:0 1749
1751 49027 21:0 1885
1758 49029 0:0 1759
1758 49028 0:0 1759
1823 49030 0:0 1825
1829 49060 0:0 1830
1834 49062 0:0 1835
1834 49061 0:0 1835
1885 49063 0:0 1901
1903 49093 21:0 2037
1910 49095 0:0 1911
1910 49094 0:0 1911
1975 49096 0:0 1977
1981 49126 0:0 1982
1986 49128 0:0 1987
1986 49127 0:0 1987
2037 49129 0:0 2053
2055 49159 21:0 2189
2062 49161 0:0 2063
2062 49160 0:0 2063
2127 49162 0:0 2129
2133 49192 0:0 2134
2138 49194 0:0 2139
2138 49193 0:0 2139
2189 49195 0:0 2205
2207 49225 21:0 2341
2214 49226 0:0 2215
2214 49227 0:0 2215
2279 49228 0:0 2281
2285 49258 0:0 2286
2290 49259 0:0 2291
2290 49260 0:0 2291
2341 49261 0:0 2357
2359 49291 21:0 2493
2366 49293 0:0 2367
2366 49292 0:0 2367
2431 49294 0:0 2433
2437 49324 0:0 2438
2442 49326 0:0 2443
2442 49325 0:0 2443
2493 49327 0:0 2509
2511 49357 21:0 2601
2518 49359 0:0 2519
2518 49358 0:0 2519
2583 49360 0:0 2585
2589 49390 0:0 2590
2608 48796 1:0 2849
2609 48731 1:0 3094
2617 48762 1:0 2979
2617 48699 1:0 3209
2634 328 21:0 2723
2641 48696 1:0 3225
2730 48663 1:0 3347
2731 48664 1:0 3335
2739 48665 1:0 3336
2739 48633 1:0 3453
2749 48600 1:0 3575
2852 48564 1:0 3713
2853 48565 1:0 3701
2861 48566 1:0 3702
2861 48534 1:0 3819
2871 48531 1:0 3835
2974 48500 1:0 3948
2975 48498 1:0 3957
2983 48465 1:0 4079
2983 48433 1:0 4191
2993 48369 1:0 4429
3007 329 1:0 5767
3096 49390 1:0 5787
3097 49357 1:0 5918
3105 49360 1:0 5794
3111 49359 1:0 5904
3129 49358 1:0 5905
4617 50337 21:0 4751
4624 50338 0:0 4625
4624 50339 0:0 4625
4689 50340 0:0 4691
4695 50370 0:0 4696
4700 50371 0:0 4701
4700 50372 0:0 4701
4751 50373 0:0 4767
4769 50403 21:0 4903
4776 50404 0:0 4777
4776 50405 0:0 4777
4841 50406 0:0 4843
4847 50436 0:0 4848
4852 50437 0:0 4853
4852 50438 0:0 4853
4903 50439 0:0 4919
4921 50469 21:0 5055
4928 50470 0:0 4929
4928 50471 0:0 4929
4993 50472 0:0 4995
4999 50502 0:0 5000
5004 50504 0:0 5005
5004 50503 0:0 5005
5055 50505 0:0 5071
5073 50535 21:0 5207
5080 50537 0:0 5081
5080 50536 0:0 5081
5145 50538 0:0 5147
5151 50568 0:0 5152
5156 50569 0:0 5157
5156 50570 0:0 5157
5207 50571 0:0 5223
5225 50601 21:0 5359
5232 50603 0:0 5233
5232 50602 0:0 5233
5297 50604 0:0 5299
5303 50634 0:0 5304
5308 50635 0:0 5309
5308 50636 0:0 5309
5359 50637 0:0 5375
5377 50667 0:0 5380
5382 50668 21:0 5527
5449 50670 0:0 5451
5455 50700 0:0 5456
5460 50702 0:0 5461
5460 50701 0:0 5461
5525 50703 0:0 5527
5529 50733 21:0 5663
5536 50734 0:0 5537
5601 50736 0:0 5603
5607 50766 0:0 5608
5612 50767 0:0 5613
5663 50769 0:0 5679
5681 50799 21:0 5771
5779 49327 1:0 6031
5780 49325 1:0 6038
5789 49326 1:0 6039
5789 49324 1:0 6049
5795 49291 1:0 6180
5808 329 21:0 5902
5816 49294 1:0 6056
5910 49292 1:0 6167
5911 49293 1:0 6166
5911 49261 1:0 6293
5920 49259 1:0 6300
5920 49260 1:0 6301
5928 49258 1:0 6311
5947 49225 1:0 6442
6041 49228 1:0 6318
6042 49227 1:0 6428
6042 49226 1:0 6429
6051 49195 1:0 6555
6051 49194 1:0 6563
6059 49193 1:0 6562
6078 49192 1:0 6573
6172 49159 1:0 6704
6173 49162 1:0 6580
6182 49161 1:0 6690
6182 49160 1:0 6691
6188 49129 1:0 6817
6192 49128 1:0 6825
6221 49127 1:0 6824
6303 49126 1:0 6835
6304 49093 1:0 6966
6313 49096 1:0 6842
6313 49095 1:0 6952
6319 49094 1:0 6953
6324 49063 1:0 7079
6352 49061 1:0 7086
6434 49062 1:0 7087
6435 49060 1:0 7097
6444 49030 1:0 7104
6444 49027 1:0 7228
6450 49028 1:0 7215
6455 49029 1:0 7214
6483 48997 1:0 7341
6565 48996 1:0 7349
6566 48995 1:0 7348
6575 48994 1:0 7359
6575 48961 1:0 7490
6581 48964 1:0 7366
6601 48963 1:0 7476
6614 48962 1:0 7477
6696 48931 1:0 7603
6697 48929 1:0 7610
6706 48930 1:0 7611
6706 48928 1:0 7621
6712 48895 1:0 7752
6732 48898 1:0 7628
6733 330 1:0 9082
6827 48897 1:0 7738
6828 48896 1:0 7739
7932 51779 21:0 8066
7939 51781 0:0 7940
7939 51780 0:0 7940
8004 51782 0:0 8006
8010 51812 0:0 8011
8015 51814 0:0 8016
8015 51813 0:0 8016
8066 51815 0:0 8082
8084 51845 21:0 8218
8091 51846 0:0 8092
8091 51847 0:0 8092
8156 51848 0:0 8158
8162 51878 0:0 8163
8167 51879 0:0 8168
8167 51880 0:0 8168
8218 51881 0:0 8234
8236 51911 21:0 8370
8243 51912 0:0 8244
8243 51913 0:0 8244
8308 51914 0:0 8310
8314 51944 0:0 8315
8319 51945 0:0 8320
8319 51946 0:0 8320
8370 51947 0:0 8386
8388 51977 21:0 8522
8395 51979 0:0 8396
8395 51978 0:0 8396
8460 51980 0:0 8462
8466 52010 0:0 8467
8471 52012 0:0 8472
8471 52011 0:0 8472
8522 52013 0:0 8538
8540 52043 21:0 8674
8547 52044 0:0 8548
8547 52045 0:0 8548
8612 52046 0:0 8614
8618 52076 0:0 8619
8623 52077 0:0 8624
8623 52078 0:0 8624
8674 52079 0:0 8690
8692 52109 21:0 8826
8699 52110 0:0 8700
8699 52111 0:0 8700
8764 52112 0:0 8766
8770 52142 0:0 8771
8775 52144 0:0 8776
8775 52143 0:0 8776
8826 52145 0:0 8842
8844 52175 21:0 8978
8851 52176 0:0 8852
8851 52177 0:0 8852
8916 52178 0:0 8918
8922 52208 0:0 8923
8927 52210 0:0 8928
8927 52209 0:0 8928
8978 52211 0:0 8994
9094 50799 1:0 9233
9095 50769 1:0 9346
9104 50767 1:0 9353
9104 50766 1:0 9364
9110 50733 1:0 9495
9123 330 21:0 9217
9131 50736 1:0 9371
9225 50734 1:0 9482
9226 50703 1:0 9608
9226 50702 1:0 9616
9235 50701 1:0 9615
9235 50668 1:0 9746
9243 50700 1:0 9624
9262 50670 1:0 9633
9356 50667 1:0 9757
9357 50637 1:0 9870
9357 50635 1:0 9877
9366 50636 1:0 9878
9366 50634 1:0 9888
9374 50601 1:0 10019
9393 50604 1:0 9895
9487 50602 1:0 10006
9488 50603 1:0 10005
9497 50571 1:0 10132
9497 50569 1:0 10139
9503 50570 1:0 10140
9507 50568 1:0 10150
9536 50535 1:0 10281
9618 50538 1:0 10157
9619 50537 1:0 10267
9628 50536 1:0 10268
9628 50505 1:0 10394
9634 50504 1:0 10402
9639 50503 1:0 10401
9667 50502 1:0 10412
9749 50469 1:0 10543
9750 50472 1:0 10419
9759 50471 1:0 10529
9759 50470 1:0 10530
9765 50439 1:0 10656
9770 50438 1:0 10664
9798 50437 1:0 10663
9880 50436 1:0 10674
9881 50403 1:0 10805
9890 50406 1:0 10681
9890 50405 1:0 10791
9896 50404 1:0 10792
9916 50373 1:0 10918
9929 50371 1:0 10925
10011 50372 1:0 10926
10012 50370 1:0 10936
10021 50340 1:0 10943
10021 50337 1:0 11067
10027 50339 1:0 11053
10047 50338 1:0 11054
10048 331 1:0 12397
11247 53221 21:0 11381
11254 53222 0:0 11255
11254 53223 0:0 11255
11319 53224 0:0 11321
11325 53254 0:0 11326
11330 53256 0:0 11331
11330 53255 0:0 11331
11381 53257 0:0 11397
11399 53287 21:0 11533
11406 53289 0:0 11407
11406 53288 0:0 11407
11471 53290 0:0 11473
11477 53320 0:0 11478
11482 53321 0:0 11483
11482 53322 0:0 11483
11533 53323 0:0 11549
11551 53353 21:0 11685
11558 53355 0:0 11559
11558 53354 0:0 11559
11623 53356 0:0 11625
11629 53386 0:0 11630
11634 53388 0:0 11635
11634 53387 0:0 11635
11685 53389 0:0 11701
11703 53419 21:0 11837
11710 53421 0:0 11711
11710 53420 0:0 11711
11775 53422 0:0 11777
11781 53452 0:0 11782
11786 53454 0:0 11787
11786 53453 0:0 11787
11837 53455 0:0 11853
11855 53485 0:0 11858
11860 53486 21:0 12005
11862 53487 0:0 11863
11927 53488 0:0 11929
11933 53518 0:0 11934
11938 53520 0:0 11939
11938 53519 0:0 11939
12003 53521 0:0 12005
12007 53551 0:0 12010
12012 53553 21:0 12157
12014 53552 0:0 12015
12079 53554 0:0 12081
12085 53584 0:0 12086
12090 53586 0:0 12091
12090 53585 0:0 12091
12155 53587 0:0 12157
12159 53617 21:0 12293
12166 53619 0:0 12167
12166 53618 0:0 12167
12231 53620 0:0 12233
12237 53650 0:0 12238
12242 53651 0:0 12243
12409 52211 1:0 12661
12410 52209 1:0 12668
12419 52210 1:0 12669
12419 52208 1:0 12679
12425 52175 1:0 12810
12438 331 21:0 12532
12446 52178 1:0 12686
12540 52176 1:0 12797
12541 52177 1:0 12796
12541 52145 1:0 12923
12550 52143 1:0 12930
12550 52144 1:0 12931
12558 52142 1:0 12941
12577 52109 1:0 13072
12671 52112 1:0 12948
12672 52111 1:0 13058
12672 52110 1:0 13059
12681 52079 1:0 13185
12681 52077 1:0 13192
12689 52078 1:0 13193
12708 52076 1:0 13203
12802 52043 1:0 13334
12803 52046 1:0 13210
12812 52045 1:0 13320
12812 52044 1:0 13321
12818 52013 1:0 13447
12822 52012 1:0 13455
12851 52011 1:0 13454
12933 52010 1:0 13465
12934 51977 1:0 13596
12943 51980 1:0 13472
12943 51978 1:0 13583
12949 51979 1:0 13582
12954 51947 1:0 13709
12982 51945 1:0 13716
13064 51946 1:0 13717
13065 51944 1:0 13727
13074 51914 1:0 13734
13074 51911 1:0 13858
13080 51913 1:0 13844
13085 51912 1:0 13845
13113 51881 1:0 13971
13195 51879 1:0 13978
13196 51880 1:0 13979
13205 51878 1:0 13989
13205 51845 1:0 14120
13211 51848 1:0 13996
13231 51847 1:0 14106
13244 51846 1:0 14107
13326 51815 1:0 14233
13327 51814 1:0 14241
13336 51813 1:0 14240
13336 51812 1:0 14251
13342 51779 1:0 14382
13362 51782 1:0 14258
13363 332 1:0 15712
13457 51781 1:0 14368
13458 51780 1:0 14369
14562 54663 21:0 14696
14569 54665 0:0 14570
14569 54664 0:0 14570
14634 54666 0:0 14636
14640 54696 0:0 14641
14645 54698 0:0 14646
14645 54697 0:0 14646
14696 54699 0:0 14712
14714 54729 21:0 14848
14721 54730 0:0 14722
14721 54731 0:0 14722
14786 54732 0:0 14788
14792 54762 0:0 14793
14797 54764 0:0 14798
14797 54763 0:0 14798
14848 54765 0:0 14864
14866 54795 21:0 15000
14873 54796 0:0 14874
14873 54797 0:0 14874
14938 54798 0:0 14940
14944 54828 0:0 14945
14949 54830 0:0 14950
14949 54829 0:0 14950
15000 54831 0:0 15016
15018 54861 21:0 15152
15025 54862 0:0 15026
15025 54863 0:0 15026
15090 54864 0:0 15092
15096 54894 0:0 15097
15101 54895 0:0 15102
15101 54896 0:0 15102
15152 54897 0:0 15168
15170 54927 21:0 15304
15177 54929 0:0 15178
15177 54928 0:0 15178
15242 54930 0:0 15244
15248 54960 0:0 15249
15253 54962 0:0 15254
15253 54961 0:0 15254
15304 54963 0:0 15320
15322 54993 21:0 15456
15329 54995 0:0 15330
15329 54994 0:0 15330
15394 54996 0:0 15396
15400 55026 0:0 15401
15405 55027 0:0 15406
15405 55028 0:0 15406
15456 55029 0:0 15472
15474 55059 21:0 15608
15481 55060 0:0 15482
15481 55061 0:0 15482
15546 55062 0:0 15548
15552 55092 0:0 15553
15557 55093 0:0 15558
15557 55094 0:0 15558
15608 55095 0:0 15624
15724 53651 1:0 15983
15725 53650 1:0 15994
15734 53620 1:0 16001
15734 53617 1:0 16125
15740 53619 1:0 16111
15753 332 21:0 15847
15761 53618 1:0 16112
15855 53587 1:0 16238
15856 53585 1:0 16245
15856 53586 1:0 16246
15865 53584 1:0 16254
15865 53553 1:0 16377
15873 53554 1:0 16263
15892 53552 1:0 16376
15986 53551 1:0 16387
15987 53521 1:0 16500
15987 53519 1:0 16507
15996 53520 1:0 16508
15996 53486 1:0 16638
16004 53518 1:0 16516
16023 53488 1:0 16525
16117 53487 1:0 16639
16118 53485 1:0 16649
16127 53455 1:0 16762
16127 53454 1:0 16770
16133 53453 1:0 16769
16137 53452 1:0 16780
16166 53419 1:0 16911
16248 53422 1:0 16787
16249 53421 1:0 16897
16258 53420 1:0 16898
16258 53389 1:0 17024
16264 53388 1:0 17032
16269 53387 1:0 17031
16297 53386 1:0 17042
16379 53353 1:0 17173
16380 53356 1:0 17049
16389 53355 1:0 17159
16389 53354 1:0 17160
16395 53323 1:0 17286
16400 53321 1:0 17293
16428 53322 1:0 17294
16510 53320 1:0 17304
16511 53287 1:0 17435
16520 53290 1:0 17311
16520 53289 1:0 17421
16526 53288 1:0 17422
16546 53257 1:0 17548
16559 53256 1:0 17556
16641 53255 1:0 17555
16642 53254 1:0 17566
16651 53224 1:0 17573
16651 53221 1:0 17697
16657 53222 1:0 17684
16677 53223 1:0 17683
16678 333 1:0 19027
17877 56105 21:0 18011
17884 56107 0:0 17885
17884 56106 0:0 17885
17949 56108 0:0 17951
17955 56138 0:0 17956
17960 56139 0:0 17961
17960 56140 0:0 17961
18011 56141 0:0 18027
18029 56171 21:0 18163
18036 56172 0:0 18037
18036 56173 0:0 18037
18101 56174 0:0 18103
18107 56204 0:0 18108
18112 56205 0:0 18113
18112 56206 0:0 18113
18163 56207 0:0 18179
18181 56237 21:0 18315
18188 56239 0:0 18189
18188 56238 0:0 18189
18253 56240 0:0 18255
18259 56270 0:0 18260
18264 56271 0:0 18265
18264 56272 0:0 18265
18315 56273 0:0 18331
18333 56303 21:0 18467
18340 56304 0:0 18341
18340 56305 0:0 18341
18405 56306 0:0 18407
18411 56336 0:0 18412
18416 56337 0:0 18417
18416 56338 0:0 18417
18467 56339 0:0 18483
18485 56369 21:0 18619
18492 56370 0:0 18493
18492 56371 0:0 18493
18557 56372 0:0 18559
18563 56402 0:0 18564
18568 56404 0:0 18569
18568 56403 0:0 18569
18619 56405 0:0 18635
18637 56435 0:0 18640
18642 56436 21:0 18787
18644 56437 0:0 18645
18709 56438 0:0 18711
18715 56468 0:0 18716
18720 56469 0:0 18721
18720 56470 0:0 18721
18785 56471 0:0 18787
18789 56501 21:0 18923
18796 56502 0:0 18797
18796 56503 0:0 18797
18861 56504 0:0 18863
18867 56534 0:0 18868
18872 56536 0:0 18873
19039 55095 1:0 19291
19040 55094 1:0 19299
19049 55093 1:0 19298
19049 55092 1:0 19309
19055 55059 1:0 19440
19068 333 21:0 19162
19076 55062 1:0 19316
19170 55061 1:0 19426
19171 55060 1:0 19427
19171 55029 1:0 19553
19180 55027 1:0 19560
19180 55028 1:0 19561
19188 55026 1:0 19571
19207 54993 1:0 19702
19301 54996 1:0 19578
19302 54995 1:0 19688
19302 54994 1:0 19689
19311 54963 1:0 19815
19311 54962 1:0 19823
19319 54961 1:0 19822
19338 54960 1:0 19833
19432 54927 1:0 19964
19433 54930 1:0 19840
19442 54929 1:0 19950
19442 54928 1:0 19951
19448 54897 1:0 20077
19452 54896 1:0 20085
19481 54895 1:0 20084
19563 54894 1:0 20095
19564 54861 1:0 20226
19573 54864 1:0 20102
19573 54863 1:0 20212
19579 54862 1:0 20213
19584 54831 1:0 20339
19612 54829 1:0 20346
19694 54830 1:0 20347
19695 54828 1:0 20357
19704 54798 1:0 20364
19704 54795 1:0 20488
19710 54797 1:0 20474
19715 54796 1:0 20475
19743 54765 1:0 20601
19825 54763 1:0 20608
19826 54764 1:0 20609
19835 54762 1:0 20619
19835 54729 1:0 20750
19841 54732 1:0 20626
19861 54730 1:0 20737
19874 54731 1:0 20736
19956 54699 1:0 20863
19957 54698 1:0 20871
19966 54697 1:0 20870
19966 54696 1:0 20881
19972 54663 1:0 21012
19992 54666 1:0 20888
19993 334 1:0 22342
20087 54665 1:0 20998
20088 54664 1:0 20999
21192 57547 21:0 21326
21199 57549 0:0 21200
21199 57548 0:0 21200
21264 57550 0:0 21266
21270 57580 0:0 21271
21275 57582 0:0 21276
21275 57581 0:0 21276
21326 57583 0:0 21342
21344 57613 21:0 21478
21351 57615 0:0 21352
21351 57614 0:0 21352
21416 57616 0:0 21418
21422 57646 0:0 21423
21427 57647 0:0 21428
21427 57648 0:0 21428
21478 57649 0:0 21494
21496 57679 21:0 21630
21503 57680 0:0 21504
21503 57681 0:0 21504
21568 57682 0:0 21570
21574 57712 0:0 21575
21579 57713 0:0 21580
21579 57714 0:0 21580
21630 57715 0:0 21646
21648 57745 21:0 21782
21655 57747 0:0 21656
21655 57746 0:0 21656
21720 57748 0:0 21722
21726 57778 0:0 21727
21731 57779 0:0 21732
21731 57780 0:0 21732
21782 57781 0:0 21798
21800 57811 21:0 21934
21807 57812 0:0 21808
21807 57813 0:0 21808
21872 57814 0:0 21874
21878 57844 0:0 21879
21883 57845 0:0 21884
21883 57846 0:0 21884
21934 57847 0:0 21950
21952 57877 21:0 22086
21959 57878 0:0 21960
21959 57879 0:0 21960
22024 57880 0:0 22026
22030 57910 0:0 22031
22035 57912 0:0 22036
22035 57911 0:0 22036
22086 57913 0:0 22102
22104 57943 21:0 22238
22111 57944 0:0 22112
22111 57945 0:0 22112
22176 57946 0:0 22178
22182 57976 0:0 22183
22187 57978 0:0 22188
22187 57977 0:0 22188
22238 57979 0:0 22254
22354 56536 1:0 22614
22355 56534 1:0 22624
22364 56504 1:0 22631
22364 56501 1:0 22755
22370 56502 1:0 22742
22383 334 21:0 22477
22391 56503 1:0 22741
22485 56471 1:0 22868
22486 56469 1:0 22875
22486 56470 1:0 22876
22495 56468 1:0 22884
22495 56436 1:0 23006
22503 56438 1:0 22893
22522 56437 1:0 23007
22616 56435 1:0 23017
22617 56405 1:0 23130
22617 56403 1:0 23137
22626 56404 1:0 23138
22626 56402 1:0 23148
22634 56369 1:0 23279
22653 56372 1:0 23155
22747 56371 1:0 23265
22748 56370 1:0 23266
22757 56339 1:0 23392
22757 56337 1:0 23399
22763 56338 1:0 23400
22767 56336 1:0 23410
22796 56303 1:0 23541
22878 56306 1:0 23417
22879 56304 1:0 23528
22888 56305 1:0 23527
22888 56273 1:0 23654
22894 56271 1:0 23661
22899 56272 1:0 23662
22927 56270 1:0 23672
23009 56237 1:0 23803
23010 56240 1:0 23679
23019 56239 1:0 23789
23019 56238 1:0 23790
23025 56207 1:0 23916
23030 56206 1:0 23924
23058 56205 1:0 23923
23140 56204 1:0 23934
23141 56171 1:0 24065
23150 56174 1:0 23941
23150 56173 1:0 24051
23156 56172 1:0 24052
23176 56141 1:0 24178
23189 56140 1:0 24186
23271 56139 1:0 24185
23272 56138 1:0 24196
23281 56108 1:0 24203
23281 56105 1:0 24327
23287 56106 1:0 24314
23307 56107 1:0 24313
23308 335 1:0 25657
24507 58989 21:0 24641
24514 58991 0:0 24515
24514 58990 0:0 24515
24579 58992 0:0 24581
24585 59022 0:0 24586
24590 59024 0:0 24591
24590 59023 0:0 24591
24641 59025 0:0 24657
24659 59055 21:0 24793
24666 59056 0:0 24667
24666 59057 0:0 24667
24731 59058 0:0 24733
24737 59088 0:0 24738
24742 59089 0:0 24743
24742 59090 0:0 24743
24793 59091 0:0 24809
24811 59121 21:0 24945
24818 59122 0:0 24819
24818 59123 0:0 24819
24883 59124 0:0 24885
24889 59154 0:0 24890
24894 59156 0:0 24895
24894 59155 0:0 24895
24945 59157 0:0 24961
24963 59187 21:0 25097
24970 59188 0:0 24971
24970 59189 0:0 24971
25035 59190 0:0 25037
25041 59220 0:0 25042
25046 59222 0:0 25047
25046 59221 0:0 25047
25097 59223 0:0 25113
25115 59253 21:0 25249
25122 59254 0:0 25123
25122 59255 0:0 25123
25187 59256 0:0 25189
25193 59286 0:0 25194
25198 59287 0:0 25199
25198 59288 0:0 25199
25249 59289 0:0 25265
25267 59319 21:0 25401
25274 59320 0:0 25275
25274 59321 0:0 25275
25339 59322 0:0 25341
25345 59352 0:0 25346
25350 59353 0:0 25351
25350 59354 0:0 25351
25401 59355 0:0 25417
25419 59385 21:0 25553
25426 59386 0:0 25427
25426 59387 0:0 25427
25491 59388 0:0 25493
25502 59419 0:0 25503
25576 59453 21:0 25664
25669 57979 1:0 25921
25670 57978 1:0 25929
25679 57977 1:0 25928
25679 57976 1:0 25939
25685 57943 1:0 26070
25698 335 21:0 25792
25706 57946 1:0 25946
25800 57944 1:0 26057
25801 57945 1:0 26056
25801 57913 1:0 26183
25810 57911 1:0 26190
25810 57912 1:0 26191
25818 57910 1:0 26201
25837 57877 1:0 26332
25931 57880 1:0 26208
25932 57879 1:0 26318
25932 57878 1:0 26319
25941 57847 1:0 26445
25941 57846 1:0 26453
25949 57845 1:0 26452
25968 57844 1:0 26463
26062 57811 1:0 26594
26063 57814 1:0 26470
26072 57813 1:0 26580
26072 57812 1:0 26581
26078 57781 1:0 26707
26082 57779 1:0 26714
26111 57780 1:0 26715
26193 57778 1:0 26725
26194 57745 1:0 26856
26203 57748 1:0 26732
26203 57747 1:0 26842
26209 57746 1:0 26843
26214 57715 1:0 26969
26242 57714 1:0 26977
26324 57713 1:0 26976
26325 57712 1:0 26987
26334 57682 1:0 26994
26334 57679 1:0 27118
26340 57681 1:0 27104
26345 57680 1:0 27105
26373 57649 1:0 27231
26455 57648 1:0 27239
26456 57647 1:0 27238
26465 57646 1:0 27249
26465 57613 1:0 27380
26471 57616 1:0 27256
26491 57614 1:0 27367
26504 57615 1:0 27366
26586 57583 1:0 27493
26587 57581 1:0 27500
26596 57582 1:0 27501
26596 57580 1:0 27511
26602 57547 1:0 27642
26622 57550 1:0 27518
26623 336 1:0 28972
26717 57548 1:0 27629
26718 57549 1:0 27628
27822 60431 21:0 27956
27829 60433 0:0 27830
27829 60432 0:0 27830
27894 60434 0:0 27896
27900 60464 0:0 27901
27905 60466 0:0 27906
27905 60465 0:0 27906
27956 60467 0:0 27972
27974 60497 21:0 28108
27981 60499 0:0 27982
27981 60498 0:0 27982
28046 60500 0:0 28048
28052 60530 0:0 28053
28057 60532 0:0 28058
28057 60531 0:0 28058
28108 60533 0:0 28124
28126 60563 21:0 28260
28133 60565 0:0 28134
28133 60564 0:0 28134
28198 60566 0:0 28200
28204 60596 0:0 28205
28209 60598 0:0 28210
28209 60597 0:0 28210
28260 60599 0:0 28276
28278 60629 21:0 28412
28285 60630 0:0 28286
28285 60631 0:0 28286
28350 60632 0:0 28352
28356 60662 0:0 28357
28361 60664 0:0 28362
28361 60663 0:0 28362
28412 60665 0:0 28428
28430 60695 21:0 28564
28437 60697 0:0 28438
28437 60696 0:0 28438
28502 60698 0:0 28504
28508 60728 0:0 28509
28513 60729 0:0 28514
28513 60730 0:0 28514
28564 60731 0:0 28580
28582 60761 21:0 28716
28589 60762 0:0 28590
28589 60763 0:0 28590
28654 60764 0:0 28656
28660 60794 0:0 28661
28665 60796 0:0 28666
28665 60795 0:0 28666
28716 60797 0:0 28732
28734 60827 21:0 28868
28741 60828 0:0 28742
28741 60829 0:0 28742
28806 60830 0:0 28808
28812 60860 0:0 28813
28817 60862 0:0 28818
28817 60861 0:0 28818
28868 60863 0:0 28884
28984 59453 1:0 29113
28985 59419 1:0 29243
28994 59388 1:0 29261
28994 59385 1:0 29385
29000 59387 1:0 29371
29013 336 21:0 29107
29021 59386 1:0 29372
29115 59355 1:0 29498
29116 59353 1:0 29505
29116 59354 1:0 29506
29125 59352 1:0 29516
29125 59319 1:0 29647
29133 59322 1:0 29523
29152 59320 1:0 29634
29246 59321 1:0 29633
29247 59289 1:0 29760
29247 59287 1:0 29767
29256 59288 1:0 29768
29256 59286 1:0 29778
29264 59253 1:0 29909
29283 59256 1:0 29785
29377 59254 1:0 29896
29378 59255 1:0 29895
29387 59223 1:0 30022
29387 59221 1:0 30029
29393 59222 1:0 30030
29397 59220 1:0 30040
29426 59187 1:0 30171
29508 59190 1:0 30047
29509 59188 1:0 30158
29518 59189 1:0 30157
29518 59157 1:0 30284
29524 59155 1:0 30291
29529 59156 1:0 30292
29557 59154 1:0 30302
29639 59121 1:0 30433
29640 59124 1:0 30309
29649 59123 1:0 30419
29649 59122 1:0 30420
29655 59091 1:0 30546
29660 59089 1:0 30553
29688 59090 1:0 30554
29770 59088 1:0 30564
29771 59055 1:0 30695
29780 59058 1:0 30571
29780 59056 1:0 30682
29786 59057 1:0 30681
29806 59025 1:0 30808
29819 59023 1:0 30815
29901 59024 1:0 30816
29902 59022 1:0 30826
29911 58992 1:0 30833
29911 58989 1:0 30957
29917 58991 1:0 30943
29937 58990 1:0 30944
29938 337 1:0 32287
31137 61873 21:0 31271
31144 61874 0:0 31145
31144 61875 0:0 31145
31209 61876 0:0 31211
31215 61906 0:0 31216
31220 61907 0:0 31221
31220 61908 0:0 31221
31271 61909 0:0 31287
31289 61939 21:0 31423
31296 61941 0:0 31297
31296 61940 0:0 31297
31361 61942 0:0 31363
31367 61972 0:0 31368
31372 61973 0:0 31373
31372 61974 0:0 31373
31423 61975 0:0 31439
31441 62005 21:0 31575
31448 62007 0:0 31449
31448 62006 0:0 31449
31513 62008 0:0 31515
31519 62038 0:0 31520
31524 62040 0:0 31525
31524 62039 0:0 31525
31575 62041 0:0 31591
31593 62071 21:0 31727
31600 62073 0:0 31601
31600 62072 0:0 31601
31665 62074 0:0 31667
31671 62104 0:0 31672
31676 62105 0:0 31677
31676 62106 0:0 31677
31727 62107 0:0 31743
31745 62137 21:0 31879
31752 62139 0:0 31753
31752 62138 0:0 31753
31817 62140 0:0 31819
31823 62170 0:0 31824
31828 62171 0:0 31829
31828 62172 0:0 31829
31879 62173 0:0 31895
31897 62203 0:0 31900
31902 62205 21:0 32047
31904 62204 0:0 31905
31969 62206 0:0 31971
31975 62236 0:0 31976
31980 62237 0:0 31981
31980 62238 0:0 31981
32045 62239 0:0 32047
32049 62269 21:0 32183
32056 62270 0:0 32057
32121 62272 0:0 32123
32127 62302 0:0 32128
32132 62304 0:0 32133
32132 62303 0:0 32133
32299 60863 1:0 32551
32300 60862 1:0 32559
32309 60861 1:0 32558
32309 60860 1:0 32569
32315 60827 1:0 32700
32328 337 21:0 32422
32336 60830 1:0 32576
32430 60829 1:0 32686
32431 60828 1:0 32687
32431 60797 1:0 32813
32440 60795 1:0 32820
32440 60796 1:0 32821
32448 60794 1:0 32831
32467 60761 1:0 32962
32561 60764 1:0 32838
32562 60763 1:0 32948
32562 60762 1:0 32949
32571 60731 1:0 33075
32571 60730 1:0 33083
32579 60729 1:0 33082
32598 60728 1:0 33093
32692 60695 1:0 33224
32693 60698 1:0 33100
32702 60697 1:0 33210
32702 60696 1:0 33211
32708 60665 1:0 33337
32712 60663 1:0 33344
32741 60664 1:0 33345
32823 60662 1:0 33355
32824 60629 1:0 33486
32833 60632 1:0 33362
32833 60631 1:0 33472
32839 60630 1:0 33473
32844 60599 1:0 33599
32872 60597 1:0 33606
32954 60598 1:0 33607
32955 60596 1:0 33617
32964 60566 1:0 33624
32964 60563 1:0 33748
32970 60564 1:0 33735
32975 60565 1:0 33734
33003 60533 1:0 33861
33085 60531 1:0 33868
33086 60532 1:0 33869
33095 60530 1:0 33879
33095 60497 1:0 34010
33101 60500 1:0 33886
33121 60499 1:0 33996
33134 60498 1:0 33997
33216 60467 1:0 34123
33217 60466 1:0 34131
33226 60465 1:0 34130
33226 60464 1:0 34141
33232 60431 1:0 34272
33252 60434 1:0 34148
33253 338 1:0 35602
33347 60432 1:0 34259
33348 60433 1:0 34258
34452 63315 21:0 34586
34459 63317 0:0 34460
34459 63316 0:0 34460
34524 63318 0:0 34526
34530 63348 0:0 34531
34535 63350 0:0 34536
34535 63349 0:0 34536
34586 63351 0:0 34602
34604 63381 21:0 34738
34611 63383 0:0 34612
34611 63382 0:0 34612
34676 63384 0:0 34678
34682 63414 0:0 34683
34687 63415 0:0 34688
34687 63416 0:0 34688
34738 63417 0:0 34754
34756 63447 21:0 34890
34763 63448 0:0 34764
34763 63449 0:0 34764
34828 63450 0:0 34830
34834 63480 0:0 34835
34839 63482 0:0 34840
34839 63481 0:0 34840
34890 63483 0:0 34906
34908 63513 21:0 35042
34915 63515 0:0 34916
34915 63514 0:0 34916
34980 63516 0:0 34982
34986 63546 0:0 34987
34991 63548 0:0 34992
34991 63547 0:0 34992
35042 63549 0:0 35058
35060 63579 21:0 35194
35067 63580 0:0 35068
35067 63581 0:0 35068
35132 63582 0:0 35134
35138 63612 0:0 35139
35143 63614 0:0 35144
35143 63613 0:0 35144
35194 63615 0:0 35210
35212 63645 21:0 35346
35219 63647 0:0 35220
35219 63646 0:0 35220
35284 63648 0:0 35286
35290 63678 0:0 35291
35295 63679 0:0 35296
35295 63680 0:0 35296
35346 63681 0:0 35362
35364 63711 21:0 35498
35371 63712 0:0 35372
35371 63713 0:0 35372
35436 63714 0:0 35438
35442 63744 0:0 35443
35447 63745 0:0 35448
35447 63746 0:0 35448
35498 63747 0:0 35514
35614 62304 1:0 35874
35615 62303 1:0 35873
35624 62302 1:0 35884
35624 62269 1:0 36015
35630 62272 1:0 35891
35643 338 21:0 35737
35651 62270 1:0 36002
35745 62239 1:0 36128
35746 62237 1:0 36135
35746 62238 1:0 36136
35755 62236 1:0 36144
35755 62205 1:0 36267
35763 62206 1:0 36153
35782 62204 1:0 36266
35876 62203 1:0 36277
35877 62173 1:0 36390
35877 62172 1:0 36398
35886 62171 1:0 36397
35886 62170 1:0 36408
35894 62137 1:0 36539
35913 62140 1:0 36415
36007 62138 1:0 36526
36008 62139 1:0 36525
36017 62107 1:0 36652
36017 62106 1:0 36660
36023 62105 1:0 36659
36027 62104 1:0 36670
36056 62071 1:0 36801
36138 62074 1:0 36677
36139 62072 1:0 36788
36148 62073 1:0 36787
36148 62041 1:0 36914
36154 62040 1:0 36922
36159 62039 1:0 36921
36187 62038 1:0 36932
36269 62005 1:0 37063
36270 62008 1:0 36939
36279 62007 1:0 37049
36279 62006 1:0 37050
36285 61975 1:0 37176
36290 61973 1:0 37183
36318 61974 1:0 37184
36400 61972 1:0 37194
36401 61939 1:0 37325
36410 61942 1:0 37201
36410 61941 1:0 37311
36416 61940 1:0 37312
36436 61909 1:0 37438
36449 61908 1:0 37446
36531 61907 1:0 37445
36532 61906 1:0 37456
36541 61876 1:0 37463
36541 61873 1:0 37587
36547 61875 1:0 37573
36567 61874 1:0 37574
36568 339 1:0 38917
37767 64757 21:0 37901
37774 64758 0:0 37775
37774 64759 0:0 37775
37839 64760 0:0 37841
37845 64790 0:0 37846
37850 64792 0:0 37851
37850 64791 0:0 37851
37901 64793 0:0 37917
37919 64823 21:0 38053
37926 64824 0:0 37927
37926 64825 0:0 37927
37991 64826 0:0 37993
37997 64856 0:0 37998
38002 64857 0:0 38003
38002 64858 0:0 38003
38053 64859 0:0 38069
38071 64889 21:0 38205
38078 64890 0:0 38079
38078 64891 0:0 38079
38143 64892 0:0 38145
38149 64922 0:0 38150
38154 64924 0:0 38155
38154 64923 0:0 38155
38205 64925 0:0 38221
38223 64955 21:0 38357
38230 64956 0:0 38231
38230 64957 0:0 38231
38295 64958 0:0 38297
38301 64988 0:0 38302
38306 64990 0:0 38307
38306 64989 0:0 38307
38357 64991 0:0 38373
38375 65021 21:0 38509
38382 65022 0:0 38383
38382 65023 0:0 38383
38447 65024 0:0 38449
38453 65054 0:0 38454
38458 65055 0:0 38459
38458 65056 0:0 38459
38509 65057 0:0 38525
38527 65087 21:0 38661
38534 65089 0:0 38535
38534 65088 0:0 38535
38599 65090 0:0 38601
38605 65120 0:0 38606
38610 65121 0:0 38611
38610 65122 0:0 38611
38661 65123 0:0 38677
38679 65153 21:0 38813
38686 65155 0:0 38687
38757 65186 0:0 38758
38762 65188 0:0 38763
38762 65187 0:0 38763
38831 65219 21:0 38921
38929 63747 1:0 39181
38930 63746 1:0 39189
38939 63745 1:0 39188
38939 63744 1:0 39199
38945 63711 1:0 39330
38958 339 21:0 39052
38966 63714 1:0 39206
39060 63712 1:0 39317
39061 63713 1:0 39316
39061 63681 1:0 39443
39070 63679 1:0 39450
39070 63680 1:0 39451
39078 63678 1:0 39461
39097 63645 1:0 39592
39191 63648 1:0 39468
39192 63647 1:0 39578
39192 63646 1:0 39579
39201 63615 1:0 39705
39201 63614 1:0 39713
39209 63613 1:0 39712
39228 63612 1:0 39723
39322 63579 1:0 39854
39323 63582 1:0 39730
39332 63581 1:0 39840
39332 63580 1:0 39841
39338 63549 1:0 39967
39342 63547 1:0 39974
39371 63548 1:0 39975
39453 63546 1:0 39985
39454 63513 1:0 40116
39463 63516 1:0 39992
39463 63514 1:0 40103
39469 63515 1:0 40102
39474 63483 1:0 40229
39502 63481 1:0 40236
39584 63482 1:0 40237
39585 63480 1:0 40247
39594 63450 1:0 40254
39594 63447 1:0 40378
39600 63449 1:0 40364
39605 63448 1:0 40365
39633 63417 1:0 40491
39715 63415 1:0 40498
39716 63416 1:0 40499
39725 63414 1:0 40509
39725 63381 1:0 40640
39731 63384 1:0 40516
39751 63383 1:0 40626
39764 63382 1:0 40627
39846 63351 1:0 40753
39847 63349 1:0 40760
39856 63350 1:0 40761
39856 63348 1:0 40771
39862 63315 1:0 40902
39882 63318 1:0 40778
39883 340 1:0 42232
39977 63316 1:0 40889
39978 63317 1:0 40888
41082 66199 21:0 41216
41089 66201 0:0 41090
41089 66200 0:0 41090
41154 66202 0:0 41156
41160 66232 0:0 41161
41165 66234 0:0 41166
41165 66233 0:0 41166
41216 66235 0:0 41232
41234 66265 21:0 41368
41241 66266 0:0 41242
41241 66267 0:0 41242
41306 66268 0:0 41308
41312 66298 0:0 41313
41317 66299 0:0 41318
41317 66300 0:0 41318
41368 66301 0:0 41384
41386 66331 21:0 41520
41393 66333 0:0 41394
41393 66332 0:0 41394
41458 66334 0:0 41460
41464 66364 0:0 41465
41469 66365 0:0 41470
41469 66366 0:0 41470
41520 66367 0:0 41536
41538 66397 21:0 41672
41545 66398 0:0 41546
41545 66399 0:0 41546
41610 66400 0:0 41612
41616 66430 0:0 41617
41621 66431 0:0 41622
41621 66432 0:0 41622
41672 66433 0:0 41688
41690 66463 21:0 41824
41697 66464 0:0 41698
41697 66465 0:0 41698
41762 66466 0:0 41764
41768 66496 0:0 41769
41773 66498 0:0 41774
41773 66497 0:0 41774
41824 66499 0:0 41840
41842 66529 21:0 41976
41849 66530 0:0 41850
41849 66531 0:0 41850
41914 66532 0:0 41916
41920 66562 0:0 41921
41925 66563 0:0 41926
41925 66564 0:0 41926
41976 66565 0:0 41992
41994 66595 21:0 42128
42001 66596 0:0 42002
42001 66597 0:0 42002
42066 66598 0:0 42068
42072 66628 0:0 42073
42077 66629 0:0 42078
42077 66630 0:0 42078
42128 66631 0:0 42144
42244 65219 1:0 42383
42245 65188 1:0 42504
42254 65187 1:0 42503
42254 65186 1:0 42514
42260 65153 1:0 42645
42273 340 21:0 42367
42281 65155 1:0 42631
42375 65123 1:0 42758
42376 65121 1:0 42765
42376 65122 1:0 42766
42385 65120 1:0 42776
42385 65087 1:0 42907
42393 65090 1:0 42783
42412 65088 1:0 42894
42506 65089 1:0 42893
42507 65057 1:0 43020
42507 65056 1:0 43028
42516 65055 1:0 43027
42516 65054 1:0 43038
42524 65021 1:0 43169
42543 65024 1:0 43045
42637 65022 1:0 43156
42638 65023 1:0 43155
42647 64991 1:0 43282
42647 64990 1:0 43290
42653 64989 1:0 43289
42657 64988 1:0 43300
42686 64955 1:0 43431
42768 64958 1:0 43307
42769 64956 1:0 43418
42778 64957 1:0 43417
42778 64925 1:0 43544
42784 64923 1:0 43551
42789 64924 1:0 43552
42817 64922 1:0 43562
42899 64889 1:0 43693
42900 64892 1:0 43569
42909 64891 1:0 43679
42909 64890 1:0 43680
42915 64859 1:0 43806
42920 64857 1:0 43813
42948 64858 1:0 43814
43030 64856 1:0 43824
43031 64823 1:0 43955
43040 64826 1:0 43831
43040 64824 1:0 43942
43046 64825 1:0 43941
43066 64793 1:0 44068
43079 64792 1:0 44076
43161 64791 1:0 44075
43162 64790 1:0 44086
43171 64760 1:0 44093
43171 64757 1:0 44217
43177 64759 1:0 44203
43197 64758 1:0 44204
43198 341 1:0 45547
44397 67641 21:0 44531
44404 67642 0:0 44405
44404 67643 0:0 44405
44469 67644 0:0 44471
44475 67674 0:0 44476
44480 67675 0:0 44481
44480 67676 0:0 44481
44531 67677 0:0 44547
44549 67707 21:0 44683
44556 67708 0:0 44557
44556 67709 0:0 44557
44621 67710 0:0 44623
44627 67740 0:0 44628
44632 67741 0:0 44633
44632 67742 0:0 44633
44683 67743 0:0 44699
44701 67773 21:0 44835
44708 67775 0:0 44709
44708 67774 0:0 44709
44773 67776 0:0 44775
44779 67806 0:0 44780
44784 67808 0:0 44785
44784 67807 0:0 44785
44835 67809 0:0 44851
44853 67839 21:0 44987
44860 67840 0:0 44861
44860 67841 0:0 44861
44925 67842 0:0 44927
44931 67872 0:0 44932
44936 67873 0:0 44937
44936 67874 0:0 44937
44987 67875 0:0 45003
45005 67905 21:0 45139
45012 67906 0:0 45013
45012 67907 0:0 45013
45077 67908 0:0 45079
45083 67938 0:0 45084
45088 67939 0:0 45089
45088 67940 0:0 45089
45139 67941 0:0 45155
45157 67971 21:0 45291
45164 67973 0:0 45165
45164 67972 0:0 45165
45229 67974 0:0 45231
45235 68004 0:0 45236
45240 68005 0:0 45241
45240 68006 0:0 45241
45291 68007 0:0 45307
45309 68037 21:0 45443
45381 68040 0:0 45383
45387 68070 0:0 45388
45392 68072 0:0 45393
45443 68073 0:0 45459
45461 68103 21:0 45551
45559 66631 1:0 45811
45560 66630 1:0 45819
45569 66629 1:0 45818
45569 66628 1:0 45829
45575 66595 1:0 45960
45588 341 21:0 45682
45596 66598 1:0 45836
45690 66596 1:0 45947
45691 66597 1:0 45946
45691 66565 1:0 46073
45700 66563 1:0 46080
45700 66564 1:0 46081
45708 66562 1:0 46091
45727 66529 1:0 46222
45821 66532 1:0 46098
45822 66531 1:0 46208
45822 66530 1:0 46209
45831 66499 1:0 46335
45831 66497 1:0 46342
45839 66498 1:0 46343
45858 66496 1:0 46353
45952 66463 1:0 46484
45953 66466 1:0 46360
45962 66465 1:0 46470
45962 66464 1:0 46471
45968 66433 1:0 46597
45972 66431 1:0 46604
46001 66432 1:0 46605
46083 66430 1:0 46615
46084 66397 1:0 46746
46093 66400 1:0 46622
46093 66399 1:0 46732
46099 66398 1:0 46733
46104 66367 1:0 46859
46132 66366 1:0 46867
46214 66365 1:0 46866
46215 66364 1:0 46877
46224 66334 1:0 46884
46224 66331 1:0 47008
46230 66333 1:0 46994
46235 66332 1:0 46995
46263 66301 1:0 47121
46345 66299 1:0 47128
46346 66300 1:0 47129
46355 66298 1:0 47139
46355 66265 1:0 47270
46361 66268 1:0 47146
46381 66267 1:0 47256
46394 66266 1:0 47257
46476 66235 1:0 47383
46477 66233 1:0 47390
46486 66234 1:0 47391
46486 66232 1:0 47401
46492 66199 1:0 47532
46512 66202 1:0 47408
46513 342 1:0 48862
46607 66200 1:0 47519
46608 66201 1:0 47518
47712 69083 21:0 47846
47719 69085 0:0 47720
47719 69084 0:0 47720
47784 69086 0:0 47786
47790 69116 0:0 47791
47795 69118 0:0 47796
47795 69117 0:0 47796
47846 69119 0:0 47862
47864 69149 21:0 47998
47871 69150 0:0 47872
47871 69151 0:0 47872
47936 69152 0:0 47938
47942 69182 0:0 47943
47947 69184 0:0 47948
47947 69183 0:0 47948
47998 69185 0:0 48014
48016 69215 21:0 48150
48023 69217 0:0 48024
48023 69216 0:0 48024
48088 69218 0:0 48090
48094 69248 0:0 48095
48099 69250 0:0 48100
48099 69249 0:0 48100
48150 69251 0:0 48166
48168 69281 21:0 48302
48175 69282 0:0 48176
48175 69283 0:0 48176
48240 69284 0:0 48242
48246 69314 0:0 48247
48251 69315 0:0 48252
48251 69316 0:0 48252
48302 69317 0:0 48318
48320 69347 21:0 48454
48327 69348 0:0 48328
48327 69349 0:0 48328
48392 69350 0:0 48394
48398 69380 0:0 48399
48403 69381 0:0 48404
48403 69382 0:0 48404
48454 69383 0:0 48470
48472 69413 0:0 48475
48477 69415 21:0 48622
48479 69414 0:0 48480
48544 69416 0:0 48546
48550 69446 0:0 48551
48555 69447 0:0 48556
48555 69448 0:0 48556
48620 69449 0:0 48622
48624 69479 21:0 48758
48631 69480 0:0 48632
48631 69481 0:0 48632
48696 69482 0:0 48698
48702 69512 0:0 48703
48707 69514 0:0 48708
48707 69513 0:0 48708
48758 69515 0:0 48774
48874 68103 1:0 49013
48875 68073 1:0 49126
48884 68072 1:0 49134
48884 68070 1:0 49144
48890 68037 1:0 49275
48903 342 21:0 48997
48911 68040 1:0 49151
49005 68007 1:0 49388
49006 68005 1:0 49395
49006 68006 1:0 49396
49015 68004 1:0 49406
49015 67971 1:0 49537
49023 67974 1:0 49413
49042 67972 1:0 49524
49136 67973 1:0 49523
49137 67941 1:0 49650
49137 67939 1:0 49657
49146 67940 1:0 49658
49146 67938 1:0 49668
49154 67905 1:0 49799
49173 67908 1:0 49675
49267 67906 1:0 49786
49268 67907 1:0 49785
49277 67875 1:0 49912
49277 67873 1:0 49919
49283 67874 1:0 49920
49287 67872 1:0 49930
49316 67839 1:0 50061
49398 67842 1:0 49937
49399 67840 1:0 50048
49408 67841 1:0 50047
49408 67809 1:0 50174
49414 67808 1:0 50182
49419 67807 1:0 50181
49447 67806 1:0 50192
49529 67773 1:0 50323
49530 67776 1:0 50199
49539 67775 1:0 50309
49539 67774 1:0 50310
49545 67743 1:0 50436
49550 67741 1:0 50443
49578 67742 1:0 50444
49660 67740 1:0 50454
49661 67707 1:0 50585
49670 67710 1:0 50461
49670 67708 1:0 50572
49676 67709 1:0 50571
49696 67677 1:0 50698
49709 67676 1:0 50706
49791 67675 1:0 50705
49792 67674 1:0 50716
49801 67644 1:0 50723
49801 67641 1:0 50847
49807 67642 1:0 50834
49827 67643 1:0 50833
49828 343 1:0 52177
51027 70525 21:0 51161
51034 70526 0:0 51035
51034 70527 0:0 51035
51099 70528 0:0 51101
51105 70558 0:0 51106
51110 70559 0:0 51111
51110 70560 0:0 51111
51161 70561 0:0 51177
51179 70591 21:0 51313
51186 70593 0:0 51187
51186 70592 0:0 51187
51251 70594 0:0 51253
51257 70624 0:0 51258
51262 70626 0:0 51263
51262 70625 0:0 51263
51313 70627 0:0 51329
51331 70657 21:0 51465
51338 70658 0:0 51339
51338 70659 0:0 51339
51403 70660 0:0 51405
51409 70690 0:0 51410
51414 70691 0:0 51415
51414 70692 0:0 51415
51465 70693 0:0 51481
51483 70723 21:0 51617
51490 70725 0:0 51491
51490 70724 0:0 51491
51555 70726 0:0 51557
51561 70756 0:0 51562
51566 70758 0:0 51567
51566 70757 0:0 51567
51617 70759 0:0 51633
51635 70789 21:0 51769
51642 70790 0:0 51643
51642 70791 0:0 51643
51707 70792 0:0 51709
51713 70822 0:0 51714
51718 70824 0:0 51719
51718 70823 0:0 51719
51769 70825 0:0 51785
51787 70855 21:0 51921
51794 70857 0:0 51795
51794 70856 0:0 51795
51859 70858 0:0 51861
51865 70888 0:0 51866
51870 70889 0:0 51871
51870 70890 0:0 51871
51921 70891 0:0 51937
51939 70921 21:0 52073
51946 70923 0:0 51947
51946 70922 0:0 51947
52011 70924 0:0 52013
52022 70956 0:0 52023
52022 70955 0:0 52023
52189 69515 1:0 52441
52190 69514 1:0 52449
52199 69513 1:0 52448
52199 69512 1:0 52459
52205 69479 1:0 52590
52218 343 21:0 52312
52226 69482 1:0 52466
52320 69480 1:0 52577
52321 69481 1:0 52576
52321 69449 1:0 52703
52330 69447 1:0 52710
52330 69448 1:0 52711
52338 69415 1:0 52842
52357 69446 1:0 52719
52451 69416 1:0 52728
52452 69414 1:0 52841
52452 69413 1:0 52852
52461 69383 1:0 52965
52461 69382 1:0 52973
52469 69381 1:0 52972
52488 69380 1:0 52983
52582 69347 1:0 53114
52583 69350 1:0 52990
52592 69349 1:0 53100
52592 69348 1:0 53101
52598 69317 1:0 53227
52602 69315 1:0 53234
52631 69316 1:0 53235
52713 69314 1:0 53245
52714 69281 1:0 53376
52723 69284 1:0 53252
52723 69283 1:0 53362
52729 69282 1:0 53363
52734 69251 1:0 53489
52762 69250 1:0 53497
52844 69249 1:0 53496
52845 69248 1:0 53507
52854 69218 1:0 53514
52854 69215 1:0 53638
52860 69217 1:0 53624
52865 69216 1:0 53625
52893 69185 1:0 53751
52975 69183 1:0 53758
52976 69184 1:0 53759
52985 69182 1:0 53769
52985 69149 1:0 53900
52991 69152 1:0 53776
53011 69150 1:0 53887
53024 69151 1:0 53886
53106 69119 1:0 54013
53107 69118 1:0 54021
53116 69117 1:0 54020
53116 69116 1:0 54031
53122 69083 1:0 54162
53142 69086 1:0 54038
53143 344 1:0 55492
53237 69084 1:0 54149
53238 69085 1:0 54148
54342 71967 21:0 54476
54349 71968 0:0 54350
54349 71969 0:0 54350
54414 71970 0:0 54416
54420 72000 0:0 54421
54425 72001 0:0 54426
54425 72002 0:0 54426
54476 72003 0:0 54492
54494 72033 21:0 54628
54501 72035 0:0 54502
54501 72034 0:0 54502
54566 72036 0:0 54568
54572 72066 0:0 54573
54577 72068 0:0 54578
54577 72067 0:0 54578
54628 72069 0:0 54644
54646 72099 21:0 54780
54653 72101 0:0 54654
54653 72100 0:0 54654
54718 72102 0:0 54720
54724 72132 0:0 54725
54729 72134 0:0 54730
54729 72133 0:0 54730
54780 72135 0:0 54796
54798 72165 21:0 54932
54805 72166 0:0 54806
54805 72167 0:0 54806
54870 72168 0:0 54872
54876 72198 0:0 54877
54881 72199 0:0 54882
54881 72200 0:0 54882
54932 72201 0:0 54948
54950 72231 21:0 55084
54957 72232 0:0 54958
54957 72233 0:0 54958
55022 72234 0:0 55024
55028 72264 0:0 55029
55033 72265 0:0 55034
55033 72266 0:0 55034
55084 72267 0:0 55100
55102 72297 21:0 55236
55109 72299 0:0 55110
55109 72298 0:0 55110
55174 72300 0:0 55176
55180 72330 0:0 55181
55185 72331 0:0 55186
55185 72332 0:0 55186
55236 72333 0:0 55252
55254 72363 21:0 55388
55261 72365 0:0 55262
55261 72364 0:0 55262
55326 72366 0:0 55328
55332 72396 0:0 55333
55337 72397 0:0 55338
55337 72398 0:0 55338
55388 72399 0:0 55404
55504 70955 1:0 55763
55505 70956 1:0 55764
55514 70924 1:0 55781
55514 70921 1:0 55905
55520 70922 1:0 55892
55533 344 21:0 55627
55541 70923 1:0 55891
55635 70891 1:0 56018
55636 70889 1:0 56025
55636 70890 1:0 56026
55645 70888 1:0 56036
55645 70855 1:0 56167
55653 70858 1:0 56043
55672 70856 1:0 56154
55766 70857 1:0 56153
55767 70825 1:0 56280
55767 70823 1:0 56287
55776 70824 1:0 56288
55776 70822 1:0 56298
55784 70789 1:0 56429
55803 70792 1:0 56305
55897 70790 1:0 56416
55898 70791 1:0 56415
55907 70759 1:0 56542
55907 70758 1:0 56550
55913 70757 1:0 56549
55917 70756 1:0 56560
55946 70723 1:0 56691
56028 70726 1:0 56567
56029 70724 1:0 56678
56038 70725 1:0 56677
56038 70693 1:0 56804
56044 70691 1:0 56811
56049 70692 1:0 56812
56077 70690 1:0 56822
56159 70657 1:0 56953
56160 70660 1:0 56829
56169 70659 1:0 56939
56169 70658 1:0 56940
56175 70627 1:0 57066
56180 70626 1:0 57074
56208 70625 1:0 57073
56290 70624 1:0 57084
56291 70591 1:0 57215
56300 70594 1:0 57091
56300 70593 1:0 57201
56306 70592 1:0 57202
56326 70561 1:0 57328
56339 70559 1:0 57335
56421 70560 1:0 57336
56422 70558 1:0 57346
56431 70528 1:0 57353
56431 70525 1:0 57477
56437 70526 1:0 57464
56457 70527 1:0 57463
56458 345 1:0 58807
57657 73409 21:0 57791
57664 73411 0:0 57665
57664 73410 0:0 57665
57729 73412 0:0 57731
57735 73442 0:0 57736
57740 73443 0:0 57741
57740 73444 0:0 57741
57791 73445 0:0 57807
57809 73475 21:0 57943
57816 73477 0:0 57817
57816 73476 0:0 57817
57881 73478 0:0 57883
57887 73508 0:0 57888
57892 73509 0:0 57893
57892 73510 0:0 57893
57943 73511 0:0 57959
57961 73541 21:0 58095
57968 73542 0:0 57969
57968 73543 0:0 57969
58033 73544 0:0 58035
58039 73574 0:0 58040
58044 73576 0:0 58045
58044 73575 0:0 58045
58095 73577 0:0 58111
58113 73607 21:0 58247
58120 73609 0:0 58121
58120 73608 0:0 58121
58185 73610 0:0 58187
58191 73640 0:0 58192
58196 73642 0:0 58197
58196 73641 0:0 58197
58247 73643 0:0 58263
58265 73673 21:0 58399
58272 73675 0:0 58273
58272 73674 0:0 58273
58337 73676 0:0 58339
58343 73706 0:0 58344
58348 73707 0:0 58349
58348 73708 0:0 58349
58399 73709 0:0 58415
58417 73739 21:0 58551
58424 73741 0:0 58425
58424 73740 0:0 58425
58489 73742 0:0 58491
58495 73772 0:0 58496
58500 73774 0:0 58501
58500 73773 0:0 58501
58551 73775 0:0 58567
58569 73805 21:0 58703
58576 73806 0:0 58577
58641 73808 0:0 58643
58652 73839 0:0 58653
58703 73841 0:0 58719
58726 73873 21:0 58814
58819 72399 1:0 59071
58820 72397 1:0 59078
58829 72398 1:0 59079
58829 72396 1:0 59089
58835 72363 1:0 59220
58848 345 21:0 58942
58856 72366 1:0 59096
58950 72365 1:0 59206
58951 72364 1:0 59207
58951 72333 1:0 59333
58960 72331 1:0 59340
58960 72332 1:0 59341
58968 72330 1:0 59351
58987 72297 1:0 59482
59081 72300 1:0 59358
59082 72299 1:0 59468
59082 72298 1:0 59469
59091 72267 1:0 59595
59091 72265 1:0 59602
59099 72266 1:0 59603
59118 72264 1:0 59613
59212 72231 1:0 59744
59213 72234 1:0 59620
59222 72233 1:0 59730
59222 72232 1:0 59731
59228 72201 1:0 59857
59232 72200 1:0 59865
59261 72199 1:0 59864
59343 72198 1:0 59875
59344 72165 1:0 60006
59353 72168 1:0 59882
59353 72167 1:0 59992
59359 72166 1:0 59993
59364 72135 1:0 60119
59392 72133 1:0 60126
59474 72134 1:0 60127
59475 72132 1:0 60137
59484 72102 1:0 60144
59484 72099 1:0 60268
59490 72100 1:0 60255
59495 72101 1:0 60254
59523 72069 1:0 60381
59605 72067 1:0 60388
59606 72068 1:0 60389
59615 72066 1:0 60399
59615 72033 1:0 60530
59621 72036 1:0 60406
59641 72035 1:0 60516
59654 72034 1:0 60517
59736 72003 1:0 60643
59737 72001 1:0 60650
59746 72002 1:0 60651
59746 72000 1:0 60661
59752 71967 1:0 60792
59772 71970 1:0 60668
59773 346 1:0 62122
59867 71969 1:0 60778
59868 71968 1:0 60779
60972 74851 21:0 61106
60979 74853 0:0 60980
60979 74852 0:0 60980
61044 74854 0:0 61046
61050 74884 0:0 61051
61055 74885 0:0 61056
61055 74886 0:0 61056
61106 74887 0:0 61122
61124 74917 21:0 61258
61131 74919 0:0 61132
61131 74918 0:0 61132
61196 74920 0:0 61198
61202 74950 0:0 61203
61207 74951 0:0 61208
61207 74952 0:0 61208
61258 74953 0:0 61274
61276 74983 21:0 61410
61283 74984 0:0 61284
61283 74985 0:0 61284
61348 74986 0:0 61350
61354 75016 0:0 61355
61359 75017 0:0 61360
61359 75018 0:0 61360
61410 75019 0:0 61426
61428 75049 21:0 61562
61435 75050 0:0 61436
61435 75051 0:0 61436
61500 75052 0:0 61502
61506 75082 0:0 61507
61511 75083 0:0 61512
61511 75084 0:0 61512
61562 75085 0:0 61578
61580 75115 21:0 61714
61587 75117 0:0 61588
61587 75116 0:0 61588
61652 75118 0:0 61654
61658 75148 0:0 61659
61663 75150 0:0 61664
61663 75149 0:0 61664
61714 75151 0:0 61730
61732 75181 21:0 61866
61739 75182 0:0 61740
61739 75183 0:0 61740
61804 75184 0:0 61806
61810 75214 0:0 61811
61815 75215 0:0 61816
61815 75216 0:0 61816
61866 75217 0:0 61882
61884 75247 21:0 62018
61891 75248 0:0 61892
61891 75249 0:0 61892
61956 75250 0:0 61958
61962 75280 0:0 61963
61967 75281 0:0 61968
61967 75282 0:0 61968
62018 75283 0:0 62034
62134 73873 1:0 62263
62135 73841 1:0 62386
62144 73839 1:0 62393
62144 73805 1:0 62535
62150 73808 1:0 62411
62163 346 21:0 62257
62171 73806 1:0 62522
62265 73775 1:0 62648
62266 73773 1:0 62655
62266 73774 1:0 62656
62275 73772 1:0 62666
62275 73739 1:0 62797
62283 73742 1:0 62673
62302 73740 1:0 62784
62396 73741 1:0 62783
62397 73709 1:0 62910
62397 73707 1:0 62917
62406 73708 1:0 62918
62406 73706 1:0 62928
62414 73673 1:0 63059
62433 73676 1:0 62935
62527 73674 1:0 63046
62528 73675 1:0 63045
62537 73643 1:0 63172
62537 73641 1:0 63179
62543 73642 1:0 63180
62547 73640 1:0 63190
62576 73607 1:0 63321
62658 73610 1:0 63197
62659 73609 1:0 63307
62668 73608 1:0 63308
62668 73577 1:0 63434
62674 73575 1:0 63441
62679 73576 1:0 63442
62707 73574 1:0 63452
62789 73541 1:0 63583
62790 73544 1:0 63459
62799 73543 1:0 63569
62799 73542 1:0 63570
62805 73511 1:0 63696
62810 73510 1:0 63704
62838 73509 1:0 63703
62920 73508 1:0 63714
62921 73475 1:0 63845
62930 73478 1:0 63721
62930 73476 1:0 63832
62936 73477 1:0 63831
62956 73445 1:0 63958
62969 73444 1:0 63966
63051 73443 1:0 63965
63052 73442 1:0 63976
63061 73412 1:0 63983
63061 73409 1:0 64107
63067 73410 1:0 64094
63087 73411 1:0 64093
63088 347 1:0 65437
63182 75283 1:0 65701
63183 75282 1:0 65709
64287 76293 21:0 64421
64294 76295 0:0 64295
64294 76294 0:0 64295
64359 76296 0:0 64361
64365 76326 0:0 64366
64370 76327 0:0 64371
64370 76328 0:0 64371
64421 76329 0:0 64437
64439 76359 21:0 64573
64446 76360 0:0 64447
64446 76361 0:0 64447
64511 76362 0:0 64513
64517 76392 0:0 64518
64522 76393 0:0 64523
64522 76394 0:0 64523
64573 76395 0:0 64589
64591 76425 21:0 64725
64598 76426 0:0 64599
64598 76427 0:0 64599
64663 76428 0:0 64665
64669 76458 0:0 64670
64674 76460 0:0 64675
64674 76459 0:0 64675
64725 76461 0:0 64741
64743 76491 21:0 64877
64750 76493 0:0 64751
64750 76492 0:0 64751
64815 76494 0:0 64817
64821 76524 0:0 64822
64826 76526 0:0 64827
64826 76525 0:0 64827
64877 76527 0:0 64893
64895 76557 21:0 65029
64902 76558 0:0 64903
64902 76559 0:0 64903
64967 76560 0:0 64969
64973 76590 0:0 64974
64978 76592 0:0 64979
64978 76591 0:0 64979
65029 76593 0:0 65045
65047 76623 21:0 65181
65054 76625 0:0 65055
65054 76624 0:0 65055
65119 76626 0:0 65121
65125 76656 0:0 65126
65130 76658 0:0 65131
65130 76657 0:0 65131
65181 76659 0:0 65197
65199 76689 21:0 65333
65206 76691 0:0 65207
65206 76690 0:0 65207
65271 76692 0:0 65273
65277 76722 0:0 65278
65282 76724 0:0 65283
65282 76723 0:0 65283
65333 76725 0:0 65349
65449 75281 1:0 65708
65450 75280 1:0 65719
65459 75250 1:0 65726
65459 75247 1:0 65850
65465 75249 1:0 65836
65478 347 21:0 65572
65486 75248 1:0 65837
65580 75217 1:0 65963
65581 75215 1:0 65970
65581 75216 1:0 65971
65590 75214 1:0 65981
65590 75181 1:0 66112
65598 75184 1:0 65988
65617 75182 1:0 66099
65711 75183 1:0 66098
65712 75151 1:0 66225
65712 75150 1:0 66233
65721 75149 1:0 66232
65721 75148 1:0 66243
65729 75115 1:0 66374
65748 75118 1:0 66250
65842 75117 1:0 66360
65843 75116 1:0 66361
65852 75085 1:0 66487
65852 75084 1:0 66495
65858 75083 1:0 66494
65862 75082 1:0 66505
65891 75049 1:0 66636
65973 75052 1:0 66512
65974 75051 1:0 66622
65983 75050 1:0 66623
65983 75019 1:0 66749
65989 75017 1:0 66756
65994 75018 1:0 66757
66022 75016 1:0 66767
66104 74983 1:0 66898
66105 74986 1:0 66774
66114 74985 1:0 66884
66114 74984 1:0 66885
66120 74953 1:0 67011
66125 74951 1:0 67018
66153 74952 1:0 67019
66235 74950 1:0 67029
66236 74917 1:0 67160
66245 74920 1:0 67036
66245 74918 1:0 67147
66251 74919 1:0 67146
66271 74887 1:0 67273
66284 74886 1:0 67281
66366 74885 1:0 67280
66367 74884 1:0 67291
66376 74854 1:0 67298
66376 74851 1:0 67422
66382 74853 1:0 67408
66402 74852 1:0 67409
66403 348 1:0 68752
66497 76725 1:0 69016
66498 76724 1:0 69024
67602 77735 21:0 67736
67609 77737 0:0 67610
67609 77736 0:0 67610
67674 77738 0:0 67676
67680 77768 0:0 67681
67685 77770 0:0 67686
67685 77769 0:0 67686
67736 77771 0:0 67752
67754 77801 21:0 67888
67761 77802 0:0 67762
67761 77803 0:0 67762
67826 77804 0:0 67828
67832 77834 0:0 67833
67837 77835 0:0 67838
67837 77836 0:0 67838
67888 77837 0:0 67904
67906 77867 21:0 68040
67913 77868 0:0 67914
67913 77869 0:0 67914
67978 77870 0:0 67980
67984 77900 0:0 67985
67989 77902 0:0 67990
67989 77901 0:0 67990
68040 77903 0:0 68056
68058 77933 21:0 68192
68065 77935 0:0 68066
68065 77934 0:0 68066
68130 77936 0:0 68132
68136 77966 0:0 68137
68141 77967 0:0 68142
68141 77968 0:0 68142
68192 77969 0:0 68208
68210 77999 21:0 68344
68217 78000 0:0 68218
68217 78001 0:0 68218
68282 78002 0:0 68284
68288 78032 0:0 68289
68293 78033 0:0 68294
68293 78034 0:0 68294
68344 78035 0:0 68360
68362 78065 21:0 68496
68369 78066 0:0 68370
68369 78067 0:0 68370
68434 78068 0:0 68436
68440 78098 0:0 68441
68445 78100 0:0 68446
68445 78099 0:0 68446
68496 78101 0:0 68512
68514 78131 21:0 68648
68521 78132 0:0 68522
68521 78133 0:0 68522
68586 78134 0:0 68588
68592 78164 0:0 68593
68597 78165 0:0 68598
68597 78166 0:0 68598
68648 78167 0:0 68664
68764 76723 1:0 69023
68765 76722 1:0 69034
68774 76692 1:0 69041
68774 76689 1:0 69165
68780 76691 1:0 69151
68793 348 21:0 68887
68801 76690 1:0 69152
68895 76659 1:0 69278
68896 76657 1:0 69285
68896 76658 1:0 69286
68905 76656 1:0 69296
68905 76623 1:0 69427
68913 76626 1:0 69303
68932 76625 1:0 69413
69026 76624 1:0 69414
69027 76593 1:0 69540
69027 76592 1:0 69548
69036 76591 1:0 69547
69036 76590 1:0 69558
69044 76557 1:0 69689
69063 76560 1:0 69565
69157 76558 1:0 69676
69158 76559 1:0 69675
69167 76527 1:0 69802
69167 76525 1:0 69809
69173 76526 1:0 69810
69177 76524 1:0 69820
69206 76491 1:0 69951
69288 76494 1:0 69827
69289 76493 1:0 69937
69298 76492 1:0 69938
69298 76461 1:0 70064
69304 76460 1:0 70072
69309 76459 1:0 70071
69337 76458 1:0 70082
69419 76425 1:0 70213
69420 76428 1:0 70089
69429 76427 1:0 70199
69429 76426 1:0 70200
69435 76395 1:0 70326
69440 76393 1:0 70333
69468 76394 1:0 70334
69550 76392 1:0 70344
69551 76359 1:0 70475
69560 76362 1:0 70351
69560 76361 1:0 70461
69566 76360 1:0 70462
69586 76329 1:0 70588
69599 76327 1:0 70595
69681 76328 1:0 70596
69682 76326 1:0 70606
69691 76296 1:0 70613
69691 76293 1:0 70737
69697 76295 1:0 70723
69717 76294 1:0 70724
69718 349 1:0 72067
70917 79177 21:0 71051
70924 79178 0:0 70925
70924 79179 0:0 70925
70989 79180 0:0 70991
70995 79210 0:0 70996
71000 79211 0:0 71001
71000 79212 0:0 71001
71051 79213 0:0 71067
71069 79243 21:0 71203
71076 79245 0:0 71077
71076 79244 0:0 71077
71141 79246 0:0 71143
71147 79276 0:0 71148
71152 79278 0:0 71153
71152 79277 0:0 71153
71203 79279 0:0 71219
71221 79309 21:0 71355
71228 79311 0:0 71229
71228 79310 0:0 71229
71293 79312 0:0 71295
71299 79342 0:0 71300
71304 79344 0:0 71305
71304 79343 0:0 71305
71355 79345 0:0 71371
71373 79375 21:0 71507
71380 79377 0:0 71381
71380 79376 0:0 71381
71445 79378 0:0 71447
71451 79408 0:0 71452
71456 79409 0:0 71457
71456 79410 0:0 71457
71507 79411 0:0 71523
71525 79441 21:0 71659
71532 79443 0:0 71533
71532 79442 0:0 71533
71597 79444 0:0 71599
71603 79474 0:0 71604
71608 79475 0:0 71609
71608 79476 0:0 71609
71659 79477 0:0 71675
71677 79507 21:0 71811
71684 79509 0:0 71685
71684 79508 0:0 71685
71749 79510 0:0 71751
71755 79540 0:0 71756
71760 79541 0:0 71761
71760 79542 0:0 71761
71811 79543 0:0 71827
71829 79573 21:0 71963
71836 79575 0:0 71837
71836 79574 0:0 71837
71901 79576 0:0 71903
71907 79606 0:0 71908
71912 79607 0:0 71913
72079 78167 1:0 72331
72080 78166 1:0 72339
72089 78165 1:0 72338
72089 78164 1:0 72349
72095 78131 1:0 72480
72108 349 21:0 72202
72116 78134 1:0 72356
72210 78133 1:0 72466
72211 78132 1:0 72467
72211 78101 1:0 72593
72220 78099 1:0 72600
72220 78100 1:0 72601
72228 78098 1:0 72611
72247 78065 1:0 72742
72341 78068 1:0 72618
72342 78067 1:0 72728
72342 78066 1:0 72729
72351 78035 1:0 72855
72351 78033 1:0 72862
72359 78034 1:0 72863
72378 78032 1:0 72873
72472 77999 1:0 73004
72473 78002 1:0 72880
72482 78001 1:0 72990
72482 78000 1:0 72991
72488 77969 1:0 73117
72492 77968 1:0 73125
72521 77967 1:0 73124
72603 77966 1:0 73135
72604 77933 1:0 73266
72613 77936 1:0 73142
72613 77935 1:0 73252
72619 77934 1:0 73253
72624 77903 1:0 73379
72652 77902 1:0 73387
72734 77901 1:0 73386
72735 77900 1:0 73397
72744 77870 1:0 73404
72744 77867 1:0 73528
72750 77869 1:0 73514
72755 77868 1:0 73515
72783 77837 1:0 73641
72865 77836 1:0 73649
72866 77835 1:0 73648
72875 77834 1:0 73659
72875 77801 1:0 73790
72881 77804 1:0 73666
72901 77803 1:0 73776
72914 77802 1:0 73777
72996 77771 1:0 73903
72997 77769 1:0 73910
73006 77770 1:0 73911
73006 77768 1:0 73921
73012 77735 1:0 74052
73032 77738 1:0 73928
73033 350 1:0 75382
73127 77737 1:0 74038
73128 77736 1:0 74039
74232 80619 21:0 74366
74239 80621 0:0 74240
74239 80620 0:0 74240
74304 80622 0:0 74306
74310 80652 0:0 74311
74315 80654 0:0 74316
74315 80653 0:0 74316
74366 80655 0:0 74382
74384 80685 21:0 74518
74391 80687 0:0 74392
74391 80686 0:0 74392
74456 80688 0:0 74458
74462 80718 0:0 74463
74467 80720 0:0 74468
74467 80719 0:0 74468
74518 80721 0:0 74534
74536 80751 21:0 74670
74543 80753 0:0 74544
74543 80752 0:0 74544
74608 80754 0:0 74610
74614 80784 0:0 74615
74619 80786 0:0 74620
74619 80785 0:0 74620
74670 80787 0:0 74686
74688 80817 21:0 74822
74695 80819 0:0 74696
74695 80818 0:0 74696
74760 80820 0:0 74762
74766 80850 0:0 74767
74771 80852 0:0 74772
74771 80851 0:0 74772
74822 80853 0:0 74838
74840 80883 21:0 74974
74847 80885 0:0 74848
74847 80884 0:0 74848
74912 80886 0:0 74914
74918 80916 0:0 74919
74923 80918 0:0 74924
74923 80917 0:0 74924
74974 80919 0:0 74990
74992 80949 21:0 75126
74999 80950 0:0 75000
74999 80951 0:0 75000
75064 80952 0:0 75066
75070 80982 0:0 75071
75075 80984 0:0 75076
75075 80983 0:0 75076
75126 80985 0:0 75142
75144 81015 21:0 75278
75151 81017 0:0 75152
75151 81016 0:0 75152
75216 81018 0:0 75218
75222 81048 0:0 75223
75227 81049 0:0 75228
75227 81050 0:0 75228
75278 81051 0:0 75294
75394 79607 1:0 75653
75395 79606 1:0 75664
75404 79576 1:0 75671
75404 79573 1:0 75795
75410 79575 1:0 75781
75423 350 21:0 75517
75431 79574 1:0 75782
75525 79543 1:0 75908
75526 79541 1:0 75915
75526 79542 1:0 75916
75535 79540 1:0 75926
75535 79507 1:0 76057
75543 79510 1:0 75933
75562 79509 1:0 76043
75656 79508 1:0 76044
75657 79477 1:0 76170
75657 79475 1:0 76177
75666 79476 1:0 76178
75666 79474 1:0 76188
75674 79441 1:0 76319
75693 79444 1:0 76195
75787 79442 1:0 76306
75788 79443 1:0 76305
75797 79411 1:0 76432
75797 79410 1:0 76440
75803 79409 1:0 76439
75807 79408 1:0 76450
75836 79375 1:0 76581
75918 79378 1:0 76457
75919 79377 1:0 76567
75928 79376 1:0 76568
75928 79345 1:0 76694
75934 79344 1:0 76702
75939 79343 1:0 76701
75967 79342 1:0 76712
76049 79309 1:0 76843
76050 79312 1:0 76719
76059 79311 1:0 76829
76059 79310 1:0 76830
76065 79279 1:0 76956
76070 79278 1:0 76964
76098 79277 1:0 76963
76180 79276 1:0 76974
76181 79243 1:0 77105
76190 79246 1:0 76981
76190 79244 1:0 77092
76196 79245 1:0 77091
76216 79213 1:0 77218
76229 79211 1:0 77225
76311 79212 1:0 77226
76312 79210 1:0 77236
76321 79180 1:0 77243
76321 79177 1:0 77367
76327 79179 1:0 77353
76347 79178 1:0 77354
76348 351 1:0 78697
77547 82061 21:0 77681
77554 82063 0:0 77555
77554 82062 0:0 77555
77619 82064 0:0 77621
77625 82094 0:0 77626
77630 82096 0:0 77631
77630 82095 0:0 77631
77681 82097 0:0 77697
77699 82127 21:0 77833
77706 82129 0:0 77707
77706 82128 0:0 77707
77771 82130 0:0 77773
77777 82160 0:0 77778
77782 82162 0:0 77783
77782 82161 0:0 77783
77833 82163 0:0 77849
77851 82193 21:0 77985
77858 82194 0:0 77859
77858 82195 0:0 77859
77923 82196 0:0 77925
77929 82226 0:0 77930
77934 82228 0:0 77935
77934 82227 0:0 77935
77985 82229 0:0 78001
78003 82259 21:0 78137
78010 82260 0:0 78011
78010 82261 0:0 78011
78075 82262 0:0 78077
78081 82292 0:0 78082
78086 82294 0:0 78087
78086 82293 0:0 78087
78137 82295 0:0 78153
78155 82325 21:0 78289
78162 82326 0:0 78163
78162 82327 0:0 78163
78227 82328 0:0 78229
78233 82358 0:0 78234
78238 82360 0:0 78239
78238 82359 0:0 78239
78289 82361 0:0 78305
78307 82391 21:0 78441
78314 82393 0:0 78315
78314 82392 0:0 78315
78379 82394 0:0 78381
78385 82424 0:0 78386
78390 82426 0:0 78391
78390 82425 0:0 78391
78441 82427 0:0 78457
78459 82457 21:0 78593
78466 82458 0:0 78467
78531 82460 0:0 78533
78537 82490 0:0 78538
78542 82492 0:0 78543
78593 82493 0:0 78609
78709 81051 1:0 78961
78710 81050 1:0 78969
78719 81049 1:0 78968
78719 81048 1:0 78979
78725 81015 1:0 79110
78738 351 21:0 78832
78746 81018 1:0 78986
78840 81016 1:0 79097
78841 81017 1:0 79096
78841 80985 1:0 79223
78850 80983 1:0 79230
78850 80984 1:0 79231
78858 80982 1:0 79241
78877 80949 1:0 79372
78971 80952 1:0 79248
78972 80951 1:0 79358
78972 80950 1:0 79359
78981 80919 1:0 79485
78981 80918 1:0 79493
78989 80917 1:0 79492
79008 80916 1:0 79503
79102 80883 1:0 79634
79103 80886 1:0 79510
79112 80885 1:0 79620
79112 80884 1:0 79621
79118 80853 1:0 79747
79122 80852 1:0 79755
79151 80851 1:0 79754
79233 80850 1:0 79765
79234 80817 1:0 79896
79243 80820 1:0 79772
79243 80819 1:0 79882
79249 80818 1:0 79883
79254 80787 1:0 80009
79282 80785 1:0 80016
79364 80786 1:0 80017
79365 80784 1:0 80027
79374 80754 1:0 80034
79374 80751 1:0 80158
79380 80753 1:0 80144
79385 80752 1:0 80145
79413 80721 1:0 80271
79495 80719 1:0 80278
79496 80720 1:0 80279
79505 80718 1:0 80289
79505 80685 1:0 80420
79511 80688 1:0 80296
79531 80687 1:0 80406
79544 80686 1:0 80407
79626 80655 1:0 80533
79627 80654 1:0 80541
79636 80653 1:0 80540
79636 80652 1:0 80551
79642 80619 1:0 80682
79662 80622 1:0 80558
79663 352 1:0 82012
79757 80620 1:0 80669
79758 80621 1:0 80668
80862 83503 21:0 80996
80869 83504 0:0 80870
80869 83505 0:0 80870
80934 83506 0:0 80936
80940 83536 0:0 80941
80945 83538 0:0 80946
80945 83537 0:0 80946
80996 83539 0:0 81012
81014 83569 21:0 81148
81021 83571 0:0 81022
81021 83570 0:0 81022
81086 83572 0:0 81088
81092 83602 0:0 81093
81097 83604 0:0 81098
81097 83603 0:0 81098
81148 83605 0:0 81164
81166 83635 21:0 81300
81173 83636 0:0 81174
81173 83637 0:0 81174
81238 83638 0:0 81240
81244 83668 0:0 81245
81249 83670 0:0 81250
81249 83669 0:0 81250
81300 83671 0:0 81316
81318 83701 21:0 81452
81325 83702 0:0 81326
81325 83703 0:0 81326
81390 83704 0:0 81392
81396 83734 0:0 81397
81401 83736 0:0 81402
81401 83735 0:0 81402
81452 83737 0:0 81468
81470 83767 21:0 81604
81477 83768 0:0 81478
81477 83769 0:0 81478
81542 83770 0:0 81544
81548 83800 0:0 81549
81553 83801 0:0 81554
81553 83802 0:0 81554
81604 83803 0:0 81620
81622 83833 21:0 81756
81629 83835 0:0 81630
81629 83834 0:0 81630
81694 83836 0:0 81696
81700 83866 0:0 81701
81705 83867 0:0 81706
81705 83868 0:0 81706
81756 83869 0:0 81772
81774 83899 21:0 81908
81781 83901 0:0 81782
81781 83900 0:0 81782
81846 83902 0:0 81848
81852 83932 0:0 81853
81857 83933 0:0 81858
81857 83934 0:0 81858
81908 83935 0:0 81924
82024 82493 1:0 82276
82025 82492 1:0 82284
82034 82490 1:0 82294
82034 82457 1:0 82425
82040 82460 1:0 82301
82053 352 21:0 82147
82061 82458 1:0 82412
82155 82427 1:0 82538
82156 82425 1:0 82545
82156 82426 1:0 82546
82165 82424 1:0 82556
82165 82391 1:0 82687
82173 82394 1:0 82563
82192 82393 1:0 82673
82286 82392 1:0 82674
82287 82361 1:0 82800
82287 82359 1:0 82807
82296 82360 1:0 82808
82296 82358 1:0 82818
82304 82325 1:0 82949
82323 82328 1:0 82825
82417 82327 1:0 82935
82418 82326 1:0 82936
82427 82295 1:0 83062
82427 82293 1:0 83069
82433 82294 1:0 83070
82437 82292 1:0 83080
82466 82259 1:0 83211
82548 82262 1:0 83087
82549 82261 1:0 83197
82558 82260 1:0 83198
82558 82229 1:0 83324
82564 82227 1:0 83331
82569 82228 1:0 83332
82597 82226 1:0 83342
82679 82193 1:0 83473
82680 82196 1:0 83349
82689 82195 1:0 83459
82689 82194 1:0 83460
82695 82163 1:0 83586
82700 82162 1:0 83594
82728 82161 1:0 83593
82810 82160 1:0 83604
82811 82127 1:0 83735
82820 82130 1:0 83611
82820 82128 1:0 83722
82826 82129 1:0 83721
82846 82097 1:0 83848
82859 82096 1:0 83856
82941 82095 1:0 83855
82942 82094 1:0 83866
82951 82064 1:0 83873
82951 82061 1:0 83997
82957 82063 1:0 83983
82977 82062 1:0 83984
82978 353 1:0 85327
84177 84945 21:0 84311
84184 84947 0:0 84185
84184 84946 0:0 84185
84249 84948 0:0 84251
84255 84978 0:0 84256
84260 84979 0:0 84261
84260 84980 0:0 84261
84311 84981 0:0 84327
84329 85011 21:0 84463
84336 85012 0:0 84337
84336 85013 0:0 84337
84401 85014 0:0 84403
84407 85044 0:0 84408
84412 85046 0:0 84413
84412 85045 0:0 84413
84463 85047 0:0 84479
84481 85077 21:0 84615
84488 85079 0:0 84489
84488 85078 0:0 84489
84553 85080 0:0 84555
84559 85110 0:0 84560
84564 85111 0:0 84565
84564 85112 0:0 84565
84615 85113 0:0 84631
84633 85143 21:0 84767
84640 85145 0:0 84641
84640 85144 0:0 84641
84705 85146 0:0 84707
84711 85176 0:0 84712
84716 85177 0:0 84717
84716 85178 0:0 84717
84767 85179 0:0 84783
84785 85209 21:0 84924
84792 85211 0:0 84793
84792 85210 0:0 84793
84857 85212 0:0 84859
84863 85242 0:0 84864
84868 85243 0:0 84869
84868 85244 0:0 84869
84923 85245 0:0 84935
84937 85275 21:0 85071
84944 85277 0:0 84945
84944 85276 0:0 84945
85009 85278 0:0 85011
85015 85308 0:0 85016
85020 85309 0:0 85021
85020 85310 0:0 85021
85071 85311 0:0 85087
85089 85341 21:0 85223
85096 85342 0:0 85097
85161 85344 0:0 85163
85167 85374 0:0 85168
85172 85376 0:0 85173
85223 85377 0:0 85239
85339 83935 1:0 85591
85340 83934 1:0 85599
85349 83933 1:0 85598
85349 83932 1:0 85609
85355 83899 1:0 85740
85368 353 21:0 85462
85376 83902 1:0 85616
85470 83901 1:0 85726
85471 83900 1:0 85727
85471 83869 1:0 85853
85480 83867 1:0 85860
85480 83868 1:0 85861
85488 83866 1:0 85871
85507 83833 1:0 86002
85601 83836 1:0 85878
85602 83835 1:0 85988
85602 83834 1:0 85989
85611 83803 1:0 86115
85611 83801 1:0 86122
85619 83802 1:0 86123
85638 83800 1:0 86133
85732 83767 1:0 86264
85733 83770 1:0 86140
85742 83769 1:0 86250
85742 83768 1:0 86251
85748 83737 1:0 86377
85752 83736 1:0 86385
85781 83735 1:0 86384
85863 83734 1:0 86395
85864 83701 1:0 86526
85873 83704 1:0 86402
85873 83703 1:0 86512
85879 83702 1:0 86513
85884 83671 1:0 86639
85912 83670 1:0 86647
85994 83669 1:0 86646
85995 83668 1:0 86657
86004 83638 1:0 86664
86004 83635 1:0 86788
86010 83636 1:0 86775
86015 83637 1:0 86774
86043 83605 1:0 86901
86125 83603 1:0 86908
86126 83604 1:0 86909
86135 83602 1:0 86919
86135 83569 1:0 87050
86141 83572 1:0 86926
86161 83571 1:0 87036
86174 83570 1:0 87037
86256 83539 1:0 87163
86257 83538 1:0 87171
86266 83537 1:0 87170
86266 83536 1:0 87181
86272 83503 1:0 87312
86292 83506 1:0 87188
86293 354 1:0 88642
86387 83504 1:0 87299
86388 83505 1:0 87298
87492 86387 21:0 87626
87499 86388 0:0 87500
87499 86389 0:0 87500
87564 86390 0:0 87566
87570 86420 0:0 87571
87575 86421 0:0 87576
87575 86422 0:0 87576
87626 86423 0:0 87642
87644 86453 21:0 87778
87651 86455 0:0 87652
87651 86454 0:0 87652
87716 86456 0:0 87718
87722 86486 0:0 87723
87727 86487 0:0 87728
87727 86488 0:0 87728
87778 86489 0:0 87794
87796 86519 21:0 87930
87803 86521 0:0 87804
87803 86520 0:0 87804
87868 86522 0:0 87870
87874 86552 0:0 87875
87879 86554 0:0 87880
87879 86553 0:0 87880
87930 86555 0:0 87946
87948 86585 21:0 88082
87955 86587 0:0 87956
87955 86586 0:0 87956
88020 86588 0:0 88022
88026 86618 0:0 88027
88031 86619 0:0 88032
88031 86620 0:0 88032
88082 86621 0:0 88098
88100 86651 21:0 88234
88107 86652 0:0 88108
88107 86653 0:0 88108
88172 86654 0:0 88174
88178 86684 0:0 88179
88183 86685 0:0 88184
88183 86686 0:0 88184
88234 86687 0:0 88250
88252 86717 21:0 88386
88259 86719 0:0 88260
88259 86718 0:0 88260
88324 86720 0:0 88326
88330 86750 0:0 88331
88335 86751 0:0 88336
88335 86752 0:0 88336
88386 86753 0:0 88402
88404 86783 0:0 88407
88409 86784 21:0 88554
88411 86785 0:0 88412
88476 86786 0:0 88478
88482 86816 0:0 88483
88487 86817 0:0 88488
88487 86818 0:0 88488
88552 86819 0:0 88554
88654 85377 1:0 88906
88655 85376 1:0 88914
88664 85374 1:0 88924
88664 85341 1:0 89055
88670 85344 1:0 88931
88683 354 21:0 88777
88691 85342 1:0 89042
88785 85311 1:0 89168
88786 85309 1:0 89175
88786 85310 1:0 89176
88795 85308 1:0 89186
88795 85275 1:0 89317
88803 85278 1:0 89193
88822 85276 1:0 89304
88916 85277 1:0 89303
88917 85245 1:0 89430
88917 85243 1:0 89437
88926 85244 1:0 89438
88926 85242 1:0 89448
88934 85209 1:0 89579
88953 85212 1:0 89455
89047 85211 1:0 89565
89048 85210 1:0 89566
89057 85179 1:0 89692
89057 85177 1:0 89699
89063 85178 1:0 89700
89067 85176 1:0 89710
89096 85143 1:0 89841
89178 85146 1:0 89717
89179 85144 1:0 89828
89188 85145 1:0 89827
89188 85113 1:0 89954
89194 85111 1:0 89961
89199 85112 1:0 89962
89227 85110 1:0 89972
89309 85077 1:0 90103
89310 85080 1:0 89979
89319 85079 1:0 90089
89319 85078 1:0 90090
89325 85047 1:0 90216
89330 85046 1:0 90224
89358 85045 1:0 90223
89440 85044 1:0 90234
89441 85011 1:0 90365
89450 85014 1:0 90241
89450 85012 1:0 90352
89456 85013 1:0 90351
89476 84981 1:0 90478
89489 84980 1:0 90486
89571 84979 1:0 90485
89572 84978 1:0 90496
89581 84948 1:0 90503
89581 84945 1:0 90627
89587 84946 1:0 90614
89607 84947 1:0 90613
89608 355 1:0 91957
89702 86819 1:0 92221
89703 86818 1:0 92229
90807 87829 21:0 90941
90814 87830 0:0 90815
90814 87831 0:0 90815
90879 87832 0:0 90881
90885 87862 0:0 90886
90890 87864 0:0 90891
90890 87863 0:0 90891
90941 87865 0:0 90957
90959 87895 21:0 91093
90966 87897 0:0 90967
90966 87896 0:0 90967
91031 87898 0:0 91033
91037 87928 0:0 91038
91042 87930 0:0 91043
91042 87929 0:0 91043
91093 87931 0:0 91109
91111 87961 21:0 91245
91118 87963 0:0 91119
91118 87962 0:0 91119
91183 87964 0:0 91185
91189 87994 0:0 91190
91194 87995 0:0 91195
91194 87996 0:0 91195
91245 87997 0:0 91261
91263 88027 21:0 91397
91270 88028 0:0 91271
91270 88029 0:0 91271
91335 88030 0:0 91337
91341 88060 0:0 91342
91346 88061 0:0 91347
91346 88062 0:0 91347
91397 88063 0:0 91413
91415 88093 21:0 91549
91422 88094 0:0 91423
91422 88095 0:0 91423
91487 88096 0:0 91489
91493 88126 0:0 91494
91498 88128 0:0 91499
91498 88127 0:0 91499
91549 88129 0:0 91565
91567 88159 21:0 91701
91574 88161 0:0 91575
91574 88160 0:0 91575
91639 88162 0:0 91641
91645 88192 0:0 91646
91650 88194 0:0 91651
91650 88193 0:0 91651
91701 88195 0:0 91717
91719 88225 21:0 91853
91726 88227 0:0 91727
91726 88226 0:0 91727
91791 88228 0:0 91793
91797 88258 0:0 91798
91802 88260 0:0 91803
91802 88259 0:0 91803
91876 88293 21:0 91964
91969 86817 1:0 92228
91970 86784 1:0 92359
91979 86816 1:0 92237
91979 86786 1:0 92246
91985 86785 1:0 92360
91998 355 21:0 92092
92006 86783 1:0 92370
92100 86753 1:0 92483
92101 86751 1:0 92490
92101 86752 1:0 92491
92110 86750 1:0 92501
92110 86717 1:0 92632
92118 86720 1:0 92508
92137 86719 1:0 92618
92231 86718 1:0 92619
92232 86687 1:0 92745
92232 86686 1:0 92753
92241 86685 1:0 92752
92241 86684 1:0 92763
92249 86651 1:0 92894
92268 86654 1:0 92770
92362 86653 1:0 92880
92363 86652 1:0 92881
92372 86621 1:0 93007
92372 86620 1:0 93015
92378 86619 1:0 93014
92382 86618 1:0 93025
92411 86585 1:0 93156
92493 86588 1:0 93032
92494 86587 1:0 93142
92503 86586 1:0 93143
92503 86555 1:0 93269
92509 86554 1:0 93277
92514 86553 1:0 93276
92542 86552 1:0 93287
92624 86519 1:0 93418
92625 86522 1:0 93294
92634 86521 1:0 93404
92634 86520 1:0 93405
92640 86489 1:0 93531
92645 86487 1:0 93538
92673 86488 1:0 93539
92755 86486 1:0 93549
92756 86453 1:0 93680
92765 86456 1:0 93556
92765 86454 1:0 93667
92771 86455 1:0 93666
92791 86423 1:0 93793
92804 86422 1:0 93801
92886 86421 1:0 93800
92887 86420 1:0 93811
92896 86390 1:0 93818
92896 86387 1:0 93942
92902 86388 1:0 93929
92922 86389 1:0 93928
92923 356 1:0 95272
94122 89271 21:0 94256
94129 89272 0:0 94130
94129 89273 0:0 94130
94194 89274 0:0 94196
94200 89304 0:0 94201
94205 89306 0:0 94206
94205 89305 0:0 94206
94256 89307 0:0 94272
94274 89337 21:0 94408
94281 89338 0:0 94282
94281 89339 0:0 94282
94346 89340 0:0 94348
94352 89370 0:0 94353
94357 89371 0:0 94358
94357 89372 0:0 94358
94408 89373 0:0 94424
94426 89403 21:0 94560
94433 89405 0:0 94434
94433 89404 0:0 94434
94498 89406 0:0 94500
94504 89436 0:0 94505
94509 89438 0:0 94510
94509 89437 0:0 94510
94560 89439 0:0 94576
94578 89469 21:0 94712
94585 89471 0:0 94586
94585 89470 0:0 94586
94650 89472 0:0 94652
94656 89502 0:0 94657
94661 89504 0:0 94662
94661 89503 0:0 94662
94712 89505 0:0 94728
94730 89535 21:0 94864
94737 89537 0:0 94738
94737 89536 0:0 94738
94802 89538 0:0 94804
94808 89568 0:0 94809
94813 89569 0:0 94814
94813 89570 0:0 94814
94864 89571 0:0 94880
94882 89601 0:0 94885
94887 89603 21:0 95032
94889 89602 0:0 94890
94954 89604 0:0 94956
94960 89634 0:0 94961
94965 89635 0:0 94966
94965 89636 0:0 94966
95030 89637 0:0 95032
95034 89667 21:0 95168
95041 89669 0:0 95042
95041 89668 0:0 95042
95106 89670 0:0 95108
95117 89701 0:0 95118
95168 89703 0:0 95184
95284 88293 1:0 95413
95285 88260 1:0 95544
95294 88259 1:0 95543
95294 88258 1:0 95554
95300 88225 1:0 95685
95313 356 21:0 95407
95321 88228 1:0 95561
95415 88226 1:0 95672
95416 88227 1:0 95671
95416 88195 1:0 95798
95425 88193 1:0 95805
95425 88194 1:0 95806
95433 88192 1:0 95816
95452 88159 1:0 95947
95546 88162 1:0 95823
95547 88161 1:0 95933
95547 88160 1:0 95934
95556 88129 1:0 96060
95556 88128 1:0 96068
95564 88127 1:0 96067
95583 88126 1:0 96078
95677 88093 1:0 96209
95678 88096 1:0 96085
95687 88095 1:0 96195
95687 88094 1:0 96196
95693 88063 1:0 96322
95697 88061 1:0 96329
95726 88062 1:0 96330
95808 88060 1:0 96340
95809 88027 1:0 96471
95818 88030 1:0 96347
95818 88028 1:0 96458
95824 88029 1:0 96457
95829 87997 1:0 96584
95857 87995 1:0 96591
95939 87996 1:0 96592
95940 87994 1:0 96602
95949 87964 1:0 96609
95949 87961 1:0 96733
95955 87962 1:0 96720
95960 87963 1:0 96719
95988 87931 1:0 96846
96070 87930 1:0 96854
96071 87929 1:0 96853
96080 87928 1:0 96864
96080 87895 1:0 96995
96086 87898 1:0 96871
96106 87897 1:0 96981
96119 87896 1:0 96982
96201 87865 1:0 97108
96202 87864 1:0 97116
96211 87863 1:0 97115
96211 87862 1:0 97126
96217 87829 1:0 97257
96237 87832 1:0 97133
96238 357 1:0 98587
96332 87831 1:0 97243
96333 87830 1:0 97244
96342 89703 1:0 98851
96342 89701 1:0 98858
97437 90713 21:0 97571
97444 90714 0:0 97445
97444 90715 0:0 97445
97509 90716 0:0 97511
97515 90746 0:0 97516
97520 90748 0:0 97521
97520 90747 0:0 97521
97571 90749 0:0 97587
97589 90779 21:0 97723
97596 90780 0:0 97597
97596 90781 0:0 97597
97661 90782 0:0 97663
97667 90812 0:0 97668
97672 90813 0:0 97673
97672 90814 0:0 97673
97723 90815 0:0 97739
97741 90845 21:0 97875
97748 90847 0:0 97749
97748 90846 0:0 97749
97813 90848 0:0 97815
97819 90878 0:0 97820
97824 90879 0:0 97825
97824 90880 0:0 97825
97875 90881 0:0 97891
97893 90911 21:0 98027
97900 90913 0:0 97901
97900 90912 0:0 97901
97965 90914 0:0 97967
97971 90944 0:0 97972
97976 90946 0:0 97977
97976 90945 0:0 97977
98027 90947 0:0 98043
98045 90977 21:0 98179
98052 90979 0:0 98053
98052 90978 0:0 98053
98117 90980 0:0 98119
98123 91010 0:0 98124
98128 91012 0:0 98129
98128 91011 0:0 98129
98179 91013 0:0 98195
98197 91043 21:0 98331
98204 91044 0:0 98205
98204 91045 0:0 98205
98269 91046 0:0 98271
98275 91076 0:0 98276
98280 91077 0:0 98281
98280 91078 0:0 98281
98331 91079 0:0 98347
98349 91109 21:0 98483
98356 91111 0:0 98357
98356 91110 0:0 98357
98421 91112 0:0 98423
98427 91142 0:0 98428
98432 91143 0:0 98433
98432 91144 0:0 98433
98483 91145 0:0 98499
98506 91176 21:0 98594
98508 91177 0:0 98509
98599 89667 1:0 99000
98600 89670 1:0 98876
98609 89669 1:0 98986
98609 89668 1:0 98987
98615 89637 1:0 99113
98628 357 21:0 98722
98636 89636 1:0 99121
98730 89635 1:0 99120
98731 89634 1:0 99129
98731 89603 1:0 99252
98740 89604 1:0 99138
98740 89602 1:0 99251
98748 89601 1:0 99262
98767 89571 1:0 99375
98861 89570 1:0 99383
98862 89569 1:0 99382
98862 89568 1:0 99393
98871 89538 1:0 99400
98871 89535 1:0 99524
98879 89536 1:0 99511
98898 89537 1:0 99510
98992 89505 1:0 99637
98993 89504 1:0 99645
99002 89503 1:0 99644
99002 89502 1:0 99655
99008 89469 1:0 99786
99012 89472 1:0 99662
99041 89471 1:0 99772
99123 89470 1:0 99773
99124 89439 1:0 99899
99133 89437 1:0 99906
99133 89438 1:0 99907
99139 89436 1:0 99917
99144 89403 1:0 100048
99172 89406 1:0 99924
99254 89405 1:0 100034
99255 89404 1:0 100035
99264 89373 1:0 100161
99264 89371 1:0 100168
99270 89372 1:0 100169
99275 89370 1:0 100179
99303 89337 1:0 100310
99385 89340 1:0 100186
99386 89339 1:0 100296
99395 89338 1:0 100297
99395 89307 1:0 100423
99401 89306 1:0 100431
99421 89305 1:0 100430
99434 89304 1:0 100441
99516 89271 1:0 100572
99517 89274 1:0 100448
99517 358 1:0 101902
99526 89273 1:0 100558
99526 89272 1:0 100559
100752 92155 0:0 100755
100757 92157 0:0 100760
100757 92156 0:0 100760
100760 92158 0:0 100778
100828 92188 0:0 100831
100833 92190 21:0 100978
100835 92189 0:0 100836
100900 92191 0:0 100902
100906 92221 0:0 100907
100911 92223 0:0 100912
100911 92222 0:0 100912
100976 92224 0:0 100978
100980 92254 0:0 100983
100985 92256 21:0 101130
100987 92255 0:0 100988
101052 92257 0:0 101054
101058 92287 0:0 101059
101063 92288 0:0 101064
101063 92289 0:0 101064
101128 92290 0:0 101130
101132 92320 0:0 101135
101137 92322 0:0 101140
101137 92321 0:0 101140
101140 92323 0:0 101158
101208 92353 0:0 101211
101213 92354 0:0 101216
101213 92355 0:0 101216
101216 92356 21:0 101363
101286 92386 0:0 101287
101291 92387 0:0 101292
101291 92388 0:0 101292
101356 92389 0:0 101358
101362 92419 0:0 101363
101365 92421 0:0 101368
101365 92420 0:0 101368
101368 92422 21:0 101515
101438 92452 0:0 101439
101443 92453 0:0 101444
101443 92454 0:0 101444
101508 92455 0:0 101510
101514 92485 0:0 101515
101517 92486 0:0 101520
101520 92488 21:0 101667
101590 92518 0:0 101591
101595 92519 0:0 101596
101595 92520 0:0 101596
101660 92521 0:0 101662
101666 92551 0:0 101667
101669 92552 21:0 101814
101736 92554 0:0 101738
101747 92585 0:0 101748
101747 92586 0:0 101748
101914 328 1:0 2597
101915 91176 1:0 102042
101915 91177 1:0 102043
101924 91145 1:0 102166
101924 91144 1:0 102174
101932 91143 1:0 102173
101943 358 21:0 102037
101963 91142 1:0 102184
102045 91109 1:0 102315
102046 91112 1:0 102191
102055 91111 1:0 102301
102055 91110 1:0 102302
102061 91079 1:0 102428
102065 91078 1:0 102436
102094 91077 1:0 102435
102176 91076 1:0 102446
102177 91043 1:0 102577
102186 91046 1:0 102453
102186 91044 1:0 102564
102192 91045 1:0 102563
102197 92552 1:0 102710
102225 91013 1:0 102690
102307 91012 1:0 102698
102308 91011 1:0 102697
102317 91010 1:0 102708
102317 90977 1:0 102839
102323 90980 1:0 102715
102328 90978 1:0 102826
102356 90979 1:0 102825
102438 92488 1:0 102972
102439 90947 1:0 102952
102448 90945 1:0 102959
102448 90946 1:0 102960
102454 90944 1:0 102970
102474 90911 1:0 103101
102487 90914 1:0 102977
102569 90913 1:0 103087
102570 90912 1:0 103088
102579 90881 1:0 103214
102579 92422 1:0 103234
102585 90880 1:0 103222
102605 90879 1:0 103221
102700 90878 1:0 103232
102701 90848 1:0 103239
102701 90845 1:0 103363
102710 90847 1:0 103349
102710 90846 1:0 103350
102718 92356 1:0 103496
102737 90815 1:0 103476
102831 90814 1:0 103484
102832 90813 1:0 103483
102832 90812 1:0 103494
102841 90782 1:0 103501
102841 90779 1:0 103625
102849 90780 1:0 103612
102868 90781 1:0 103611
102962 92190 1:0 103758
102963 90749 1:0 103738
102972 90747 1:0 103745
102972 90748 1:0 103746
102978 90746 1:0 103756
102982 90713 1:0 103887
102983 359 1:0 104000
103011 90716 1:0 103763
103093 90714 1:0 103874
103094 90715 1:0 103873
103103 92256 1:0 104022
103103 45962 1:0 104173
103103 45967 1:0 104194
103109 45954 1:0 104133
103109 45955 1:0 104134
103109 45963 1:0 104174
103111 45964 1:0 104183
103114 45960 1:0 104163
103114 45965 1:0 104184
103129 45961 1:0 104164
103142 45966 1:0 104193
103142 46112 1:0 104405
103224 46110 1:0 104393
103224 46114 1:0 104393
103225 46113 1:0 104393
103225 46111 1:0 104393
103225 46255 1:0 104606
103234 46101 1:0 104354
103234 46102 1:0 104355
103234 46107 1:0 104384
103234 46108 1:0 104385
103234 46109 1:0 104394
103234 92585 1:0 104451
103242 92586 1:0 104452
103261 92554 1:0 104531
103273 46258 1:0 104551
103273 46396 1:0 104797
103355 46256 1:0 104551
103355 46261 1:0 104551
103356 46259 1:0 104551
103356 46257 1:0 104551
103365 46254 1:0 104550
103365 46249 1:0 104550
103365 46248 1:0 104551
103365 46260 1:0 104551
103365 92551 1:0 104683
103371 46404 1:0 104772
103371 46395 1:0 104772
103373 46403 1:0 104772
103392 92521 1:0 104885
103404 46405 1:0 104846
103486 46401 1:0 104826
103486 46402 1:0 104827
103486 46406 1:0 104847
103486 46407 1:0 104856
103487 46408 1:0 104857
103487 46548 1:0 105047
103496 92519 1:0 104893
103496 92520 1:0 104894
103502 92518 1:0 104904
103504 46551 1:0 104993
103507 46550 1:0 104993
103522 46549 1:0 104992
103523 46553 1:0 104993
103535 46554 1:0 104993
103617 46542 1:0 104993
103617 46555 1:0 104993
103618 46543 1:0 104992
103618 46552 1:0 104993
103618 92486 1:0 105114
103627 92485 1:0 105125
103627 46698 1:0 105214
103627 46689 1:0 105214
103627 46690 1:0 105239
103633 46697 1:0 105214
103638 92455 1:0 105327
103653 46699 1:0 105288
103666 46691 1:0 105248
103666 46695 1:0 105268
103666 46696 1:0 105269
103666 46700 1:0 105289
103748 46701 1:0 105298
103748 46702 1:0 105299
103749 92454 1:0 105336
103749 46842 1:0 105489
103758 92453 1:0 105335
103758 92452 1:0 105346
103764 46849 1:0 105435
103766 46837 1:0 105434
103766 46846 1:0 105435
103769 46848 1:0 105435
103785 46844 1:0 105435
103797 46847 1:0 105435
103838 46836 1:0 105435
103879 46843 1:0 105435
103879 46845 1:0 105435
103879 46990 1:0 105711
103880 92420 1:0 105556
103889 92421 1:0 105557
103889 92419 1:0 105567
103895 92389 1:0 105636
103899 46994 1:0 105656
103915 46984 1:0 105655
103915 46992 1:0 105656
103916 46989 1:0 105656
103916 46983 1:0 105656
103928 46995 1:0 105656
103969 47136 1:0 105931
104012 46996 1:0 105656
104012 46993 1:0 105656
104013 46991 1:0 105656
104013 92388 1:0 105778
104022 92387 1:0 105777
104022 92386 1:0 105788
104028 47139 1:0 105877
104028 47130 1:0 105877
104030 47131 1:0 105876
104041 359 0:0 104052
104048 47143 1:0 105877
104049 47142 1:0 105877
104061 47138 1:0 105877
104102 47141 1:0 105877
104115 47137 1:0 105876
104115 47140 1:0 105877
104132 92354 1:0 105998
104191 92355 1:0 105999
104200 45967 21:0 104239
104201 47284 1:0 106153
104223 45962 0:0 104225
104223 45963 0:0 104225
104223 45964 0:0 104225
104224 45954 0:0 104225
104224 45961 0:0 104225
104224 45965 0:0 104225
104224 45966 0:0 104225
104224 45960 0:0 104225
104224 45955 0:0 104225
104226 92353 1:0 106009
104226 92323 1:0 106078
104233 47283 1:0 106097
104233 47290 1:0 106098
104234 47277 1:0 106098
104234 47287 1:0 106098
104234 47289 1:0 106098
104240 47288 1:0 106098
104243 47278 1:0 106097
104243 47286 1:0 106098
104243 47285 1:0 106098
104243 92321 1:0 106219
104249 92322 1:0 106220
104269 92320 1:0 106230
104270 47431 1:0 106374
104323 92290 1:0 106299
104336 47434 1:0 106319
104352 47435 1:0 106319
104352 47433 1:0 106319
104394 46108 0:0 104403
104402 46107 0:0 104410
104402 47430 1:0 106318
104402 47437 1:0 106319
104411 46112 21:0 104460
104412 47425 1:0 106318
104412 47432 1:0 106319
104422 47424 1:0 106319
104422 47436 1:0 106319
104444 46113 0:0 104446
104444 46109 0:0 104446
104445 46110 0:0 104446
104445 46114 0:0 104446
104445 46102 0:0 104446
104445 46101 0:0 104446
104445 46111 0:0 104446
104447 92288 1:0 106440
104447 47572 1:0 106565
104454 92289 1:0 106441
104455 92287 1:0 106451
104461 47580 1:0 106540
104464 47579 1:0 106540
104464 47571 1:0 106540
104464 47581 1:0 106614
104464 92257 1:0 106653
104470 47577 1:0 106594
104470 47578 1:0 106595
104470 47582 1:0 106615
104474 47583 1:0 106624
104490 47584 1:0 106625
104503 92255 1:0 106661
104572 92254 1:0 106672
104582 46249 0:0 104607
104583 92224 1:0 106741
104585 46248 0:0 104611
104585 47724 1:0 106815
104612 46255 21:0 104667
104623 47726 1:0 106761
104633 47731 1:0 106761
104643 47719 1:0 106760
104643 47725 1:0 106760
104643 47865 1:0 107006
104665 46260 0:0 104667
104665 46258 0:0 104667
104665 46254 0:0 104667
104666 46261 0:0 104667
104666 46259 0:0 104667
104666 46257 0:0 104667
104666 46256 0:0 104667
104668 47728 1:0 106761
104668 47718 1:0 106761
104668 47727 1:0 106761
104668 47729 1:0 106761
104675 47730 1:0 106761
104676 92222 1:0 106882
104676 92223 1:0 106883
104685 92221 1:0 106893
104685 47873 1:0 106982
104685 47866 1:0 106982
104691 47874 1:0 106982
104695 92191 1:0 107095
104711 47875 1:0 107056
104724 47871 1:0 107036
104724 47872 1:0 107037
104724 47876 1:0 107057
104765 47877 1:0 107066
104778 47878 1:0 107067
104795 92189 1:0 107103
104803 46396 21:0 104888
104854 92188 1:0 107114
104864 48019 1:0 107258
104886 46401 0:0 104888
104886 46403 0:0 104888
104887 46404 0:0 104888
104887 46408 0:0 104888
104887 46405 0:0 104888
104887 46406 0:0 104888
104887 46395 0:0 104888
104887 46402 0:0 104888
104887 46407 0:0 104888
104889 92158 1:0 107183
104889 48025 1:0 107203
104889 48024 1:0 107203
104889 48022 1:0 107203
104896 48013 1:0 107202
104896 48021 1:0 107203
104897 48018 1:0 107202
104897 48020 1:0 107203
104897 48012 1:0 107203
104897 48023 1:0 107203
104906 92156 1:0 107324
104906 92157 1:0 107325
104912 92155 1:0 107335
104914 48160 1:0 107424
104914 48159 1:0 107448
104917 48167 1:0 107424
104933 48168 1:0 107424
104945 48169 1:0 107498
104986 48170 1:0 107499
104994 48165 1:0 107478
104999 48163 1:0 107468
104999 48166 1:0 107479
105014 48171 1:0 107508
105015 48172 1:0 107509
105016 48259 1:0 107548
105016 48260 1:0 107549
105024 46543 0:0 105049
105027 46542 0:0 105053
105057 46548 21:0 105109
105107 46554 0:0 105109
105108 46552 0:0 105109
105108 46550 0:0 105109
105108 46555 0:0 105109
105108 46549 0:0 105109
105108 46551 0:0 105109
105108 46553 0:0 105109
105245 46690 21:0 105330
105328 46701 0:0 105330
105328 46695 0:0 105330
105328 46689 0:0 105330
105329 46691 0:0 105330
105329 46696 0:0 105330
105329 46698 0:0 105330
105329 46697 0:0 105330
105329 46702 0:0 105330
105329 46699 0:0 105330
105329 46700 0:0 105330
105466 46837 0:0 105491
105469 46836 0:0 105495
105499 46842 21:0 105551
105549 46848 0:0 105551
105549 46844 0:0 105551
105550 46847 0:0 105551
105550 46849 0:0 105551
105550 46845 0:0 105551
105550 46846 0:0 105551
105550 46843 0:0 105551
105687 46984 0:0 105712
105690 46983 0:0 105716
105717 46990 21:0 105772
105770 46993 0:0 105772
105770 46995 0:0 105772
105770 46992 0:0 105772
105770 46989 0:0 105772
105771 46996 0:0 105772
105771 46991 0:0 105772
105771 46994 0:0 105772
105908 47131 0:0 105933
105911 47130 0:0 105937
105941 47136 21:0 105993
105991 47138 0:0 105993
105991 47142 0:0 105993
105992 47141 0:0 105993
105992 47140 0:0 105993
105992 47137 0:0 105993
105992 47139 0:0 105993
105992 47143 0:0 105993
106129 47278 0:0 106154
106132 47277 0:0 106158
106159 47284 21:0 106214
106212 47283 0:0 106214
106212 47289 0:0 106214
106213 47288 0:0 106214
106213 47287 0:0 106214
106213 47286 0:0 106214
106213 47290 0:0 106214
106213 47285 0:0 106214
106350 47425 0:0 106375
106353 47424 0:0 106379
106380 47431 21:0 106435
106433 47432 0:0 106435
106433 47434 0:0 106435
106433 47430 0:0 106435
106434 47437 0:0 106435
106434 47436 0:0 106435
106434 47435 0:0 106435
106434 47433 0:0 106435
106571 47572 21:0 106656
106654 47583 0:0 106656
106654 47577 0:0 106656
106654 47582 0:0 106656
106655 47581 0:0 106656
106655 47580 0:0 106656
106655 47584 0:0 106656
106655 47571 0:0 106656
106655 47579 0:0 106656
106655 47578 0:0 106656
106792 47719 0:0 106817
106795 47718 0:0 106821
106825 47724 21:0 106877
106875 47730 0:0 106877
106876 47725 0:0 106877
106876 47729 0:0 106877
106876 47727 0:0 106877
106876 47731 0:0 106877
106876 47728 0:0 106877
106876 47726 0:0 106877
107016 47865 21:0 107098
107096 47871 0:0 107098
107096 47876 0:0 107098
107097 47872 0:0 107098
107097 47877 0:0 107098
107097 47866 0:0 107098
107097 47875 0:0 107098
107097 47874 0:0 107098
107097 47873 0:0 107098
107097 47878 0:0 107098
107234 48013 0:0 107259
107237 48012 0:0 107263
107264 48019 21:0 107319
107317 48022 0:0 107319
107317 48018 0:0 107319
107318 48021 0:0 107319
107318 48023 0:0 107319
107318 48025 0:0 107319
107318 48024 0:0 107319
107318 48020 0:0 107319
107458 48159 21:0 176
