128 49172 0:0 129
130 49081 21:0 227
226 49079 21:0 237
236 48932 21:0 287
286 49083 21:0 308
307 48637 21:0 327
326 48639 21:0 379
378 48494 21:0 389
388 49076 21:0 389
388 49077 21:0 403
402 49072 21:0 407
406 49075 21:0 411
410 47465 21:0 455
454 47167 21:0 465
464 46873 21:0 531
530 47612 21:0 536
535 47466 21:0 591
590 47319 21:0 612
611 47461 21:0 617
616 47022 21:0 683
682 46876 21:0 690
689 47315 21:0 743
742 49074 21:0 743
742 48928 21:0 748
747 48043 21:0 748
747 49073 21:0 754
753 48926 21:0 759
758 48631 21:0 759
758 48195 21:0 759
758 48193 21:0 759
758 47459 21:0 764
763 47747 21:0 764
763 48776 21:0 769
768 47901 21:0 769
768 48188 21:0 783
782 48629 21:0 819
818 48042 21:0 835
834 48482 21:0 835
834 48194 21:0 840
839 47454 21:0 840
839 47601 21:0 842
841 48341 21:0 845
844 48483 21:0 845
844 329 21:0 900
1397 49785 21:0 1428
3374 298 21:0 3424
4610 51256 21:0 4643
4651 304 1:0 20171
6733 299 21:0 6783
10092 300 21:0 10142
11369 305 1:0 23530
13451 301 21:0 13506
14687 55669 21:0 14720
14728 306 1:0 26889
16810 302 21:0 16865
20169 303 21:0 20224
21446 307 1:0 30248
23528 304 21:0 23583
24764 60082 21:0 24797
26887 305 21:0 26942
28164 308 1:0 33607
30246 306 21:0 30301
31523 309 1:0 36966
33605 307 21:0 33660
34841 64495 21:0 34874
36964 308 21:0 37019
38241 310 1:0 40325
40323 309 21:0 40378
41600 311 1:0 43684
43682 310 21:0 43737
44918 68908 21:0 44951
44959 312 1:0 47043
44959 313 1:0 50402
44959 314 1:0 53761
44960 315 1:0 57120
47041 311 21:0 47096
47489 70036 21:0 47563
48318 70036 1:0 49636
50400 312 21:0 50455
51233 71674 21:0 51307
51677 71674 1:0 52330
51678 316 1:0 60479
53759 313 21:0 53814
54359 73044 21:0 54433
54995 73321 21:0 55028
55036 73044 1:0 56092
55037 317 1:0 63838
57118 314 21:0 57173
58027 74649 21:0 58101
58395 74649 1:0 58917
60477 315 21:0 60532
61617 76220 21:0 61693
61754 76220 1:0 61875
61755 318 1:0 67197
63836 316 21:0 63891
64664 77556 21:0 64738
65072 77734 21:0 65105
65113 77556 1:0 65776
65114 319 1:0 70556
67195 317 21:0 67250
68327 79159 21:0 68401
68472 79159 1:0 68611
70554 318 21:0 70609
71007 80335 21:0 71081
71831 80335 1:0 73139
71832 320 1:0 73915
73913 319 21:0 73968
74822 82003 21:0 74896
75149 82147 21:0 75182
75190 82003 1:0 75711
75191 321 1:0 77274
75191 322 1:0 80633
75191 323 1:0 83992
75191 324 1:0 87351
77272 320 21:0 77327
77497 83177 21:0 77571
77956 83377 21:0 78032
78549 83377 1:0 79456
78550 83177 1:0 80249
80631 321 21:0 80686
81079 84746 21:0 81153
81619 84980 21:0 81695
81908 84980 1:0 82291
81909 84746 1:0 83226
81909 325 1:0 90710
83990 322 21:0 84045
84134 86085 21:0 84208
84370 86187 21:0 84446
85226 86560 21:0 85259
85267 86187 1:0 86698
85268 86085 1:0 87109
85268 326 1:0 94069
87349 323 21:0 87404
87802 87689 21:0 87876
87875 87690 21:0 87947
88626 87690 1:0 89843
88627 87689 1:0 89933
90708 324 21:0 90763
90776 88994 21:0 90850
91384 89258 21:0 91458
91985 89258 1:0 92910
91986 88994 1:0 93958
91986 327 1:0 97428
94067 325 21:0 94122
94444 90598 21:0 94518
94976 90830 21:0 95050
95344 90830 1:0 95866
95345 90598 1:0 96782
97426 326 21:0 97481
98262 92269 21:0 98338
98490 92368 21:0 98566
98703 92368 1:0 98955
98704 92269 1:0 99348
98704 328 1:0 100787
100785 327 21:0 100840
100937 93443 21:0 101013
101241 93575 21:0 101317
101466 93672 21:0 101540
101541 93672 1:0 102976
102023 49249 21:0 102028
102031 293 21:0 102054
102053 49793 21:0 102054
102062 93575 1:0 103362
102063 93443 1:0 103886
102063 329 1:0 104146
102072 298 1:0 104572
102072 48483 1:0 104588
102072 48341 1:0 104593
102072 47601 1:0 104593
102072 48194 1:0 104598
102072 47454 1:0 104598
102072 48042 1:0 104608
102072 48482 1:0 104608
102072 48629 1:0 104634
102072 47315 1:0 104669
102078 48188 1:0 104710
102078 46876 1:0 104710
102080 47022 1:0 104745
102083 47461 1:0 104786
102098 47901 1:0 104786
102111 47319 1:0 104821
102111 47466 1:0 104862
102143 49843 21:0 102149
102152 48776 1:0 104862
102153 49845 21:0 102156
102193 47612 1:0 104897
102193 46873 1:0 104938
102194 47747 1:0 104938
102194 47167 1:0 104973
102194 47465 1:0 105014
102203 47459 1:0 105014
102203 47318 1:0 105049
102203 47171 1:0 105090
102203 48195 1:0 105090
102203 47170 1:0 105125
102209 47463 1:0 105166
102209 46871 1:0 105166
102211 47168 1:0 105201
102214 47314 1:0 105242
102214 46866 1:0 105242
102230 47172 1:0 105277
102242 47169 1:0 105318
102274 49900 21:0 102280
102284 49902 21:0 102287
102405 49957 21:0 102411
102415 49959 21:0 102418
102536 50014 21:0 102542
102546 50016 21:0 102549
102667 50071 21:0 102673
102677 50073 21:0 102680
102798 50128 21:0 102804
102808 50130 21:0 102811
102929 50185 21:0 102935
102939 50187 21:0 102942
103060 50242 21:0 103066
103070 50244 21:0 103073
103191 50299 21:0 103197
103201 50301 21:0 103204
103322 50356 21:0 103328
103332 50358 21:0 103335
103453 50413 21:0 103459
103463 50415 21:0 103466
103584 50470 21:0 103590
103594 50472 21:0 103597
103715 50527 21:0 103721
103725 50529 21:0 103728
103846 50584 21:0 103852
103856 50586 21:0 103859
103977 50641 21:0 103983
103987 50643 21:0 103990
104108 50698 21:0 104114
104118 50700 21:0 104121
104144 328 21:0 104199
104198 7 21:0 104199
104198 5 21:0 104206
104220 94881 21:0 104220
104238 23 21:0 104261
104260 25 21:0 104270
104288 94911 21:0 104288
104318 43 21:0 104346
104345 41 21:0 104346
104364 94944 21:0 104364
104369 94945 21:0 104369
104390 59 21:0 104413
104412 61 21:0 104422
104445 94978 21:0 104445
104470 79 21:0 104498
104497 77 21:0 104498
104516 95010 21:0 104516
104542 95 21:0 104565
104564 97 21:0 104574
104597 95044 21:0 104597
104597 95045 21:0 104597
104618 113 21:0 104641
104640 115 21:0 104650
104673 95078 21:0 104673
104694 131 21:0 104717
104716 133 21:0 104726
104744 95109 21:0 104744
104752 95112 21:0 104752
104774 151 21:0 104802
104801 149 21:0 104802
104846 167 21:0 104869
104868 169 21:0 104878
104896 95175 21:0 104896
104922 185 21:0 104945
104944 187 21:0 104954
104977 95209 21:0 104977
104977 95210 21:0 104977
104980 95211 21:0 104980
104998 203 21:0 105021
105020 205 21:0 105030
105053 95243 21:0 105053
105056 95244 21:0 105056
105078 223 21:0 105106
105105 221 21:0 105106
105124 95274 21:0 105124
105150 239 21:0 105173
105172 241 21:0 105182
105200 95307 21:0 105200
105205 95308 21:0 105205
105230 259 21:0 105258
105246 341 0:0 105248
105257 257 21:0 105258
105283 49793 1:0 105292
105285 341 1:0 105287
105293 46872 1:0 105318
105319 47756 1:0 105353
105320 341 21:0 105331
105330 275 21:0 105334
105354 47023 1:0 105421
105359 293 1:0 105371
105368 49249 1:0 105373
105374 86560 1:0 105421
105389 275 1:0 105421
105390 293 21:0 105423
105422 46874 1:0 105432
105425 49845 1:0 105432
105425 49843 1:0 105432
105433 46877 1:0 105441
105436 46870 1:0 105441
105436 46869 1:0 105441
105442 46878 1:0 105469
105445 46868 1:0 105469
105445 46867 1:0 105469
105463 341 1:0 105469
105470 46875 1:0 105602
105496 341 21:0 105506
105572 46867 21:0 105601
105593 49902 1:0 105609
105610 49900 1:0 105642
105612 46875 21:0 105647
105643 47024 1:0 105653
105646 257 1:0 105653
105646 259 1:0 105653
105646 46878 21:0 105658
105654 47021 1:0 105662
105657 47017 1:0 105662
105657 47014 1:0 105662
105657 46877 21:0 105667
105663 47020 1:0 105690
105666 47015 1:0 105690
105666 47016 1:0 105690
105666 46874 21:0 105730
105681 341 1:0 105690
105691 47025 1:0 105834
105706 299 1:0 3376
105729 46872 21:0 105746
105742 300 1:0 6735
105742 301 1:0 10094
105745 46866 21:0 105805
105750 302 1:0 13453
105755 303 1:0 16812
105770 241 1:0 105863
105770 49959 1:0 105874
105770 239 1:0 105874
105770 47164 1:0 105877
105770 47161 1:0 105877
105771 47317 1:0 105874
105771 48635 1:0 105877
105772 49957 1:0 105877
105781 82147 1:0 106084
105781 221 1:0 106087
105804 46868 21:0 105825
105821 47316 1:0 105886
105821 47163 1:0 105886
105821 47162 1:0 105886
105823 50128 1:0 106087
105840 47025 21:0 105868
105867 47020 21:0 105879
105871 95308 1:0 105871
105873 48189 1:0 105968
105873 47462 1:0 105968
105873 50016 1:0 106087
105873 77734 1:0 106087
105873 48041 1:0 106095
105873 47308 1:0 106107
105874 73321 1:0 106095
105874 205 1:0 106098
105874 223 1:0 106098
105874 50014 1:0 106098
105874 68908 1:0 106098
105874 64495 1:0 106104
105874 47895 1:0 106104
105874 47311 1:0 106107
105874 60082 1:0 106107
105874 47309 1:0 106107
105874 51256 1:0 106132
105874 47310 1:0 106170
105874 50071 1:0 106272
105874 203 1:0 106305
105878 47021 21:0 105888
105880 55669 1:0 106132
105880 49077 1:0 106170
105880 48336 1:0 106189
105880 50073 1:0 106316
105882 95307 1:0 105882
105883 47600 1:0 106305
105883 48345 1:0 106316
105883 47455 1:0 106316
105883 47464 1:0 106325
105883 47458 1:0 106325
105883 47456 1:0 106325
105883 47613 1:0 106355
105883 48630 1:0 106355
105883 47457 1:0 106355
105883 50130 1:0 106537
105883 187 1:0 106537
105887 47024 21:0 105951
105889 47611 1:0 106526
105889 47610 1:0 106537
105891 47759 1:0 106546
105893 185 1:0 106546
105893 47604 1:0 106546
105893 169 1:0 106714
105893 167 1:0 106747
105893 50187 1:0 106758
105893 50185 1:0 106758
105909 47602 1:0 106574
105909 47608 1:0 106574
105909 47603 1:0 106574
105910 149 1:0 106935
105922 47605 1:0 106632
105922 47609 1:0 106698
105922 47755 1:0 106758
105950 47023 21:0 106086
105963 47752 1:0 106767
105963 47751 1:0 106767
105963 47758 1:0 106767
105976 47757 1:0 106795
105976 47750 1:0 106795
105976 47749 1:0 106795
105991 151 1:0 106968
105991 50299 1:0 107156
105991 133 1:0 107189
105991 131 1:0 107200
105991 50301 1:0 107200
105991 48043 1:0 107209
105991 50356 1:0 107377
105991 115 1:0 107409
105992 47760 1:0 106939
106042 48494 1:0 106979
106042 50244 1:0 106979
106042 50242 1:0 106979
106085 47169 21:0 106097
106094 47899 1:0 106988
106094 47904 1:0 106988
106094 47896 1:0 106988
106094 47898 1:0 107016
106094 47897 1:0 107016
106094 47905 1:0 107016
106095 47903 1:0 107075
106095 47907 1:0 107075
106095 47906 1:0 107159
106096 47172 21:0 106100
106098 50358 1:0 107421
106098 113 1:0 107421
106099 47168 21:0 106109
106101 47902 1:0 107075
106103 95274 1:0 106103
106104 48050 1:0 107200
106104 48044 1:0 107209
106104 48049 1:0 107209
106104 48046 1:0 107237
106104 48051 1:0 107237
106104 48045 1:0 107237
106104 48052 1:0 107371
106108 47170 21:0 106191
106110 48054 1:0 107296
106110 48053 1:0 107296
106112 48495 1:0 107421
106115 48190 1:0 107430
106115 48200 1:0 107430
106130 48193 1:0 107430
106131 48198 1:0 107458
106131 48191 1:0 107458
106143 48192 1:0 107458
106143 48196 1:0 107581
106184 50415 1:0 107598
106184 97 1:0 107631
106184 48337 1:0 107651
106184 48340 1:0 107651
106190 47162 21:0 106191
106190 47163 21:0 106204
106192 48197 1:0 107517
106192 48201 1:0 107517
106197 50472 1:0 107819
106197 77 1:0 107851
106197 79 1:0 107863
106203 47161 21:0 106243
106212 48199 1:0 107517
106213 48639 1:0 107642
106213 50413 1:0 107642
106213 95 1:0 107642
106214 50470 1:0 107863
106214 61 1:0 108040
106214 59 1:0 108072
106214 50527 1:0 108084
106245 47310 21:0 106267
106263 48637 1:0 107651
106275 47316 21:0 106310
106306 95244 1:0 106306
106309 47317 21:0 106321
106314 95243 1:0 106314
106315 48347 1:0 107679
106315 48338 1:0 107679
106315 48339 1:0 107679
106315 48344 1:0 107803
106316 48348 1:0 107737
106316 48346 1:0 107737
106316 50529 1:0 108084
106316 48631 1:0 108093
106320 47314 21:0 106330
106322 48343 1:0 107737
106325 48784 1:0 107863
106325 48485 1:0 107872
106325 48486 1:0 107872
106325 48490 1:0 107872
106325 48484 1:0 107900
106325 48487 1:0 107900
106325 48493 1:0 107900
106325 48491 1:0 108024
106329 47171 21:0 106393
106331 48492 1:0 107959
106331 48638 1:0 108084
106333 48641 1:0 108093
106335 48633 1:0 108093
106335 41 1:0 108261
106335 50584 1:0 108294
106335 43 1:0 108305
106335 50586 1:0 108305
106335 48778 1:0 108314
106351 48632 1:0 108121
106351 48634 1:0 108121
106351 48642 1:0 108121
106352 48779 1:0 108314
106352 50643 1:0 108482
106352 25 1:0 108515
106364 48640 1:0 108255
106364 48787 1:0 108305
106392 47309 21:0 106399
106398 47308 21:0 106409
106405 48932 1:0 108314
106408 46871 21:0 106412
106411 47311 21:0 106427
106413 48781 1:0 108342
106413 48780 1:0 108342
106413 48786 1:0 108342
106418 23 1:0 108526
106418 50641 1:0 108526
106418 48928 1:0 108535
106433 48788 1:0 108485
106434 48785 1:0 108401
106434 48926 1:0 108535
106435 5 1:0 108735
106435 50698 1:0 108739
106435 50700 1:0 108739
106435 7 1:0 108739
106466 47457 21:0 106488
106484 48789 1:0 108401
106493 47464 21:0 106531
106527 95211 1:0 106527
106530 47462 21:0 106542
106534 95209 1:0 106534
106535 95210 1:0 106535
106536 48933 1:0 108526
106536 48935 1:0 108535
106537 48927 1:0 108563
106537 48925 1:0 108563
106537 48934 1:0 108563
106537 48936 1:0 108707
106537 49076 1:0 108739
106541 47463 21:0 106551
106543 48931 1:0 108622
106546 49070 1:0 108747
106546 49785 1:0 108747
106546 49083 1:0 108756
106546 49073 1:0 108756
106546 49074 1:0 108756
106546 49079 1:0 108784
106546 49075 1:0 108784
106546 49072 1:0 108784
106546 49081 1:0 108918
106546 293 1:0 108966
106550 47318 21:0 106611
106552 49078 1:0 108907
106552 49080 1:0 108917
106554 49082 1:0 108927
106556 49172 1:0 108968
106556 49173 1:0 108969
106610 47456 21:0 106620
106619 47458 21:0 106625
106624 47455 21:0 106630
106629 47164 21:0 106630
106629 47015 21:0 106633
106632 47016 21:0 106633
106632 47014 21:0 106643
106642 47017 21:0 106677
106684 47605 0:0 106689
106704 47609 21:0 106752
106751 47608 21:0 106763
106762 47610 21:0 106772
106766 95175 1:0 106766
106771 47611 21:0 106822
106821 47600 21:0 106851
106850 47603 21:0 106854
106853 47602 21:0 106854
106853 47604 21:0 106854
106853 46869 21:0 106873
106898 47749 21:0 106927
106926 47750 21:0 106944
106945 47760 21:0 106973
106972 47757 21:0 106984
106983 47758 21:0 106993
106992 47755 21:0 107056
107055 47752 21:0 107065
107064 47751 21:0 107072
107071 46870 21:0 107072
107147 47898 21:0 107163
107169 47906 21:0 107194
107190 95112 1:0 107190
107190 47903 0:0 107191
107190 47907 0:0 107191
107190 47902 0:0 107191
107193 47905 21:0 107205
107204 47759 21:0 107214
107208 95109 1:0 107208
107213 47613 21:0 107283
107282 47897 21:0 107286
107285 47896 21:0 107293
107292 47899 21:0 107293
107347 48046 21:0 107371
107377 48052 21:0 107415
107410 48053 0:0 107412
107411 48054 0:0 107412
107414 48051 21:0 107426
107419 95078 1:0 107419
107425 48049 21:0 107435
107434 48050 21:0 107495
107494 47895 21:0 107514
107591 48196 21:0 107636
107632 48201 0:0 107633
107632 48197 0:0 107633
107632 48199 0:0 107633
107635 48198 21:0 107647
107639 95044 1:0 107639
107640 95045 1:0 107640
107646 48200 21:0 107656
107655 47904 21:0 107716
107715 48041 21:0 107735
107809 48344 21:0 107857
107852 48343 0:0 107854
107853 48348 0:0 107854
107853 48346 0:0 107854
107856 48347 21:0 107868
107867 48345 21:0 107877
107871 95010 1:0 107871
107876 48336 21:0 107877
107876 48189 21:0 107877
107876 47756 21:0 107978
107977 48339 21:0 108019
108030 48491 21:0 108078
108073 48492 0:0 108075
108077 48493 21:0 108089
108081 94978 1:0 108081
108088 48490 21:0 108098
108097 48495 21:0 108148
108147 48484 21:0 108161
108160 48338 21:0 108170
108169 48337 21:0 108177
108176 48191 21:0 108177
108176 48340 21:0 108180
108179 48045 21:0 108180
108179 48192 21:0 108180
108179 48487 21:0 108200
108221 48632 21:0 108253
108261 48640 21:0 108299
108298 48642 21:0 108310
108302 94945 1:0 108302
108309 48641 21:0 108319
108313 94944 1:0 108313
108318 48638 21:0 108379
108378 48630 21:0 108398
108452 48781 21:0 108476
108475 48634 21:0 108492
108495 48788 21:0 108520
108516 48789 0:0 108517
108516 48785 0:0 108517
108519 48786 21:0 108531
108530 48787 21:0 108540
108534 94911 1:0 108534
108539 48784 21:0 108609
108608 48635 21:0 108622
108621 48780 21:0 108622
108621 48779 21:0 108627
108626 48633 21:0 108655
108676 48927 21:0 108698
108713 48936 21:0 108741
108736 48931 0:0 108738
108737 94881 1:0 108737
108740 48934 21:0 108752
108751 48935 21:0 108761
108760 48933 21:0 108824
108823 48778 21:0 108833
108832 48485 21:0 108840
108839 48190 21:0 108840
108839 48925 21:0 108843
108842 48044 21:0 108843
108842 48486 21:0 108843
108927 49078 0:0 108957
108932 49080 0:0 108957
108937 49082 0:0 108957
108956 49070 21:0 108957
108975 49173 21:0 131
