128 49172 0:0 129
130 49079 21:0 227
226 49080 21:0 237
236 49076 21:0 237
236 49077 21:0 251
250 49070 21:0 287
286 49074 21:0 287
286 49072 21:0 287
1397 49785 21:0 1428
3374 298 21:0 3424
4610 51256 21:0 4643
4651 315 1:0 57120
6733 299 21:0 6783
7969 52727 21:0 8002
8010 316 1:0 60479
10092 300 21:0 10142
11328 54198 21:0 11361
11369 317 1:0 63838
13451 301 21:0 13506
14687 55669 21:0 14720
14728 318 1:0 67197
16810 302 21:0 16865
18046 57140 21:0 18079
18087 319 1:0 70556
20169 303 21:0 20224
21405 58611 21:0 21438
21446 321 1:0 77274
23528 304 21:0 23583
24764 60082 21:0 24797
24805 323 1:0 83992
26887 305 21:0 26942
28123 61553 21:0 28156
28164 326 1:0 94069
30246 306 21:0 30301
31482 63024 21:0 31515
31523 327 1:0 97428
33605 307 21:0 33660
34841 64495 21:0 34874
36964 308 21:0 37019
40323 309 21:0 40378
41559 67437 21:0 41592
41600 46873 1:0 105272
43682 310 21:0 43737
47041 311 21:0 47096
48277 70379 21:0 48310
48318 47167 1:0 105282
50400 312 21:0 50455
53759 313 21:0 53814
57118 314 21:0 57173
58354 74792 21:0 58387
58395 47022 1:0 105348
60477 315 21:0 60532
63836 316 21:0 63891
67195 317 21:0 67250
70554 318 21:0 70609
71790 80676 21:0 71823
73913 319 21:0 73968
80631 321 21:0 80686
81312 84846 21:0 81386
81387 84846 1:0 82822
87349 323 21:0 87404
97426 326 21:0 97481
98703 47020 1:0 105358
100785 327 21:0 100840
102062 46876 1:0 105424
102062 46874 1:0 105435
102274 49900 21:0 102280
102284 49902 21:0 102287
102546 50016 21:0 102549
102667 50071 21:0 102673
102808 50130 21:0 102811
102929 50185 21:0 102935
102939 50187 21:0 102942
103191 50299 21:0 103197
103201 50301 21:0 103204
103594 50472 21:0 103597
103715 50527 21:0 103721
103725 50529 21:0 103728
103977 50641 21:0 103983
103987 50643 21:0 103990
104118 50700 21:0 104121
104242 25 21:0 104270
104269 23 21:0 104270
104314 41 21:0 104337
104336 43 21:0 104346
104394 61 21:0 104422
104466 77 21:0 104489
104546 97 21:0 104574
104694 131 21:0 104717
104716 133 21:0 104726
104770 149 21:0 104793
104792 151 21:0 104802
104922 185 21:0 104945
105002 205 21:0 105030
105074 221 21:0 105097
105150 239 21:0 105173
105230 259 21:0 105258
105306 277 21:0 105334
105335 277 1:0 105472
105431 299 1:0 3376
105431 300 1:0 6735
105431 301 1:0 10094
105432 302 1:0 13453
105432 303 1:0 16812
105432 304 1:0 20171
105432 46878 1:0 105444
105441 305 1:0 23530
105441 306 1:0 26889
105441 307 1:0 30248
105441 308 1:0 33607
105441 309 1:0 36966
105441 310 1:0 40325
105441 46866 1:0 105472
105441 46872 1:0 105472
105447 311 1:0 43684
105447 312 1:0 47043
105447 46865 1:0 105523
105449 313 1:0 50402
105451 314 1:0 53761
105452 46869 1:0 105523
105452 46867 1:0 105562
105452 46871 1:0 105582
105452 49902 1:0 105645
105467 74792 1:0 105645
105467 47018 1:0 105653
105468 47013 1:0 105653
105468 47012 1:0 105656
105480 259 1:0 105656
105480 47016 1:0 105656
105480 49900 1:0 105656
105480 47166 1:0 105662
105480 47019 1:0 105662
105480 239 1:0 105914
105521 48197 1:0 105690
105521 47015 1:0 105690
105521 47017 1:0 105690
105549 47169 1:0 105863
105550 47461 1:0 105874
105592 46871 21:0 105644
105600 47168 1:0 105883
105610 47903 1:0 105914
105643 46865 21:0 105644
105643 46866 21:0 105647
105646 46872 21:0 105647
105646 46878 21:0 105658
105652 47160 1:0 105914
105652 47162 1:0 105965
105652 47159 1:0 105965
105652 47163 1:0 106014
105652 47165 1:0 106024
105652 80676 1:0 106087
105652 70379 1:0 106095
105652 47313 1:0 106095
105652 50016 1:0 106104
105652 221 1:0 106135
105653 47316 1:0 106104
105653 47317 1:0 106135
105653 47307 1:0 106135
105653 50071 1:0 106319
105657 46874 21:0 105667
105659 47309 1:0 106186
105659 47312 1:0 106186
105659 47306 1:0 106215
105659 47308 1:0 106225
105659 67437 1:0 106308
105662 47601 1:0 106316
105662 47454 1:0 106316
105662 47459 1:0 106319
105662 205 1:0 106319
105662 47458 1:0 106319
105662 47453 1:0 106325
105662 47460 1:0 106325
105662 47457 1:0 106353
105662 47456 1:0 106353
105662 47462 1:0 106353
105662 47465 1:0 106496
105662 50130 1:0 106529
105662 185 1:0 106546
105666 46876 21:0 105736
105668 47464 1:0 106412
105668 47466 1:0 106412
105668 47606 1:0 106529
105668 47607 1:0 106537
105670 47600 1:0 106537
105670 47603 1:0 106546
105670 47750 1:0 106761
105670 50187 1:0 106761
105673 47610 1:0 106546
105689 47609 1:0 106574
105689 47602 1:0 106574
105689 47605 1:0 106574
105701 47613 1:0 106718
105706 47611 1:0 106632
105731 50185 1:0 106761
105735 46867 21:0 105739
105738 46869 21:0 105746
105742 47608 1:0 106632
105755 47612 1:0 106632
105770 48188 1:0 106750
105770 48041 1:0 106758
105771 47895 1:0 106758
105771 47754 1:0 106761
105771 47747 1:0 106767
105771 47748 1:0 106767
105772 151 1:0 106971
105810 47019 21:0 105865
105821 47752 1:0 106795
105821 47758 1:0 106795
105821 47749 1:0 106795
105864 47012 21:0 105865
105864 47013 21:0 105868
105867 47018 21:0 105868
105867 47020 21:0 105879
105873 47757 1:0 106854
105873 47755 1:0 106918
105874 47753 1:0 106854
105874 47756 1:0 106854
105874 47759 1:0 106854
105878 47022 21:0 105888
105880 47760 1:0 106854
105880 47899 1:0 106971
105880 47894 1:0 106971
105883 47900 1:0 106979
105883 47901 1:0 106979
105883 149 1:0 106988
105883 47896 1:0 106988
105883 47907 1:0 106988
105883 47905 1:0 107016
105883 47898 1:0 107016
105883 47897 1:0 107016
105883 47904 1:0 107149
105883 133 1:0 107203
105883 50301 1:0 107203
105887 46873 21:0 105957
105889 47902 1:0 107075
105889 47906 1:0 107075
105889 48048 1:0 107192
105889 50299 1:0 107212
105889 131 1:0 107212
105893 48049 1:0 107203
105909 48052 1:0 107212
105910 48047 1:0 107237
105910 48042 1:0 107237
105910 48044 1:0 107237
105922 48054 1:0 107381
105927 48343 1:0 107421
105956 47015 21:0 105960
105959 47017 21:0 105967
105963 48195 1:0 107424
105963 48191 1:0 107424
105963 48190 1:0 107424
105963 48194 1:0 107430
105963 48189 1:0 107430
105966 47016 21:0 105967
105976 48200 1:0 107458
105976 48193 1:0 107458
105976 48192 1:0 107458
105992 48198 1:0 107591
105993 48201 1:0 107517
106034 47165 21:0 106086
106042 64495 1:0 107634
106042 48335 1:0 107651
106085 47159 21:0 106086
106085 47168 21:0 106097
106094 48199 1:0 107517
106094 48641 1:0 107645
106095 63024 1:0 107651
106095 48338 1:0 107654
106095 97 1:0 107654
106095 48341 1:0 107654
106095 48337 1:0 107654
106095 48340 1:0 107679
106095 48342 1:0 107679
106095 48336 1:0 107679
106095 48344 1:0 107803
106095 61553 1:0 107855
106096 47169 21:0 106106
106098 60082 1:0 107872
106098 48482 1:0 107875
106104 48346 1:0 107737
106104 48348 1:0 107737
106104 48347 1:0 107737
106104 48345 1:0 107737
106105 47160 21:0 106106
106105 47166 21:0 106109
106107 48494 1:0 107866
106107 48487 1:0 107866
106107 48488 1:0 107872
106108 47167 21:0 106178
106110 48486 1:0 107875
106110 77 1:0 107875
106110 50472 1:0 107875
106110 48484 1:0 107900
106110 48483 1:0 107900
106110 48489 1:0 107900
106112 48495 1:0 108044
106115 48492 1:0 107959
106130 48493 1:0 107959
106143 48491 1:0 107959
106143 48490 1:0 107959
106148 58611 1:0 108076
106177 47163 21:0 106181
106180 47162 21:0 106188
106184 48640 1:0 108087
106184 48632 1:0 108087
106189 57140 1:0 108093
106192 48635 1:0 108093
106197 48634 1:0 108096
106197 50527 1:0 108096
106197 61 1:0 108096
106197 48630 1:0 108096
106197 50529 1:0 108121
106212 48636 1:0 108121
106212 48629 1:0 108121
106213 48637 1:0 108244
106225 47306 21:0 106307
106263 48638 1:0 108180
106306 47312 21:0 106307
106306 47317 21:0 106318
106315 48639 1:0 108180
106315 48633 1:0 108180
106315 55669 1:0 108297
106315 54198 1:0 108305
106315 48782 1:0 108305
106316 48642 1:0 108180
106316 41 1:0 108308
106316 43 1:0 108308
106316 48783 1:0 108308
106316 48776 1:0 108314
106316 48777 1:0 108314
106316 48789 1:0 108342
106317 47316 21:0 106327
106319 48779 1:0 108342
106319 48780 1:0 108342
106319 52727 1:0 108518
106325 48785 1:0 108401
106325 48786 1:0 108401
106325 48788 1:0 108401
106325 48784 1:0 108465
106326 47307 21:0 106327
106326 47313 21:0 106330
106328 48787 1:0 108401
106328 23 1:0 108518
106328 50641 1:0 108518
106328 50643 1:0 108529
106328 25 1:0 108538
106329 47309 21:0 106330
106329 47308 21:0 106330
106331 48931 1:0 108529
106331 48925 1:0 108529
106331 51256 1:0 108535
106331 48930 1:0 108535
106331 48926 1:0 108538
106331 48927 1:0 108538
106333 48929 1:0 108538
106333 48928 1:0 108563
106333 50700 1:0 108739
106335 48923 1:0 108563
106335 48924 1:0 108563
106351 48934 1:0 108697
106364 48935 1:0 108622
106405 48933 1:0 108622
106413 48936 1:0 108622
106433 48932 1:0 108622
106434 49070 1:0 108739
106434 49076 1:0 108743
106434 49077 1:0 108743
106435 298 1:0 108750
106466 47457 21:0 106488
106484 49080 1:0 108759
106484 49072 1:0 108759
106484 49074 1:0 108759
106487 47456 21:0 106504
106494 49079 1:0 108841
106504 49071 1:0 108841
106504 49785 1:0 108927
106504 49172 1:0 108968
106504 49173 1:0 108969
106506 47465 21:0 106531
106527 47464 0:0 106528
106527 47466 0:0 106528
106530 47462 21:0 106542
106536 49078 1:0 108907
106536 49081 1:0 108918
106537 49082 1:0 108927
106537 49083 1:0 108928
106541 47453 21:0 106542
106541 47460 21:0 106548
106547 47459 21:0 106548
106547 47454 21:0 106551
106550 47461 21:0 106630
106629 47458 21:0 106630
106705 47605 21:0 106721
106724 47613 21:0 106752
106747 47612 0:0 106749
106747 47608 0:0 106749
106747 47611 0:0 106749
106751 47609 21:0 106763
106762 47610 21:0 106772
106771 47607 21:0 106772
106771 47600 21:0 106797
106796 47606 21:0 106800
106799 47601 21:0 106851
106850 47602 21:0 106851
106928 47755 21:0 106973
106968 47757 0:0 106970
106968 47759 0:0 106970
106969 47753 0:0 106970
106969 47760 0:0 106970
106969 47756 0:0 106970
106972 47758 21:0 106984
106983 47747 21:0 106984
106983 47749 21:0 106984
106983 47748 21:0 106990
106989 47754 21:0 106990
106989 47752 21:0 106993
106992 47750 21:0 106993
106992 47603 21:0 106993
107129 47898 21:0 107151
107159 47904 21:0 107194
107189 47906 0:0 107191
107190 47902 0:0 107191
107193 47905 21:0 107205
107204 47907 21:0 107214
107213 47901 21:0 107214
107213 47900 21:0 107234
107233 47894 21:0 107242
107241 47895 21:0 107293
107292 47897 21:0 107293
107292 47896 21:0 107293
107292 47899 21:0 107296
107337 48044 21:0 107369
107387 48054 21:0 107415
107414 48047 21:0 107423
107422 48052 21:0 107426
107425 48049 21:0 107435
107434 48042 21:0 107460
107459 48048 21:0 107463
107462 48041 21:0 107514
107568 48193 21:0 107592
107601 48198 21:0 107636
107632 48201 0:0 107633
107632 48199 0:0 107633
107635 48200 21:0 107647
107646 48194 21:0 107647
107646 48189 21:0 107653
107652 48195 21:0 107653
107652 47903 21:0 107684
107683 48188 21:0 107735
107734 48191 21:0 107735
107734 48192 21:0 107735
107809 48344 21:0 107857
107852 48345 0:0 107854
107852 48347 0:0 107854
107853 48348 0:0 107854
107853 48346 0:0 107854
107856 48342 21:0 107865
107864 48336 21:0 107865
107864 48341 21:0 107868
107867 48335 21:0 107868
107867 48343 21:0 107877
107876 48197 21:0 107946
107945 48340 21:0 107956
107955 48337 21:0 107956
107955 48338 21:0 107957
108050 48495 21:0 108078
108073 48492 0:0 108075
108073 48493 0:0 108075
108073 48490 0:0 108075
108073 48491 0:0 108075
108077 48483 21:0 108086
108085 48489 21:0 108086
108085 48482 21:0 108089
108088 48488 21:0 108089
108088 48494 21:0 108098
108097 48190 21:0 108098
108097 48484 21:0 108098
108097 48487 21:0 108098
108097 48486 21:0 108098
108252 48633 0:0 108255
108254 48637 21:0 108299
108294 48639 0:0 108296
108295 48642 0:0 108296
108295 48638 0:0 108296
108298 48629 21:0 108307
108306 48636 21:0 108307
108306 48630 21:0 108310
108309 48635 21:0 108310
108309 48640 21:0 108319
108318 48641 21:0 108391
108390 48634 21:0 108398
108397 48632 21:0 108398
108475 48784 21:0 108520
108515 48786 0:0 108517
108515 48788 0:0 108517
108516 48785 0:0 108517
108516 48787 0:0 108517
108519 48789 21:0 108531
108530 48776 21:0 108531
108530 48777 21:0 108537
108536 48783 21:0 108537
108536 48782 21:0 108540
108539 48780 21:0 108540
108539 48779 21:0 108540
108703 48934 21:0 108741
108736 48933 0:0 108738
108736 48932 0:0 108738
108736 48935 0:0 108738
108737 48936 0:0 108738
108740 48923 21:0 108749
108748 48924 21:0 108749
108748 48929 21:0 108752
108751 48930 21:0 108752
108751 48931 21:0 108761
108760 48928 21:0 108761
108760 48927 21:0 108761
108760 48926 21:0 108761
108760 48925 21:0 108761
108928 49081 0:0 108957
108934 49083 0:0 108957
108956 49071 21:0 108957
108956 49078 0:0 108957
108956 49082 0:0 108957
108975 49173 21:0 131
