255 48230 0:0 257
256 48229 0:0 257
256 48223 0:0 257
256 48224 0:0 258
302 48232 0:0 304
302 48233 0:0 304
302 48234 0:0 304
302 48235 0:0 304
303 48323 0:0 304
303 48324 0:0 304
303 48231 0:0 304
358 48494 21:0 366
662 48626 21:0 670
738 48659 0:0 741
743 48661 21:0 801
745 48660 0:0 746
814 48692 21:0 822
895 48727 0:0 898
898 48728 21:0 964
971 48760 21:0 1029
1047 48792 21:0 1105
1118 48824 21:0 1126
1126 48827 21:0 1192
1270 48890 21:0 1278
1575 49023 21:0 1583
1582 49024 0:0 1583
1582 49025 0:0 1583
1583 49026 21:0 1649
1651 49056 21:0 1659
1658 49057 0:0 1659
1658 49058 21:0 1725
1723 49059 0:0 1725
1727 49089 21:0 1735
1732 49091 0:0 1735
1732 49090 0:0 1735
1735 49092 21:0 1801
1803 49122 0:0 1806
1808 49124 21:0 1866
1810 49123 0:0 1811
1865 49125 0:0 1877
1879 49155 21:0 1887
1886 49156 0:0 1887
1886 49157 0:0 1887
1887 49158 21:0 1953
1955 49188 0:0 1958
1960 49190 21:0 2018
1962 49189 0:0 1963
2017 49191 0:0 2029
2031 49221 21:0 2039
2038 49223 0:0 2039
2038 49222 21:0 2105
2103 49224 0:0 2105
2107 49254 21:0 2115
2114 49256 0:0 2115
2114 49255 21:0 2181
2179 49257 0:0 2181
2183 49287 21:0 2191
2190 49289 0:0 2191
2190 49288 21:0 2257
2255 49290 0:0 2257
2259 49320 21:0 2267
2266 49322 0:0 2267
2266 49321 21:0 2333
2331 49323 0:0 2333
2335 49353 0:0 2338
2340 49354 21:0 2398
2342 49355 0:0 2343
2397 49356 0:0 2409
2411 49386 21:0 2419
2418 49388 0:0 2419
2418 49387 21:0 2485
2483 49389 0:0 2485
2487 49419 21:0 2495
2494 49420 0:0 2495
2494 49421 21:0 2561
2559 49422 0:0 2561
2563 49452 21:0 2571
2570 49454 0:0 2571
2570 49453 21:0 2637
2635 49455 0:0 2637
2639 49485 21:0 2647
2646 49487 0:0 2647
2646 49486 21:0 2713
2736 48890 1:0 3109
2737 48827 1:0 3337
2745 48824 1:0 3353
2745 48792 1:0 3465
2762 328 21:0 2776
2769 48760 1:0 3588
2858 48728 1:0 3703
2859 48727 1:0 3710
2867 48692 1:0 3841
2867 48661 1:0 3954
2877 48660 1:0 3953
2891 329 1:0 5895
2980 48659 1:0 3963
2981 48626 1:0 4085
2989 48494 1:0 4573
2995 49486 1:0 6035
3013 49487 1:0 6036
3102 49485 1:0 6046
4745 50465 21:0 4753
4752 50466 0:0 4753
4752 50467 21:0 4819
4817 50468 0:0 4819
4821 50498 0:0 4824
4826 50500 21:0 4884
4883 50501 0:0 4895
4897 50531 21:0 4905
4904 50532 0:0 4905
4904 50533 21:0 4971
4969 50534 0:0 4971
4973 50564 21:0 4981
4980 50565 0:0 4981
4980 50566 21:0 5047
5045 50567 0:0 5047
5049 50597 21:0 5057
5056 50599 0:0 5057
5056 50598 21:0 5123
5121 50600 0:0 5123
5125 50630 21:0 5133
5132 50631 0:0 5133
5132 50632 21:0 5199
5201 50663 21:0 5209
5208 50664 0:0 5209
5208 50665 21:0 5275
5273 50666 0:0 5275
5277 50696 21:0 5285
5284 50698 0:0 5285
5284 50697 21:0 5351
5349 50699 0:0 5351
5353 50729 21:0 5361
5360 50730 0:0 5361
5361 50732 21:0 5427
5429 50762 21:0 5437
5436 50763 21:0 5503
5505 50795 0:0 5508
5510 50796 21:0 5568
5512 50797 0:0 5513
5589 50831 21:0 5655
5662 50862 21:0 5720
5664 50863 0:0 5665
5719 50864 0:0 5731
5733 50894 21:0 5741
5741 50897 21:0 5807
5809 50927 21:0 5817
5907 49455 1:0 6159
5908 49453 1:0 6166
5917 49454 1:0 6167
5917 49452 1:0 6177
5923 49422 1:0 6290
5936 329 21:0 5950
5944 49421 1:0 6298
5956 49420 1:0 6297
6038 49419 1:0 6308
6039 49389 1:0 6421
6048 49387 1:0 6428
6048 49388 1:0 6429
6056 49386 1:0 6439
6074 49356 1:0 6552
6169 49354 1:0 6559
6170 49355 1:0 6560
6170 49353 1:0 6570
6179 49323 1:0 6683
6179 49321 1:0 6690
6187 49322 1:0 6691
6206 49320 1:0 6701
6300 49290 1:0 6814
6301 49288 1:0 6821
6310 49289 1:0 6822
6310 49287 1:0 6832
6316 49257 1:0 6945
6320 49255 1:0 6952
6337 49256 1:0 6953
6431 49254 1:0 6963
6432 49224 1:0 7076
6441 49222 1:0 7083
6441 49223 1:0 7084
6447 49221 1:0 7094
6451 49191 1:0 7207
6480 49190 1:0 7215
6562 49189 1:0 7214
6563 49188 1:0 7225
6572 49158 1:0 7338
6572 49156 1:0 7345
6578 49157 1:0 7346
6583 49155 1:0 7356
6611 49125 1:0 7469
6693 49124 1:0 7477
6694 49123 1:0 7476
6703 49122 1:0 7487
6703 49092 1:0 7600
6709 49090 1:0 7607
6714 49091 1:0 7608
6742 49089 1:0 7618
6824 49059 1:0 7731
6825 49058 1:0 7739
6834 49057 1:0 7738
6834 49056 1:0 7749
6840 49026 1:0 7862
6860 49024 1:0 7869
6873 49025 1:0 7870
6955 49023 1:0 7880
6956 330 1:0 9210
8060 51907 21:0 8068
8067 51909 0:0 8068
8067 51908 21:0 8134
8132 51910 0:0 8134
8136 51940 21:0 8144
8143 51942 0:0 8144
8143 51941 21:0 8210
8208 51943 0:0 8210
8212 51973 21:0 8220
8219 51974 0:0 8220
8219 51975 21:0 8286
8284 51976 0:0 8286
8288 52006 21:0 8296
8295 52007 0:0 8296
8295 52008 21:0 8362
8360 52009 0:0 8362
8364 52039 21:0 8372
8371 52041 0:0 8372
8371 52040 21:0 8438
8436 52042 0:0 8438
8440 52072 21:0 8448
8447 52074 0:0 8448
8447 52073 21:0 8514
8512 52075 0:0 8514
8516 52105 21:0 8524
8523 52107 0:0 8524
8523 52106 21:0 8590
8588 52108 0:0 8590
8592 52138 21:0 8600
8599 52140 0:0 8600
8599 52139 0:0 8600
8600 52141 21:0 8666
8668 52171 21:0 8676
8675 52173 0:0 8676
8675 52172 21:0 8742
8740 52174 0:0 8742
8744 52204 21:0 8752
8751 52205 0:0 8752
8751 52206 21:0 8818
8816 52207 0:0 8818
8820 52237 0:0 8823
8825 52239 21:0 8883
8827 52238 0:0 8828
8882 52240 0:0 8894
8896 52270 21:0 8904
8903 52271 0:0 8904
8903 52272 21:0 8970
8968 52273 0:0 8970
8972 52303 21:0 8980
8979 52304 0:0 8980
8979 52305 21:0 9046
9044 52306 0:0 9046
9048 52336 21:0 9056
9055 52337 0:0 9056
9055 52338 21:0 9122
9120 52339 0:0 9122
9222 50927 1:0 9361
9223 50897 1:0 9474
9232 50894 1:0 9492
9232 50864 1:0 9605
9238 50862 1:0 9612
9251 330 21:0 9265
9259 50863 1:0 9613
9271 50831 1:0 9736
9353 50796 1:0 9874
9354 50797 1:0 9875
9363 50795 1:0 9885
9363 50763 1:0 10005
9371 50762 1:0 10016
9389 50732 1:0 10129
9484 50730 1:0 10136
9485 50729 1:0 10147
9485 50699 1:0 10260
9494 50697 1:0 10267
9494 50698 1:0 10268
9502 50696 1:0 10278
9521 50666 1:0 10391
9615 50665 1:0 10399
9616 50664 1:0 10398
9625 50663 1:0 10409
9625 50632 1:0 10530
9631 50631 1:0 10529
9635 50630 1:0 10540
9652 50600 1:0 10653
9746 50598 1:0 10660
9747 50599 1:0 10661
9756 50597 1:0 10671
9756 50567 1:0 10784
9762 50566 1:0 10792
9766 50565 1:0 10791
9795 50564 1:0 10802
9877 50534 1:0 10915
9878 50533 1:0 10923
9887 50532 1:0 10922
9887 50531 1:0 10933
9893 50501 1:0 11046
9898 50500 1:0 11054
9913 331 1:0 12525
9926 50498 1:0 11064
10008 50468 1:0 11177
10009 50467 1:0 11185
10018 50466 1:0 11184
10018 50465 1:0 11195
11375 53349 21:0 11383
11382 53351 0:0 11383
11382 53350 0:0 11383
11383 53352 21:0 11449
11451 53382 21:0 11459
11458 53384 0:0 11459
11458 53383 0:0 11459
11459 53385 21:0 11525
11527 53415 21:0 11535
11534 53417 0:0 11535
11534 53416 21:0 11601
11599 53418 0:0 11601
11603 53448 21:0 11611
11610 53450 0:0 11611
11610 53449 21:0 11677
11675 53451 0:0 11677
11679 53481 21:0 11687
11686 53483 0:0 11687
11686 53482 21:0 11753
11751 53484 0:0 11753
11755 53514 21:0 11763
11762 53516 0:0 11763
11762 53515 21:0 11829
11827 53517 0:0 11829
11831 53547 21:0 11839
11838 53549 0:0 11839
11838 53548 21:0 11905
11903 53550 0:0 11905
11907 53580 21:0 11915
11914 53582 21:0 11981
11979 53583 0:0 11981
11983 53613 0:0 11986
11988 53615 21:0 12046
11990 53614 0:0 11991
12045 53616 0:0 12057
12059 53646 0:0 12062
12064 53647 21:0 12122
12066 53648 0:0 12067
12121 53649 0:0 12133
12135 53679 21:0 12143
12216 53714 21:0 12274
12292 53747 0:0 12295
12295 53748 21:0 12361
12363 53778 0:0 12366
12368 53779 21:0 12426
12537 52339 1:0 12789
12538 52338 1:0 12797
12547 52337 1:0 12796
12547 52336 1:0 12807
12553 52306 1:0 12920
12566 331 21:0 12580
12574 52305 1:0 12928
12586 52304 1:0 12927
12668 52303 1:0 12938
12669 52273 1:0 13051
12678 52271 1:0 13058
12678 52272 1:0 13059
12686 52270 1:0 13069
12704 52240 1:0 13182
12799 52239 1:0 13190
12800 52238 1:0 13189
12800 52237 1:0 13200
12809 52207 1:0 13313
12809 52206 1:0 13321
12817 52205 1:0 13320
12836 52204 1:0 13331
12930 52174 1:0 13444
12931 52172 1:0 13451
12940 52173 1:0 13452
12940 52171 1:0 13462
12946 52141 1:0 13575
12950 52139 1:0 13582
12967 52140 1:0 13583
13061 52138 1:0 13593
13062 52108 1:0 13706
13071 52106 1:0 13713
13071 52107 1:0 13714
13077 52105 1:0 13724
13081 52075 1:0 13837
13110 52073 1:0 13844
13192 52074 1:0 13845
13193 52072 1:0 13855
13202 52042 1:0 13968
13202 52040 1:0 13975
13208 52041 1:0 13976
13213 52039 1:0 13986
13241 52009 1:0 14099
13323 52008 1:0 14107
13324 52007 1:0 14106
13333 52006 1:0 14117
13333 51976 1:0 14230
13339 51975 1:0 14238
13344 51974 1:0 14237
13372 51973 1:0 14248
13454 51943 1:0 14361
13455 51941 1:0 14368
13464 51942 1:0 14369
13464 51940 1:0 14379
13470 51910 1:0 14492
13490 51908 1:0 14499
13503 51909 1:0 14500
13585 51907 1:0 14510
13586 332 1:0 15840
13595 53779 1:0 16111
14690 54791 21:0 14698
14697 54792 0:0 14698
14697 54793 21:0 14764
14762 54794 0:0 14764
14766 54824 21:0 14774
14773 54826 0:0 14774
14773 54825 21:0 14840
14838 54827 0:0 14840
14842 54857 21:0 14850
14849 54858 0:0 14850
14849 54859 0:0 14850
14850 54860 21:0 14916
14918 54890 21:0 14926
14925 54891 0:0 14926
14925 54892 21:0 14992
14990 54893 0:0 14992
14994 54923 21:0 15002
15001 54925 0:0 15002
15001 54924 21:0 15068
15066 54926 0:0 15068
15070 54956 21:0 15078
15077 54958 0:0 15078
15077 54957 21:0 15144
15142 54959 0:0 15144
15146 54989 21:0 15154
15153 54990 0:0 15154
15153 54991 21:0 15220
15218 54992 0:0 15220
15222 55022 21:0 15230
15229 55023 0:0 15230
15229 55024 21:0 15296
15294 55025 0:0 15296
15298 55055 21:0 15306
15303 55056 0:0 15306
15305 55057 0:0 15306
15306 55058 21:0 15372
15374 55088 21:0 15382
15381 55090 0:0 15382
15381 55089 0:0 15382
15382 55091 21:0 15448
15450 55121 21:0 15458
15455 55122 0:0 15458
15455 55123 0:0 15458
15458 55124 21:0 15524
15526 55154 0:0 15529
15531 55156 21:0 15589
15533 55155 0:0 15534
15588 55157 0:0 15600
15602 55187 21:0 15610
15609 55189 0:0 15610
15609 55188 21:0 15676
15674 55190 0:0 15676
15678 55220 21:0 15686
15685 55221 0:0 15686
15685 55222 0:0 15686
15686 55223 21:0 15752
15754 55253 21:0 15762
15852 53778 1:0 16122
15853 53748 1:0 16235
15862 53747 1:0 16243
15862 53714 1:0 16374
15868 53679 1:0 16515
15881 332 21:0 15895
15889 53649 1:0 16628
15901 53647 1:0 16635
15983 53648 1:0 16636
15984 53646 1:0 16646
15993 53616 1:0 16759
15993 53615 1:0 16767
16001 53614 1:0 16766
16019 53613 1:0 16777
16114 53583 1:0 16890
16115 53582 1:0 16898
16115 53580 1:0 16908
16124 53550 1:0 17021
16124 53548 1:0 17028
16132 53549 1:0 17029
16151 53547 1:0 17039
16245 53517 1:0 17152
16246 53515 1:0 17159
16255 53516 1:0 17160
16255 53514 1:0 17170
16261 53484 1:0 17283
16265 53482 1:0 17290
16282 53483 1:0 17291
16376 53481 1:0 17301
16377 53451 1:0 17414
16386 53449 1:0 17421
16386 53450 1:0 17422
16392 53448 1:0 17432
16396 53418 1:0 17545
16425 53416 1:0 17552
16507 53417 1:0 17553
16508 53415 1:0 17563
16517 53385 1:0 17676
16517 53383 1:0 17683
16523 53384 1:0 17684
16528 53382 1:0 17694
16543 333 1:0 19155
16556 53352 1:0 17807
16638 53351 1:0 17815
16639 53350 1:0 17814
16648 53349 1:0 17825
16648 55253 1:0 19306
16656 55223 1:0 19419
18005 56233 21:0 18013
18012 56235 0:0 18013
18012 56234 21:0 18079
18077 56236 0:0 18079
18081 56266 21:0 18089
18088 56268 0:0 18089
18088 56267 21:0 18155
18153 56269 0:0 18155
18157 56299 21:0 18165
18164 56301 0:0 18165
18164 56300 21:0 18231
18229 56302 0:0 18231
18233 56332 21:0 18241
18240 56333 0:0 18241
18240 56334 21:0 18307
18305 56335 0:0 18307
18309 56365 21:0 18317
18316 56366 0:0 18317
18316 56367 21:0 18383
18381 56368 0:0 18383
18385 56398 21:0 18393
18392 56400 0:0 18393
18392 56399 21:0 18459
18457 56401 0:0 18459
18461 56431 21:0 18469
18468 56432 0:0 18469
18468 56433 21:0 18535
18533 56434 0:0 18535
18537 56464 21:0 18545
18544 56465 0:0 18545
18544 56466 21:0 18611
18609 56467 0:0 18611
18613 56497 21:0 18621
18620 56499 0:0 18621
18620 56498 21:0 18687
18685 56500 0:0 18687
18689 56530 0:0 18692
18694 56531 21:0 18752
18696 56532 0:0 18697
18751 56533 0:0 18763
18765 56563 0:0 18768
18770 56564 21:0 18828
18772 56565 0:0 18773
18827 56566 0:0 18839
18849 56599 21:0 18915
18993 56662 21:0 19001
19167 55222 1:0 19427
19168 55221 1:0 19426
19177 55220 1:0 19437
19177 55190 1:0 19550
19183 55188 1:0 19557
19196 333 21:0 19210
19204 55189 1:0 19558
19216 55187 1:0 19568
19298 55157 1:0 19681
19299 55156 1:0 19689
19308 55155 1:0 19688
19308 55154 1:0 19699
19316 55124 1:0 19812
19334 55122 1:0 19819
19429 55123 1:0 19820
19430 55121 1:0 19830
19430 55091 1:0 19943
19439 55089 1:0 19950
19439 55090 1:0 19951
19447 55088 1:0 19961
19466 55058 1:0 20074
19560 55057 1:0 20082
19561 55056 1:0 20081
19570 55055 1:0 20092
19570 55025 1:0 20205
19576 55024 1:0 20213
19580 55023 1:0 20212
19597 55022 1:0 20223
19691 54992 1:0 20336
19692 54991 1:0 20344
19701 54990 1:0 20343
19701 54989 1:0 20354
19707 54959 1:0 20467
19711 54957 1:0 20474
19740 54958 1:0 20475
19822 54956 1:0 20485
19823 54926 1:0 20598
19832 54924 1:0 20605
19832 54925 1:0 20606
19838 54923 1:0 20616
19843 54893 1:0 20729
19871 54892 1:0 20737
19953 54891 1:0 20736
19954 54890 1:0 20747
19963 54860 1:0 20860
19963 54858 1:0 20867
19969 54859 1:0 20868
19974 54857 1:0 20878
20002 54827 1:0 20991
20084 54825 1:0 20998
20085 54826 1:0 20999
20094 54824 1:0 21009
20094 54794 1:0 21122
20100 54793 1:0 21130
20120 54792 1:0 21129
20133 54791 1:0 21140
20215 334 1:0 22470
21320 57675 21:0 21328
21327 57677 0:0 21328
21327 57676 21:0 21394
21392 57678 0:0 21394
21396 57708 21:0 21404
21403 57710 0:0 21404
21403 57709 21:0 21470
21468 57711 0:0 21470
21472 57741 21:0 21480
21479 57743 0:0 21480
21479 57742 21:0 21546
21544 57744 0:0 21546
21548 57774 21:0 21556
21555 57776 0:0 21556
21555 57775 21:0 21622
21620 57777 0:0 21622
21624 57807 21:0 21632
21631 57809 0:0 21632
21631 57808 21:0 21698
21696 57810 0:0 21698
21700 57840 21:0 21708
21707 57842 0:0 21708
21707 57841 21:0 21774
21772 57843 0:0 21774
21776 57873 21:0 21784
21783 57874 0:0 21784
21783 57875 21:0 21850
21848 57876 0:0 21850
21852 57906 21:0 21860
21859 57907 0:0 21860
21859 57908 21:0 21926
21924 57909 0:0 21926
21928 57939 0:0 21931
21933 57940 21:0 21991
21935 57941 0:0 21936
21990 57942 0:0 22002
22004 57972 21:0 22012
22011 57973 0:0 22012
22011 57974 21:0 22078
22076 57975 0:0 22078
22080 58005 21:0 22088
22087 58006 0:0 22088
22087 58007 21:0 22154
22152 58008 0:0 22154
22156 58038 21:0 22164
22161 58039 0:0 22164
22161 58040 0:0 22164
22164 58041 21:0 22230
22232 58071 21:0 22240
22239 58072 0:0 22240
22239 58073 21:0 22306
22304 58074 0:0 22306
22308 58104 21:0 22316
22315 58105 0:0 22316
22315 58106 21:0 22382
22482 56662 1:0 22752
22483 56599 1:0 22996
22492 56566 1:0 23127
22492 56564 1:0 23134
22498 56565 1:0 23135
22511 334 21:0 22525
22519 56563 1:0 23145
22531 56533 1:0 23258
22613 56531 1:0 23265
22614 56532 1:0 23266
22623 56530 1:0 23276
22623 56500 1:0 23389
22631 56498 1:0 23396
22649 56499 1:0 23397
22744 56497 1:0 23407
22745 56467 1:0 23520
22745 56466 1:0 23528
22754 56465 1:0 23527
22754 56464 1:0 23538
22762 56434 1:0 23651
22781 56433 1:0 23659
22875 56432 1:0 23658
22876 56431 1:0 23669
22885 56401 1:0 23782
22885 56399 1:0 23789
22891 56400 1:0 23790
22895 56398 1:0 23800
22912 56368 1:0 23913
23006 56367 1:0 23921
23007 56366 1:0 23920
23016 56365 1:0 23931
23016 56335 1:0 24044
23022 56334 1:0 24052
23026 56333 1:0 24051
23055 56332 1:0 24062
23137 56302 1:0 24175
23138 56300 1:0 24182
23147 56301 1:0 24183
23147 56299 1:0 24193
23153 56269 1:0 24306
23158 56267 1:0 24313
23186 56268 1:0 24314
23268 56266 1:0 24324
23269 56236 1:0 24437
23278 56234 1:0 24444
23278 56235 1:0 24445
23284 56233 1:0 24455
23286 335 1:0 25785
23304 58106 1:0 26057
23399 58105 1:0 26056
24635 59117 21:0 24643
24642 59118 0:0 24643
24642 59119 21:0 24709
24707 59120 0:0 24709
24711 59150 21:0 24719
24718 59151 0:0 24719
24718 59152 21:0 24785
24783 59153 0:0 24785
24787 59183 21:0 24795
24794 59184 0:0 24795
24794 59185 21:0 24861
24859 59186 0:0 24861
24863 59216 21:0 24871
24870 59217 0:0 24871
24870 59218 21:0 24937
24935 59219 0:0 24937
24939 59249 21:0 24947
24946 59251 0:0 24947
24946 59250 21:0 25013
25011 59252 0:0 25013
25015 59282 21:0 25023
25022 59283 0:0 25023
25022 59284 21:0 25089
25087 59285 0:0 25089
25091 59315 21:0 25099
25098 59316 0:0 25099
25098 59317 21:0 25165
25163 59318 0:0 25165
25167 59348 21:0 25175
25174 59350 0:0 25175
25174 59349 0:0 25175
25175 59351 21:0 25241
25243 59381 21:0 25251
25250 59383 0:0 25251
25251 59384 21:0 25317
25319 59414 0:0 25322
25324 59415 21:0 25382
25326 59416 0:0 25327
25395 59447 21:0 25403
25402 59448 21:0 25469
25467 59450 0:0 25469
25471 59480 21:0 25479
25478 59482 21:0 25545
25543 59483 0:0 25545
25552 59515 0:0 25555
25555 59516 21:0 25621
25623 59546 21:0 25631
25704 59581 21:0 25762
25797 58104 1:0 26067
25798 58074 1:0 26180
25807 58072 1:0 26187
25807 58073 1:0 26188
25813 58071 1:0 26198
25826 335 21:0 25840
25834 58041 1:0 26311
25846 58039 1:0 26318
25928 58040 1:0 26319
25929 58038 1:0 26329
25938 58008 1:0 26442
25938 58007 1:0 26450
25946 58006 1:0 26449
25964 58005 1:0 26460
26059 57975 1:0 26573
26060 57973 1:0 26580
26060 57974 1:0 26581
26069 57972 1:0 26591
26069 57942 1:0 26704
26077 57940 1:0 26711
26096 57941 1:0 26712
26190 57939 1:0 26722
26191 57909 1:0 26835
26200 57907 1:0 26842
26200 57908 1:0 26843
26206 57906 1:0 26853
26210 57876 1:0 26966
26227 57875 1:0 26974
26321 57874 1:0 26973
26322 57873 1:0 26984
26331 57843 1:0 27097
26331 57841 1:0 27104
26337 57842 1:0 27105
26341 57840 1:0 27115
26370 57810 1:0 27228
26452 57808 1:0 27235
26453 57809 1:0 27236
26462 57807 1:0 27246
26462 57777 1:0 27359
26468 57775 1:0 27366
26473 57776 1:0 27367
26501 57774 1:0 27377
26583 57744 1:0 27490
26584 57742 1:0 27497
26593 57743 1:0 27498
26593 57741 1:0 27508
26599 57711 1:0 27621
26604 57709 1:0 27628
26632 57710 1:0 27629
26714 57708 1:0 27639
26715 57678 1:0 27752
26724 57676 1:0 27759
26724 57677 1:0 27760
26730 57675 1:0 27770
26732 336 1:0 29100
27950 60559 21:0 27958
27957 60561 0:0 27958
27957 60560 21:0 28024
28022 60562 0:0 28024
28026 60592 21:0 28034
28033 60593 0:0 28034
28033 60594 0:0 28034
28034 60595 21:0 28100
28102 60625 21:0 28110
28109 60627 0:0 28110
28109 60626 21:0 28176
28174 60628 0:0 28176
28178 60658 21:0 28186
28185 60659 0:0 28186
28185 60660 21:0 28252
28250 60661 0:0 28252
28254 60691 21:0 28262
28261 60692 0:0 28262
28261 60693 21:0 28328
28326 60694 0:0 28328
28330 60724 21:0 28338
28337 60725 0:0 28338
28337 60726 21:0 28404
28402 60727 0:0 28404
28406 60757 21:0 28414
28413 60759 0:0 28414
28413 60758 21:0 28480
28478 60760 0:0 28480
28482 60790 21:0 28490
28489 60791 0:0 28490
28489 60792 21:0 28556
28554 60793 0:0 28556
28558 60823 0:0 28561
28563 60824 21:0 28621
28565 60825 0:0 28566
28620 60826 0:0 28632
28634 60856 0:0 28637
28639 60858 21:0 28697
28641 60857 0:0 28642
28696 60859 0:0 28708
28710 60889 21:0 28718
28717 60890 0:0 28718
28717 60891 0:0 28718
28718 60892 21:0 28784
28786 60922 21:0 28794
28791 60924 0:0 28794
28793 60923 0:0 28794
28794 60925 21:0 28860
28862 60955 0:0 28865
28867 60956 21:0 28925
28869 60957 0:0 28870
28924 60958 0:0 28936
28938 60988 21:0 28946
29112 59581 1:0 29241
29113 59546 1:0 29382
29122 59516 1:0 29495
29122 59515 1:0 29503
29128 59483 1:0 29626
29141 336 21:0 29155
29149 59482 1:0 29634
29161 59480 1:0 29644
29243 59450 1:0 29757
29244 59448 1:0 29764
29253 59447 1:0 29775
29253 59415 1:0 29895
29261 59416 1:0 29896
29279 59414 1:0 29906
29374 59384 1:0 30019
29375 59383 1:0 30027
29375 59381 1:0 30037
29384 59351 1:0 30150
29384 59349 1:0 30157
29392 59350 1:0 30158
29411 59348 1:0 30168
29505 59318 1:0 30281
29506 59317 1:0 30289
29515 59316 1:0 30288
29515 59315 1:0 30299
29521 59285 1:0 30412
29525 59284 1:0 30420
29542 59283 1:0 30419
29636 59282 1:0 30430
29637 59252 1:0 30543
29646 59250 1:0 30550
29646 59251 1:0 30551
29652 59249 1:0 30561
29656 59219 1:0 30674
29685 59218 1:0 30682
29767 59217 1:0 30681
29768 59216 1:0 30692
29777 59186 1:0 30805
29777 59185 1:0 30813
29783 59184 1:0 30812
29788 59183 1:0 30823
29816 59153 1:0 30936
29898 59152 1:0 30944
29899 59151 1:0 30943
29908 59150 1:0 30954
29908 59120 1:0 31067
29914 59119 1:0 31075
29919 59118 1:0 31074
29947 59117 1:0 31085
30029 337 1:0 32415
30030 60988 1:0 32697
30030 60958 1:0 32810
30039 60956 1:0 32817
31265 62001 21:0 31273
31272 62003 0:0 31273
31272 62002 21:0 31339
31337 62004 0:0 31339
31341 62034 21:0 31349
31348 62036 0:0 31349
31348 62035 21:0 31415
31413 62037 0:0 31415
31417 62067 21:0 31425
31424 62068 0:0 31425
31424 62069 21:0 31491
31489 62070 0:0 31491
31493 62100 21:0 31501
31500 62102 0:0 31501
31500 62101 21:0 31567
31565 62103 0:0 31567
31569 62133 21:0 31577
31576 62134 0:0 31577
31576 62135 0:0 31577
31577 62136 21:0 31643
31645 62166 21:0 31653
31652 62168 0:0 31653
31652 62167 21:0 31719
31717 62169 0:0 31719
31721 62199 21:0 31729
31728 62200 0:0 31729
31728 62201 21:0 31795
31793 62202 0:0 31795
31797 62232 21:0 31805
31804 62233 0:0 31805
31804 62234 21:0 31871
31869 62235 0:0 31871
31878 62267 21:0 31936
31880 62266 0:0 31881
31935 62268 0:0 31947
31949 62298 21:0 31957
31956 62300 0:0 31957
31956 62299 0:0 31957
31957 62301 21:0 32023
32025 62331 21:0 32033
32030 62333 0:0 32033
32030 62332 0:0 32033
32033 62334 21:0 32099
32101 62364 0:0 32104
32106 62365 21:0 32164
32108 62366 0:0 32109
32163 62367 0:0 32175
32182 62398 0:0 32185
32182 62399 0:0 32185
32185 62400 21:0 32251
32253 62430 21:0 32261
32427 60957 1:0 32818
32428 60955 1:0 32828
32437 60925 1:0 32941
32437 60924 1:0 32949
32443 60923 1:0 32948
32456 337 21:0 32470
32464 60922 1:0 32959
32476 60892 1:0 33072
32558 60891 1:0 33080
32559 60890 1:0 33079
32568 60889 1:0 33090
32568 60859 1:0 33203
32576 60858 1:0 33211
32594 60857 1:0 33210
32689 60856 1:0 33221
32690 60826 1:0 33334
32690 60824 1:0 33341
32699 60825 1:0 33342
32699 60823 1:0 33352
32707 60793 1:0 33465
32726 60792 1:0 33473
32820 60791 1:0 33472
32821 60790 1:0 33483
32830 60760 1:0 33596
32830 60758 1:0 33603
32836 60759 1:0 33604
32840 60757 1:0 33614
32857 60727 1:0 33727
32951 60726 1:0 33735
32952 60725 1:0 33734
32961 60724 1:0 33745
32961 60694 1:0 33858
32967 60693 1:0 33866
32971 60692 1:0 33865
33000 60691 1:0 33876
33082 60661 1:0 33989
33083 60660 1:0 33997
33092 60659 1:0 33996
33092 60658 1:0 34007
33098 60628 1:0 34120
33103 60626 1:0 34127
33131 60627 1:0 34128
33213 60625 1:0 34138
33214 60595 1:0 34251
33223 60593 1:0 34258
33223 60594 1:0 34259
33229 60592 1:0 34269
33234 60562 1:0 34382
33262 60560 1:0 34389
33344 60561 1:0 34390
33345 60559 1:0 34400
33345 338 1:0 35730
34580 63443 21:0 34588
34587 63444 0:0 34588
34587 63445 0:0 34588
34588 63446 21:0 34654
34656 63476 21:0 34664
34663 63478 0:0 34664
34663 63477 21:0 34730
34728 63479 0:0 34730
34732 63509 21:0 34740
34739 63511 0:0 34740
34739 63510 21:0 34806
34804 63512 0:0 34806
34808 63542 21:0 34816
34815 63544 0:0 34816
34815 63543 21:0 34882
34880 63545 0:0 34882
34884 63575 21:0 34892
34891 63576 0:0 34892
34891 63577 21:0 34958
34956 63578 0:0 34958
34960 63608 21:0 34968
34967 63609 0:0 34968
34967 63610 21:0 35034
35032 63611 0:0 35034
35036 63641 21:0 35044
35043 63642 0:0 35044
35043 63643 21:0 35110
35108 63644 0:0 35110
35112 63674 21:0 35120
35119 63675 0:0 35120
35119 63676 21:0 35186
35184 63677 0:0 35186
35188 63707 21:0 35196
35195 63709 0:0 35196
35195 63708 21:0 35262
35260 63710 0:0 35262
35264 63740 0:0 35267
35269 63742 21:0 35327
35271 63741 0:0 35272
35326 63743 0:0 35338
35340 63773 21:0 35348
35347 63775 0:0 35348
35347 63774 21:0 35414
35412 63776 0:0 35414
35416 63806 21:0 35424
35423 63808 0:0 35424
35423 63807 21:0 35490
35500 63842 21:0 35566
35576 63875 21:0 35642
35649 63906 21:0 35707
35742 62430 1:0 36012
35743 62400 1:0 36125
35752 62398 1:0 36132
35752 62399 1:0 36133
35758 62367 1:0 36256
35771 338 21:0 35785
35779 62365 1:0 36263
35791 62366 1:0 36264
35873 62364 1:0 36274
35874 62334 1:0 36387
35883 62332 1:0 36394
35883 62333 1:0 36395
35891 62331 1:0 36405
35909 62301 1:0 36518
36004 62300 1:0 36526
36005 62299 1:0 36525
36005 62298 1:0 36536
36014 62268 1:0 36649
36014 62267 1:0 36657
36022 62266 1:0 36656
36041 62235 1:0 36780
36135 62234 1:0 36788
36136 62233 1:0 36787
36145 62232 1:0 36798
36145 62202 1:0 36911
36151 62201 1:0 36919
36155 62200 1:0 36918
36172 62199 1:0 36929
36266 62169 1:0 37042
36267 62167 1:0 37049
36276 62168 1:0 37050
36276 62166 1:0 37060
36282 62136 1:0 37173
36286 62134 1:0 37180
36315 62135 1:0 37181
36397 62133 1:0 37191
36398 62103 1:0 37304
36407 62101 1:0 37311
36407 62102 1:0 37312
36413 62100 1:0 37322
36418 62070 1:0 37435
36446 62069 1:0 37443
36528 62068 1:0 37442
36529 62067 1:0 37453
36538 62037 1:0 37566
36538 62035 1:0 37573
36544 62036 1:0 37574
36549 62034 1:0 37584
36577 62004 1:0 37697
36659 62002 1:0 37704
36660 62003 1:0 37705
36660 339 1:0 39045
36669 62001 1:0 37715
37895 64885 21:0 37903
37902 64886 0:0 37903
37902 64887 21:0 37969
37967 64888 0:0 37969
37971 64918 21:0 37979
37978 64920 0:0 37979
37978 64919 0:0 37979
37979 64921 21:0 38045
38047 64951 21:0 38055
38054 64953 0:0 38055
38054 64952 0:0 38055
38055 64954 21:0 38121
38123 64984 21:0 38131
38130 64985 0:0 38131
38130 64986 21:0 38197
38195 64987 0:0 38197
38199 65017 21:0 38207
38206 65018 0:0 38207
38206 65019 21:0 38273
38271 65020 0:0 38273
38275 65050 21:0 38283
38282 65052 0:0 38283
38282 65051 21:0 38349
38347 65053 0:0 38349
38351 65083 21:0 38359
38358 65085 0:0 38359
38358 65084 0:0 38359
38359 65086 21:0 38425
38427 65116 21:0 38435
38434 65117 0:0 38435
38434 65118 21:0 38501
38499 65119 0:0 38501
38503 65149 21:0 38511
38510 65150 0:0 38511
38510 65151 0:0 38511
38511 65152 21:0 38577
38579 65182 21:0 38587
38586 65184 0:0 38587
38586 65183 21:0 38653
38651 65185 0:0 38653
38655 65215 0:0 38658
38660 65217 21:0 38718
38662 65216 0:0 38663
38717 65218 0:0 38729
38736 65250 21:0 38794
38793 65251 0:0 38805
38807 65281 21:0 38815
38814 65282 0:0 38815
38814 65283 0:0 38815
38815 65284 21:0 38881
38883 65314 21:0 38891
39057 63906 1:0 39185
39058 63875 1:0 39309
39067 63842 1:0 39440
39067 63807 1:0 39578
39073 63808 1:0 39579
39086 339 21:0 39100
39094 63806 1:0 39589
39106 63776 1:0 39702
39188 63774 1:0 39709
39189 63775 1:0 39710
39198 63773 1:0 39720
39198 63743 1:0 39833
39206 63742 1:0 39841
39224 63741 1:0 39840
39319 63740 1:0 39851
39320 63710 1:0 39964
39320 63708 1:0 39971
39329 63709 1:0 39972
39329 63707 1:0 39982
39337 63677 1:0 40095
39356 63676 1:0 40103
39450 63675 1:0 40102
39451 63674 1:0 40113
39460 63644 1:0 40226
39460 63643 1:0 40234
39466 63642 1:0 40233
39470 63641 1:0 40244
39487 63611 1:0 40357
39581 63610 1:0 40365
39582 63609 1:0 40364
39591 63608 1:0 40375
39591 63578 1:0 40488
39597 63577 1:0 40496
39601 63576 1:0 40495
39630 63575 1:0 40506
39712 63545 1:0 40619
39713 63543 1:0 40626
39722 63544 1:0 40627
39722 63542 1:0 40637
39728 63512 1:0 40750
39733 63510 1:0 40757
39761 63511 1:0 40758
39843 63509 1:0 40768
39844 63479 1:0 40881
39853 63477 1:0 40888
39853 63478 1:0 40889
39859 63476 1:0 40899
39864 63446 1:0 41012
39892 63444 1:0 41019
39974 63445 1:0 41020
39975 63443 1:0 41030
39975 340 1:0 42360
39984 65314 1:0 42642
39984 65284 1:0 42755
41210 66327 21:0 41218
41217 66328 0:0 41218
41217 66329 0:0 41218
41218 66330 21:0 41284
41286 66360 21:0 41294
41293 66361 0:0 41294
41293 66362 21:0 41360
41358 66363 0:0 41360
41362 66393 21:0 41370
41369 66395 0:0 41370
41369 66394 21:0 41436
41434 66396 0:0 41436
41438 66426 21:0 41446
41445 66428 0:0 41446
41445 66427 21:0 41512
41510 66429 0:0 41512
41514 66459 21:0 41522
41521 66460 0:0 41522
41521 66461 21:0 41588
41586 66462 0:0 41588
41590 66492 21:0 41598
41597 66493 0:0 41598
41597 66494 21:0 41664
41662 66495 0:0 41664
41666 66525 21:0 41674
41673 66527 0:0 41674
41673 66526 21:0 41740
41738 66528 0:0 41740
41742 66558 21:0 41750
41749 66560 0:0 41750
41749 66559 0:0 41750
41750 66561 21:0 41816
41818 66591 21:0 41826
41825 66592 0:0 41826
41825 66593 21:0 41892
41890 66594 0:0 41892
41894 66624 0:0 41897
41899 66626 21:0 41957
41901 66625 0:0 41902
41956 66627 0:0 41968
41970 66657 21:0 41978
41975 66658 0:0 41978
41977 66659 0:0 41978
41978 66660 21:0 42044
42046 66690 21:0 42054
42053 66691 0:0 42054
42054 66693 21:0 42120
42122 66723 0:0 42125
42127 66725 21:0 42185
42203 66758 21:0 42261
42205 66757 0:0 42206
42274 66789 21:0 42282
42372 65283 1:0 42763
42373 65282 1:0 42762
42382 65281 1:0 42773
42382 65251 1:0 42886
42388 65250 1:0 42894
42401 340 21:0 42415
42409 65218 1:0 43017
42421 65217 1:0 43025
42503 65216 1:0 43024
42504 65215 1:0 43035
42513 65185 1:0 43148
42513 65183 1:0 43155
42521 65184 1:0 43156
42539 65182 1:0 43166
42634 65152 1:0 43279
42635 65150 1:0 43286
42635 65151 1:0 43287
42644 65149 1:0 43297
42644 65119 1:0 43410
42652 65118 1:0 43418
42671 65117 1:0 43417
42765 65116 1:0 43428
42766 65086 1:0 43541
42775 65084 1:0 43548
42775 65085 1:0 43549
42781 65083 1:0 43559
42785 65053 1:0 43672
42802 65051 1:0 43679
42896 65052 1:0 43680
42897 65050 1:0 43690
42906 65020 1:0 43803
42906 65019 1:0 43811
42912 65018 1:0 43810
42916 65017 1:0 43821
42945 64987 1:0 43934
43027 64986 1:0 43942
43028 64985 1:0 43941
43037 64984 1:0 43952
43037 64954 1:0 44065
43043 64952 1:0 44072
43048 64953 1:0 44073
43076 64951 1:0 44083
43158 64921 1:0 44196
43159 64919 1:0 44203
43168 64920 1:0 44204
43168 64918 1:0 44214
43174 64888 1:0 44327
43179 64887 1:0 44335
43207 64886 1:0 44334
43289 64885 1:0 44345
43290 341 1:0 45675
44525 67769 21:0 44533
44532 67771 0:0 44533
44532 67770 21:0 44599
44597 67772 0:0 44599
44601 67802 21:0 44609
44608 67804 0:0 44609
44608 67803 0:0 44609
44609 67805 21:0 44675
44677 67835 21:0 44685
44684 67836 0:0 44685
44684 67837 21:0 44751
44749 67838 0:0 44751
44753 67868 21:0 44761
44760 67869 0:0 44761
44760 67870 21:0 44827
44825 67871 0:0 44827
44829 67901 21:0 44837
44836 67903 0:0 44837
44836 67902 21:0 44903
44901 67904 0:0 44903
44905 67934 21:0 44913
44912 67935 0:0 44913
44912 67936 21:0 44979
44977 67937 0:0 44979
44981 67967 21:0 44989
44988 67969 0:0 44989
44988 67968 21:0 45055
45053 67970 0:0 45055
45057 68000 21:0 45065
45064 68001 0:0 45065
45064 68002 21:0 45131
45129 68003 0:0 45131
45133 68033 21:0 45141
45140 68034 21:0 45207
45205 68036 0:0 45207
45209 68066 21:0 45217
45216 68067 0:0 45217
45216 68068 0:0 45217
45217 68069 21:0 45283
45285 68099 0:0 45288
45290 68100 21:0 45348
45347 68102 0:0 45359
45361 68132 0:0 45364
45366 68133 21:0 45424
45368 68134 0:0 45369
45423 68135 0:0 45435
45437 68165 21:0 45445
45445 68168 21:0 45511
45513 68198 21:0 45521
45687 66789 1:0 45826
45688 66758 1:0 45947
45697 66757 1:0 45946
45697 66725 1:0 46078
45703 66723 1:0 46088
45716 341 21:0 45730
45724 66693 1:0 46201
45736 66691 1:0 46208
45818 66690 1:0 46219
45819 66660 1:0 46332
45828 66658 1:0 46339
45828 66659 1:0 46340
45836 66657 1:0 46350
45854 66627 1:0 46463
45949 66626 1:0 46471
45950 66625 1:0 46470
45950 66624 1:0 46481
45959 66594 1:0 46594
45959 66593 1:0 46602
45967 66592 1:0 46601
45986 66591 1:0 46612
46080 66561 1:0 46725
46081 66559 1:0 46732
46090 66560 1:0 46733
46090 66558 1:0 46743
46096 66528 1:0 46856
46100 66526 1:0 46863
46117 66527 1:0 46864
46211 66525 1:0 46874
46212 66495 1:0 46987
46221 66493 1:0 46994
46221 66494 1:0 46995
46227 66492 1:0 47005
46231 66462 1:0 47118
46260 66461 1:0 47126
46342 66460 1:0 47125
46343 66459 1:0 47136
46352 66429 1:0 47249
46352 66427 1:0 47256
46358 66428 1:0 47257
46363 66426 1:0 47267
46391 66396 1:0 47380
46473 66394 1:0 47387
46474 66395 1:0 47388
46483 66393 1:0 47398
46483 66363 1:0 47511
46489 66362 1:0 47519
46494 66361 1:0 47518
46522 66360 1:0 47529
46604 66330 1:0 47642
46605 66329 1:0 47650
46605 342 1:0 48990
46614 66328 1:0 47649
46614 66327 1:0 47660
46622 68198 1:0 49272
47840 69211 21:0 47848
47847 69213 0:0 47848
47847 69212 21:0 47914
47912 69214 0:0 47914
47916 69244 21:0 47924
47923 69245 0:0 47924
47923 69246 0:0 47924
47924 69247 21:0 47990
47992 69277 21:0 48000
47999 69279 0:0 48000
47999 69278 21:0 48066
48064 69280 0:0 48066
48068 69310 21:0 48076
48075 69311 0:0 48076
48075 69312 21:0 48142
48140 69313 0:0 48142
48144 69343 21:0 48152
48151 69345 0:0 48152
48151 69344 21:0 48218
48216 69346 0:0 48218
48220 69376 21:0 48228
48227 69378 0:0 48228
48227 69377 21:0 48294
48292 69379 0:0 48294
48296 69409 21:0 48304
48303 69411 0:0 48304
48303 69410 21:0 48370
48368 69412 0:0 48370
48372 69442 21:0 48380
48379 69444 0:0 48380
48379 69443 0:0 48380
48380 69445 21:0 48446
48448 69475 0:0 48451
48453 69476 21:0 48511
48455 69477 0:0 48456
48510 69478 0:0 48522
48524 69508 21:0 48532
48531 69510 0:0 48532
48531 69509 0:0 48532
48532 69511 21:0 48598
48600 69541 21:0 48608
48607 69542 0:0 48608
48607 69543 21:0 48674
48672 69544 0:0 48674
48676 69574 0:0 48679
48681 69575 21:0 48739
48683 69576 0:0 48684
48752 69607 21:0 48760
48759 69608 0:0 48760
48760 69610 21:0 48826
48828 69640 0:0 48831
48833 69642 21:0 48891
48835 69641 0:0 48836
49002 68168 1:0 49385
49003 68165 1:0 49403
49012 68135 1:0 49516
49012 68133 1:0 49523
49018 68134 1:0 49524
49031 342 21:0 49045
49039 68132 1:0 49534
49051 68102 1:0 49647
49133 68100 1:0 49654
49134 68099 1:0 49665
49143 68069 1:0 49778
49143 68068 1:0 49786
49151 68067 1:0 49785
49169 68066 1:0 49796
49264 68036 1:0 49909
49265 68034 1:0 49916
49265 68033 1:0 49927
49274 68003 1:0 50040
49274 68002 1:0 50048
49282 68001 1:0 50047
49301 68000 1:0 50058
49395 67970 1:0 50171
49396 67968 1:0 50178
49405 67969 1:0 50179
49405 67967 1:0 50189
49411 67937 1:0 50302
49415 67936 1:0 50310
49432 67935 1:0 50309
49526 67934 1:0 50320
49527 67904 1:0 50433
49536 67902 1:0 50440
49536 67903 1:0 50441
49542 67901 1:0 50451
49546 67871 1:0 50564
49575 67870 1:0 50572
49657 67869 1:0 50571
49658 67868 1:0 50582
49667 67838 1:0 50695
49667 67837 1:0 50703
49673 67836 1:0 50702
49678 67835 1:0 50713
49706 67805 1:0 50826
49788 67803 1:0 50833
49789 67804 1:0 50834
49798 67802 1:0 50844
49798 67772 1:0 50957
49804 67770 1:0 50964
49809 67771 1:0 50965
49837 67769 1:0 50975
49919 343 1:0 52305
49920 69641 1:0 52576
49920 69642 1:0 52577
49929 69640 1:0 52587
49929 69610 1:0 52700
51155 70653 21:0 51163
51162 70654 0:0 51163
51162 70655 21:0 51229
51227 70656 0:0 51229
51231 70686 21:0 51239
51238 70687 0:0 51239
51238 70688 21:0 51305
51303 70689 0:0 51305
51307 70719 21:0 51315
51314 70720 0:0 51315
51314 70721 21:0 51381
51379 70722 0:0 51381
51383 70752 21:0 51391
51390 70754 0:0 51391
51390 70753 21:0 51457
51455 70755 0:0 51457
51459 70785 21:0 51467
51466 70787 0:0 51467
51466 70786 21:0 51533
51531 70788 0:0 51533
51535 70818 21:0 51543
51542 70820 0:0 51543
51542 70819 21:0 51609
51607 70821 0:0 51609
51611 70851 21:0 51619
51618 70852 0:0 51619
51618 70853 21:0 51685
51683 70854 0:0 51685
51687 70884 21:0 51695
51694 70885 0:0 51695
51694 70886 0:0 51695
51695 70887 21:0 51761
51763 70917 21:0 51771
51770 70919 0:0 51771
51770 70918 21:0 51837
51835 70920 0:0 51837
51844 70952 0:0 51847
51844 70951 0:0 51847
51847 70953 21:0 51913
51915 70983 0:0 51918
51920 70984 21:0 51978
51922 70985 0:0 51923
51977 70986 0:0 51989
51991 71016 21:0 51999
51998 71018 0:0 51999
51998 71017 21:0 52065
52067 71049 21:0 52075
52074 71051 21:0 52141
52148 71083 21:0 52206
52205 71085 0:0 52217
52219 71115 0:0 52222
52224 71117 21:0 52282
52317 69608 1:0 52707
52318 69607 1:0 52718
52327 69575 1:0 52838
52327 69576 1:0 52839
52333 69574 1:0 52849
52346 343 21:0 52360
52354 69544 1:0 52962
52366 69543 1:0 52970
52448 69542 1:0 52969
52449 69541 1:0 52980
52458 69511 1:0 53093
52458 69510 1:0 53101
52466 69509 1:0 53100
52484 69508 1:0 53111
52579 69478 1:0 53224
52580 69476 1:0 53231
52580 69477 1:0 53232
52589 69475 1:0 53242
52589 69445 1:0 53355
52597 69444 1:0 53363
52616 69443 1:0 53362
52710 69442 1:0 53373
52711 69412 1:0 53486
52720 69410 1:0 53493
52720 69411 1:0 53494
52726 69409 1:0 53504
52730 69379 1:0 53617
52747 69377 1:0 53624
52841 69378 1:0 53625
52842 69376 1:0 53635
52851 69346 1:0 53748
52851 69344 1:0 53755
52857 69345 1:0 53756
52861 69343 1:0 53766
52890 69313 1:0 53879
52972 69312 1:0 53887
52973 69311 1:0 53886
52982 69310 1:0 53897
52982 69280 1:0 54010
52988 69278 1:0 54017
52993 69279 1:0 54018
53021 69277 1:0 54028
53103 69247 1:0 54141
53104 69246 1:0 54149
53113 69245 1:0 54148
53113 69244 1:0 54159
53119 69214 1:0 54272
53124 69212 1:0 54279
53152 69213 1:0 54280
53234 69211 1:0 54290
53235 344 1:0 55620
54470 72095 21:0 54478
54477 72096 0:0 54478
54477 72097 21:0 54544
54542 72098 0:0 54544
54546 72128 21:0 54554
54553 72129 0:0 54554
54553 72130 0:0 54554
54554 72131 21:0 54620
54622 72161 21:0 54630
54629 72162 0:0 54630
54629 72163 21:0 54696
54694 72164 0:0 54696
54698 72194 21:0 54706
54705 72195 0:0 54706
54705 72196 21:0 54772
54770 72197 0:0 54772
54774 72227 21:0 54782
54781 72229 0:0 54782
54781 72228 21:0 54848
54846 72230 0:0 54848
54850 72260 21:0 54858
54857 72262 0:0 54858
54857 72261 21:0 54924
54922 72263 0:0 54924
54926 72293 21:0 54934
54933 72295 0:0 54934
54933 72294 21:0 55000
54998 72296 0:0 55000
55002 72326 21:0 55010
55009 72327 0:0 55010
55009 72328 21:0 55076
55074 72329 0:0 55076
55078 72359 0:0 55081
55083 72361 21:0 55141
55085 72360 0:0 55086
55140 72362 0:0 55152
55154 72392 0:0 55157
55159 72393 21:0 55217
55161 72394 0:0 55162
55230 72425 21:0 55238
55235 72427 0:0 55238
55238 72428 21:0 55304
55306 72458 21:0 55314
55313 72459 0:0 55314
55314 72461 21:0 55380
55382 72491 0:0 55385
55387 72493 21:0 55445
55389 72492 0:0 55390
55444 72494 0:0 55456
55632 71117 1:0 55761
55633 71115 1:0 55771
55642 71085 1:0 55884
55642 71083 1:0 55891
55648 71051 1:0 56023
55661 344 21:0 55675
55669 71049 1:0 56033
55681 71017 1:0 56153
55763 71018 1:0 56154
55764 71016 1:0 56164
55773 70986 1:0 56277
55773 70984 1:0 56284
55781 70985 1:0 56285
55799 70983 1:0 56295
55894 70953 1:0 56408
55895 70951 1:0 56415
55895 70952 1:0 56416
55904 70920 1:0 56539
55904 70918 1:0 56546
55912 70919 1:0 56547
55931 70917 1:0 56557
56025 70887 1:0 56670
56026 70885 1:0 56677
56035 70886 1:0 56678
56035 70884 1:0 56688
56041 70854 1:0 56801
56045 70853 1:0 56809
56062 70852 1:0 56808
56156 70851 1:0 56819
56157 70821 1:0 56932
56166 70819 1:0 56939
56166 70820 1:0 56940
56172 70818 1:0 56950
56176 70788 1:0 57063
56205 70786 1:0 57070
56287 70787 1:0 57071
56288 70785 1:0 57081
56297 70755 1:0 57194
56297 70753 1:0 57201
56303 70754 1:0 57202
56308 70752 1:0 57212
56336 70722 1:0 57325
56418 70721 1:0 57333
56419 70720 1:0 57332
56428 70719 1:0 57343
56428 70689 1:0 57456
56434 70688 1:0 57464
56439 70687 1:0 57463
56467 70686 1:0 57474
56549 70656 1:0 57587
56550 70655 1:0 57595
56550 345 1:0 58935
56559 70654 1:0 57594
56559 70653 1:0 57605
56567 72494 1:0 59330
56586 72493 1:0 59338
57785 73537 21:0 57793
57792 73538 0:0 57793
57792 73539 21:0 57859
57857 73540 0:0 57859
57861 73570 21:0 57869
57868 73571 0:0 57869
57868 73572 21:0 57935
57933 73573 0:0 57935
57937 73603 21:0 57945
57944 73604 0:0 57945
57944 73605 21:0 58011
58009 73606 0:0 58011
58013 73636 21:0 58021
58020 73638 0:0 58021
58020 73637 21:0 58087
58085 73639 0:0 58087
58089 73669 21:0 58097
58096 73670 0:0 58097
58096 73671 21:0 58163
58161 73672 0:0 58163
58165 73702 21:0 58173
58172 73703 0:0 58173
58172 73704 21:0 58239
58237 73705 0:0 58239
58241 73735 21:0 58249
58248 73737 0:0 58249
58248 73736 21:0 58315
58313 73738 0:0 58315
58317 73768 21:0 58325
58324 73770 0:0 58325
58324 73769 21:0 58391
58389 73771 0:0 58391
58393 73801 21:0 58401
58400 73802 0:0 58401
58400 73803 21:0 58467
58465 73804 0:0 58467
58469 73834 21:0 58477
58476 73836 0:0 58477
58476 73835 0:0 58477
58477 73837 21:0 58543
58545 73867 0:0 58548
58550 73868 21:0 58608
58552 73869 0:0 58553
58607 73870 0:0 58619
58621 73900 21:0 58629
58628 73901 0:0 58629
58629 73903 21:0 58695
58702 73935 21:0 58760
58759 73936 0:0 58771
58778 73967 21:0 58836
58835 73969 0:0 58847
58849 73999 21:0 58857
58856 74001 0:0 58857
58856 74000 21:0 58923
58947 72492 1:0 59337
58948 72491 1:0 59348
58957 72461 1:0 59461
58957 72459 1:0 59468
58963 72458 1:0 59479
58976 345 21:0 58990
58984 72428 1:0 59592
58996 72427 1:0 59600
59078 72425 1:0 59610
59079 72393 1:0 59730
59088 72394 1:0 59731
59088 72392 1:0 59741
59096 72362 1:0 59854
59114 72361 1:0 59862
59209 72360 1:0 59861
59210 72359 1:0 59872
59210 72329 1:0 59985
59219 72327 1:0 59992
59219 72328 1:0 59993
59227 72326 1:0 60003
59246 72296 1:0 60116
59340 72294 1:0 60123
59341 72295 1:0 60124
59350 72293 1:0 60134
59350 72263 1:0 60247
59356 72261 1:0 60254
59360 72262 1:0 60255
59377 72260 1:0 60265
59471 72230 1:0 60378
59472 72228 1:0 60385
59481 72229 1:0 60386
59481 72227 1:0 60396
59487 72197 1:0 60509
59491 72196 1:0 60517
59520 72195 1:0 60516
59602 72194 1:0 60527
59603 72164 1:0 60640
59612 72162 1:0 60647
59612 72163 1:0 60648
59618 72161 1:0 60658
59623 72131 1:0 60771
59651 72130 1:0 60779
59733 72129 1:0 60778
59734 72128 1:0 60789
59743 72098 1:0 60902
59743 72097 1:0 60910
59749 72096 1:0 60909
59754 72095 1:0 60920
59769 346 1:0 62250
61100 74979 21:0 61108
61107 74980 0:0 61108
61107 74981 0:0 61108
61108 74982 21:0 61174
61176 75012 21:0 61184
61183 75013 0:0 61184
61183 75014 21:0 61250
61248 75015 0:0 61250
61252 75045 21:0 61260
61259 75047 0:0 61260
61259 75046 21:0 61326
61324 75048 0:0 61326
61328 75078 21:0 61336
61335 75079 0:0 61336
61335 75080 21:0 61402
61400 75081 0:0 61402
61404 75111 21:0 61412
61411 75112 0:0 61412
61411 75113 21:0 61478
61476 75114 0:0 61478
61480 75144 21:0 61488
61487 75146 0:0 61488
61487 75145 21:0 61554
61552 75147 0:0 61554
61556 75177 21:0 61564
61563 75178 0:0 61564
61563 75179 21:0 61630
61628 75180 0:0 61630
61632 75210 21:0 61640
61639 75211 0:0 61640
61639 75212 0:0 61640
61640 75213 21:0 61706
61713 75245 21:0 61771
61715 75244 0:0 61716
61770 75246 0:0 61782
61784 75276 21:0 61792
61791 75278 0:0 61792
61791 75277 21:0 61858
61860 75309 21:0 61868
61867 75310 0:0 61868
61868 75312 21:0 61934
61936 75342 21:0 61944
61943 75344 21:0 62010
62008 75345 0:0 62010
62012 75375 21:0 62020
62019 75377 0:0 62020
62020 75378 21:0 62086
62262 74000 1:0 62390
62263 74001 1:0 62391
62272 73999 1:0 62401
62272 73969 1:0 62514
62278 73967 1:0 62521
62291 346 21:0 62305
62299 73936 1:0 62645
62311 73935 1:0 62653
62393 73903 1:0 62776
62394 73901 1:0 62783
62403 73900 1:0 62794
62403 73870 1:0 62907
62411 73868 1:0 62914
62429 73869 1:0 62915
62524 73867 1:0 62925
62525 73837 1:0 63038
62525 73836 1:0 63046
62534 73835 1:0 63045
62534 73834 1:0 63056
62542 73804 1:0 63169
62561 73803 1:0 63177
62655 73802 1:0 63176
62656 73801 1:0 63187
62665 73771 1:0 63300
62665 73769 1:0 63307
62671 73770 1:0 63308
62675 73768 1:0 63318
62692 73738 1:0 63431
62786 73736 1:0 63438
62787 73737 1:0 63439
62796 73735 1:0 63449
62796 73705 1:0 63562
62802 73704 1:0 63570
62806 73703 1:0 63569
62835 73702 1:0 63580
62917 73672 1:0 63693
62918 73671 1:0 63701
62927 73670 1:0 63700
62927 73669 1:0 63711
62933 73639 1:0 63824
62938 73637 1:0 63831
62966 73638 1:0 63832
63048 73636 1:0 63842
63049 73606 1:0 63955
63058 73604 1:0 63962
63058 73605 1:0 63963
63064 73603 1:0 63973
63069 73573 1:0 64086
63097 73572 1:0 64094
63179 73571 1:0 64093
63180 73570 1:0 64104
63189 73540 1:0 64217
63189 73539 1:0 64225
63195 73538 1:0 64224
63215 73537 1:0 64235
63216 347 1:0 65565
63310 75378 1:0 65960
64415 76421 21:0 64423
64422 76423 0:0 64423
64422 76422 21:0 64489
64487 76424 0:0 64489
64491 76454 0:0 64494
64496 76456 21:0 64554
64498 76455 0:0 64499
64553 76457 0:0 64565
64567 76487 21:0 64575
64574 76489 0:0 64575
64574 76488 21:0 64641
64639 76490 0:0 64641
64643 76520 21:0 64651
64650 76521 0:0 64651
64650 76522 21:0 64717
64715 76523 0:0 64717
64719 76553 21:0 64727
64726 76554 0:0 64727
64726 76555 21:0 64793
64791 76556 0:0 64793
64795 76586 21:0 64803
64802 76587 0:0 64803
64802 76588 21:0 64869
64867 76589 0:0 64869
64871 76619 21:0 64879
64878 76621 0:0 64879
64878 76620 21:0 64945
64943 76622 0:0 64945
64947 76652 21:0 64955
64954 76653 0:0 64955
64954 76654 21:0 65021
65019 76655 0:0 65021
65023 76685 21:0 65031
65030 76686 0:0 65031
65030 76687 0:0 65031
65031 76688 21:0 65097
65099 76718 21:0 65107
65106 76720 0:0 65107
65106 76719 21:0 65173
65171 76721 0:0 65173
65175 76751 0:0 65178
65180 76752 21:0 65238
65182 76753 0:0 65183
65237 76754 0:0 65249
65251 76784 0:0 65254
65256 76785 21:0 65314
65258 76786 0:0 65259
65313 76787 0:0 65325
65327 76817 0:0 65330
65332 76819 21:0 65390
65334 76818 0:0 65335
65403 76850 21:0 65411
65408 76852 0:0 65411
65411 76853 21:0 65477
65479 76883 21:0 65487
65577 75377 1:0 65968
65578 75375 1:0 65978
65587 75345 1:0 66091
65587 75344 1:0 66099
65593 75342 1:0 66109
65606 347 21:0 65620
65614 75312 1:0 66222
65626 75310 1:0 66229
65708 75309 1:0 66240
65709 75277 1:0 66360
65718 75278 1:0 66361
65718 75276 1:0 66371
65726 75246 1:0 66484
65744 75245 1:0 66492
65839 75244 1:0 66491
65840 75213 1:0 66615
65840 75212 1:0 66623
65849 75211 1:0 66622
65849 75210 1:0 66633
65857 75180 1:0 66746
65876 75179 1:0 66754
65970 75178 1:0 66753
65971 75177 1:0 66764
65980 75147 1:0 66877
65980 75145 1:0 66884
65986 75146 1:0 66885
65990 75144 1:0 66895
66007 75114 1:0 67008
66101 75113 1:0 67016
66102 75112 1:0 67015
66111 75111 1:0 67026
66111 75081 1:0 67139
66117 75080 1:0 67147
66121 75079 1:0 67146
66150 75078 1:0 67157
66232 75048 1:0 67270
66233 75046 1:0 67277
66242 75047 1:0 67278
66242 75045 1:0 67288
66248 75015 1:0 67401
66253 75014 1:0 67409
66281 75013 1:0 67408
66363 75012 1:0 67419
66364 74982 1:0 67532
66373 74980 1:0 67539
66373 74981 1:0 67540
66379 74979 1:0 67550
66381 348 1:0 68880
67730 77863 21:0 67738
67737 77865 0:0 67738
67737 77864 21:0 67804
67802 77866 0:0 67804
67806 77896 0:0 67809
67811 77897 21:0 67869
67813 77898 0:0 67814
67868 77899 0:0 67880
67882 77929 21:0 67890
67889 77931 0:0 67890
67889 77930 21:0 67956
67954 77932 0:0 67956
67958 77962 21:0 67966
67965 77963 0:0 67966
67965 77964 21:0 68032
68030 77965 0:0 68032
68034 77995 21:0 68042
68041 77997 0:0 68042
68041 77996 21:0 68108
68106 77998 0:0 68108
68110 78028 21:0 68118
68117 78030 0:0 68118
68117 78029 21:0 68184
68182 78031 0:0 68184
68186 78061 21:0 68194
68193 78063 0:0 68194
68193 78062 21:0 68260
68258 78064 0:0 68260
68262 78094 21:0 68270
68269 78095 0:0 68270
68269 78096 21:0 68336
68334 78097 0:0 68336
68338 78127 21:0 68346
68343 78129 0:0 68346
68345 78128 0:0 68346
68346 78130 21:0 68412
68414 78160 0:0 68417
68419 78162 21:0 68477
68476 78163 0:0 68488
68490 78193 0:0 68493
68495 78195 21:0 68553
68497 78194 0:0 68498
68571 78228 21:0 68629
68628 78229 0:0 68640
68642 78259 21:0 68650
68650 78262 21:0 68716
68892 76883 1:0 69031
68893 76853 1:0 69144
68902 76852 1:0 69152
68902 76850 1:0 69162
68908 76819 1:0 69283
68921 348 21:0 68935
68929 76818 1:0 69282
68941 76817 1:0 69293
69023 76787 1:0 69406
69024 76785 1:0 69413
69033 76786 1:0 69414
69033 76784 1:0 69424
69041 76754 1:0 69537
69059 76752 1:0 69544
69154 76753 1:0 69545
69155 76751 1:0 69555
69155 76721 1:0 69668
69164 76719 1:0 69675
69164 76720 1:0 69676
69172 76718 1:0 69686
69191 76688 1:0 69799
69285 76686 1:0 69806
69286 76687 1:0 69807
69295 76685 1:0 69817
69295 76655 1:0 69930
69301 76654 1:0 69938
69305 76653 1:0 69937
69322 76652 1:0 69948
69416 76622 1:0 70061
69417 76620 1:0 70068
69426 76621 1:0 70069
69426 76619 1:0 70079
69432 76589 1:0 70192
69436 76588 1:0 70200
69465 76587 1:0 70199
69547 76586 1:0 70210
69548 76556 1:0 70323
69557 76554 1:0 70330
69557 76555 1:0 70331
69563 76553 1:0 70341
69568 76523 1:0 70454
69596 76522 1:0 70462
69678 76521 1:0 70461
69679 76520 1:0 70472
69688 76490 1:0 70585
69688 76488 1:0 70592
69694 76489 1:0 70593
69699 76487 1:0 70603
69727 76457 1:0 70716
69809 76456 1:0 70724
69810 76455 1:0 70723
69819 76454 1:0 70734
69819 76424 1:0 70847
69825 76422 1:0 70854
69845 76423 1:0 70855
69858 76421 1:0 70865
69940 349 1:0 72195
69941 78262 1:0 72590
71045 79305 21:0 71053
71052 79306 0:0 71053
71052 79307 21:0 71119
71117 79308 0:0 71119
71121 79338 21:0 71129
71128 79339 0:0 71129
71128 79340 21:0 71195
71193 79341 0:0 71195
71197 79371 21:0 71205
71204 79373 0:0 71205
71204 79372 21:0 71271
71269 79374 0:0 71271
71273 79404 21:0 71281
71280 79405 0:0 71281
71280 79406 21:0 71347
71345 79407 0:0 71347
71349 79437 21:0 71357
71356 79438 0:0 71357
71356 79439 21:0 71423
71421 79440 0:0 71423
71425 79470 21:0 71433
71432 79471 0:0 71433
71432 79472 21:0 71499
71497 79473 0:0 71499
71501 79503 21:0 71509
71508 79505 0:0 71509
71508 79504 21:0 71575
71573 79506 0:0 71575
71577 79536 21:0 71585
71584 79537 0:0 71585
71584 79538 21:0 71651
71649 79539 0:0 71651
71653 79569 21:0 71661
71658 79570 0:0 71661
71658 79571 0:0 71661
71661 79572 21:0 71727
71729 79602 21:0 71737
71736 79604 0:0 71737
71736 79603 0:0 71737
71737 79605 21:0 71803
71805 79635 0:0 71808
71810 79636 21:0 71868
71812 79637 0:0 71813
71867 79638 0:0 71879
71881 79668 21:0 71889
71888 79670 0:0 71889
71888 79669 21:0 71955
71953 79671 0:0 71955
71957 79701 21:0 71965
71962 79702 0:0 71965
71962 79703 0:0 71965
71965 79704 21:0 72031
72033 79734 21:0 72041
72038 79736 0:0 72041
72040 79735 0:0 72041
72041 79737 21:0 72107
72207 78259 1:0 72608
72208 78229 1:0 72721
72217 78228 1:0 72729
72217 78195 1:0 72860
72223 78194 1:0 72859
72236 349 21:0 72250
72244 78193 1:0 72870
72256 78163 1:0 72983
72338 78162 1:0 72991
72339 78160 1:0 73001
72348 78130 1:0 73114
72348 78128 1:0 73121
72356 78129 1:0 73122
72374 78127 1:0 73132
72469 78097 1:0 73245
72470 78095 1:0 73252
72470 78096 1:0 73253
72479 78094 1:0 73263
72479 78064 1:0 73376
72487 78062 1:0 73383
72506 78063 1:0 73384
72600 78061 1:0 73394
72601 78031 1:0 73507
72610 78029 1:0 73514
72610 78030 1:0 73515
72616 78028 1:0 73525
72620 77998 1:0 73638
72637 77996 1:0 73645
72731 77997 1:0 73646
72732 77995 1:0 73656
72741 77965 1:0 73769
72741 77964 1:0 73777
72747 77963 1:0 73776
72751 77962 1:0 73787
72780 77932 1:0 73900
72862 77930 1:0 73907
72863 77931 1:0 73908
72872 77929 1:0 73918
72872 77899 1:0 74031
72878 77897 1:0 74038
72883 77898 1:0 74039
72898 350 1:0 75510
72911 77896 1:0 74049
72993 77866 1:0 74162
72994 77864 1:0 74169
73003 77865 1:0 74170
73003 77863 1:0 74180
74360 80747 21:0 74368
74367 80749 0:0 74368
74367 80748 21:0 74434
74432 80750 0:0 74434
74436 80780 0:0 74439
74441 80782 21:0 74499
74443 80781 0:0 74444
74498 80783 0:0 74510
74512 80813 0:0 74515
74517 80815 21:0 74575
74519 80814 0:0 74520
74574 80816 0:0 74586
74588 80846 0:0 74591
74593 80848 21:0 74651
74595 80847 0:0 74596
74650 80849 0:0 74662
74664 80879 0:0 74667
74669 80881 21:0 74727
74671 80880 0:0 74672
74726 80882 0:0 74738
74740 80912 0:0 74743
74745 80913 21:0 74803
74747 80914 0:0 74748
74802 80915 0:0 74814
74816 80945 0:0 74819
74821 80947 21:0 74879
74823 80946 0:0 74824
74878 80948 0:0 74890
74892 80978 21:0 74900
74899 80979 0:0 74900
74899 80980 0:0 74900
74900 80981 21:0 74966
74968 81011 21:0 74976
74975 81013 0:0 74976
74975 81012 21:0 75042
75040 81014 0:0 75042
75049 81045 21:0 75107
75120 81077 0:0 75123
75125 81079 21:0 75183
75182 81080 0:0 75194
75201 81111 21:0 75259
75203 81112 0:0 75204
75258 81113 0:0 75270
75277 81144 21:0 75335
75279 81145 0:0 75280
75522 79737 1:0 75774
75523 79736 1:0 75782
75532 79735 1:0 75781
75532 79734 1:0 75792
75538 79704 1:0 75905
75551 350 21:0 75565
75559 79702 1:0 75912
75571 79703 1:0 75913
75653 79701 1:0 75923
75654 79671 1:0 76036
75663 79669 1:0 76043
75663 79670 1:0 76044
75671 79668 1:0 76054
75689 79638 1:0 76167
75784 79636 1:0 76174
75785 79637 1:0 76175
75785 79635 1:0 76185
75794 79605 1:0 76298
75794 79603 1:0 76305
75802 79604 1:0 76306
75821 79602 1:0 76316
75915 79572 1:0 76429
75916 79571 1:0 76437
75925 79570 1:0 76436
75925 79569 1:0 76447
75931 79539 1:0 76560
75935 79538 1:0 76568
75952 79537 1:0 76567
76046 79536 1:0 76578
76047 79506 1:0 76691
76056 79504 1:0 76698
76056 79505 1:0 76699
76062 79503 1:0 76709
76066 79473 1:0 76822
76095 79472 1:0 76830
76177 79471 1:0 76829
76178 79470 1:0 76840
76187 79440 1:0 76953
76187 79439 1:0 76961
76193 79438 1:0 76960
76198 79437 1:0 76971
76226 79407 1:0 77084
76308 79406 1:0 77092
76309 79405 1:0 77091
76318 79404 1:0 77102
76318 79374 1:0 77215
76324 79372 1:0 77222
76329 79373 1:0 77223
76357 79371 1:0 77233
76439 79341 1:0 77346
76440 79340 1:0 77354
76449 79339 1:0 77353
76449 79338 1:0 77364
76455 79308 1:0 77477
76475 79307 1:0 77485
76488 79306 1:0 77484
76570 79305 1:0 77495
76571 351 1:0 78825
76580 81144 1:0 79227
77675 82189 21:0 77683
77682 82190 0:0 77683
77682 82191 21:0 77749
77747 82192 0:0 77749
77751 82222 21:0 77759
77756 82224 0:0 77759
77758 82223 0:0 77759
77759 82225 21:0 77825
77827 82255 21:0 77835
77834 82256 0:0 77835
77834 82257 21:0 77901
77899 82258 0:0 77901
77903 82288 21:0 77911
77910 82289 0:0 77911
77910 82290 0:0 77911
77911 82291 21:0 77977
77979 82321 21:0 77987
77986 82323 0:0 77987
77986 82322 21:0 78053
78051 82324 0:0 78053
78055 82354 21:0 78063
78062 82355 0:0 78063
78062 82356 21:0 78129
78127 82357 0:0 78129
78131 82387 21:0 78139
78138 82388 0:0 78139
78138 82389 21:0 78205
78203 82390 0:0 78205
78207 82420 21:0 78215
78214 82422 0:0 78215
78214 82421 21:0 78281
78279 82423 0:0 78281
78283 82453 0:0 78286
78288 82454 21:0 78346
78290 82455 0:0 78291
78345 82456 0:0 78357
78359 82486 0:0 78362
78364 82488 21:0 78422
78366 82487 0:0 78367
78421 82489 0:0 78433
78435 82519 0:0 78438
78440 82520 21:0 78498
78442 82521 0:0 78443
78497 82522 0:0 78509
78511 82552 21:0 78519
78518 82554 0:0 78519
78518 82553 21:0 78585
78583 82555 0:0 78585
78587 82585 21:0 78595
78592 82586 0:0 78595
78592 82587 0:0 78595
78595 82588 21:0 78661
78663 82618 0:0 78666
78668 82619 21:0 78726
78670 82620 0:0 78671
78725 82621 0:0 78737
78739 82651 21:0 78747
78837 81145 1:0 79228
78838 81113 1:0 79351
78847 81111 1:0 79358
78847 81112 1:0 79359
78853 81080 1:0 79482
78866 351 21:0 78880
78874 81079 1:0 79490
78886 81077 1:0 79500
78968 81045 1:0 79620
78969 81014 1:0 79744
78978 81012 1:0 79751
78978 81013 1:0 79752
78986 81011 1:0 79762
79004 80981 1:0 79875
79099 80979 1:0 79882
79100 80980 1:0 79883
79100 80978 1:0 79893
79109 80948 1:0 80006
79109 80947 1:0 80014
79117 80946 1:0 80013
79136 80945 1:0 80024
79230 80915 1:0 80137
79231 80913 1:0 80144
79240 80914 1:0 80145
79240 80912 1:0 80155
79246 80882 1:0 80268
79250 80881 1:0 80276
79267 80880 1:0 80275
79361 80879 1:0 80286
79362 80849 1:0 80399
79371 80847 1:0 80406
79371 80848 1:0 80407
79377 80846 1:0 80417
79381 80816 1:0 80530
79410 80815 1:0 80538
79492 80814 1:0 80537
79493 80813 1:0 80548
79502 80783 1:0 80661
79502 80782 1:0 80669
79508 80781 1:0 80668
79513 80780 1:0 80679
79528 352 1:0 82140
79541 80750 1:0 80792
79623 80748 1:0 80799
79624 80749 1:0 80800
79633 80747 1:0 80810
79633 82651 1:0 82291
79641 82621 1:0 82404
79659 82619 1:0 82411
79754 82620 1:0 82412
79755 82618 1:0 82422
79755 82588 1:0 82535
80990 83631 21:0 80998
80997 83632 0:0 80998
80997 83633 21:0 81064
81062 83634 0:0 81064
81066 83664 21:0 81074
81073 83666 0:0 81074
81073 83665 21:0 81140
81138 83667 0:0 81140
81142 83697 21:0 81150
81149 83699 0:0 81150
81149 83698 21:0 81216
81214 83700 0:0 81216
81218 83730 21:0 81226
81225 83731 0:0 81226
81225 83732 21:0 81292
81290 83733 0:0 81292
81294 83763 21:0 81302
81301 83764 0:0 81302
81301 83765 21:0 81368
81366 83766 0:0 81368
81370 83796 21:0 81378
81377 83797 0:0 81378
81377 83798 21:0 81444
81442 83799 0:0 81444
81446 83829 21:0 81454
81453 83830 0:0 81454
81453 83831 0:0 81454
81454 83832 21:0 81520
81522 83862 21:0 81530
81529 83863 0:0 81530
81529 83864 21:0 81596
81594 83865 0:0 81596
81598 83895 21:0 81606
81605 83897 0:0 81606
81605 83896 21:0 81672
81670 83898 0:0 81672
81679 83930 21:0 81737
81681 83929 0:0 81682
81736 83931 0:0 81748
81750 83961 0:0 81753
81755 83962 21:0 81813
81757 83963 0:0 81758
81812 83964 0:0 81824
81826 83994 0:0 81829
81831 83996 21:0 81889
81833 83995 0:0 81834
81888 83997 0:0 81900
81902 84027 21:0 81910
81909 84028 21:0 81976
82059 84095 21:0 82117
82152 82587 1:0 82543
82153 82586 1:0 82542
82162 82585 1:0 82553
82162 82555 1:0 82666
82168 82553 1:0 82673
82181 352 21:0 82195
82189 82554 1:0 82674
82201 82552 1:0 82684
82283 82522 1:0 82797
82284 82520 1:0 82804
82293 82521 1:0 82805
82293 82519 1:0 82815
82301 82489 1:0 82928
82319 82488 1:0 82936
82414 82487 1:0 82935
82415 82486 1:0 82946
82415 82456 1:0 83059
82424 82454 1:0 83066
82424 82455 1:0 83067
82432 82453 1:0 83077
82451 82423 1:0 83190
82545 82421 1:0 83197
82546 82422 1:0 83198
82555 82420 1:0 83208
82555 82390 1:0 83321
82561 82389 1:0 83329
82565 82388 1:0 83328
82582 82387 1:0 83339
82676 82357 1:0 83452
82677 82356 1:0 83460
82686 82355 1:0 83459
82686 82354 1:0 83470
82692 82324 1:0 83583
82696 82322 1:0 83590
82725 82323 1:0 83591
82807 82321 1:0 83601
82808 82291 1:0 83714
82817 82289 1:0 83721
82817 82290 1:0 83722
82823 82288 1:0 83732
82828 82258 1:0 83845
82856 82257 1:0 83853
82938 82256 1:0 83852
82939 82255 1:0 83863
82948 82225 1:0 83976
82948 82224 1:0 83984
82954 82223 1:0 83983
82959 82222 1:0 83994
82987 82192 1:0 84107
83069 82191 1:0 84115
83070 82190 1:0 84114
83070 353 1:0 85455
83079 82189 1:0 84125
84305 85073 21:0 84313
84312 85075 0:0 84313
84312 85074 0:0 84313
84313 85076 21:0 84379
84381 85106 21:0 84389
84388 85108 0:0 84389
84388 85107 0:0 84389
84389 85109 21:0 84455
84457 85139 21:0 84465
84464 85141 0:0 84465
84464 85140 0:0 84465
84465 85142 21:0 84531
84533 85172 21:0 84541
84540 85174 0:0 84541
84540 85173 21:0 84607
84605 85175 0:0 84607
84609 85205 21:0 84617
84616 85207 0:0 84617
84616 85206 21:0 84683
84681 85208 0:0 84683
84685 85238 21:0 84693
84692 85239 0:0 84693
84692 85240 21:0 84759
84757 85241 0:0 84759
84761 85271 21:0 84769
84768 85272 0:0 84769
84768 85273 21:0 84835
84833 85274 0:0 84835
84837 85304 21:0 84845
84844 85305 0:0 84845
84844 85306 21:0 84911
84909 85307 0:0 84911
84913 85337 0:0 84916
84918 85338 21:0 84976
84920 85339 0:0 84921
84975 85340 0:0 84987
84989 85370 21:0 84997
84996 85371 0:0 84997
84996 85372 21:0 85063
85061 85373 0:0 85063
85065 85403 21:0 85073
85072 85404 0:0 85073
85072 85405 21:0 85139
85137 85406 0:0 85139
85141 85436 21:0 85149
85148 85438 0:0 85149
85148 85437 21:0 85215
85213 85439 0:0 85215
85293 85502 0:0 85296
85298 85504 21:0 85356
85374 85537 21:0 85432
85467 84095 1:0 85596
85468 84028 1:0 85857
85477 84027 1:0 85868
85477 83997 1:0 85981
85483 83996 1:0 85989
85496 353 21:0 85510
85504 83995 1:0 85988
85516 83994 1:0 85999
85598 83964 1:0 86112
85599 83962 1:0 86119
85608 83963 1:0 86120
85608 83961 1:0 86130
85616 83931 1:0 86243
85634 83930 1:0 86251
85729 83929 1:0 86250
85730 83898 1:0 86374
85730 83896 1:0 86381
85739 83897 1:0 86382
85739 83895 1:0 86392
85747 83865 1:0 86505
85766 83864 1:0 86513
85860 83863 1:0 86512
85861 83862 1:0 86523
85870 83832 1:0 86636
85870 83830 1:0 86643
85876 83831 1:0 86644
85880 83829 1:0 86654
85897 83799 1:0 86767
85991 83798 1:0 86775
85992 83797 1:0 86774
86001 83796 1:0 86785
86001 83766 1:0 86898
86007 83765 1:0 86906
86011 83764 1:0 86905
86040 83763 1:0 86916
86122 83733 1:0 87029
86123 83732 1:0 87037
86132 83731 1:0 87036
86132 83730 1:0 87047
86138 83700 1:0 87160
86143 83698 1:0 87167
86171 83699 1:0 87168
86253 83697 1:0 87178
86254 83667 1:0 87291
86263 83665 1:0 87298
86263 83666 1:0 87299
86269 83664 1:0 87309
86274 83634 1:0 87422
86302 83633 1:0 87430
86384 83632 1:0 87429
86385 83631 1:0 87440
86385 354 1:0 88770
86394 85537 1:0 88911
86394 85504 1:0 89042
86402 85502 1:0 89052
87620 86515 21:0 87628
87627 86516 0:0 87628
87627 86517 21:0 87694
87692 86518 0:0 87694
87696 86548 21:0 87704
87703 86549 0:0 87704
87703 86550 21:0 87770
87768 86551 0:0 87770
87772 86581 21:0 87780
87779 86582 0:0 87780
87779 86583 21:0 87846
87844 86584 0:0 87846
87848 86614 21:0 87856
87855 86616 0:0 87856
87855 86615 21:0 87922
87920 86617 0:0 87922
87924 86647 21:0 87932
87931 86648 0:0 87932
87931 86649 21:0 87998
87996 86650 0:0 87998
88000 86680 21:0 88008
88007 86681 0:0 88008
88007 86682 21:0 88074
88072 86683 0:0 88074
88076 86713 21:0 88084
88083 86714 0:0 88084
88083 86715 21:0 88150
88148 86716 0:0 88150
88152 86746 21:0 88160
88159 86748 0:0 88160
88159 86747 21:0 88226
88224 86749 0:0 88226
88228 86779 0:0 88231
88233 86781 21:0 88291
88235 86780 0:0 88236
88290 86782 0:0 88302
88304 86812 21:0 88312
88311 86814 0:0 88312
88311 86813 0:0 88312
88312 86815 21:0 88378
88380 86845 21:0 88388
88385 86847 0:0 88388
88388 86848 21:0 88454
88461 86879 21:0 88519
88463 86880 0:0 88464
88518 86881 0:0 88530
88532 86911 21:0 88540
88539 86913 0:0 88540
88539 86912 21:0 88606
88604 86914 0:0 88606
88608 86944 0:0 88611
88613 86946 21:0 88671
88684 86977 21:0 88692
88782 85439 1:0 89296
88783 85437 1:0 89303
88792 85438 1:0 89304
88792 85436 1:0 89314
88798 85406 1:0 89427
88811 354 21:0 88825
88819 85405 1:0 89435
88831 85404 1:0 89434
88913 85403 1:0 89445
88914 85373 1:0 89558
88923 85371 1:0 89565
88923 85372 1:0 89566
88931 85370 1:0 89576
88949 85340 1:0 89689
89044 85338 1:0 89696
89045 85339 1:0 89697
89045 85337 1:0 89707
89054 85307 1:0 89820
89054 85306 1:0 89828
89062 85305 1:0 89827
89081 85304 1:0 89838
89175 85274 1:0 89951
89176 85273 1:0 89959
89185 85272 1:0 89958
89185 85271 1:0 89969
89191 85241 1:0 90082
89195 85240 1:0 90090
89212 85239 1:0 90089
89306 85238 1:0 90100
89307 85208 1:0 90213
89316 85206 1:0 90220
89316 85207 1:0 90221
89322 85205 1:0 90231
89326 85175 1:0 90344
89355 85173 1:0 90351
89437 85174 1:0 90352
89438 85172 1:0 90362
89447 85142 1:0 90475
89447 85141 1:0 90483
89453 85140 1:0 90482
89458 85139 1:0 90493
89486 85109 1:0 90606
89568 85108 1:0 90614
89569 85107 1:0 90613
89578 85106 1:0 90624
89578 85076 1:0 90737
89584 85075 1:0 90745
89589 85074 1:0 90744
89617 85073 1:0 90755
89699 355 1:0 92085
89700 86977 1:0 92236
89700 86946 1:0 92357
90935 87957 21:0 90943
90942 87958 0:0 90943
90942 87959 0:0 90943
90943 87960 21:0 91009
91011 87990 21:0 91019
91018 87992 0:0 91019
91018 87991 21:0 91085
91083 87993 0:0 91085
91087 88023 21:0 91095
91094 88024 0:0 91095
91094 88025 21:0 91161
91159 88026 0:0 91161
91163 88056 21:0 91171
91170 88058 0:0 91171
91170 88057 21:0 91237
91235 88059 0:0 91237
91239 88089 21:0 91247
91246 88091 0:0 91247
91246 88090 21:0 91313
91311 88092 0:0 91313
91315 88122 21:0 91323
91322 88123 0:0 91323
91322 88124 21:0 91389
91387 88125 0:0 91389
91391 88155 21:0 91399
91398 88156 0:0 91399
91398 88157 21:0 91465
91463 88158 0:0 91465
91467 88188 21:0 91475
91474 88190 0:0 91475
91474 88189 21:0 91541
91539 88191 0:0 91541
91543 88221 0:0 91546
91548 88223 21:0 91606
91550 88222 0:0 91551
91605 88224 0:0 91617
91619 88254 0:0 91622
91624 88255 21:0 91682
91626 88256 0:0 91627
91681 88257 0:0 91693
91695 88287 0:0 91698
91700 88288 21:0 91758
91702 88289 0:0 91703
91757 88290 0:0 91769
91771 88320 21:0 91779
91778 88322 0:0 91779
91778 88321 21:0 91845
91843 88323 0:0 91845
91847 88353 21:0 91855
92004 88420 21:0 92062
92097 86944 1:0 92367
92098 86914 1:0 92480
92107 86912 1:0 92487
92107 86913 1:0 92488
92113 86911 1:0 92498
92126 355 21:0 92140
92134 86881 1:0 92611
92146 86879 1:0 92618
92228 86880 1:0 92619
92229 86848 1:0 92742
92238 86847 1:0 92750
92238 86845 1:0 92760
92246 86815 1:0 92873
92264 86814 1:0 92881
92359 86813 1:0 92880
92360 86812 1:0 92891
92360 86782 1:0 93004
92369 86780 1:0 93011
92369 86781 1:0 93012
92377 86779 1:0 93022
92396 86749 1:0 93135
92490 86747 1:0 93142
92491 86748 1:0 93143
92500 86746 1:0 93153
92500 86716 1:0 93266
92506 86715 1:0 93274
92510 86714 1:0 93273
92527 86713 1:0 93284
92621 86683 1:0 93397
92622 86682 1:0 93405
92631 86681 1:0 93404
92631 86680 1:0 93415
92637 86650 1:0 93528
92641 86649 1:0 93536
92670 86648 1:0 93535
92752 86647 1:0 93546
92753 86617 1:0 93659
92762 86615 1:0 93666
92762 86616 1:0 93667
92768 86614 1:0 93677
92773 86584 1:0 93790
92801 86583 1:0 93798
92883 86582 1:0 93797
92884 86581 1:0 93808
92893 86551 1:0 93921
92893 86550 1:0 93929
92899 86549 1:0 93928
92904 86548 1:0 93939
92932 86518 1:0 94052
93014 86517 1:0 94060
93015 86516 1:0 94059
93015 356 1:0 95400
93024 86515 1:0 94070
94250 89399 21:0 94258
94257 89401 0:0 94258
94257 89400 21:0 94324
94322 89402 0:0 94324
94326 89432 21:0 94334
94333 89433 0:0 94334
94333 89434 0:0 94334
94334 89435 21:0 94400
94402 89465 21:0 94410
94409 89466 0:0 94410
94409 89467 21:0 94476
94474 89468 0:0 94476
94478 89498 21:0 94486
94485 89499 0:0 94486
94485 89500 0:0 94486
94486 89501 21:0 94552
94554 89531 21:0 94562
94561 89533 0:0 94562
94561 89532 21:0 94628
94626 89534 0:0 94628
94630 89564 21:0 94638
94637 89566 0:0 94638
94637 89565 21:0 94704
94702 89567 0:0 94704
94706 89597 21:0 94714
94713 89598 0:0 94714
94713 89599 21:0 94780
94778 89600 0:0 94780
94782 89630 21:0 94790
94789 89631 21:0 94856
94854 89633 0:0 94856
94858 89663 0:0 94861
94863 89664 21:0 94921
94920 89666 0:0 94932
94934 89696 21:0 94942
94941 89697 0:0 94942
94941 89698 21:0 95008
95006 89699 0:0 95008
95010 89729 0:0 95013
95015 89731 21:0 95073
95072 89732 0:0 95084
95086 89762 0:0 95089
95091 89764 21:0 95149
95093 89763 0:0 95094
95162 89795 21:0 95170
95167 89796 0:0 95170
95167 89797 0:0 95170
95170 89798 21:0 95236
95238 89828 21:0 95246
95314 89861 0:0 95317
95319 89863 21:0 95377
95412 88420 1:0 95540
95413 88353 1:0 95813
95422 88323 1:0 95926
95422 88321 1:0 95933
95428 88322 1:0 95934
95441 356 21:0 95455
95449 88320 1:0 95944
95461 88290 1:0 96057
95543 88288 1:0 96064
95544 88289 1:0 96065
95553 88287 1:0 96075
95553 88257 1:0 96188
95561 88255 1:0 96195
95579 88256 1:0 96196
95674 88254 1:0 96206
95675 88224 1:0 96319
95675 88223 1:0 96327
95684 88222 1:0 96326
95684 88221 1:0 96337
95692 88191 1:0 96450
95711 88189 1:0 96457
95805 88190 1:0 96458
95806 88188 1:0 96468
95815 88158 1:0 96581
95815 88157 1:0 96589
95821 88156 1:0 96588
95825 88155 1:0 96599
95842 88125 1:0 96712
95936 88124 1:0 96720
95937 88123 1:0 96719
95946 88122 1:0 96730
95946 88092 1:0 96843
95952 88090 1:0 96850
95956 88091 1:0 96851
95985 88089 1:0 96861
96067 88059 1:0 96974
96068 88057 1:0 96981
96077 88058 1:0 96982
96077 88056 1:0 96992
96083 88026 1:0 97105
96088 88025 1:0 97113
96116 88024 1:0 97112
96198 88023 1:0 97123
96199 87993 1:0 97236
96208 87991 1:0 97243
96208 87992 1:0 97244
96214 87990 1:0 97254
96219 87960 1:0 97367
96247 87959 1:0 97375
96329 87958 1:0 97374
96330 87957 1:0 97385
96330 357 1:0 98715
96339 89863 1:0 98856
96339 89861 1:0 98866
96347 89828 1:0 98997
96366 89798 1:0 99110
96460 89797 1:0 99118
96461 89796 1:0 99117
97565 90841 21:0 97573
97572 90842 0:0 97573
97572 90843 21:0 97639
97637 90844 0:0 97639
97641 90874 21:0 97649
97648 90876 0:0 97649
97648 90875 21:0 97715
97713 90877 0:0 97715
97717 90907 21:0 97725
97724 90909 0:0 97725
97724 90908 21:0 97791
97789 90910 0:0 97791
97793 90940 21:0 97801
97800 90942 0:0 97801
97800 90941 21:0 97867
97865 90943 0:0 97867
97869 90973 21:0 97877
97876 90974 0:0 97877
97876 90975 21:0 97943
97941 90976 0:0 97943
97945 91006 21:0 97953
97952 91008 0:0 97953
97952 91007 21:0 98019
98017 91009 0:0 98019
98021 91039 21:0 98029
98028 91041 0:0 98029
98028 91040 21:0 98095
98093 91042 0:0 98095
98097 91072 21:0 98105
98104 91073 0:0 98105
98104 91074 21:0 98171
98169 91075 0:0 98171
98173 91105 21:0 98181
98180 91106 0:0 98181
98180 91107 21:0 98247
98245 91108 0:0 98247
98249 91138 21:0 98257
98256 91139 0:0 98257
98256 91140 21:0 98323
98321 91141 0:0 98323
98325 91171 21:0 98333
98332 91172 0:0 98333
98332 91173 21:0 98399
98397 91174 0:0 98399
98401 91204 21:0 98409
98408 91206 0:0 98409
98408 91205 21:0 98475
98473 91207 0:0 98475
98477 91237 21:0 98485
98484 91238 0:0 98485
98484 91239 21:0 98551
98549 91240 0:0 98551
98553 91270 21:0 98561
98560 91272 0:0 98561
98560 91271 21:0 98627
98629 91303 21:0 98637
98727 89795 1:0 99128
98728 89764 1:0 99249
98737 89763 1:0 99248
98737 89762 1:0 99259
98743 89732 1:0 99372
98756 357 21:0 98770
98764 89731 1:0 99380
98776 89729 1:0 99390
98858 89699 1:0 99503
98859 89698 1:0 99511
98868 89697 1:0 99510
98868 89696 1:0 99521
98876 89666 1:0 99634
98894 89664 1:0 99641
98989 89663 1:0 99652
98990 89633 1:0 99765
98990 89631 1:0 99772
98999 89630 1:0 99783
98999 89600 1:0 99896
99007 89599 1:0 99904
99026 89598 1:0 99903
99120 89597 1:0 99914
99121 89567 1:0 100027
99130 89565 1:0 100034
99130 89566 1:0 100035
99136 89564 1:0 100045
99140 89534 1:0 100158
99157 89532 1:0 100165
99251 89533 1:0 100166
99252 89531 1:0 100176
99261 89501 1:0 100289
99261 89500 1:0 100297
99267 89499 1:0 100296
99271 89498 1:0 100307
99300 89468 1:0 100420
99382 89467 1:0 100428
99383 89466 1:0 100427
99392 89465 1:0 100438
99392 89435 1:0 100551
99398 89433 1:0 100558
99403 89434 1:0 100559
99418 358 1:0 102030
99431 89432 1:0 100569
99513 89402 1:0 100682
99514 89400 1:0 100689
99523 89401 1:0 100690
99523 89399 1:0 100700
100880 92283 21:0 100888
100887 92285 0:0 100888
100887 92284 21:0 100954
100952 92286 0:0 100954
100956 92316 21:0 100964
100963 92317 0:0 100964
100963 92318 21:0 101030
101028 92319 0:0 101030
101032 92349 21:0 101040
101039 92351 0:0 101040
101039 92350 21:0 101106
101108 92382 21:0 101116
101115 92383 21:0 101182
101180 92385 0:0 101182
101184 92415 0:0 101187
101189 92417 21:0 101247
101191 92416 0:0 101192
101246 92418 0:0 101258
101260 92448 21:0 101268
101265 92449 0:0 101268
101268 92451 21:0 101334
101336 92481 21:0 101344
101343 92482 0:0 101344
101343 92483 0:0 101344
101344 92484 21:0 101410
101412 92514 21:0 101420
101419 92515 0:0 101420
101419 92516 0:0 101420
101420 92517 21:0 101486
101493 92549 0:0 101496
101496 92550 21:0 101562
101569 92581 21:0 101627
101571 92582 0:0 101572
101626 92583 0:0 101638
101640 92613 21:0 101648
101645 92615 0:0 101648
101645 92614 0:0 101648
101648 92616 21:0 101714
101721 92647 21:0 101779
101723 92648 0:0 101724
101792 92679 21:0 101800
101799 92680 0:0 101800
101800 92682 21:0 101866
101868 92712 21:0 101876
101944 92745 21:0 101952
102042 328 1:0 2725
102043 91303 1:0 102181
102043 91271 1:0 102301
102052 91272 1:0 102302
102052 91270 1:0 102312
102060 91240 1:0 102425
102071 358 21:0 102085
102079 91239 1:0 102433
102173 91238 1:0 102432
102174 91237 1:0 102443
102183 91207 1:0 102556
102183 91205 1:0 102563
102189 91206 1:0 102564
102193 91204 1:0 102574
102210 91174 1:0 102687
102304 91173 1:0 102695
102305 91172 1:0 102694
102314 91171 1:0 102705
102314 91141 1:0 102818
102320 91140 1:0 102826
102324 91139 1:0 102825
102353 91138 1:0 102836
102435 91108 1:0 102949
102436 91107 1:0 102957
102445 91106 1:0 102956
102445 91105 1:0 102967
102451 91075 1:0 103080
102456 91074 1:0 103088
102484 91073 1:0 103087
102566 91072 1:0 103098
102567 91042 1:0 103211
102576 91040 1:0 103218
102576 91041 1:0 103219
102582 91039 1:0 103229
102587 91009 1:0 103342
102615 91007 1:0 103349
102697 91008 1:0 103350
102698 91006 1:0 103360
102707 90976 1:0 103473
102707 90975 1:0 103481
102713 90974 1:0 103480
102733 90973 1:0 103491
102746 90943 1:0 103604
102828 90941 1:0 103611
102829 90942 1:0 103612
102838 90940 1:0 103622
102838 90910 1:0 103735
102846 90908 1:0 103742
102864 90909 1:0 103743
102959 90907 1:0 103753
102960 90877 1:0 103866
102960 90875 1:0 103873
102969 90876 1:0 103874
102969 90874 1:0 103884
102977 90844 1:0 103997
102996 90843 1:0 104005
103008 359 1:0 104128
103090 90842 1:0 104004
103091 90841 1:0 104015
103091 46025 1:0 104236
103091 46031 1:0 104322
103100 46029 1:0 104236
103100 46030 1:0 104236
103100 46027 1:0 104236
103100 46028 1:0 104237
103106 46026 1:0 104237
103106 46024 1:0 104237
103108 46019 1:0 104236
103108 46018 1:0 104237
103127 92745 1:0 104369
103139 46173 1:0 104522
103221 46178 1:0 104458
103221 46176 1:0 104458
103221 46171 1:0 104458
103222 46172 1:0 104457
103222 46166 1:0 104457
103222 46165 1:0 104458
103222 46177 1:0 104458
103231 46174 1:0 104458
103231 46175 1:0 104458
103231 92712 1:0 104590
103237 92682 1:0 104674
103241 46324 1:0 104763
103242 46319 1:0 104678
103257 46323 1:0 104678
103270 46313 1:0 104678
103270 46325 1:0 104679
103270 46318 1:0 104679
103352 46321 1:0 104678
103352 46322 1:0 104679
103353 46320 1:0 104679
103353 46312 1:0 104679
103362 92680 1:0 104800
103362 92679 1:0 104811
103368 92647 1:0 104885
103370 46467 1:0 104964
103373 46471 1:0 104899
103389 46472 1:0 104899
103401 46468 1:0 104899
103483 46469 1:0 104899
103483 46470 1:0 104899
103483 46459 1:0 104900
103483 46465 1:0 104900
103484 46466 1:0 104899
103484 46460 1:0 104899
103484 46607 1:0 105120
103484 46619 1:0 105206
103493 92648 1:0 105022
103493 92616 1:0 105116
103499 46617 1:0 105120
103499 46618 1:0 105121
103503 46614 1:0 105121
103504 46612 1:0 105121
103504 46606 1:0 105121
103520 46616 1:0 105121
103532 46613 1:0 105120
103532 46615 1:0 105120
103614 92615 1:0 105243
103615 92614 1:0 105242
103624 92613 1:0 105253
103624 92581 1:0 105337
103632 92583 1:0 105338
103635 46765 1:0 105426
103650 46762 1:0 105341
103651 46753 1:0 105342
103663 46760 1:0 105341
103663 46763 1:0 105342
103745 46754 1:0 105341
103745 46761 1:0 105342
103745 46759 1:0 105342
103746 46764 1:0 105341
103746 46766 1:0 105342
103746 46908 1:0 105627
103755 92582 1:0 105464
103755 92550 1:0 105548
103761 46913 1:0 105562
103763 46909 1:0 105562
103765 46906 1:0 105563
103766 46901 1:0 105562
103766 46900 1:0 105563
103782 46912 1:0 105562
103794 46911 1:0 105562
103876 46907 1:0 105562
103876 46910 1:0 105562
103876 47059 1:0 105868
103877 92549 1:0 105685
103877 47054 1:0 105783
103886 92517 1:0 105779
103886 47048 1:0 105783
103886 47055 1:0 105784
103886 47047 1:0 105784
103892 47058 1:0 105783
103892 47057 1:0 105784
103894 47053 1:0 105784
103897 47060 1:0 105784
103912 47056 1:0 105783
104007 92515 1:0 105905
104008 92516 1:0 105906
104008 92514 1:0 105916
104017 92484 1:0 105990
104017 47202 1:0 106004
104017 47203 1:0 106070
104023 47204 1:0 106004
104025 47205 1:0 106004
104028 47206 1:0 106004
104044 47195 1:0 106004
104044 47207 1:0 106004
104056 47201 1:0 106004
104056 47194 1:0 106005
104056 47200 1:0 106005
104097 47354 1:0 106311
104140 92483 1:0 106127
104141 92482 1:0 106126
104141 47348 1:0 106225
104150 92481 1:0 106137
104150 92451 1:0 106221
104156 47342 1:0 106225
104156 47353 1:0 106226
104156 47347 1:0 106226
104160 47351 1:0 106226
104169 359 21:0 104183
104177 47341 1:0 106226
104177 47349 1:0 106226
104189 47352 1:0 106225
104230 47350 1:0 106225
104259 92449 1:0 106347
104309 92448 1:0 106358
104328 46031 21:0 104353
104329 92417 1:0 106442
104351 46029 0:0 104353
104351 46030 0:0 104353
104351 46028 0:0 104353
104351 46027 0:0 104353
104352 46026 0:0 104353
104352 46018 0:0 104353
104352 46024 0:0 104353
104352 46019 0:0 104353
104352 46025 0:0 104353
104354 92418 1:0 106443
104354 47499 1:0 106446
104354 47494 1:0 106447
104354 47500 1:0 106531
104361 47489 1:0 106446
104361 47496 1:0 106447
104362 47495 1:0 106446
104362 47497 1:0 106446
104362 47488 1:0 106447
104362 47501 1:0 106447
104371 47498 1:0 106447
104371 92416 1:0 106568
104377 92415 1:0 106579
104381 92383 1:0 106656
104410 92385 1:0 106585
104451 47646 1:0 106743
104459 47643 1:0 106668
104479 47645 1:0 106667
104479 47635 1:0 106668
104480 47636 1:0 106667
104480 47641 1:0 106668
104530 47644 1:0 106667
104532 46173 21:0 104574
104540 47647 1:0 106667
104540 47642 1:0 106667
104550 47648 1:0 106667
104572 46177 0:0 104574
104572 46175 0:0 104574
104573 46178 0:0 104574
104573 46176 0:0 104574
104573 46174 0:0 104574
104573 46172 0:0 104574
104573 46165 0:0 104574
104573 46166 0:0 104574
104573 46171 0:0 104574
104575 92382 1:0 106800
104575 92350 1:0 106877
104582 47783 1:0 106888
104582 47790 1:0 106889
104582 47793 1:0 106964
104583 47792 1:0 106888
104583 47791 1:0 106888
104592 47794 1:0 106888
104592 47789 1:0 106888
104592 47795 1:0 106888
104592 47782 1:0 106889
104592 47788 1:0 106889
104592 92351 1:0 107011
104600 92349 1:0 107021
104619 92318 1:0 107105
104672 92319 1:0 107106
104685 47941 1:0 107194
104701 47936 1:0 107109
104701 47942 1:0 107110
104751 47940 1:0 107109
104761 47930 1:0 107109
104761 47929 1:0 107110
104761 47939 1:0 107110
104771 47938 1:0 107109
104773 46324 21:0 104795
104794 46325 0:0 104795
104794 46313 0:0 104795
104794 46323 0:0 104795
104794 46320 0:0 104795
104794 46321 0:0 104795
104794 46322 0:0 104795
104794 46319 0:0 104795
104794 46312 0:0 104795
104794 46318 0:0 104795
104796 47937 1:0 107110
104796 47935 1:0 107110
104796 92317 1:0 107231
104796 48087 1:0 107406
104803 92316 1:0 107242
104804 92286 1:0 107248
104804 48076 1:0 107331
104813 92284 1:0 107319
104813 48077 1:0 107330
104813 48088 1:0 107330
104819 48083 1:0 107330
104819 48085 1:0 107330
104819 48084 1:0 107331
104821 48082 1:0 107331
104824 48089 1:0 107330
104840 48086 1:0 107330
104893 92285 1:0 107453
104922 92283 1:0 107463
104922 48236 1:0 107637
104923 48229 1:0 107552
104972 48224 1:0 107551
104972 48223 1:0 107552
104974 46467 21:0 105016
104982 48230 1:0 107551
104982 48233 1:0 107552
104992 48234 1:0 107551
105014 46469 0:0 105016
105014 46471 0:0 105016
105015 46460 0:0 105016
105015 46459 0:0 105016
105015 46465 0:0 105016
105015 46466 0:0 105016
105015 46468 0:0 105016
105015 46470 0:0 105016
105015 46472 0:0 105016
105017 48232 1:0 107551
105017 48231 1:0 107552
105017 48235 1:0 107552
105017 48323 1:0 107676
105017 48324 1:0 107677
105212 46619 21:0 105237
105235 46615 0:0 105237
105235 46616 0:0 105237
105235 46614 0:0 105237
105235 46617 0:0 105237
105236 46618 0:0 105237
105236 46607 0:0 105237
105236 46606 0:0 105237
105236 46613 0:0 105237
105236 46612 0:0 105237
105436 46765 21:0 105458
105456 46766 0:0 105458
105457 46761 0:0 105458
105457 46759 0:0 105458
105457 46762 0:0 105458
105457 46764 0:0 105458
105457 46753 0:0 105458
105457 46754 0:0 105458
105457 46760 0:0 105458
105457 46763 0:0 105458
105637 46908 21:0 105679
105677 46910 0:0 105679
105677 46912 0:0 105679
105678 46907 0:0 105679
105678 46906 0:0 105679
105678 46900 0:0 105679
105678 46913 0:0 105679
105678 46911 0:0 105679
105678 46909 0:0 105679
105678 46901 0:0 105679
105878 47059 21:0 105900
105899 47054 0:0 105900
105899 47056 0:0 105900
105899 47060 0:0 105900
105899 47058 0:0 105900
105899 47055 0:0 105900
105899 47057 0:0 105900
105899 47047 0:0 105900
105899 47048 0:0 105900
105899 47053 0:0 105900
106076 47203 21:0 106121
106119 47206 0:0 106121
106119 47202 0:0 106121
106119 47204 0:0 106121
106120 47200 0:0 106121
106120 47195 0:0 106121
106120 47205 0:0 106121
106120 47207 0:0 106121
106120 47194 0:0 106121
106120 47201 0:0 106121
106317 47354 21:0 106342
106340 47352 0:0 106342
106340 47349 0:0 106342
106340 47353 0:0 106342
106340 47351 0:0 106342
106341 47350 0:0 106342
106341 47348 0:0 106342
106341 47341 0:0 106342
106341 47342 0:0 106342
106341 47347 0:0 106342
106541 47500 21:0 106563
106562 47489 0:0 106563
106562 47501 0:0 106563
106562 47499 0:0 106563
106562 47496 0:0 106563
106562 47488 0:0 106563
106562 47494 0:0 106563
106562 47497 0:0 106563
106562 47498 0:0 106563
106562 47495 0:0 106563
106749 47646 21:0 106784
106782 47644 0:0 106784
106782 47647 0:0 106784
106782 47645 0:0 106784
106783 47641 0:0 106784
106783 47642 0:0 106784
106783 47648 0:0 106784
106783 47635 0:0 106784
106783 47643 0:0 106784
106783 47636 0:0 106784
106970 47793 21:0 107005
107003 47794 0:0 107005
107003 47790 0:0 107005
107003 47791 0:0 107005
107003 47792 0:0 107005
107004 47788 0:0 107005
107004 47789 0:0 107005
107004 47783 0:0 107005
107004 47795 0:0 107005
107004 47782 0:0 107005
107204 47941 21:0 107226
107224 47942 0:0 107226
107225 47940 0:0 107226
107225 47939 0:0 107226
107225 47938 0:0 107226
107225 47929 0:0 107226
107225 47930 0:0 107226
107225 47935 0:0 107226
107225 47937 0:0 107226
107225 47936 0:0 107226
107412 48087 21:0 107447
107445 48085 0:0 107447
107445 48086 0:0 107447
107445 48084 0:0 107447
107445 48088 0:0 107447
107446 48089 0:0 107447
107446 48082 0:0 107447
107446 48083 0:0 107447
107446 48076 0:0 107447
107446 48077 0:0 107447
107643 48236 21:0 304
