129 48166 0:0 131
174 48167 0:0 176
174 48171 0:0 176
175 48259 0:0 176
175 48172 0:0 176
175 48169 0:0 176
175 48168 0:0 176
175 48170 0:0 176
175 48260 0:0 176
306 48399 21:0 440
389 48434 0:0 390
389 48433 0:0 390
534 48498 21:0 668
762 48597 0:0 765
846 48633 21:0 993
986 48666 0:0 988
1071 48731 21:0 1216
1447 48895 0:0 1450
1452 48897 21:0 1597
1454 48896 0:0 1455
1519 48898 0:0 1521
1525 48928 0:0 1526
1530 48930 0:0 1531
1530 48929 0:0 1531
1595 48931 0:0 1597
1599 48961 0:0 1602
1604 48963 0:0 1607
1604 48962 0:0 1607
1607 48964 0:0 1625
1675 48994 0:0 1678
1680 48995 0:0 1683
1680 48996 0:0 1683
1683 48997 21:0 1830
1753 49027 0:0 1754
1758 49028 0:0 1759
1758 49029 0:0 1759
1823 49030 0:0 1825
1829 49060 21:0 1966
1834 49061 0:0 1835
1834 49062 0:0 1835
1899 49063 0:0 1901
1905 49093 0:0 1906
1910 49095 0:0 1911
1910 49094 0:0 1911
1965 49096 0:0 1977
1979 49126 21:0 2113
1986 49128 0:0 1987
1986 49127 0:0 1987
2051 49129 0:0 2053
2057 49159 0:0 2058
2062 49160 0:0 2063
2062 49161 0:0 2063
2113 49162 0:0 2129
2131 49192 0:0 2134
2136 49193 21:0 2281
2138 49194 0:0 2139
2203 49195 0:0 2205
2209 49225 0:0 2210
2214 49227 0:0 2215
2214 49226 0:0 2215
2279 49228 0:0 2281
2283 49258 21:0 2417
2290 49260 0:0 2291
2290 49259 0:0 2291
2355 49261 0:0 2357
2361 49291 0:0 2362
2366 49292 0:0 2367
2366 49293 0:0 2367
2417 49294 0:0 2433
2435 49324 21:0 2569
2442 49326 0:0 2443
2442 49325 0:0 2443
2507 49327 0:0 2509
2513 49357 0:0 2514
2518 49358 0:0 2519
2518 49359 0:0 2519
2608 329 1:0 5767
2634 328 21:0 2723
2724 328 1:0 2597
2724 48731 1:0 3094
2724 48666 1:0 3331
2724 48633 1:0 3453
2724 48597 1:0 3591
2730 48498 1:0 3957
2731 48434 1:0 4192
2739 48433 1:0 4191
2739 48399 1:0 4323
2749 49359 1:0 5908
2852 49358 1:0 5907
2853 49357 1:0 5918
4617 50337 21:0 4751
4624 50338 0:0 4625
4624 50339 0:0 4625
4689 50340 0:0 4691
4695 50370 0:0 4696
4700 50371 0:0 4701
4700 50372 0:0 4701
4751 50373 0:0 4767
4769 50403 21:0 4903
4776 50405 0:0 4777
4776 50404 0:0 4777
4841 50406 0:0 4843
4847 50436 0:0 4848
4852 50437 0:0 4853
4852 50438 0:0 4853
4921 50469 21:0 5055
4928 50471 0:0 4929
4928 50470 0:0 4929
4993 50472 0:0 4995
4999 50502 0:0 5000
5004 50504 0:0 5005
5004 50503 0:0 5005
5073 50535 21:0 5207
5080 50536 0:0 5081
5080 50537 0:0 5081
5145 50538 0:0 5147
5151 50568 0:0 5152
5156 50569 0:0 5157
5156 50570 0:0 5157
5230 50603 21:0 5375
5232 50602 0:0 5233
5303 50634 0:0 5304
5308 50636 0:0 5309
5308 50635 0:0 5309
5373 50637 0:0 5375
5377 50667 21:0 5511
5384 50669 0:0 5385
5384 50668 0:0 5385
5460 50701 0:0 5461
5511 50703 0:0 5527
5534 50735 21:0 5679
5779 49324 1:0 6049
5780 49327 1:0 5925
5789 49326 1:0 6035
5789 49325 1:0 6036
5795 49294 1:0 6162
5808 329 21:0 5902
5815 49293 1:0 6170
5869 49292 1:0 6169
5910 49291 1:0 6180
5911 49258 1:0 6311
5920 49261 1:0 6187
5920 49259 1:0 6298
5926 49260 1:0 6297
5931 49228 1:0 6424
5959 49227 1:0 6432
6041 49226 1:0 6431
6042 49193 1:0 6562
6051 49225 1:0 6440
6051 49195 1:0 6449
6057 49194 1:0 6563
6077 49192 1:0 6573
6090 49162 1:0 6686
6172 49161 1:0 6694
6173 49160 1:0 6693
6182 49159 1:0 6704
6182 49126 1:0 6835
6190 49129 1:0 6711
6208 49127 1:0 6822
6303 49128 1:0 6821
6304 49096 1:0 6948
6304 49095 1:0 6956
6313 49094 1:0 6955
6313 49093 1:0 6966
6321 49060 1:0 7097
6340 49063 1:0 6973
6434 49061 1:0 7084
6435 49062 1:0 7083
6444 49030 1:0 7210
6444 48997 1:0 7341
6450 49029 1:0 7214
6454 49028 1:0 7215
6471 49027 1:0 7226
6565 48996 1:0 7349
6566 48995 1:0 7348
6575 48994 1:0 7359
6575 48964 1:0 7472
6581 48963 1:0 7480
6585 48962 1:0 7479
6614 48961 1:0 7490
6696 48931 1:0 7603
6697 48930 1:0 7611
6706 48929 1:0 7610
6706 48897 1:0 7742
6712 48928 1:0 7619
6717 48898 1:0 7628
6732 330 1:0 9082
6745 48896 1:0 7741
6827 48895 1:0 7752
7932 51779 0:0 7935
7937 51780 0:0 7940
7937 51781 0:0 7940
7940 51782 21:0 8087
8010 51812 0:0 8011
8015 51814 0:0 8016
8015 51813 0:0 8016
8080 51815 0:0 8082
8086 51845 21:0 8223
8091 51846 0:0 8092
8091 51847 0:0 8092
8156 51848 0:0 8158
8162 51878 0:0 8163
8167 51880 0:0 8168
8167 51879 0:0 8168
8222 51881 0:0 8234
8236 51911 21:0 8370
8243 51913 0:0 8244
8243 51912 0:0 8244
8308 51914 0:0 8310
8314 51944 0:0 8315
8319 51946 0:0 8320
8319 51945 0:0 8320
8370 51947 0:0 8386
8388 51977 21:0 8522
8395 51978 0:0 8396
8395 51979 0:0 8396
8460 51980 0:0 8462
8466 52010 0:0 8467
8471 52011 0:0 8472
8471 52012 0:0 8472
8522 52013 0:0 8538
8540 52043 21:0 8674
8547 52045 0:0 8548
8547 52044 0:0 8548
8612 52046 0:0 8614
8618 52076 0:0 8619
8623 52078 0:0 8624
8623 52077 0:0 8624
8674 52079 0:0 8690
8692 52109 21:0 8826
8699 52110 0:0 8700
8699 52111 0:0 8700
8764 52112 0:0 8766
8770 52142 0:0 8771
8775 52144 0:0 8776
8775 52143 0:0 8776
8826 52145 0:0 8842
8844 52175 21:0 8978
8851 52176 0:0 8852
8851 52177 0:0 8852
8916 52178 0:0 8918
8922 52208 0:0 8923
8927 52209 0:0 8928
8927 52210 0:0 8928
8978 52211 0:0 8994
9094 50735 1:0 9485
9095 50703 1:0 9608
9104 50701 1:0 9615
9104 50667 1:0 9757
9110 50669 1:0 9743
9123 330 21:0 9217
9130 50668 1:0 9744
9184 50637 1:0 9870
9225 50636 1:0 9878
9226 50635 1:0 9877
9235 50634 1:0 9886
9235 50603 1:0 10009
9241 50602 1:0 10008
9246 50570 1:0 10140
9274 50569 1:0 10139
9356 50568 1:0 10150
9357 50535 1:0 10281
9366 50538 1:0 10157
9366 50537 1:0 10267
9372 50536 1:0 10268
9392 50504 1:0 10402
9405 50503 1:0 10401
9487 50502 1:0 10412
9488 50469 1:0 10543
9497 50472 1:0 10419
9497 50470 1:0 10530
9505 50471 1:0 10529
9523 50437 1:0 10663
9618 50438 1:0 10664
9619 50436 1:0 10674
9619 50403 1:0 10805
9628 50406 1:0 10681
9628 50405 1:0 10791
9636 50404 1:0 10792
9655 50373 1:0 10918
9749 50372 1:0 10926
9750 50371 1:0 10925
9759 50370 1:0 10936
9759 50337 1:0 11067
9765 50340 1:0 10943
9769 50339 1:0 11053
9786 50338 1:0 11054
9798 331 1:0 12397
9880 52211 1:0 12661
11247 53221 21:0 11381
11254 53223 0:0 11255
11254 53222 0:0 11255
11319 53224 0:0 11321
11325 53254 0:0 11326
11330 53256 0:0 11331
11330 53255 0:0 11331
11381 53257 0:0 11397
11399 53287 21:0 11533
11406 53289 0:0 11407
11406 53288 0:0 11407
11471 53290 0:0 11473
11477 53320 0:0 11478
11482 53321 0:0 11483
11482 53322 0:0 11483
11533 53323 0:0 11549
11551 53353 21:0 11685
11558 53354 0:0 11559
11558 53355 0:0 11559
11623 53356 0:0 11625
11629 53386 0:0 11630
11634 53387 0:0 11635
11634 53388 0:0 11635
11685 53389 0:0 11701
11703 53419 21:0 11837
11710 53420 0:0 11711
11710 53421 0:0 11711
11775 53422 0:0 11777
11781 53452 0:0 11782
11786 53453 0:0 11787
11786 53454 0:0 11787
11837 53455 0:0 11853
11855 53485 0:0 11858
11860 53487 21:0 12005
11862 53486 0:0 11863
11927 53488 0:0 11929
11938 53520 0:0 11939
12015 53554 0:0 12033
12083 53584 0:0 12086
12088 53585 21:0 12233
12161 53617 0:0 12162
12316 53685 21:0 12404
12409 52210 1:0 12669
12410 52209 1:0 12668
12419 52208 1:0 12679
12419 52175 1:0 12810
12425 52178 1:0 12686
12438 331 21:0 12532
12445 52177 1:0 12796
12499 52176 1:0 12797
12540 52145 1:0 12923
12541 52144 1:0 12931
12550 52143 1:0 12930
12550 52142 1:0 12941
12556 52109 1:0 13072
12561 52112 1:0 12948
12589 52111 1:0 13058
12671 52110 1:0 13059
12672 52079 1:0 13185
12681 52077 1:0 13192
12681 52078 1:0 13193
12687 52076 1:0 13203
12707 52043 1:0 13334
12720 52046 1:0 13210
12802 52045 1:0 13320
12803 52044 1:0 13321
12812 52013 1:0 13447
12812 52012 1:0 13455
12820 52011 1:0 13454
12838 52010 1:0 13465
12933 51977 1:0 13596
12934 51980 1:0 13472
12934 51978 1:0 13583
12943 51979 1:0 13582
12943 51947 1:0 13709
12951 51946 1:0 13717
12970 51945 1:0 13716
13064 51944 1:0 13727
13065 51911 1:0 13858
13074 51914 1:0 13734
13074 51912 1:0 13845
13080 51913 1:0 13844
13084 51881 1:0 13971
13101 51880 1:0 13979
13195 51879 1:0 13978
13196 51878 1:0 13989
13205 51848 1:0 13996
13205 51845 1:0 14120
13211 51847 1:0 14106
13215 51846 1:0 14107
13244 51815 1:0 14233
13326 51782 1:0 14364
13327 51813 1:0 14238
13336 51814 1:0 14237
13336 51812 1:0 14249
13342 51780 1:0 14371
13347 51781 1:0 14372
13362 332 1:0 15712
13375 51779 1:0 14382
14562 54663 21:0 14696
14569 54664 0:0 14570
14569 54665 0:0 14570
14634 54666 0:0 14636
14640 54696 0:0 14641
14645 54697 0:0 14646
14645 54698 0:0 14646
14696 54699 0:0 14712
14714 54729 21:0 14848
14721 54730 0:0 14722
14721 54731 0:0 14722
14786 54732 0:0 14788
14792 54762 0:0 14793
14797 54763 0:0 14798
14797 54764 0:0 14798
14848 54765 0:0 14864
14866 54795 21:0 15000
14873 54797 0:0 14874
14873 54796 0:0 14874
14938 54798 0:0 14940
14944 54828 0:0 14945
14949 54829 0:0 14950
14949 54830 0:0 14950
15000 54831 0:0 15016
15018 54861 21:0 15152
15025 54863 0:0 15026
15025 54862 0:0 15026
15090 54864 0:0 15092
15096 54894 0:0 15097
15101 54896 0:0 15102
15101 54895 0:0 15102
15152 54897 0:0 15168
15170 54927 0:0 15173
15175 54929 0:0 15178
15175 54928 0:0 15178
15178 54930 21:0 15325
15248 54960 0:0 15249
15253 54961 0:0 15254
15253 54962 0:0 15254
15318 54963 0:0 15320
15324 54993 0:0 15325
15327 54995 21:0 15472
15329 54994 0:0 15330
15394 54996 0:0 15396
15400 55026 0:0 15401
15405 55027 0:0 15406
15405 55028 0:0 15406
15470 55029 0:0 15472
15474 55059 0:0 15477
15479 55061 21:0 15624
15481 55060 0:0 15482
15546 55062 0:0 15548
15552 55092 0:0 15553
15557 55093 0:0 15558
15622 55095 0:0 15624
15724 53685 1:0 15853
15725 53585 1:0 16245
15734 53617 1:0 16123
15734 53584 1:0 16256
15740 53554 1:0 16369
15753 332 21:0 15847
15760 53520 1:0 16508
15814 53487 1:0 16639
15855 53488 1:0 16525
15856 53486 1:0 16638
15865 53485 1:0 16649
15865 53455 1:0 16762
15871 53454 1:0 16770
15876 53453 1:0 16769
15904 53452 1:0 16780
15986 53419 1:0 16911
15987 53422 1:0 16787
15996 53421 1:0 16897
15996 53420 1:0 16898
16002 53389 1:0 17024
16022 53388 1:0 17032
16035 53387 1:0 17031
16117 53386 1:0 17042
16118 53353 1:0 17173
16127 53356 1:0 17049
16127 53355 1:0 17159
16135 53354 1:0 17160
16153 53323 1:0 17286
16248 53321 1:0 17293
16249 53322 1:0 17294
16249 53320 1:0 17304
16258 53290 1:0 17311
16258 53287 1:0 17435
16266 53289 1:0 17421
16285 53288 1:0 17422
16379 53257 1:0 17548
16380 53256 1:0 17556
16389 53255 1:0 17555
16389 53254 1:0 17566
16395 53221 1:0 17697
16399 53224 1:0 17573
16416 53223 1:0 17683
16428 333 1:0 19027
16510 53222 1:0 17684
16511 55095 1:0 19291
16520 55093 1:0 19298
17877 56105 21:0 18011
17884 56106 0:0 17885
17884 56107 0:0 17885
17949 56108 0:0 17951
17955 56138 0:0 17956
17960 56139 0:0 17961
17960 56140 0:0 17961
18011 56141 0:0 18027
18029 56171 21:0 18163
18036 56173 0:0 18037
18036 56172 0:0 18037
18101 56174 0:0 18103
18107 56204 0:0 18108
18112 56206 0:0 18113
18112 56205 0:0 18113
18163 56207 0:0 18179
18181 56237 21:0 18315
18188 56238 0:0 18189
18188 56239 0:0 18189
18253 56240 0:0 18255
18259 56270 0:0 18260
18264 56272 0:0 18265
18264 56271 0:0 18265
18315 56273 0:0 18331
18333 56303 21:0 18467
18340 56305 0:0 18341
18340 56304 0:0 18341
18405 56306 0:0 18407
18411 56336 0:0 18412
18416 56338 0:0 18417
18416 56337 0:0 18417
18467 56339 0:0 18483
18485 56369 0:0 18488
18490 56370 21:0 18635
18557 56372 0:0 18559
18563 56402 0:0 18564
18568 56403 0:0 18569
18568 56404 0:0 18569
18637 56435 0:0 18640
18642 56437 21:0 18787
18720 56469 0:0 18721
18785 56471 0:0 18787
18789 56501 21:0 18923
18867 56534 0:0 18868
19039 55061 1:0 19430
19040 55092 1:0 19307
19049 55062 1:0 19316
19049 55060 1:0 19429
19055 55059 1:0 19440
19068 333 21:0 19162
19075 55029 1:0 19553
19129 55028 1:0 19561
19170 55027 1:0 19560
19171 54995 1:0 19692
19180 55026 1:0 19569
19180 54996 1:0 19578
19186 54994 1:0 19691
19191 54993 1:0 19702
19219 54963 1:0 19815
19301 54930 1:0 19946
19302 54962 1:0 19819
19311 54961 1:0 19820
19311 54960 1:0 19831
19317 54928 1:0 19953
19337 54929 1:0 19954
19350 54927 1:0 19964
19432 54897 1:0 20077
19433 54895 1:0 20084
19442 54896 1:0 20085
19442 54894 1:0 20095
19450 54861 1:0 20226
19468 54864 1:0 20102
19563 54863 1:0 20212
19564 54862 1:0 20213
19564 54831 1:0 20339
19573 54829 1:0 20346
19573 54830 1:0 20347
19581 54828 1:0 20357
19600 54795 1:0 20488
19694 54798 1:0 20364
19695 54796 1:0 20475
19704 54797 1:0 20474
19704 54765 1:0 20601
19710 54764 1:0 20609
19714 54763 1:0 20608
19731 54762 1:0 20619
19825 54729 1:0 20750
19826 54732 1:0 20626
19835 54731 1:0 20736
19835 54730 1:0 20737
19841 54699 1:0 20863
19845 54697 1:0 20870
19846 334 1:0 22342
19874 54698 1:0 20871
19956 54696 1:0 20881
19957 54663 1:0 21012
19966 54666 1:0 20888
19966 54664 1:0 20999
19972 54665 1:0 20998
21192 57547 21:0 21326
21199 57548 0:0 21200
21199 57549 0:0 21200
21264 57550 0:0 21266
21270 57580 0:0 21271
21275 57582 0:0 21276
21275 57581 0:0 21276
21326 57583 0:0 21342
21344 57613 21:0 21478
21351 57615 0:0 21352
21351 57614 0:0 21352
21416 57616 0:0 21418
21422 57646 0:0 21423
21427 57648 0:0 21428
21427 57647 0:0 21428
21478 57649 0:0 21494
21496 57679 21:0 21630
21503 57680 0:0 21504
21503 57681 0:0 21504
21568 57682 0:0 21570
21574 57712 0:0 21575
21579 57714 0:0 21580
21579 57713 0:0 21580
21630 57715 0:0 21646
21648 57745 21:0 21782
21655 57746 0:0 21656
21655 57747 0:0 21656
21720 57748 0:0 21722
21726 57778 0:0 21727
21731 57780 0:0 21732
21731 57779 0:0 21732
21782 57781 0:0 21798
21800 57811 0:0 21803
21805 57813 21:0 21950
21807 57812 0:0 21808
21872 57814 0:0 21874
21878 57844 0:0 21879
21883 57846 0:0 21884
21883 57845 0:0 21884
21948 57847 0:0 21950
21952 57877 0:0 21955
21957 57879 21:0 22102
21959 57878 0:0 21960
22024 57880 0:0 22026
22030 57910 0:0 22031
22035 57911 0:0 22036
22100 57913 0:0 22102
22104 57943 21:0 22238
22111 57944 0:0 22112
22176 57946 0:0 22178
22182 57976 0:0 22183
22187 57977 0:0 22188
22238 57979 0:0 22254
22354 56534 1:0 22624
22355 56501 1:0 22755
22364 56471 1:0 22868
22364 56469 1:0 22875
22370 56437 1:0 23007
22383 334 21:0 22477
22390 56435 1:0 23017
22444 56403 1:0 23137
22485 56404 1:0 23138
22486 56370 1:0 23268
22495 56402 1:0 23146
22495 56372 1:0 23155
22501 56369 1:0 23279
22506 56339 1:0 23392
22534 56337 1:0 23399
22616 56338 1:0 23400
22617 56336 1:0 23410
22626 56306 1:0 23417
22626 56303 1:0 23541
22632 56305 1:0 23527
22652 56304 1:0 23528
22665 56273 1:0 23654
22747 56271 1:0 23661
22748 56272 1:0 23662
22757 56270 1:0 23672
22757 56237 1:0 23803
22765 56240 1:0 23679
22783 56239 1:0 23789
22878 56238 1:0 23790
22879 56207 1:0 23916
22879 56205 1:0 23923
22888 56206 1:0 23924
22888 56204 1:0 23934
22896 56171 1:0 24065
22915 56174 1:0 23941
23009 56172 1:0 24052
23010 56173 1:0 24051
23019 56141 1:0 24178
23019 56139 1:0 24185
23025 56140 1:0 24186
23029 56138 1:0 24196
23046 56105 1:0 24327
23058 335 1:0 25657
23140 56108 1:0 24203
23141 56106 1:0 24314
23150 56107 1:0 24313
23150 57979 1:0 25921
23156 57977 1:0 25928
24507 58989 21:0 24641
24514 58991 0:0 24515
24579 58992 0:0 24581
24585 59022 0:0 24586
24590 59023 0:0 24591
24590 59024 0:0 24591
24641 59025 0:0 24657
24659 59055 21:0 24793
24666 59056 0:0 24667
24666 59057 0:0 24667
24731 59058 0:0 24733
24737 59088 0:0 24738
24742 59089 0:0 24743
24742 59090 0:0 24743
24793 59091 0:0 24809
24811 59121 21:0 24945
24818 59123 0:0 24819
24818 59122 0:0 24819
24883 59124 0:0 24885
24889 59154 0:0 24890
24894 59156 0:0 24895
24894 59155 0:0 24895
24945 59157 0:0 24961
24963 59187 21:0 25097
24970 59189 0:0 24971
24970 59188 0:0 24971
25035 59190 0:0 25037
25041 59220 0:0 25042
25046 59222 0:0 25047
25046 59221 0:0 25047
25097 59223 0:0 25113
25115 59253 0:0 25118
25120 59254 21:0 25265
25187 59256 0:0 25189
25193 59286 0:0 25194
25198 59287 0:0 25199
25198 59288 0:0 25199
25263 59289 0:0 25265
25267 59319 0:0 25270
25272 59321 0:0 25275
25275 59322 21:0 25422
25345 59352 0:0 25346
25350 59354 0:0 25351
25415 59355 0:0 25417
25424 59386 21:0 25569
25576 59453 21:0 25664
25669 57976 1:0 25939
25670 57943 1:0 26070
25679 57946 1:0 25946
25679 57944 1:0 26057
25685 57913 1:0 26183
25698 335 21:0 25792
25705 57911 1:0 26190
25759 57879 1:0 26322
25800 57910 1:0 26199
25801 57880 1:0 26208
25810 57878 1:0 26321
25810 57877 1:0 26332
25816 57847 1:0 26445
25821 57846 1:0 26453
25849 57845 1:0 26452
25931 57813 1:0 26584
25932 57844 1:0 26461
25941 57814 1:0 26470
25941 57812 1:0 26583
25947 57811 1:0 26594
25967 57781 1:0 26707
25980 57779 1:0 26714
26062 57780 1:0 26715
26063 57778 1:0 26725
26072 57748 1:0 26732
26072 57745 1:0 26856
26080 57747 1:0 26842
26098 57746 1:0 26843
26193 57715 1:0 26969
26194 57713 1:0 26976
26194 57714 1:0 26977
26203 57712 1:0 26987
26203 57679 1:0 27118
26211 57682 1:0 26994
26230 57680 1:0 27105
26324 57681 1:0 27104
26325 57649 1:0 27231
26334 57647 1:0 27238
26334 57648 1:0 27239
26340 57646 1:0 27249
26344 57613 1:0 27380
26361 57616 1:0 27256
26455 57615 1:0 27366
26456 57614 1:0 27367
26465 57583 1:0 27493
26465 57582 1:0 27501
26471 57581 1:0 27500
26475 57580 1:0 27511
26476 336 1:0 28972
26504 57547 1:0 27642
26586 57550 1:0 27518
26587 57548 1:0 27629
26596 57549 1:0 27628
27822 60431 21:0 27956
27829 60433 0:0 27830
27829 60432 0:0 27830
27894 60434 0:0 27896
27900 60464 0:0 27901
27905 60466 0:0 27906
27905 60465 0:0 27906
27956 60467 0:0 27972
27974 60497 21:0 28108
27981 60499 0:0 27982
27981 60498 0:0 27982
28046 60500 0:0 28048
28052 60530 0:0 28053
28057 60532 0:0 28058
28057 60531 0:0 28058
28108 60533 0:0 28124
28126 60563 21:0 28260
28133 60565 0:0 28134
28133 60564 0:0 28134
28198 60566 0:0 28200
28204 60596 0:0 28205
28209 60597 0:0 28210
28209 60598 0:0 28210
28260 60599 0:0 28276
28278 60629 21:0 28412
28285 60630 0:0 28286
28285 60631 0:0 28286
28350 60632 0:0 28352
28356 60662 0:0 28357
28361 60663 0:0 28362
28361 60664 0:0 28362
28412 60665 0:0 28428
28430 60695 0:0 28433
28435 60697 21:0 28580
28437 60696 0:0 28438
28502 60698 0:0 28504
28508 60728 0:0 28509
28513 60730 0:0 28514
28513 60729 0:0 28514
28578 60731 0:0 28580
28582 60761 0:0 28585
28587 60763 0:0 28590
28658 60794 0:0 28661
28663 60796 21:0 28808
28665 60795 0:0 28666
28730 60797 0:0 28732
28736 60827 0:0 28737
28741 60829 0:0 28742
28741 60828 0:0 28742
28810 60860 21:0 28944
28817 60862 0:0 28818
28984 59453 1:0 29113
28985 59386 1:0 29374
28994 59355 1:0 29498
28994 59322 1:0 29629
29000 59354 1:0 29502
29013 336 21:0 29107
29020 59352 1:0 29514
29074 59321 1:0 29637
29115 59319 1:0 29647
29116 59289 1:0 29760
29125 59287 1:0 29767
29125 59288 1:0 29768
29131 59254 1:0 29898
29136 59286 1:0 29776
29164 59256 1:0 29785
29246 59253 1:0 29909
29247 59223 1:0 30022
29256 59221 1:0 30029
29256 59222 1:0 30030
29262 59220 1:0 30040
29282 59187 1:0 30171
29295 59190 1:0 30047
29377 59189 1:0 30157
29378 59188 1:0 30158
29387 59157 1:0 30284
29387 59156 1:0 30292
29395 59155 1:0 30291
29413 59154 1:0 30302
29508 59121 1:0 30433
29509 59124 1:0 30309
29509 59122 1:0 30420
29518 59123 1:0 30419
29518 59091 1:0 30546
29526 59089 1:0 30553
29545 59090 1:0 30554
29639 59088 1:0 30564
29640 59055 1:0 30695
29649 59058 1:0 30571
29649 59057 1:0 30681
29655 59056 1:0 30682
29659 59025 1:0 30808
29676 59024 1:0 30816
29688 337 1:0 32287
29770 59023 1:0 30815
29771 59022 1:0 30826
29780 58992 1:0 30833
29780 58989 1:0 30957
29786 58991 1:0 30943
29791 60860 1:0 32569
31137 61873 21:0 31271
31144 61875 0:0 31145
31144 61874 0:0 31145
31209 61876 0:0 31211
31215 61906 0:0 31216
31220 61908 0:0 31221
31220 61907 0:0 31221
31271 61909 0:0 31287
31289 61939 21:0 31423
31296 61940 0:0 31297
31296 61941 0:0 31297
31361 61942 0:0 31363
31367 61972 0:0 31368
31372 61973 0:0 31373
31372 61974 0:0 31373
31423 61975 0:0 31439
31441 62005 21:0 31575
31448 62006 0:0 31449
31448 62007 0:0 31449
31513 62008 0:0 31515
31519 62038 0:0 31520
31524 62039 0:0 31525
31524 62040 0:0 31525
31575 62041 0:0 31591
31593 62071 21:0 31727
31600 62073 0:0 31601
31600 62072 0:0 31601
31665 62074 0:0 31667
31671 62104 0:0 31672
31676 62105 0:0 31677
31676 62106 0:0 31677
31727 62107 0:0 31743
31745 62137 0:0 31748
31750 62138 0:0 31753
31750 62139 0:0 31753
31753 62140 0:0 31771
31821 62170 0:0 31824
31826 62172 21:0 31971
31828 62171 0:0 31829
31893 62173 0:0 31895
31904 62205 0:0 31905
31904 62204 0:0 31905
31973 62236 21:0 32107
31980 62237 0:0 31981
31980 62238 0:0 31981
32051 62269 0:0 32052
32056 62270 0:0 32057
32299 60862 1:0 32555
32300 60829 1:0 32690
32309 60828 1:0 32689
32309 60796 1:0 32821
32315 60827 1:0 32698
32328 337 21:0 32422
32335 60797 1:0 32707
32389 60795 1:0 32820
32430 60794 1:0 32831
32431 60763 1:0 32952
32440 60761 1:0 32962
32440 60731 1:0 33075
32446 60729 1:0 33082
32451 60730 1:0 33083
32479 60697 1:0 33214
32561 60728 1:0 33091
32562 60698 1:0 33100
32571 60696 1:0 33213
32571 60695 1:0 33224
32577 60665 1:0 33337
32597 60664 1:0 33345
32610 60663 1:0 33344
32692 60662 1:0 33355
32693 60629 1:0 33486
32702 60632 1:0 33362
32702 60630 1:0 33473
32710 60631 1:0 33472
32728 60599 1:0 33599
32823 60597 1:0 33606
32824 60598 1:0 33607
32824 60596 1:0 33617
32833 60566 1:0 33624
32833 60563 1:0 33748
32841 60564 1:0 33735
32860 60565 1:0 33734
32954 60533 1:0 33861
32955 60532 1:0 33869
32964 60531 1:0 33868
32964 60530 1:0 33879
32970 60497 1:0 34010
32974 60500 1:0 33886
32991 60498 1:0 33997
33085 60499 1:0 33996
33086 60467 1:0 34123
33095 60465 1:0 34130
33095 60466 1:0 34131
33101 60464 1:0 34141
33105 60431 1:0 34272
33106 338 1:0 35602
33134 60434 1:0 34148
33216 60432 1:0 34259
33217 60433 1:0 34258
34452 63315 0:0 34455
34457 63316 0:0 34460
34457 63317 0:0 34460
34460 63318 21:0 34607
34530 63348 0:0 34531
34535 63349 0:0 34536
34535 63350 0:0 34536
34600 63351 0:0 34602
34606 63381 21:0 34743
34611 63382 0:0 34612
34611 63383 0:0 34612
34676 63384 0:0 34678
34682 63414 0:0 34683
34687 63415 0:0 34688
34687 63416 0:0 34688
34742 63417 0:0 34754
34756 63447 21:0 34890
34763 63449 0:0 34764
34763 63448 0:0 34764
34828 63450 0:0 34830
34834 63480 0:0 34835
34839 63481 0:0 34840
34839 63482 0:0 34840
34890 63483 0:0 34906
34908 63513 21:0 35042
34915 63514 0:0 34916
34915 63515 0:0 34916
34980 63516 0:0 34982
34986 63546 0:0 34987
34991 63548 0:0 34992
34991 63547 0:0 34992
35042 63549 0:0 35058
35060 63579 21:0 35194
35067 63581 0:0 35068
35067 63580 0:0 35068
35138 63612 0:0 35139
35143 63614 0:0 35144
35194 63615 0:0 35210
35212 63645 0:0 35215
35217 63647 0:0 35220
35217 63646 0:0 35220
35220 63648 21:0 35367
35290 63678 0:0 35291
35295 63679 0:0 35296
35295 63680 0:0 35296
35360 63681 0:0 35362
35366 63711 0:0 35367
35372 63714 21:0 35519
35447 63746 0:0 35448
35447 63745 0:0 35448
35614 62270 1:0 36004
35615 62269 1:0 36015
35624 62238 1:0 36132
35624 62236 1:0 36146
35630 62237 1:0 36133
35643 338 21:0 35737
35650 62204 1:0 36266
35704 62205 1:0 36267
35745 62172 1:0 36398
35746 62173 1:0 36284
35755 62171 1:0 36397
35755 62170 1:0 36408
35761 62140 1:0 36521
35766 62139 1:0 36529
35794 62138 1:0 36528
35876 62137 1:0 36539
35877 62107 1:0 36652
35886 62105 1:0 36659
35886 62106 1:0 36660
35892 62104 1:0 36670
35912 62071 1:0 36801
35925 62074 1:0 36677
36007 62073 1:0 36787
36008 62072 1:0 36788
36017 62041 1:0 36914
36017 62040 1:0 36922
36025 62039 1:0 36921
36043 62038 1:0 36932
36138 62005 1:0 37063
36139 62008 1:0 36939
36139 62006 1:0 37050
36148 62007 1:0 37049
36148 61975 1:0 37176
36156 61973 1:0 37183
36175 61974 1:0 37184
36269 61972 1:0 37194
36270 61939 1:0 37325
36279 61942 1:0 37201
36279 61941 1:0 37311
36285 61940 1:0 37312
36289 61909 1:0 37438
36306 61907 1:0 37445
36400 61908 1:0 37446
36401 61906 1:0 37456
36410 61876 1:0 37463
36410 61873 1:0 37587
36416 61874 1:0 37574
36420 61875 1:0 37573
36421 339 1:0 38917
36449 63714 1:0 39312
36531 63745 1:0 39186
36532 63746 1:0 39185
36541 63711 1:0 39330
37767 64757 21:0 37901
37774 64758 0:0 37775
37774 64759 0:0 37775
37839 64760 0:0 37841
37845 64790 0:0 37846
37850 64791 0:0 37851
37850 64792 0:0 37851
37901 64793 0:0 37917
37919 64823 21:0 38053
37926 64825 0:0 37927
37926 64824 0:0 37927
37991 64826 0:0 37993
37997 64856 0:0 37998
38002 64857 0:0 38003
38002 64858 0:0 38003
38053 64859 0:0 38069
38071 64889 21:0 38205
38078 64891 0:0 38079
38078 64890 0:0 38079
38143 64892 0:0 38145
38149 64922 0:0 38150
38154 64924 0:0 38155
38154 64923 0:0 38155
38205 64925 0:0 38221
38223 64955 21:0 38357
38230 64956 0:0 38231
38230 64957 0:0 38231
38295 64958 0:0 38297
38301 64988 0:0 38302
38306 64989 0:0 38307
38306 64990 0:0 38307
38357 64991 0:0 38373
38375 65021 0:0 38378
38380 65023 21:0 38525
38382 65022 0:0 38383
38447 65024 0:0 38449
38453 65054 0:0 38454
38458 65056 0:0 38459
38458 65055 0:0 38459
38523 65057 0:0 38525
38527 65087 21:0 38661
38534 65088 0:0 38535
38534 65089 0:0 38535
38599 65090 0:0 38601
38605 65120 0:0 38606
38610 65122 0:0 38611
38610 65121 0:0 38611
38661 65123 0:0 38677
38679 65153 21:0 38813
38686 65155 0:0 38687
38751 65156 0:0 38753
38929 63681 1:0 39443
38930 63648 1:0 39574
38939 63680 1:0 39447
38939 63679 1:0 39448
38945 63678 1:0 39459
38958 339 21:0 39052
38965 63647 1:0 39582
39019 63646 1:0 39581
39060 63645 1:0 39592
39061 63615 1:0 39705
39070 63614 1:0 39713
39070 63612 1:0 39723
39076 63579 1:0 39854
39081 63581 1:0 39840
39109 63580 1:0 39841
39191 63549 1:0 39967
39192 63547 1:0 39974
39201 63548 1:0 39975
39201 63546 1:0 39985
39207 63513 1:0 40116
39227 63516 1:0 39992
39240 63515 1:0 40102
39322 63514 1:0 40103
39323 63483 1:0 40229
39332 63481 1:0 40236
39332 63482 1:0 40237
39340 63480 1:0 40247
39358 63447 1:0 40378
39453 63450 1:0 40254
39454 63449 1:0 40364
39454 63448 1:0 40365
39463 63417 1:0 40491
39463 63415 1:0 40498
39471 63416 1:0 40499
39490 63414 1:0 40509
39584 63381 1:0 40640
39585 63384 1:0 40516
39594 63383 1:0 40626
39594 63382 1:0 40627
39600 63351 1:0 40753
39604 63318 1:0 40884
39621 63349 1:0 40758
39633 340 1:0 42232
39715 63350 1:0 40757
39716 63348 1:0 40769
39725 63316 1:0 40891
39725 63317 1:0 40892
39731 63315 1:0 40902
41082 66199 21:0 41216
41089 66200 0:0 41090
41089 66201 0:0 41090
41154 66202 0:0 41156
41160 66232 0:0 41161
41165 66234 0:0 41166
41165 66233 0:0 41166
41216 66235 0:0 41232
41234 66265 21:0 41368
41241 66266 0:0 41242
41241 66267 0:0 41242
41306 66268 0:0 41308
41312 66298 0:0 41313
41317 66299 0:0 41318
41317 66300 0:0 41318
41368 66301 0:0 41384
41386 66331 21:0 41520
41393 66333 0:0 41394
41393 66332 0:0 41394
41458 66334 0:0 41460
41464 66364 0:0 41465
41469 66366 0:0 41470
41469 66365 0:0 41470
41520 66367 0:0 41536
41538 66397 21:0 41672
41545 66399 0:0 41546
41545 66398 0:0 41546
41610 66400 0:0 41612
41616 66430 0:0 41617
41621 66432 0:0 41622
41621 66431 0:0 41622
41672 66433 0:0 41688
41690 66463 0:0 41693
41695 66464 21:0 41840
41697 66465 0:0 41698
41762 66466 0:0 41764
41768 66496 0:0 41769
41773 66497 0:0 41774
41773 66498 0:0 41774
41838 66499 0:0 41840
41842 66529 21:0 41976
41920 66562 0:0 41921
41994 66595 0:0 41997
41999 66597 0:0 42002
42002 66598 0:0 42020
42075 66630 21:0 42220
42244 65153 1:0 42645
42245 65156 1:0 42521
42254 65155 1:0 42631
42254 65123 1:0 42758
42260 65122 1:0 42766
42273 340 21:0 42367
42280 65121 1:0 42765
42334 65120 1:0 42776
42375 65087 1:0 42907
42376 65090 1:0 42783
42385 65089 1:0 42893
42385 65088 1:0 42894
42391 65057 1:0 43020
42396 65055 1:0 43027
42424 65056 1:0 43028
42506 65023 1:0 43159
42507 65054 1:0 43036
42516 65024 1:0 43045
42516 65022 1:0 43158
42522 65021 1:0 43169
42542 64991 1:0 43282
42555 64989 1:0 43289
42637 64990 1:0 43290
42638 64988 1:0 43300
42647 64958 1:0 43307
42647 64955 1:0 43431
42655 64956 1:0 43418
42673 64957 1:0 43417
42768 64925 1:0 43544
42769 64923 1:0 43551
42769 64924 1:0 43552
42778 64922 1:0 43562
42778 64889 1:0 43693
42786 64892 1:0 43569
42805 64891 1:0 43679
42899 64890 1:0 43680
42900 64859 1:0 43806
42909 64857 1:0 43813
42909 64858 1:0 43814
42915 64856 1:0 43824
42919 64823 1:0 43955
42936 64826 1:0 43831
43030 64825 1:0 43941
43031 64824 1:0 43942
43040 64793 1:0 44068
43040 64792 1:0 44076
43046 64791 1:0 44075
43050 64790 1:0 44086
43051 341 1:0 45547
43079 64757 1:0 44217
43161 64760 1:0 44093
43162 64758 1:0 44204
43171 64759 1:0 44203
43171 66630 1:0 45819
44397 67641 21:0 44531
44404 67642 0:0 44405
44404 67643 0:0 44405
44469 67644 0:0 44471
44475 67674 0:0 44476
44480 67676 0:0 44481
44480 67675 0:0 44481
44531 67677 0:0 44547
44549 67707 21:0 44683
44556 67709 0:0 44557
44556 67708 0:0 44557
44621 67710 0:0 44623
44627 67740 0:0 44628
44632 67741 0:0 44633
44632 67742 0:0 44633
44683 67743 0:0 44699
44701 67773 21:0 44835
44708 67775 0:0 44709
44708 67774 0:0 44709
44773 67776 0:0 44775
44779 67806 0:0 44780
44784 67807 0:0 44785
44784 67808 0:0 44785
44835 67809 0:0 44851
44853 67839 21:0 44987
44860 67841 0:0 44861
44860 67840 0:0 44861
44925 67842 0:0 44927
44931 67872 0:0 44932
44936 67874 0:0 44937
44936 67873 0:0 44937
44987 67875 0:0 45003
45005 67905 21:0 45139
45012 67906 0:0 45013
45012 67907 0:0 45013
45077 67908 0:0 45079
45083 67938 0:0 45084
45088 67939 0:0 45089
45088 67940 0:0 45089
45139 67941 0:0 45155
45157 67971 21:0 45291
45164 67973 0:0 45165
45229 67974 0:0 45231
45235 68004 0:0 45236
45240 68006 0:0 45241
45291 68007 0:0 45307
45309 68037 0:0 45312
45314 68038 21:0 45459
45316 68039 0:0 45317
45387 68070 0:0 45388
45392 68072 0:0 45393
45457 68073 0:0 45459
45559 66598 1:0 45942
45560 66597 1:0 45950
45569 66595 1:0 45960
45569 66562 1:0 46091
45575 66529 1:0 46222
45588 341 21:0 45682
45595 66499 1:0 46335
45649 66498 1:0 46343
45690 66497 1:0 46342
45691 66464 1:0 46473
45700 66496 1:0 46351
45700 66466 1:0 46360
45706 66465 1:0 46474
45711 66463 1:0 46484
45739 66433 1:0 46597
45821 66431 1:0 46604
45822 66432 1:0 46605
45831 66430 1:0 46615
45831 66397 1:0 46746
45837 66400 1:0 46622
45857 66399 1:0 46732
45870 66398 1:0 46733
45952 66367 1:0 46859
45953 66366 1:0 46867
45962 66365 1:0 46866
45962 66364 1:0 46877
45970 66331 1:0 47008
45988 66334 1:0 46884
46083 66333 1:0 46994
46084 66332 1:0 46995
46084 66301 1:0 47121
46093 66299 1:0 47128
46093 66300 1:0 47129
46101 66298 1:0 47139
46120 66265 1:0 47270
46214 66268 1:0 47146
46215 66266 1:0 47257
46224 66267 1:0 47256
46224 66235 1:0 47383
46230 66234 1:0 47391
46234 66233 1:0 47390
46251 66232 1:0 47401
46263 342 1:0 48862
46345 66199 1:0 47532
46346 66202 1:0 47408
46355 66201 1:0 47518
46355 66200 1:0 47519
47712 69083 21:0 47846
47719 69084 0:0 47720
47719 69085 0:0 47720
47784 69086 0:0 47786
47790 69116 0:0 47791
47795 69117 0:0 47796
47795 69118 0:0 47796
47846 69119 0:0 47862
47864 69149 21:0 47998
47871 69150 0:0 47872
47871 69151 0:0 47872
47936 69152 0:0 47938
47942 69182 0:0 47943
47947 69183 0:0 47948
47947 69184 0:0 47948
47998 69185 0:0 48014
48016 69215 21:0 48150
48023 69217 0:0 48024
48023 69216 0:0 48024
48088 69218 0:0 48090
48094 69248 0:0 48095
48099 69250 0:0 48100
48099 69249 0:0 48100
48150 69251 0:0 48166
48168 69281 21:0 48302
48175 69282 0:0 48176
48175 69283 0:0 48176
48240 69284 0:0 48242
48246 69314 0:0 48247
48251 69316 0:0 48252
48251 69315 0:0 48252
48302 69317 0:0 48318
48320 69347 0:0 48323
48325 69348 21:0 48470
48327 69349 0:0 48328
48392 69350 0:0 48394
48398 69380 0:0 48399
48477 69415 21:0 48622
48544 69416 0:0 48546
48550 69446 0:0 48551
48555 69448 0:0 48556
48624 69479 0:0 48627
48629 69480 0:0 48632
48632 69482 21:0 48779
48702 69512 0:0 48703
48874 68073 1:0 49126
48875 68072 1:0 49134
48884 68070 1:0 49142
48884 68038 1:0 49264
48890 68039 1:0 49265
48903 342 21:0 48997
48910 68037 1:0 49275
48964 68007 1:0 49388
49005 68006 1:0 49396
49006 68004 1:0 49406
49015 67974 1:0 49413
49015 67971 1:0 49537
49021 67973 1:0 49523
49026 67941 1:0 49650
49054 67940 1:0 49658
49136 67939 1:0 49657
49137 67938 1:0 49668
49146 67908 1:0 49675
49146 67905 1:0 49799
49152 67906 1:0 49786
49172 67907 1:0 49785
49185 67875 1:0 49912
49267 67873 1:0 49919
49268 67874 1:0 49920
49277 67872 1:0 49930
49277 67839 1:0 50061
49285 67842 1:0 49937
49303 67840 1:0 50048
49398 67841 1:0 50047
49399 67809 1:0 50174
49399 67808 1:0 50182
49408 67807 1:0 50181
49408 67806 1:0 50192
49416 67773 1:0 50323
49435 67776 1:0 50199
49529 67774 1:0 50310
49530 67775 1:0 50309
49539 67743 1:0 50436
49539 67741 1:0 50443
49545 67742 1:0 50444
49549 67740 1:0 50454
49566 67707 1:0 50585
49660 67710 1:0 50461
49661 67709 1:0 50571
49670 67708 1:0 50572
49670 67677 1:0 50698
49676 67675 1:0 50705
49680 67676 1:0 50706
49681 343 1:0 52177
49709 67674 1:0 50716
49791 67641 1:0 50847
49792 67644 1:0 50723
49801 67643 1:0 50833
49801 67642 1:0 50834
49807 69482 1:0 52572
51027 70525 21:0 51161
51034 70527 0:0 51035
51034 70526 0:0 51035
51099 70528 0:0 51101
51105 70558 0:0 51106
51110 70560 0:0 51111
51110 70559 0:0 51111
51161 70561 0:0 51177
51179 70591 21:0 51313
51186 70592 0:0 51187
51186 70593 0:0 51187
51251 70594 0:0 51253
51257 70624 0:0 51258
51262 70625 0:0 51263
51262 70626 0:0 51263
51313 70627 0:0 51329
51331 70657 21:0 51465
51338 70658 0:0 51339
51338 70659 0:0 51339
51403 70660 0:0 51405
51409 70690 0:0 51410
51414 70692 0:0 51415
51414 70691 0:0 51415
51465 70693 0:0 51481
51483 70723 21:0 51617
51490 70725 0:0 51491
51490 70724 0:0 51491
51555 70726 0:0 51557
51561 70756 0:0 51562
51566 70757 0:0 51567
51566 70758 0:0 51567
51617 70759 0:0 51633
51635 70789 0:0 51638
51640 70791 21:0 51785
51642 70790 0:0 51643
51707 70792 0:0 51709
51713 70822 0:0 51714
51718 70824 0:0 51719
51718 70823 0:0 51719
51783 70825 0:0 51785
51787 70855 0:0 51790
51792 70857 21:0 51937
51794 70856 0:0 51795
51859 70858 0:0 51861
51865 70888 0:0 51866
51870 70890 0:0 51871
51870 70889 0:0 51871
51935 70891 0:0 51937
51939 70921 21:0 52073
51946 70923 0:0 51947
51946 70922 0:0 51947
52017 70954 0:0 52018
52073 70957 0:0 52089
52189 69512 1:0 52457
52190 69480 1:0 52579
52199 69479 1:0 52590
52199 69448 1:0 52711
52205 69415 1:0 52842
52218 343 21:0 52312
52225 69446 1:0 52719
52279 69416 1:0 52728
52320 69348 1:0 53103
52321 69380 1:0 52981
52330 69350 1:0 52990
52330 69349 1:0 53104
52336 69347 1:0 53114
52341 69317 1:0 53227
52369 69315 1:0 53234
52451 69316 1:0 53235
52452 69314 1:0 53245
52461 69284 1:0 53252
52461 69281 1:0 53376
52467 69282 1:0 53363
52487 69283 1:0 53362
52500 69251 1:0 53489
52582 69250 1:0 53497
52583 69249 1:0 53496
52592 69248 1:0 53507
52592 69215 1:0 53638
52600 69218 1:0 53514
52618 69217 1:0 53624
52713 69216 1:0 53625
52714 69185 1:0 53751
52714 69183 1:0 53758
52723 69184 1:0 53759
52723 69182 1:0 53769
52731 69149 1:0 53900
52750 69152 1:0 53776
52844 69150 1:0 53887
52845 69151 1:0 53886
52854 69119 1:0 54013
52854 69117 1:0 54020
52860 69118 1:0 54021
52864 69116 1:0 54031
52881 69083 1:0 54162
52893 344 1:0 55492
52975 69086 1:0 54038
52976 69084 1:0 54149
52985 69085 1:0 54148
52985 70957 1:0 55756
54342 71967 21:0 54476
54349 71968 0:0 54350
54349 71969 0:0 54350
54414 71970 0:0 54416
54420 72000 0:0 54421
54425 72001 0:0 54426
54425 72002 0:0 54426
54476 72003 0:0 54492
54494 72033 21:0 54628
54501 72035 0:0 54502
54501 72034 0:0 54502
54566 72036 0:0 54568
54572 72066 0:0 54573
54577 72068 0:0 54578
54577 72067 0:0 54578
54628 72069 0:0 54644
54646 72099 21:0 54780
54653 72101 0:0 54654
54653 72100 0:0 54654
54718 72102 0:0 54720
54724 72132 0:0 54725
54729 72133 0:0 54730
54729 72134 0:0 54730
54780 72135 0:0 54796
54798 72165 21:0 54932
54805 72166 0:0 54806
54870 72168 0:0 54872
54876 72198 0:0 54877
54881 72199 0:0 54882
54881 72200 0:0 54882
54932 72201 0:0 54948
54950 72231 0:0 54953
54955 72232 21:0 55100
54957 72233 0:0 54958
55022 72234 0:0 55024
55033 72266 0:0 55034
55033 72265 0:0 55034
55098 72267 0:0 55100
55102 72297 21:0 55236
55109 72298 0:0 55110
55174 72300 0:0 55176
55180 72330 0:0 55181
55236 72333 0:0 55252
55254 72363 0:0 55257
55335 72397 21:0 55480
55504 70954 1:0 55774
55505 70921 1:0 55905
55514 70923 1:0 55891
55514 70922 1:0 55892
55520 70891 1:0 56018
55533 344 21:0 55627
55540 70889 1:0 56025
55594 70890 1:0 56026
55635 70857 1:0 56157
55636 70888 1:0 56034
55645 70858 1:0 56043
55645 70856 1:0 56156
55651 70855 1:0 56167
55656 70825 1:0 56280
55684 70824 1:0 56288
55766 70823 1:0 56287
55767 70791 1:0 56419
55776 70822 1:0 56296
55776 70792 1:0 56305
55782 70790 1:0 56418
55802 70789 1:0 56429
55815 70759 1:0 56542
55897 70757 1:0 56549
55898 70758 1:0 56550
55907 70756 1:0 56560
55907 70723 1:0 56691
55915 70726 1:0 56567
55933 70725 1:0 56677
56028 70724 1:0 56678
56029 70693 1:0 56804
56029 70691 1:0 56811
56038 70692 1:0 56812
56038 70690 1:0 56822
56046 70657 1:0 56953
56065 70660 1:0 56829
56159 70659 1:0 56939
56160 70658 1:0 56940
56169 70627 1:0 57066
56169 70626 1:0 57074
56175 70625 1:0 57073
56179 70624 1:0 57084
56196 70591 1:0 57215
56290 70594 1:0 57091
56291 70593 1:0 57201
56300 70592 1:0 57202
56300 70561 1:0 57328
56306 70560 1:0 57336
56310 70559 1:0 57335
56311 345 1:0 58807
56339 70558 1:0 57346
56421 70525 1:0 57477
56422 70528 1:0 57353
56431 70527 1:0 57463
56431 70526 1:0 57464
57657 73409 21:0 57791
57664 73410 0:0 57665
57664 73411 0:0 57665
57729 73412 0:0 57731
57735 73442 0:0 57736
57740 73443 0:0 57741
57740 73444 0:0 57741
57791 73445 0:0 57807
57809 73475 21:0 57943
57816 73477 0:0 57817
57816 73476 0:0 57817
57881 73478 0:0 57883
57887 73508 0:0 57888
57892 73510 0:0 57893
57892 73509 0:0 57893
57943 73511 0:0 57959
57961 73541 21:0 58095
57968 73542 0:0 57969
57968 73543 0:0 57969
58033 73544 0:0 58035
58039 73574 0:0 58040
58044 73576 0:0 58045
58044 73575 0:0 58045
58095 73577 0:0 58111
58113 73607 21:0 58247
58120 73608 0:0 58121
58120 73609 0:0 58121
58185 73610 0:0 58187
58191 73640 0:0 58192
58196 73641 0:0 58197
58196 73642 0:0 58197
58247 73643 0:0 58263
58265 73673 0:0 58268
58270 73675 0:0 58273
58270 73674 0:0 58273
58273 73676 21:0 58420
58343 73706 0:0 58344
58348 73707 0:0 58349
58348 73708 0:0 58349
58413 73709 0:0 58415
58419 73739 0:0 58420
58422 73741 0:0 58425
58422 73740 0:0 58425
58425 73742 0:0 58443
58493 73772 0:0 58496
58498 73774 21:0 58643
58500 73773 0:0 58501
58571 73805 0:0 58572
58576 73806 0:0 58577
58576 73807 0:0 58577
58645 73838 0:0 58648
58653 73841 21:0 58800
58819 72397 1:0 59078
58820 72363 1:0 59220
58829 72333 1:0 59333
58829 72330 1:0 59351
58835 72297 1:0 59482
58848 345 21:0 58942
58855 72300 1:0 59358
58909 72298 1:0 59469
58950 72267 1:0 59595
58951 72266 1:0 59603
58960 72265 1:0 59602
58960 72232 1:0 59733
58966 72234 1:0 59620
58971 72233 1:0 59734
58999 72231 1:0 59744
59081 72201 1:0 59857
59082 72200 1:0 59865
59091 72199 1:0 59864
59091 72198 1:0 59875
59097 72165 1:0 60006
59117 72168 1:0 59882
59130 72166 1:0 59993
59212 72135 1:0 60119
59213 72133 1:0 60126
59222 72134 1:0 60127
59222 72132 1:0 60137
59230 72099 1:0 60268
59248 72102 1:0 60144
59343 72100 1:0 60255
59344 72101 1:0 60254
59344 72069 1:0 60381
59353 72067 1:0 60388
59353 72068 1:0 60389
59361 72066 1:0 60399
59380 72033 1:0 60530
59474 72036 1:0 60406
59475 72035 1:0 60516
59484 72034 1:0 60517
59484 72003 1:0 60643
59490 72001 1:0 60650
59494 72002 1:0 60651
59511 72000 1:0 60661
59523 346 1:0 62122
59605 71967 1:0 60792
59606 71970 1:0 60668
59615 71969 1:0 60778
59615 71968 1:0 60779
60972 74851 0:0 60975
60977 74852 0:0 60980
60977 74853 0:0 60980
60980 74854 21:0 61127
61050 74884 0:0 61051
61055 74885 0:0 61056
61055 74886 0:0 61056
61120 74887 0:0 61122
61126 74917 21:0 61263
61131 74918 0:0 61132
61131 74919 0:0 61132
61196 74920 0:0 61198
61202 74950 0:0 61203
61207 74951 0:0 61208
61207 74952 0:0 61208
61262 74953 0:0 61274
61276 74983 21:0 61410
61283 74984 0:0 61284
61283 74985 0:0 61284
61348 74986 0:0 61350
61354 75016 0:0 61355
61359 75017 0:0 61360
61359 75018 0:0 61360
61410 75019 0:0 61426
61428 75049 21:0 61562
61435 75051 0:0 61436
61435 75050 0:0 61436
61500 75052 0:0 61502
61506 75082 0:0 61507
61511 75084 0:0 61512
61511 75083 0:0 61512
61562 75085 0:0 61578
61580 75115 21:0 61714
61587 75117 0:0 61588
61587 75116 0:0 61588
61652 75118 0:0 61654
61658 75148 0:0 61659
61663 75149 0:0 61664
61714 75151 0:0 61730
61732 75181 0:0 61735
61737 75182 21:0 61882
61739 75183 0:0 61740
61815 75216 0:0 61816
61884 75247 0:0 61887
61889 75248 21:0 62034
62134 73841 1:0 62386
62135 73838 1:0 62404
62144 73806 1:0 62524
62144 73807 1:0 62525
62150 73774 1:0 62656
62163 346 21:0 62257
62170 73805 1:0 62533
62224 73773 1:0 62655
62265 73772 1:0 62666
62266 73742 1:0 62779
62275 73740 1:0 62786
62275 73741 1:0 62787
62281 73739 1:0 62797
62286 73709 1:0 62910
62314 73676 1:0 63041
62396 73708 1:0 62914
62397 73707 1:0 62915
62406 73706 1:0 62926
62406 73674 1:0 63048
62412 73675 1:0 63049
62432 73673 1:0 63059
62445 73643 1:0 63172
62527 73642 1:0 63180
62528 73641 1:0 63179
62537 73640 1:0 63190
62537 73607 1:0 63321
62545 73610 1:0 63197
62563 73609 1:0 63307
62658 73608 1:0 63308
62659 73577 1:0 63434
62659 73575 1:0 63441
62668 73576 1:0 63442
62668 73574 1:0 63452
62676 73541 1:0 63583
62695 73544 1:0 63459
62789 73543 1:0 63569
62790 73542 1:0 63570
62799 73511 1:0 63696
62799 73510 1:0 63704
62805 73509 1:0 63703
62809 73508 1:0 63714
62826 73475 1:0 63845
62920 73478 1:0 63721
62921 73476 1:0 63832
62930 73477 1:0 63831
62930 73445 1:0 63958
62936 73443 1:0 63965
62940 73444 1:0 63966
62941 347 1:0 65437
62969 73442 1:0 63976
63051 73409 1:0 64107
63052 73412 1:0 63983
63061 73411 1:0 64093
63061 73410 1:0 64094
64287 76293 21:0 64421
64294 76295 0:0 64295
64294 76294 0:0 64295
64359 76296 0:0 64361
64365 76326 0:0 64366
64370 76327 0:0 64371
64370 76328 0:0 64371
64421 76329 0:0 64437
64439 76359 21:0 64573
64446 76361 0:0 64447
64446 76360 0:0 64447
64511 76362 0:0 64513
64517 76392 0:0 64518
64522 76394 0:0 64523
64522 76393 0:0 64523
64573 76395 0:0 64589
64591 76425 21:0 64725
64598 76427 0:0 64599
64598 76426 0:0 64599
64663 76428 0:0 64665
64669 76458 0:0 64670
64674 76459 0:0 64675
64674 76460 0:0 64675
64725 76461 0:0 64741
64743 76491 21:0 64877
64750 76492 0:0 64751
64750 76493 0:0 64751
64815 76494 0:0 64817
64821 76524 0:0 64822
64826 76526 0:0 64827
64826 76525 0:0 64827
64877 76527 0:0 64893
64895 76557 21:0 65029
64902 76559 0:0 64903
64902 76558 0:0 64903
64967 76560 0:0 64969
64973 76590 0:0 64974
64978 76591 0:0 64979
64978 76592 0:0 64979
65029 76593 0:0 65045
65047 76623 0:0 65050
65052 76625 21:0 65197
65054 76624 0:0 65055
65119 76626 0:0 65121
65125 76656 0:0 65126
65130 76657 0:0 65131
65130 76658 0:0 65131
65195 76659 0:0 65197
65199 76689 21:0 65333
65206 76690 0:0 65207
65206 76691 0:0 65207
65282 76723 0:0 65283
65449 75248 1:0 65839
65450 75247 1:0 65850
65459 75216 1:0 65971
65459 75182 1:0 66101
65465 75183 1:0 66102
65478 347 21:0 65572
65485 75181 1:0 66112
65539 75151 1:0 66225
65580 75149 1:0 66232
65581 75148 1:0 66243
65590 75118 1:0 66250
65590 75115 1:0 66374
65596 75116 1:0 66361
65601 75117 1:0 66360
65629 75085 1:0 66487
65711 75084 1:0 66495
65712 75083 1:0 66494
65721 75082 1:0 66505
65721 75049 1:0 66636
65727 75052 1:0 66512
65747 75050 1:0 66623
65760 75051 1:0 66622
65842 75019 1:0 66749
65843 75018 1:0 66757
65852 75017 1:0 66756
65852 75016 1:0 66767
65860 74983 1:0 66898
65878 74986 1:0 66774
65973 74984 1:0 66885
65974 74985 1:0 66884
65974 74953 1:0 67011
65983 74951 1:0 67018
65983 74952 1:0 67019
65991 74950 1:0 67029
66010 74917 1:0 67160
66104 74920 1:0 67036
66105 74919 1:0 67146
66114 74918 1:0 67147
66114 74887 1:0 67273
66120 74854 1:0 67404
66124 74886 1:0 67277
66141 74885 1:0 67278
66153 348 1:0 68752
66235 74884 1:0 67289
66236 74852 1:0 67411
66245 74853 1:0 67412
66245 74851 1:0 67422
67602 77735 21:0 67736
67609 77736 0:0 67610
67609 77737 0:0 67610
67674 77738 0:0 67676
67680 77768 0:0 67681
67685 77769 0:0 67686
67685 77770 0:0 67686
67736 77771 0:0 67752
67754 77801 21:0 67888
67761 77803 0:0 67762
67761 77802 0:0 67762
67826 77804 0:0 67828
67832 77834 0:0 67833
67837 77836 0:0 67838
67837 77835 0:0 67838
67888 77837 0:0 67904
67906 77867 21:0 68040
67913 77868 0:0 67914
67913 77869 0:0 67914
67978 77870 0:0 67980
67984 77900 0:0 67985
67989 77902 0:0 67990
67989 77901 0:0 67990
68040 77903 0:0 68056
68058 77933 21:0 68192
68065 77935 0:0 68066
68065 77934 0:0 68066
68130 77936 0:0 68132
68136 77966 0:0 68137
68141 77967 0:0 68142
68141 77968 0:0 68142
68192 77969 0:0 68208
68210 77999 21:0 68344
68217 78000 0:0 68218
68217 78001 0:0 68218
68282 78002 0:0 68284
68288 78032 0:0 68289
68293 78034 0:0 68294
68344 78035 0:0 68360
68362 78065 21:0 68496
68369 78066 0:0 68370
68369 78067 0:0 68370
68434 78068 0:0 68436
68440 78098 0:0 68441
68445 78099 0:0 68446
68764 76723 1:0 69023
68765 76689 1:0 69165
68774 76691 1:0 69151
68774 76690 1:0 69152
68780 76659 1:0 69278
68793 348 21:0 68887
68800 76658 1:0 69286
68854 76657 1:0 69285
68895 76625 1:0 69417
68896 76656 1:0 69294
68905 76626 1:0 69303
68905 76624 1:0 69416
68911 76623 1:0 69427
68916 76593 1:0 69540
68944 76591 1:0 69547
69026 76592 1:0 69548
69027 76590 1:0 69558
69036 76560 1:0 69565
69036 76557 1:0 69689
69042 76558 1:0 69676
69062 76559 1:0 69675
69075 76527 1:0 69802
69157 76526 1:0 69810
69158 76525 1:0 69809
69167 76524 1:0 69820
69167 76491 1:0 69951
69175 76494 1:0 69827
69193 76493 1:0 69937
69288 76492 1:0 69938
69289 76461 1:0 70064
69289 76459 1:0 70071
69298 76460 1:0 70072
69298 76458 1:0 70082
69306 76425 1:0 70213
69325 76428 1:0 70089
69419 76427 1:0 70199
69420 76426 1:0 70200
69429 76395 1:0 70326
69429 76393 1:0 70333
69435 76394 1:0 70334
69439 76392 1:0 70344
69456 76359 1:0 70475
69550 76362 1:0 70351
69551 76361 1:0 70461
69560 76360 1:0 70462
69560 76329 1:0 70588
69566 76328 1:0 70596
69570 76327 1:0 70595
69571 349 1:0 72067
69599 76326 1:0 70606
69681 76293 1:0 70737
69682 76296 1:0 70613
69691 76295 1:0 70723
69691 76294 1:0 70724
70917 79177 0:0 70920
70922 79179 0:0 70925
70922 79178 0:0 70925
70925 79180 21:0 71072
70995 79210 0:0 70996
71000 79212 0:0 71001
71000 79211 0:0 71001
71065 79213 0:0 71067
71071 79243 21:0 71208
71076 79244 0:0 71077
71076 79245 0:0 71077
71141 79246 0:0 71143
71147 79276 0:0 71148
71152 79278 0:0 71153
71152 79277 0:0 71153
71207 79279 0:0 71219
71221 79309 21:0 71355
71228 79310 0:0 71229
71228 79311 0:0 71229
71293 79312 0:0 71295
71299 79342 0:0 71300
71304 79343 0:0 71305
71304 79344 0:0 71305
71355 79345 0:0 71371
71373 79375 21:0 71507
71380 79377 0:0 71381
71380 79376 0:0 71381
71445 79378 0:0 71447
71451 79408 0:0 71452
71456 79410 0:0 71457
71456 79409 0:0 71457
71507 79411 0:0 71523
71525 79441 21:0 71659
71532 79443 0:0 71533
71532 79442 0:0 71533
71597 79444 0:0 71599
71603 79474 0:0 71604
71608 79475 0:0 71609
71608 79476 0:0 71609
71659 79477 0:0 71675
71677 79507 0:0 71680
71682 79509 0:0 71685
71682 79508 0:0 71685
71685 79510 21:0 71832
71760 79541 0:0 71761
71825 79543 0:0 71827
71831 79573 0:0 71832
71834 79574 21:0 71979
71901 79576 0:0 71903
71907 79606 0:0 71908
71912 79607 0:0 71913
71981 79639 21:0 72071
72079 78099 1:0 72600
72080 78098 1:0 72611
72089 78068 1:0 72618
72089 78065 1:0 72742
72095 78067 1:0 72728
72108 349 21:0 72202
72115 78066 1:0 72729
72169 78035 1:0 72855
72210 78034 1:0 72863
72211 78032 1:0 72873
72220 78002 1:0 72880
72220 77999 1:0 73004
72226 78001 1:0 72990
72231 78000 1:0 72991
72259 77969 1:0 73117
72341 77968 1:0 73125
72342 77967 1:0 73124
72351 77966 1:0 73135
72351 77933 1:0 73266
72357 77936 1:0 73142
72377 77934 1:0 73253
72390 77935 1:0 73252
72472 77903 1:0 73379
72473 77901 1:0 73386
72482 77902 1:0 73387
72482 77900 1:0 73397
72490 77867 1:0 73528
72508 77870 1:0 73404
72603 77868 1:0 73515
72604 77869 1:0 73514
72604 77837 1:0 73641
72613 77835 1:0 73648
72613 77836 1:0 73649
72621 77834 1:0 73659
72640 77801 1:0 73790
72734 77804 1:0 73666
72735 77803 1:0 73776
72744 77802 1:0 73777
72744 77771 1:0 73903
72750 77770 1:0 73911
72754 77769 1:0 73910
72771 77768 1:0 73921
72783 350 1:0 75382
72865 77735 1:0 74052
72866 77738 1:0 73928
72875 77737 1:0 74038
72875 77736 1:0 74039
72881 79639 1:0 75533
72886 79607 1:0 75653
74232 80619 21:0 74366
74239 80620 0:0 74240
74239 80621 0:0 74240
74304 80622 0:0 74306
74310 80652 0:0 74311
74315 80654 0:0 74316
74315 80653 0:0 74316
74366 80655 0:0 74382
74384 80685 21:0 74518
74391 80686 0:0 74392
74391 80687 0:0 74392
74456 80688 0:0 74458
74462 80718 0:0 74463
74467 80720 0:0 74468
74467 80719 0:0 74468
74518 80721 0:0 74534
74536 80751 21:0 74670
74543 80752 0:0 74544
74543 80753 0:0 74544
74608 80754 0:0 74610
74614 80784 0:0 74615
74619 80786 0:0 74620
74619 80785 0:0 74620
74670 80787 0:0 74686
74688 80817 21:0 74822
74695 80818 0:0 74696
74695 80819 0:0 74696
74760 80820 0:0 74762
74766 80850 0:0 74767
74771 80851 0:0 74772
74771 80852 0:0 74772
74822 80853 0:0 74838
74840 80883 0:0 74843
74845 80884 21:0 74990
74847 80885 0:0 74848
74912 80886 0:0 74914
74918 80916 0:0 74919
74923 80918 0:0 74924
74923 80917 0:0 74924
74988 80919 0:0 74990
74997 80951 21:0 75142
74999 80950 0:0 75000
75064 80952 0:0 75066
75075 80984 0:0 75076
75075 80983 0:0 75076
75140 80985 0:0 75142
75144 81015 21:0 75278
75394 79574 1:0 75784
75395 79606 1:0 75662
75404 79576 1:0 75671
75404 79573 1:0 75795
75410 79543 1:0 75908
75423 350 21:0 75517
75430 79510 1:0 76039
75484 79541 1:0 75913
75525 79508 1:0 76046
75526 79509 1:0 76047
75535 79507 1:0 76057
75535 79477 1:0 76170
75541 79475 1:0 76177
75546 79476 1:0 76178
75574 79474 1:0 76188
75656 79441 1:0 76319
75657 79444 1:0 76195
75666 79443 1:0 76305
75666 79442 1:0 76306
75672 79411 1:0 76432
75692 79409 1:0 76439
75705 79410 1:0 76440
75787 79408 1:0 76450
75788 79375 1:0 76581
75797 79378 1:0 76457
75797 79376 1:0 76568
75805 79377 1:0 76567
75823 79345 1:0 76694
75918 79344 1:0 76702
75919 79343 1:0 76701
75919 79342 1:0 76712
75928 79312 1:0 76719
75928 79309 1:0 76843
75936 79311 1:0 76829
75955 79310 1:0 76830
76049 79279 1:0 76956
76050 79278 1:0 76964
76059 79277 1:0 76963
76059 79276 1:0 76974
76065 79243 1:0 77105
76069 79246 1:0 76981
76086 79244 1:0 77092
76180 79245 1:0 77091
76181 79213 1:0 77218
76190 79212 1:0 77222
76190 79180 1:0 77349
76196 79211 1:0 77223
76200 79210 1:0 77234
76201 351 1:0 78697
76229 79178 1:0 77356
76311 79179 1:0 77357
76312 79177 1:0 77367
76321 81015 1:0 79110
76321 80985 1:0 79223
77547 82061 21:0 77681
77554 82062 0:0 77555
77554 82063 0:0 77555
77619 82064 0:0 77621
77625 82094 0:0 77626
77630 82096 0:0 77631
77630 82095 0:0 77631
77681 82097 0:0 77697
77699 82127 21:0 77833
77706 82128 0:0 77707
77706 82129 0:0 77707
77771 82130 0:0 77773
77777 82160 0:0 77778
77782 82162 0:0 77783
77782 82161 0:0 77783
77833 82163 0:0 77849
77851 82193 21:0 77985
77858 82195 0:0 77859
77858 82194 0:0 77859
77923 82196 0:0 77925
77929 82226 0:0 77930
77934 82228 0:0 77935
77934 82227 0:0 77935
77985 82229 0:0 78001
78003 82259 21:0 78137
78010 82260 0:0 78011
78010 82261 0:0 78011
78075 82262 0:0 78077
78081 82292 0:0 78082
78086 82294 0:0 78087
78086 82293 0:0 78087
78137 82295 0:0 78153
78155 82325 21:0 78289
78162 82327 0:0 78163
78162 82326 0:0 78163
78227 82328 0:0 78229
78233 82358 0:0 78234
78238 82360 0:0 78239
78238 82359 0:0 78239
78289 82361 0:0 78305
78307 82391 0:0 78310
78312 82393 21:0 78457
78314 82392 0:0 78315
78379 82394 0:0 78381
78385 82424 0:0 78386
78390 82426 0:0 78391
78390 82425 0:0 78391
78459 82457 0:0 78462
78464 82459 21:0 78609
78466 82458 0:0 78467
78537 82490 0:0 78538
78542 82492 0:0 78543
78709 80984 1:0 79231
78710 80983 1:0 79230
78719 80952 1:0 79248
78719 80951 1:0 79362
78725 80950 1:0 79361
78738 351 21:0 78832
78745 80919 1:0 79485
78799 80917 1:0 79492
78840 80918 1:0 79493
78841 80884 1:0 79623
78850 80916 1:0 79501
78850 80886 1:0 79510
78856 80885 1:0 79624
78861 80883 1:0 79634
78889 80853 1:0 79747
78971 80851 1:0 79754
78972 80852 1:0 79755
78981 80850 1:0 79765
78981 80817 1:0 79896
78987 80820 1:0 79772
79007 80819 1:0 79882
79020 80818 1:0 79883
79102 80787 1:0 80009
79103 80786 1:0 80017
79112 80785 1:0 80016
79112 80784 1:0 80027
79120 80751 1:0 80158
79138 80754 1:0 80034
79233 80752 1:0 80145
79234 80753 1:0 80144
79234 80721 1:0 80271
79243 80719 1:0 80278
79243 80720 1:0 80279
79251 80718 1:0 80289
79270 80685 1:0 80420
79364 80688 1:0 80296
79365 80686 1:0 80407
79374 80687 1:0 80406
79374 80655 1:0 80533
79380 80653 1:0 80540
79384 80654 1:0 80541
79401 80652 1:0 80551
79413 352 1:0 82012
79495 80619 1:0 80682
79496 80622 1:0 80558
79505 80621 1:0 80668
79505 80620 1:0 80669
80862 83503 21:0 80996
80869 83504 0:0 80870
80934 83506 0:0 80936
80940 83536 0:0 80941
80945 83537 0:0 80946
80945 83538 0:0 80946
80996 83539 0:0 81012
81014 83569 21:0 81148
81021 83571 0:0 81022
81021 83570 0:0 81022
81086 83572 0:0 81088
81092 83602 0:0 81093
81097 83603 0:0 81098
81097 83604 0:0 81098
81148 83605 0:0 81164
81166 83635 21:0 81300
81173 83637 0:0 81174
81173 83636 0:0 81174
81238 83638 0:0 81240
81244 83668 0:0 81245
81249 83669 0:0 81250
81249 83670 0:0 81250
81300 83671 0:0 81316
81318 83701 21:0 81452
81325 83703 0:0 81326
81325 83702 0:0 81326
81390 83704 0:0 81392
81396 83734 0:0 81397
81401 83736 0:0 81402
81401 83735 0:0 81402
81452 83737 0:0 81468
81470 83767 0:0 81473
81475 83769 21:0 81620
81477 83768 0:0 81478
81542 83770 0:0 81544
81548 83800 0:0 81549
81553 83802 0:0 81554
81553 83801 0:0 81554
81618 83803 0:0 81620
81622 83833 21:0 81756
81629 83835 0:0 81630
81629 83834 0:0 81630
81700 83866 0:0 81701
81705 83867 0:0 81706
81756 83869 0:0 81772
82024 82492 1:0 82284
82025 82459 1:0 82415
82034 82490 1:0 82292
82034 82458 1:0 82414
82040 82457 1:0 82425
82053 352 21:0 82147
82060 82426 1:0 82546
82114 82425 1:0 82545
82155 82393 1:0 82677
82156 82424 1:0 82554
82165 82394 1:0 82563
82165 82392 1:0 82676
82171 82391 1:0 82687
82176 82361 1:0 82800
82204 82359 1:0 82807
82286 82360 1:0 82808
82287 82358 1:0 82818
82296 82328 1:0 82825
82296 82325 1:0 82949
82302 82326 1:0 82936
82322 82327 1:0 82935
82335 82295 1:0 83062
82417 82294 1:0 83070
82418 82293 1:0 83069
82427 82292 1:0 83080
82427 82259 1:0 83211
82435 82262 1:0 83087
82453 82260 1:0 83198
82548 82261 1:0 83197
82549 82229 1:0 83324
82549 82228 1:0 83332
82558 82227 1:0 83331
82558 82226 1:0 83342
82566 82193 1:0 83473
82585 82196 1:0 83349
82679 82194 1:0 83460
82680 82195 1:0 83459
82689 82163 1:0 83586
82689 82162 1:0 83594
82695 82161 1:0 83593
82699 82160 1:0 83604
82716 82127 1:0 83735
82810 82130 1:0 83611
82811 82128 1:0 83722
82820 82129 1:0 83721
82820 82097 1:0 83848
82826 82095 1:0 83855
82830 82096 1:0 83856
82831 353 1:0 85327
82859 82094 1:0 83866
82941 82061 1:0 83997
82942 82064 1:0 83873
82951 82063 1:0 83983
82951 82062 1:0 83984
82957 83869 1:0 85853
84177 84945 0:0 84180
84182 84947 0:0 84185
84182 84946 0:0 84185
84185 84948 21:0 84332
84255 84978 0:0 84256
84260 84980 0:0 84261
84260 84979 0:0 84261
84325 84981 0:0 84327
84331 85011 21:0 84468
84336 85013 0:0 84337
84336 85012 0:0 84337
84401 85014 0:0 84403
84407 85044 0:0 84408
84412 85046 0:0 84413
84412 85045 0:0 84413
84467 85047 0:0 84479
84481 85077 21:0 84615
84488 85079 0:0 84489
84488 85078 0:0 84489
84553 85080 0:0 84555
84559 85110 0:0 84560
84564 85112 0:0 84565
84564 85111 0:0 84565
84615 85113 0:0 84631
84633 85143 21:0 84767
84640 85145 0:0 84641
84640 85144 0:0 84641
84705 85146 0:0 84707
84711 85176 0:0 84712
84716 85177 0:0 84717
84716 85178 0:0 84717
84767 85179 0:0 84783
84785 85209 0:0 84788
84790 85211 21:0 84935
84792 85210 0:0 84793
84857 85212 0:0 84859
84863 85242 0:0 84864
84868 85243 0:0 84869
84933 85245 0:0 84935
84937 85275 21:0 85071
84944 85276 0:0 84945
84944 85277 0:0 84945
85009 85278 0:0 85011
85015 85308 0:0 85016
85020 85310 0:0 85021
85020 85309 0:0 85021
85071 85311 0:0 85087
85094 85343 0:0 85097
85094 85342 0:0 85097
85097 85344 21:0 85244
85172 85376 0:0 85173
85237 85377 0:0 85239
85243 85407 21:0 85334
85339 83867 1:0 85860
85340 83866 1:0 85871
85349 83834 1:0 85989
85349 83833 1:0 86002
85355 83835 1:0 85988
85368 353 21:0 85462
85375 83803 1:0 86115
85429 83802 1:0 86123
85470 83801 1:0 86122
85471 83769 1:0 86254
85480 83800 1:0 86131
85480 83770 1:0 86140
85486 83768 1:0 86253
85491 83767 1:0 86264
85519 83737 1:0 86377
85601 83736 1:0 86385
85602 83735 1:0 86384
85611 83734 1:0 86395
85611 83701 1:0 86526
85617 83704 1:0 86402
85637 83703 1:0 86512
85650 83702 1:0 86513
85732 83671 1:0 86639
85733 83669 1:0 86646
85742 83670 1:0 86647
85742 83668 1:0 86657
85750 83635 1:0 86788
85768 83638 1:0 86664
85863 83637 1:0 86774
85864 83636 1:0 86775
85864 83605 1:0 86901
85873 83603 1:0 86908
85873 83604 1:0 86909
85881 83602 1:0 86919
85900 83569 1:0 87050
85994 83572 1:0 86926
85995 83570 1:0 87037
86004 83571 1:0 87036
86004 83539 1:0 87163
86010 83538 1:0 87171
86014 83537 1:0 87170
86031 83536 1:0 87181
86043 354 1:0 88642
86125 83503 1:0 87312
86126 83506 1:0 87188
86135 83504 1:0 87299
87492 86387 21:0 87626
87499 86388 0:0 87500
87499 86389 0:0 87500
87564 86390 0:0 87566
87570 86420 0:0 87571
87575 86422 0:0 87576
87575 86421 0:0 87576
87644 86453 21:0 87778
87651 86455 0:0 87652
87651 86454 0:0 87652
87716 86456 0:0 87718
87722 86486 0:0 87723
87727 86487 0:0 87728
87727 86488 0:0 87728
87778 86489 0:0 87794
87796 86519 21:0 87930
87803 86520 0:0 87804
87803 86521 0:0 87804
87868 86522 0:0 87870
87874 86552 0:0 87875
87879 86553 0:0 87880
87879 86554 0:0 87880
87948 86585 21:0 88082
87955 86587 0:0 87956
87955 86586 0:0 87956
88020 86588 0:0 88022
88026 86618 0:0 88027
88031 86620 0:0 88032
88031 86619 0:0 88032
88082 86621 0:0 88098
88100 86651 0:0 88103
88105 86652 0:0 88108
88105 86653 0:0 88108
88108 86654 0:0 88126
88176 86684 21:0 88310
88183 86685 0:0 88184
88183 86686 0:0 88184
88248 86687 0:0 88250
88254 86717 0:0 88255
88259 86719 0:0 88260
88310 86720 0:0 88326
88328 86750 21:0 88462
88480 86816 0:0 88483
88485 86817 21:0 88630
88654 85407 1:0 88793
88655 85377 1:0 88906
88664 85376 1:0 88910
88664 85344 1:0 89037
88670 85343 1:0 89045
88683 354 21:0 88777
88690 85342 1:0 89044
88744 85311 1:0 89168
88785 85310 1:0 89176
88786 85309 1:0 89175
88795 85308 1:0 89186
88795 85275 1:0 89317
88801 85278 1:0 89193
88806 85276 1:0 89304
88834 85277 1:0 89303
88916 85245 1:0 89430
88917 85243 1:0 89437
88926 85242 1:0 89446
88926 85211 1:0 89569
88932 85212 1:0 89455
88952 85210 1:0 89568
88965 85209 1:0 89579
89047 85179 1:0 89692
89048 85178 1:0 89700
89057 85177 1:0 89699
89057 85176 1:0 89710
89065 85143 1:0 89841
89083 85146 1:0 89717
89178 85144 1:0 89828
89179 85145 1:0 89827
89179 85113 1:0 89954
89188 85111 1:0 89961
89188 85112 1:0 89962
89196 85110 1:0 89972
89215 85077 1:0 90103
89309 85080 1:0 89979
89310 85079 1:0 90089
89319 85078 1:0 90090
89319 85047 1:0 90216
89325 85046 1:0 90224
89329 85045 1:0 90223
89346 85044 1:0 90234
89440 85011 1:0 90365
89441 85014 1:0 90241
89450 85013 1:0 90351
89450 85012 1:0 90352
89456 84981 1:0 90478
89460 84948 1:0 90609
89461 355 1:0 91957
89489 84980 1:0 90482
89571 84979 1:0 90483
89572 84978 1:0 90494
89581 84946 1:0 90616
89581 84947 1:0 90617
89587 84945 1:0 90627
89607 86817 1:0 92228
89620 86816 1:0 92239
89702 86750 1:0 92501
90807 87829 21:0 90941
90814 87831 0:0 90815
90814 87830 0:0 90815
90879 87832 0:0 90881
90885 87862 0:0 90886
90890 87863 0:0 90891
90890 87864 0:0 90891
90941 87865 0:0 90957
90959 87895 21:0 91093
90966 87896 0:0 90967
90966 87897 0:0 90967
91031 87898 0:0 91033
91037 87928 0:0 91038
91042 87930 0:0 91043
91042 87929 0:0 91043
91093 87931 0:0 91109
91111 87961 21:0 91245
91118 87963 0:0 91119
91118 87962 0:0 91119
91183 87964 0:0 91185
91189 87994 0:0 91190
91194 87995 0:0 91195
91194 87996 0:0 91195
91245 87997 0:0 91261
91263 88027 21:0 91397
91270 88028 0:0 91271
91270 88029 0:0 91271
91335 88030 0:0 91337
91341 88060 0:0 91342
91346 88061 0:0 91347
91346 88062 0:0 91347
91397 88063 0:0 91413
91415 88093 21:0 91549
91422 88095 0:0 91423
91422 88094 0:0 91423
91487 88096 0:0 91489
91493 88126 0:0 91494
91498 88127 0:0 91499
91498 88128 0:0 91499
91549 88129 0:0 91565
91567 88159 21:0 91701
91574 88161 0:0 91575
91574 88160 0:0 91575
91639 88162 0:0 91641
91645 88192 0:0 91646
91650 88194 0:0 91651
91650 88193 0:0 91651
91701 88195 0:0 91717
91719 88225 0:0 91722
91724 88226 21:0 91869
91726 88227 0:0 91727
91791 88228 0:0 91793
91797 88258 0:0 91798
91802 88260 0:0 91803
91802 88259 0:0 91803
91867 88261 0:0 91869
91969 86720 1:0 92614
91970 86719 1:0 92622
91979 86717 1:0 92632
91979 86684 1:0 92763
91985 86687 1:0 92639
91998 355 21:0 92092
92005 86685 1:0 92750
92059 86686 1:0 92749
92100 86654 1:0 92876
92101 86653 1:0 92884
92110 86652 1:0 92883
92110 86651 1:0 92894
92116 86621 1:0 93007
92121 86619 1:0 93014
92149 86620 1:0 93015
92231 86618 1:0 93025
92232 86585 1:0 93156
92241 86588 1:0 93032
92241 86586 1:0 93143
92247 86587 1:0 93142
92267 86553 1:0 93276
92280 86554 1:0 93277
92362 86552 1:0 93287
92363 86519 1:0 93418
92372 86522 1:0 93294
92372 86521 1:0 93404
92380 86520 1:0 93405
92398 86489 1:0 93531
92493 86488 1:0 93539
92494 86487 1:0 93538
92494 86486 1:0 93549
92503 86456 1:0 93556
92503 86453 1:0 93680
92511 86454 1:0 93667
92530 86455 1:0 93666
92624 86421 1:0 93800
92625 86422 1:0 93801
92634 86420 1:0 93811
92634 86387 1:0 93942
92640 86390 1:0 93818
92644 86388 1:0 93929
92661 86389 1:0 93928
92673 356 1:0 95272
94122 89271 21:0 94256
94129 89273 0:0 94130
94129 89272 0:0 94130
94194 89274 0:0 94196
94200 89304 0:0 94201
94205 89306 0:0 94206
94256 89307 0:0 94272
94274 89337 21:0 94408
94281 89339 0:0 94282
94281 89338 0:0 94282
94346 89340 0:0 94348
94352 89370 0:0 94353
94357 89371 0:0 94358
94357 89372 0:0 94358
94426 89403 21:0 94560
94433 89405 0:0 94434
94433 89404 0:0 94434
94498 89406 0:0 94500
94504 89436 0:0 94505
94509 89438 0:0 94510
94509 89437 0:0 94510
94578 89469 21:0 94712
94585 89471 0:0 94586
94585 89470 0:0 94586
94650 89472 0:0 94652
94656 89502 0:0 94657
94661 89503 0:0 94662
94661 89504 0:0 94662
94712 89505 0:0 94728
94735 89536 21:0 94880
94802 89538 0:0 94804
94808 89568 0:0 94809
94813 89569 0:0 94814
94813 89570 0:0 94814
94878 89571 0:0 94880
94958 89634 0:0 94961
94963 89635 21:0 95108
94965 89636 0:0 94966
95041 89669 0:0 95042
95106 89670 0:0 95108
95115 89702 21:0 95260
95284 88261 1:0 95536
95285 88260 1:0 95544
95294 88259 1:0 95543
95294 88226 1:0 95674
95300 88258 1:0 95552
95313 356 21:0 95407
95320 88228 1:0 95561
95374 88227 1:0 95675
95415 88225 1:0 95685
95416 88195 1:0 95798
95425 88193 1:0 95805
95425 88194 1:0 95806
95431 88192 1:0 95816
95436 88159 1:0 95947
95464 88162 1:0 95823
95546 88160 1:0 95934
95547 88161 1:0 95933
95556 88129 1:0 96060
95556 88127 1:0 96067
95562 88128 1:0 96068
95582 88126 1:0 96078
95595 88093 1:0 96209
95677 88096 1:0 96085
95678 88095 1:0 96195
95687 88094 1:0 96196
95687 88063 1:0 96322
95695 88062 1:0 96330
95713 88061 1:0 96329
95808 88060 1:0 96340
95809 88030 1:0 96347
95809 88027 1:0 96471
95818 88029 1:0 96457
95818 88028 1:0 96458
95826 87997 1:0 96584
95845 87996 1:0 96592
95939 87995 1:0 96591
95940 87994 1:0 96602
95949 87964 1:0 96609
95949 87961 1:0 96733
95955 87963 1:0 96719
95959 87962 1:0 96720
95976 87931 1:0 96846
96070 87930 1:0 96854
96071 87929 1:0 96853
96080 87928 1:0 96864
96080 87895 1:0 96995
96086 87898 1:0 96871
96090 87897 1:0 96981
96119 87896 1:0 96982
96201 87865 1:0 97108
96202 87864 1:0 97116
96211 87863 1:0 97115
96211 87862 1:0 97126
96217 87829 1:0 97257
96222 87832 1:0 97133
96237 357 1:0 98587
96250 87831 1:0 97243
96332 87830 1:0 97244
97437 90713 21:0 97571
97444 90715 0:0 97445
97444 90714 0:0 97445
97509 90716 0:0 97511
97515 90746 0:0 97516
97520 90747 0:0 97521
97520 90748 0:0 97521
97571 90749 0:0 97587
97589 90779 21:0 97723
97596 90781 0:0 97597
97596 90780 0:0 97597
97661 90782 0:0 97663
97667 90812 0:0 97668
97672 90814 0:0 97673
97672 90813 0:0 97673
97723 90815 0:0 97739
97741 90845 21:0 97875
97748 90847 0:0 97749
97748 90846 0:0 97749
97813 90848 0:0 97815
97819 90878 0:0 97820
97824 90879 0:0 97825
97824 90880 0:0 97825
97875 90881 0:0 97891
97893 90911 21:0 98027
97900 90913 0:0 97901
97900 90912 0:0 97901
97965 90914 0:0 97967
97971 90944 0:0 97972
97976 90945 0:0 97977
97976 90946 0:0 97977
98027 90947 0:0 98043
98045 90977 21:0 98179
98052 90978 0:0 98053
98052 90979 0:0 98053
98117 90980 0:0 98119
98123 91010 0:0 98124
98128 91012 0:0 98129
98128 91011 0:0 98129
98179 91013 0:0 98195
98197 91043 21:0 98331
98204 91045 0:0 98205
98204 91044 0:0 98205
98269 91046 0:0 98271
98275 91076 0:0 98276
98280 91078 0:0 98281
98280 91077 0:0 98281
98331 91079 0:0 98347
98349 91109 21:0 98483
98356 91111 0:0 98357
98356 91110 0:0 98357
98421 91112 0:0 98423
98427 91142 0:0 98428
98432 91144 0:0 98433
98432 91143 0:0 98433
98483 91145 0:0 98499
98599 89702 1:0 98859
98600 89670 1:0 98982
98609 89669 1:0 98990
98609 89635 1:0 99120
98615 89636 1:0 99121
98628 357 21:0 98722
98635 89634 1:0 99131
98689 89571 1:0 99375
98730 89569 1:0 99382
98731 89570 1:0 99383
98740 89568 1:0 99391
98740 89536 1:0 99513
98746 89538 1:0 99400
98751 89505 1:0 99637
98779 89503 1:0 99644
98861 89504 1:0 99645
98862 89502 1:0 99655
98871 89472 1:0 99662
98871 89469 1:0 99786
98877 89470 1:0 99773
98897 89471 1:0 99772
98910 89437 1:0 99906
98992 89438 1:0 99907
98993 89436 1:0 99917
99002 89406 1:0 99924
99002 89403 1:0 100048
99010 89404 1:0 100035
99028 89405 1:0 100034
99123 89372 1:0 100169
99124 89371 1:0 100168
99124 89370 1:0 100179
99133 89340 1:0 100186
99133 89337 1:0 100310
99141 89339 1:0 100296
99160 89338 1:0 100297
99254 89307 1:0 100423
99255 89306 1:0 100431
99264 89304 1:0 100441
99264 89271 1:0 100572
99270 89274 1:0 100448
99274 89272 1:0 100559
99291 89273 1:0 100558
99303 358 1:0 101902
100757 92157 0:0 100760
100828 92188 0:0 100831
100833 92190 21:0 100978
100835 92189 0:0 100836
100900 92191 0:0 100902
100906 92221 0:0 100907
100911 92223 0:0 100912
100911 92222 0:0 100912
100976 92224 0:0 100978
100980 92254 0:0 100983
100985 92256 0:0 100988
100985 92255 0:0 100988
100988 92257 0:0 101006
101056 92287 0:0 101059
101061 92288 0:0 101064
101061 92289 0:0 101064
101064 92290 21:0 101211
101134 92320 0:0 101135
101139 92321 0:0 101140
101139 92322 0:0 101140
101204 92323 0:0 101206
101210 92353 21:0 101347
101215 92354 0:0 101216
101280 92356 0:0 101282
101286 92386 0:0 101287
101291 92388 0:0 101292
101291 92387 0:0 101292
101346 92389 0:0 101358
101360 92419 0:0 101363
101365 92421 0:0 101368
101365 92420 0:0 101368
101368 92422 21:0 101515
101514 92485 0:0 101515
101520 92488 21:0 101667
101590 92518 0:0 101591
101595 92520 0:0 101596
101595 92519 0:0 101596
101660 92521 0:0 101662
101666 92551 21:0 101803
101736 92554 0:0 101738
101802 92587 0:0 101814
101914 91145 1:0 102166
101915 91144 1:0 102174
101924 91143 1:0 102173
101924 91142 1:0 102184
101930 91109 1:0 102315
101943 358 21:0 102037
101950 91112 1:0 102191
102004 91110 1:0 102302
102045 91111 1:0 102301
102046 91079 1:0 102428
102055 91077 1:0 102435
102055 91078 1:0 102436
102061 91076 1:0 102446
102066 91043 1:0 102577
102094 91046 1:0 102453
102176 91045 1:0 102563
102177 91044 1:0 102564
102186 91013 1:0 102690
102186 92551 1:0 102710
102192 91012 1:0 102698
102212 91011 1:0 102697
102225 91010 1:0 102708
102307 90977 1:0 102839
102308 90980 1:0 102715
102317 90979 1:0 102825
102317 90978 1:0 102826
102325 92488 1:0 102972
102343 90947 1:0 102952
102438 90946 1:0 102960
102439 90945 1:0 102959
102439 90944 1:0 102970
102448 90914 1:0 102977
102448 90911 1:0 103101
102456 90912 1:0 103088
102475 90913 1:0 103087
102569 92422 1:0 103234
102570 90881 1:0 103214
102579 90879 1:0 103221
102579 90880 1:0 103222
102585 90878 1:0 103232
102589 90845 1:0 103363
102606 90848 1:0 103239
102700 90846 1:0 103350
102701 90847 1:0 103349
102710 90815 1:0 103476
102710 92353 1:0 103496
102716 90813 1:0 103483
102720 90814 1:0 103484
102749 90812 1:0 103494
102831 90779 1:0 103625
102832 90782 1:0 103501
102841 90781 1:0 103611
102841 90780 1:0 103612
102847 92190 1:0 103758
102852 90749 1:0 103738
102880 90747 1:0 103745
102962 90748 1:0 103746
102963 90746 1:0 103756
102972 90716 1:0 103763
102972 90713 1:0 103887
102978 90715 1:0 103873
102983 90714 1:0 103874
103011 92290 1:0 104040
103093 359 1:0 104000
103093 45955 1:0 104108
103093 45962 1:0 104109
103093 45961 1:0 104164
103094 45966 1:0 104109
103094 45964 1:0 104109
103094 45960 1:0 104109
103103 45967 1:0 104109
103103 45965 1:0 104109
103103 45954 1:0 104109
103103 45963 1:0 104109
103103 46102 1:0 104330
103103 46101 1:0 104354
103109 46110 1:0 104330
103111 46109 1:0 104330
103129 92587 1:0 104443
103142 46111 1:0 104404
103224 46107 1:0 104384
103224 46108 1:0 104385
103224 46112 1:0 104405
103224 46113 1:0 104414
103225 46114 1:0 104415
103225 46258 1:0 104551
103225 46254 1:0 104605
103234 92554 1:0 104531
103234 46256 1:0 104551
103234 46259 1:0 104551
103240 46261 1:0 104551
103242 46260 1:0 104551
103245 46257 1:0 104551
103245 46248 1:0 104551
103260 46249 1:0 104550
103260 46255 1:0 104550
103261 46395 1:0 104796
103273 46404 1:0 104772
103355 46403 1:0 104772
103355 46396 1:0 104772
103355 46405 1:0 104846
103356 92521 1:0 104885
103365 46401 1:0 104826
103365 46402 1:0 104827
103365 46406 1:0 104847
103365 46407 1:0 104856
103365 46408 1:0 104857
103371 92520 1:0 104894
103376 92519 1:0 104893
103391 46542 1:0 105017
103404 92518 1:0 104904
103486 46551 1:0 104993
103486 46543 1:0 104993
103487 46550 1:0 104993
103487 46552 1:0 105067
103487 46553 1:0 105068
103496 46548 1:0 105047
103496 46549 1:0 105048
103496 46554 1:0 105077
103496 46555 1:0 105078
103496 46696 1:0 105269
103502 92485 1:0 105125
103504 46697 1:0 105214
103507 46699 1:0 105214
103523 46690 1:0 105213
103523 46702 1:0 105214
103535 46700 1:0 105214
103535 46689 1:0 105214
103617 46698 1:0 105214
103617 46701 1:0 105214
103618 46695 1:0 105213
103618 46836 1:0 105435
103618 46844 1:0 105435
103618 46837 1:0 105460
103627 46845 1:0 105435
103627 46842 1:0 105489
103627 46843 1:0 105490
103627 46846 1:0 105509
103627 46847 1:0 105510
103627 46848 1:0 105519
103633 46849 1:0 105520
103638 92421 1:0 105557
103653 46989 1:0 105710
103666 92420 1:0 105556
103748 92419 1:0 105567
103749 92389 1:0 105636
103758 46984 1:0 105655
103758 46990 1:0 105655
103758 46995 1:0 105656
103758 46994 1:0 105656
103758 46991 1:0 105656
103764 46996 1:0 105656
103764 46983 1:0 105656
103764 46992 1:0 105656
103768 46993 1:0 105656
103769 47131 1:0 105902
103797 92387 1:0 105777
103879 92388 1:0 105778
103880 92386 1:0 105788
103880 47138 1:0 105877
103889 47139 1:0 105877
103889 47130 1:0 105877
103889 92356 1:0 105990
103895 47140 1:0 105951
103895 47141 1:0 105952
103897 47136 1:0 105931
103897 47137 1:0 105932
103900 47142 1:0 105961
103916 47143 1:0 105962
103969 92354 1:0 105998
104012 47286 1:0 106098
104012 47278 1:0 106123
104012 47430 1:0 106373
104013 47277 1:0 106098
104013 47285 1:0 106098
104013 47287 1:0 106172
104022 47283 1:0 106152
104022 47284 1:0 106153
104022 47288 1:0 106173
104022 47289 1:0 106182
104022 92323 1:0 106211
104028 47290 1:0 106183
104041 359 0:0 104052
104048 92322 1:0 106220
104061 92321 1:0 106219
104115 92320 1:0 106230
104131 47434 1:0 106319
104132 47437 1:0 106319
104140 45955 0:0 104165
104143 45954 0:0 104169
104170 45961 21:0 104225
104181 47435 1:0 106319
104191 47425 1:0 106318
104191 47432 1:0 106319
104201 47431 1:0 106318
104201 47433 1:0 106319
104223 45965 0:0 104225
104223 45964 0:0 104225
104223 45966 0:0 104225
104223 45960 0:0 104225
104224 45963 0:0 104225
104224 45962 0:0 104225
104224 45967 0:0 104225
104226 47436 1:0 106319
104226 47424 1:0 106319
104226 92289 1:0 106441
104226 47577 1:0 106594
104233 92288 1:0 106440
104234 92287 1:0 106451
104243 92257 1:0 106520
104243 47581 1:0 106540
104243 47579 1:0 106540
104249 47582 1:0 106540
104249 47578 1:0 106540
104249 47571 1:0 106540
104251 47583 1:0 106540
104253 47572 1:0 106539
104269 47584 1:0 106540
104282 47580 1:0 106540
104331 92255 1:0 106661
104336 47718 1:0 106785
104352 92256 1:0 106662
104364 46101 21:0 104446
104412 92254 1:0 106672
104422 47727 1:0 106761
104444 46107 0:0 104446
104444 46109 0:0 104446
104444 46111 0:0 104446
104445 46113 0:0 104446
104445 46112 0:0 104446
104445 46110 0:0 104446
104445 46114 0:0 104446
104445 46108 0:0 104446
104445 46102 0:0 104446
104447 47726 1:0 106761
104447 47719 1:0 106761
104447 47728 1:0 106835
104447 92224 1:0 106874
104454 47724 1:0 106815
104454 47725 1:0 106816
104454 47729 1:0 106836
104455 47730 1:0 106845
104455 47731 1:0 106846
104464 92222 1:0 106882
104464 92223 1:0 106883
104470 92221 1:0 106893
104475 92191 1:0 106962
104490 47872 1:0 107037
104491 47873 1:0 106982
104503 47871 1:0 106981
104503 48012 1:0 107227
104544 47866 1:0 106981
104544 47878 1:0 106982
104557 47874 1:0 106982
104573 47877 1:0 106982
104574 47875 1:0 106982
104582 46249 0:0 104607
104583 48160 1:0 107423
104585 46248 0:0 104611
104615 46254 21:0 104667
104623 47865 1:0 106982
104623 47876 1:0 106982
104643 92189 1:0 107103
104665 46256 0:0 104667
104665 46260 0:0 104667
104666 46255 0:0 104667
104666 46258 0:0 104667
104666 46261 0:0 104667
104666 46257 0:0 104667
104666 46259 0:0 104667
104668 92188 1:0 107114
104668 48021 1:0 107203
104668 48013 1:0 107203
104675 48020 1:0 107203
104675 48022 1:0 107277
104676 48018 1:0 107257
104676 48019 1:0 107258
104676 48023 1:0 107278
104676 48024 1:0 107287
104685 48025 1:0 107288
104685 92157 1:0 107325
104685 48159 1:0 107424
104685 48165 1:0 107478
104691 48170 1:0 107424
104691 48171 1:0 107424
104695 48168 1:0 107424
104711 48167 1:0 107424
104724 48169 1:0 107424
104765 48166 1:0 107423
104765 48172 1:0 107424
104765 48259 1:0 107548
104765 48260 1:0 107549
104806 46395 21:0 104888
104886 46405 0:0 104888
104886 46401 0:0 104888
104886 46396 0:0 104888
104887 46404 0:0 104888
104887 46408 0:0 104888
104887 46403 0:0 104888
104887 46407 0:0 104888
104887 46402 0:0 104888
104887 46406 0:0 104888
105027 46542 21:0 105109
105107 46551 0:0 105109
105107 46553 0:0 105109
105107 46543 0:0 105109
105107 46548 0:0 105109
105108 46552 0:0 105109
105108 46550 0:0 105109
105108 46549 0:0 105109
105108 46555 0:0 105109
105108 46554 0:0 105109
105245 46690 0:0 105270
105248 46689 0:0 105274
105275 46696 21:0 105330
105328 46695 0:0 105330
105328 46701 0:0 105330
105329 46702 0:0 105330
105329 46697 0:0 105330
105329 46700 0:0 105330
105329 46698 0:0 105330
105329 46699 0:0 105330
105466 46837 21:0 105551
105549 46848 0:0 105551
105549 46836 0:0 105551
105549 46842 0:0 105551
105550 46845 0:0 105551
105550 46846 0:0 105551
105550 46843 0:0 105551
105550 46844 0:0 105551
105550 46847 0:0 105551
105550 46849 0:0 105551
105687 46984 0:0 105712
105690 46983 0:0 105716
105720 46989 21:0 105772
105770 46995 0:0 105772
105770 46993 0:0 105772
105771 46994 0:0 105772
105771 46991 0:0 105772
105771 46990 0:0 105772
105771 46996 0:0 105772
105771 46992 0:0 105772
105908 47131 21:0 105993
105991 47138 0:0 105993
105991 47140 0:0 105993
105991 47136 0:0 105993
105992 47143 0:0 105993
105992 47137 0:0 105993
105992 47130 0:0 105993
105992 47141 0:0 105993
105992 47139 0:0 105993
105992 47142 0:0 105993
106129 47278 21:0 106214
106212 47277 0:0 106214
106212 47287 0:0 106214
106212 47283 0:0 106214
106212 47289 0:0 106214
106213 47285 0:0 106214
106213 47288 0:0 106214
106213 47290 0:0 106214
106213 47284 0:0 106214
106213 47286 0:0 106214
106350 47425 0:0 106375
106353 47424 0:0 106379
106383 47430 21:0 106435
106433 47434 0:0 106435
106433 47432 0:0 106435
106434 47437 0:0 106435
106434 47436 0:0 106435
106434 47433 0:0 106435
106434 47431 0:0 106435
106434 47435 0:0 106435
106571 47572 0:0 106596
106574 47571 0:0 106600
106604 47577 21:0 106656
106654 47583 0:0 106656
106654 47581 0:0 106656
106655 47584 0:0 106656
106655 47579 0:0 106656
106655 47580 0:0 106656
106655 47582 0:0 106656
106655 47578 0:0 106656
106795 47718 21:0 106877
106875 47730 0:0 106877
106875 47724 0:0 106877
106875 47719 0:0 106877
106875 47731 0:0 106877
106876 47725 0:0 106877
106876 47727 0:0 106877
106876 47726 0:0 106877
106876 47729 0:0 106877
106876 47728 0:0 106877
107013 47866 0:0 107038
107016 47865 0:0 107042
107043 47872 21:0 107098
107096 47875 0:0 107098
107096 47871 0:0 107098
107097 47877 0:0 107098
107097 47878 0:0 107098
107097 47873 0:0 107098
107097 47874 0:0 107098
107097 47876 0:0 107098
107237 48012 21:0 107319
107317 48020 0:0 107319
107317 48018 0:0 107319
107318 48021 0:0 107319
107318 48019 0:0 107319
107318 48013 0:0 107319
107318 48023 0:0 107319
107318 48022 0:0 107319
107318 48024 0:0 107319
107318 48025 0:0 107319
107455 48160 0:0 107480
107458 48159 0:0 107484
107488 48165 21:0 176
