50 8655 0:0 52
50 8656 0:0 52
51 8654 0:0 52
51 8651 0:0 52
51 8652 0:0 52
88 8788 21:0 104
92 8785 0:0 93
103 8774 21:0 104
106 8802 21:0 114
113 8804 0:0 114
113 8803 21:0 180
126 8794 0:0 128
127 8813 0:0 128
162 8814 0:0 164
168 8821 0:0 169
178 8805 0:0 180
179 8833 0:0 180
182 8835 21:0 190
189 8837 0:0 190
189 8834 0:0 190
189 8836 21:0 256
202 8827 0:0 204
244 8853 0:0 245
254 8838 0:0 256
255 8840 0:0 256
258 8868 21:0 266
265 8869 0:0 266
265 8870 21:0 332
314 8880 0:0 316
320 8884 0:0 321
320 8887 0:0 321
330 8871 0:0 332
331 8873 0:0 332
334 8901 21:0 342
341 8902 0:0 342
341 8900 0:0 342
341 8903 21:0 408
396 8920 0:0 397
406 8904 0:0 408
407 8906 0:0 408
410 8934 21:0 418
417 8936 0:0 418
417 8935 21:0 484
466 8946 0:0 468
472 8950 0:0 473
482 8937 0:0 484
483 8939 0:0 484
486 8967 21:0 494
493 8968 0:0 494
493 8966 0:0 494
493 8969 21:0 560
507 8978 0:0 508
542 8979 0:0 544
548 8983 0:0 549
558 8970 0:0 560
562 9000 21:0 570
569 9002 0:0 570
569 9001 21:0 636
618 9012 0:0 620
624 9016 0:0 625
624 9019 0:0 625
634 9003 0:0 636
635 9005 0:0 636
638 9033 21:0 646
645 9034 0:0 646
645 9035 21:0 712
658 9025 0:0 660
659 9044 0:0 660
694 9045 0:0 696
700 9049 0:0 701
700 9052 0:0 701
710 9036 0:0 712
711 9053 0:0 712
714 9066 21:0 722
721 9068 0:0 722
721 9067 21:0 788
770 9078 0:0 772
776 9085 0:0 777
776 9084 0:0 777
786 9069 0:0 788
787 9086 0:0 788
790 9099 21:0 798
797 9101 0:0 798
797 9100 21:0 864
810 9091 0:0 812
852 9115 0:0 853
862 9102 0:0 864
866 9132 21:0 874
873 9134 0:0 874
873 9133 21:0 940
928 9151 0:0 929
928 9150 0:0 929
938 9135 0:0 940
939 9152 0:0 940
942 9165 21:0 950
949 9166 0:0 950
949 9167 21:0 1016
962 9157 0:0 964
1004 9184 0:0 1005
1014 9168 0:0 1016
1015 9185 0:0 1016
1018 9198 21:0 1026
1025 9199 0:0 1026
1025 9200 21:0 1092
1074 9210 0:0 1076
1080 9216 0:0 1081
1090 9201 0:0 1092
1091 9203 0:0 1092
1094 9231 21:0 1102
1101 9233 0:0 1102
1101 9232 21:0 1168
1166 9234 0:0 1168
1170 9264 21:0 1178
1177 9266 0:0 1178
1177 9265 21:0 1244
1242 9267 0:0 1244
1246 9297 21:0 1254
1253 9298 0:0 1254
1253 9299 21:0 1320
1308 9313 0:0 1309
1318 9300 0:0 1320
1322 9330 21:0 1330
1329 9332 0:0 1330
1329 9331 21:0 1396
1342 9322 0:0 1344
1343 9341 0:0 1344
1378 9342 0:0 1380
1384 9346 0:0 1385
1394 9333 0:0 1396
1398 9363 21:0 1406
1405 9364 0:0 1406
1405 9365 0:0 1406
1418 9375 21:0 1457
1455 9376 0:0 1457
1457 9382 0:0 1462
1457 9380 0:0 1462
1457 9383 0:0 1462
1464 9369 21:0 1473
1471 9384 0:0 1473
1471 9366 0:0 1473
1472 9395 21:0 1473
1474 9366 1:0 2779
1475 9397 21:0 1483
1482 9398 0:0 1483
1482 9396 0:0 1483
1482 9399 21:0 1549
1495 9389 0:0 1497
1496 9408 0:0 1497
1531 9409 0:0 1533
1537 9416 0:0 1538
1537 9413 0:0 1538
1537 9415 0:0 1538
1547 9400 0:0 1549
1548 9402 0:0 1549
1548 9428 0:0 1549
1548 9417 0:0 1549
1551 9430 21:0 1559
1558 9429 0:0 1559
1558 35 0:0 1559
1558 9432 0:0 1559
1558 9431 21:0 1625
1571 9422 0:0 1573
1572 9441 0:0 1573
1607 9442 0:0 1609
1613 9446 0:0 1614
1613 9448 0:0 1614
1613 9449 0:0 1614
1623 9433 0:0 1625
1624 9435 0:0 1625
1624 9450 0:0 1625
1624 9461 0:0 1625
1627 9463 21:0 1635
1628 49 0:0 1630
1634 9465 0:0 1635
1634 9462 0:0 1635
1634 9464 21:0 1701
1647 51 0:0 1649
1647 9455 0:0 1649
1648 9474 0:0 1649
1683 9475 0:0 1685
1689 9482 0:0 1690
1689 9479 0:0 1690
1689 9481 0:0 1690
1699 9466 0:0 1701
1700 9468 0:0 1701
1700 9494 0:0 1701
1700 9483 0:0 1701
1703 9496 21:0 1711
1704 67 0:0 1706
1710 9498 0:0 1711
1710 9495 0:0 1711
1710 9497 21:0 1777
1723 9488 0:0 1725
1724 9507 0:0 1725
1759 9508 0:0 1761
1765 9514 0:0 1766
1765 9515 0:0 1766
1765 9512 0:0 1766
1775 9499 0:0 1777
1776 9501 0:0 1777
1776 9527 0:0 1777
1776 9516 0:0 1777
1779 9529 21:0 1787
1786 9528 0:0 1787
1786 9530 0:0 1787
1786 9531 21:0 1853
1799 87 0:0 1801
1799 9521 0:0 1801
1800 9540 0:0 1801
1835 9541 0:0 1837
1841 9547 0:0 1842
1841 9548 0:0 1842
1841 9545 0:0 1842
1851 9532 0:0 1853
1852 9534 0:0 1853
1852 9560 0:0 1853
1852 9549 0:0 1853
1855 9562 21:0 1863
1856 103 0:0 1858
1862 9563 0:0 1863
1862 107 0:0 1863
1862 9561 0:0 1863
1862 9564 21:0 1929
1875 9554 0:0 1877
1876 9573 0:0 1877
1911 9574 0:0 1913
1917 9581 0:0 1918
1917 9580 0:0 1918
1917 9578 0:0 1918
1927 9565 0:0 1929
1928 9567 0:0 1929
1928 9582 0:0 1929
1928 9593 0:0 1929
1931 9595 21:0 1939
1938 9594 0:0 1939
1938 9596 0:0 1939
1938 9597 21:0 2005
1951 9587 0:0 1953
1951 123 0:0 1953
1952 9606 0:0 1953
1987 9607 0:0 1989
1993 9613 0:0 1994
1993 9614 0:0 1994
1993 9611 0:0 1994
2003 9598 0:0 2005
2004 9600 0:0 2005
2004 9626 0:0 2005
2004 9615 0:0 2005
2007 9628 21:0 2015
2014 143 0:0 2015
2014 9627 0:0 2015
2014 9629 0:0 2015
2014 9630 21:0 2081
2027 141 0:0 2029
2027 9620 0:0 2029
2028 9639 0:0 2029
2069 9644 0:0 2070
2069 9646 0:0 2070
2069 9647 0:0 2070
2079 9631 0:0 2081
2080 9648 0:0 2081
2080 9659 0:0 2081
2083 9661 21:0 2091
2084 157 0:0 2086
2090 9663 0:0 2091
2090 161 0:0 2091
2090 9662 21:0 2157
2104 9672 0:0 2105
2139 9673 0:0 2141
2145 9679 0:0 2146
2145 9677 0:0 2146
2155 9664 0:0 2157
2159 9694 21:0 2167
2166 9696 0:0 2167
2166 9695 21:0 2233
2231 9697 0:0 2233
2235 9727 21:0 2243
2236 193 0:0 2238
2242 9729 0:0 2243
2242 9728 21:0 2309
2255 195 0:0 2257
2307 9730 0:0 2309
2311 9760 21:0 2319
2318 9762 0:0 2319
2318 9761 21:0 2385
2383 9763 0:0 2385
2387 9793 21:0 2395
2394 9795 0:0 2395
2394 9794 21:0 2461
2459 9796 0:0 2461
2463 9826 21:0 2471
2470 9827 0:0 2471
2470 9828 21:0 2537
2535 9829 0:0 2537
2539 9859 21:0 2547
2540 265 0:0 2542
2546 269 0:0 2547
2546 9860 0:0 2547
2546 9861 21:0 2613
2611 9862 0:0 2613
2615 9892 21:0 2623
2622 9893 0:0 2623
2622 9894 21:0 2689
2635 285 0:0 2637
2687 9895 0:0 2689
2691 9925 21:0 2699
2698 9927 0:0 2699
2698 9926 21:0 2765
2763 9928 0:0 2765
2767 9958 21:0 2775
2774 9959 0:0 2775
2774 9960 21:0 2784
2776 9364 1:0 2785
2776 9365 1:0 2786
2783 9961 21:0 2794
2788 9363 1:0 2795
2789 9346 1:0 2831
2789 9342 1:0 2857
2789 9333 1:0 2901
2793 9858 21:0 2799
2795 9341 1:0 2881
2797 9331 1:0 2907
2797 9332 1:0 2908
2798 9851 21:0 2799
2798 9870 21:0 2802
2800 9330 1:0 2917
2801 9719 21:0 2802
2803 9322 1:0 2930
2803 9313 1:0 2953
2814 336 21:0 2828
2821 9300 1:0 3023
2833 9299 1:0 3030
2873 285 1:0 3025
2878 9705 21:0 2903
2902 9706 21:0 2903
2902 9660 21:0 2906
2905 9653 21:0 2906
2905 9680 21:0 2913
2910 9298 1:0 3029
2911 9297 1:0 3039
2912 9739 21:0 2913
2912 9811 21:0 2916
2914 9267 1:0 3145
2915 9809 21:0 2916
2915 9884 21:0 2921
2919 9265 1:0 3151
2919 9266 1:0 3152
2919 269 1:0 3157
2920 9897 21:0 2921
2920 9903 21:0 2924
2923 9812 21:0 2924
2925 9264 1:0 3161
2925 265 1:0 3165
2928 10028 21:0 2950
2943 9234 1:0 3267
2955 9232 1:0 3273
3000 9785 21:0 3025
3024 9837 21:0 3025
3024 9752 21:0 3028
3027 9778 21:0 3028
3027 9924 21:0 3035
3032 9233 1:0 3274
3033 9231 1:0 3283
3033 9216 1:0 3319
3033 9210 1:0 3345
3034 10021 21:0 3035
3034 9772 21:0 3038
3036 9201 1:0 3389
3037 9725 21:0 3038
3039 9203 1:0 3373
3041 10082 21:0 3043
3041 9199 1:0 3395
3041 9200 1:0 3396
3042 9846 21:0 3046
3045 9864 21:0 3046
3045 9878 21:0 3046
3045 9825 21:0 3072
3047 9198 1:0 3405
3047 9185 1:0 3433
3047 9184 1:0 3441
3066 9168 1:0 3511
3117 9167 1:0 3518
3122 9941 21:0 3147
3146 9945 21:0 3147
3146 9875 21:0 3150
3149 9738 21:0 3150
3153 10135 21:0 3157
3154 9166 1:0 3517
3155 9165 1:0 3527
3155 9157 1:0 3540
3155 9152 1:0 3555
3155 9150 1:0 3563
3163 9151 1:0 3563
3163 9135 1:0 3633
3163 195 1:0 3635
3169 9133 1:0 3639
3275 10192 21:0 3279
3276 9134 1:0 3640
3277 9132 1:0 3649
3277 193 1:0 3653
3277 9115 1:0 3685
3277 9102 1:0 3755
3285 9100 1:0 3761
3291 9101 1:0 3762
3309 9099 1:0 3771
3398 9091 1:0 3784
3398 9086 1:0 3799
3398 9084 1:0 3807
3398 9085 1:0 3807
3399 9078 1:0 3833
3399 9069 1:0 3877
3407 9067 1:0 3883
3407 9068 1:0 3884
3413 161 1:0 3889
3431 9066 1:0 3893
3520 157 1:0 3897
3520 9053 1:0 3921
3520 9049 1:0 3929
3520 9052 1:0 3929
3521 9045 1:0 3955
3521 9044 1:0 3979
3521 9036 1:0 3999
3529 10310 21:0 3531
3529 141 1:0 4001
3529 9035 1:0 4006
3535 9034 1:0 4005
3535 143 1:0 4011
3554 9033 1:0 4015
3642 9025 1:0 4028
3642 9016 1:0 4051
3642 9019 1:0 4051
3642 9012 1:0 4077
3643 9005 1:0 4105
3643 9003 1:0 4121
3651 123 1:0 4123
3651 9001 1:0 4127
3657 9002 1:0 4128
3675 9000 1:0 4137
3764 8983 1:0 4173
3764 8979 1:0 4199
3765 8978 1:0 4223
3765 8970 1:0 4243
3773 8968 1:0 4249
3773 8969 1:0 4250
3773 8966 1:0 4253
3773 107 1:0 4255
3783 8967 1:0 4259
3797 103 1:0 4263
3886 8950 1:0 4295
3886 8946 1:0 4321
3887 8939 1:0 4349
3887 8937 1:0 4365
3887 87 1:0 4367
3895 8935 1:0 4371
3895 8936 1:0 4372
3901 8934 1:0 4381
3905 8920 1:0 4417
4007 10534 21:0 4011
4008 8906 1:0 4471
4008 8904 1:0 4487
4009 8903 1:0 4494
4009 8900 1:0 4497
4017 10538 21:0 4019
4017 8902 1:0 4493
4017 8901 1:0 4503
4017 67 1:0 4507
4017 8880 1:0 4565
4020 8884 1:0 4539
4023 8887 1:0 4539
4041 8871 1:0 4609
4129 10591 21:0 4133
4130 8873 1:0 4593
4130 51 1:0 4611
4131 8869 1:0 4615
4131 8870 1:0 4616
4139 8868 1:0 4625
4139 49 1:0 4629
4139 8853 1:0 4661
4145 8840 1:0 4715
4145 8838 1:0 4731
4252 8836 1:0 4737
4252 8834 1:0 4741
4253 8837 1:0 4738
4253 8835 1:0 4747
4261 35 1:0 4743
4261 8833 1:0 4756
4261 8827 1:0 4760
4261 8821 1:0 4783
4261 8814 1:0 4809
4267 8813 1:0 4833
4267 8805 1:0 4853
4270 10655 21:0 4292
4374 8803 1:0 4859
4375 8804 1:0 4860
4375 8802 1:0 4869
4375 8794 1:0 4882
4383 8785 1:0 4905
4383 8788 1:0 4905
4383 8774 1:0 4959
4383 337 1:0 6334
4389 9961 1:0 6345
4495 10762 21:0 4499
4749 10880 21:0 4751
4984 10997 21:0 5023
5021 10998 0:0 5023
5023 11002 0:0 5028
5023 11005 0:0 5028
5023 11004 0:0 5028
5036 11017 21:0 5039
5037 11006 0:0 5039
5038 10991 21:0 5039
5041 11019 21:0 5049
5048 11021 0:0 5049
5048 11018 0:0 5049
5048 11020 21:0 5115
5061 11011 0:0 5063
5062 11030 0:0 5063
5097 11031 0:0 5099
5103 11037 0:0 5104
5103 11038 0:0 5104
5103 11035 0:0 5104
5113 11022 0:0 5115
5114 11050 0:0 5115
5114 11039 0:0 5115
5114 11024 0:0 5115
5117 11052 21:0 5125
5124 11053 0:0 5125
5124 11051 0:0 5125
5124 11054 21:0 5191
5137 11044 0:0 5139
5138 11063 0:0 5139
5173 11064 0:0 5175
5179 11070 0:0 5180
5179 11068 0:0 5180
5179 11071 0:0 5180
5189 11055 0:0 5191
5190 11072 0:0 5191
5190 11083 0:0 5191
5190 11057 0:0 5191
5193 11085 21:0 5201
5200 11084 0:0 5201
5200 11087 0:0 5201
5200 11086 21:0 5267
5213 11077 0:0 5215
5214 11096 0:0 5215
5249 11097 0:0 5251
5255 11101 0:0 5256
5255 11104 0:0 5256
5255 11103 0:0 5256
5265 11088 0:0 5267
5266 11090 0:0 5267
5266 11105 0:0 5267
5266 11116 0:0 5267
5269 11118 21:0 5277
5276 11117 0:0 5277
5276 11120 0:0 5277
5276 11119 21:0 5343
5289 11110 0:0 5291
5290 11129 0:0 5291
5325 11130 0:0 5327
5331 11137 0:0 5332
5331 11136 0:0 5332
5331 11134 0:0 5332
5341 11121 0:0 5343
5342 11138 0:0 5343
5342 11149 0:0 5343
5342 11123 0:0 5343
5345 11151 21:0 5353
5352 11150 0:0 5353
5352 11153 0:0 5353
5352 11152 21:0 5419
5365 11143 0:0 5367
5366 11162 0:0 5367
5401 11163 0:0 5403
5407 11169 0:0 5408
5407 11167 0:0 5408
5407 11170 0:0 5408
5417 11154 0:0 5419
5418 11156 0:0 5419
5418 11171 0:0 5419
5418 11182 0:0 5419
5421 11184 21:0 5429
5428 11186 0:0 5429
5428 11183 0:0 5429
5428 11185 21:0 5495
5441 11176 0:0 5443
5442 11195 0:0 5443
5477 11196 0:0 5479
5483 11200 0:0 5484
5483 11203 0:0 5484
5483 11202 0:0 5484
5493 11187 0:0 5495
5494 11189 0:0 5495
5494 11204 0:0 5495
5494 11215 0:0 5495
5497 11217 21:0 5505
5504 11216 0:0 5505
5504 11219 0:0 5505
5504 11218 21:0 5571
5517 11209 0:0 5519
5518 11228 0:0 5519
5553 11229 0:0 5555
5559 11235 0:0 5560
5559 11233 0:0 5560
5559 11236 0:0 5560
5569 11220 0:0 5571
5570 11248 0:0 5571
5570 11237 0:0 5571
5570 11222 0:0 5571
5573 11250 21:0 5581
5580 11252 0:0 5581
5580 11249 0:0 5581
5580 11251 21:0 5647
5593 11242 0:0 5595
5594 11261 0:0 5595
5629 11262 0:0 5631
5635 11268 0:0 5636
5635 11266 0:0 5636
5635 11269 0:0 5636
5645 11253 0:0 5647
5646 11270 0:0 5647
5646 11281 0:0 5647
5646 11255 0:0 5647
5649 11283 21:0 5657
5656 11284 0:0 5657
5656 11282 0:0 5657
5656 11285 21:0 5723
5669 11275 0:0 5671
5670 11294 0:0 5671
5705 11295 0:0 5707
5711 11302 0:0 5712
5721 11286 0:0 5723
5722 11288 0:0 5723
5725 11316 21:0 5733
5732 11317 0:0 5733
5732 11318 21:0 5799
5797 11319 0:0 5799
5801 11349 21:0 5809
5808 11350 0:0 5809
5808 11351 21:0 5875
5873 11352 0:0 5875
5877 11382 21:0 5885
5884 11383 0:0 5885
5884 11384 21:0 5951
5949 11385 0:0 5951
5953 11415 21:0 5961
5960 11417 0:0 5961
5960 11416 21:0 6027
6025 11418 0:0 6027
6029 11448 21:0 6037
6036 11449 0:0 6037
6036 11450 21:0 6103
6101 11451 0:0 6103
6105 11481 21:0 6113
6112 11483 0:0 6113
6112 11482 21:0 6179
6177 11484 0:0 6179
6181 11514 21:0 6189
6188 11515 0:0 6189
6188 11516 21:0 6255
6253 11517 0:0 6255
6257 11547 21:0 6265
6264 11549 0:0 6265
6264 11548 21:0 6331
6329 11550 0:0 6331
6333 11580 21:0 6341
6340 11581 0:0 6341
6340 11582 21:0 6350
6342 9959 1:0 6352
6342 9960 1:0 6353
6349 11583 21:0 6361
6355 336 1:0 2777
6356 9958 1:0 6363
6356 9875 1:0 6368
6356 9945 1:0 6393
6356 9941 1:0 6396
6356 10021 1:0 6447
6360 11301 21:0 6367
6362 9924 1:0 6476
6362 9928 1:0 6476
6365 9926 1:0 6483
6365 9927 1:0 6484
6366 11308 21:0 6367
6366 11314 21:0 6370
6369 11299 21:0 6370
6371 9925 1:0 6494
6371 10135 1:0 6499
6371 10028 1:0 6503
6371 10082 1:0 6527
6373 9903 1:0 6578
6384 337 21:0 6398
6391 9897 1:0 6591
6404 9895 1:0 6607
6451 11303 21:0 6478
6477 11335 21:0 6478
6477 11347 21:0 6481
6480 11321 21:0 6481
6480 11328 21:0 6489
6486 9894 1:0 6615
6487 9893 1:0 6614
6487 9892 1:0 6625
6487 9864 1:0 6630
6487 9878 1:0 6658
6488 11315 21:0 6489
6488 11354 21:0 6492
6490 9884 1:0 6640
6491 11348 21:0 6492
6491 11341 21:0 6498
6493 9870 1:0 6709
6493 9858 1:0 6738
6496 9862 1:0 6738
6496 9861 1:0 6746
6497 11332 21:0 6498
6497 11365 21:0 6501
6500 11381 21:0 6501
6500 11420 21:0 6521
6502 9860 1:0 6745
6504 9859 1:0 6756
6507 10192 1:0 6761
6520 11431 21:0 6529
6522 9851 1:0 6771
6522 9846 1:0 6786
6523 9825 1:0 6840
6576 9829 1:0 6869
6582 11473 21:0 6609
6584 9837 1:0 6848
6608 11426 21:0 6609
6608 11360 21:0 6612
6611 11447 21:0 6612
6611 11539 21:0 6620
6617 9828 1:0 6877
6618 9827 1:0 6876
6618 9826 1:0 6887
6619 11387 21:0 6620
6619 11368 21:0 6623
6621 9809 1:0 6917
6622 11380 21:0 6623
6624 9812 1:0 6917
6624 9811 1:0 6926
6626 10082 21:0 6629
6627 9796 1:0 7000
6627 9794 1:0 7007
6628 11433 21:0 6632
6631 10025 21:0 6632
6631 11567 21:0 6632
6631 11400 21:0 6660
6633 9795 1:0 7008
6635 9793 1:0 7018
6638 9772 1:0 7048
6653 9785 1:0 7033
6654 9778 1:0 7057
6661 10310 1:0 7131
6713 11525 21:0 6740
6715 9763 1:0 7131
6739 11545 21:0 6740
6739 11369 21:0 6743
6746 10135 21:0 6751
6748 9761 1:0 7138
6749 9762 1:0 7139
6758 9760 1:0 7149
6758 9752 1:0 7164
6758 9739 1:0 7214
6758 9738 1:0 7241
6758 9730 1:0 7262
6766 9728 1:0 7269
6797 9729 1:0 7270
6879 9727 1:0 7280
6880 9725 1:0 7290
6880 9719 1:0 7295
6880 9706 1:0 7345
6880 9705 1:0 7372
6888 10196 21:0 6891
6889 9697 1:0 7393
6889 9695 1:0 7400
6895 9696 1:0 7401
6900 9694 1:0 7411
6915 9680 1:0 7450
6916 9673 1:0 7476
6928 9677 1:0 7450
7010 9679 1:0 7450
7010 9660 1:0 7524
7011 9672 1:0 7503
7011 9664 1:0 7524
7020 9662 1:0 7531
7020 9663 1:0 7532
7026 9661 1:0 7542
7026 9653 1:0 7557
7026 9648 1:0 7572
7028 9659 1:0 7552
7031 9646 1:0 7581
7046 10534 1:0 7626
7047 9647 1:0 7581
7059 9644 1:0 7581
7141 10538 1:0 7655
7142 9639 1:0 7634
7142 9631 1:0 7655
7142 9630 1:0 7663
7151 9629 1:0 7662
7151 9627 1:0 7666
7157 9628 1:0 7673
7157 9626 1:0 7683
7157 9615 1:0 7703
7159 9620 1:0 7688
7162 9607 1:0 7738
7177 9614 1:0 7712
7178 9613 1:0 7712
7190 9611 1:0 7712
7272 10591 1:0 7786
7273 9606 1:0 7765
7273 9600 1:0 7770
7273 9598 1:0 7786
7282 9596 1:0 7793
7282 9597 1:0 7794
7282 9594 1:0 7797
7288 9595 1:0 7804
7288 9593 1:0 7814
7290 9582 1:0 7834
7291 10370 21:0 7315
7293 9587 1:0 7819
7308 9580 1:0 7843
7309 9581 1:0 7843
7316 9578 1:0 7843
7321 9574 1:0 7869
7401 10420 21:0 7406
7403 9565 1:0 7917
7404 9573 1:0 7896
7404 9567 1:0 7901
7404 9564 1:0 7925
7413 9563 1:0 7924
7413 9561 1:0 7928
7413 9562 1:0 7935
7419 10655 1:0 7944
7419 9554 1:0 7950
7419 9549 1:0 7965
7421 9560 1:0 7945
7424 9545 1:0 7974
7439 9548 1:0 7974
7440 9547 1:0 7974
7452 9541 1:0 8000
7534 9532 1:0 8048
7535 9540 1:0 8027
7535 9534 1:0 8032
7535 9531 1:0 8056
7544 9530 1:0 8055
7544 9528 1:0 8059
7550 9529 1:0 8066
7550 9521 1:0 8081
7550 9516 1:0 8096
7552 9527 1:0 8076
7555 9508 1:0 8131
7570 9514 1:0 8105
7571 9515 1:0 8105
7583 9512 1:0 8105
7665 10762 1:0 8179
7666 9507 1:0 8158
7666 9501 1:0 8163
7666 9499 1:0 8179
7675 9497 1:0 8186
7675 9498 1:0 8187
7675 9495 1:0 8190
7681 9496 1:0 8197
7681 9488 1:0 8212
7683 9483 1:0 8227
7686 9494 1:0 8207
7701 9475 1:0 8262
7702 9482 1:0 8236
7714 9479 1:0 8236
7796 9481 1:0 8236
7797 9474 1:0 8289
7797 9468 1:0 8294
7797 9466 1:0 8310
7806 9464 1:0 8317
7806 9465 1:0 8318
7806 9462 1:0 8321
7812 9463 1:0 8328
7812 9455 1:0 8343
7814 9461 1:0 8338
7817 9450 1:0 8358
7832 9446 1:0 8367
7833 9448 1:0 8367
7845 9449 1:0 8367
7925 10648 21:0 7930
7927 9442 1:0 8393
7927 10880 1:0 8441
7928 9441 1:0 8420
7928 9435 1:0 8425
7928 9433 1:0 8441
7937 9431 1:0 8448
7937 9432 1:0 8449
7937 9429 1:0 8452
7943 9430 1:0 8459
7943 9422 1:0 8474
7945 9417 1:0 8489
7946 10655 0:0 7967
7948 9428 1:0 8469
7963 9416 1:0 8498
7964 9413 1:0 8498
7964 9415 1:0 8498
7976 9409 1:0 8524
8058 9400 1:0 8572
8059 9408 1:0 8551
8059 9402 1:0 8556
8059 9399 1:0 8580
8067 10709 21:0 8070
8068 9398 1:0 8579
8068 9396 1:0 8583
8071 9397 1:0 8590
8074 9395 1:0 8600
8074 9389 1:0 8605
8074 9384 1:0 8620
8076 9383 1:0 8625
8077 10712 0:0 8098
8079 9380 1:0 8625
8094 9382 1:0 8625
8095 9376 1:0 8655
8095 9369 1:0 8674
8107 9375 1:0 8682
8187 10762 21:0 8192
8189 338 1:0 10063
8190 11583 1:0 10074
8198 10766 21:0 8201
8208 10769 0:0 8229
8339 10826 0:0 8360
8449 10876 21:0 8454
8460 10880 21:0 8463
8470 10883 0:0 8491
8713 12619 0:0 8716
8724 12620 21:0 8757
8756 12624 0:0 8757
8756 12626 21:0 8768
8767 12639 21:0 8768
8770 12641 21:0 8778
8771 13 0:0 8773
8777 12643 0:0 8778
8777 12640 0:0 8778
8777 12642 21:0 8844
8791 12652 0:0 8792
8826 12653 0:0 8828
8832 12660 0:0 8833
8832 12657 0:0 8833
8832 12659 0:0 8833
8842 12644 0:0 8844
8843 12646 0:0 8844
8843 12661 0:0 8844
8843 12672 0:0 8844
8846 12674 21:0 8854
8853 12673 0:0 8854
8853 12676 0:0 8854
8853 12675 21:0 8920
8866 12666 0:0 8868
8867 12685 0:0 8868
8908 12692 0:0 8909
8908 12690 0:0 8909
8908 12693 0:0 8909
8918 12677 0:0 8920
8919 12705 0:0 8920
8919 12679 0:0 8920
8922 12707 21:0 8930
8929 12709 0:0 8930
8929 12708 21:0 8996
8942 12699 0:0 8944
8942 51 0:0 8944
8943 12718 0:0 8944
8978 12719 0:0 8980
8984 12726 0:0 8985
8984 12723 0:0 8985
8984 12725 0:0 8985
8994 12710 0:0 8996
8995 12727 0:0 8996
8998 12740 21:0 9006
9005 12742 0:0 9006
9005 12739 0:0 9006
9005 12741 21:0 9072
9018 12732 0:0 9020
9019 12751 0:0 9020
9060 12759 0:0 9061
9060 12758 0:0 9061
9060 12756 0:0 9061
9070 12743 0:0 9072
9071 12745 0:0 9072
9071 12760 0:0 9072
9071 12771 0:0 9072
9074 12773 21:0 9082
9081 12772 0:0 9082
9081 12774 0:0 9082
9081 12775 0:0 9082
9082 12776 21:0 9148
9094 12765 0:0 9096
9095 12784 0:0 9096
9130 12785 0:0 9132
9136 12789 0:0 9137
9136 12791 0:0 9137
9147 12793 0:0 9148
9150 12806 21:0 9158
9157 107 0:0 9158
9157 12808 0:0 9158
9157 12807 21:0 9224
9212 12824 0:0 9213
9222 12809 0:0 9224
9223 12826 0:0 9224
9226 12839 21:0 9234
9227 121 0:0 9229
9233 12841 0:0 9234
9233 125 0:0 9234
9233 12838 0:0 9234
9233 12840 21:0 9300
9246 12831 0:0 9248
9247 12850 0:0 9248
9288 12858 0:0 9289
9298 12842 0:0 9300
9299 12859 0:0 9300
9299 12844 0:0 9300
9302 12872 21:0 9310
9309 12873 0:0 9310
9309 12874 21:0 9376
9322 12864 0:0 9324
9364 12890 0:0 9365
9364 12891 0:0 9365
9374 12875 0:0 9376
9375 12903 0:0 9376
9378 12905 21:0 9386
9385 161 0:0 9386
9385 12904 0:0 9386
9385 12906 0:0 9386
9385 12907 21:0 9452
9398 159 0:0 9400
9398 12897 0:0 9400
9434 12917 0:0 9436
9440 12923 0:0 9441
9440 12924 0:0 9441
9450 12908 0:0 9452
9451 12910 0:0 9452
9451 12925 0:0 9452
9454 12938 21:0 9462
9455 175 0:0 9457
9461 12937 0:0 9462
9461 12940 0:0 9462
9461 12939 21:0 9528
9526 12941 0:0 9528
9527 12943 0:0 9528
9530 12971 21:0 9538
9537 12970 0:0 9538
9537 12973 0:0 9538
9537 12972 21:0 9604
9550 12963 0:0 9552
9551 12982 0:0 9552
9602 12974 0:0 9604
9603 13002 0:0 9604
9606 13004 21:0 9614
9613 13006 0:0 9614
9613 13005 21:0 9680
9668 13023 0:0 9669
9678 13007 0:0 9680
9682 13037 21:0 9690
9683 229 0:0 9685
9689 13038 0:0 9690
9689 233 0:0 9690
9689 13039 21:0 9756
9754 13040 0:0 9756
9755 13042 0:0 9756
9758 13070 21:0 9766
9765 13071 0:0 9766
9765 13069 0:0 9766
9765 13072 21:0 9832
9778 249 0:0 9780
9830 13073 0:0 9832
9834 13103 21:0 9842
9841 269 0:0 9842
9841 13105 0:0 9842
9841 13104 21:0 9908
9906 13106 0:0 9908
9910 13136 21:0 9918
9917 13138 0:0 9918
9917 13137 21:0 9984
9982 13139 0:0 9984
9986 13169 21:0 9994
9993 13170 0:0 9994
9993 13171 21:0 10060
10058 13172 0:0 10060
10062 13202 21:0 10070
10069 13204 0:0 10070
10069 13203 21:0 10079
10071 11581 1:0 10081
10071 11582 1:0 10082
10078 13205 21:0 10090
10084 11580 1:0 10092
10085 11567 1:0 10122
10085 11550 1:0 10205
10085 10025 1:0 10205
10091 11548 1:0 10212
10094 11549 1:0 10213
10094 11547 1:0 10223
10100 11545 1:0 10233
10100 11539 1:0 10238
10100 11525 1:0 10307
10113 338 21:0 10127
10128 11517 1:0 10336
10133 10082 1:0 10336
10215 11516 1:0 10344
10216 11515 1:0 10343
10225 11514 1:0 10354
10225 11369 1:0 10387
10225 10420 1:0 10438
10225 10135 1:0 10467
10231 11484 1:0 10467
10236 11482 1:0 10474
10346 11483 1:0 10475
10347 269 1:0 10480
10347 11481 1:0 10485
10347 11400 1:0 10490
10347 11473 1:0 10500
10347 11433 1:0 10518
10347 10196 1:0 10569
10356 11451 1:0 10598
10356 11447 1:0 10598
10362 249 1:0 10600
10362 11450 1:0 10606
10382 11449 1:0 10605
10477 11448 1:0 10616
10477 11380 1:0 10621
10477 11426 1:0 10646
10478 11368 1:0 10646
10478 11431 1:0 10655
10478 11418 1:0 10729
10487 11420 1:0 10713
10487 11416 1:0 10736
10493 11417 1:0 10737
10493 233 1:0 10742
10513 11415 1:0 10747
10514 229 1:0 10751
10526 11387 1:0 10752
10608 10370 1:0 10780
10608 11360 1:0 10780
10608 11381 1:0 10831
10609 11385 1:0 10860
10609 11365 1:0 10860
10618 11383 1:0 10867
10618 11384 1:0 10868
10624 11382 1:0 10878
10624 11332 1:0 10883
10626 11348 1:0 10911
10629 11341 1:0 10911
10644 11354 1:0 10962
10645 11315 1:0 10991
10739 11352 1:0 10991
10740 11351 1:0 10999
10749 11350 1:0 10998
10749 11349 1:0 11009
10749 11328 1:0 11014
10749 11347 1:0 11019
10749 11321 1:0 11039
10755 11335 1:0 11048
10755 11303 1:0 11122
10775 11319 1:0 11122
10870 11318 1:0 11130
10871 11317 1:0 11129
10871 11316 1:0 11140
10880 175 1:0 11144
10880 11299 1:0 11145
10880 11314 1:0 11150
10880 11308 1:0 11155
10880 11301 1:0 11179
10880 11302 1:0 11179
10880 11295 1:0 11205
10886 11286 1:0 11253
10888 11288 1:0 11237
10891 11294 1:0 11232
10906 159 1:0 11255
11001 11285 1:0 11261
11002 11284 1:0 11260
11002 11282 1:0 11264
11011 161 1:0 11266
11011 11283 1:0 11271
11011 11281 1:0 11281
11011 11275 1:0 11286
11011 11270 1:0 11301
11011 11266 1:0 11310
11011 11268 1:0 11310
11011 11262 1:0 11336
11017 11269 1:0 11310
11022 11253 1:0 11384
11037 11255 1:0 11368
11038 11261 1:0 11363
11132 11251 1:0 11391
11132 11249 1:0 11395
11133 11252 1:0 11392
11142 11250 1:0 11402
11142 11248 1:0 11412
11142 11242 1:0 11417
11142 11237 1:0 11432
11142 11233 1:0 11441
11142 11236 1:0 11441
11142 11229 1:0 11467
11148 11235 1:0 11441
11153 11220 1:0 11515
11168 11222 1:0 11499
11169 11228 1:0 11494
11263 11218 1:0 11522
11264 11219 1:0 11523
11264 11216 1:0 11526
11264 125 1:0 11528
11273 11217 1:0 11533
11273 121 1:0 11537
11273 11215 1:0 11543
11273 11209 1:0 11548
11273 11204 1:0 11563
11273 11200 1:0 11572
11279 11203 1:0 11572
11279 11202 1:0 11572
11279 11196 1:0 11598
11281 10648 1:0 11646
11312 11187 1:0 11646
11394 11195 1:0 11625
11394 11189 1:0 11630
11395 11185 1:0 11653
11395 11183 1:0 11657
11404 11186 1:0 11654
11404 107 1:0 11659
11404 11184 1:0 11664
11404 11182 1:0 11674
11404 11176 1:0 11679
11410 10655 1:0 11673
11410 11171 1:0 11694
11410 11170 1:0 11703
11412 11163 1:0 11729
11415 11167 1:0 11703
11430 11169 1:0 11703
11525 11162 1:0 11756
11525 10709 1:0 11777
11525 11154 1:0 11777
11526 11156 1:0 11761
11526 11152 1:0 11784
11526 11150 1:0 11788
11535 11153 1:0 11785
11535 11151 1:0 11795
11541 11149 1:0 11805
11541 11143 1:0 11810
11541 11138 1:0 11825
11543 10712 1:0 11804
11546 10762 1:0 11879
11561 11134 1:0 11834
11562 11136 1:0 11834
11574 11137 1:0 11834
11656 11130 1:0 11860
11656 10766 1:0 11908
11657 11129 1:0 11887
11657 11123 1:0 11892
11657 11121 1:0 11908
11666 11119 1:0 11915
11666 11120 1:0 11916
11666 11117 1:0 11919
11672 11118 1:0 11926
11674 11105 1:0 11956
11677 11110 1:0 11941
11692 11116 1:0 11936
11693 10769 1:0 11935
11705 11104 1:0 11965
11787 11101 1:0 11965
11787 11103 1:0 11965
11787 11097 1:0 11991
11788 11096 1:0 12018
11788 11090 1:0 12023
11788 11088 1:0 12039
11788 51 1:0 12041
11797 11086 1:0 12046
11797 11084 1:0 12050
11803 11087 1:0 12047
11808 11085 1:0 12057
11823 11083 1:0 12067
11824 10826 1:0 12066
11836 11072 1:0 12087
11918 11077 1:0 12072
11918 11068 1:0 12096
11918 11071 1:0 12096
11918 10880 1:0 12141
11919 11070 1:0 12096
11919 11064 1:0 12122
11919 11055 1:0 12170
11928 11063 1:0 12149
11928 11057 1:0 12154
11928 10876 1:0 12170
11928 11054 1:0 12178
11934 11053 1:0 12177
11936 11051 1:0 12181
11967 11052 1:0 12188
12049 11050 1:0 12198
12049 11044 1:0 12203
12049 11039 1:0 12218
12049 339 1:0 12221
12050 10883 1:0 12197
12050 11031 1:0 12223
12050 11035 1:0 12223
12050 11038 1:0 12223
12050 11037 1:0 12223
12050 10991 1:0 12272
12059 11030 1:0 12280
12059 11024 1:0 12285
12059 11017 1:0 12301
12059 11022 1:0 12301
12065 11020 1:0 12308
12086 11021 1:0 12309
12098 11018 1:0 12312
12180 11019 1:0 12319
12181 13 1:0 12323
12181 10997 1:0 12324
12181 11006 1:0 12325
12181 11011 1:0 12326
12190 11002 1:0 12354
12190 10998 1:0 12354
12190 11004 1:0 12354
12190 11005 1:0 12354
12190 13205 1:0 12434
12196 13203 1:0 12441
12216 13204 1:0 12442
12217 6157 1:0 12626
12229 6152 1:0 12605
12311 13202 1:0 12452
12312 6153 1:0 12606
12312 6154 1:0 12615
12312 13172 1:0 12655
12321 6155 1:0 12616
12321 6156 1:0 12625
12321 13171 1:0 12663
12327 13170 1:0 12662
12347 13169 1:0 12673
12348 6300 1:0 12827
12360 6299 1:0 12826
12360 6301 1:0 12836
12444 13139 1:0 12876
12445 6302 1:0 12837
12445 6303 1:0 12846
12445 6304 1:0 12847
12445 6446 1:0 13047
12445 6447 1:0 13048
12454 13137 1:0 12883
12454 13138 1:0 12884
12460 13136 1:0 12894
12473 339 21:0 12487
12481 13106 1:0 13097
12493 6448 1:0 13057
12493 6449 1:0 13058
12534 6450 1:0 13067
12534 6451 1:0 13068
12563 13104 1:0 13104
12613 6598 1:0 13289
12623 6593 1:0 13268
12632 6157 21:0 12657
12655 6155 0:0 12657
12656 6156 0:0 12657
12656 6152 0:0 12657
12656 6154 0:0 12657
12656 6153 0:0 12657
12665 13105 1:0 13105
12666 13103 1:0 13115
12666 6594 1:0 13269
12666 6595 1:0 13278
12675 6596 1:0 13279
12675 6597 1:0 13288
12675 13073 1:0 13318
12681 13072 1:0 13326
12681 13069 1:0 13329
12702 13071 1:0 13325
12755 13070 1:0 13336
12768 6745 1:0 13510
12785 13040 1:0 13539
12834 6740 1:0 13489
12842 6300 21:0 12878
12844 6741 1:0 13490
12877 6304 0:0 12878
12877 6299 0:0 12878
12877 6303 0:0 12878
12877 6301 0:0 12878
12877 6302 0:0 12878
12886 13042 1:0 13433
12886 6742 1:0 13499
12886 6743 1:0 13500
12886 6744 1:0 13509
12887 13039 1:0 13547
12887 6890 1:0 13721
12896 13038 1:0 13546
12896 13037 1:0 13557
12896 13023 1:0 13596
12902 6887 1:0 13710
12902 6888 1:0 13711
12922 13007 1:0 13760
12923 6889 1:0 13720
12935 6891 1:0 13730
12935 6892 1:0 13731
13004 13005 1:0 13767
13055 13006 1:0 13768
13063 6447 21:0 13099
13098 6448 0:0 13099
13098 6450 0:0 13099
13098 6446 0:0 13099
13098 6451 0:0 13099
13098 6449 0:0 13099
13107 13004 1:0 13778
13107 13002 1:0 13788
13108 7034 1:0 13931
13108 7035 1:0 13932
13108 12974 1:0 13981
13117 12982 1:0 13870
13117 7036 1:0 13941
13117 7037 1:0 13942
13117 7038 1:0 13951
13117 7039 1:0 13952
13123 12972 1:0 13988
13128 12973 1:0 13989
13143 12970 1:0 13992
13197 12971 1:0 13999
13205 12963 1:0 14014
13210 7182 1:0 14153
13225 7181 1:0 14152
13226 12943 1:0 14096
13226 7183 1:0 14162
13276 7184 1:0 14163
13286 7185 1:0 14172
13295 6598 21:0 13320
13318 6595 0:0 13320
13319 6596 0:0 13320
13319 6593 0:0 13320
13319 6597 0:0 13320
13319 6594 0:0 13320
13328 12941 1:0 14202
13329 7186 1:0 14173
13329 12939 1:0 14209
13329 12937 1:0 14213
13338 12940 1:0 14210
13338 12938 1:0 14220
13344 12925 1:0 14250
13344 12924 1:0 14259
13344 12917 1:0 14285
13346 12923 1:0 14259
13349 7333 1:0 14394
13364 7328 1:0 14373
13365 7329 1:0 14374
13377 12910 1:0 14317
13431 12908 1:0 14423
13446 7330 1:0 14383
13447 7331 1:0 14384
13447 7332 1:0 14393
13516 6745 21:0 13541
13539 6744 0:0 13541
13540 6742 0:0 13541
13540 6743 0:0 13541
13540 6740 0:0 13541
13540 6741 0:0 13541
13549 12907 1:0 14431
13550 12906 1:0 14430
13550 12904 1:0 14434
13550 12905 1:0 14441
13559 12903 1:0 14451
13559 12897 1:0 14456
13559 12890 1:0 14480
13559 12891 1:0 14480
13559 7475 1:0 14594
13559 7476 1:0 14595
13559 7477 1:0 14604
13565 12875 1:0 14644
13567 7478 1:0 14605
13570 7479 1:0 14614
13585 7480 1:0 14615
13639 12874 1:0 14652
13668 12873 1:0 14651
13727 6890 21:0 13762
13728 12872 1:0 14662
13761 6892 0:0 13762
13761 6891 0:0 13762
13761 6887 0:0 13762
13761 6889 0:0 13762
13761 6888 0:0 13762
13770 12864 1:0 14677
13770 12859 1:0 14692
13770 12858 1:0 14701
13770 7627 1:0 14836
13771 7622 1:0 14815
13771 7623 1:0 14816
13771 12842 1:0 14865
13780 12850 1:0 14754
13780 12844 1:0 14759
13780 7624 1:0 14825
13780 7625 1:0 14826
13780 7626 1:0 14835
13786 12840 1:0 14872
13791 12841 1:0 14873
13806 12838 1:0 14876
13860 12839 1:0 14883
13868 12826 1:0 14913
13873 12831 1:0 14898
13888 12824 1:0 14922
13889 7770 1:0 15037
13889 7774 1:0 15057
13939 7769 1:0 15036
13947 7034 21:0 13983
13949 7771 1:0 15046
13981 7035 0:0 13983
13982 7039 0:0 13983
13982 7036 0:0 13983
13982 7038 0:0 13983
13982 7037 0:0 13983
13991 12809 1:0 15086
13992 7772 1:0 15047
13992 7773 1:0 15056
13992 12807 1:0 15093
14001 12808 1:0 15094
14001 12806 1:0 15104
14009 12776 1:0 15307
14012 12793 1:0 15110
14027 12791 1:0 15139
14028 12785 1:0 15139
14040 12789 1:0 15139
14040 7919 1:0 15268
14081 7920 1:0 15193
14081 7916 1:0 15193
14094 12784 1:0 15192
14109 7917 1:0 15192
14110 7921 1:0 15193
14110 7918 1:0 15193
14111 12772 1:0 15318
14168 7182 21:0 14204
14202 7183 0:0 14204
14203 7184 0:0 14204
14203 7181 0:0 14204
14203 7186 0:0 14204
14203 7185 0:0 14204
14212 12774 1:0 15314
14213 12775 1:0 15315
14213 12773 1:0 15325
14222 12771 1:0 15335
14222 12765 1:0 15340
14222 12760 1:0 15355
14222 12759 1:0 15364
14222 12758 1:0 15364
14222 12756 1:0 15364
14222 12751 1:0 15417
14222 8063 1:0 15478
14228 12745 1:0 15422
14228 8064 1:0 15479
14248 12743 1:0 15528
14249 8065 1:0 15488
14261 8066 1:0 15489
14261 8067 1:0 15498
14302 8068 1:0 15499
14331 12741 1:0 15535
14331 12739 1:0 15539
14400 7333 21:0 14425
14423 7330 0:0 14425
14424 7329 0:0 14425
14424 7328 0:0 14425
14424 7332 0:0 14425
14424 7331 0:0 14425
14433 12742 1:0 15536
14434 12740 1:0 15546
14434 12732 1:0 15561
14434 12727 1:0 15576
14434 12725 1:0 15585
14434 12723 1:0 15585
14443 12726 1:0 15585
14443 12719 1:0 15611
14443 8210 1:0 15699
14443 8211 1:0 15700
14443 8212 1:0 15709
14443 8213 1:0 15710
14449 12718 1:0 15638
14449 12710 1:0 15749
14451 8214 1:0 15719
14454 8215 1:0 15720
14482 12708 1:0 15756
14551 12709 1:0 15757
14602 12707 1:0 15767
14610 7475 21:0 14646
14612 12705 1:0 15777
14645 7480 0:0 14646
14645 7477 0:0 14646
14645 7479 0:0 14646
14645 7476 0:0 14646
14645 7478 0:0 14646
14654 12699 1:0 15782
14654 12690 1:0 15806
14654 12693 1:0 15806
14654 12692 1:0 15806
14655 12685 1:0 15859
14655 12679 1:0 15864
14655 8357 1:0 15920
14655 8358 1:0 15921
14655 8359 1:0 15930
14655 8362 1:0 15941
14664 8360 1:0 15931
14664 8361 1:0 15940
14664 12677 1:0 15970
14670 12675 1:0 15977
14690 12676 1:0 15978
14691 12673 1:0 15981
14744 12674 1:0 15988
14757 12666 1:0 16003
14772 12672 1:0 15998
14773 12661 1:0 16018
14773 12659 1:0 16027
14774 12653 1:0 16053
14823 12657 1:0 16027
14833 12660 1:0 16027
14842 7627 21:0 14867
14865 7624 0:0 14867
14866 7625 0:0 14867
14866 7626 0:0 14867
14866 7623 0:0 14867
14866 7622 0:0 14867
14875 8504 1:0 16141
14875 8505 1:0 16142
14875 8506 1:0 16151
14875 8507 1:0 16152
14876 12652 1:0 16080
14876 12646 1:0 16085
14876 12644 1:0 16191
14885 8508 1:0 16161
14885 8509 1:0 16162
14885 12642 1:0 16198
14891 12643 1:0 16199
14891 12640 1:0 16202
14912 12641 1:0 16209
14924 12639 1:0 16219
14924 12626 1:0 16239
14965 12620 1:0 16274
14973 12624 1:0 16248
14978 8653 1:0 16372
14993 8652 1:0 16363
14994 12619 1:0 16301
14994 8651 1:0 16362
15044 8654 1:0 16373
15054 8655 1:0 16382
15063 7774 21:0 15088
15086 7772 0:0 15088
15087 7770 0:0 15088
15087 7769 0:0 15088
15087 7771 0:0 15088
15087 7773 0:0 15088
15096 8656 1:0 16383
15274 7919 21:0 15309
15307 7917 0:0 15309
15307 7918 0:0 15309
15307 7916 0:0 15309
15307 7920 0:0 15309
15308 7921 0:0 15309
15494 8063 21:0 15530
15528 8064 0:0 15530
15529 8068 0:0 15530
15529 8067 0:0 15530
15529 8065 0:0 15530
15529 8066 0:0 15530
15716 8213 21:0 15751
15749 8211 0:0 15751
15750 8210 0:0 15751
15750 8214 0:0 15751
15750 8215 0:0 15751
15750 8212 0:0 15751
15947 8362 21:0 15972
15970 8357 0:0 15972
15971 8359 0:0 15972
15971 8360 0:0 15972
15971 8361 0:0 15972
15971 8358 0:0 15972
16161 8506 21:0 16193
16192 8509 0:0 16193
16192 8505 0:0 16193
16192 8507 0:0 16193
16192 8508 0:0 16193
16192 8504 0:0 16193
16382 8653 21:0 60
